File: ,F:\PostGraduation\Project\Manashi\ThermalDatabase\Malignant\P0223\P0223.jpg

Frame 1,22.363,22.356,22.348,22.348,22.34,22.356,22.348,22.302,22.302,22.286,22.286,22.232,22.286,22.247,22.24,22.286,22.302,22.309,22.325,22.34,22.332,22.332,22.325,22.332,22.332,22.34,22.356,22.379,22.379,22.356,22.34,22.363,22.363,22.433,22.363,22.441,22.387,22.394,22.371,22.371,22.348,22.41,22.379,22.387,22.379,22.402,22.418,22.418,22.456,22.456,22.433,22.425,22.41,22.425,22.41,22.41,22.425,22.425,22.456,22.472,22.449,22.449,22.449,22.449,22.456,22.518,22.51,22.456,22.487,22.479,22.464,22.456,22.449,22.449,22.464,22.479,22.495,22.51,22.472,22.495,22.495,22.418,22.518,22.534,22.518,22.518,22.549,22.518,22.526,22.487,22.534,22.541,22.526,22.534,22.51,22.51,22.518,22.541,22.526,22.564,22.534,22.564,22.503,22.518,22.503,22.51,22.518,22.58,22.541,22.557,22.564,22.541,22.58,22.549,22.549,22.541,22.534,22.503,22.534,22.541,22.541,22.557,22.588,22.588,22.58,22.564,22.572,22.572,22.549,22.541,22.541,22.526,22.534,22.549,22.557,22.572,22.58,22.595,22.572,22.564,22.58,22.557,22.541,22.534,22.526,22.541,22.549,22.557,22.549,22.572,22.572,22.564,22.603,22.595,22.603,22.588,22.58,22.588,22.595,22.588,22.564,22.58,22.58,22.572,22.58,22.58,22.603,22.603,22.611,22.619,22.611,22.603,22.619,22.603,22.619,22.642,22.642,22.649,22.642,22.642,22.603,22.611,22.603,22.588,22.58,22.588,22.58,22.572,22.572,22.572,22.564,22.588,22.58,22.572,22.58,22.619,22.603,22.549,22.626,22.58,22.611,22.588,22.611,22.588,22.588,22.564,22.549,22.549,22.541,22.572,22.603,22.619,22.611,22.611,22.588,22.518,22.595,22.588,22.588,22.588,22.564,22.541,22.557,22.549,22.564,22.588,22.564,22.564,22.557,22.549,22.564,22.588,22.595,22.611,22.611,22.595,22.611,22.572,22.564,22.58,22.564,22.557,22.557,22.572,22.564,22.572,22.557,22.564,22.549,22.534,22.526,22.534,22.541,22.557,22.557,22.58,22.541,22.549,22.572,22.51,22.503,22.518,22.51,22.526,22.541,22.526,22.541,22.564,22.541,22.557,22.557,22.541,22.541,22.51,22.51,22.534,22.51,22.518,22.51,22.564,22.564,22.572,22.564,22.534,22.572,22.572,22.557,22.534,22.541,22.534,22.518,22.526,22.526,22.51,22.487,22.518,22.51,22.557,22.541,22.541,22.588,22.58,22.58,22.58,22.572,22.564,22.564,22.572,22.588,22.619,22.595,22.588,22.58,22.588,22.58,22.595,22.588,22.595,22.595,22.588,22.611,22.603,22.626,22.611,22.588,22.588,22.588,22.564,22.557,22.557,22.549,22.549,22.549,22.541,22.534,22.534,22.541,22.526,22.564,22.534,22.549,22.549,22.534,22.557,22.51,22.526,22.534,22.534,22.518,22.557,22.534,22.588,22.526,22.534,22.564,22.526,22.526,22.518,22.495,22.503,22.503,22.495,22.518,22.495,22.51,22.51,22.487,22.479,22.456,22.464,22.479,22.479,22.51,22.534,22.479,22.51,22.534,22.541,22.549,22.541,22.549,22.503,22.51,22.495,22.495,22.503,22.487,22.503,22.495,22.487,22.487,22.503,22.518,22.51,22.541,22.495,22.456,22.51,22.433,22.433,22.425,22.449,22.472,22.479,22.495,22.518,22.549,22.487,22.526,22.534,22.503,22.534,22.518,22.526,22.518,22.526,22.518,22.526,22.534,22.534,22.549,22.526,22.518,22.534,22.541,22.541,22.541,22.534,22.518,22.495,22.503,22.518,22.534,22.526,22.526,22.518,22.526,22.534,22.534,22.518,22.549,22.549,22.58,22.557,22.564,22.58,22.564,22.58,22.58,22.557,22.572,22.572,22.588,22.626,22.626,22.603,22.588,22.595,22.58,22.58,22.58,22.541,22.549,22.557,22.588,22.557,22.634,22.626,22.603,22.603,22.588,22.595,22.619,22.634,22.626,22.588,22.595,22.595,22.626,22.626,22.626,22.603,22.634,22.603,22.619,22.588,22.603,22.603,22.611,22.611,22.611,22.595,22.534,22.549,22.541,22.534,22.541,22.549,22.572,22.557,22.541,22.526,22.526,22.534,22.541,22.534,22.518,22.518,22.51,22.526,22.503,22.503,22.518,22.541,22.526,22.51,22.518,22.487,22.534,22.51,22.526,22.549,22.518,22.526,22.503,22.495,22.518,22.534,22.526,22.518,22.503,22.479,22.464,22.456,22.449,22.449,22.456,22.472,22.464,22.464,22.495,22.464,22.495,22.564,22.518,22.518,22.487,22.456,22.479,22.449,22.472,22.456,22.472,22.464,22.51,22.472,22.464,22.472,22.472,22.472,22.456,22.472,22.464,22.456,22.456,22.456,22.456,22.472,22.456,22.495,22.503,22.472,22.456,22.464,22.41,22.433,22.441,22.433,22.464,22.464,22.479,22.479,22.487,22.472,22.487,22.495,22.479,22.479,22.449,22.472,22.472,22.464,22.464,22.441,22.425,22.456,22.472,22.472,22.479,22.503,22.449,22.433,22.433,22.441,22.464,22.456,22.479,22.487,22.479,22.51,22.464,22.456,22.449,22.449,22.441,22.441,22.433,22.425,22.418,22.472,22.449,22.449,22.449,22.449,22.487,22.518,22.441,22.541,22.51,22.518,22.51,22.518,22.534,22.503,22.534,22.518,22.526,22.526,22.503,22.534
,22.363,22.34,22.363,22.348,22.356,22.363,22.332,22.34,22.325,22.286,22.278,22.263,22.247,22.278,22.294,22.286,22.309,22.302,22.317,22.325,22.325,22.325,22.325,22.325,22.325,22.34,22.348,22.402,22.348,22.379,22.379,22.348,22.379,22.371,22.379,22.402,22.418,22.363,22.379,22.363,22.387,22.379,22.356,22.379,22.425,22.394,22.456,22.433,22.433,22.464,22.464,22.449,22.433,22.387,22.41,22.418,22.418,22.41,22.41,22.464,22.441,22.441,22.433,22.456,22.456,22.433,22.51,22.503,22.487,22.479,22.464,22.456,22.464,22.433,22.449,22.464,22.479,22.495,22.479,22.464,22.472,22.503,22.503,22.503,22.518,22.51,22.534,22.479,22.479,22.526,22.503,22.549,22.541,22.518,22.503,22.518,22.51,22.526,22.534,22.518,22.503,22.526,22.51,22.51,22.51,22.549,22.518,22.541,22.541,22.564,22.557,22.534,22.541,22.541,22.534,22.487,22.534,22.526,22.518,22.518,22.518,22.557,22.549,22.572,22.549,22.588,22.588,22.611,22.557,22.557,22.526,22.526,22.534,22.541,22.557,22.549,22.572,22.58,22.572,22.564,22.564,22.541,22.557,22.534,22.526,22.541,22.526,22.549,22.557,22.564,22.564,22.588,22.588,22.588,22.588,22.595,22.572,22.564,22.572,22.58,22.58,22.564,22.549,22.534,22.526,22.572,22.588,22.611,22.603,22.603,22.595,22.595,22.611,22.611,22.619,22.611,22.619,22.642,22.626,22.626,22.603,22.595,22.588,22.564,22.58,22.58,22.58,22.58,22.58,22.588,22.564,22.588,22.572,22.588,22.572,22.595,22.58,22.611,22.588,22.557,22.588,22.619,22.588,22.626,22.58,22.549,22.588,22.557,22.557,22.572,22.603,22.595,22.572,22.588,22.518,22.549,22.58,22.58,22.588,22.564,22.549,22.549,22.534,22.549,22.58,22.557,22.549,22.557,22.557,22.564,22.572,22.572,22.595,22.603,22.595,22.595,22.611,22.58,22.588,22.564,22.58,22.58,22.588,22.588,22.58,22.572,22.572,22.564,22.549,22.534,22.534,22.526,22.518,22.572,22.549,22.58,22.58,22.557,22.534,22.495,22.495,22.495,22.51,22.518,22.534,22.549,22.564,22.534,22.534,22.526,22.557,22.557,22.557,22.518,22.526,22.526,22.518,22.51,22.534,22.518,22.526,22.557,22.541,22.572,22.549,22.572,22.557,22.541,22.534,22.526,22.518,22.503,22.518,22.495,22.479,22.503,22.487,22.534,22.549,22.549,22.557,22.557,22.572,22.572,22.572,22.572,22.557,22.572,22.58,22.588,22.588,22.595,22.572,22.58,22.58,22.58,22.58,22.572,22.58,22.58,22.58,22.58,22.595,22.588,22.564,22.564,22.557,22.549,22.541,22.557,22.549,22.549,22.534,22.534,22.534,22.534,22.534,22.526,22.549,22.549,22.541,22.549,22.572,22.564,22.549,22.518,22.534,22.526,22.526,22.534,22.526,22.549,22.541,22.495,22.549,22.534,22.526,22.526,22.487,22.51,22.495,22.503,22.51,22.518,22.541,22.534,22.472,22.51,22.464,22.495,22.518,22.503,22.495,22.503,22.487,22.526,22.518,22.534,22.526,22.541,22.534,22.503,22.526,22.503,22.495,22.534,22.518,22.503,22.503,22.503,22.487,22.495,22.487,22.479,22.472,22.456,22.518,22.464,22.449,22.456,22.449,22.456,22.464,22.495,22.518,22.541,22.518,22.487,22.487,22.472,22.495,22.51,22.51,22.518,22.526,22.503,22.51,22.518,22.534,22.534,22.534,22.541,22.526,22.534,22.526,22.534,22.534,22.534,22.51,22.503,22.472,22.503,22.518,22.51,22.526,22.526,22.518,22.518,22.534,22.518,22.541,22.534,22.564,22.541,22.564,22.541,22.564,22.572,22.572,22.588,22.588,22.588,22.58,22.588,22.611,22.595,22.572,22.595,22.588,22.572,22.557,22.557,22.51,22.557,22.572,22.603,22.603,22.595,22.595,22.588,22.595,22.603,22.595,22.595,22.611,22.611,22.588,22.588,22.588,22.611,22.657,22.642,22.611,22.588,22.611,22.588,22.595,22.611,22.619,22.611,22.611,22.595,22.564,22.518,22.487,22.526,22.518,22.588,22.564,22.564,22.541,22.526,22.534,22.518,22.534,22.526,22.503,22.495,22.534,22.487,22.487,22.518,22.51,22.534,22.518,22.534,22.479,22.433,22.51,22.518,22.518,22.503,22.495,22.487,22.487,22.503,22.503,22.503,22.518,22.487,22.495,22.487,22.433,22.456,22.456,22.441,22.456,22.456,22.464,22.479,22.464,22.495,22.487,22.534,22.503,22.518,22.472,22.464,22.449,22.456,22.449,22.433,22.449,22.479,22.464,22.472,22.472,22.472,22.456,22.456,22.464,22.472,22.433,22.479,22.456,22.441,22.479,22.464,22.449,22.503,22.464,22.487,22.472,22.425,22.441,22.433,22.449,22.472,22.479,22.472,22.479,22.464,22.464,22.464,22.472,22.479,22.456,22.479,22.464,22.456,22.479,22.464,22.433,22.449,22.41,22.449,22.464,22.487,22.503,22.464,22.464,22.425,22.418,22.441,22.464,22.449,22.487,22.51,22.479,22.495,22.41,22.449,22.402,22.394,22.425,22.441,22.433,22.425,22.433,22.41,22.418,22.418,22.456,22.425,22.534,22.402,22.526,22.487,22.495,22.503,22.51,22.518,22.503,22.51,22.518,22.51,22.534,22.541,22.518,22.526
,22.356,22.348,22.356,22.371,22.325,22.332,22.332,22.325,22.309,22.294,22.294,22.278,22.286,22.286,22.278,22.302,22.302,22.325,22.34,22.325,22.325,22.34,22.317,22.317,22.325,22.332,22.348,22.363,22.371,22.348,22.34,22.332,22.402,22.387,22.433,22.371,22.363,22.371,22.379,22.356,22.348,22.379,22.356,22.418,22.394,22.363,22.418,22.449,22.425,22.449,22.425,22.394,22.418,22.387,22.425,22.418,22.418,22.433,22.433,22.418,22.402,22.433,22.425,22.441,22.495,22.518,22.51,22.503,22.495,22.487,22.464,22.456,22.456,22.464,22.456,22.441,22.495,22.464,22.487,22.479,22.433,22.479,22.51,22.503,22.51,22.51,22.51,22.449,22.479,22.518,22.518,22.534,22.526,22.518,22.518,22.51,22.526,22.541,22.541,22.549,22.51,22.534,22.487,22.495,22.526,22.51,22.534,22.564,22.572,22.541,22.588,22.564,22.557,22.541,22.526,22.534,22.518,22.518,22.518,22.534,22.526,22.557,22.572,22.564,22.572,22.58,22.549,22.58,22.557,22.549,22.534,22.541,22.541,22.549,22.564,22.557,22.572,22.541,22.58,22.564,22.541,22.564,22.557,22.549,22.541,22.534,22.549,22.549,22.564,22.557,22.572,22.557,22.595,22.58,22.564,22.595,22.58,22.534,22.557,22.557,22.564,22.564,22.557,22.58,22.588,22.557,22.588,22.603,22.603,22.619,22.588,22.588,22.611,22.572,22.611,22.626,22.619,22.626,22.634,22.626,22.619,22.603,22.588,22.58,22.572,22.588,22.588,22.572,22.595,22.564,22.557,22.595,22.58,22.58,22.58,22.611,22.557,22.611,22.564,22.557,22.603,22.58,22.619,22.619,22.619,22.549,22.549,22.534,22.557,22.572,22.588,22.619,22.603,22.595,22.572,22.572,22.58,22.588,22.588,22.564,22.557,22.557,22.541,22.549,22.557,22.557,22.564,22.557,22.564,22.557,22.595,22.603,22.588,22.595,22.595,22.595,22.603,22.595,22.58,22.58,22.58,22.603,22.588,22.564,22.572,22.58,22.572,22.572,22.549,22.534,22.534,22.518,22.549,22.557,22.564,22.564,22.541,22.549,22.518,22.487,22.503,22.503,22.51,22.541,22.549,22.541,22.549,22.549,22.534,22.534,22.526,22.534,22.564,22.564,22.534,22.534,22.526,22.518,22.51,22.51,22.541,22.557,22.557,22.557,22.564,22.549,22.549,22.557,22.541,22.51,22.518,22.51,22.541,22.51,22.534,22.487,22.51,22.541,22.534,22.557,22.564,22.572,22.572,22.557,22.557,22.557,22.564,22.572,22.588,22.611,22.588,22.588,22.549,22.557,22.557,22.564,22.572,22.557,22.564,22.572,22.588,22.603,22.588,22.588,22.557,22.572,22.549,22.534,22.534,22.541,22.534,22.526,22.526,22.518,22.526,22.534,22.549,22.526,22.58,22.557,22.564,22.58,22.572,22.564,22.503,22.534,22.534,22.518,22.541,22.526,22.534,22.534,22.518,22.541,22.549,22.495,22.541,22.518,22.479,22.503,22.51,22.534,22.541,22.526,22.51,22.526,22.487,22.495,22.503,22.51,22.518,22.503,22.518,22.518,22.487,22.495,22.503,22.534,22.503,22.549,22.518,22.51,22.495,22.503,22.518,22.518,22.526,22.534,22.495,22.487,22.495,22.487,22.479,22.487,22.487,22.464,22.479,22.456,22.456,22.449,22.441,22.441,22.487,22.487,22.534,22.495,22.503,22.518,22.51,22.464,22.495,22.51,22.526,22.534,22.518,22.518,22.503,22.526,22.526,22.526,22.549,22.541,22.534,22.534,22.541,22.534,22.526,22.526,22.518,22.518,22.51,22.518,22.518,22.518,22.518,22.534,22.51,22.534,22.518,22.518,22.526,22.518,22.557,22.541,22.557,22.564,22.572,22.595,22.58,22.572,22.58,22.588,22.634,22.603,22.649,22.619,22.619,22.603,22.595,22.572,22.58,22.564,22.526,22.557,22.549,22.588,22.611,22.603,22.626,22.619,22.603,22.603,22.603,22.619,22.541,22.58,22.58,22.619,22.619,22.626,22.611,22.611,22.611,22.595,22.595,22.634,22.611,22.619,22.588,22.58,22.595,22.572,22.58,22.557,22.503,22.518,22.557,22.541,22.557,22.541,22.534,22.534,22.534,22.534,22.526,22.534,22.503,22.51,22.464,22.51,22.518,22.541,22.51,22.518,22.518,22.518,22.503,22.487,22.518,22.51,22.518,22.518,22.534,22.518,22.503,22.487,22.518,22.51,22.51,22.503,22.51,22.487,22.449,22.449,22.441,22.433,22.456,22.464,22.464,22.456,22.472,22.464,22.51,22.456,22.534,22.541,22.503,22.518,22.441,22.464,22.472,22.456,22.472,22.456,22.456,22.456,22.456,22.449,22.449,22.449,22.441,22.441,22.449,22.433,22.441,22.449,22.449,22.449,22.495,22.472,22.456,22.449,22.441,22.441,22.433,22.425,22.418,22.433,22.51,22.472,22.449,22.449,22.433,22.456,22.456,22.495,22.479,22.472,22.503,22.487,22.464,22.456,22.449,22.472,22.449,22.456,22.495,22.495,22.503,22.503,22.464,22.464,22.41,22.425,22.464,22.418,22.495,22.479,22.472,22.495,22.534,22.472,22.418,22.41,22.425,22.433,22.449,22.464,22.425,22.425,22.441,22.449,22.441,22.41,22.441,22.402,22.487,22.487,22.51,22.495,22.503,22.518,22.503,22.487,22.503,22.518,22.541,22.534,22.534,22.549
,22.325,22.348,22.348,22.332,22.332,22.309,22.332,22.309,22.325,22.34,22.294,22.294,22.286,22.325,22.317,22.317,22.34,22.317,22.317,22.363,22.348,22.34,22.325,22.317,22.325,22.325,22.325,22.34,22.325,22.332,22.348,22.348,22.34,22.402,22.356,22.363,22.356,22.379,22.387,22.34,22.418,22.371,22.387,22.425,22.425,22.41,22.402,22.402,22.418,22.425,22.425,22.425,22.441,22.449,22.433,22.441,22.425,22.433,22.456,22.425,22.472,22.441,22.464,22.472,22.456,22.503,22.503,22.495,22.479,22.472,22.472,22.472,22.464,22.464,22.487,22.472,22.487,22.479,22.472,22.456,22.479,22.464,22.495,22.518,22.51,22.495,22.503,22.464,22.51,22.51,22.549,22.518,22.557,22.518,22.51,22.518,22.503,22.518,22.526,22.526,22.526,22.503,22.495,22.526,22.526,22.526,22.534,22.557,22.526,22.564,22.549,22.564,22.564,22.541,22.518,22.495,22.518,22.51,22.51,22.518,22.526,22.549,22.557,22.557,22.572,22.541,22.549,22.564,22.534,22.518,22.541,22.534,22.534,22.549,22.557,22.557,22.549,22.549,22.534,22.572,22.564,22.564,22.564,22.541,22.549,22.572,22.572,22.572,22.564,22.572,22.541,22.564,22.572,22.557,22.58,22.572,22.564,22.557,22.557,22.557,22.557,22.557,22.526,22.564,22.503,22.564,22.595,22.595,22.619,22.619,22.595,22.595,22.588,22.595,22.611,22.603,22.626,22.611,22.595,22.603,22.603,22.588,22.572,22.564,22.564,22.58,22.58,22.557,22.557,22.534,22.541,22.557,22.588,22.595,22.611,22.588,22.541,22.572,22.595,22.588,22.588,22.572,22.588,22.603,22.595,22.572,22.572,22.572,22.549,22.572,22.58,22.595,22.603,22.588,22.588,22.595,22.588,22.564,22.564,22.557,22.557,22.549,22.541,22.541,22.549,22.557,22.549,22.557,22.557,22.58,22.588,22.595,22.58,22.564,22.58,22.588,22.595,22.572,22.58,22.588,22.595,22.588,22.58,22.557,22.58,22.58,22.572,22.588,22.557,22.549,22.541,22.534,22.534,22.549,22.526,22.564,22.534,22.526,22.503,22.479,22.487,22.495,22.526,22.526,22.518,22.526,22.526,22.526,22.534,22.541,22.526,22.518,22.518,22.534,22.526,22.526,22.518,22.534,22.503,22.518,22.51,22.541,22.549,22.549,22.557,22.534,22.557,22.518,22.526,22.51,22.526,22.541,22.526,22.541,22.549,22.518,22.557,22.534,22.534,22.557,22.557,22.557,22.557,22.557,22.549,22.549,22.557,22.557,22.58,22.58,22.588,22.572,22.534,22.564,22.564,22.557,22.557,22.58,22.557,22.541,22.549,22.58,22.588,22.557,22.564,22.549,22.541,22.518,22.51,22.541,22.518,22.51,22.518,22.518,22.526,22.534,22.541,22.534,22.534,22.541,22.526,22.595,22.557,22.58,22.541,22.526,22.518,22.518,22.518,22.518,22.526,22.549,22.495,22.526,22.503,22.541,22.518,22.51,22.495,22.503,22.518,22.526,22.526,22.51,22.541,22.526,22.526,22.518,22.518,22.51,22.51,22.495,22.495,22.487,22.487,22.518,22.487,22.51,22.518,22.51,22.51,22.495,22.503,22.503,22.495,22.503,22.495,22.51,22.487,22.518,22.495,22.503,22.495,22.495,22.472,22.479,22.472,22.456,22.449,22.449,22.441,22.464,22.456,22.503,22.479,22.479,22.534,22.495,22.472,22.479,22.487,22.51,22.526,22.526,22.534,22.526,22.503,22.51,22.541,22.518,22.526,22.541,22.541,22.534,22.534,22.51,22.518,22.51,22.518,22.518,22.526,22.534,22.503,22.503,22.526,22.534,22.526,22.518,22.534,22.526,22.526,22.541,22.534,22.526,22.549,22.557,22.58,22.557,22.564,22.58,22.58,22.588,22.595,22.619,22.611,22.595,22.603,22.619,22.588,22.572,22.58,22.588,22.557,22.572,22.588,22.588,22.603,22.642,22.603,22.611,22.603,22.595,22.603,22.58,22.611,22.603,22.58,22.588,22.595,22.603,22.619,22.564,22.595,22.564,22.58,22.588,22.642,22.603,22.619,22.58,22.557,22.526,22.549,22.557,22.549,22.495,22.534,22.526,22.526,22.526,22.518,22.526,22.541,22.534,22.526,22.51,22.503,22.479,22.449,22.464,22.51,22.487,22.526,22.518,22.518,22.534,22.487,22.518,22.534,22.526,22.518,22.518,22.518,22.518,22.503,22.526,22.51,22.518,22.51,22.487,22.487,22.456,22.472,22.456,22.425,22.441,22.441,22.464,22.464,22.449,22.472,22.456,22.441,22.472,22.464,22.464,22.456,22.503,22.433,22.449,22.441,22.441,22.449,22.472,22.456,22.449,22.456,22.433,22.449,22.449,22.41,22.41,22.402,22.418,22.433,22.433,22.464,22.449,22.425,22.418,22.425,22.441,22.433,22.402,22.41,22.456,22.418,22.433,22.433,22.534,22.449,22.418,22.418,22.449,22.456,22.441,22.503,22.487,22.441,22.449,22.472,22.456,22.433,22.441,22.456,22.472,22.464,22.51,22.449,22.456,22.464,22.441,22.456,22.441,22.41,22.441,22.418,22.472,22.472,22.487,22.464,22.472,22.441,22.425,22.418,22.456,22.456,22.456,22.449,22.425,22.425,22.433,22.464,22.441,22.425,22.503,22.472,22.479,22.495,22.503,22.495,22.51,22.518,22.526,22.487,22.526,22.549,22.534,22.572,22.595
,22.348,22.34,22.34,22.325,22.294,22.309,22.294,22.309,22.356,22.332,22.317,22.302,22.332,22.302,22.348,22.332,22.356,22.34,22.332,22.286,22.332,22.34,22.317,22.317,22.325,22.325,22.332,22.348,22.34,22.294,22.34,22.34,22.356,22.363,22.379,22.379,22.356,22.41,22.394,22.348,22.387,22.41,22.371,22.34,22.418,22.379,22.348,22.402,22.418,22.41,22.433,22.418,22.433,22.425,22.449,22.402,22.402,22.41,22.441,22.387,22.441,22.425,22.449,22.449,22.464,22.487,22.479,22.487,22.472,22.464,22.464,22.487,22.472,22.495,22.456,22.495,22.479,22.495,22.487,22.441,22.479,22.472,22.495,22.487,22.51,22.51,22.503,22.487,22.51,22.495,22.495,22.51,22.541,22.526,22.51,22.51,22.549,22.51,22.526,22.541,22.526,22.534,22.541,22.51,22.541,22.518,22.526,22.534,22.557,22.557,22.595,22.572,22.564,22.534,22.526,22.518,22.518,22.526,22.51,22.534,22.503,22.541,22.534,22.534,22.549,22.549,22.572,22.541,22.534,22.534,22.541,22.541,22.541,22.564,22.557,22.564,22.564,22.549,22.534,22.541,22.564,22.549,22.564,22.549,22.557,22.549,22.549,22.557,22.564,22.572,22.572,22.58,22.549,22.58,22.595,22.572,22.564,22.572,22.557,22.549,22.557,22.549,22.564,22.549,22.557,22.595,22.58,22.595,22.619,22.619,22.588,22.58,22.595,22.58,22.603,22.619,22.603,22.611,22.611,22.611,22.588,22.58,22.572,22.572,22.564,22.564,22.564,22.549,22.534,22.534,22.534,22.534,22.564,22.572,22.526,22.603,22.58,22.564,22.58,22.588,22.588,22.588,22.572,22.603,22.595,22.557,22.564,22.58,22.58,22.58,22.572,22.603,22.595,22.595,22.603,22.588,22.564,22.564,22.572,22.541,22.564,22.541,22.534,22.534,22.534,22.534,22.541,22.557,22.549,22.572,22.595,22.572,22.58,22.572,22.572,22.588,22.58,22.588,22.611,22.603,22.603,22.595,22.572,22.58,22.595,22.588,22.588,22.564,22.572,22.572,22.572,22.534,22.518,22.518,22.534,22.534,22.526,22.518,22.503,22.479,22.503,22.503,22.495,22.51,22.526,22.534,22.541,22.526,22.534,22.534,22.526,22.534,22.526,22.526,22.526,22.518,22.503,22.503,22.503,22.518,22.518,22.518,22.534,22.526,22.557,22.526,22.541,22.526,22.534,22.526,22.534,22.549,22.534,22.549,22.541,22.541,22.526,22.534,22.541,22.541,22.541,22.549,22.549,22.534,22.541,22.549,22.541,22.557,22.58,22.58,22.58,22.58,22.572,22.557,22.557,22.549,22.557,22.541,22.557,22.541,22.58,22.588,22.557,22.564,22.549,22.549,22.549,22.564,22.549,22.541,22.534,22.495,22.51,22.518,22.534,22.526,22.526,22.534,22.541,22.541,22.58,22.557,22.549,22.564,22.549,22.51,22.518,22.51,22.526,22.534,22.534,22.541,22.51,22.58,22.526,22.541,22.526,22.518,22.503,22.503,22.518,22.534,22.534,22.534,22.534,22.534,22.526,22.534,22.503,22.526,22.51,22.526,22.487,22.495,22.487,22.51,22.518,22.51,22.518,22.503,22.526,22.503,22.503,22.503,22.503,22.495,22.51,22.503,22.495,22.487,22.518,22.503,22.495,22.487,22.472,22.449,22.472,22.456,22.464,22.456,22.456,22.456,22.472,22.495,22.495,22.479,22.518,22.495,22.51,22.549,22.549,22.534,22.534,22.534,22.541,22.526,22.51,22.495,22.487,22.503,22.557,22.526,22.534,22.549,22.518,22.534,22.518,22.526,22.526,22.534,22.534,22.526,22.526,22.503,22.526,22.534,22.534,22.549,22.549,22.541,22.534,22.526,22.518,22.534,22.526,22.549,22.572,22.58,22.58,22.564,22.572,22.595,22.58,22.603,22.58,22.603,22.603,22.603,22.595,22.595,22.595,22.588,22.595,22.58,22.572,22.603,22.603,22.595,22.611,22.619,22.595,22.595,22.619,22.603,22.619,22.564,22.564,22.603,22.611,22.611,22.603,22.588,22.595,22.603,22.603,22.619,22.619,22.619,22.603,22.619,22.557,22.564,22.564,22.549,22.534,22.541,22.564,22.526,22.518,22.51,22.518,22.534,22.534,22.534,22.534,22.518,22.495,22.464,22.487,22.51,22.51,22.534,22.541,22.51,22.526,22.518,22.534,22.526,22.487,22.495,22.518,22.518,22.526,22.487,22.51,22.526,22.526,22.526,22.518,22.503,22.487,22.472,22.456,22.487,22.433,22.441,22.464,22.472,22.464,22.456,22.441,22.41,22.441,22.441,22.449,22.479,22.464,22.479,22.456,22.456,22.41,22.425,22.425,22.441,22.441,22.472,22.456,22.456,22.441,22.425,22.433,22.402,22.433,22.433,22.433,22.418,22.425,22.425,22.425,22.441,22.456,22.433,22.441,22.433,22.425,22.433,22.425,22.503,22.487,22.472,22.425,22.441,22.41,22.402,22.433,22.449,22.456,22.479,22.518,22.449,22.472,22.449,22.449,22.464,22.433,22.464,22.464,22.472,22.487,22.495,22.479,22.464,22.449,22.464,22.433,22.394,22.418,22.495,22.456,22.479,22.456,22.433,22.425,22.441,22.441,22.456,22.449,22.449,22.425,22.41,22.433,22.433,22.456,22.464,22.418,22.456,22.495,22.479,22.51,22.51,22.479,22.51,22.503,22.534,22.518,22.526,22.557,22.518,22.619,22.603
,22.363,22.356,22.356,22.317,22.302,22.302,22.294,22.317,22.348,22.317,22.332,22.309,22.325,22.302,22.348,22.325,22.371,22.34,22.379,22.379,22.356,22.363,22.34,22.34,22.332,22.332,22.348,22.34,22.317,22.325,22.332,22.332,22.371,22.363,22.356,22.363,22.363,22.379,22.363,22.41,22.363,22.394,22.41,22.387,22.356,22.394,22.363,22.394,22.41,22.425,22.441,22.418,22.449,22.441,22.418,22.418,22.394,22.41,22.394,22.418,22.441,22.425,22.449,22.449,22.464,22.472,22.456,22.472,22.464,22.464,22.449,22.487,22.464,22.479,22.472,22.456,22.456,22.418,22.503,22.472,22.456,22.479,22.503,22.503,22.526,22.479,22.503,22.479,22.472,22.51,22.534,22.526,22.518,22.526,22.51,22.503,22.51,22.518,22.549,22.495,22.51,22.503,22.557,22.541,22.549,22.526,22.541,22.541,22.549,22.564,22.564,22.611,22.564,22.541,22.526,22.51,22.526,22.526,22.549,22.541,22.541,22.518,22.541,22.541,22.549,22.549,22.549,22.534,22.526,22.526,22.534,22.541,22.549,22.564,22.526,22.557,22.549,22.526,22.534,22.549,22.557,22.557,22.557,22.557,22.541,22.564,22.564,22.572,22.588,22.58,22.595,22.572,22.572,22.619,22.595,22.603,22.526,22.564,22.564,22.541,22.549,22.534,22.541,22.595,22.541,22.572,22.603,22.626,22.595,22.595,22.626,22.58,22.603,22.572,22.588,22.588,22.588,22.603,22.564,22.603,22.603,22.588,22.58,22.58,22.58,22.564,22.557,22.541,22.541,22.534,22.534,22.549,22.572,22.541,22.557,22.572,22.557,22.557,22.58,22.572,22.611,22.603,22.595,22.588,22.595,22.51,22.58,22.58,22.557,22.572,22.564,22.572,22.595,22.595,22.603,22.595,22.564,22.564,22.58,22.549,22.557,22.549,22.541,22.541,22.541,22.534,22.534,22.541,22.518,22.564,22.595,22.572,22.58,22.588,22.572,22.58,22.58,22.603,22.595,22.595,22.588,22.58,22.603,22.595,22.588,22.595,22.58,22.588,22.557,22.549,22.564,22.557,22.557,22.541,22.541,22.526,22.518,22.503,22.495,22.487,22.487,22.503,22.51,22.51,22.518,22.495,22.534,22.526,22.526,22.534,22.518,22.534,22.534,22.51,22.534,22.51,22.487,22.503,22.51,22.51,22.503,22.526,22.541,22.549,22.557,22.534,22.557,22.518,22.534,22.534,22.549,22.557,22.564,22.557,22.557,22.541,22.557,22.526,22.541,22.564,22.557,22.557,22.526,22.526,22.534,22.541,22.557,22.541,22.58,22.564,22.58,22.557,22.534,22.534,22.549,22.518,22.549,22.58,22.564,22.58,22.564,22.58,22.572,22.564,22.549,22.549,22.549,22.534,22.541,22.541,22.51,22.534,22.534,22.526,22.518,22.526,22.526,22.534,22.534,22.526,22.534,22.534,22.518,22.526,22.518,22.51,22.518,22.518,22.526,22.526,22.541,22.549,22.549,22.557,22.557,22.564,22.518,22.51,22.51,22.503,22.51,22.51,22.518,22.534,22.541,22.541,22.534,22.534,22.51,22.495,22.495,22.534,22.51,22.526,22.495,22.518,22.503,22.487,22.495,22.51,22.503,22.495,22.51,22.503,22.503,22.503,22.495,22.495,22.495,22.503,22.487,22.503,22.487,22.487,22.472,22.464,22.464,22.464,22.487,22.479,22.479,22.464,22.464,22.526,22.441,22.464,22.503,22.526,22.51,22.534,22.534,22.526,22.526,22.549,22.557,22.534,22.534,22.503,22.503,22.518,22.518,22.534,22.541,22.549,22.526,22.503,22.526,22.526,22.518,22.534,22.534,22.526,22.534,22.526,22.526,22.534,22.541,22.534,22.549,22.549,22.534,22.549,22.518,22.526,22.541,22.557,22.58,22.564,22.549,22.564,22.564,22.58,22.603,22.611,22.58,22.572,22.564,22.564,22.595,22.611,22.595,22.603,22.572,22.58,22.58,22.564,22.58,22.619,22.603,22.595,22.588,22.603,22.611,22.611,22.58,22.611,22.557,22.626,22.588,22.603,22.595,22.588,22.58,22.603,22.603,22.611,22.634,22.595,22.58,22.642,22.564,22.572,22.541,22.557,22.534,22.564,22.549,22.549,22.518,22.518,22.51,22.518,22.534,22.541,22.534,22.503,22.487,22.456,22.479,22.487,22.51,22.51,22.534,22.541,22.503,22.518,22.495,22.487,22.495,22.518,22.526,22.479,22.526,22.495,22.503,22.51,22.549,22.526,22.526,22.518,22.479,22.464,22.472,22.433,22.441,22.464,22.472,22.479,22.472,22.456,22.433,22.418,22.441,22.449,22.449,22.464,22.472,22.464,22.472,22.456,22.449,22.425,22.433,22.441,22.433,22.441,22.472,22.441,22.441,22.425,22.425,22.41,22.433,22.433,22.441,22.441,22.441,22.425,22.433,22.456,22.441,22.449,22.433,22.402,22.418,22.41,22.433,22.456,22.441,22.418,22.456,22.379,22.464,22.449,22.425,22.449,22.433,22.441,22.495,22.495,22.487,22.441,22.441,22.441,22.449,22.441,22.472,22.479,22.456,22.487,22.479,22.456,22.441,22.433,22.379,22.402,22.418,22.441,22.449,22.464,22.456,22.456,22.41,22.449,22.441,22.425,22.464,22.449,22.456,22.449,22.449,22.487,22.441,22.456,22.472,22.464,22.464,22.495,22.518,22.503,22.487,22.541,22.526,22.518,22.487,22.541,22.534,22.549,22.572,22.588
,22.371,22.356,22.34,22.34,22.317,22.332,22.255,22.348,22.34,22.286,22.348,22.325,22.317,22.325,22.317,22.34,22.41,22.332,22.317,22.371,22.34,22.363,22.34,22.34,22.34,22.363,22.34,22.348,22.34,22.332,22.332,22.348,22.402,22.379,22.348,22.363,22.356,22.371,22.387,22.379,22.379,22.402,22.402,22.441,22.394,22.402,22.356,22.394,22.387,22.433,22.449,22.456,22.464,22.441,22.464,22.41,22.402,22.418,22.433,22.425,22.425,22.456,22.464,22.456,22.449,22.456,22.441,22.456,22.456,22.449,22.449,22.456,22.518,22.487,22.495,22.441,22.503,22.472,22.449,22.464,22.464,22.479,22.503,22.51,22.526,22.518,22.479,22.51,22.503,22.503,22.518,22.518,22.51,22.526,22.518,22.518,22.51,22.51,22.487,22.549,22.549,22.549,22.564,22.534,22.541,22.541,22.534,22.549,22.557,22.58,22.58,22.549,22.588,22.534,22.526,22.51,22.541,22.541,22.526,22.549,22.557,22.549,22.534,22.526,22.534,22.541,22.557,22.518,22.518,22.549,22.534,22.549,22.541,22.549,22.564,22.557,22.557,22.534,22.534,22.557,22.564,22.557,22.557,22.557,22.557,22.564,22.572,22.572,22.588,22.588,22.572,22.572,22.588,22.588,22.588,22.603,22.588,22.572,22.564,22.557,22.572,22.534,22.541,22.557,22.549,22.611,22.619,22.626,22.649,22.626,22.58,22.58,22.588,22.58,22.588,22.588,22.588,22.603,22.603,22.611,22.595,22.595,22.58,22.572,22.572,22.572,22.557,22.557,22.564,22.549,22.541,22.557,22.557,22.58,22.595,22.557,22.557,22.58,22.595,22.595,22.603,22.595,22.588,22.603,22.588,22.595,22.588,22.58,22.572,22.572,22.564,22.572,22.595,22.603,22.595,22.603,22.595,22.588,22.58,22.572,22.588,22.564,22.549,22.557,22.58,22.549,22.557,22.541,22.564,22.549,22.557,22.564,22.564,22.572,22.572,22.58,22.58,22.588,22.588,22.564,22.588,22.588,22.58,22.595,22.603,22.603,22.603,22.572,22.572,22.588,22.534,22.564,22.564,22.557,22.557,22.549,22.518,22.51,22.51,22.487,22.503,22.464,22.503,22.518,22.495,22.526,22.541,22.503,22.518,22.51,22.534,22.526,22.526,22.51,22.503,22.495,22.51,22.51,22.503,22.518,22.526,22.526,22.534,22.549,22.541,22.557,22.541,22.518,22.557,22.564,22.534,22.549,22.541,22.549,22.557,22.549,22.557,22.564,22.564,22.51,22.534,22.549,22.534,22.534,22.534,22.534,22.549,22.541,22.557,22.572,22.564,22.564,22.549,22.564,22.564,22.564,22.572,22.58,22.588,22.588,22.58,22.588,22.564,22.572,22.564,22.557,22.564,22.557,22.549,22.549,22.541,22.534,22.51,22.526,22.534,22.534,22.534,22.534,22.534,22.526,22.526,22.541,22.518,22.572,22.534,22.518,22.518,22.534,22.549,22.541,22.541,22.557,22.541,22.541,22.564,22.557,22.541,22.518,22.51,22.503,22.526,22.526,22.526,22.51,22.534,22.534,22.549,22.518,22.526,22.51,22.487,22.518,22.51,22.549,22.526,22.51,22.518,22.526,22.518,22.495,22.503,22.503,22.503,22.51,22.495,22.495,22.487,22.495,22.503,22.518,22.495,22.51,22.487,22.487,22.479,22.479,22.479,22.487,22.503,22.487,22.479,22.472,22.495,22.487,22.503,22.479,22.495,22.526,22.541,22.541,22.518,22.534,22.526,22.526,22.549,22.549,22.526,22.51,22.526,22.51,22.526,22.541,22.534,22.541,22.526,22.518,22.526,22.526,22.526,22.526,22.518,22.526,22.534,22.534,22.541,22.549,22.541,22.534,22.541,22.534,22.534,22.518,22.534,22.526,22.541,22.572,22.58,22.557,22.572,22.58,22.534,22.564,22.557,22.564,22.619,22.603,22.611,22.595,22.557,22.588,22.58,22.595,22.588,22.588,22.595,22.572,22.58,22.595,22.603,22.595,22.611,22.603,22.588,22.557,22.588,22.611,22.595,22.58,22.611,22.595,22.58,22.588,22.572,22.619,22.595,22.611,22.626,22.611,22.619,22.619,22.588,22.557,22.564,22.549,22.572,22.58,22.557,22.526,22.541,22.479,22.51,22.526,22.526,22.534,22.526,22.495,22.472,22.464,22.503,22.472,22.487,22.534,22.541,22.541,22.526,22.51,22.479,22.479,22.503,22.503,22.526,22.51,22.518,22.503,22.526,22.518,22.534,22.541,22.518,22.518,22.51,22.472,22.464,22.456,22.418,22.479,22.495,22.479,22.464,22.441,22.41,22.41,22.394,22.441,22.441,22.449,22.449,22.449,22.441,22.464,22.433,22.441,22.441,22.425,22.441,22.456,22.441,22.456,22.433,22.433,22.441,22.449,22.456,22.441,22.449,22.441,22.464,22.456,22.418,22.433,22.433,22.456,22.441,22.387,22.418,22.41,22.41,22.464,22.503,22.379,22.487,22.503,22.449,22.425,22.441,22.441,22.449,22.464,22.487,22.487,22.456,22.425,22.433,22.425,22.441,22.433,22.394,22.441,22.456,22.456,22.487,22.449,22.41,22.41,22.441,22.379,22.394,22.441,22.441,22.456,22.425,22.41,22.379,22.41,22.456,22.441,22.464,22.472,22.449,22.449,22.456,22.464,22.449,22.425,22.433,22.472,22.456,22.479,22.495,22.541,22.518,22.495,22.487,22.495,22.51,22.541,22.572,22.534,22.58,22.549
,22.394,22.363,22.356,22.356,22.34,22.325,22.332,22.325,22.348,22.309,22.332,22.302,22.263,22.309,22.34,22.332,22.41,22.34,22.356,22.394,22.371,22.379,22.356,22.379,22.394,22.363,22.356,22.348,22.356,22.34,22.332,22.317,22.356,22.379,22.379,22.379,22.356,22.356,22.379,22.363,22.371,22.379,22.41,22.418,22.387,22.402,22.363,22.379,22.418,22.425,22.449,22.441,22.449,22.441,22.402,22.394,22.394,22.418,22.41,22.425,22.433,22.441,22.425,22.433,22.441,22.433,22.433,22.433,22.441,22.449,22.456,22.487,22.449,22.456,22.456,22.464,22.464,22.449,22.472,22.472,22.472,22.479,22.495,22.495,22.503,22.526,22.51,22.526,22.503,22.503,22.526,22.51,22.534,22.534,22.518,22.518,22.51,22.51,22.495,22.518,22.534,22.549,22.541,22.51,22.549,22.541,22.518,22.572,22.557,22.572,22.572,22.58,22.541,22.526,22.495,22.518,22.518,22.534,22.564,22.572,22.549,22.549,22.541,22.534,22.549,22.534,22.557,22.549,22.549,22.549,22.534,22.549,22.541,22.557,22.549,22.549,22.572,22.557,22.541,22.58,22.572,22.564,22.572,22.557,22.557,22.572,22.572,22.58,22.572,22.572,22.572,22.595,22.595,22.595,22.595,22.595,22.572,22.58,22.58,22.564,22.564,22.572,22.541,22.549,22.557,22.588,22.619,22.634,22.642,22.619,22.595,22.603,22.58,22.58,22.58,22.58,22.595,22.588,22.611,22.619,22.611,22.603,22.595,22.595,22.595,22.58,22.58,22.564,22.564,22.564,22.564,22.564,22.557,22.572,22.572,22.564,22.557,22.572,22.58,22.58,22.595,22.588,22.595,22.58,22.595,22.588,22.58,22.58,22.557,22.549,22.564,22.572,22.588,22.611,22.595,22.603,22.588,22.603,22.595,22.58,22.534,22.564,22.541,22.564,22.557,22.564,22.564,22.564,22.541,22.549,22.541,22.541,22.564,22.572,22.58,22.58,22.58,22.572,22.564,22.557,22.588,22.588,22.588,22.603,22.595,22.595,22.58,22.572,22.564,22.549,22.557,22.564,22.564,22.572,22.557,22.541,22.534,22.503,22.503,22.503,22.503,22.487,22.503,22.495,22.51,22.479,22.51,22.479,22.495,22.518,22.51,22.51,22.518,22.503,22.51,22.51,22.51,22.526,22.526,22.526,22.518,22.51,22.51,22.534,22.557,22.549,22.541,22.534,22.557,22.541,22.541,22.557,22.541,22.549,22.541,22.534,22.549,22.534,22.557,22.564,22.518,22.588,22.526,22.541,22.526,22.541,22.549,22.549,22.549,22.572,22.541,22.549,22.518,22.541,22.557,22.588,22.58,22.58,22.58,22.572,22.603,22.572,22.588,22.572,22.557,22.549,22.58,22.557,22.557,22.541,22.541,22.534,22.549,22.541,22.549,22.541,22.549,22.541,22.557,22.534,22.534,22.564,22.526,22.526,22.526,22.51,22.526,22.549,22.549,22.549,22.549,22.541,22.557,22.549,22.526,22.534,22.541,22.518,22.518,22.503,22.518,22.526,22.479,22.518,22.503,22.51,22.518,22.51,22.503,22.51,22.495,22.51,22.526,22.534,22.549,22.518,22.526,22.526,22.534,22.518,22.518,22.526,22.518,22.51,22.503,22.51,22.495,22.51,22.51,22.503,22.518,22.495,22.479,22.495,22.495,22.472,22.495,22.518,22.51,22.51,22.472,22.479,22.464,22.487,22.518,22.495,22.534,22.526,22.51,22.495,22.534,22.534,22.518,22.549,22.541,22.557,22.534,22.534,22.534,22.51,22.526,22.534,22.549,22.534,22.518,22.51,22.518,22.526,22.518,22.526,22.526,22.518,22.534,22.534,22.541,22.541,22.541,22.557,22.541,22.541,22.534,22.557,22.534,22.549,22.572,22.572,22.611,22.588,22.588,22.572,22.58,22.595,22.564,22.564,22.595,22.572,22.572,22.588,22.58,22.58,22.619,22.564,22.595,22.595,22.58,22.58,22.564,22.541,22.572,22.595,22.619,22.619,22.619,22.611,22.572,22.595,22.603,22.595,22.603,22.588,22.572,22.58,22.595,22.595,22.611,22.619,22.603,22.588,22.564,22.572,22.572,22.58,22.557,22.557,22.549,22.564,22.534,22.541,22.534,22.51,22.518,22.518,22.518,22.534,22.51,22.503,22.487,22.479,22.51,22.479,22.503,22.51,22.51,22.534,22.534,22.503,22.479,22.487,22.495,22.503,22.526,22.526,22.518,22.495,22.51,22.518,22.526,22.541,22.526,22.526,22.51,22.487,22.449,22.479,22.433,22.449,22.495,22.479,22.464,22.433,22.433,22.418,22.425,22.433,22.449,22.456,22.456,22.449,22.441,22.449,22.449,22.441,22.425,22.425,22.472,22.425,22.456,22.464,22.441,22.456,22.433,22.472,22.449,22.456,22.441,22.441,22.441,22.418,22.449,22.441,22.456,22.441,22.456,22.418,22.41,22.425,22.394,22.441,22.449,22.503,22.464,22.464,22.449,22.449,22.425,22.425,22.441,22.456,22.479,22.472,22.472,22.449,22.456,22.379,22.41,22.402,22.402,22.394,22.449,22.472,22.441,22.449,22.441,22.418,22.402,22.425,22.387,22.387,22.425,22.425,22.418,22.402,22.41,22.425,22.425,22.433,22.449,22.425,22.449,22.456,22.472,22.464,22.449,22.464,22.41,22.464,22.503,22.449,22.51,22.518,22.503,22.534,22.487,22.495,22.503,22.503,22.541,22.526,22.541,22.541
,22.363,22.371,22.356,22.34,22.317,22.348,22.332,22.309,22.309,22.309,22.278,22.278,22.286,22.309,22.325,22.348,22.394,22.456,22.425,22.387,22.371,22.402,22.363,22.371,22.356,22.363,22.356,22.356,22.356,22.332,22.348,22.41,22.387,22.387,22.348,22.387,22.348,22.371,22.363,22.363,22.394,22.379,22.418,22.425,22.425,22.394,22.387,22.394,22.402,22.418,22.456,22.449,22.449,22.425,22.41,22.425,22.402,22.425,22.425,22.433,22.433,22.425,22.425,22.418,22.425,22.425,22.433,22.402,22.472,22.472,22.441,22.456,22.441,22.441,22.441,22.441,22.441,22.456,22.456,22.464,22.479,22.472,22.495,22.479,22.495,22.503,22.534,22.518,22.51,22.518,22.541,22.526,22.534,22.534,22.518,22.518,22.51,22.51,22.526,22.51,22.526,22.526,22.534,22.534,22.534,22.534,22.534,22.549,22.564,22.572,22.564,22.557,22.534,22.534,22.487,22.51,22.487,22.518,22.564,22.564,22.564,22.572,22.557,22.534,22.549,22.541,22.549,22.541,22.549,22.541,22.534,22.534,22.526,22.534,22.549,22.557,22.564,22.572,22.58,22.58,22.58,22.572,22.58,22.572,22.564,22.572,22.58,22.572,22.572,22.58,22.588,22.603,22.58,22.588,22.603,22.58,22.549,22.572,22.572,22.572,22.58,22.58,22.549,22.557,22.564,22.595,22.626,22.619,22.611,22.611,22.595,22.588,22.588,22.58,22.564,22.58,22.564,22.588,22.619,22.603,22.619,22.626,22.603,22.611,22.595,22.595,22.619,22.58,22.595,22.588,22.588,22.58,22.588,22.557,22.549,22.564,22.557,22.564,22.58,22.58,22.595,22.58,22.595,22.603,22.588,22.588,22.595,22.572,22.557,22.572,22.557,22.564,22.58,22.58,22.588,22.588,22.595,22.619,22.588,22.588,22.603,22.572,22.572,22.588,22.58,22.58,22.564,22.564,22.549,22.534,22.549,22.564,22.564,22.572,22.572,22.58,22.58,22.564,22.564,22.557,22.58,22.588,22.603,22.595,22.595,22.564,22.58,22.557,22.534,22.534,22.557,22.549,22.549,22.557,22.557,22.549,22.541,22.534,22.51,22.495,22.503,22.51,22.503,22.503,22.503,22.479,22.518,22.487,22.487,22.526,22.503,22.51,22.503,22.503,22.51,22.518,22.534,22.541,22.526,22.526,22.51,22.51,22.518,22.557,22.526,22.549,22.534,22.557,22.572,22.572,22.541,22.541,22.541,22.541,22.534,22.534,22.534,22.557,22.572,22.549,22.549,22.564,22.541,22.549,22.534,22.534,22.541,22.541,22.541,22.557,22.526,22.549,22.557,22.541,22.549,22.564,22.572,22.572,22.58,22.588,22.595,22.58,22.595,22.572,22.564,22.541,22.534,22.534,22.534,22.534,22.541,22.526,22.534,22.534,22.541,22.549,22.549,22.58,22.572,22.572,22.549,22.549,22.572,22.518,22.549,22.503,22.534,22.541,22.557,22.572,22.557,22.526,22.541,22.518,22.557,22.534,22.51,22.518,22.495,22.479,22.495,22.518,22.503,22.51,22.518,22.518,22.51,22.495,22.479,22.472,22.495,22.495,22.526,22.526,22.534,22.534,22.534,22.503,22.518,22.518,22.518,22.526,22.526,22.51,22.526,22.51,22.503,22.495,22.518,22.487,22.51,22.51,22.495,22.495,22.487,22.487,22.541,22.495,22.518,22.487,22.479,22.479,22.503,22.503,22.51,22.518,22.541,22.526,22.526,22.557,22.503,22.534,22.526,22.526,22.541,22.549,22.549,22.557,22.534,22.518,22.518,22.526,22.534,22.541,22.526,22.503,22.503,22.534,22.534,22.518,22.526,22.526,22.534,22.534,22.541,22.518,22.549,22.541,22.557,22.549,22.549,22.534,22.564,22.572,22.588,22.58,22.58,22.619,22.557,22.58,22.595,22.588,22.58,22.572,22.588,22.557,22.58,22.572,22.572,22.58,22.572,22.564,22.611,22.595,22.572,22.588,22.557,22.541,22.58,22.603,22.619,22.611,22.619,22.619,22.603,22.588,22.619,22.619,22.603,22.588,22.611,22.603,22.603,22.611,22.619,22.634,22.626,22.595,22.58,22.58,22.549,22.534,22.557,22.526,22.564,22.564,22.541,22.549,22.526,22.526,22.526,22.526,22.518,22.526,22.487,22.495,22.495,22.479,22.526,22.518,22.549,22.503,22.51,22.518,22.534,22.526,22.518,22.534,22.518,22.51,22.518,22.518,22.51,22.503,22.518,22.526,22.534,22.526,22.534,22.534,22.503,22.487,22.479,22.479,22.41,22.479,22.479,22.449,22.472,22.449,22.433,22.418,22.441,22.449,22.441,22.433,22.441,22.449,22.456,22.441,22.449,22.449,22.441,22.441,22.425,22.402,22.418,22.418,22.456,22.41,22.433,22.464,22.472,22.433,22.449,22.449,22.41,22.441,22.449,22.449,22.433,22.425,22.425,22.441,22.387,22.394,22.41,22.433,22.433,22.449,22.441,22.449,22.464,22.425,22.41,22.425,22.418,22.472,22.456,22.433,22.433,22.441,22.449,22.418,22.41,22.503,22.418,22.41,22.41,22.433,22.449,22.441,22.449,22.425,22.425,22.394,22.379,22.402,22.371,22.402,22.41,22.41,22.394,22.387,22.441,22.441,22.456,22.472,22.418,22.464,22.479,22.472,22.449,22.456,22.464,22.41,22.495,22.51,22.495,22.479,22.464,22.495,22.464,22.503,22.51,22.495,22.518,22.541,22.541,22.541
,22.325,22.309,22.325,22.34,22.325,22.34,22.309,22.317,22.286,22.294,22.263,22.278,22.278,22.294,22.278,22.286,22.363,22.356,22.363,22.371,22.356,22.371,22.348,22.363,22.379,22.325,22.371,22.363,22.356,22.302,22.394,22.348,22.379,22.387,22.371,22.371,22.371,22.371,22.363,22.363,22.402,22.379,22.425,22.418,22.41,22.394,22.394,22.402,22.394,22.425,22.441,22.433,22.433,22.425,22.425,22.433,22.41,22.433,22.425,22.425,22.441,22.433,22.425,22.449,22.418,22.433,22.433,22.441,22.41,22.418,22.425,22.425,22.464,22.425,22.433,22.41,22.425,22.456,22.456,22.464,22.472,22.479,22.479,22.472,22.479,22.495,22.503,22.526,22.479,22.518,22.503,22.526,22.557,22.534,22.534,22.526,22.51,22.51,22.534,22.518,22.534,22.526,22.541,22.526,22.518,22.534,22.549,22.557,22.588,22.564,22.564,22.518,22.526,22.526,22.487,22.503,22.51,22.534,22.534,22.557,22.572,22.564,22.564,22.534,22.526,22.549,22.549,22.549,22.549,22.541,22.534,22.541,22.526,22.534,22.541,22.557,22.595,22.588,22.572,22.58,22.58,22.58,22.58,22.564,22.564,22.588,22.58,22.588,22.549,22.572,22.564,22.58,22.619,22.588,22.58,22.611,22.564,22.572,22.557,22.557,22.572,22.549,22.541,22.603,22.588,22.58,22.603,22.619,22.634,22.619,22.603,22.58,22.588,22.588,22.588,22.58,22.572,22.619,22.595,22.626,22.619,22.603,22.619,22.572,22.588,22.588,22.603,22.588,22.58,22.595,22.58,22.564,22.58,22.564,22.557,22.58,22.564,22.564,22.588,22.588,22.588,22.572,22.58,22.595,22.595,22.619,22.564,22.564,22.549,22.557,22.564,22.572,22.58,22.572,22.572,22.564,22.572,22.58,22.619,22.572,22.58,22.572,22.534,22.572,22.572,22.572,22.58,22.557,22.564,22.549,22.549,22.534,22.541,22.572,22.595,22.58,22.572,22.572,22.588,22.58,22.58,22.603,22.595,22.595,22.588,22.564,22.541,22.534,22.534,22.549,22.541,22.534,22.549,22.549,22.549,22.549,22.534,22.534,22.51,22.503,22.518,22.503,22.495,22.503,22.464,22.456,22.487,22.495,22.479,22.487,22.503,22.495,22.503,22.495,22.518,22.526,22.541,22.541,22.534,22.541,22.534,22.534,22.526,22.503,22.526,22.541,22.534,22.549,22.557,22.541,22.534,22.549,22.518,22.534,22.526,22.549,22.534,22.534,22.564,22.541,22.526,22.564,22.503,22.526,22.534,22.518,22.526,22.549,22.541,22.526,22.541,22.541,22.541,22.549,22.549,22.557,22.549,22.557,22.572,22.557,22.588,22.572,22.588,22.572,22.58,22.595,22.534,22.526,22.526,22.526,22.518,22.518,22.526,22.526,22.518,22.549,22.549,22.572,22.58,22.534,22.557,22.564,22.557,22.549,22.534,22.526,22.526,22.541,22.541,22.572,22.564,22.557,22.557,22.51,22.503,22.503,22.518,22.503,22.495,22.472,22.479,22.51,22.479,22.479,22.495,22.487,22.487,22.495,22.495,22.479,22.487,22.503,22.51,22.526,22.534,22.541,22.526,22.51,22.51,22.534,22.526,22.541,22.526,22.518,22.518,22.518,22.51,22.503,22.503,22.503,22.518,22.518,22.487,22.518,22.495,22.495,22.495,22.495,22.487,22.487,22.479,22.479,22.464,22.503,22.495,22.495,22.526,22.526,22.557,22.557,22.518,22.51,22.518,22.526,22.541,22.534,22.534,22.541,22.541,22.518,22.518,22.534,22.518,22.549,22.503,22.518,22.51,22.518,22.549,22.534,22.541,22.526,22.518,22.526,22.526,22.541,22.557,22.572,22.557,22.549,22.557,22.564,22.564,22.572,22.58,22.603,22.58,22.572,22.595,22.634,22.58,22.588,22.595,22.572,22.557,22.564,22.564,22.564,22.557,22.58,22.58,22.595,22.619,22.603,22.564,22.557,22.572,22.564,22.588,22.611,22.619,22.626,22.626,22.595,22.588,22.619,22.626,22.603,22.619,22.58,22.619,22.58,22.588,22.649,22.634,22.634,22.588,22.557,22.564,22.557,22.541,22.549,22.557,22.557,22.564,22.557,22.526,22.503,22.518,22.518,22.51,22.51,22.518,22.495,22.518,22.51,22.495,22.487,22.503,22.495,22.518,22.503,22.51,22.518,22.526,22.518,22.526,22.51,22.51,22.534,22.526,22.526,22.534,22.518,22.51,22.479,22.526,22.526,22.518,22.526,22.51,22.503,22.479,22.479,22.441,22.487,22.479,22.441,22.464,22.464,22.441,22.441,22.441,22.425,22.433,22.449,22.449,22.441,22.456,22.449,22.472,22.456,22.464,22.418,22.418,22.41,22.425,22.425,22.441,22.449,22.449,22.456,22.41,22.418,22.433,22.441,22.41,22.425,22.464,22.433,22.441,22.441,22.464,22.433,22.394,22.394,22.418,22.425,22.418,22.449,22.425,22.449,22.433,22.425,22.441,22.456,22.402,22.418,22.425,22.464,22.456,22.433,22.449,22.441,22.472,22.433,22.487,22.433,22.433,22.441,22.433,22.433,22.425,22.425,22.418,22.394,22.418,22.41,22.394,22.418,22.379,22.41,22.379,22.387,22.425,22.433,22.456,22.441,22.472,22.456,22.472,22.456,22.456,22.441,22.449,22.479,22.441,22.472,22.487,22.464,22.479,22.518,22.479,22.487,22.479,22.51,22.51,22.51,22.503,22.541
,22.34,22.317,22.332,22.309,22.317,22.325,22.317,22.302,22.294,22.271,22.271,22.263,22.271,22.309,22.325,22.286,22.387,22.371,22.402,22.356,22.363,22.379,22.356,22.371,22.356,22.363,22.34,22.356,22.309,22.363,22.356,22.371,22.379,22.394,22.387,22.387,22.363,22.379,22.348,22.379,22.379,22.371,22.425,22.41,22.387,22.418,22.394,22.41,22.41,22.441,22.433,22.433,22.418,22.433,22.41,22.418,22.41,22.425,22.425,22.433,22.441,22.425,22.441,22.41,22.418,22.418,22.425,22.387,22.425,22.418,22.425,22.441,22.433,22.425,22.449,22.441,22.441,22.433,22.425,22.449,22.425,22.472,22.464,22.487,22.479,22.487,22.503,22.479,22.518,22.495,22.495,22.503,22.549,22.534,22.526,22.526,22.51,22.51,22.526,22.526,22.534,22.51,22.51,22.534,22.518,22.526,22.526,22.541,22.557,22.534,22.549,22.518,22.518,22.495,22.487,22.503,22.526,22.51,22.541,22.557,22.564,22.557,22.549,22.541,22.534,22.526,22.541,22.541,22.541,22.541,22.534,22.534,22.526,22.541,22.549,22.549,22.572,22.588,22.588,22.611,22.603,22.595,22.572,22.572,22.572,22.588,22.588,22.588,22.603,22.588,22.564,22.572,22.611,22.595,22.634,22.572,22.549,22.541,22.557,22.549,22.549,22.564,22.572,22.572,22.564,22.588,22.619,22.595,22.588,22.595,22.58,22.595,22.603,22.588,22.595,22.588,22.595,22.588,22.58,22.611,22.595,22.611,22.626,22.626,22.611,22.603,22.611,22.603,22.588,22.588,22.603,22.58,22.588,22.572,22.549,22.557,22.557,22.588,22.58,22.564,22.572,22.572,22.572,22.58,22.572,22.564,22.564,22.549,22.549,22.534,22.564,22.564,22.564,22.557,22.549,22.549,22.557,22.557,22.564,22.549,22.557,22.526,22.534,22.557,22.557,22.549,22.557,22.557,22.541,22.541,22.541,22.541,22.572,22.588,22.58,22.595,22.58,22.58,22.588,22.588,22.588,22.603,22.595,22.572,22.572,22.564,22.557,22.557,22.534,22.518,22.534,22.526,22.534,22.541,22.557,22.557,22.549,22.534,22.526,22.51,22.51,22.495,22.495,22.487,22.487,22.464,22.487,22.472,22.487,22.487,22.479,22.487,22.503,22.51,22.518,22.534,22.549,22.557,22.549,22.549,22.534,22.541,22.518,22.526,22.518,22.487,22.526,22.495,22.541,22.534,22.534,22.549,22.549,22.557,22.534,22.557,22.549,22.564,22.564,22.541,22.549,22.51,22.526,22.518,22.526,22.534,22.51,22.518,22.51,22.534,22.541,22.534,22.541,22.526,22.534,22.526,22.541,22.534,22.557,22.549,22.549,22.58,22.58,22.58,22.549,22.595,22.534,22.518,22.518,22.51,22.51,22.503,22.51,22.518,22.526,22.564,22.58,22.541,22.58,22.564,22.564,22.526,22.557,22.503,22.549,22.534,22.526,22.541,22.534,22.541,22.549,22.526,22.534,22.526,22.503,22.495,22.51,22.487,22.503,22.503,22.456,22.487,22.479,22.479,22.487,22.487,22.479,22.495,22.495,22.495,22.503,22.503,22.51,22.51,22.51,22.518,22.495,22.503,22.526,22.534,22.549,22.549,22.526,22.526,22.51,22.495,22.503,22.503,22.487,22.487,22.518,22.51,22.51,22.503,22.495,22.51,22.495,22.495,22.472,22.479,22.472,22.472,22.464,22.479,22.487,22.51,22.51,22.51,22.526,22.534,22.526,22.541,22.518,22.526,22.541,22.541,22.541,22.534,22.526,22.518,22.518,22.518,22.518,22.518,22.526,22.503,22.526,22.541,22.549,22.557,22.549,22.518,22.526,22.503,22.495,22.51,22.518,22.564,22.557,22.603,22.564,22.564,22.572,22.564,22.534,22.572,22.549,22.564,22.572,22.557,22.564,22.564,22.549,22.595,22.557,22.564,22.572,22.564,22.564,22.58,22.595,22.619,22.619,22.611,22.595,22.557,22.564,22.58,22.603,22.595,22.626,22.619,22.626,22.619,22.595,22.603,22.595,22.564,22.588,22.557,22.595,22.588,22.649,22.657,22.634,22.626,22.603,22.58,22.564,22.549,22.557,22.541,22.557,22.557,22.541,22.518,22.487,22.526,22.518,22.526,22.51,22.518,22.51,22.495,22.518,22.503,22.495,22.495,22.487,22.479,22.487,22.479,22.495,22.487,22.495,22.51,22.534,22.549,22.526,22.518,22.518,22.518,22.518,22.503,22.472,22.518,22.503,22.518,22.518,22.51,22.503,22.51,22.487,22.472,22.456,22.402,22.464,22.464,22.425,22.456,22.441,22.449,22.449,22.441,22.449,22.433,22.449,22.433,22.441,22.449,22.472,22.433,22.433,22.456,22.418,22.433,22.425,22.418,22.433,22.425,22.433,22.425,22.41,22.402,22.441,22.425,22.425,22.449,22.433,22.425,22.456,22.449,22.41,22.402,22.379,22.379,22.402,22.425,22.433,22.441,22.41,22.425,22.418,22.425,22.402,22.441,22.449,22.41,22.425,22.441,22.441,22.433,22.449,22.433,22.464,22.472,22.441,22.425,22.487,22.433,22.456,22.425,22.41,22.402,22.41,22.379,22.402,22.387,22.464,22.449,22.387,22.41,22.418,22.425,22.402,22.402,22.418,22.449,22.456,22.472,22.456,22.456,22.449,22.456,22.449,22.387,22.425,22.456,22.541,22.58,22.518,22.51,22.464,22.51,22.487,22.479,22.518,22.557,22.518,22.58
,22.348,22.348,22.325,22.294,22.294,22.302,22.302,22.302,22.294,22.286,22.278,22.255,22.294,22.286,22.325,22.317,22.394,22.34,22.418,22.418,22.387,22.371,22.371,22.363,22.34,22.348,22.332,22.332,22.379,22.371,22.394,22.371,22.363,22.394,22.363,22.394,22.394,22.379,22.379,22.379,22.418,22.402,22.402,22.394,22.402,22.402,22.402,22.418,22.41,22.418,22.433,22.418,22.472,22.402,22.441,22.425,22.441,22.456,22.433,22.441,22.449,22.441,22.456,22.441,22.418,22.41,22.41,22.41,22.418,22.425,22.425,22.433,22.449,22.456,22.449,22.449,22.449,22.425,22.433,22.456,22.464,22.472,22.479,22.449,22.464,22.487,22.479,22.51,22.472,22.487,22.526,22.526,22.549,22.572,22.51,22.541,22.51,22.534,22.518,22.526,22.541,22.534,22.518,22.526,22.534,22.541,22.541,22.541,22.541,22.534,22.534,22.526,22.503,22.495,22.503,22.534,22.503,22.487,22.549,22.541,22.557,22.541,22.549,22.534,22.526,22.541,22.526,22.541,22.541,22.534,22.526,22.534,22.541,22.549,22.557,22.564,22.557,22.58,22.588,22.595,22.595,22.564,22.564,22.572,22.572,22.588,22.595,22.603,22.588,22.588,22.572,22.572,22.549,22.603,22.541,22.572,22.557,22.526,22.541,22.541,22.564,22.549,22.58,22.595,22.595,22.611,22.58,22.572,22.603,22.588,22.588,22.603,22.603,22.595,22.595,22.603,22.595,22.572,22.603,22.603,22.595,22.58,22.626,22.619,22.611,22.58,22.603,22.611,22.611,22.603,22.588,22.557,22.603,22.572,22.549,22.541,22.564,22.572,22.588,22.588,22.588,22.58,22.58,22.58,22.572,22.549,22.549,22.541,22.549,22.557,22.557,22.557,22.564,22.557,22.534,22.541,22.549,22.572,22.557,22.557,22.534,22.541,22.557,22.549,22.549,22.557,22.564,22.564,22.541,22.549,22.541,22.549,22.564,22.58,22.611,22.611,22.595,22.603,22.603,22.611,22.595,22.603,22.595,22.595,22.588,22.564,22.557,22.549,22.541,22.503,22.541,22.526,22.534,22.541,22.541,22.541,22.526,22.541,22.518,22.518,22.518,22.51,22.51,22.503,22.487,22.495,22.495,22.472,22.503,22.495,22.487,22.503,22.518,22.526,22.541,22.557,22.557,22.557,22.564,22.557,22.549,22.534,22.518,22.526,22.526,22.503,22.495,22.518,22.51,22.541,22.541,22.534,22.564,22.58,22.534,22.564,22.549,22.549,22.557,22.541,22.541,22.541,22.534,22.541,22.557,22.526,22.51,22.518,22.51,22.526,22.541,22.549,22.549,22.534,22.541,22.549,22.541,22.541,22.564,22.541,22.557,22.572,22.564,22.572,22.549,22.572,22.549,22.564,22.503,22.518,22.495,22.495,22.495,22.51,22.518,22.534,22.526,22.549,22.564,22.557,22.572,22.58,22.564,22.549,22.541,22.549,22.541,22.541,22.541,22.534,22.564,22.549,22.526,22.51,22.503,22.534,22.541,22.51,22.487,22.479,22.456,22.479,22.487,22.472,22.534,22.503,22.518,22.526,22.51,22.503,22.51,22.526,22.51,22.541,22.495,22.518,22.503,22.51,22.541,22.549,22.564,22.534,22.549,22.534,22.518,22.518,22.503,22.487,22.495,22.487,22.518,22.503,22.503,22.503,22.487,22.487,22.51,22.479,22.495,22.479,22.479,22.472,22.464,22.479,22.487,22.503,22.518,22.51,22.51,22.526,22.541,22.526,22.51,22.526,22.526,22.541,22.534,22.541,22.526,22.51,22.51,22.51,22.472,22.495,22.487,22.518,22.534,22.549,22.541,22.557,22.518,22.534,22.534,22.51,22.479,22.518,22.518,22.534,22.549,22.564,22.564,22.557,22.549,22.541,22.557,22.526,22.526,22.549,22.557,22.549,22.572,22.572,22.549,22.557,22.564,22.564,22.58,22.572,22.572,22.588,22.595,22.619,22.611,22.611,22.603,22.588,22.595,22.595,22.595,22.642,22.603,22.626,22.611,22.603,22.611,22.611,22.603,22.603,22.588,22.588,22.611,22.626,22.649,22.649,22.642,22.634,22.603,22.619,22.557,22.541,22.557,22.549,22.564,22.549,22.549,22.51,22.51,22.51,22.487,22.526,22.526,22.495,22.534,22.503,22.503,22.503,22.487,22.495,22.479,22.464,22.449,22.495,22.503,22.503,22.495,22.518,22.518,22.549,22.541,22.526,22.526,22.51,22.518,22.487,22.495,22.495,22.526,22.534,22.503,22.51,22.518,22.479,22.472,22.456,22.449,22.464,22.449,22.472,22.449,22.449,22.449,22.441,22.441,22.433,22.456,22.464,22.433,22.449,22.449,22.441,22.449,22.456,22.449,22.526,22.479,22.441,22.425,22.41,22.425,22.441,22.402,22.433,22.41,22.418,22.425,22.433,22.456,22.456,22.456,22.449,22.456,22.433,22.433,22.41,22.379,22.394,22.379,22.418,22.441,22.441,22.433,22.41,22.41,22.41,22.425,22.41,22.394,22.449,22.433,22.425,22.425,22.425,22.441,22.441,22.441,22.441,22.456,22.418,22.472,22.464,22.402,22.472,22.371,22.394,22.402,22.41,22.394,22.371,22.449,22.418,22.394,22.418,22.379,22.402,22.379,22.433,22.441,22.425,22.433,22.441,22.449,22.449,22.456,22.441,22.449,22.425,22.425,22.433,22.541,22.549,22.541,22.495,22.472,22.503,22.495,22.503,22.549,22.541,22.526,22.549
,22.356,22.348,22.325,22.34,22.309,22.325,22.325,22.302,22.309,22.278,22.278,22.271,22.271,22.302,22.317,22.387,22.379,22.379,22.348,22.348,22.387,22.394,22.394,22.363,22.348,22.34,22.34,22.325,22.332,22.363,22.371,22.371,22.379,22.387,22.348,22.379,22.363,22.394,22.371,22.394,22.41,22.449,22.402,22.425,22.418,22.402,22.418,22.41,22.402,22.418,22.425,22.41,22.449,22.456,22.433,22.41,22.425,22.425,22.433,22.441,22.441,22.449,22.441,22.449,22.449,22.425,22.418,22.418,22.41,22.418,22.425,22.425,22.456,22.464,22.479,22.456,22.449,22.433,22.379,22.464,22.479,22.472,22.495,22.464,22.479,22.479,22.464,22.495,22.495,22.51,22.518,22.51,22.541,22.557,22.534,22.526,22.51,22.51,22.503,22.51,22.526,22.526,22.526,22.526,22.541,22.541,22.518,22.526,22.518,22.534,22.526,22.503,22.503,22.503,22.464,22.526,22.51,22.51,22.541,22.541,22.534,22.541,22.534,22.526,22.526,22.51,22.518,22.526,22.534,22.534,22.534,22.534,22.541,22.557,22.564,22.572,22.564,22.588,22.572,22.58,22.588,22.58,22.588,22.572,22.58,22.595,22.603,22.603,22.603,22.588,22.557,22.572,22.557,22.564,22.58,22.588,22.534,22.526,22.541,22.549,22.564,22.549,22.572,22.588,22.595,22.603,22.619,22.595,22.603,22.603,22.595,22.611,22.603,22.603,22.603,22.588,22.58,22.557,22.588,22.564,22.611,22.58,22.595,22.619,22.595,22.603,22.626,22.626,22.611,22.611,22.572,22.58,22.588,22.58,22.58,22.588,22.557,22.588,22.58,22.595,22.595,22.595,22.58,22.58,22.572,22.572,22.557,22.541,22.549,22.549,22.564,22.572,22.572,22.549,22.549,22.549,22.564,22.564,22.564,22.564,22.541,22.541,22.534,22.526,22.541,22.557,22.564,22.557,22.564,22.549,22.534,22.557,22.557,22.572,22.588,22.603,22.595,22.603,22.619,22.603,22.619,22.603,22.595,22.588,22.588,22.572,22.557,22.549,22.549,22.534,22.518,22.518,22.564,22.557,22.564,22.541,22.51,22.518,22.51,22.518,22.518,22.518,22.51,22.479,22.495,22.526,22.51,22.526,22.564,22.51,22.487,22.51,22.51,22.503,22.534,22.549,22.557,22.564,22.58,22.572,22.557,22.541,22.534,22.526,22.518,22.503,22.503,22.503,22.503,22.526,22.526,22.557,22.557,22.572,22.588,22.58,22.572,22.549,22.549,22.549,22.557,22.541,22.534,22.541,22.541,22.526,22.541,22.495,22.541,22.549,22.541,22.541,22.564,22.557,22.564,22.549,22.549,22.526,22.541,22.541,22.541,22.557,22.572,22.588,22.588,22.595,22.549,22.541,22.526,22.503,22.503,22.495,22.495,22.51,22.518,22.534,22.541,22.541,22.541,22.572,22.564,22.572,22.549,22.549,22.549,22.549,22.549,22.541,22.534,22.526,22.534,22.534,22.534,22.534,22.526,22.541,22.51,22.51,22.487,22.495,22.464,22.51,22.487,22.479,22.541,22.526,22.518,22.541,22.534,22.518,22.534,22.534,22.518,22.534,22.534,22.51,22.51,22.534,22.549,22.549,22.564,22.557,22.549,22.549,22.518,22.51,22.51,22.51,22.503,22.503,22.51,22.503,22.51,22.51,22.487,22.487,22.51,22.495,22.526,22.487,22.487,22.479,22.479,22.479,22.479,22.51,22.518,22.526,22.534,22.526,22.549,22.526,22.526,22.51,22.549,22.541,22.549,22.541,22.549,22.541,22.51,22.503,22.487,22.51,22.487,22.526,22.534,22.541,22.557,22.572,22.564,22.534,22.518,22.51,22.503,22.526,22.534,22.549,22.572,22.58,22.58,22.549,22.549,22.534,22.541,22.557,22.564,22.541,22.549,22.58,22.557,22.541,22.564,22.549,22.572,22.564,22.58,22.58,22.588,22.611,22.595,22.611,22.619,22.611,22.603,22.595,22.595,22.603,22.603,22.611,22.619,22.642,22.619,22.595,22.603,22.595,22.595,22.595,22.626,22.58,22.634,22.603,22.634,22.657,22.657,22.634,22.603,22.572,22.549,22.572,22.572,22.564,22.564,22.572,22.541,22.518,22.51,22.503,22.487,22.487,22.534,22.51,22.526,22.479,22.495,22.503,22.495,22.495,22.495,22.464,22.464,22.503,22.487,22.503,22.51,22.541,22.526,22.518,22.534,22.541,22.526,22.518,22.503,22.503,22.479,22.479,22.495,22.472,22.503,22.487,22.503,22.503,22.51,22.479,22.456,22.479,22.449,22.441,22.464,22.441,22.433,22.472,22.441,22.418,22.456,22.418,22.449,22.441,22.441,22.433,22.449,22.456,22.449,22.456,22.449,22.433,22.418,22.41,22.418,22.441,22.418,22.402,22.41,22.418,22.425,22.441,22.449,22.479,22.472,22.479,22.449,22.464,22.433,22.418,22.379,22.371,22.379,22.41,22.441,22.441,22.456,22.425,22.41,22.433,22.41,22.479,22.41,22.418,22.449,22.425,22.441,22.433,22.441,22.441,22.449,22.449,22.464,22.449,22.487,22.441,22.433,22.394,22.387,22.387,22.402,22.418,22.41,22.41,22.379,22.387,22.41,22.402,22.394,22.394,22.425,22.41,22.418,22.41,22.418,22.449,22.433,22.449,22.425,22.464,22.441,22.425,22.41,22.456,22.441,22.487,22.495,22.441,22.526,22.503,22.495,22.518,22.51,22.503,22.518,22.541
,22.363,22.356,22.363,22.348,22.332,22.332,22.332,22.317,22.317,22.286,22.302,22.286,22.332,22.356,22.325,22.356,22.325,22.363,22.387,22.348,22.363,22.371,22.363,22.356,22.356,22.325,22.317,22.317,22.34,22.356,22.348,22.371,22.379,22.356,22.425,22.41,22.402,22.387,22.402,22.441,22.425,22.394,22.449,22.41,22.418,22.418,22.425,22.418,22.425,22.433,22.433,22.433,22.402,22.41,22.433,22.41,22.394,22.402,22.441,22.464,22.464,22.464,22.449,22.456,22.449,22.472,22.449,22.433,22.41,22.425,22.441,22.433,22.449,22.464,22.479,22.464,22.472,22.472,22.418,22.487,22.449,22.441,22.479,22.503,22.487,22.495,22.503,22.495,22.487,22.526,22.503,22.526,22.534,22.549,22.518,22.526,22.503,22.51,22.526,22.526,22.541,22.549,22.526,22.526,22.534,22.534,22.51,22.51,22.51,22.518,22.541,22.518,22.487,22.503,22.518,22.503,22.495,22.526,22.526,22.557,22.541,22.549,22.541,22.534,22.518,22.518,22.526,22.534,22.534,22.541,22.541,22.541,22.549,22.549,22.564,22.564,22.588,22.58,22.58,22.588,22.572,22.564,22.572,22.572,22.572,22.595,22.595,22.611,22.595,22.588,22.572,22.572,22.588,22.564,22.58,22.564,22.549,22.541,22.549,22.549,22.572,22.595,22.588,22.588,22.588,22.595,22.611,22.603,22.619,22.603,22.619,22.595,22.603,22.595,22.58,22.58,22.557,22.564,22.588,22.58,22.588,22.611,22.58,22.603,22.619,22.595,22.642,22.642,22.634,22.603,22.588,22.588,22.58,22.611,22.58,22.58,22.564,22.557,22.572,22.572,22.595,22.595,22.595,22.572,22.58,22.557,22.572,22.557,22.564,22.549,22.572,22.557,22.58,22.58,22.564,22.58,22.557,22.572,22.58,22.564,22.564,22.534,22.541,22.541,22.534,22.557,22.564,22.588,22.557,22.557,22.557,22.541,22.541,22.595,22.619,22.603,22.603,22.595,22.588,22.588,22.58,22.603,22.603,22.595,22.595,22.572,22.572,22.572,22.588,22.549,22.58,22.557,22.564,22.603,22.595,22.549,22.534,22.518,22.526,22.503,22.51,22.518,22.541,22.534,22.564,22.541,22.534,22.534,22.534,22.51,22.503,22.495,22.549,22.526,22.526,22.541,22.549,22.557,22.588,22.564,22.564,22.541,22.518,22.518,22.51,22.503,22.503,22.518,22.503,22.526,22.541,22.557,22.564,22.595,22.58,22.564,22.572,22.564,22.564,22.549,22.557,22.549,22.572,22.526,22.541,22.549,22.51,22.541,22.541,22.572,22.557,22.557,22.603,22.588,22.564,22.564,22.549,22.557,22.534,22.541,22.541,22.58,22.549,22.58,22.572,22.541,22.557,22.557,22.534,22.518,22.51,22.495,22.51,22.526,22.526,22.534,22.541,22.534,22.557,22.572,22.549,22.557,22.549,22.557,22.557,22.564,22.557,22.549,22.549,22.518,22.51,22.51,22.526,22.51,22.51,22.518,22.518,22.51,22.503,22.495,22.495,22.495,22.51,22.51,22.534,22.51,22.541,22.557,22.526,22.549,22.534,22.541,22.503,22.534,22.495,22.534,22.526,22.534,22.541,22.557,22.572,22.557,22.557,22.541,22.534,22.518,22.51,22.503,22.503,22.495,22.503,22.503,22.541,22.51,22.503,22.495,22.51,22.518,22.51,22.518,22.495,22.487,22.495,22.503,22.503,22.518,22.526,22.534,22.549,22.526,22.534,22.549,22.526,22.518,22.518,22.549,22.564,22.557,22.557,22.549,22.503,22.503,22.487,22.503,22.503,22.518,22.526,22.541,22.534,22.518,22.534,22.549,22.518,22.518,22.51,22.526,22.564,22.564,22.588,22.557,22.572,22.611,22.526,22.541,22.518,22.534,22.526,22.549,22.564,22.572,22.572,22.564,22.549,22.619,22.588,22.564,22.588,22.588,22.595,22.595,22.603,22.595,22.588,22.588,22.595,22.603,22.619,22.634,22.626,22.626,22.626,22.611,22.626,22.619,22.611,22.611,22.611,22.611,22.611,22.603,22.642,22.626,22.649,22.642,22.634,22.634,22.595,22.58,22.564,22.572,22.564,22.557,22.564,22.534,22.526,22.526,22.503,22.51,22.51,22.526,22.472,22.479,22.526,22.503,22.51,22.503,22.495,22.479,22.495,22.472,22.503,22.495,22.487,22.518,22.487,22.495,22.51,22.526,22.534,22.541,22.518,22.51,22.51,22.479,22.51,22.487,22.464,22.487,22.534,22.495,22.487,22.487,22.464,22.487,22.425,22.449,22.441,22.456,22.441,22.433,22.449,22.449,22.418,22.394,22.449,22.425,22.464,22.456,22.449,22.449,22.441,22.433,22.472,22.456,22.495,22.418,22.433,22.425,22.441,22.425,22.394,22.418,22.418,22.425,22.441,22.456,22.456,22.487,22.479,22.464,22.456,22.402,22.418,22.387,22.394,22.379,22.394,22.402,22.425,22.433,22.441,22.425,22.433,22.425,22.41,22.479,22.449,22.495,22.479,22.449,22.441,22.441,22.433,22.425,22.441,22.418,22.479,22.441,22.464,22.456,22.402,22.433,22.387,22.394,22.387,22.41,22.402,22.418,22.387,22.379,22.394,22.394,22.425,22.418,22.418,22.402,22.433,22.41,22.418,22.441,22.441,22.495,22.449,22.394,22.441,22.425,22.456,22.425,22.441,22.425,22.456,22.51,22.495,22.487,22.518,22.518,22.534,22.51,22.518,22.472
,22.371,22.379,22.379,22.348,22.363,22.34,22.348,22.332,22.309,22.325,22.263,22.309,22.317,22.325,22.34,22.34,22.356,22.332,22.348,22.402,22.356,22.379,22.348,22.363,22.348,22.371,22.34,22.317,22.363,22.325,22.356,22.363,22.379,22.402,22.379,22.387,22.379,22.371,22.41,22.41,22.433,22.433,22.441,22.441,22.449,22.425,22.441,22.418,22.425,22.425,22.433,22.472,22.41,22.433,22.402,22.387,22.418,22.433,22.449,22.456,22.464,22.464,22.479,22.503,22.456,22.441,22.441,22.449,22.433,22.456,22.425,22.449,22.449,22.472,22.479,22.487,22.479,22.472,22.456,22.464,22.495,22.495,22.503,22.51,22.503,22.503,22.479,22.495,22.495,22.51,22.526,22.526,22.534,22.541,22.526,22.526,22.518,22.541,22.534,22.526,22.526,22.526,22.534,22.541,22.557,22.526,22.518,22.495,22.503,22.503,22.518,22.503,22.495,22.479,22.487,22.503,22.526,22.572,22.518,22.534,22.564,22.564,22.541,22.518,22.518,22.526,22.526,22.534,22.549,22.549,22.557,22.557,22.534,22.549,22.557,22.58,22.58,22.588,22.603,22.564,22.588,22.564,22.557,22.564,22.58,22.588,22.595,22.603,22.603,22.588,22.595,22.564,22.572,22.588,22.572,22.572,22.526,22.549,22.557,22.557,22.572,22.603,22.634,22.595,22.58,22.588,22.603,22.626,22.619,22.619,22.611,22.603,22.588,22.603,22.588,22.564,22.541,22.557,22.549,22.564,22.58,22.572,22.58,22.588,22.611,22.626,22.626,22.642,22.634,22.619,22.595,22.588,22.611,22.595,22.564,22.557,22.572,22.549,22.58,22.588,22.595,22.603,22.595,22.595,22.58,22.572,22.572,22.564,22.572,22.564,22.564,22.588,22.588,22.595,22.595,22.588,22.572,22.595,22.572,22.58,22.564,22.557,22.541,22.541,22.541,22.572,22.588,22.58,22.588,22.588,22.58,22.588,22.564,22.603,22.595,22.603,22.595,22.588,22.572,22.588,22.603,22.58,22.603,22.58,22.595,22.588,22.58,22.58,22.549,22.572,22.564,22.58,22.588,22.572,22.588,22.557,22.534,22.534,22.503,22.495,22.526,22.541,22.534,22.564,22.564,22.564,22.572,22.549,22.526,22.541,22.495,22.51,22.479,22.526,22.518,22.549,22.557,22.564,22.564,22.564,22.541,22.518,22.518,22.51,22.51,22.526,22.526,22.526,22.541,22.549,22.534,22.557,22.572,22.572,22.564,22.572,22.564,22.572,22.549,22.557,22.564,22.572,22.564,22.541,22.564,22.549,22.534,22.526,22.541,22.557,22.564,22.572,22.58,22.564,22.588,22.58,22.572,22.557,22.572,22.572,22.564,22.588,22.588,22.564,22.557,22.572,22.572,22.564,22.526,22.526,22.534,22.495,22.518,22.526,22.526,22.534,22.541,22.541,22.549,22.572,22.572,22.549,22.557,22.549,22.557,22.557,22.572,22.564,22.557,22.549,22.526,22.534,22.518,22.541,22.557,22.534,22.534,22.526,22.495,22.479,22.495,22.487,22.495,22.518,22.534,22.51,22.541,22.541,22.541,22.526,22.549,22.526,22.526,22.557,22.549,22.564,22.549,22.541,22.541,22.534,22.557,22.549,22.557,22.557,22.541,22.518,22.518,22.534,22.518,22.495,22.495,22.51,22.526,22.51,22.51,22.526,22.51,22.526,22.518,22.479,22.51,22.487,22.503,22.51,22.518,22.534,22.526,22.534,22.549,22.549,22.534,22.549,22.534,22.526,22.549,22.518,22.557,22.58,22.557,22.557,22.557,22.503,22.495,22.487,22.487,22.503,22.51,22.526,22.541,22.518,22.549,22.541,22.518,22.51,22.518,22.503,22.549,22.588,22.588,22.572,22.611,22.572,22.534,22.549,22.549,22.541,22.549,22.603,22.595,22.595,22.595,22.572,22.557,22.572,22.611,22.58,22.595,22.603,22.588,22.603,22.603,22.595,22.595,22.595,22.611,22.603,22.611,22.619,22.603,22.626,22.619,22.603,22.619,22.626,22.619,22.619,22.619,22.603,22.603,22.619,22.619,22.626,22.634,22.642,22.626,22.611,22.595,22.572,22.564,22.541,22.572,22.541,22.564,22.534,22.541,22.557,22.518,22.526,22.518,22.518,22.479,22.503,22.526,22.51,22.503,22.503,22.487,22.495,22.495,22.503,22.549,22.518,22.534,22.51,22.51,22.51,22.534,22.534,22.541,22.549,22.541,22.518,22.503,22.487,22.456,22.456,22.464,22.503,22.495,22.472,22.487,22.464,22.472,22.456,22.449,22.449,22.425,22.464,22.456,22.456,22.456,22.433,22.425,22.425,22.425,22.449,22.464,22.456,22.441,22.441,22.449,22.456,22.472,22.464,22.449,22.418,22.425,22.425,22.379,22.464,22.41,22.441,22.402,22.425,22.456,22.472,22.495,22.479,22.495,22.394,22.441,22.425,22.418,22.418,22.418,22.433,22.387,22.487,22.449,22.418,22.425,22.418,22.464,22.472,22.456,22.449,22.464,22.449,22.441,22.472,22.449,22.449,22.449,22.441,22.456,22.456,22.449,22.433,22.456,22.449,22.418,22.402,22.41,22.418,22.41,22.394,22.41,22.402,22.402,22.41,22.402,22.41,22.41,22.402,22.394,22.41,22.425,22.402,22.425,22.449,22.464,22.526,22.495,22.472,22.425,22.441,22.441,22.441,22.456,22.41,22.441,22.449,22.425,22.503,22.487,22.503,22.534,22.495,22.51,22.479
,22.379,22.387,22.387,22.371,22.356,22.356,22.348,22.317,22.325,22.294,22.302,22.302,22.332,22.34,22.363,22.371,22.363,22.394,22.387,22.348,22.348,22.309,22.34,22.348,22.363,22.356,22.371,22.348,22.332,22.34,22.34,22.356,22.34,22.371,22.34,22.348,22.363,22.387,22.425,22.456,22.433,22.433,22.456,22.418,22.379,22.418,22.441,22.425,22.418,22.418,22.418,22.425,22.441,22.418,22.41,22.394,22.41,22.433,22.464,22.464,22.472,22.472,22.51,22.495,22.503,22.487,22.487,22.441,22.441,22.456,22.418,22.441,22.456,22.456,22.472,22.472,22.487,22.479,22.472,22.487,22.464,22.503,22.51,22.518,22.518,22.503,22.51,22.472,22.487,22.495,22.526,22.534,22.526,22.526,22.541,22.51,22.518,22.51,22.51,22.518,22.51,22.518,22.534,22.534,22.534,22.526,22.503,22.503,22.487,22.51,22.503,22.526,22.503,22.503,22.503,22.503,22.518,22.534,22.526,22.557,22.572,22.572,22.549,22.526,22.534,22.526,22.526,22.549,22.557,22.557,22.549,22.557,22.541,22.549,22.564,22.58,22.564,22.588,22.549,22.603,22.588,22.572,22.588,22.572,22.58,22.588,22.588,22.611,22.595,22.595,22.58,22.572,22.572,22.588,22.588,22.58,22.557,22.564,22.557,22.572,22.572,22.58,22.611,22.58,22.58,22.619,22.603,22.619,22.619,22.611,22.595,22.595,22.58,22.603,22.572,22.564,22.58,22.588,22.564,22.557,22.564,22.572,22.572,22.595,22.58,22.642,22.634,22.657,22.595,22.611,22.572,22.626,22.642,22.572,22.588,22.564,22.572,22.549,22.572,22.595,22.595,22.595,22.588,22.58,22.564,22.58,22.58,22.572,22.572,22.564,22.572,22.603,22.588,22.588,22.611,22.595,22.572,22.564,22.572,22.549,22.549,22.549,22.541,22.534,22.549,22.564,22.58,22.58,22.603,22.564,22.588,22.595,22.603,22.595,22.572,22.588,22.588,22.572,22.572,22.58,22.595,22.588,22.588,22.595,22.588,22.588,22.595,22.58,22.572,22.564,22.564,22.572,22.588,22.58,22.595,22.564,22.541,22.534,22.51,22.541,22.541,22.526,22.564,22.557,22.549,22.564,22.564,22.549,22.541,22.526,22.518,22.479,22.456,22.518,22.51,22.534,22.549,22.557,22.564,22.549,22.541,22.51,22.503,22.51,22.526,22.534,22.541,22.526,22.541,22.549,22.549,22.564,22.549,22.572,22.564,22.572,22.564,22.58,22.572,22.58,22.58,22.572,22.572,22.534,22.557,22.541,22.549,22.557,22.541,22.541,22.549,22.557,22.564,22.595,22.564,22.549,22.557,22.58,22.572,22.588,22.572,22.588,22.58,22.572,22.557,22.572,22.564,22.564,22.549,22.549,22.541,22.534,22.534,22.534,22.541,22.541,22.541,22.549,22.541,22.557,22.564,22.58,22.549,22.541,22.549,22.549,22.549,22.572,22.564,22.557,22.534,22.534,22.541,22.541,22.557,22.549,22.549,22.526,22.51,22.487,22.51,22.495,22.487,22.479,22.495,22.518,22.541,22.534,22.526,22.541,22.51,22.51,22.526,22.51,22.503,22.518,22.518,22.557,22.549,22.541,22.557,22.564,22.549,22.549,22.541,22.541,22.526,22.51,22.51,22.51,22.557,22.51,22.526,22.495,22.518,22.518,22.526,22.503,22.487,22.51,22.495,22.487,22.51,22.518,22.534,22.518,22.534,22.534,22.534,22.534,22.541,22.557,22.549,22.549,22.549,22.58,22.572,22.572,22.557,22.557,22.526,22.526,22.487,22.495,22.503,22.495,22.518,22.51,22.518,22.549,22.518,22.526,22.503,22.51,22.51,22.526,22.549,22.549,22.572,22.564,22.611,22.557,22.541,22.549,22.541,22.557,22.58,22.603,22.58,22.603,22.611,22.588,22.557,22.595,22.611,22.572,22.634,22.588,22.588,22.595,22.58,22.595,22.595,22.619,22.603,22.595,22.611,22.611,22.595,22.603,22.611,22.619,22.626,22.626,22.626,22.611,22.603,22.619,22.611,22.611,22.603,22.626,22.611,22.634,22.665,22.611,22.588,22.572,22.549,22.518,22.526,22.557,22.534,22.572,22.541,22.549,22.526,22.518,22.51,22.518,22.526,22.51,22.487,22.479,22.487,22.472,22.487,22.495,22.495,22.503,22.518,22.51,22.518,22.518,22.51,22.526,22.518,22.557,22.541,22.541,22.526,22.541,22.51,22.495,22.464,22.456,22.495,22.479,22.464,22.472,22.472,22.472,22.464,22.472,22.464,22.394,22.41,22.456,22.449,22.449,22.449,22.418,22.379,22.394,22.449,22.464,22.456,22.449,22.441,22.472,22.441,22.449,22.464,22.472,22.456,22.402,22.41,22.387,22.41,22.418,22.456,22.41,22.433,22.41,22.449,22.449,22.487,22.402,22.479,22.449,22.456,22.456,22.464,22.418,22.402,22.433,22.394,22.418,22.418,22.456,22.418,22.495,22.441,22.479,22.464,22.472,22.441,22.433,22.487,22.449,22.456,22.449,22.464,22.449,22.464,22.487,22.456,22.441,22.456,22.433,22.441,22.41,22.41,22.402,22.41,22.418,22.425,22.433,22.425,22.433,22.425,22.433,22.425,22.41,22.402,22.402,22.425,22.449,22.456,22.456,22.456,22.464,22.472,22.433,22.464,22.425,22.449,22.425,22.464,22.464,22.464,22.456,22.472,22.456,22.472,22.534,22.503,22.541,22.51,22.534
,22.379,22.387,22.371,22.363,22.356,22.348,22.325,22.34,22.332,22.332,22.317,22.348,22.332,22.34,22.348,22.348,22.371,22.363,22.348,22.348,22.348,22.332,22.332,22.348,22.371,22.371,22.379,22.379,22.332,22.325,22.348,22.34,22.34,22.363,22.348,22.356,22.41,22.387,22.425,22.433,22.433,22.472,22.402,22.371,22.402,22.41,22.425,22.425,22.425,22.418,22.433,22.418,22.425,22.41,22.41,22.394,22.394,22.41,22.41,22.456,22.464,22.433,22.464,22.487,22.495,22.456,22.456,22.41,22.425,22.449,22.441,22.441,22.456,22.433,22.472,22.464,22.472,22.479,22.472,22.464,22.487,22.495,22.51,22.526,22.518,22.495,22.479,22.456,22.472,22.495,22.51,22.526,22.518,22.526,22.503,22.495,22.526,22.549,22.526,22.534,22.518,22.518,22.541,22.526,22.549,22.518,22.526,22.51,22.503,22.479,22.51,22.503,22.526,22.518,22.549,22.549,22.557,22.557,22.526,22.58,22.557,22.588,22.564,22.549,22.541,22.541,22.557,22.557,22.572,22.564,22.58,22.549,22.588,22.541,22.588,22.572,22.603,22.58,22.564,22.58,22.595,22.572,22.557,22.564,22.58,22.588,22.588,22.603,22.611,22.588,22.611,22.595,22.572,22.588,22.58,22.58,22.588,22.572,22.58,22.549,22.564,22.588,22.595,22.603,22.603,22.595,22.603,22.603,22.611,22.603,22.611,22.595,22.588,22.564,22.58,22.557,22.557,22.58,22.588,22.58,22.572,22.564,22.572,22.588,22.603,22.595,22.626,22.611,22.58,22.588,22.58,22.572,22.58,22.564,22.572,22.58,22.564,22.58,22.595,22.611,22.588,22.564,22.564,22.564,22.564,22.58,22.58,22.572,22.572,22.58,22.572,22.588,22.603,22.595,22.595,22.588,22.595,22.588,22.564,22.564,22.557,22.549,22.549,22.541,22.549,22.588,22.557,22.588,22.603,22.619,22.603,22.58,22.619,22.588,22.595,22.588,22.572,22.572,22.595,22.588,22.595,22.603,22.588,22.588,22.595,22.595,22.595,22.588,22.588,22.564,22.572,22.564,22.58,22.58,22.58,22.572,22.572,22.526,22.534,22.534,22.518,22.58,22.549,22.549,22.557,22.549,22.564,22.534,22.549,22.51,22.51,22.526,22.487,22.503,22.518,22.534,22.541,22.557,22.557,22.541,22.557,22.526,22.51,22.503,22.549,22.549,22.526,22.549,22.549,22.549,22.557,22.557,22.557,22.557,22.564,22.557,22.564,22.572,22.58,22.58,22.564,22.588,22.564,22.557,22.564,22.534,22.549,22.541,22.549,22.557,22.549,22.526,22.564,22.557,22.58,22.549,22.557,22.557,22.58,22.595,22.588,22.572,22.58,22.572,22.572,22.564,22.549,22.564,22.541,22.564,22.549,22.549,22.541,22.541,22.541,22.549,22.549,22.549,22.549,22.549,22.541,22.557,22.549,22.557,22.572,22.564,22.572,22.588,22.557,22.541,22.541,22.534,22.549,22.541,22.549,22.541,22.541,22.518,22.534,22.51,22.503,22.487,22.472,22.495,22.464,22.534,22.526,22.51,22.518,22.518,22.51,22.495,22.51,22.503,22.51,22.526,22.541,22.526,22.503,22.487,22.564,22.549,22.549,22.557,22.51,22.51,22.495,22.487,22.51,22.495,22.534,22.51,22.534,22.503,22.518,22.526,22.526,22.487,22.495,22.441,22.456,22.464,22.479,22.518,22.526,22.518,22.526,22.526,22.541,22.557,22.541,22.557,22.549,22.503,22.526,22.58,22.564,22.564,22.572,22.549,22.503,22.487,22.503,22.503,22.503,22.51,22.503,22.495,22.487,22.51,22.51,22.51,22.526,22.51,22.51,22.518,22.549,22.541,22.557,22.557,22.549,22.564,22.534,22.549,22.526,22.549,22.564,22.572,22.588,22.58,22.603,22.588,22.588,22.603,22.619,22.564,22.58,22.564,22.595,22.58,22.595,22.595,22.603,22.603,22.603,22.603,22.603,22.595,22.603,22.611,22.603,22.619,22.634,22.642,22.634,22.626,22.595,22.603,22.595,22.595,22.595,22.603,22.611,22.626,22.619,22.603,22.595,22.534,22.541,22.541,22.557,22.518,22.51,22.518,22.518,22.534,22.526,22.534,22.518,22.51,22.503,22.51,22.487,22.479,22.51,22.479,22.495,22.495,22.495,22.51,22.503,22.495,22.503,22.503,22.518,22.518,22.541,22.526,22.534,22.534,22.564,22.534,22.541,22.487,22.487,22.518,22.495,22.472,22.487,22.487,22.449,22.433,22.441,22.425,22.449,22.425,22.449,22.472,22.449,22.433,22.418,22.418,22.394,22.394,22.425,22.425,22.456,22.472,22.449,22.441,22.449,22.433,22.441,22.464,22.464,22.433,22.425,22.402,22.41,22.402,22.418,22.387,22.418,22.449,22.456,22.433,22.472,22.433,22.441,22.418,22.464,22.433,22.487,22.425,22.394,22.394,22.402,22.441,22.425,22.425,22.464,22.487,22.472,22.425,22.464,22.464,22.402,22.433,22.441,22.433,22.456,22.456,22.456,22.433,22.456,22.472,22.456,22.449,22.464,22.441,22.441,22.41,22.418,22.402,22.418,22.425,22.449,22.41,22.464,22.441,22.441,22.449,22.441,22.418,22.418,22.394,22.425,22.449,22.456,22.464,22.449,22.456,22.456,22.441,22.456,22.456,22.464,22.449,22.449,22.495,22.464,22.472,22.456,22.495,22.51,22.503,22.487,22.526,22.541,22.541
,22.356,22.387,22.371,22.356,22.356,22.325,22.309,22.317,22.309,22.356,22.325,22.356,22.348,22.348,22.348,22.356,22.348,22.363,22.363,22.332,22.348,22.356,22.34,22.356,22.371,22.371,22.379,22.363,22.348,22.34,22.34,22.34,22.34,22.379,22.34,22.379,22.394,22.418,22.464,22.456,22.449,22.441,22.394,22.41,22.433,22.379,22.41,22.425,22.402,22.425,22.41,22.418,22.433,22.418,22.402,22.41,22.41,22.425,22.449,22.464,22.472,22.472,22.472,22.487,22.503,22.464,22.449,22.418,22.402,22.425,22.41,22.433,22.441,22.449,22.487,22.456,22.487,22.487,22.479,22.472,22.487,22.472,22.51,22.51,22.503,22.495,22.479,22.464,22.479,22.495,22.495,22.518,22.518,22.51,22.51,22.541,22.51,22.526,22.518,22.51,22.503,22.51,22.526,22.534,22.549,22.534,22.541,22.518,22.51,22.503,22.503,22.495,22.534,22.564,22.534,22.549,22.541,22.526,22.58,22.549,22.588,22.572,22.564,22.541,22.534,22.534,22.557,22.572,22.572,22.572,22.572,22.572,22.541,22.572,22.572,22.51,22.588,22.549,22.588,22.588,22.572,22.564,22.572,22.564,22.58,22.58,22.595,22.603,22.595,22.603,22.572,22.58,22.572,22.588,22.595,22.595,22.611,22.619,22.58,22.572,22.58,22.588,22.58,22.588,22.603,22.595,22.603,22.603,22.626,22.603,22.595,22.611,22.588,22.572,22.58,22.564,22.564,22.564,22.564,22.557,22.564,22.572,22.588,22.595,22.595,22.588,22.611,22.603,22.58,22.564,22.557,22.564,22.572,22.58,22.572,22.603,22.572,22.603,22.603,22.595,22.588,22.557,22.549,22.541,22.541,22.572,22.58,22.572,22.572,22.572,22.564,22.588,22.588,22.595,22.611,22.572,22.58,22.541,22.541,22.549,22.549,22.557,22.557,22.564,22.557,22.572,22.58,22.58,22.603,22.611,22.595,22.611,22.626,22.603,22.572,22.58,22.564,22.564,22.58,22.588,22.611,22.611,22.572,22.603,22.595,22.595,22.588,22.595,22.557,22.564,22.557,22.557,22.564,22.564,22.564,22.549,22.526,22.557,22.564,22.534,22.549,22.549,22.549,22.549,22.534,22.534,22.534,22.518,22.518,22.518,22.495,22.51,22.526,22.503,22.541,22.541,22.557,22.541,22.549,22.572,22.503,22.526,22.51,22.526,22.564,22.541,22.557,22.534,22.541,22.549,22.557,22.557,22.549,22.557,22.564,22.557,22.58,22.564,22.572,22.564,22.58,22.572,22.564,22.557,22.534,22.534,22.549,22.557,22.541,22.564,22.526,22.541,22.549,22.557,22.564,22.541,22.564,22.564,22.557,22.611,22.58,22.572,22.58,22.58,22.572,22.564,22.564,22.549,22.557,22.564,22.58,22.549,22.557,22.549,22.549,22.557,22.557,22.557,22.549,22.549,22.557,22.564,22.564,22.557,22.557,22.534,22.572,22.557,22.541,22.572,22.541,22.557,22.557,22.549,22.541,22.549,22.518,22.526,22.472,22.503,22.479,22.495,22.464,22.487,22.518,22.51,22.479,22.503,22.526,22.526,22.503,22.51,22.495,22.503,22.487,22.495,22.51,22.487,22.51,22.534,22.518,22.51,22.51,22.518,22.51,22.495,22.51,22.503,22.487,22.487,22.503,22.526,22.51,22.518,22.51,22.526,22.495,22.526,22.487,22.456,22.464,22.472,22.487,22.51,22.526,22.526,22.557,22.518,22.526,22.534,22.534,22.557,22.518,22.51,22.557,22.534,22.549,22.534,22.541,22.518,22.51,22.51,22.503,22.518,22.503,22.503,22.51,22.487,22.495,22.487,22.51,22.541,22.526,22.549,22.503,22.518,22.526,22.541,22.557,22.549,22.518,22.549,22.564,22.557,22.549,22.557,22.58,22.564,22.564,22.572,22.58,22.58,22.588,22.603,22.603,22.557,22.588,22.58,22.58,22.572,22.595,22.595,22.603,22.595,22.603,22.595,22.58,22.595,22.603,22.595,22.626,22.611,22.619,22.626,22.626,22.611,22.588,22.58,22.572,22.58,22.58,22.58,22.588,22.626,22.619,22.611,22.588,22.549,22.51,22.541,22.518,22.51,22.518,22.526,22.526,22.541,22.541,22.518,22.518,22.495,22.503,22.503,22.464,22.487,22.487,22.472,22.495,22.495,22.503,22.51,22.51,22.495,22.51,22.495,22.51,22.534,22.526,22.526,22.526,22.534,22.541,22.526,22.518,22.518,22.487,22.503,22.51,22.479,22.472,22.472,22.449,22.441,22.441,22.449,22.41,22.441,22.425,22.433,22.449,22.433,22.418,22.418,22.394,22.402,22.418,22.425,22.449,22.487,22.449,22.464,22.441,22.441,22.433,22.441,22.441,22.441,22.418,22.425,22.41,22.449,22.402,22.425,22.41,22.449,22.456,22.433,22.387,22.387,22.433,22.425,22.363,22.41,22.441,22.418,22.441,22.425,22.418,22.402,22.41,22.41,22.433,22.441,22.449,22.441,22.449,22.441,22.387,22.418,22.418,22.456,22.441,22.449,22.456,22.472,22.441,22.479,22.472,22.441,22.449,22.441,22.418,22.433,22.41,22.394,22.418,22.418,22.464,22.464,22.418,22.472,22.479,22.464,22.456,22.433,22.387,22.41,22.425,22.441,22.441,22.456,22.464,22.449,22.425,22.449,22.449,22.464,22.464,22.487,22.479,22.433,22.479,22.479,22.472,22.503,22.433,22.495,22.51,22.526,22.534,22.557
,22.363,22.348,22.348,22.278,22.325,22.356,22.34,22.309,22.34,22.332,22.34,22.348,22.34,22.356,22.356,22.363,22.363,22.363,22.363,22.371,22.348,22.356,22.356,22.356,22.363,22.363,22.371,22.394,22.348,22.363,22.317,22.34,22.325,22.356,22.363,22.379,22.394,22.402,22.441,22.449,22.441,22.449,22.402,22.41,22.379,22.387,22.433,22.402,22.394,22.418,22.433,22.425,22.41,22.41,22.41,22.418,22.418,22.418,22.449,22.441,22.472,22.472,22.379,22.449,22.472,22.456,22.418,22.418,22.418,22.402,22.418,22.433,22.449,22.433,22.456,22.456,22.464,22.472,22.464,22.464,22.495,22.487,22.495,22.51,22.503,22.495,22.479,22.472,22.456,22.456,22.487,22.518,22.526,22.51,22.518,22.503,22.526,22.518,22.518,22.51,22.495,22.503,22.51,22.518,22.526,22.518,22.534,22.534,22.503,22.51,22.526,22.51,22.518,22.518,22.534,22.541,22.541,22.541,22.549,22.572,22.595,22.588,22.564,22.549,22.557,22.564,22.58,22.564,22.58,22.572,22.58,22.58,22.619,22.58,22.603,22.58,22.611,22.595,22.572,22.572,22.588,22.557,22.557,22.564,22.564,22.588,22.588,22.58,22.603,22.588,22.588,22.595,22.58,22.588,22.603,22.588,22.603,22.588,22.58,22.603,22.603,22.588,22.588,22.588,22.603,22.603,22.603,22.611,22.611,22.619,22.603,22.588,22.588,22.588,22.58,22.549,22.557,22.572,22.572,22.595,22.603,22.572,22.58,22.595,22.611,22.603,22.603,22.564,22.564,22.557,22.549,22.564,22.572,22.58,22.58,22.58,22.595,22.588,22.595,22.611,22.595,22.572,22.564,22.541,22.541,22.564,22.58,22.572,22.572,22.549,22.564,22.588,22.58,22.588,22.588,22.572,22.588,22.564,22.557,22.541,22.557,22.541,22.549,22.564,22.557,22.564,22.603,22.603,22.611,22.611,22.611,22.595,22.611,22.588,22.595,22.588,22.58,22.58,22.611,22.603,22.611,22.619,22.58,22.603,22.595,22.603,22.595,22.588,22.58,22.58,22.557,22.557,22.557,22.557,22.564,22.549,22.549,22.564,22.557,22.557,22.557,22.549,22.526,22.557,22.526,22.518,22.526,22.51,22.51,22.518,22.503,22.534,22.534,22.518,22.541,22.541,22.549,22.541,22.564,22.588,22.549,22.526,22.526,22.549,22.549,22.564,22.549,22.549,22.557,22.534,22.541,22.549,22.549,22.557,22.557,22.572,22.564,22.564,22.588,22.572,22.572,22.564,22.572,22.557,22.549,22.549,22.541,22.526,22.518,22.549,22.541,22.526,22.541,22.541,22.549,22.564,22.549,22.58,22.58,22.572,22.572,22.572,22.58,22.572,22.572,22.572,22.557,22.549,22.541,22.572,22.58,22.549,22.557,22.557,22.557,22.572,22.572,22.572,22.557,22.564,22.564,22.564,22.58,22.549,22.541,22.557,22.557,22.58,22.534,22.564,22.541,22.549,22.557,22.534,22.534,22.526,22.518,22.487,22.487,22.472,22.479,22.479,22.495,22.472,22.487,22.534,22.51,22.534,22.518,22.487,22.495,22.51,22.495,22.518,22.51,22.51,22.495,22.534,22.534,22.518,22.526,22.534,22.541,22.51,22.51,22.518,22.495,22.487,22.495,22.495,22.495,22.487,22.503,22.51,22.518,22.526,22.503,22.495,22.479,22.464,22.456,22.479,22.487,22.503,22.526,22.518,22.518,22.534,22.526,22.549,22.518,22.541,22.526,22.518,22.518,22.518,22.534,22.549,22.534,22.51,22.526,22.518,22.526,22.541,22.534,22.534,22.534,22.518,22.503,22.495,22.472,22.487,22.518,22.518,22.51,22.541,22.534,22.526,22.518,22.541,22.557,22.541,22.541,22.549,22.557,22.564,22.572,22.564,22.572,22.572,22.572,22.588,22.603,22.595,22.619,22.603,22.595,22.564,22.557,22.564,22.572,22.595,22.595,22.603,22.595,22.588,22.58,22.58,22.595,22.619,22.611,22.634,22.634,22.634,22.619,22.611,22.595,22.58,22.58,22.564,22.564,22.564,22.588,22.603,22.619,22.626,22.58,22.564,22.572,22.526,22.51,22.549,22.526,22.503,22.503,22.51,22.51,22.51,22.518,22.503,22.503,22.503,22.487,22.487,22.479,22.479,22.479,22.472,22.503,22.518,22.51,22.503,22.51,22.503,22.503,22.526,22.51,22.534,22.526,22.518,22.557,22.541,22.557,22.51,22.518,22.503,22.495,22.479,22.479,22.425,22.449,22.425,22.425,22.441,22.387,22.441,22.449,22.449,22.433,22.418,22.418,22.41,22.41,22.402,22.418,22.441,22.425,22.433,22.41,22.456,22.441,22.418,22.418,22.464,22.441,22.456,22.464,22.433,22.449,22.441,22.449,22.418,22.418,22.464,22.472,22.394,22.41,22.433,22.425,22.449,22.441,22.495,22.464,22.418,22.394,22.394,22.379,22.402,22.41,22.441,22.433,22.425,22.433,22.41,22.433,22.379,22.348,22.418,22.41,22.418,22.418,22.449,22.441,22.464,22.433,22.464,22.464,22.464,22.464,22.456,22.425,22.433,22.394,22.371,22.402,22.433,22.449,22.487,22.495,22.479,22.479,22.464,22.464,22.433,22.418,22.387,22.441,22.441,22.464,22.449,22.441,22.456,22.394,22.441,22.433,22.456,22.449,22.464,22.472,22.479,22.487,22.495,22.464,22.425,22.449,22.503,22.503,22.503,22.549,22.549
,22.309,22.332,22.348,22.363,22.332,22.34,22.371,22.332,22.356,22.34,22.356,22.34,22.325,22.34,22.34,22.348,22.363,22.356,22.363,22.371,22.363,22.356,22.348,22.371,22.371,22.356,22.348,22.348,22.363,22.332,22.402,22.325,22.379,22.371,22.363,22.379,22.418,22.433,22.433,22.449,22.441,22.41,22.387,22.402,22.394,22.441,22.425,22.433,22.387,22.418,22.425,22.433,22.433,22.418,22.41,22.41,22.425,22.441,22.449,22.456,22.456,22.464,22.456,22.449,22.441,22.433,22.418,22.41,22.441,22.464,22.425,22.449,22.464,22.433,22.472,22.449,22.479,22.487,22.479,22.487,22.487,22.495,22.495,22.503,22.495,22.503,22.479,22.464,22.425,22.456,22.51,22.503,22.518,22.526,22.518,22.51,22.51,22.518,22.51,22.51,22.495,22.495,22.518,22.518,22.526,22.541,22.549,22.534,22.518,22.518,22.51,22.503,22.526,22.534,22.534,22.541,22.549,22.549,22.557,22.557,22.557,22.557,22.549,22.564,22.588,22.58,22.557,22.572,22.572,22.572,22.588,22.595,22.588,22.611,22.634,22.619,22.611,22.588,22.588,22.572,22.58,22.588,22.564,22.58,22.572,22.572,22.588,22.595,22.58,22.58,22.603,22.588,22.595,22.58,22.58,22.595,22.619,22.611,22.588,22.58,22.588,22.588,22.595,22.603,22.595,22.603,22.603,22.619,22.603,22.626,22.611,22.595,22.572,22.588,22.564,22.58,22.58,22.588,22.572,22.603,22.595,22.58,22.588,22.58,22.603,22.603,22.588,22.557,22.557,22.564,22.564,22.58,22.58,22.58,22.588,22.572,22.58,22.595,22.603,22.595,22.58,22.572,22.549,22.541,22.549,22.588,22.564,22.572,22.58,22.557,22.564,22.58,22.58,22.588,22.595,22.588,22.58,22.58,22.572,22.557,22.549,22.549,22.564,22.572,22.595,22.549,22.595,22.611,22.603,22.603,22.603,22.595,22.603,22.603,22.58,22.588,22.58,22.595,22.611,22.626,22.611,22.619,22.619,22.619,22.595,22.603,22.588,22.572,22.564,22.557,22.549,22.541,22.557,22.549,22.549,22.557,22.541,22.534,22.549,22.564,22.564,22.549,22.541,22.541,22.518,22.51,22.518,22.51,22.51,22.534,22.526,22.541,22.534,22.549,22.549,22.564,22.557,22.572,22.564,22.541,22.557,22.534,22.564,22.541,22.549,22.603,22.549,22.557,22.51,22.534,22.541,22.557,22.557,22.549,22.549,22.572,22.58,22.58,22.58,22.58,22.572,22.572,22.564,22.557,22.564,22.541,22.549,22.549,22.541,22.564,22.564,22.549,22.534,22.557,22.549,22.564,22.572,22.58,22.595,22.595,22.595,22.588,22.58,22.58,22.572,22.557,22.564,22.572,22.58,22.58,22.564,22.564,22.572,22.549,22.572,22.58,22.572,22.572,22.564,22.564,22.572,22.572,22.572,22.557,22.557,22.549,22.534,22.557,22.572,22.572,22.549,22.557,22.557,22.549,22.518,22.526,22.518,22.51,22.495,22.495,22.472,22.503,22.495,22.487,22.51,22.503,22.541,22.549,22.518,22.503,22.503,22.503,22.503,22.518,22.518,22.518,22.526,22.518,22.518,22.526,22.549,22.526,22.526,22.526,22.51,22.495,22.503,22.495,22.487,22.487,22.503,22.495,22.51,22.518,22.518,22.518,22.534,22.526,22.495,22.464,22.464,22.449,22.495,22.495,22.526,22.518,22.549,22.541,22.557,22.518,22.534,22.51,22.479,22.526,22.534,22.564,22.541,22.541,22.518,22.526,22.526,22.534,22.549,22.541,22.534,22.541,22.541,22.518,22.518,22.479,22.495,22.425,22.51,22.526,22.51,22.518,22.534,22.534,22.51,22.526,22.572,22.526,22.564,22.534,22.58,22.557,22.595,22.58,22.572,22.572,22.572,22.572,22.603,22.619,22.603,22.595,22.588,22.572,22.572,22.572,22.588,22.603,22.58,22.595,22.595,22.588,22.58,22.595,22.595,22.611,22.611,22.619,22.619,22.634,22.619,22.603,22.588,22.58,22.572,22.564,22.564,22.572,22.588,22.611,22.611,22.626,22.611,22.58,22.564,22.541,22.534,22.534,22.549,22.495,22.51,22.51,22.503,22.495,22.495,22.487,22.518,22.51,22.503,22.503,22.51,22.464,22.534,22.534,22.51,22.518,22.518,22.526,22.51,22.518,22.479,22.526,22.503,22.51,22.51,22.518,22.526,22.549,22.534,22.541,22.503,22.518,22.503,22.479,22.495,22.456,22.433,22.402,22.402,22.449,22.441,22.456,22.464,22.433,22.449,22.425,22.425,22.425,22.425,22.425,22.418,22.425,22.441,22.479,22.495,22.495,22.433,22.41,22.418,22.41,22.425,22.425,22.441,22.433,22.464,22.464,22.449,22.449,22.472,22.441,22.433,22.456,22.449,22.433,22.495,22.464,22.464,22.418,22.456,22.425,22.394,22.371,22.379,22.433,22.402,22.441,22.433,22.433,22.449,22.433,22.418,22.418,22.371,22.379,22.41,22.425,22.441,22.441,22.441,22.425,22.433,22.425,22.433,22.441,22.456,22.479,22.456,22.433,22.402,22.363,22.387,22.425,22.402,22.472,22.495,22.479,22.479,22.479,22.456,22.456,22.418,22.387,22.356,22.41,22.394,22.425,22.433,22.464,22.418,22.456,22.464,22.449,22.479,22.472,22.495,22.425,22.479,22.433,22.433,22.472,22.464,22.472,22.479,22.51,22.526,22.549
,22.309,22.34,22.379,22.363,22.332,22.41,22.309,22.325,22.34,22.317,22.317,22.325,22.325,22.34,22.348,22.348,22.356,22.363,22.371,22.363,22.356,22.356,22.348,22.363,22.348,22.379,22.371,22.348,22.348,22.356,22.332,22.34,22.363,22.363,22.394,22.394,22.418,22.418,22.425,22.425,22.425,22.41,22.449,22.449,22.394,22.41,22.425,22.425,22.394,22.441,22.449,22.418,22.433,22.41,22.418,22.418,22.425,22.449,22.456,22.464,22.449,22.464,22.441,22.449,22.418,22.425,22.425,22.449,22.449,22.441,22.456,22.487,22.456,22.464,22.441,22.456,22.441,22.456,22.479,22.487,22.487,22.495,22.495,22.503,22.51,22.503,22.495,22.495,22.518,22.526,22.487,22.526,22.526,22.503,22.534,22.51,22.51,22.51,22.503,22.487,22.495,22.495,22.487,22.503,22.518,22.534,22.541,22.518,22.549,22.518,22.503,22.503,22.503,22.503,22.526,22.534,22.549,22.557,22.541,22.588,22.564,22.557,22.572,22.564,22.557,22.572,22.588,22.58,22.572,22.564,22.595,22.588,22.58,22.58,22.588,22.572,22.588,22.603,22.588,22.572,22.58,22.58,22.58,22.595,22.58,22.564,22.58,22.572,22.588,22.557,22.588,22.603,22.588,22.588,22.603,22.58,22.595,22.595,22.603,22.588,22.588,22.595,22.603,22.603,22.595,22.595,22.595,22.626,22.626,22.595,22.611,22.588,22.603,22.564,22.549,22.557,22.588,22.588,22.588,22.58,22.564,22.595,22.603,22.58,22.58,22.595,22.564,22.588,22.572,22.564,22.58,22.588,22.595,22.588,22.572,22.58,22.564,22.58,22.58,22.572,22.572,22.58,22.58,22.564,22.564,22.588,22.572,22.572,22.564,22.557,22.564,22.564,22.588,22.595,22.588,22.595,22.595,22.564,22.549,22.541,22.557,22.557,22.564,22.588,22.564,22.58,22.557,22.603,22.595,22.588,22.603,22.603,22.603,22.58,22.588,22.58,22.58,22.619,22.603,22.634,22.626,22.619,22.626,22.619,22.611,22.603,22.595,22.58,22.549,22.549,22.541,22.557,22.557,22.549,22.541,22.541,22.526,22.549,22.549,22.534,22.541,22.541,22.503,22.526,22.51,22.51,22.51,22.51,22.518,22.526,22.526,22.526,22.541,22.534,22.557,22.549,22.557,22.549,22.564,22.549,22.518,22.534,22.534,22.541,22.58,22.595,22.572,22.557,22.526,22.526,22.541,22.557,22.564,22.572,22.564,22.572,22.626,22.588,22.588,22.595,22.572,22.588,22.564,22.557,22.572,22.557,22.564,22.564,22.557,22.572,22.572,22.564,22.564,22.564,22.58,22.58,22.588,22.572,22.595,22.588,22.603,22.603,22.595,22.595,22.58,22.58,22.564,22.572,22.572,22.564,22.549,22.557,22.549,22.572,22.564,22.588,22.588,22.58,22.595,22.564,22.572,22.557,22.58,22.557,22.58,22.557,22.549,22.564,22.564,22.58,22.572,22.564,22.549,22.549,22.526,22.534,22.51,22.495,22.503,22.479,22.487,22.495,22.51,22.503,22.526,22.526,22.549,22.541,22.541,22.549,22.503,22.518,22.518,22.526,22.534,22.526,22.526,22.518,22.526,22.518,22.541,22.541,22.526,22.534,22.518,22.51,22.503,22.495,22.503,22.487,22.503,22.503,22.51,22.51,22.518,22.51,22.518,22.518,22.479,22.487,22.495,22.487,22.503,22.526,22.534,22.541,22.557,22.534,22.534,22.51,22.534,22.503,22.503,22.51,22.518,22.541,22.534,22.518,22.526,22.518,22.534,22.534,22.541,22.541,22.541,22.549,22.549,22.534,22.51,22.503,22.479,22.495,22.503,22.534,22.51,22.526,22.526,22.549,22.541,22.557,22.564,22.557,22.541,22.588,22.58,22.564,22.603,22.58,22.572,22.572,22.572,22.603,22.619,22.611,22.595,22.595,22.58,22.564,22.564,22.549,22.572,22.572,22.595,22.58,22.595,22.58,22.595,22.588,22.588,22.619,22.619,22.619,22.611,22.603,22.603,22.619,22.611,22.58,22.58,22.58,22.564,22.572,22.588,22.603,22.611,22.611,22.588,22.572,22.549,22.564,22.518,22.541,22.564,22.51,22.518,22.518,22.456,22.479,22.503,22.495,22.51,22.534,22.51,22.526,22.495,22.479,22.487,22.51,22.503,22.534,22.534,22.51,22.518,22.526,22.518,22.51,22.472,22.503,22.51,22.526,22.541,22.503,22.541,22.534,22.51,22.51,22.51,22.495,22.479,22.449,22.441,22.441,22.41,22.425,22.456,22.472,22.456,22.441,22.449,22.433,22.418,22.433,22.41,22.41,22.433,22.464,22.441,22.472,22.464,22.495,22.441,22.441,22.41,22.418,22.425,22.418,22.456,22.464,22.464,22.449,22.441,22.472,22.472,22.449,22.464,22.418,22.479,22.479,22.487,22.487,22.449,22.472,22.356,22.441,22.402,22.425,22.418,22.449,22.418,22.433,22.433,22.433,22.449,22.456,22.425,22.41,22.402,22.387,22.425,22.433,22.449,22.441,22.425,22.418,22.387,22.418,22.402,22.464,22.472,22.472,22.464,22.418,22.394,22.394,22.387,22.425,22.433,22.464,22.464,22.472,22.464,22.456,22.449,22.449,22.418,22.402,22.394,22.387,22.425,22.387,22.394,22.449,22.479,22.441,22.433,22.464,22.418,22.487,22.479,22.456,22.487,22.433,22.449,22.456,22.464,22.449,22.51,22.51,22.526,22.518
,22.325,22.371,22.371,22.379,22.387,22.387,22.356,22.379,22.317,22.317,22.317,22.317,22.332,22.34,22.34,22.348,22.363,22.348,22.371,22.363,22.363,22.34,22.363,22.363,22.356,22.394,22.356,22.387,22.325,22.348,22.34,22.34,22.356,22.387,22.371,22.41,22.41,22.418,22.425,22.433,22.433,22.394,22.425,22.441,22.449,22.425,22.402,22.41,22.464,22.425,22.418,22.449,22.449,22.441,22.449,22.433,22.441,22.433,22.464,22.456,22.472,22.456,22.456,22.433,22.441,22.449,22.441,22.456,22.472,22.472,22.472,22.51,22.495,22.456,22.456,22.449,22.441,22.464,22.464,22.472,22.495,22.495,22.518,22.526,22.51,22.518,22.495,22.51,22.503,22.503,22.495,22.534,22.541,22.495,22.495,22.51,22.51,22.51,22.51,22.495,22.487,22.495,22.479,22.487,22.51,22.526,22.534,22.526,22.557,22.518,22.534,22.503,22.503,22.518,22.518,22.541,22.557,22.564,22.572,22.58,22.557,22.572,22.572,22.564,22.58,22.588,22.572,22.595,22.58,22.588,22.58,22.588,22.564,22.564,22.595,22.564,22.595,22.588,22.58,22.595,22.588,22.595,22.588,22.572,22.595,22.58,22.58,22.588,22.603,22.619,22.603,22.626,22.595,22.588,22.588,22.588,22.58,22.595,22.603,22.603,22.603,22.595,22.595,22.603,22.603,22.588,22.626,22.611,22.603,22.595,22.603,22.611,22.595,22.58,22.564,22.564,22.588,22.595,22.595,22.603,22.564,22.557,22.549,22.572,22.541,22.557,22.619,22.603,22.595,22.603,22.611,22.603,22.603,22.588,22.572,22.557,22.549,22.534,22.549,22.58,22.595,22.58,22.58,22.58,22.588,22.58,22.572,22.572,22.564,22.549,22.557,22.557,22.572,22.595,22.58,22.572,22.58,22.572,22.564,22.572,22.549,22.564,22.541,22.564,22.572,22.572,22.572,22.58,22.572,22.595,22.58,22.58,22.588,22.603,22.611,22.611,22.626,22.634,22.649,22.634,22.634,22.626,22.634,22.611,22.619,22.58,22.588,22.572,22.564,22.572,22.557,22.557,22.549,22.557,22.557,22.58,22.549,22.557,22.541,22.541,22.549,22.564,22.518,22.534,22.526,22.503,22.518,22.534,22.526,22.541,22.549,22.541,22.549,22.518,22.534,22.572,22.564,22.549,22.572,22.557,22.58,22.534,22.541,22.541,22.572,22.557,22.588,22.541,22.549,22.557,22.572,22.564,22.572,22.572,22.572,22.58,22.595,22.595,22.603,22.588,22.595,22.58,22.58,22.58,22.58,22.572,22.572,22.564,22.564,22.58,22.572,22.572,22.58,22.564,22.572,22.58,22.588,22.595,22.595,22.611,22.619,22.611,22.619,22.611,22.58,22.588,22.58,22.58,22.58,22.572,22.572,22.557,22.557,22.564,22.572,22.58,22.611,22.603,22.58,22.58,22.564,22.572,22.572,22.572,22.572,22.557,22.557,22.572,22.572,22.572,22.588,22.557,22.588,22.549,22.541,22.549,22.526,22.518,22.51,22.503,22.487,22.503,22.51,22.51,22.557,22.549,22.541,22.572,22.557,22.526,22.518,22.526,22.526,22.526,22.534,22.541,22.534,22.534,22.541,22.541,22.541,22.534,22.534,22.534,22.51,22.51,22.51,22.51,22.51,22.51,22.495,22.518,22.526,22.503,22.51,22.495,22.479,22.479,22.472,22.487,22.487,22.472,22.503,22.518,22.51,22.557,22.557,22.526,22.526,22.534,22.518,22.541,22.51,22.557,22.564,22.564,22.564,22.534,22.518,22.534,22.557,22.534,22.549,22.557,22.541,22.557,22.557,22.534,22.526,22.487,22.487,22.487,22.487,22.518,22.526,22.549,22.534,22.518,22.549,22.588,22.534,22.557,22.557,22.541,22.595,22.588,22.58,22.588,22.595,22.611,22.619,22.626,22.595,22.626,22.595,22.603,22.595,22.564,22.557,22.58,22.564,22.588,22.595,22.588,22.588,22.588,22.603,22.58,22.626,22.611,22.611,22.619,22.595,22.595,22.595,22.611,22.603,22.626,22.611,22.588,22.595,22.595,22.595,22.588,22.611,22.619,22.611,22.58,22.572,22.557,22.572,22.572,22.549,22.564,22.534,22.495,22.487,22.479,22.503,22.51,22.518,22.526,22.534,22.534,22.518,22.503,22.472,22.51,22.495,22.534,22.534,22.549,22.534,22.503,22.479,22.534,22.503,22.495,22.487,22.526,22.503,22.549,22.534,22.518,22.487,22.503,22.495,22.495,22.456,22.449,22.464,22.433,22.441,22.456,22.464,22.472,22.464,22.456,22.449,22.433,22.418,22.41,22.41,22.441,22.425,22.433,22.456,22.449,22.479,22.487,22.456,22.402,22.418,22.418,22.402,22.418,22.425,22.433,22.464,22.456,22.479,22.456,22.464,22.487,22.456,22.479,22.495,22.487,22.479,22.433,22.472,22.433,22.433,22.387,22.449,22.418,22.425,22.425,22.433,22.433,22.449,22.456,22.464,22.425,22.433,22.418,22.387,22.394,22.449,22.425,22.449,22.441,22.418,22.363,22.356,22.464,22.441,22.464,22.479,22.449,22.433,22.441,22.402,22.379,22.402,22.402,22.449,22.441,22.464,22.456,22.449,22.456,22.441,22.433,22.402,22.433,22.41,22.379,22.41,22.41,22.418,22.418,22.425,22.464,22.456,22.433,22.472,22.503,22.51,22.495,22.479,22.479,22.487,22.479,22.472,22.487,22.495,22.51,22.518,22.51
,22.387,22.356,22.332,22.371,22.402,22.363,22.325,22.34,22.332,22.356,22.325,22.317,22.317,22.332,22.34,22.356,22.356,22.356,22.348,22.363,22.325,22.348,22.348,22.348,22.356,22.332,22.332,22.332,22.379,22.363,22.387,22.348,22.363,22.363,22.387,22.402,22.418,22.425,22.433,22.402,22.402,22.394,22.425,22.472,22.464,22.425,22.425,22.433,22.402,22.441,22.456,22.441,22.449,22.433,22.441,22.449,22.464,22.456,22.441,22.449,22.456,22.479,22.433,22.456,22.464,22.449,22.449,22.456,22.472,22.479,22.495,22.487,22.487,22.487,22.464,22.456,22.449,22.456,22.472,22.479,22.487,22.503,22.534,22.518,22.526,22.518,22.503,22.518,22.518,22.503,22.526,22.518,22.51,22.572,22.479,22.518,22.495,22.487,22.51,22.495,22.495,22.495,22.487,22.503,22.495,22.503,22.518,22.526,22.518,22.526,22.51,22.526,22.526,22.526,22.534,22.526,22.549,22.564,22.595,22.58,22.58,22.564,22.572,22.572,22.588,22.595,22.572,22.541,22.588,22.564,22.549,22.58,22.572,22.58,22.603,22.588,22.626,22.611,22.595,22.603,22.595,22.603,22.611,22.603,22.572,22.588,22.572,22.588,22.58,22.588,22.595,22.611,22.595,22.611,22.611,22.603,22.611,22.603,22.603,22.595,22.595,22.603,22.588,22.603,22.611,22.611,22.611,22.588,22.611,22.603,22.611,22.58,22.595,22.58,22.572,22.58,22.58,22.603,22.603,22.611,22.534,22.572,22.51,22.595,22.572,22.541,22.634,22.626,22.611,22.611,22.595,22.603,22.611,22.588,22.603,22.58,22.572,22.572,22.58,22.58,22.588,22.595,22.588,22.588,22.588,22.58,22.572,22.572,22.564,22.549,22.549,22.541,22.564,22.58,22.588,22.58,22.588,22.58,22.572,22.549,22.557,22.564,22.549,22.557,22.572,22.572,22.564,22.572,22.572,22.595,22.595,22.58,22.603,22.611,22.626,22.649,22.657,22.649,22.665,22.642,22.642,22.634,22.619,22.634,22.603,22.58,22.58,22.564,22.564,22.541,22.534,22.557,22.564,22.564,22.572,22.549,22.557,22.557,22.564,22.557,22.541,22.549,22.541,22.526,22.557,22.51,22.526,22.534,22.534,22.541,22.541,22.526,22.534,22.526,22.557,22.564,22.572,22.572,22.58,22.564,22.557,22.557,22.541,22.564,22.564,22.572,22.58,22.595,22.572,22.557,22.564,22.572,22.58,22.58,22.58,22.619,22.611,22.611,22.611,22.595,22.595,22.588,22.588,22.595,22.588,22.595,22.588,22.58,22.588,22.603,22.611,22.611,22.611,22.619,22.611,22.58,22.588,22.611,22.595,22.611,22.626,22.619,22.611,22.611,22.595,22.603,22.595,22.588,22.58,22.588,22.58,22.564,22.564,22.572,22.564,22.595,22.603,22.611,22.595,22.588,22.58,22.572,22.572,22.58,22.564,22.564,22.564,22.564,22.572,22.595,22.588,22.572,22.58,22.549,22.541,22.557,22.541,22.518,22.526,22.526,22.518,22.51,22.503,22.549,22.549,22.557,22.564,22.564,22.549,22.534,22.534,22.51,22.518,22.534,22.526,22.541,22.549,22.549,22.549,22.541,22.534,22.534,22.51,22.526,22.51,22.51,22.51,22.518,22.518,22.526,22.526,22.534,22.541,22.51,22.518,22.487,22.479,22.495,22.472,22.487,22.472,22.479,22.51,22.518,22.549,22.534,22.557,22.549,22.541,22.549,22.557,22.557,22.51,22.51,22.58,22.549,22.572,22.549,22.541,22.541,22.557,22.557,22.572,22.557,22.526,22.564,22.549,22.557,22.526,22.503,22.495,22.495,22.51,22.549,22.549,22.541,22.557,22.541,22.564,22.557,22.58,22.564,22.564,22.572,22.564,22.564,22.58,22.58,22.572,22.611,22.603,22.603,22.619,22.619,22.603,22.611,22.626,22.588,22.588,22.58,22.572,22.611,22.588,22.603,22.595,22.611,22.649,22.595,22.619,22.626,22.611,22.595,22.588,22.572,22.588,22.611,22.619,22.619,22.611,22.603,22.595,22.595,22.603,22.603,22.595,22.611,22.595,22.58,22.572,22.572,22.572,22.58,22.58,22.564,22.549,22.518,22.503,22.487,22.503,22.51,22.503,22.534,22.541,22.51,22.51,22.518,22.472,22.534,22.518,22.526,22.541,22.503,22.464,22.472,22.487,22.51,22.472,22.487,22.518,22.503,22.526,22.564,22.534,22.495,22.479,22.487,22.487,22.503,22.479,22.456,22.456,22.449,22.456,22.464,22.487,22.472,22.456,22.464,22.456,22.441,22.425,22.41,22.402,22.41,22.433,22.472,22.464,22.456,22.472,22.479,22.425,22.418,22.41,22.41,22.441,22.402,22.425,22.418,22.425,22.449,22.456,22.472,22.472,22.479,22.487,22.495,22.479,22.387,22.456,22.456,22.449,22.479,22.418,22.441,22.41,22.425,22.433,22.449,22.441,22.433,22.441,22.472,22.487,22.464,22.456,22.425,22.402,22.433,22.441,22.456,22.472,22.41,22.394,22.356,22.402,22.418,22.441,22.433,22.425,22.441,22.433,22.441,22.394,22.363,22.387,22.394,22.433,22.433,22.449,22.441,22.425,22.464,22.456,22.418,22.418,22.402,22.41,22.41,22.402,22.433,22.425,22.425,22.394,22.441,22.449,22.479,22.518,22.472,22.51,22.503,22.51,22.464,22.472,22.464,22.503,22.487,22.503,22.51,22.51,22.518
,22.41,22.371,22.371,22.356,22.363,22.348,22.356,22.363,22.356,22.371,22.332,22.325,22.317,22.34,22.356,22.371,22.363,22.379,22.371,22.363,22.387,22.302,22.356,22.394,22.387,22.363,22.387,22.348,22.34,22.348,22.41,22.363,22.356,22.363,22.363,22.402,22.402,22.418,22.418,22.418,22.449,22.433,22.441,22.464,22.456,22.418,22.425,22.394,22.41,22.449,22.379,22.449,22.433,22.441,22.456,22.456,22.433,22.449,22.441,22.472,22.441,22.449,22.472,22.449,22.464,22.464,22.464,22.456,22.472,22.479,22.472,22.495,22.51,22.472,22.472,22.464,22.456,22.456,22.433,22.449,22.472,22.51,22.518,22.534,22.541,22.503,22.518,22.518,22.518,22.518,22.51,22.503,22.495,22.518,22.464,22.503,22.51,22.495,22.495,22.503,22.487,22.51,22.495,22.51,22.495,22.487,22.534,22.534,22.526,22.518,22.541,22.526,22.534,22.534,22.534,22.549,22.557,22.572,22.572,22.588,22.595,22.595,22.588,22.572,22.58,22.572,22.595,22.611,22.603,22.557,22.557,22.549,22.572,22.603,22.588,22.603,22.603,22.611,22.626,22.611,22.595,22.603,22.58,22.588,22.588,22.588,22.588,22.58,22.595,22.595,22.595,22.603,22.642,22.611,22.603,22.611,22.619,22.619,22.619,22.595,22.595,22.603,22.58,22.595,22.619,22.611,22.603,22.595,22.595,22.595,22.595,22.595,22.58,22.572,22.572,22.58,22.595,22.588,22.603,22.588,22.611,22.58,22.541,22.588,22.557,22.572,22.595,22.626,22.626,22.626,22.603,22.603,22.611,22.58,22.595,22.58,22.572,22.588,22.564,22.595,22.588,22.588,22.595,22.588,22.588,22.58,22.572,22.564,22.557,22.541,22.526,22.549,22.549,22.58,22.572,22.588,22.58,22.572,22.557,22.549,22.526,22.549,22.564,22.549,22.572,22.564,22.549,22.572,22.588,22.595,22.603,22.611,22.603,22.619,22.634,22.649,22.649,22.634,22.642,22.649,22.657,22.634,22.619,22.619,22.603,22.595,22.58,22.572,22.557,22.564,22.564,22.572,22.58,22.572,22.588,22.572,22.572,22.564,22.564,22.549,22.549,22.518,22.534,22.557,22.518,22.534,22.526,22.534,22.541,22.549,22.541,22.534,22.526,22.526,22.541,22.557,22.557,22.564,22.572,22.557,22.564,22.541,22.557,22.557,22.564,22.557,22.557,22.58,22.58,22.58,22.572,22.588,22.588,22.595,22.595,22.595,22.603,22.611,22.626,22.603,22.611,22.611,22.619,22.603,22.603,22.588,22.588,22.588,22.588,22.611,22.611,22.603,22.603,22.603,22.611,22.588,22.611,22.603,22.603,22.619,22.626,22.634,22.634,22.634,22.619,22.619,22.611,22.588,22.595,22.595,22.572,22.58,22.549,22.564,22.58,22.611,22.626,22.603,22.603,22.595,22.58,22.572,22.58,22.595,22.564,22.58,22.572,22.58,22.58,22.58,22.595,22.595,22.588,22.549,22.549,22.549,22.549,22.541,22.534,22.518,22.51,22.534,22.534,22.557,22.541,22.564,22.549,22.557,22.549,22.549,22.534,22.526,22.534,22.534,22.526,22.541,22.541,22.557,22.549,22.534,22.564,22.518,22.526,22.534,22.534,22.495,22.526,22.534,22.526,22.534,22.534,22.541,22.526,22.534,22.487,22.472,22.472,22.472,22.479,22.472,22.487,22.472,22.51,22.518,22.526,22.526,22.541,22.541,22.549,22.557,22.541,22.564,22.51,22.534,22.588,22.541,22.557,22.541,22.549,22.503,22.557,22.503,22.564,22.572,22.572,22.572,22.557,22.541,22.534,22.503,22.51,22.503,22.526,22.534,22.541,22.557,22.572,22.557,22.564,22.557,22.572,22.58,22.564,22.549,22.58,22.557,22.572,22.572,22.564,22.603,22.595,22.611,22.634,22.619,22.611,22.611,22.595,22.588,22.603,22.603,22.611,22.595,22.603,22.588,22.619,22.619,22.619,22.611,22.619,22.611,22.603,22.603,22.595,22.564,22.588,22.603,22.619,22.611,22.603,22.595,22.588,22.595,22.595,22.595,22.603,22.58,22.58,22.58,22.572,22.58,22.557,22.58,22.557,22.564,22.541,22.503,22.487,22.495,22.487,22.526,22.534,22.526,22.518,22.518,22.518,22.495,22.495,22.526,22.518,22.51,22.503,22.456,22.541,22.526,22.479,22.51,22.518,22.503,22.487,22.495,22.503,22.534,22.503,22.503,22.479,22.456,22.495,22.464,22.487,22.464,22.472,22.472,22.464,22.472,22.479,22.449,22.456,22.472,22.456,22.441,22.425,22.402,22.402,22.387,22.433,22.449,22.456,22.464,22.456,22.464,22.433,22.449,22.41,22.379,22.41,22.433,22.402,22.418,22.441,22.449,22.449,22.441,22.472,22.487,22.495,22.487,22.487,22.479,22.479,22.433,22.472,22.472,22.394,22.449,22.433,22.456,22.449,22.441,22.433,22.433,22.449,22.433,22.441,22.449,22.464,22.41,22.402,22.425,22.433,22.456,22.402,22.425,22.379,22.379,22.394,22.402,22.433,22.433,22.441,22.418,22.402,22.433,22.41,22.379,22.425,22.356,22.418,22.425,22.433,22.433,22.425,22.456,22.425,22.464,22.449,22.449,22.418,22.418,22.41,22.418,22.433,22.418,22.418,22.472,22.425,22.464,22.487,22.503,22.503,22.487,22.487,22.456,22.479,22.456,22.495,22.51,22.51,22.534,22.51,22.479
,22.402,22.394,22.371,22.371,22.363,22.363,22.356,22.348,22.286,22.325,22.317,22.34,22.325,22.317,22.34,22.356,22.356,22.379,22.371,22.371,22.356,22.325,22.34,22.363,22.387,22.387,22.379,22.387,22.371,22.363,22.363,22.379,22.371,22.387,22.371,22.387,22.402,22.418,22.418,22.418,22.425,22.449,22.433,22.456,22.449,22.425,22.449,22.402,22.425,22.495,22.472,22.449,22.449,22.433,22.449,22.456,22.464,22.456,22.464,22.464,22.487,22.487,22.472,22.464,22.495,22.479,22.472,22.456,22.449,22.472,22.495,22.495,22.479,22.487,22.479,22.479,22.464,22.479,22.472,22.472,22.479,22.526,22.503,22.564,22.526,22.518,22.518,22.51,22.526,22.503,22.518,22.518,22.495,22.487,22.464,22.51,22.526,22.495,22.526,22.495,22.51,22.495,22.518,22.526,22.526,22.541,22.526,22.534,22.518,22.541,22.541,22.549,22.549,22.557,22.549,22.549,22.526,22.564,22.557,22.58,22.58,22.595,22.588,22.572,22.572,22.572,22.595,22.572,22.595,22.588,22.564,22.549,22.58,22.58,22.603,22.603,22.642,22.619,22.603,22.626,22.588,22.595,22.58,22.58,22.58,22.58,22.588,22.588,22.58,22.572,22.626,22.595,22.626,22.611,22.611,22.626,22.619,22.619,22.619,22.603,22.595,22.611,22.595,22.619,22.611,22.611,22.603,22.603,22.595,22.595,22.603,22.595,22.572,22.564,22.564,22.58,22.588,22.603,22.619,22.626,22.588,22.58,22.58,22.58,22.58,22.595,22.611,22.611,22.588,22.619,22.603,22.603,22.603,22.572,22.595,22.588,22.603,22.595,22.572,22.611,22.595,22.595,22.58,22.588,22.58,22.58,22.564,22.557,22.549,22.541,22.557,22.549,22.557,22.572,22.572,22.58,22.572,22.557,22.557,22.541,22.541,22.549,22.549,22.557,22.572,22.564,22.564,22.572,22.58,22.595,22.588,22.619,22.626,22.634,22.642,22.665,22.649,22.649,22.657,22.649,22.634,22.626,22.611,22.611,22.603,22.603,22.588,22.58,22.564,22.572,22.557,22.572,22.564,22.564,22.588,22.58,22.572,22.58,22.588,22.557,22.534,22.564,22.564,22.541,22.564,22.564,22.534,22.541,22.549,22.557,22.549,22.549,22.541,22.541,22.549,22.557,22.564,22.588,22.588,22.58,22.588,22.564,22.572,22.572,22.572,22.572,22.572,22.572,22.572,22.588,22.557,22.58,22.58,22.603,22.603,22.611,22.619,22.626,22.642,22.619,22.634,22.634,22.619,22.619,22.611,22.588,22.603,22.595,22.611,22.603,22.611,22.611,22.619,22.626,22.619,22.619,22.619,22.603,22.626,22.626,22.626,22.619,22.642,22.642,22.626,22.626,22.626,22.626,22.611,22.603,22.611,22.595,22.595,22.564,22.611,22.619,22.626,22.634,22.626,22.603,22.58,22.588,22.588,22.588,22.58,22.58,22.58,22.588,22.58,22.603,22.603,22.588,22.564,22.557,22.557,22.549,22.557,22.564,22.557,22.534,22.534,22.534,22.549,22.541,22.526,22.534,22.557,22.541,22.534,22.541,22.549,22.549,22.518,22.541,22.526,22.541,22.557,22.541,22.557,22.541,22.526,22.51,22.503,22.503,22.503,22.518,22.534,22.541,22.526,22.534,22.557,22.549,22.541,22.534,22.503,22.479,22.487,22.479,22.495,22.479,22.479,22.51,22.503,22.51,22.526,22.534,22.534,22.541,22.549,22.564,22.549,22.572,22.541,22.588,22.564,22.58,22.572,22.557,22.564,22.564,22.541,22.572,22.526,22.564,22.557,22.564,22.557,22.534,22.534,22.526,22.495,22.51,22.526,22.557,22.557,22.541,22.572,22.557,22.549,22.564,22.564,22.549,22.595,22.557,22.572,22.603,22.58,22.595,22.58,22.588,22.595,22.619,22.611,22.634,22.619,22.611,22.603,22.595,22.595,22.603,22.642,22.619,22.595,22.603,22.603,22.634,22.634,22.649,22.626,22.619,22.603,22.603,22.572,22.557,22.58,22.603,22.603,22.611,22.611,22.595,22.595,22.595,22.58,22.611,22.595,22.588,22.572,22.58,22.557,22.572,22.588,22.564,22.572,22.534,22.51,22.503,22.51,22.503,22.503,22.495,22.495,22.534,22.526,22.518,22.518,22.503,22.503,22.518,22.518,22.534,22.549,22.541,22.534,22.51,22.487,22.487,22.456,22.487,22.503,22.487,22.503,22.526,22.526,22.479,22.464,22.456,22.456,22.441,22.479,22.487,22.472,22.487,22.472,22.472,22.449,22.464,22.456,22.456,22.449,22.449,22.425,22.418,22.418,22.418,22.441,22.449,22.456,22.479,22.464,22.472,22.449,22.41,22.449,22.433,22.394,22.371,22.456,22.425,22.425,22.433,22.449,22.456,22.456,22.495,22.472,22.495,22.487,22.472,22.464,22.418,22.503,22.464,22.425,22.449,22.425,22.449,22.449,22.433,22.433,22.433,22.425,22.441,22.433,22.441,22.418,22.41,22.41,22.425,22.449,22.41,22.433,22.425,22.387,22.394,22.394,22.394,22.441,22.449,22.418,22.433,22.449,22.41,22.41,22.371,22.418,22.41,22.449,22.418,22.441,22.418,22.479,22.441,22.425,22.387,22.464,22.402,22.425,22.433,22.418,22.425,22.425,22.433,22.456,22.441,22.425,22.464,22.487,22.487,22.464,22.479,22.456,22.495,22.479,22.503,22.526,22.526,22.526,22.503,22.51,22.472
,22.387,22.371,22.379,22.325,22.332,22.348,22.34,22.325,22.325,22.302,22.332,22.309,22.34,22.317,22.34,22.363,22.371,22.379,22.348,22.356,22.325,22.34,22.34,22.317,22.332,22.371,22.34,22.41,22.41,22.379,22.402,22.356,22.363,22.394,22.402,22.41,22.402,22.394,22.402,22.41,22.433,22.441,22.433,22.464,22.433,22.441,22.425,22.394,22.456,22.433,22.379,22.425,22.433,22.441,22.433,22.425,22.456,22.441,22.302,22.479,22.472,22.479,22.479,22.472,22.495,22.41,22.433,22.441,22.472,22.449,22.449,22.472,22.495,22.487,22.487,22.472,22.472,22.472,22.479,22.487,22.456,22.464,22.518,22.487,22.526,22.541,22.51,22.518,22.51,22.51,22.526,22.526,22.534,22.518,22.503,22.526,22.526,22.503,22.518,22.526,22.534,22.51,22.51,22.526,22.526,22.557,22.534,22.526,22.526,22.534,22.541,22.549,22.549,22.557,22.549,22.541,22.557,22.549,22.572,22.572,22.588,22.595,22.572,22.588,22.58,22.58,22.572,22.595,22.564,22.572,22.557,22.564,22.557,22.603,22.626,22.619,22.634,22.649,22.657,22.611,22.588,22.58,22.58,22.588,22.588,22.595,22.58,22.588,22.588,22.58,22.572,22.619,22.572,22.619,22.634,22.626,22.634,22.611,22.619,22.626,22.603,22.588,22.588,22.611,22.619,22.588,22.619,22.603,22.619,22.595,22.588,22.58,22.557,22.564,22.557,22.557,22.58,22.595,22.603,22.611,22.595,22.58,22.588,22.58,22.58,22.572,22.588,22.58,22.619,22.603,22.588,22.603,22.595,22.603,22.603,22.603,22.611,22.626,22.619,22.611,22.611,22.58,22.611,22.588,22.58,22.58,22.564,22.564,22.557,22.557,22.557,22.557,22.557,22.572,22.564,22.564,22.572,22.557,22.549,22.541,22.534,22.541,22.549,22.557,22.564,22.564,22.572,22.588,22.588,22.588,22.619,22.619,22.626,22.642,22.649,22.642,22.642,22.634,22.642,22.634,22.619,22.603,22.611,22.611,22.619,22.611,22.595,22.572,22.564,22.557,22.564,22.572,22.557,22.557,22.572,22.557,22.564,22.58,22.588,22.541,22.557,22.549,22.557,22.572,22.564,22.557,22.549,22.549,22.549,22.557,22.564,22.564,22.557,22.557,22.564,22.572,22.58,22.58,22.588,22.588,22.595,22.595,22.588,22.595,22.58,22.588,22.58,22.572,22.572,22.588,22.557,22.588,22.603,22.603,22.603,22.634,22.619,22.642,22.634,22.642,22.634,22.649,22.642,22.634,22.603,22.603,22.595,22.626,22.611,22.619,22.611,22.611,22.619,22.626,22.634,22.619,22.619,22.611,22.619,22.634,22.626,22.634,22.626,22.611,22.642,22.626,22.634,22.619,22.642,22.611,22.619,22.603,22.58,22.588,22.603,22.611,22.634,22.642,22.626,22.611,22.603,22.595,22.595,22.603,22.595,22.588,22.588,22.572,22.58,22.595,22.611,22.603,22.58,22.564,22.564,22.557,22.58,22.564,22.534,22.541,22.541,22.534,22.518,22.541,22.534,22.534,22.541,22.541,22.534,22.534,22.534,22.541,22.518,22.541,22.526,22.518,22.549,22.534,22.534,22.541,22.518,22.518,22.51,22.51,22.518,22.526,22.526,22.534,22.541,22.549,22.534,22.534,22.541,22.526,22.51,22.503,22.487,22.464,22.503,22.495,22.487,22.503,22.518,22.526,22.518,22.534,22.541,22.541,22.549,22.564,22.549,22.541,22.541,22.557,22.541,22.564,22.549,22.572,22.557,22.557,22.572,22.564,22.58,22.572,22.58,22.557,22.534,22.541,22.518,22.51,22.51,22.518,22.51,22.534,22.557,22.541,22.557,22.572,22.58,22.588,22.564,22.564,22.541,22.564,22.595,22.58,22.603,22.595,22.595,22.58,22.603,22.611,22.603,22.603,22.626,22.595,22.58,22.603,22.603,22.642,22.619,22.611,22.626,22.626,22.619,22.626,22.619,22.634,22.611,22.611,22.58,22.58,22.564,22.572,22.603,22.588,22.595,22.611,22.603,22.58,22.588,22.541,22.588,22.564,22.58,22.58,22.572,22.557,22.549,22.549,22.572,22.564,22.557,22.534,22.526,22.51,22.487,22.495,22.495,22.495,22.51,22.518,22.526,22.503,22.518,22.472,22.526,22.456,22.495,22.534,22.526,22.534,22.526,22.526,22.518,22.479,22.479,22.526,22.449,22.495,22.487,22.518,22.487,22.503,22.464,22.479,22.449,22.456,22.472,22.472,22.479,22.487,22.487,22.479,22.479,22.449,22.464,22.425,22.441,22.441,22.433,22.425,22.41,22.425,22.441,22.464,22.495,22.487,22.487,22.479,22.425,22.433,22.402,22.402,22.394,22.41,22.441,22.449,22.456,22.441,22.456,22.449,22.472,22.472,22.487,22.487,22.479,22.487,22.472,22.433,22.479,22.418,22.456,22.456,22.449,22.433,22.425,22.425,22.418,22.418,22.433,22.449,22.464,22.433,22.418,22.418,22.41,22.402,22.387,22.418,22.433,22.441,22.394,22.394,22.418,22.41,22.425,22.425,22.449,22.456,22.402,22.402,22.425,22.41,22.371,22.371,22.441,22.433,22.433,22.433,22.433,22.449,22.441,22.456,22.456,22.41,22.425,22.41,22.433,22.433,22.441,22.456,22.441,22.425,22.449,22.449,22.472,22.487,22.472,22.472,22.449,22.464,22.503,22.433,22.51,22.51,22.541,22.51,22.51,22.495
,22.387,22.356,22.371,22.325,22.317,22.348,22.286,22.34,22.332,22.317,22.325,22.309,22.332,22.325,22.286,22.356,22.356,22.41,22.418,22.34,22.371,22.317,22.34,22.325,22.348,22.379,22.379,22.371,22.379,22.387,22.402,22.363,22.387,22.387,22.371,22.379,22.379,22.402,22.402,22.418,22.449,22.433,22.456,22.456,22.433,22.425,22.41,22.402,22.433,22.425,22.425,22.41,22.418,22.449,22.449,22.449,22.356,22.425,22.433,22.472,22.441,22.479,22.464,22.456,22.425,22.472,22.418,22.425,22.456,22.472,22.441,22.472,22.487,22.472,22.479,22.479,22.487,22.472,22.487,22.472,22.479,22.479,22.518,22.503,22.51,22.526,22.51,22.526,22.518,22.51,22.534,22.534,22.557,22.557,22.518,22.518,22.51,22.518,22.526,22.518,22.518,22.526,22.549,22.549,22.557,22.595,22.541,22.549,22.557,22.541,22.541,22.557,22.557,22.549,22.549,22.534,22.526,22.526,22.557,22.564,22.572,22.58,22.588,22.588,22.603,22.564,22.58,22.603,22.603,22.588,22.588,22.564,22.564,22.611,22.603,22.626,22.642,22.634,22.611,22.595,22.588,22.572,22.572,22.572,22.572,22.588,22.588,22.557,22.58,22.595,22.588,22.595,22.611,22.611,22.611,22.634,22.642,22.611,22.603,22.626,22.588,22.626,22.572,22.58,22.58,22.603,22.603,22.619,22.634,22.611,22.611,22.549,22.541,22.526,22.526,22.541,22.572,22.588,22.58,22.595,22.603,22.603,22.58,22.588,22.572,22.58,22.58,22.58,22.595,22.603,22.595,22.588,22.588,22.588,22.58,22.603,22.588,22.619,22.619,22.634,22.603,22.595,22.619,22.588,22.588,22.588,22.572,22.572,22.557,22.549,22.564,22.557,22.549,22.557,22.564,22.564,22.564,22.557,22.549,22.541,22.534,22.541,22.549,22.564,22.557,22.564,22.564,22.588,22.595,22.603,22.611,22.634,22.619,22.619,22.626,22.603,22.557,22.642,22.626,22.626,22.626,22.603,22.611,22.611,22.611,22.611,22.603,22.588,22.572,22.564,22.557,22.572,22.549,22.549,22.549,22.564,22.588,22.58,22.588,22.572,22.549,22.549,22.541,22.557,22.564,22.557,22.557,22.541,22.541,22.572,22.58,22.58,22.58,22.572,22.572,22.58,22.58,22.595,22.603,22.603,22.595,22.611,22.603,22.611,22.603,22.588,22.588,22.58,22.564,22.595,22.595,22.58,22.619,22.611,22.611,22.626,22.649,22.688,22.665,22.657,22.665,22.649,22.657,22.611,22.634,22.603,22.603,22.611,22.595,22.603,22.611,22.588,22.611,22.626,22.626,22.619,22.619,22.634,22.642,22.642,22.657,22.649,22.657,22.642,22.642,22.642,22.665,22.634,22.665,22.619,22.588,22.588,22.58,22.603,22.619,22.634,22.657,22.642,22.626,22.626,22.611,22.611,22.595,22.595,22.588,22.572,22.588,22.58,22.588,22.58,22.619,22.603,22.588,22.572,22.572,22.564,22.572,22.58,22.541,22.549,22.526,22.534,22.557,22.534,22.534,22.541,22.526,22.534,22.541,22.51,22.541,22.557,22.534,22.526,22.534,22.534,22.518,22.541,22.549,22.518,22.534,22.51,22.503,22.518,22.518,22.534,22.549,22.534,22.557,22.526,22.526,22.541,22.541,22.526,22.51,22.503,22.51,22.487,22.495,22.472,22.487,22.495,22.51,22.518,22.541,22.526,22.541,22.541,22.541,22.549,22.541,22.557,22.526,22.564,22.557,22.534,22.588,22.58,22.564,22.541,22.549,22.549,22.549,22.572,22.549,22.549,22.526,22.526,22.526,22.518,22.503,22.503,22.51,22.51,22.541,22.549,22.557,22.541,22.564,22.588,22.541,22.541,22.541,22.572,22.595,22.58,22.611,22.603,22.619,22.603,22.603,22.626,22.619,22.603,22.595,22.58,22.557,22.588,22.595,22.619,22.649,22.634,22.634,22.595,22.603,22.619,22.611,22.619,22.611,22.611,22.603,22.595,22.564,22.572,22.58,22.603,22.588,22.58,22.603,22.595,22.595,22.603,22.572,22.588,22.58,22.58,22.564,22.549,22.541,22.572,22.557,22.541,22.549,22.526,22.51,22.495,22.495,22.487,22.472,22.472,22.487,22.487,22.51,22.51,22.495,22.495,22.464,22.51,22.487,22.495,22.526,22.534,22.541,22.518,22.503,22.487,22.487,22.472,22.441,22.487,22.464,22.495,22.472,22.464,22.487,22.472,22.464,22.479,22.495,22.472,22.503,22.495,22.479,22.479,22.456,22.433,22.425,22.441,22.441,22.441,22.425,22.41,22.41,22.418,22.433,22.456,22.464,22.464,22.479,22.495,22.449,22.441,22.441,22.425,22.441,22.433,22.449,22.456,22.464,22.456,22.456,22.449,22.456,22.472,22.479,22.487,22.487,22.449,22.449,22.441,22.41,22.41,22.456,22.425,22.456,22.425,22.418,22.418,22.41,22.402,22.402,22.418,22.394,22.41,22.394,22.394,22.425,22.394,22.425,22.425,22.418,22.387,22.394,22.394,22.418,22.418,22.425,22.433,22.441,22.456,22.441,22.425,22.418,22.402,22.402,22.425,22.441,22.402,22.433,22.433,22.418,22.433,22.433,22.402,22.425,22.394,22.425,22.425,22.425,22.425,22.441,22.449,22.441,22.425,22.464,22.464,22.472,22.487,22.479,22.487,22.495,22.479,22.487,22.479,22.472,22.549,22.456,22.541,22.495,22.479
,22.363,22.34,22.356,22.317,22.325,22.309,22.309,22.278,22.271,22.317,22.278,22.294,22.317,22.278,22.325,22.317,22.363,22.309,22.363,22.379,22.371,22.332,22.332,22.363,22.317,22.363,22.379,22.387,22.387,22.379,22.394,22.363,22.371,22.371,22.387,22.394,22.387,22.371,22.371,22.379,22.425,22.418,22.418,22.441,22.41,22.433,22.418,22.41,22.402,22.449,22.441,22.418,22.441,22.433,22.441,22.456,22.479,22.456,22.402,22.456,22.472,22.472,22.464,22.441,22.472,22.41,22.425,22.425,22.449,22.472,22.456,22.479,22.472,22.479,22.464,22.495,22.472,22.456,22.449,22.472,22.472,22.503,22.503,22.487,22.534,22.518,22.495,22.51,22.487,22.534,22.549,22.564,22.541,22.564,22.526,22.549,22.541,22.51,22.526,22.541,22.518,22.518,22.541,22.534,22.564,22.58,22.564,22.564,22.549,22.526,22.549,22.549,22.541,22.557,22.541,22.518,22.557,22.51,22.541,22.564,22.58,22.595,22.58,22.603,22.58,22.58,22.58,22.595,22.588,22.603,22.595,22.588,22.58,22.595,22.611,22.603,22.603,22.619,22.595,22.603,22.595,22.58,22.58,22.58,22.588,22.595,22.588,22.588,22.603,22.603,22.595,22.595,22.603,22.595,22.619,22.611,22.603,22.595,22.603,22.603,22.588,22.572,22.58,22.58,22.564,22.611,22.626,22.642,22.642,22.642,22.595,22.58,22.534,22.534,22.534,22.541,22.564,22.572,22.595,22.588,22.58,22.603,22.588,22.58,22.58,22.588,22.572,22.572,22.588,22.588,22.595,22.595,22.588,22.588,22.58,22.595,22.603,22.611,22.619,22.611,22.595,22.595,22.603,22.58,22.603,22.588,22.588,22.564,22.572,22.564,22.564,22.564,22.557,22.557,22.557,22.549,22.564,22.564,22.557,22.549,22.541,22.549,22.557,22.557,22.572,22.572,22.572,22.58,22.595,22.595,22.611,22.611,22.626,22.619,22.611,22.603,22.603,22.611,22.611,22.626,22.611,22.603,22.603,22.595,22.611,22.619,22.595,22.588,22.572,22.557,22.572,22.549,22.549,22.541,22.549,22.572,22.549,22.588,22.557,22.564,22.541,22.557,22.549,22.564,22.557,22.549,22.557,22.549,22.557,22.572,22.58,22.603,22.595,22.588,22.588,22.588,22.603,22.626,22.626,22.619,22.626,22.619,22.619,22.619,22.611,22.603,22.603,22.603,22.611,22.611,22.595,22.603,22.649,22.642,22.626,22.619,22.665,22.649,22.657,22.657,22.665,22.665,22.649,22.657,22.642,22.649,22.626,22.634,22.611,22.611,22.603,22.649,22.611,22.649,22.634,22.626,22.642,22.626,22.642,22.649,22.665,22.688,22.665,22.665,22.649,22.665,22.657,22.665,22.634,22.619,22.626,22.611,22.611,22.611,22.611,22.634,22.642,22.649,22.657,22.642,22.603,22.611,22.603,22.588,22.58,22.58,22.595,22.58,22.588,22.595,22.595,22.603,22.603,22.595,22.58,22.588,22.572,22.58,22.564,22.549,22.541,22.541,22.549,22.534,22.549,22.549,22.541,22.541,22.541,22.541,22.534,22.549,22.541,22.549,22.51,22.541,22.495,22.534,22.541,22.495,22.51,22.495,22.487,22.503,22.518,22.526,22.534,22.549,22.541,22.51,22.526,22.526,22.518,22.503,22.503,22.495,22.526,22.503,22.487,22.487,22.487,22.487,22.518,22.526,22.534,22.534,22.549,22.526,22.549,22.541,22.549,22.541,22.549,22.541,22.564,22.557,22.58,22.564,22.572,22.557,22.534,22.58,22.564,22.549,22.534,22.526,22.518,22.526,22.518,22.534,22.526,22.495,22.534,22.518,22.526,22.541,22.572,22.557,22.549,22.58,22.549,22.549,22.557,22.549,22.564,22.634,22.611,22.611,22.626,22.595,22.611,22.603,22.603,22.595,22.572,22.58,22.58,22.557,22.588,22.595,22.619,22.619,22.619,22.603,22.611,22.595,22.642,22.611,22.611,22.603,22.619,22.595,22.588,22.588,22.603,22.595,22.603,22.588,22.588,22.595,22.595,22.58,22.588,22.557,22.588,22.564,22.564,22.557,22.557,22.526,22.526,22.541,22.534,22.487,22.495,22.495,22.487,22.472,22.487,22.472,22.487,22.495,22.495,22.503,22.495,22.464,22.487,22.526,22.479,22.51,22.51,22.526,22.518,22.51,22.51,22.487,22.51,22.487,22.479,22.464,22.433,22.456,22.479,22.487,22.495,22.487,22.51,22.487,22.464,22.449,22.495,22.487,22.495,22.472,22.472,22.449,22.425,22.449,22.449,22.449,22.433,22.41,22.433,22.425,22.449,22.464,22.464,22.472,22.518,22.472,22.418,22.433,22.449,22.425,22.441,22.456,22.449,22.456,22.472,22.495,22.449,22.456,22.425,22.472,22.464,22.472,22.456,22.441,22.418,22.472,22.41,22.425,22.449,22.418,22.449,22.425,22.41,22.394,22.394,22.394,22.394,22.394,22.402,22.394,22.402,22.387,22.418,22.402,22.418,22.418,22.41,22.425,22.371,22.394,22.402,22.425,22.433,22.433,22.441,22.363,22.363,22.418,22.371,22.394,22.402,22.425,22.433,22.464,22.441,22.433,22.379,22.425,22.41,22.41,22.418,22.387,22.425,22.41,22.433,22.433,22.425,22.464,22.433,22.456,22.418,22.425,22.464,22.495,22.495,22.487,22.464,22.51,22.472,22.472,22.495,22.534,22.549,22.51,22.526,22.479
,22.356,22.348,22.348,22.302,22.309,22.317,22.332,22.371,22.332,22.371,22.325,22.302,22.286,22.286,22.317,22.34,22.325,22.271,22.425,22.425,22.433,22.34,22.348,22.356,22.332,22.356,22.379,22.363,22.379,22.379,22.387,22.363,22.402,22.394,22.425,22.394,22.402,22.348,22.356,22.363,22.479,22.433,22.449,22.425,22.402,22.425,22.425,22.402,22.449,22.41,22.425,22.441,22.464,22.425,22.433,22.472,22.464,22.449,22.441,22.41,22.518,22.449,22.479,22.464,22.433,22.425,22.41,22.456,22.464,22.464,22.464,22.464,22.472,22.456,22.456,22.449,22.449,22.51,22.487,22.472,22.456,22.449,22.472,22.487,22.495,22.503,22.503,22.487,22.51,22.518,22.564,22.549,22.58,22.58,22.541,22.541,22.534,22.526,22.541,22.518,22.541,22.526,22.549,22.534,22.549,22.534,22.549,22.564,22.534,22.541,22.534,22.541,22.534,22.534,22.541,22.541,22.572,22.541,22.603,22.58,22.603,22.595,22.572,22.595,22.611,22.595,22.611,22.595,22.588,22.58,22.595,22.58,22.58,22.595,22.595,22.58,22.619,22.611,22.611,22.588,22.603,22.595,22.603,22.58,22.595,22.619,22.603,22.626,22.611,22.588,22.588,22.595,22.611,22.595,22.58,22.619,22.642,22.619,22.611,22.549,22.572,22.572,22.564,22.557,22.588,22.58,22.626,22.642,22.649,22.626,22.603,22.549,22.534,22.541,22.51,22.534,22.549,22.564,22.595,22.588,22.595,22.58,22.603,22.611,22.595,22.58,22.588,22.572,22.588,22.588,22.595,22.572,22.58,22.588,22.588,22.58,22.58,22.58,22.603,22.595,22.603,22.603,22.603,22.588,22.588,22.595,22.572,22.58,22.572,22.58,22.572,22.557,22.572,22.564,22.572,22.58,22.572,22.564,22.557,22.557,22.549,22.557,22.557,22.572,22.58,22.588,22.58,22.572,22.588,22.588,22.603,22.619,22.642,22.642,22.603,22.595,22.595,22.595,22.611,22.619,22.595,22.595,22.588,22.595,22.611,22.603,22.595,22.588,22.588,22.572,22.572,22.572,22.572,22.564,22.557,22.549,22.557,22.549,22.564,22.541,22.534,22.534,22.541,22.541,22.564,22.549,22.541,22.541,22.557,22.588,22.588,22.603,22.611,22.603,22.603,22.611,22.626,22.634,22.642,22.634,22.642,22.626,22.626,22.642,22.626,22.626,22.619,22.665,22.696,22.634,22.649,22.642,22.619,22.657,22.657,22.673,22.634,22.657,22.673,22.673,22.665,22.68,22.657,22.626,22.665,22.619,22.634,22.649,22.611,22.619,22.634,22.634,22.626,22.642,22.634,22.626,22.626,22.634,22.642,22.688,22.665,22.673,22.68,22.68,22.665,22.657,22.665,22.68,22.657,22.634,22.642,22.634,22.619,22.642,22.642,22.642,22.649,22.649,22.649,22.649,22.634,22.603,22.595,22.595,22.588,22.572,22.564,22.564,22.572,22.595,22.595,22.619,22.611,22.595,22.588,22.595,22.588,22.564,22.58,22.541,22.541,22.541,22.549,22.557,22.557,22.564,22.549,22.549,22.526,22.526,22.534,22.534,22.549,22.526,22.534,22.541,22.549,22.526,22.495,22.487,22.51,22.495,22.51,22.518,22.518,22.534,22.549,22.549,22.541,22.541,22.526,22.503,22.503,22.495,22.503,22.495,22.495,22.495,22.479,22.495,22.51,22.518,22.503,22.534,22.557,22.549,22.549,22.557,22.541,22.534,22.557,22.557,22.549,22.541,22.557,22.572,22.58,22.557,22.557,22.534,22.534,22.549,22.549,22.534,22.503,22.534,22.526,22.526,22.518,22.534,22.495,22.518,22.51,22.51,22.503,22.518,22.534,22.557,22.572,22.557,22.588,22.572,22.557,22.564,22.603,22.603,22.611,22.619,22.619,22.603,22.603,22.588,22.572,22.572,22.549,22.564,22.564,22.588,22.595,22.603,22.611,22.626,22.619,22.603,22.619,22.611,22.611,22.595,22.595,22.588,22.588,22.595,22.588,22.603,22.619,22.626,22.603,22.595,22.588,22.58,22.588,22.572,22.572,22.564,22.572,22.564,22.557,22.557,22.557,22.534,22.526,22.487,22.518,22.495,22.479,22.487,22.479,22.487,22.479,22.487,22.479,22.487,22.495,22.487,22.479,22.51,22.487,22.495,22.495,22.51,22.487,22.495,22.503,22.51,22.503,22.503,22.51,22.487,22.472,22.449,22.449,22.526,22.495,22.51,22.51,22.503,22.487,22.495,22.487,22.456,22.479,22.472,22.472,22.464,22.456,22.449,22.433,22.433,22.449,22.441,22.425,22.41,22.41,22.41,22.433,22.456,22.464,22.479,22.479,22.449,22.456,22.456,22.418,22.433,22.456,22.449,22.449,22.449,22.441,22.472,22.418,22.449,22.433,22.472,22.449,22.441,22.387,22.41,22.425,22.394,22.425,22.394,22.479,22.425,22.433,22.41,22.41,22.41,22.387,22.394,22.379,22.379,22.379,22.394,22.41,22.433,22.387,22.418,22.402,22.425,22.394,22.479,22.472,22.394,22.394,22.441,22.456,22.41,22.449,22.441,22.394,22.418,22.379,22.394,22.41,22.41,22.433,22.425,22.441,22.425,22.379,22.394,22.394,22.41,22.441,22.425,22.402,22.387,22.402,22.433,22.456,22.425,22.449,22.418,22.441,22.456,22.472,22.495,22.479,22.479,22.472,22.456,22.464,22.487,22.51,22.51,22.495,22.526,22.495,22.495
,22.348,22.332,22.332,22.34,22.325,22.309,22.325,22.363,22.394,22.371,22.325,22.278,22.286,22.317,22.34,22.332,22.402,22.425,22.41,22.418,22.418,22.348,22.363,22.363,22.371,22.371,22.363,22.394,22.363,22.363,22.356,22.356,22.41,22.418,22.394,22.402,22.402,22.371,22.371,22.387,22.402,22.41,22.418,22.418,22.41,22.418,22.433,22.425,22.425,22.425,22.472,22.449,22.456,22.433,22.418,22.425,22.526,22.449,22.464,22.433,22.487,22.472,22.456,22.479,22.433,22.456,22.441,22.464,22.464,22.479,22.472,22.487,22.479,22.456,22.425,22.449,22.425,22.449,22.472,22.495,22.449,22.479,22.518,22.526,22.526,22.526,22.518,22.479,22.495,22.541,22.541,22.557,22.595,22.58,22.557,22.564,22.534,22.526,22.541,22.564,22.526,22.534,22.541,22.534,22.549,22.564,22.549,22.534,22.549,22.549,22.549,22.526,22.534,22.549,22.541,22.541,22.564,22.564,22.572,22.58,22.603,22.634,22.603,22.595,22.588,22.611,22.626,22.611,22.595,22.588,22.595,22.564,22.595,22.595,22.588,22.58,22.595,22.588,22.595,22.603,22.603,22.595,22.603,22.603,22.603,22.58,22.603,22.595,22.595,22.588,22.595,22.595,22.588,22.588,22.603,22.588,22.572,22.626,22.595,22.564,22.58,22.564,22.541,22.557,22.58,22.58,22.626,22.649,22.634,22.626,22.649,22.588,22.541,22.534,22.541,22.541,22.564,22.557,22.58,22.595,22.588,22.572,22.595,22.595,22.595,22.595,22.58,22.58,22.58,22.58,22.595,22.58,22.572,22.588,22.58,22.572,22.595,22.588,22.595,22.603,22.595,22.588,22.588,22.557,22.595,22.588,22.58,22.588,22.564,22.572,22.572,22.557,22.564,22.564,22.58,22.603,22.588,22.58,22.572,22.557,22.557,22.564,22.564,22.58,22.572,22.588,22.611,22.58,22.588,22.588,22.564,22.642,22.642,22.634,22.626,22.588,22.603,22.603,22.595,22.611,22.595,22.588,22.611,22.588,22.611,22.611,22.611,22.595,22.595,22.588,22.572,22.572,22.58,22.564,22.557,22.58,22.564,22.572,22.572,22.541,22.549,22.572,22.564,22.564,22.549,22.557,22.572,22.572,22.572,22.58,22.603,22.619,22.619,22.619,22.619,22.634,22.649,22.657,22.665,22.657,22.657,22.657,22.649,22.642,22.634,22.626,22.642,22.634,22.665,22.665,22.673,22.711,22.688,22.673,22.657,22.657,22.696,22.673,22.688,22.688,22.688,22.696,22.688,22.665,22.673,22.665,22.673,22.649,22.626,22.665,22.665,22.673,22.649,22.657,22.68,22.68,22.657,22.665,22.68,22.696,22.68,22.68,22.703,22.688,22.68,22.673,22.673,22.665,22.665,22.673,22.649,22.665,22.657,22.657,22.673,22.665,22.626,22.649,22.657,22.657,22.619,22.603,22.595,22.588,22.595,22.588,22.572,22.588,22.588,22.611,22.603,22.619,22.611,22.603,22.595,22.58,22.588,22.557,22.572,22.564,22.549,22.564,22.564,22.557,22.58,22.572,22.549,22.549,22.541,22.541,22.541,22.557,22.557,22.572,22.549,22.549,22.518,22.534,22.549,22.51,22.518,22.487,22.51,22.503,22.541,22.534,22.549,22.557,22.534,22.541,22.518,22.487,22.495,22.495,22.495,22.51,22.51,22.495,22.503,22.503,22.51,22.518,22.51,22.541,22.549,22.541,22.541,22.564,22.557,22.549,22.564,22.572,22.557,22.557,22.541,22.564,22.572,22.564,22.572,22.549,22.541,22.503,22.541,22.564,22.518,22.518,22.526,22.534,22.534,22.526,22.526,22.51,22.518,22.503,22.51,22.526,22.541,22.541,22.564,22.572,22.564,22.588,22.595,22.58,22.58,22.603,22.611,22.619,22.619,22.611,22.595,22.58,22.58,22.564,22.557,22.58,22.603,22.572,22.603,22.588,22.611,22.611,22.611,22.603,22.611,22.588,22.588,22.588,22.588,22.595,22.619,22.595,22.619,22.611,22.603,22.619,22.595,22.58,22.588,22.58,22.564,22.58,22.572,22.572,22.595,22.58,22.588,22.557,22.549,22.534,22.495,22.51,22.479,22.472,22.495,22.472,22.479,22.495,22.464,22.495,22.479,22.479,22.495,22.495,22.495,22.495,22.495,22.503,22.503,22.472,22.472,22.487,22.495,22.495,22.503,22.487,22.495,22.472,22.464,22.441,22.487,22.472,22.518,22.495,22.526,22.51,22.503,22.479,22.479,22.479,22.503,22.487,22.495,22.472,22.487,22.449,22.456,22.449,22.456,22.456,22.449,22.441,22.433,22.418,22.449,22.456,22.456,22.464,22.449,22.456,22.441,22.441,22.441,22.472,22.464,22.472,22.472,22.456,22.472,22.433,22.456,22.449,22.441,22.418,22.41,22.402,22.402,22.418,22.41,22.418,22.456,22.441,22.441,22.487,22.418,22.41,22.418,22.402,22.394,22.387,22.387,22.387,22.379,22.379,22.433,22.464,22.402,22.441,22.425,22.41,22.441,22.425,22.425,22.41,22.387,22.418,22.425,22.402,22.394,22.379,22.402,22.363,22.371,22.387,22.379,22.402,22.394,22.418,22.379,22.418,22.387,22.41,22.379,22.418,22.41,22.402,22.379,22.41,22.394,22.394,22.425,22.441,22.425,22.418,22.425,22.456,22.472,22.479,22.495,22.479,22.456,22.479,22.495,22.526,22.564,22.534,22.487,22.549,22.487,22.518
,22.309,22.332,22.309,22.309,22.302,22.294,22.309,22.309,22.286,22.371,22.34,22.309,22.309,22.309,22.332,22.348,22.394,22.418,22.309,22.387,22.387,22.371,22.41,22.348,22.379,22.371,22.363,22.379,22.356,22.363,22.379,22.363,22.41,22.402,22.402,22.41,22.394,22.371,22.379,22.379,22.371,22.371,22.402,22.402,22.402,22.418,22.449,22.456,22.425,22.441,22.472,22.433,22.449,22.441,22.449,22.449,22.449,22.441,22.441,22.456,22.495,22.441,22.449,22.449,22.456,22.464,22.456,22.479,22.441,22.479,22.479,22.479,22.456,22.449,22.433,22.441,22.425,22.464,22.495,22.487,22.456,22.464,22.518,22.503,22.51,22.518,22.51,22.503,22.503,22.541,22.534,22.564,22.549,22.541,22.549,22.526,22.549,22.549,22.541,22.541,22.58,22.534,22.526,22.541,22.541,22.549,22.549,22.549,22.588,22.534,22.541,22.541,22.534,22.534,22.541,22.557,22.564,22.572,22.603,22.603,22.588,22.611,22.595,22.595,22.611,22.588,22.588,22.588,22.564,22.572,22.603,22.564,22.564,22.58,22.595,22.564,22.564,22.549,22.572,22.588,22.603,22.611,22.603,22.611,22.603,22.603,22.603,22.588,22.595,22.595,22.603,22.603,22.588,22.58,22.572,22.595,22.58,22.58,22.58,22.557,22.564,22.557,22.549,22.572,22.572,22.595,22.619,22.634,22.634,22.619,22.572,22.557,22.557,22.557,22.549,22.557,22.557,22.557,22.564,22.549,22.595,22.603,22.595,22.611,22.595,22.611,22.603,22.588,22.58,22.58,22.588,22.595,22.595,22.595,22.58,22.588,22.58,22.603,22.588,22.588,22.603,22.611,22.58,22.58,22.603,22.572,22.564,22.58,22.588,22.58,22.58,22.595,22.58,22.603,22.588,22.588,22.611,22.603,22.588,22.58,22.572,22.572,22.572,22.588,22.595,22.572,22.572,22.572,22.564,22.564,22.588,22.619,22.626,22.642,22.634,22.595,22.588,22.611,22.611,22.626,22.634,22.595,22.595,22.603,22.619,22.611,22.619,22.603,22.58,22.588,22.564,22.58,22.58,22.572,22.58,22.572,22.572,22.572,22.564,22.564,22.549,22.534,22.564,22.564,22.557,22.588,22.58,22.58,22.572,22.634,22.619,22.634,22.626,22.634,22.634,22.642,22.657,22.673,22.688,22.68,22.68,22.665,22.657,22.657,22.642,22.649,22.657,22.657,22.688,22.688,22.68,22.696,22.719,22.719,22.688,22.688,22.711,22.703,22.68,22.696,22.665,22.703,22.696,22.68,22.703,22.727,22.657,22.68,22.673,22.711,22.696,22.696,22.703,22.703,22.703,22.688,22.68,22.665,22.657,22.688,22.68,22.688,22.711,22.688,22.68,22.696,22.711,22.696,22.703,22.688,22.688,22.696,22.68,22.688,22.68,22.665,22.649,22.649,22.657,22.642,22.634,22.619,22.611,22.611,22.588,22.58,22.595,22.603,22.595,22.611,22.626,22.619,22.626,22.611,22.603,22.588,22.58,22.564,22.572,22.572,22.557,22.564,22.564,22.564,22.572,22.564,22.557,22.564,22.549,22.549,22.549,22.549,22.541,22.557,22.526,22.564,22.541,22.549,22.541,22.526,22.526,22.487,22.487,22.503,22.526,22.534,22.541,22.541,22.541,22.526,22.51,22.518,22.503,22.518,22.495,22.495,22.495,22.503,22.518,22.518,22.518,22.541,22.541,22.526,22.58,22.557,22.557,22.564,22.549,22.564,22.572,22.541,22.572,22.557,22.541,22.557,22.564,22.58,22.572,22.549,22.526,22.534,22.479,22.541,22.541,22.541,22.549,22.564,22.549,22.549,22.526,22.526,22.503,22.518,22.51,22.518,22.541,22.557,22.572,22.588,22.595,22.588,22.611,22.603,22.611,22.619,22.619,22.626,22.603,22.595,22.58,22.58,22.564,22.572,22.572,22.549,22.564,22.564,22.564,22.588,22.611,22.595,22.595,22.603,22.588,22.557,22.595,22.626,22.58,22.619,22.611,22.588,22.619,22.595,22.58,22.588,22.58,22.572,22.58,22.572,22.572,22.564,22.564,22.557,22.557,22.58,22.557,22.549,22.549,22.534,22.518,22.503,22.487,22.472,22.456,22.464,22.487,22.472,22.503,22.464,22.487,22.479,22.487,22.495,22.479,22.487,22.487,22.503,22.51,22.479,22.487,22.487,22.487,22.487,22.487,22.487,22.479,22.472,22.495,22.464,22.487,22.479,22.472,22.503,22.503,22.51,22.503,22.503,22.479,22.487,22.487,22.495,22.487,22.479,22.487,22.449,22.449,22.472,22.464,22.456,22.472,22.441,22.441,22.441,22.456,22.449,22.456,22.449,22.456,22.449,22.418,22.425,22.425,22.418,22.472,22.495,22.464,22.472,22.464,22.433,22.456,22.441,22.441,22.425,22.433,22.41,22.387,22.425,22.425,22.394,22.449,22.456,22.441,22.449,22.418,22.433,22.394,22.425,22.394,22.387,22.402,22.387,22.41,22.425,22.387,22.449,22.387,22.433,22.441,22.394,22.418,22.41,22.402,22.464,22.387,22.433,22.418,22.425,22.402,22.387,22.394,22.394,22.371,22.394,22.402,22.402,22.402,22.356,22.387,22.379,22.418,22.387,22.394,22.379,22.418,22.387,22.394,22.402,22.41,22.41,22.402,22.418,22.402,22.418,22.418,22.418,22.433,22.449,22.472,22.487,22.472,22.464,22.526,22.479,22.472,22.549,22.541,22.464,22.51,22.541
,22.317,22.317,22.309,22.317,22.325,22.379,22.402,22.371,22.356,22.325,22.348,22.332,22.332,22.325,22.34,22.332,22.356,22.379,22.309,22.356,22.371,22.379,22.371,22.371,22.371,22.379,22.402,22.379,22.371,22.371,22.379,22.379,22.41,22.418,22.402,22.387,22.425,22.418,22.379,22.433,22.41,22.41,22.402,22.394,22.418,22.41,22.464,22.449,22.441,22.479,22.456,22.449,22.456,22.464,22.449,22.425,22.41,22.449,22.51,22.464,22.472,22.441,22.456,22.479,22.464,22.495,22.487,22.487,22.487,22.487,22.487,22.479,22.479,22.456,22.464,22.449,22.449,22.449,22.441,22.472,22.464,22.487,22.503,22.541,22.518,22.518,22.51,22.518,22.534,22.534,22.557,22.557,22.557,22.534,22.518,22.557,22.526,22.541,22.557,22.564,22.557,22.572,22.572,22.58,22.557,22.541,22.549,22.557,22.588,22.557,22.549,22.557,22.541,22.526,22.534,22.557,22.564,22.572,22.588,22.588,22.588,22.611,22.603,22.611,22.603,22.611,22.595,22.572,22.595,22.557,22.564,22.572,22.564,22.595,22.572,22.58,22.588,22.58,22.634,22.588,22.611,22.611,22.619,22.603,22.611,22.595,22.626,22.619,22.603,22.619,22.603,22.603,22.619,22.595,22.58,22.588,22.572,22.595,22.611,22.58,22.572,22.564,22.541,22.572,22.564,22.572,22.619,22.634,22.619,22.619,22.595,22.564,22.58,22.557,22.564,22.564,22.557,22.557,22.526,22.557,22.588,22.58,22.603,22.619,22.603,22.595,22.603,22.588,22.58,22.588,22.588,22.603,22.595,22.595,22.603,22.603,22.595,22.595,22.611,22.595,22.619,22.611,22.595,22.588,22.58,22.572,22.572,22.572,22.58,22.603,22.58,22.611,22.603,22.619,22.603,22.588,22.595,22.588,22.595,22.611,22.588,22.58,22.549,22.58,22.603,22.572,22.588,22.572,22.572,22.603,22.626,22.626,22.665,22.649,22.657,22.603,22.588,22.603,22.603,22.626,22.603,22.626,22.634,22.642,22.626,22.619,22.619,22.603,22.595,22.588,22.588,22.588,22.595,22.595,22.58,22.58,22.588,22.588,22.58,22.58,22.58,22.564,22.564,22.564,22.564,22.572,22.58,22.588,22.657,22.619,22.657,22.649,22.642,22.649,22.657,22.673,22.688,22.696,22.703,22.696,22.688,22.68,22.68,22.657,22.673,22.665,22.68,22.688,22.703,22.711,22.742,22.734,22.719,22.719,22.688,22.727,22.734,22.719,22.719,22.703,22.711,22.696,22.711,22.711,22.719,22.703,22.734,22.734,22.703,22.727,22.734,22.719,22.719,22.727,22.719,22.703,22.703,22.696,22.68,22.68,22.696,22.719,22.711,22.711,22.719,22.696,22.719,22.719,22.719,22.711,22.703,22.719,22.703,22.711,22.711,22.688,22.696,22.665,22.665,22.657,22.642,22.642,22.626,22.642,22.626,22.611,22.619,22.619,22.634,22.642,22.634,22.634,22.634,22.619,22.595,22.611,22.595,22.595,22.572,22.557,22.572,22.564,22.58,22.572,22.572,22.58,22.564,22.564,22.549,22.557,22.549,22.557,22.564,22.58,22.549,22.564,22.557,22.549,22.549,22.541,22.534,22.51,22.541,22.518,22.534,22.534,22.534,22.541,22.541,22.534,22.526,22.518,22.518,22.51,22.51,22.526,22.503,22.518,22.526,22.526,22.526,22.541,22.541,22.564,22.564,22.549,22.588,22.557,22.557,22.595,22.557,22.572,22.549,22.549,22.572,22.58,22.58,22.564,22.564,22.541,22.534,22.518,22.518,22.541,22.549,22.549,22.557,22.564,22.549,22.541,22.526,22.51,22.518,22.534,22.526,22.526,22.534,22.564,22.564,22.588,22.588,22.595,22.595,22.603,22.603,22.603,22.619,22.595,22.603,22.603,22.603,22.595,22.564,22.58,22.58,22.549,22.549,22.564,22.58,22.595,22.595,22.595,22.595,22.572,22.557,22.557,22.603,22.619,22.588,22.611,22.619,22.58,22.58,22.611,22.541,22.588,22.572,22.572,22.572,22.572,22.564,22.564,22.557,22.557,22.557,22.534,22.564,22.549,22.534,22.51,22.487,22.503,22.472,22.472,22.456,22.472,22.479,22.479,22.479,22.495,22.487,22.495,22.472,22.472,22.487,22.472,22.479,22.487,22.51,22.479,22.495,22.495,22.487,22.503,22.472,22.472,22.449,22.495,22.472,22.479,22.487,22.503,22.472,22.479,22.503,22.51,22.487,22.526,22.495,22.526,22.495,22.503,22.487,22.487,22.472,22.456,22.456,22.472,22.472,22.472,22.456,22.472,22.449,22.441,22.425,22.456,22.441,22.441,22.441,22.433,22.449,22.433,22.456,22.456,22.449,22.487,22.456,22.472,22.472,22.449,22.441,22.441,22.441,22.425,22.464,22.387,22.387,22.479,22.449,22.433,22.479,22.449,22.441,22.402,22.425,22.394,22.41,22.402,22.41,22.379,22.387,22.41,22.418,22.441,22.41,22.425,22.402,22.433,22.433,22.449,22.418,22.402,22.433,22.433,22.394,22.449,22.402,22.41,22.387,22.394,22.387,22.363,22.425,22.425,22.425,22.387,22.387,22.379,22.356,22.371,22.34,22.41,22.348,22.425,22.402,22.402,22.433,22.433,22.402,22.418,22.418,22.418,22.394,22.379,22.418,22.418,22.441,22.449,22.464,22.456,22.456,22.495,22.503,22.51,22.534,22.51,22.503,22.464,22.549,22.572
,22.286,22.317,22.34,22.348,22.325,22.34,22.348,22.387,22.348,22.379,22.348,22.348,22.34,22.317,22.348,22.348,22.379,22.387,22.356,22.356,22.34,22.371,22.394,22.371,22.332,22.371,22.363,22.371,22.363,22.363,22.371,22.387,22.402,22.387,22.41,22.394,22.433,22.41,22.425,22.425,22.379,22.425,22.402,22.41,22.41,22.464,22.449,22.418,22.472,22.472,22.456,22.449,22.456,22.449,22.456,22.479,22.41,22.41,22.425,22.472,22.441,22.464,22.472,22.472,22.479,22.487,22.503,22.503,22.503,22.495,22.495,22.487,22.503,22.472,22.464,22.472,22.464,22.495,22.487,22.472,22.51,22.503,22.534,22.534,22.518,22.518,22.51,22.534,22.557,22.557,22.541,22.534,22.518,22.534,22.518,22.564,22.549,22.572,22.541,22.557,22.564,22.564,22.541,22.564,22.58,22.564,22.595,22.557,22.564,22.58,22.549,22.557,22.549,22.541,22.526,22.564,22.572,22.58,22.588,22.588,22.588,22.619,22.619,22.611,22.603,22.603,22.588,22.603,22.572,22.572,22.58,22.595,22.572,22.595,22.58,22.572,22.58,22.572,22.603,22.634,22.626,22.619,22.619,22.619,22.619,22.595,22.595,22.58,22.595,22.611,22.626,22.626,22.626,22.595,22.58,22.572,22.564,22.588,22.611,22.626,22.58,22.58,22.58,22.564,22.588,22.603,22.611,22.619,22.619,22.642,22.611,22.572,22.58,22.549,22.58,22.58,22.572,22.58,22.549,22.564,22.572,22.564,22.588,22.588,22.588,22.611,22.595,22.588,22.588,22.595,22.595,22.611,22.626,22.611,22.611,22.619,22.611,22.619,22.619,22.626,22.603,22.619,22.626,22.603,22.611,22.588,22.549,22.58,22.58,22.588,22.603,22.619,22.611,22.603,22.611,22.595,22.588,22.588,22.595,22.619,22.588,22.572,22.595,22.58,22.611,22.58,22.572,22.611,22.564,22.595,22.626,22.642,22.634,22.626,22.611,22.603,22.58,22.611,22.619,22.634,22.649,22.657,22.626,22.657,22.649,22.634,22.634,22.626,22.595,22.603,22.595,22.588,22.619,22.595,22.611,22.603,22.58,22.603,22.588,22.611,22.595,22.588,22.603,22.603,22.611,22.611,22.611,22.634,22.634,22.68,22.68,22.673,22.665,22.649,22.68,22.703,22.727,22.719,22.719,22.703,22.696,22.696,22.688,22.688,22.696,22.68,22.696,22.703,22.727,22.765,22.75,22.765,22.734,22.742,22.734,22.727,22.757,22.757,22.757,22.757,22.727,22.719,22.734,22.734,22.742,22.765,22.727,22.757,22.765,22.757,22.75,22.75,22.757,22.757,22.734,22.734,22.727,22.727,22.719,22.711,22.727,22.719,22.719,22.734,22.703,22.734,22.765,22.719,22.757,22.727,22.719,22.719,22.719,22.719,22.711,22.711,22.703,22.688,22.68,22.665,22.642,22.657,22.634,22.626,22.634,22.626,22.634,22.634,22.634,22.642,22.642,22.649,22.642,22.642,22.619,22.603,22.595,22.603,22.564,22.588,22.557,22.572,22.588,22.564,22.58,22.557,22.564,22.572,22.557,22.549,22.572,22.564,22.564,22.572,22.557,22.557,22.564,22.526,22.549,22.557,22.541,22.534,22.534,22.541,22.495,22.549,22.564,22.541,22.549,22.534,22.526,22.518,22.51,22.518,22.534,22.518,22.549,22.541,22.549,22.534,22.534,22.549,22.549,22.572,22.564,22.58,22.572,22.588,22.58,22.572,22.572,22.557,22.572,22.564,22.58,22.564,22.572,22.572,22.564,22.557,22.526,22.534,22.549,22.541,22.541,22.572,22.572,22.58,22.58,22.572,22.549,22.541,22.541,22.564,22.557,22.541,22.557,22.541,22.58,22.588,22.588,22.603,22.595,22.58,22.588,22.588,22.611,22.611,22.595,22.595,22.603,22.595,22.603,22.557,22.564,22.549,22.557,22.557,22.557,22.58,22.588,22.588,22.58,22.572,22.572,22.58,22.588,22.611,22.603,22.611,22.595,22.572,22.58,22.557,22.572,22.58,22.541,22.549,22.549,22.557,22.557,22.549,22.564,22.58,22.549,22.58,22.549,22.518,22.534,22.518,22.518,22.503,22.479,22.464,22.456,22.456,22.472,22.472,22.503,22.479,22.487,22.464,22.449,22.487,22.449,22.479,22.472,22.472,22.495,22.487,22.503,22.495,22.495,22.487,22.503,22.472,22.472,22.472,22.487,22.449,22.495,22.479,22.479,22.479,22.487,22.495,22.449,22.518,22.472,22.518,22.503,22.495,22.51,22.487,22.479,22.464,22.479,22.518,22.487,22.479,22.495,22.456,22.449,22.456,22.456,22.472,22.472,22.433,22.464,22.425,22.41,22.425,22.487,22.418,22.464,22.495,22.495,22.449,22.449,22.456,22.472,22.441,22.441,22.433,22.449,22.433,22.418,22.441,22.441,22.456,22.449,22.441,22.425,22.418,22.387,22.394,22.41,22.41,22.418,22.418,22.425,22.425,22.425,22.456,22.449,22.418,22.441,22.41,22.441,22.464,22.441,22.449,22.441,22.387,22.433,22.441,22.425,22.402,22.387,22.363,22.379,22.402,22.433,22.433,22.425,22.402,22.379,22.371,22.387,22.402,22.387,22.363,22.418,22.402,22.402,22.41,22.41,22.433,22.433,22.425,22.418,22.402,22.425,22.387,22.402,22.425,22.441,22.441,22.464,22.464,22.495,22.503,22.518,22.495,22.518,22.51,22.495,22.541,22.534,22.588
,22.224,22.325,22.348,22.317,22.325,22.356,22.332,22.348,22.387,22.34,22.325,22.363,22.325,22.317,22.363,22.348,22.34,22.356,22.332,22.363,22.387,22.363,22.402,22.387,22.371,22.363,22.371,22.363,22.379,22.363,22.371,22.379,22.394,22.394,22.402,22.371,22.402,22.418,22.41,22.418,22.425,22.394,22.41,22.394,22.402,22.41,22.433,22.433,22.449,22.456,22.441,22.456,22.449,22.456,22.418,22.418,22.41,22.402,22.41,22.425,22.441,22.464,22.472,22.479,22.487,22.503,22.495,22.464,22.487,22.487,22.487,22.487,22.495,22.495,22.487,22.495,22.495,22.487,22.51,22.503,22.518,22.534,22.534,22.534,22.534,22.503,22.526,22.534,22.526,22.534,22.534,22.534,22.518,22.503,22.51,22.51,22.534,22.541,22.557,22.541,22.557,22.557,22.572,22.588,22.58,22.557,22.549,22.557,22.549,22.557,22.564,22.557,22.549,22.557,22.572,22.534,22.58,22.58,22.588,22.611,22.603,22.611,22.611,22.611,22.595,22.58,22.557,22.564,22.603,22.58,22.58,22.58,22.595,22.588,22.595,22.58,22.611,22.58,22.595,22.603,22.619,22.626,22.619,22.642,22.619,22.603,22.595,22.588,22.619,22.619,22.626,22.642,22.603,22.595,22.58,22.588,22.588,22.603,22.611,22.611,22.603,22.58,22.58,22.572,22.588,22.588,22.611,22.626,22.634,22.619,22.603,22.595,22.564,22.58,22.58,22.564,22.572,22.58,22.58,22.534,22.534,22.541,22.572,22.588,22.595,22.588,22.603,22.58,22.595,22.595,22.611,22.619,22.626,22.626,22.626,22.626,22.619,22.619,22.611,22.611,22.595,22.634,22.611,22.595,22.611,22.58,22.564,22.588,22.611,22.58,22.595,22.603,22.595,22.603,22.611,22.603,22.595,22.588,22.595,22.611,22.595,22.595,22.619,22.572,22.634,22.603,22.619,22.603,22.572,22.611,22.611,22.626,22.642,22.642,22.619,22.603,22.588,22.611,22.626,22.649,22.657,22.649,22.657,22.626,22.642,22.634,22.626,22.619,22.595,22.595,22.595,22.603,22.603,22.603,22.626,22.595,22.595,22.619,22.619,22.626,22.611,22.603,22.611,22.603,22.611,22.619,22.626,22.634,22.657,22.688,22.688,22.703,22.665,22.673,22.68,22.711,22.734,22.719,22.719,22.719,22.711,22.727,22.703,22.703,22.711,22.78,22.742,22.75,22.742,22.796,22.811,22.757,22.757,22.757,22.78,22.773,22.765,22.773,22.788,22.773,22.75,22.757,22.765,22.75,22.757,22.804,22.85,22.711,22.765,22.78,22.765,22.765,22.773,22.765,22.765,22.765,22.742,22.734,22.75,22.734,22.734,22.719,22.727,22.734,22.734,22.773,22.757,22.75,22.75,22.742,22.727,22.727,22.727,22.727,22.727,22.719,22.719,22.711,22.688,22.688,22.673,22.68,22.673,22.665,22.649,22.642,22.657,22.649,22.649,22.657,22.657,22.665,22.649,22.649,22.657,22.657,22.603,22.595,22.603,22.58,22.595,22.58,22.619,22.611,22.588,22.58,22.572,22.557,22.572,22.557,22.549,22.549,22.557,22.564,22.549,22.557,22.564,22.541,22.572,22.557,22.557,22.564,22.541,22.534,22.534,22.549,22.549,22.541,22.549,22.534,22.526,22.51,22.526,22.518,22.518,22.541,22.541,22.541,22.541,22.534,22.549,22.534,22.549,22.564,22.58,22.58,22.58,22.58,22.557,22.588,22.58,22.595,22.58,22.588,22.588,22.58,22.572,22.557,22.549,22.557,22.534,22.541,22.51,22.549,22.557,22.572,22.595,22.603,22.603,22.595,22.564,22.549,22.541,22.564,22.572,22.564,22.557,22.564,22.58,22.58,22.595,22.603,22.58,22.572,22.588,22.588,22.595,22.595,22.595,22.603,22.603,22.603,22.595,22.557,22.549,22.564,22.564,22.541,22.557,22.549,22.564,22.58,22.572,22.564,22.58,22.58,22.572,22.572,22.595,22.603,22.595,22.588,22.541,22.588,22.58,22.549,22.541,22.526,22.526,22.534,22.549,22.549,22.549,22.58,22.557,22.572,22.526,22.518,22.51,22.526,22.51,22.487,22.487,22.449,22.464,22.464,22.456,22.464,22.464,22.464,22.487,22.472,22.472,22.472,22.479,22.441,22.472,22.495,22.503,22.503,22.495,22.541,22.51,22.472,22.495,22.472,22.472,22.503,22.487,22.479,22.479,22.487,22.487,22.487,22.472,22.51,22.541,22.541,22.518,22.51,22.503,22.479,22.487,22.479,22.495,22.479,22.479,22.495,22.479,22.495,22.472,22.464,22.456,22.433,22.449,22.464,22.441,22.441,22.449,22.449,22.425,22.425,22.418,22.449,22.418,22.441,22.472,22.449,22.449,22.441,22.433,22.425,22.425,22.425,22.441,22.441,22.425,22.433,22.441,22.472,22.441,22.418,22.387,22.41,22.402,22.379,22.379,22.394,22.41,22.425,22.433,22.425,22.449,22.433,22.433,22.418,22.425,22.441,22.441,22.441,22.449,22.394,22.394,22.441,22.433,22.418,22.418,22.41,22.387,22.394,22.394,22.402,22.394,22.418,22.379,22.387,22.394,22.332,22.387,22.371,22.41,22.402,22.41,22.41,22.441,22.425,22.41,22.441,22.449,22.433,22.464,22.418,22.387,22.379,22.402,22.418,22.425,22.441,22.441,22.456,22.479,22.479,22.495,22.479,22.487,22.495,22.479,22.526,22.557,22.518
,22.232,22.309,22.34,22.348,22.363,22.379,22.379,22.34,22.371,22.34,22.34,22.332,22.325,22.371,22.371,22.348,22.356,22.356,22.34,22.317,22.332,22.363,22.356,22.379,22.371,22.363,22.387,22.379,22.363,22.379,22.371,22.402,22.363,22.41,22.418,22.418,22.402,22.433,22.425,22.449,22.425,22.371,22.402,22.41,22.394,22.402,22.433,22.433,22.449,22.433,22.449,22.449,22.449,22.441,22.418,22.418,22.394,22.402,22.402,22.402,22.456,22.456,22.472,22.487,22.487,22.487,22.456,22.495,22.503,22.487,22.487,22.503,22.503,22.503,22.51,22.503,22.495,22.479,22.51,22.526,22.534,22.549,22.549,22.549,22.534,22.541,22.534,22.518,22.534,22.503,22.534,22.518,22.518,22.503,22.518,22.51,22.534,22.518,22.541,22.549,22.549,22.564,22.572,22.588,22.588,22.564,22.549,22.534,22.572,22.557,22.549,22.557,22.518,22.526,22.564,22.58,22.58,22.595,22.603,22.595,22.611,22.603,22.611,22.611,22.595,22.595,22.564,22.572,22.58,22.564,22.58,22.595,22.611,22.619,22.603,22.611,22.588,22.603,22.595,22.611,22.626,22.634,22.626,22.626,22.619,22.595,22.588,22.595,22.611,22.619,22.626,22.626,22.619,22.58,22.595,22.595,22.572,22.588,22.603,22.595,22.595,22.564,22.564,22.572,22.58,22.549,22.595,22.611,22.611,22.619,22.611,22.603,22.588,22.588,22.572,22.595,22.588,22.595,22.588,22.549,22.572,22.549,22.549,22.572,22.588,22.588,22.595,22.595,22.595,22.611,22.619,22.626,22.642,22.642,22.619,22.611,22.634,22.626,22.626,22.634,22.626,22.634,22.611,22.588,22.603,22.588,22.572,22.564,22.588,22.595,22.603,22.603,22.603,22.626,22.619,22.603,22.595,22.595,22.603,22.603,22.603,22.611,22.603,22.603,22.619,22.611,22.626,22.619,22.595,22.588,22.619,22.634,22.634,22.619,22.611,22.588,22.58,22.626,22.634,22.642,22.657,22.657,22.649,22.634,22.634,22.634,22.642,22.611,22.626,22.634,22.626,22.634,22.626,22.611,22.626,22.642,22.642,22.642,22.619,22.626,22.611,22.626,22.619,22.626,22.634,22.626,22.657,22.657,22.673,22.696,22.688,22.68,22.696,22.696,22.696,22.719,22.727,22.727,22.734,22.727,22.757,22.742,22.757,22.796,22.75,22.796,22.788,22.796,22.773,22.804,22.819,22.819,22.804,22.865,22.765,22.819,22.834,22.811,22.796,22.78,22.842,22.796,22.78,22.788,22.78,22.742,22.888,22.85,22.811,22.873,22.804,22.788,22.796,22.78,22.788,22.765,22.773,22.773,22.773,22.757,22.757,22.742,22.734,22.75,22.757,22.765,22.765,22.757,22.757,22.734,22.734,22.711,22.742,22.734,22.734,22.727,22.727,22.711,22.727,22.711,22.696,22.688,22.703,22.665,22.665,22.673,22.657,22.673,22.657,22.665,22.665,22.673,22.673,22.665,22.68,22.649,22.634,22.611,22.611,22.595,22.603,22.657,22.696,22.619,22.603,22.58,22.564,22.557,22.564,22.549,22.549,22.564,22.557,22.58,22.557,22.557,22.526,22.534,22.534,22.564,22.557,22.572,22.557,22.564,22.564,22.549,22.564,22.557,22.541,22.518,22.51,22.51,22.51,22.526,22.526,22.526,22.526,22.541,22.557,22.526,22.526,22.557,22.534,22.557,22.572,22.58,22.588,22.588,22.58,22.588,22.595,22.603,22.595,22.603,22.588,22.58,22.58,22.572,22.572,22.549,22.557,22.557,22.557,22.557,22.572,22.58,22.588,22.595,22.588,22.588,22.564,22.541,22.557,22.58,22.588,22.58,22.557,22.549,22.557,22.58,22.588,22.595,22.564,22.572,22.557,22.564,22.564,22.572,22.564,22.595,22.588,22.626,22.588,22.564,22.557,22.564,22.564,22.549,22.549,22.541,22.549,22.549,22.572,22.564,22.572,22.58,22.588,22.611,22.595,22.572,22.572,22.564,22.557,22.595,22.557,22.572,22.549,22.526,22.526,22.534,22.534,22.572,22.557,22.564,22.603,22.564,22.534,22.503,22.51,22.495,22.479,22.472,22.456,22.449,22.449,22.456,22.449,22.464,22.456,22.464,22.472,22.472,22.472,22.464,22.464,22.449,22.449,22.472,22.495,22.518,22.51,22.526,22.464,22.487,22.456,22.449,22.464,22.472,22.456,22.487,22.495,22.487,22.487,22.456,22.487,22.479,22.51,22.534,22.51,22.495,22.479,22.479,22.495,22.472,22.487,22.472,22.464,22.503,22.472,22.464,22.456,22.479,22.456,22.441,22.425,22.449,22.449,22.472,22.433,22.41,22.449,22.441,22.418,22.433,22.441,22.425,22.51,22.464,22.456,22.449,22.425,22.433,22.433,22.433,22.425,22.433,22.394,22.433,22.441,22.433,22.441,22.418,22.433,22.402,22.402,22.387,22.379,22.402,22.41,22.418,22.449,22.449,22.449,22.441,22.418,22.418,22.402,22.441,22.449,22.449,22.402,22.394,22.402,22.402,22.449,22.418,22.418,22.394,22.402,22.402,22.402,22.41,22.402,22.425,22.394,22.348,22.387,22.394,22.379,22.379,22.41,22.441,22.418,22.433,22.418,22.425,22.41,22.441,22.449,22.441,22.456,22.433,22.456,22.464,22.371,22.394,22.418,22.456,22.441,22.456,22.464,22.449,22.487,22.479,22.479,22.487,22.503,22.503,22.526,22.657
,22.286,22.34,22.348,22.402,22.363,22.371,22.34,22.363,22.356,22.332,22.34,22.363,22.348,22.363,22.363,22.356,22.363,22.356,22.325,22.325,22.356,22.356,22.356,22.356,22.371,22.34,22.379,22.371,22.371,22.363,22.356,22.387,22.394,22.41,22.41,22.425,22.402,22.425,22.441,22.433,22.449,22.418,22.402,22.41,22.425,22.402,22.41,22.425,22.441,22.441,22.449,22.449,22.441,22.425,22.425,22.425,22.41,22.41,22.418,22.418,22.449,22.479,22.464,22.487,22.51,22.487,22.464,22.464,22.495,22.526,22.495,22.51,22.487,22.51,22.518,22.51,22.503,22.534,22.51,22.51,22.526,22.549,22.549,22.557,22.549,22.541,22.526,22.549,22.526,22.541,22.526,22.534,22.518,22.518,22.526,22.51,22.518,22.541,22.564,22.541,22.557,22.557,22.564,22.588,22.557,22.549,22.58,22.557,22.564,22.564,22.564,22.557,22.541,22.564,22.557,22.588,22.588,22.611,22.603,22.611,22.611,22.619,22.611,22.603,22.58,22.564,22.58,22.564,22.564,22.595,22.572,22.603,22.603,22.619,22.626,22.611,22.603,22.595,22.595,22.619,22.626,22.642,22.642,22.642,22.619,22.611,22.603,22.611,22.595,22.611,22.619,22.626,22.619,22.611,22.595,22.58,22.588,22.595,22.611,22.595,22.588,22.572,22.564,22.557,22.572,22.58,22.588,22.649,22.665,22.634,22.619,22.603,22.588,22.572,22.58,22.603,22.588,22.595,22.588,22.58,22.572,22.549,22.557,22.549,22.557,22.595,22.603,22.603,22.603,22.603,22.642,22.642,22.626,22.626,22.634,22.619,22.626,22.626,22.626,22.634,22.634,22.642,22.634,22.611,22.588,22.595,22.588,22.611,22.588,22.595,22.603,22.603,22.626,22.619,22.626,22.603,22.603,22.595,22.619,22.58,22.603,22.619,22.611,22.603,22.619,22.626,22.572,22.626,22.619,22.603,22.611,22.619,22.603,22.611,22.611,22.626,22.611,22.626,22.634,22.657,22.657,22.657,22.642,22.673,22.626,22.626,22.634,22.642,22.634,22.649,22.634,22.634,22.642,22.649,22.649,22.642,22.642,22.657,22.642,22.619,22.626,22.626,22.642,22.649,22.642,22.657,22.673,22.673,22.68,22.688,22.696,22.696,22.703,22.711,22.719,22.734,22.734,22.742,22.757,22.75,22.78,22.788,22.78,22.804,22.804,22.858,22.804,22.827,22.919,22.85,22.85,22.911,22.85,22.834,22.873,22.842,22.896,22.904,22.911,22.834,22.881,22.858,22.881,22.788,22.919,22.934,22.911,22.834,22.888,22.896,22.819,22.85,22.811,22.811,22.788,22.811,22.811,22.819,22.819,22.804,22.78,22.765,22.742,22.757,22.742,22.78,22.78,22.757,22.742,22.734,22.742,22.742,22.696,22.727,22.742,22.711,22.734,22.734,22.734,22.719,22.711,22.711,22.703,22.688,22.696,22.665,22.673,22.657,22.657,22.673,22.665,22.688,22.696,22.688,22.68,22.649,22.657,22.611,22.588,22.619,22.626,22.619,22.626,22.619,22.634,22.58,22.564,22.564,22.541,22.557,22.557,22.549,22.557,22.549,22.588,22.626,22.549,22.541,22.549,22.557,22.557,22.572,22.572,22.564,22.572,22.588,22.564,22.572,22.541,22.541,22.526,22.51,22.518,22.51,22.541,22.534,22.534,22.541,22.534,22.557,22.534,22.526,22.534,22.557,22.572,22.572,22.58,22.588,22.588,22.595,22.595,22.611,22.619,22.611,22.595,22.588,22.572,22.58,22.58,22.564,22.572,22.549,22.549,22.564,22.557,22.58,22.595,22.595,22.588,22.564,22.572,22.564,22.595,22.549,22.564,22.526,22.564,22.564,22.588,22.611,22.595,22.603,22.564,22.58,22.557,22.564,22.564,22.572,22.572,22.588,22.588,22.572,22.564,22.572,22.557,22.572,22.557,22.564,22.534,22.534,22.549,22.541,22.564,22.58,22.588,22.58,22.595,22.603,22.58,22.588,22.58,22.595,22.564,22.588,22.549,22.572,22.541,22.518,22.518,22.518,22.526,22.549,22.564,22.58,22.564,22.549,22.541,22.526,22.503,22.503,22.495,22.479,22.456,22.441,22.464,22.495,22.456,22.472,22.464,22.464,22.464,22.449,22.479,22.449,22.441,22.464,22.425,22.541,22.549,22.541,22.534,22.479,22.449,22.425,22.464,22.456,22.464,22.472,22.479,22.503,22.479,22.503,22.495,22.472,22.479,22.479,22.487,22.479,22.487,22.479,22.479,22.472,22.472,22.472,22.472,22.479,22.472,22.487,22.464,22.456,22.456,22.449,22.449,22.456,22.441,22.456,22.456,22.464,22.449,22.433,22.41,22.41,22.41,22.41,22.41,22.41,22.464,22.441,22.487,22.441,22.425,22.425,22.418,22.402,22.418,22.41,22.418,22.433,22.425,22.418,22.41,22.418,22.41,22.441,22.41,22.394,22.394,22.418,22.402,22.441,22.425,22.449,22.433,22.433,22.418,22.433,22.41,22.425,22.425,22.418,22.425,22.402,22.41,22.387,22.433,22.433,22.394,22.433,22.387,22.402,22.418,22.402,22.394,22.379,22.371,22.394,22.402,22.356,22.394,22.41,22.418,22.425,22.418,22.433,22.425,22.425,22.394,22.441,22.449,22.425,22.441,22.441,22.387,22.41,22.418,22.418,22.418,22.433,22.441,22.456,22.479,22.495,22.464,22.479,22.472,22.487,22.503,22.503,22.557,22.564
,22.317,22.294,22.34,22.348,22.363,22.371,22.387,22.379,22.379,22.356,22.363,22.34,22.332,22.332,22.394,22.371,22.363,22.441,22.363,22.348,22.371,22.379,22.402,22.371,22.379,22.402,22.394,22.387,22.379,22.41,22.371,22.387,22.425,22.418,22.41,22.418,22.433,22.433,22.441,22.425,22.425,22.433,22.41,22.402,22.41,22.41,22.425,22.433,22.441,22.449,22.449,22.456,22.433,22.441,22.433,22.425,22.433,22.441,22.449,22.449,22.472,22.487,22.464,22.479,22.472,22.479,22.456,22.464,22.464,22.479,22.51,22.51,22.526,22.51,22.526,22.495,22.51,22.495,22.518,22.503,22.51,22.526,22.534,22.541,22.557,22.534,22.534,22.526,22.541,22.518,22.526,22.526,22.541,22.51,22.51,22.51,22.51,22.526,22.534,22.541,22.541,22.564,22.564,22.572,22.572,22.549,22.557,22.564,22.549,22.549,22.557,22.572,22.541,22.557,22.564,22.572,22.58,22.588,22.603,22.603,22.603,22.611,22.611,22.603,22.595,22.564,22.564,22.557,22.557,22.557,22.588,22.588,22.603,22.611,22.619,22.611,22.611,22.595,22.603,22.619,22.626,22.634,22.634,22.649,22.642,22.649,22.626,22.619,22.619,22.626,22.626,22.611,22.603,22.603,22.588,22.595,22.603,22.611,22.603,22.603,22.58,22.564,22.549,22.549,22.541,22.572,22.588,22.588,22.603,22.626,22.603,22.603,22.588,22.58,22.588,22.603,22.595,22.603,22.588,22.572,22.564,22.564,22.564,22.541,22.564,22.595,22.595,22.603,22.611,22.619,22.634,22.642,22.642,22.619,22.634,22.619,22.619,22.619,22.619,22.626,22.649,22.642,22.626,22.619,22.611,22.603,22.588,22.58,22.603,22.572,22.611,22.611,22.611,22.634,22.611,22.626,22.603,22.603,22.619,22.619,22.619,22.603,22.611,22.603,22.642,22.634,22.619,22.619,22.626,22.619,22.595,22.626,22.626,22.634,22.642,22.634,22.649,22.649,22.649,22.649,22.657,22.649,22.642,22.642,22.634,22.649,22.642,22.642,22.665,22.642,22.642,22.657,22.649,22.665,22.657,22.688,22.68,22.688,22.634,22.642,22.642,22.634,22.634,22.649,22.665,22.673,22.68,22.688,22.703,22.696,22.703,22.719,22.727,22.719,22.734,22.734,22.757,22.78,22.742,22.865,22.942,22.819,22.881,22.873,22.911,22.888,22.911,23.081,22.996,23.096,23.004,22.973,22.973,23.034,23.065,22.981,22.996,22.942,23.034,22.988,22.965,22.95,22.95,22.965,23.034,23.011,22.973,22.927,22.85,22.919,22.858,22.881,22.881,22.834,22.842,22.858,22.827,22.873,22.865,22.819,22.811,22.811,22.819,22.796,22.811,22.788,22.804,22.78,22.773,22.773,22.765,22.734,22.719,22.727,22.727,22.719,22.75,22.742,22.734,22.734,22.727,22.757,22.727,22.727,22.711,22.703,22.703,22.703,22.696,22.696,22.688,22.696,22.727,22.703,22.68,22.673,22.611,22.611,22.619,22.611,22.642,22.649,22.611,22.634,22.619,22.603,22.58,22.588,22.564,22.549,22.564,22.549,22.572,22.595,22.572,22.611,22.603,22.557,22.58,22.557,22.564,22.58,22.572,22.564,22.572,22.572,22.564,22.572,22.572,22.541,22.526,22.541,22.541,22.526,22.534,22.549,22.541,22.549,22.526,22.534,22.534,22.541,22.549,22.549,22.564,22.58,22.58,22.58,22.588,22.595,22.603,22.611,22.626,22.611,22.595,22.595,22.58,22.58,22.588,22.564,22.549,22.557,22.549,22.572,22.557,22.588,22.588,22.588,22.595,22.58,22.58,22.557,22.557,22.534,22.534,22.557,22.58,22.564,22.611,22.58,22.588,22.588,22.557,22.58,22.58,22.58,22.572,22.564,22.564,22.564,22.549,22.557,22.572,22.564,22.534,22.557,22.58,22.557,22.541,22.534,22.541,22.549,22.549,22.58,22.588,22.595,22.603,22.58,22.58,22.603,22.595,22.595,22.58,22.588,22.595,22.541,22.541,22.557,22.541,22.51,22.541,22.541,22.557,22.557,22.541,22.518,22.549,22.503,22.503,22.503,22.464,22.456,22.441,22.456,22.487,22.472,22.487,22.456,22.449,22.464,22.441,22.503,22.464,22.464,22.456,22.464,22.456,22.433,22.495,22.541,22.487,22.495,22.464,22.449,22.449,22.464,22.456,22.472,22.487,22.479,22.472,22.495,22.464,22.495,22.51,22.495,22.487,22.487,22.487,22.479,22.479,22.472,22.456,22.464,22.464,22.487,22.464,22.464,22.449,22.441,22.449,22.441,22.456,22.449,22.456,22.449,22.456,22.456,22.456,22.433,22.41,22.394,22.41,22.394,22.387,22.464,22.425,22.425,22.441,22.449,22.425,22.433,22.425,22.425,22.41,22.41,22.433,22.41,22.433,22.441,22.425,22.425,22.449,22.433,22.41,22.418,22.394,22.387,22.387,22.433,22.402,22.34,22.402,22.418,22.41,22.402,22.425,22.418,22.441,22.441,22.41,22.41,22.402,22.425,22.394,22.433,22.425,22.425,22.433,22.402,22.402,22.402,22.387,22.387,22.363,22.363,22.394,22.402,22.433,22.433,22.387,22.418,22.418,22.433,22.418,22.433,22.441,22.41,22.41,22.418,22.425,22.356,22.41,22.418,22.425,22.418,22.433,22.449,22.449,22.456,22.495,22.503,22.433,22.441,22.464,22.495,22.503,22.518,22.526,22.518
,22.371,22.317,22.34,22.356,22.371,22.371,22.394,22.394,22.394,22.394,22.379,22.325,22.371,22.363,22.394,22.41,22.379,22.387,22.371,22.387,22.394,22.371,22.402,22.41,22.402,22.394,22.394,22.387,22.387,22.402,22.425,22.418,22.418,22.433,22.418,22.418,22.425,22.41,22.441,22.449,22.402,22.433,22.425,22.441,22.441,22.441,22.425,22.433,22.449,22.441,22.456,22.449,22.425,22.425,22.418,22.441,22.433,22.464,22.472,22.464,22.503,22.441,22.464,22.464,22.472,22.487,22.472,22.449,22.503,22.51,22.51,22.495,22.518,22.495,22.51,22.51,22.51,22.503,22.51,22.495,22.518,22.503,22.534,22.526,22.526,22.534,22.51,22.534,22.534,22.534,22.526,22.549,22.541,22.549,22.534,22.549,22.541,22.526,22.549,22.541,22.557,22.572,22.564,22.564,22.58,22.557,22.572,22.572,22.564,22.595,22.572,22.572,22.564,22.564,22.557,22.564,22.564,22.58,22.595,22.588,22.619,22.619,22.634,22.642,22.603,22.58,22.557,22.549,22.564,22.564,22.557,22.603,22.588,22.634,22.619,22.619,22.619,22.603,22.572,22.619,22.626,22.642,22.649,22.642,22.673,22.649,22.657,22.634,22.642,22.634,22.634,22.626,22.634,22.611,22.611,22.58,22.595,22.58,22.595,22.595,22.572,22.557,22.557,22.549,22.564,22.557,22.58,22.611,22.588,22.619,22.626,22.588,22.572,22.58,22.572,22.603,22.603,22.588,22.58,22.572,22.557,22.541,22.564,22.58,22.58,22.588,22.611,22.619,22.642,22.619,22.634,22.634,22.642,22.634,22.634,22.626,22.595,22.634,22.642,22.642,22.642,22.634,22.634,22.611,22.603,22.595,22.588,22.58,22.588,22.58,22.611,22.619,22.642,22.634,22.611,22.595,22.611,22.611,22.619,22.619,22.626,22.603,22.595,22.634,22.619,22.603,22.626,22.642,22.626,22.611,22.626,22.603,22.619,22.634,22.649,22.634,22.657,22.642,22.649,22.657,22.642,22.657,22.657,22.665,22.665,22.673,22.657,22.657,22.657,22.665,22.649,22.665,22.688,22.688,22.703,22.696,22.696,22.703,22.649,22.642,22.657,22.642,22.649,22.657,22.665,22.703,22.711,22.703,22.719,22.719,22.696,22.727,22.757,22.757,22.796,22.765,22.796,22.796,22.842,22.996,22.996,22.95,22.927,22.942,22.973,23.073,23.188,23.119,23.165,23.119,23.073,23.096,23.119,23.265,23.065,23.134,23.157,23.157,23.065,23.157,23.173,23.088,23.042,23.119,23.088,23.111,23.173,23.15,23.011,22.988,22.934,22.942,22.973,22.873,22.865,22.888,22.881,22.888,22.919,22.873,22.881,22.827,22.834,22.858,22.842,22.865,22.842,22.804,22.796,22.773,22.796,22.804,22.75,22.75,22.788,22.773,22.757,22.757,22.742,22.765,22.742,22.757,22.734,22.75,22.757,22.727,22.711,22.727,22.711,22.711,22.711,22.719,22.711,22.727,22.703,22.68,22.619,22.649,22.642,22.634,22.642,22.657,22.665,22.642,22.634,22.603,22.588,22.588,22.58,22.564,22.564,22.572,22.557,22.58,22.619,22.649,22.649,22.595,22.572,22.557,22.572,22.564,22.572,22.588,22.58,22.58,22.58,22.588,22.58,22.564,22.549,22.572,22.534,22.549,22.572,22.549,22.549,22.541,22.549,22.541,22.541,22.549,22.572,22.564,22.58,22.58,22.58,22.595,22.595,22.603,22.611,22.619,22.634,22.611,22.603,22.588,22.588,22.588,22.572,22.588,22.588,22.58,22.564,22.564,22.58,22.588,22.588,22.588,22.588,22.588,22.58,22.572,22.557,22.557,22.549,22.572,22.564,22.564,22.58,22.58,22.619,22.595,22.595,22.588,22.58,22.58,22.58,22.572,22.557,22.557,22.557,22.564,22.564,22.572,22.572,22.572,22.541,22.557,22.541,22.541,22.541,22.549,22.557,22.564,22.572,22.611,22.619,22.58,22.603,22.611,22.588,22.588,22.58,22.595,22.564,22.572,22.541,22.541,22.541,22.557,22.549,22.549,22.549,22.549,22.541,22.518,22.534,22.518,22.51,22.503,22.479,22.472,22.456,22.503,22.464,22.487,22.495,22.472,22.449,22.495,22.433,22.449,22.449,22.472,22.479,22.487,22.495,22.449,22.51,22.479,22.541,22.495,22.487,22.456,22.456,22.449,22.487,22.472,22.495,22.479,22.479,22.472,22.503,22.495,22.487,22.487,22.495,22.495,22.479,22.487,22.472,22.479,22.464,22.456,22.479,22.464,22.456,22.449,22.449,22.433,22.441,22.441,22.441,22.449,22.456,22.487,22.449,22.449,22.425,22.433,22.441,22.441,22.41,22.387,22.402,22.394,22.418,22.433,22.456,22.449,22.441,22.449,22.441,22.433,22.418,22.418,22.418,22.433,22.418,22.425,22.41,22.449,22.41,22.479,22.41,22.418,22.425,22.394,22.441,22.433,22.402,22.418,22.425,22.425,22.433,22.402,22.394,22.441,22.41,22.418,22.433,22.387,22.402,22.418,22.418,22.387,22.41,22.402,22.379,22.41,22.402,22.387,22.387,22.402,22.402,22.371,22.394,22.402,22.41,22.41,22.402,22.433,22.425,22.425,22.456,22.418,22.425,22.433,22.41,22.402,22.425,22.433,22.41,22.402,22.456,22.464,22.425,22.464,22.479,22.472,22.503,22.479,22.425,22.433,22.472,22.487,22.495,22.449,22.564,22.495
,22.34,22.294,22.332,22.325,22.363,22.379,22.387,22.387,22.387,22.425,22.379,22.371,22.34,22.348,22.402,22.418,22.41,22.394,22.394,22.387,22.433,22.394,22.363,22.394,22.371,22.41,22.425,22.402,22.394,22.387,22.418,22.418,22.425,22.433,22.433,22.418,22.402,22.41,22.418,22.433,22.387,22.41,22.418,22.425,22.441,22.433,22.425,22.433,22.425,22.433,22.449,22.441,22.433,22.433,22.425,22.433,22.456,22.464,22.456,22.456,22.479,22.464,22.518,22.487,22.495,22.464,22.487,22.487,22.503,22.487,22.479,22.495,22.526,22.487,22.518,22.518,22.503,22.503,22.495,22.495,22.51,22.549,22.534,22.534,22.534,22.518,22.534,22.526,22.518,22.518,22.526,22.518,22.549,22.557,22.549,22.541,22.534,22.549,22.534,22.541,22.541,22.557,22.572,22.572,22.588,22.557,22.588,22.557,22.588,22.595,22.588,22.588,22.58,22.564,22.557,22.557,22.541,22.58,22.58,22.58,22.595,22.626,22.611,22.588,22.595,22.572,22.564,22.549,22.557,22.58,22.595,22.588,22.564,22.642,22.619,22.603,22.626,22.595,22.595,22.595,22.619,22.626,22.688,22.665,22.657,22.657,22.657,22.657,22.649,22.642,22.649,22.649,22.619,22.611,22.603,22.595,22.588,22.619,22.572,22.58,22.572,22.572,22.564,22.564,22.564,22.572,22.58,22.588,22.619,22.619,22.611,22.572,22.58,22.588,22.58,22.588,22.595,22.588,22.564,22.549,22.564,22.588,22.603,22.58,22.595,22.611,22.611,22.603,22.611,22.611,22.611,22.642,22.626,22.642,22.626,22.611,22.603,22.649,22.657,22.642,22.642,22.642,22.634,22.611,22.619,22.611,22.603,22.603,22.595,22.588,22.611,22.634,22.611,22.626,22.603,22.611,22.603,22.619,22.603,22.626,22.619,22.619,22.619,22.595,22.611,22.626,22.626,22.626,22.619,22.611,22.611,22.626,22.626,22.649,22.657,22.649,22.649,22.649,22.665,22.665,22.657,22.657,22.665,22.665,22.696,22.68,22.673,22.665,22.673,22.665,22.673,22.673,22.696,22.688,22.703,22.75,22.719,22.696,22.649,22.665,22.665,22.649,22.665,22.657,22.673,22.711,22.696,22.727,22.734,22.727,22.75,22.765,22.788,22.811,22.834,22.842,22.904,22.911,23.011,23.065,22.988,23.05,23.027,23.081,23.165,23.142,23.211,23.18,23.242,23.15,23.196,23.288,23.272,23.41,23.28,23.265,23.272,23.265,23.203,23.226,23.203,23.219,23.196,23.173,23.219,23.211,23.203,23.18,23.081,23.088,23.127,23.119,23.073,23.05,22.965,22.942,22.919,22.95,22.942,22.911,22.904,22.881,22.873,22.858,22.873,22.888,22.865,22.842,22.819,22.811,22.788,22.796,22.78,22.78,22.773,22.773,22.796,22.78,22.757,22.765,22.788,22.773,22.765,22.742,22.734,22.757,22.742,22.742,22.765,22.742,22.742,22.734,22.734,22.711,22.673,22.665,22.634,22.649,22.634,22.657,22.649,22.649,22.649,22.634,22.634,22.619,22.603,22.619,22.58,22.58,22.588,22.588,22.588,22.595,22.649,22.634,22.619,22.595,22.603,22.564,22.58,22.58,22.58,22.588,22.58,22.58,22.595,22.595,22.588,22.588,22.564,22.564,22.58,22.564,22.572,22.557,22.549,22.564,22.557,22.58,22.572,22.572,22.58,22.572,22.564,22.572,22.58,22.603,22.611,22.611,22.619,22.626,22.611,22.595,22.603,22.58,22.572,22.588,22.603,22.588,22.595,22.58,22.549,22.572,22.588,22.595,22.588,22.588,22.58,22.588,22.557,22.595,22.549,22.526,22.564,22.572,22.595,22.611,22.588,22.626,22.611,22.595,22.58,22.58,22.588,22.595,22.588,22.58,22.572,22.564,22.557,22.557,22.557,22.564,22.572,22.564,22.564,22.549,22.557,22.557,22.557,22.564,22.564,22.557,22.588,22.588,22.603,22.572,22.572,22.58,22.588,22.588,22.595,22.58,22.564,22.541,22.557,22.526,22.557,22.564,22.557,22.541,22.541,22.541,22.534,22.51,22.495,22.503,22.503,22.495,22.487,22.464,22.464,22.51,22.518,22.495,22.503,22.472,22.464,22.479,22.425,22.456,22.472,22.464,22.472,22.487,22.479,22.487,22.472,22.51,22.51,22.503,22.487,22.495,22.479,22.464,22.487,22.503,22.503,22.495,22.487,22.433,22.479,22.479,22.487,22.495,22.456,22.464,22.456,22.464,22.464,22.479,22.433,22.456,22.456,22.456,22.456,22.449,22.441,22.433,22.449,22.425,22.456,22.464,22.464,22.472,22.487,22.472,22.449,22.425,22.441,22.441,22.402,22.433,22.387,22.402,22.418,22.433,22.472,22.464,22.441,22.456,22.441,22.441,22.433,22.425,22.418,22.418,22.425,22.433,22.418,22.433,22.441,22.441,22.433,22.425,22.402,22.449,22.387,22.371,22.394,22.425,22.425,22.433,22.41,22.402,22.433,22.433,22.41,22.433,22.425,22.41,22.394,22.425,22.425,22.402,22.41,22.387,22.394,22.394,22.379,22.379,22.394,22.402,22.41,22.418,22.402,22.402,22.41,22.418,22.441,22.449,22.425,22.433,22.418,22.441,22.425,22.433,22.394,22.425,22.394,22.418,22.441,22.464,22.464,22.449,22.487,22.449,22.472,22.441,22.456,22.479,22.464,22.487,22.487,22.433,22.487,22.472,22.518,22.51
,22.271,22.332,22.348,22.348,22.363,22.371,22.371,22.387,22.379,22.41,22.387,22.41,22.394,22.356,22.449,22.425,22.425,22.41,22.418,22.402,22.379,22.418,22.425,22.418,22.425,22.402,22.425,22.402,22.402,22.41,22.402,22.425,22.441,22.433,22.425,22.433,22.433,22.418,22.433,22.425,22.441,22.418,22.433,22.433,22.441,22.433,22.425,22.433,22.441,22.449,22.456,22.449,22.464,22.449,22.464,22.449,22.456,22.456,22.456,22.456,22.472,22.479,22.51,22.518,22.51,22.503,22.503,22.487,22.479,22.503,22.487,22.51,22.503,22.518,22.518,22.518,22.51,22.51,22.51,22.534,22.518,22.526,22.541,22.541,22.518,22.518,22.518,22.518,22.503,22.534,22.534,22.549,22.549,22.557,22.541,22.564,22.549,22.541,22.557,22.51,22.541,22.557,22.564,22.564,22.58,22.58,22.58,22.557,22.58,22.611,22.58,22.572,22.572,22.557,22.557,22.557,22.572,22.557,22.572,22.603,22.588,22.619,22.58,22.603,22.634,22.572,22.588,22.588,22.588,22.58,22.58,22.58,22.595,22.58,22.603,22.619,22.619,22.619,22.603,22.564,22.626,22.626,22.626,22.657,22.634,22.634,22.665,22.657,22.68,22.665,22.642,22.642,22.619,22.603,22.611,22.611,22.611,22.595,22.588,22.595,22.588,22.572,22.58,22.564,22.572,22.58,22.572,22.611,22.611,22.611,22.595,22.595,22.595,22.572,22.58,22.58,22.588,22.564,22.572,22.58,22.564,22.588,22.595,22.603,22.611,22.603,22.603,22.619,22.611,22.603,22.619,22.626,22.642,22.649,22.642,22.642,22.619,22.634,22.642,22.649,22.634,22.649,22.619,22.634,22.611,22.603,22.595,22.611,22.603,22.588,22.603,22.611,22.611,22.626,22.626,22.603,22.595,22.619,22.619,22.626,22.626,22.626,22.611,22.611,22.634,22.603,22.619,22.626,22.611,22.619,22.626,22.619,22.642,22.657,22.665,22.673,22.657,22.665,22.665,22.673,22.68,22.68,22.688,22.68,22.68,22.696,22.696,22.696,22.68,22.68,22.673,22.665,22.696,22.688,22.703,22.711,22.711,22.719,22.696,22.673,22.673,22.68,22.673,22.68,22.696,22.727,22.742,22.765,22.757,22.773,22.788,22.804,22.827,22.904,22.927,22.934,23.042,23.011,23.042,23.042,23.088,23.088,23.142,23.395,23.357,23.311,23.28,23.303,23.441,23.556,23.456,23.41,23.586,23.571,23.495,23.525,23.701,23.334,23.349,23.303,23.364,23.357,23.395,23.341,23.265,23.265,23.265,23.211,23.242,23.257,23.188,23.203,23.219,23.18,23.134,23.027,22.965,22.973,23.05,22.95,22.911,22.95,22.911,22.911,22.911,22.934,22.896,22.873,22.858,22.85,22.842,22.834,22.819,22.827,22.858,22.834,22.804,22.804,22.78,22.788,22.796,22.819,22.788,22.75,22.742,22.773,22.765,22.765,22.765,22.773,22.765,22.765,22.734,22.703,22.727,22.68,22.673,22.649,22.649,22.657,22.649,22.657,22.665,22.649,22.649,22.649,22.611,22.626,22.603,22.619,22.619,22.619,22.619,22.619,22.626,22.611,22.619,22.619,22.603,22.58,22.588,22.58,22.572,22.588,22.572,22.58,22.588,22.588,22.58,22.595,22.588,22.564,22.549,22.58,22.58,22.58,22.564,22.564,22.58,22.58,22.572,22.611,22.595,22.595,22.588,22.595,22.603,22.611,22.611,22.634,22.626,22.634,22.619,22.588,22.603,22.588,22.588,22.58,22.595,22.603,22.603,22.595,22.603,22.595,22.572,22.611,22.595,22.603,22.603,22.58,22.611,22.572,22.564,22.564,22.572,22.58,22.603,22.603,22.626,22.634,22.619,22.619,22.603,22.603,22.611,22.603,22.595,22.588,22.572,22.557,22.564,22.572,22.572,22.541,22.572,22.541,22.564,22.557,22.549,22.58,22.572,22.564,22.58,22.572,22.58,22.557,22.58,22.564,22.588,22.572,22.572,22.588,22.588,22.564,22.564,22.549,22.557,22.518,22.51,22.534,22.549,22.526,22.526,22.541,22.541,22.487,22.518,22.495,22.51,22.487,22.503,22.487,22.495,22.518,22.518,22.51,22.487,22.472,22.464,22.464,22.479,22.472,22.503,22.472,22.487,22.487,22.487,22.464,22.487,22.503,22.503,22.495,22.51,22.487,22.479,22.487,22.479,22.487,22.487,22.487,22.495,22.487,22.51,22.487,22.479,22.503,22.479,22.472,22.464,22.472,22.472,22.487,22.449,22.472,22.503,22.449,22.472,22.456,22.441,22.433,22.425,22.418,22.425,22.464,22.472,22.472,22.479,22.534,22.456,22.449,22.433,22.433,22.456,22.425,22.433,22.425,22.441,22.479,22.472,22.456,22.464,22.472,22.464,22.464,22.433,22.433,22.433,22.425,22.41,22.41,22.441,22.441,22.456,22.449,22.433,22.402,22.402,22.402,22.394,22.402,22.379,22.402,22.41,22.425,22.418,22.418,22.41,22.41,22.425,22.441,22.425,22.449,22.371,22.433,22.418,22.441,22.418,22.418,22.402,22.402,22.394,22.387,22.379,22.41,22.425,22.425,22.433,22.402,22.418,22.425,22.464,22.456,22.464,22.464,22.441,22.418,22.441,22.41,22.418,22.402,22.387,22.441,22.433,22.449,22.472,22.479,22.472,22.472,22.51,22.51,22.487,22.479,22.487,22.479,22.433,22.534,22.464,22.472,22.479,22.487
,22.356,22.348,22.34,22.371,22.371,22.356,22.379,22.379,22.348,22.363,22.379,22.379,22.371,22.348,22.363,22.356,22.41,22.418,22.418,22.394,22.41,22.41,22.394,22.402,22.418,22.425,22.418,22.418,22.394,22.394,22.402,22.41,22.418,22.449,22.433,22.441,22.441,22.479,22.456,22.464,22.425,22.456,22.433,22.433,22.418,22.425,22.425,22.441,22.433,22.441,22.456,22.456,22.472,22.441,22.456,22.456,22.449,22.449,22.433,22.441,22.456,22.472,22.518,22.518,22.487,22.503,22.495,22.495,22.495,22.479,22.487,22.518,22.518,22.51,22.526,22.526,22.51,22.518,22.51,22.549,22.526,22.549,22.557,22.541,22.541,22.526,22.541,22.534,22.51,22.534,22.557,22.541,22.572,22.58,22.557,22.541,22.603,22.541,22.541,22.541,22.541,22.541,22.564,22.564,22.564,22.557,22.557,22.588,22.588,22.534,22.572,22.572,22.588,22.572,22.572,22.572,22.572,22.572,22.603,22.611,22.588,22.642,22.611,22.588,22.603,22.611,22.595,22.611,22.603,22.603,22.595,22.595,22.58,22.603,22.619,22.626,22.588,22.595,22.595,22.603,22.626,22.626,22.611,22.626,22.626,22.626,22.657,22.634,22.642,22.634,22.634,22.642,22.634,22.657,22.595,22.603,22.611,22.595,22.595,22.595,22.58,22.595,22.595,22.572,22.588,22.572,22.595,22.611,22.611,22.603,22.58,22.564,22.549,22.564,22.572,22.557,22.572,22.58,22.58,22.572,22.564,22.595,22.611,22.595,22.603,22.611,22.595,22.603,22.595,22.595,22.603,22.611,22.642,22.649,22.649,22.642,22.634,22.642,22.642,22.649,22.649,22.642,22.626,22.611,22.611,22.595,22.588,22.619,22.603,22.619,22.619,22.634,22.642,22.619,22.626,22.611,22.626,22.611,22.611,22.626,22.626,22.611,22.642,22.611,22.611,22.649,22.603,22.626,22.634,22.619,22.619,22.634,22.634,22.642,22.657,22.665,22.665,22.665,22.696,22.68,22.696,22.673,22.673,22.696,22.703,22.734,22.703,22.696,22.696,22.696,22.68,22.68,22.688,22.703,22.696,22.719,22.703,22.703,22.703,22.688,22.696,22.688,22.688,22.703,22.75,22.727,22.765,22.78,22.796,22.765,22.834,22.858,22.927,22.958,23.05,23.027,23.073,23.196,23.111,23.196,23.418,23.418,23.326,23.533,23.701,23.671,23.831,23.762,23.96,23.922,23.808,24.021,24.166,24.097,23.945,23.991,23.915,23.96,23.785,23.678,23.495,23.441,23.64,23.525,23.433,23.456,23.433,23.341,23.426,23.403,23.387,23.211,23.341,23.349,23.395,23.372,23.319,23.104,23.173,22.996,22.942,22.988,22.981,23.004,22.965,22.934,22.911,22.888,22.896,22.934,22.919,22.888,22.888,22.896,22.873,22.858,22.858,22.858,22.819,22.842,22.827,22.811,22.804,22.796,22.78,22.78,22.78,22.78,22.788,22.788,22.788,22.773,22.734,22.727,22.711,22.688,22.673,22.673,22.642,22.673,22.657,22.673,22.68,22.665,22.673,22.673,22.657,22.649,22.649,22.657,22.649,22.649,22.619,22.634,22.619,22.626,22.626,22.603,22.603,22.595,22.588,22.595,22.58,22.58,22.572,22.58,22.58,22.58,22.588,22.572,22.603,22.588,22.595,22.595,22.603,22.58,22.58,22.595,22.595,22.564,22.611,22.549,22.588,22.58,22.603,22.611,22.619,22.626,22.619,22.626,22.626,22.642,22.642,22.611,22.619,22.557,22.557,22.603,22.595,22.611,22.588,22.588,22.611,22.619,22.595,22.611,22.619,22.619,22.619,22.603,22.588,22.564,22.549,22.595,22.572,22.595,22.611,22.603,22.626,22.642,22.626,22.634,22.619,22.603,22.619,22.595,22.603,22.595,22.58,22.588,22.564,22.58,22.564,22.557,22.564,22.557,22.557,22.557,22.557,22.572,22.603,22.58,22.595,22.58,22.58,22.572,22.572,22.572,22.549,22.58,22.557,22.564,22.557,22.541,22.541,22.541,22.534,22.518,22.51,22.503,22.51,22.518,22.557,22.518,22.534,22.526,22.541,22.518,22.495,22.495,22.472,22.503,22.487,22.495,22.51,22.495,22.479,22.472,22.472,22.472,22.472,22.479,22.487,22.464,22.487,22.479,22.495,22.479,22.487,22.487,22.503,22.51,22.503,22.503,22.495,22.487,22.487,22.495,22.495,22.503,22.495,22.495,22.487,22.479,22.487,22.479,22.495,22.495,22.479,22.479,22.456,22.487,22.441,22.456,22.449,22.456,22.456,22.441,22.433,22.425,22.418,22.441,22.472,22.456,22.456,22.503,22.464,22.456,22.472,22.449,22.479,22.503,22.433,22.449,22.456,22.503,22.495,22.456,22.464,22.495,22.472,22.472,22.472,22.449,22.456,22.441,22.433,22.418,22.425,22.441,22.418,22.456,22.464,22.456,22.433,22.441,22.425,22.418,22.41,22.41,22.402,22.433,22.418,22.441,22.449,22.402,22.402,22.402,22.425,22.441,22.449,22.425,22.418,22.41,22.425,22.425,22.418,22.425,22.425,22.402,22.418,22.387,22.379,22.449,22.425,22.441,22.425,22.387,22.394,22.418,22.433,22.441,22.456,22.456,22.456,22.433,22.464,22.433,22.418,22.418,22.433,22.433,22.456,22.479,22.464,22.441,22.472,22.487,22.464,22.495,22.495,22.487,22.51,22.518,22.557,22.51,22.518,22.495,22.495,22.479
,22.34,22.363,22.356,22.348,22.356,22.363,22.371,22.363,22.332,22.34,22.34,22.317,22.387,22.425,22.302,22.41,22.394,22.402,22.387,22.394,22.379,22.425,22.387,22.387,22.402,22.379,22.394,22.394,22.394,22.387,22.394,22.402,22.379,22.41,22.418,22.433,22.464,22.487,22.433,22.464,22.456,22.449,22.425,22.425,22.418,22.418,22.425,22.441,22.433,22.456,22.464,22.456,22.456,22.449,22.433,22.449,22.433,22.449,22.425,22.418,22.433,22.449,22.456,22.51,22.495,22.495,22.479,22.479,22.487,22.503,22.487,22.51,22.534,22.51,22.534,22.518,22.51,22.518,22.518,22.534,22.541,22.541,22.549,22.549,22.534,22.526,22.534,22.534,22.526,22.549,22.557,22.572,22.557,22.564,22.541,22.541,22.549,22.557,22.534,22.534,22.534,22.534,22.549,22.564,22.564,22.58,22.572,22.564,22.58,22.564,22.557,22.572,22.549,22.58,22.572,22.572,22.588,22.588,22.619,22.626,22.603,22.595,22.58,22.595,22.611,22.572,22.611,22.619,22.611,22.595,22.603,22.595,22.603,22.595,22.619,22.611,22.595,22.603,22.603,22.603,22.619,22.626,22.611,22.626,22.595,22.611,22.619,22.611,22.642,22.619,22.603,22.619,22.634,22.58,22.619,22.588,22.603,22.603,22.595,22.58,22.595,22.588,22.603,22.595,22.588,22.595,22.611,22.626,22.611,22.603,22.572,22.572,22.541,22.549,22.549,22.549,22.572,22.572,22.572,22.564,22.595,22.588,22.603,22.603,22.611,22.595,22.595,22.611,22.595,22.588,22.611,22.619,22.634,22.657,22.649,22.642,22.634,22.626,22.657,22.649,22.649,22.642,22.634,22.619,22.619,22.611,22.603,22.595,22.595,22.611,22.603,22.634,22.619,22.634,22.634,22.619,22.626,22.626,22.626,22.634,22.626,22.642,22.619,22.619,22.603,22.619,22.611,22.603,22.595,22.619,22.626,22.626,22.634,22.634,22.657,22.665,22.673,22.68,22.696,22.703,22.711,22.696,22.696,22.711,22.719,22.734,22.703,22.719,22.703,22.711,22.688,22.688,22.703,22.696,22.703,22.711,22.696,22.703,22.703,22.696,22.703,22.711,22.727,22.734,22.773,22.78,22.811,22.842,22.827,22.927,22.904,23.004,23.104,23.05,23.081,23.142,23.288,23.226,23.472,23.632,23.709,23.693,23.823,23.968,23.907,23.915,24.037,24.006,24.029,24.166,24.287,24.371,24.234,24.348,24.189,24.242,24.439,24.568,24.356,24.189,24.113,23.831,23.739,23.64,23.663,23.594,23.571,23.502,23.579,23.464,23.464,23.518,23.51,23.464,23.38,23.449,23.449,23.403,23.403,23.288,23.188,23.111,23.119,23.042,23.019,22.981,22.965,22.95,22.934,22.927,22.927,22.95,22.919,22.919,22.904,22.881,22.881,22.858,22.873,22.85,22.865,22.842,22.842,22.811,22.796,22.796,22.796,22.796,22.804,22.796,22.796,22.796,22.773,22.742,22.727,22.703,22.657,22.688,22.673,22.673,22.688,22.688,22.688,22.68,22.68,22.673,22.673,22.68,22.649,22.673,22.657,22.634,22.642,22.619,22.619,22.619,22.611,22.603,22.611,22.603,22.603,22.611,22.603,22.595,22.588,22.58,22.58,22.572,22.588,22.564,22.564,22.572,22.588,22.588,22.588,22.595,22.603,22.603,22.603,22.58,22.603,22.595,22.595,22.603,22.58,22.611,22.626,22.634,22.626,22.642,22.634,22.642,22.634,22.626,22.588,22.572,22.58,22.572,22.611,22.649,22.588,22.619,22.603,22.611,22.603,22.611,22.619,22.626,22.611,22.626,22.603,22.588,22.588,22.58,22.603,22.603,22.619,22.619,22.634,22.634,22.619,22.619,22.595,22.603,22.595,22.588,22.588,22.58,22.595,22.58,22.588,22.557,22.564,22.564,22.557,22.564,22.557,22.58,22.564,22.564,22.603,22.619,22.595,22.572,22.564,22.564,22.564,22.564,22.564,22.572,22.549,22.549,22.541,22.534,22.526,22.518,22.526,22.518,22.526,22.503,22.479,22.495,22.479,22.518,22.518,22.495,22.487,22.487,22.503,22.479,22.479,22.495,22.487,22.479,22.495,22.464,22.487,22.479,22.479,22.472,22.472,22.487,22.495,22.464,22.464,22.456,22.479,22.503,22.503,22.51,22.479,22.487,22.479,22.495,22.479,22.479,22.472,22.479,22.487,22.487,22.503,22.495,22.495,22.487,22.479,22.479,22.495,22.479,22.495,22.472,22.456,22.464,22.479,22.472,22.472,22.472,22.456,22.441,22.425,22.433,22.425,22.456,22.449,22.464,22.456,22.456,22.456,22.456,22.449,22.479,22.449,22.472,22.479,22.449,22.456,22.464,22.479,22.464,22.472,22.479,22.479,22.456,22.464,22.456,22.449,22.449,22.449,22.441,22.418,22.418,22.449,22.449,22.425,22.456,22.441,22.433,22.425,22.441,22.41,22.402,22.41,22.41,22.41,22.433,22.433,22.433,22.41,22.418,22.418,22.449,22.449,22.456,22.449,22.433,22.418,22.418,22.425,22.418,22.41,22.387,22.371,22.394,22.41,22.449,22.472,22.402,22.418,22.402,22.371,22.418,22.449,22.425,22.425,22.441,22.449,22.441,22.441,22.472,22.449,22.41,22.402,22.433,22.449,22.449,22.456,22.479,22.472,22.479,22.479,22.479,22.518,22.51,22.487,22.495,22.541,22.503,22.51,22.495,22.487,22.487
,22.356,22.363,22.371,22.363,22.371,22.363,22.34,22.34,22.34,22.332,22.348,22.325,22.348,22.371,22.402,22.41,22.433,22.402,22.387,22.363,22.379,22.402,22.348,22.41,22.394,22.387,22.371,22.379,22.379,22.394,22.394,22.41,22.402,22.41,22.441,22.464,22.456,22.464,22.487,22.464,22.456,22.456,22.441,22.41,22.41,22.402,22.441,22.449,22.456,22.456,22.464,22.456,22.456,22.472,22.456,22.449,22.441,22.464,22.433,22.418,22.41,22.449,22.449,22.479,22.479,22.495,22.479,22.479,22.472,22.472,22.495,22.495,22.518,22.526,22.518,22.518,22.51,22.518,22.534,22.534,22.526,22.549,22.541,22.534,22.541,22.549,22.541,22.564,22.557,22.549,22.564,22.572,22.564,22.557,22.549,22.557,22.534,22.541,22.549,22.541,22.526,22.534,22.541,22.557,22.564,22.564,22.557,22.557,22.58,22.534,22.541,22.534,22.557,22.564,22.634,22.572,22.603,22.603,22.603,22.619,22.595,22.58,22.588,22.58,22.595,22.595,22.619,22.611,22.603,22.611,22.595,22.588,22.595,22.595,22.611,22.611,22.595,22.595,22.58,22.595,22.603,22.619,22.611,22.611,22.611,22.611,22.611,22.603,22.611,22.611,22.588,22.603,22.619,22.595,22.649,22.619,22.595,22.588,22.595,22.588,22.595,22.603,22.626,22.58,22.603,22.595,22.603,22.619,22.619,22.603,22.572,22.557,22.526,22.534,22.541,22.557,22.572,22.564,22.572,22.595,22.595,22.595,22.603,22.595,22.603,22.595,22.588,22.595,22.603,22.603,22.619,22.619,22.634,22.649,22.642,22.642,22.642,22.634,22.649,22.657,22.649,22.649,22.626,22.626,22.619,22.595,22.603,22.595,22.603,22.595,22.611,22.642,22.619,22.626,22.642,22.634,22.634,22.634,22.634,22.634,22.634,22.611,22.603,22.642,22.626,22.619,22.619,22.642,22.642,22.611,22.642,22.619,22.626,22.642,22.649,22.665,22.68,22.688,22.703,22.711,22.719,22.719,22.719,22.727,22.711,22.727,22.734,22.734,22.703,22.719,22.719,22.703,22.711,22.719,22.719,22.734,22.719,22.711,22.711,22.727,22.719,22.742,22.78,22.788,22.819,22.858,22.896,22.934,22.934,22.981,23.019,23.111,23.15,23.15,23.142,23.296,23.579,23.541,23.663,23.846,23.877,23.877,24.029,24.128,24.28,24.227,24.462,24.432,24.568,24.621,24.636,24.606,24.757,24.689,24.81,24.848,24.923,24.855,24.659,24.659,24.742,24.78,24.568,24.598,23.877,23.869,23.655,23.739,23.777,23.739,23.793,23.671,23.671,23.663,23.64,23.533,23.571,23.655,23.648,23.487,23.319,23.441,23.242,23.211,23.142,23.058,23.019,22.965,23.019,23.073,23.096,23.004,22.965,22.965,22.927,22.911,22.904,22.904,22.911,22.881,22.865,22.881,22.858,22.858,22.827,22.811,22.804,22.804,22.811,22.811,22.819,22.811,22.811,22.773,22.711,22.703,22.696,22.703,22.703,22.711,22.703,22.703,22.719,22.703,22.711,22.68,22.665,22.68,22.673,22.657,22.68,22.642,22.642,22.634,22.619,22.634,22.611,22.611,22.611,22.595,22.611,22.611,22.603,22.603,22.603,22.58,22.572,22.58,22.588,22.588,22.58,22.588,22.58,22.611,22.611,22.619,22.603,22.603,22.595,22.595,22.588,22.549,22.588,22.611,22.619,22.619,22.626,22.626,22.626,22.642,22.626,22.619,22.626,22.611,22.58,22.603,22.58,22.603,22.642,22.603,22.649,22.603,22.58,22.603,22.603,22.611,22.634,22.634,22.626,22.626,22.603,22.595,22.603,22.611,22.595,22.603,22.603,22.634,22.619,22.634,22.619,22.619,22.603,22.595,22.588,22.58,22.588,22.58,22.572,22.595,22.603,22.58,22.564,22.557,22.572,22.572,22.588,22.58,22.572,22.58,22.595,22.58,22.611,22.572,22.572,22.564,22.572,22.564,22.572,22.58,22.549,22.541,22.526,22.518,22.518,22.518,22.51,22.503,22.51,22.495,22.487,22.495,22.495,22.503,22.534,22.487,22.541,22.503,22.495,22.503,22.479,22.479,22.472,22.495,22.503,22.479,22.464,22.479,22.487,22.479,22.487,22.487,22.479,22.464,22.472,22.487,22.472,22.526,22.487,22.472,22.487,22.464,22.464,22.472,22.456,22.464,22.464,22.464,22.472,22.487,22.495,22.479,22.495,22.487,22.495,22.51,22.495,22.51,22.495,22.472,22.464,22.472,22.464,22.472,22.479,22.472,22.456,22.441,22.425,22.425,22.449,22.449,22.449,22.456,22.456,22.472,22.472,22.495,22.464,22.479,22.479,22.464,22.472,22.503,22.472,22.487,22.503,22.449,22.503,22.456,22.479,22.456,22.456,22.456,22.464,22.472,22.456,22.433,22.449,22.449,22.441,22.456,22.456,22.441,22.449,22.433,22.425,22.425,22.418,22.402,22.402,22.418,22.433,22.425,22.425,22.449,22.441,22.425,22.433,22.433,22.456,22.456,22.449,22.433,22.41,22.41,22.441,22.425,22.441,22.441,22.441,22.441,22.418,22.449,22.449,22.441,22.41,22.394,22.418,22.425,22.418,22.433,22.441,22.464,22.449,22.472,22.418,22.456,22.441,22.425,22.402,22.402,22.418,22.479,22.472,22.472,22.479,22.479,22.449,22.464,22.503,22.487,22.518,22.549,22.503,22.479,22.456,22.487,22.495,22.479
,22.371,22.363,22.356,22.387,22.356,22.348,22.332,22.348,22.332,22.34,22.348,22.363,22.379,22.371,22.363,22.387,22.379,22.387,22.387,22.379,22.371,22.41,22.363,22.356,22.356,22.34,22.371,22.394,22.394,22.418,22.418,22.394,22.379,22.41,22.425,22.433,22.479,22.479,22.487,22.472,22.472,22.449,22.441,22.425,22.425,22.402,22.418,22.418,22.464,22.449,22.456,22.449,22.449,22.441,22.456,22.441,22.433,22.456,22.41,22.418,22.425,22.41,22.41,22.425,22.495,22.487,22.472,22.456,22.472,22.479,22.472,22.495,22.503,22.518,22.534,22.526,22.51,22.51,22.495,22.518,22.541,22.534,22.541,22.534,22.526,22.526,22.557,22.564,22.564,22.549,22.557,22.549,22.564,22.549,22.549,22.541,22.534,22.58,22.534,22.534,22.526,22.534,22.549,22.557,22.549,22.557,22.541,22.549,22.549,22.549,22.549,22.549,22.557,22.572,22.58,22.595,22.595,22.595,22.588,22.595,22.58,22.603,22.595,22.588,22.595,22.58,22.595,22.572,22.588,22.603,22.603,22.58,22.603,22.603,22.595,22.595,22.588,22.564,22.572,22.603,22.603,22.611,22.611,22.611,22.603,22.611,22.611,22.595,22.588,22.595,22.588,22.595,22.611,22.603,22.619,22.595,22.595,22.58,22.588,22.603,22.572,22.611,22.611,22.595,22.619,22.626,22.611,22.603,22.603,22.588,22.557,22.549,22.541,22.534,22.534,22.541,22.557,22.549,22.564,22.588,22.595,22.595,22.611,22.619,22.603,22.588,22.588,22.619,22.595,22.595,22.603,22.603,22.619,22.619,22.626,22.642,22.649,22.649,22.649,22.634,22.649,22.642,22.634,22.634,22.634,22.595,22.626,22.611,22.611,22.588,22.611,22.619,22.626,22.634,22.642,22.634,22.642,22.634,22.642,22.642,22.626,22.626,22.649,22.619,22.603,22.603,22.58,22.58,22.642,22.626,22.634,22.642,22.634,22.649,22.657,22.68,22.68,22.696,22.711,22.711,22.734,22.727,22.719,22.734,22.719,22.734,22.734,22.727,22.727,22.727,22.727,22.719,22.734,22.742,22.742,22.734,22.727,22.727,22.742,22.727,22.757,22.75,22.788,22.827,22.896,22.911,22.95,22.942,22.996,23.081,23.104,23.104,23.219,23.296,23.395,23.548,23.556,23.846,23.907,23.877,24.075,24.135,24.249,24.234,24.318,24.454,24.674,24.697,24.84,24.765,24.863,24.969,25.104,25.029,25.021,25.014,25.021,25.074,25.059,24.946,25.006,25.089,25.089,24.908,24.803,24.855,24.325,24.227,24.211,24.211,24.166,23.953,23.892,23.93,23.838,23.793,23.755,23.77,23.693,23.793,23.518,23.579,23.648,23.663,23.265,23.571,23.426,23.15,23.096,23.142,23.088,23.088,23.058,23.042,22.981,22.973,22.988,22.95,22.973,22.965,22.919,22.927,22.896,22.865,22.858,22.842,22.85,22.842,22.842,22.842,22.834,22.819,22.811,22.796,22.727,22.742,22.719,22.727,22.711,22.719,22.727,22.734,22.734,22.719,22.711,22.696,22.68,22.688,22.696,22.649,22.657,22.642,22.611,22.626,22.626,22.634,22.619,22.611,22.619,22.603,22.611,22.603,22.595,22.611,22.588,22.58,22.58,22.58,22.595,22.595,22.603,22.611,22.595,22.619,22.619,22.603,22.611,22.603,22.603,22.603,22.595,22.588,22.603,22.619,22.619,22.626,22.619,22.642,22.642,22.657,22.665,22.634,22.634,22.595,22.619,22.603,22.58,22.634,22.603,22.588,22.611,22.595,22.572,22.595,22.595,22.619,22.634,22.626,22.642,22.634,22.619,22.603,22.603,22.595,22.603,22.619,22.611,22.626,22.626,22.626,22.611,22.611,22.595,22.588,22.58,22.572,22.564,22.58,22.588,22.564,22.58,22.557,22.572,22.557,22.564,22.588,22.564,22.572,22.58,22.564,22.595,22.588,22.58,22.572,22.564,22.572,22.564,22.572,22.557,22.541,22.549,22.534,22.518,22.51,22.51,22.51,22.51,22.503,22.503,22.487,22.503,22.503,22.51,22.518,22.534,22.503,22.526,22.503,22.495,22.487,22.479,22.495,22.503,22.479,22.479,22.479,22.472,22.479,22.479,22.487,22.472,22.472,22.464,22.456,22.479,22.479,22.479,22.495,22.472,22.464,22.456,22.472,22.479,22.456,22.464,22.456,22.449,22.464,22.472,22.472,22.479,22.487,22.487,22.487,22.503,22.518,22.51,22.51,22.503,22.479,22.487,22.487,22.464,22.441,22.479,22.464,22.456,22.441,22.433,22.433,22.464,22.449,22.456,22.456,22.449,22.456,22.472,22.479,22.472,22.479,22.456,22.456,22.464,22.456,22.464,22.495,22.464,22.425,22.479,22.441,22.479,22.441,22.449,22.449,22.464,22.464,22.441,22.479,22.449,22.464,22.449,22.449,22.41,22.449,22.441,22.456,22.472,22.425,22.418,22.418,22.402,22.394,22.418,22.402,22.441,22.425,22.433,22.441,22.433,22.441,22.441,22.464,22.433,22.418,22.433,22.418,22.425,22.433,22.449,22.425,22.425,22.433,22.441,22.472,22.433,22.449,22.449,22.472,22.348,22.441,22.402,22.433,22.433,22.449,22.449,22.387,22.402,22.441,22.387,22.394,22.41,22.394,22.456,22.425,22.456,22.472,22.449,22.449,22.449,22.449,22.51,22.518,22.526,22.549,22.433,22.479,22.487,22.518,22.472,22.479
,22.363,22.356,22.356,22.348,22.356,22.363,22.34,22.332,22.317,22.332,22.363,22.371,22.379,22.379,22.363,22.371,22.41,22.387,22.394,22.394,22.387,22.394,22.34,22.363,22.356,22.371,22.371,22.387,22.387,22.379,22.425,22.379,22.356,22.41,22.394,22.418,22.433,22.449,22.456,22.487,22.479,22.464,22.441,22.433,22.441,22.449,22.441,22.433,22.456,22.449,22.456,22.456,22.441,22.441,22.449,22.449,22.433,22.441,22.441,22.456,22.433,22.433,22.425,22.441,22.464,22.456,22.479,22.464,22.464,22.487,22.472,22.495,22.495,22.51,22.518,22.534,22.518,22.503,22.495,22.503,22.526,22.526,22.549,22.518,22.479,22.526,22.51,22.526,22.518,22.541,22.549,22.58,22.526,22.549,22.51,22.526,22.518,22.518,22.549,22.526,22.51,22.534,22.534,22.557,22.541,22.549,22.549,22.541,22.534,22.518,22.526,22.541,22.572,22.572,22.58,22.595,22.595,22.603,22.611,22.588,22.572,22.595,22.619,22.603,22.588,22.58,22.58,22.588,22.58,22.588,22.58,22.603,22.626,22.603,22.603,22.588,22.595,22.58,22.588,22.588,22.611,22.611,22.603,22.595,22.611,22.603,22.611,22.603,22.588,22.58,22.58,22.619,22.619,22.626,22.603,22.611,22.603,22.611,22.588,22.603,22.595,22.595,22.595,22.603,22.634,22.626,22.619,22.611,22.611,22.588,22.58,22.541,22.557,22.541,22.549,22.549,22.572,22.58,22.572,22.572,22.588,22.611,22.611,22.619,22.619,22.603,22.58,22.572,22.619,22.619,22.634,22.634,22.626,22.634,22.642,22.649,22.626,22.649,22.634,22.649,22.657,22.634,22.642,22.642,22.642,22.634,22.619,22.595,22.595,22.595,22.588,22.611,22.603,22.603,22.619,22.626,22.642,22.642,22.626,22.634,22.642,22.634,22.642,22.619,22.634,22.634,22.603,22.626,22.634,22.595,22.649,22.634,22.649,22.665,22.673,22.673,22.68,22.703,22.696,22.719,22.734,22.727,22.734,22.727,22.734,22.727,22.742,22.734,22.742,22.742,22.742,22.742,22.742,22.75,22.75,22.75,22.75,22.757,22.757,22.765,22.765,22.827,22.85,22.896,22.904,22.942,22.965,22.988,23.05,23.119,23.196,23.349,23.426,23.319,23.571,23.724,23.884,23.96,23.998,24.113,24.272,24.265,24.416,24.621,24.644,24.765,24.81,24.946,24.878,25.067,25.217,25.21,25.225,25.323,25.225,25.345,25.39,25.473,25.277,25.39,25.488,25.405,25.375,25.368,25.383,25.315,25.368,24.991,24.81,24.545,24.341,24.166,24.143,24.029,23.93,23.861,23.915,23.884,23.976,23.938,23.877,23.892,23.861,23.869,23.716,23.586,23.777,23.586,23.38,23.341,23.18,23.226,23.088,23.127,23.027,23.019,23.011,23.004,23.034,22.965,22.965,22.942,22.942,22.911,22.904,22.873,22.911,22.873,22.873,22.865,22.842,22.834,22.819,22.796,22.819,22.75,22.75,22.742,22.742,22.734,22.734,22.742,22.734,22.727,22.727,22.711,22.68,22.68,22.657,22.649,22.634,22.611,22.626,22.642,22.626,22.649,22.634,22.626,22.626,22.611,22.626,22.603,22.603,22.619,22.595,22.588,22.595,22.603,22.611,22.611,22.619,22.611,22.611,22.619,22.611,22.603,22.619,22.603,22.603,22.603,22.595,22.611,22.595,22.611,22.642,22.626,22.649,22.657,22.619,22.642,22.619,22.626,22.642,22.603,22.634,22.619,22.588,22.603,22.619,22.603,22.626,22.619,22.611,22.595,22.588,22.603,22.626,22.634,22.642,22.626,22.619,22.603,22.603,22.595,22.595,22.595,22.611,22.603,22.611,22.603,22.595,22.603,22.595,22.588,22.58,22.572,22.572,22.572,22.564,22.564,22.564,22.557,22.572,22.572,22.572,22.603,22.58,22.572,22.564,22.557,22.58,22.557,22.557,22.549,22.564,22.557,22.58,22.534,22.564,22.549,22.534,22.526,22.518,22.51,22.503,22.503,22.503,22.518,22.503,22.51,22.51,22.472,22.479,22.464,22.487,22.541,22.503,22.479,22.487,22.472,22.479,22.503,22.487,22.479,22.495,22.479,22.464,22.472,22.479,22.464,22.449,22.456,22.456,22.456,22.472,22.472,22.464,22.472,22.449,22.456,22.456,22.441,22.464,22.472,22.472,22.456,22.472,22.456,22.449,22.456,22.449,22.472,22.487,22.464,22.503,22.51,22.479,22.472,22.479,22.479,22.479,22.472,22.479,22.464,22.487,22.479,22.456,22.472,22.441,22.441,22.456,22.456,22.449,22.456,22.449,22.472,22.464,22.479,22.487,22.464,22.479,22.472,22.464,22.464,22.464,22.472,22.456,22.449,22.449,22.425,22.449,22.472,22.479,22.472,22.456,22.464,22.479,22.464,22.472,22.464,22.449,22.441,22.433,22.425,22.433,22.425,22.418,22.425,22.425,22.41,22.41,22.394,22.394,22.418,22.449,22.433,22.441,22.433,22.464,22.425,22.464,22.464,22.433,22.402,22.394,22.433,22.433,22.418,22.433,22.425,22.456,22.41,22.379,22.41,22.464,22.402,22.41,22.456,22.441,22.441,22.441,22.456,22.456,22.425,22.425,22.425,22.41,22.402,22.394,22.441,22.402,22.41,22.441,22.449,22.449,22.464,22.456,22.449,22.433,22.464,22.495,22.449,22.518,22.495,22.449,22.472,22.464,22.487,22.479,22.479
,22.348,22.348,22.356,22.34,22.363,22.363,22.356,22.34,22.325,22.371,22.356,22.379,22.379,22.394,22.394,22.402,22.394,22.41,22.394,22.394,22.402,22.41,22.379,22.363,22.371,22.348,22.379,22.387,22.425,22.41,22.402,22.41,22.387,22.402,22.402,22.402,22.441,22.441,22.464,22.495,22.472,22.472,22.418,22.441,22.433,22.441,22.425,22.441,22.425,22.449,22.433,22.441,22.464,22.433,22.433,22.433,22.433,22.441,22.41,22.441,22.402,22.433,22.456,22.441,22.41,22.456,22.487,22.487,22.479,22.479,22.479,22.495,22.495,22.503,22.526,22.526,22.534,22.541,22.495,22.518,22.51,22.534,22.534,22.526,22.526,22.495,22.495,22.526,22.503,22.541,22.518,22.557,22.534,22.51,22.526,22.541,22.518,22.503,22.518,22.534,22.534,22.549,22.549,22.526,22.526,22.534,22.534,22.541,22.526,22.526,22.534,22.534,22.549,22.572,22.595,22.595,22.595,22.588,22.595,22.611,22.588,22.588,22.588,22.58,22.595,22.58,22.572,22.572,22.572,22.595,22.58,22.619,22.619,22.611,22.611,22.611,22.603,22.564,22.58,22.572,22.588,22.595,22.595,22.595,22.595,22.611,22.611,22.619,22.595,22.595,22.619,22.626,22.634,22.649,22.649,22.611,22.619,22.595,22.603,22.603,22.603,22.588,22.603,22.619,22.619,22.619,22.634,22.619,22.611,22.572,22.564,22.534,22.541,22.564,22.564,22.58,22.588,22.572,22.58,22.588,22.595,22.603,22.619,22.619,22.626,22.634,22.634,22.642,22.626,22.634,22.611,22.619,22.611,22.626,22.634,22.649,22.642,22.649,22.634,22.626,22.634,22.657,22.634,22.611,22.626,22.626,22.626,22.611,22.603,22.603,22.611,22.603,22.603,22.611,22.619,22.626,22.619,22.619,22.611,22.634,22.649,22.642,22.634,22.642,22.626,22.626,22.665,22.642,22.634,22.649,22.688,22.649,22.688,22.673,22.68,22.688,22.703,22.696,22.703,22.734,22.719,22.727,22.742,22.734,22.727,22.75,22.742,22.75,22.734,22.742,22.742,22.75,22.75,22.757,22.757,22.773,22.773,22.773,22.796,22.804,22.819,22.85,22.888,22.911,22.965,23.004,23.027,23.111,23.165,23.226,23.38,23.441,23.548,23.678,23.724,23.938,24.135,24.037,24.303,24.356,24.545,24.568,24.742,24.674,24.901,25.247,25.18,25.428,25.458,25.525,25.443,25.615,25.555,25.585,25.473,25.6,25.533,25.503,25.593,25.75,25.675,25.788,25.832,25.57,25.675,25.66,25.69,25.585,25.458,25.39,25.368,24.961,24.855,24.644,24.682,24.219,24.447,24.341,24.356,24.082,24.09,23.998,24.196,23.976,24.021,23.816,24.014,23.755,23.77,23.678,23.617,23.525,23.234,23.142,23.433,23.119,23.18,23.096,23.142,23.111,23.027,23.011,23.011,22.981,22.95,23.034,22.934,22.934,22.911,22.896,22.865,22.85,22.834,22.827,22.811,22.819,22.788,22.75,22.757,22.757,22.765,22.75,22.75,22.734,22.727,22.719,22.703,22.703,22.673,22.657,22.649,22.634,22.642,22.657,22.673,22.649,22.649,22.649,22.634,22.611,22.634,22.611,22.588,22.603,22.588,22.58,22.603,22.611,22.619,22.626,22.634,22.634,22.626,22.619,22.603,22.603,22.603,22.595,22.595,22.619,22.595,22.619,22.619,22.619,22.642,22.642,22.642,22.642,22.673,22.665,22.634,22.634,22.634,22.611,22.642,22.634,22.619,22.626,22.595,22.626,22.626,22.611,22.603,22.611,22.611,22.611,22.626,22.634,22.649,22.649,22.642,22.611,22.611,22.603,22.595,22.595,22.611,22.603,22.58,22.619,22.611,22.603,22.611,22.603,22.588,22.588,22.572,22.564,22.572,22.588,22.564,22.564,22.58,22.557,22.58,22.58,22.572,22.557,22.564,22.572,22.549,22.557,22.557,22.557,22.549,22.549,22.572,22.526,22.534,22.541,22.534,22.534,22.518,22.51,22.503,22.503,22.503,22.503,22.487,22.51,22.503,22.479,22.503,22.464,22.51,22.503,22.472,22.487,22.487,22.479,22.479,22.503,22.503,22.503,22.495,22.479,22.479,22.472,22.472,22.479,22.487,22.456,22.479,22.472,22.464,22.464,22.456,22.464,22.456,22.441,22.479,22.464,22.472,22.479,22.472,22.487,22.487,22.433,22.449,22.449,22.433,22.472,22.495,22.495,22.503,22.495,22.495,22.479,22.487,22.464,22.479,22.456,22.449,22.464,22.479,22.495,22.472,22.472,22.487,22.449,22.464,22.464,22.449,22.464,22.456,22.449,22.479,22.472,22.495,22.449,22.449,22.456,22.472,22.472,22.472,22.472,22.433,22.456,22.433,22.449,22.456,22.449,22.449,22.456,22.449,22.456,22.433,22.464,22.464,22.472,22.472,22.425,22.441,22.425,22.394,22.418,22.464,22.418,22.433,22.425,22.394,22.394,22.425,22.425,22.433,22.433,22.449,22.503,22.472,22.449,22.472,22.425,22.449,22.433,22.402,22.394,22.425,22.433,22.433,22.418,22.402,22.418,22.41,22.394,22.425,22.441,22.449,22.472,22.464,22.425,22.472,22.441,22.425,22.456,22.441,22.394,22.418,22.433,22.418,22.425,22.41,22.425,22.433,22.51,22.449,22.441,22.464,22.441,22.449,22.441,22.449,22.487,22.487,22.418,22.503,22.479,22.464,22.472,22.495,22.464
,22.363,22.34,22.363,22.363,22.356,22.348,22.34,22.348,22.363,22.332,22.34,22.379,22.387,22.371,22.394,22.402,22.41,22.402,22.402,22.402,22.387,22.402,22.394,22.363,22.371,22.379,22.379,22.41,22.433,22.41,22.402,22.363,22.394,22.418,22.41,22.418,22.418,22.433,22.456,22.456,22.441,22.425,22.433,22.441,22.394,22.418,22.472,22.41,22.394,22.441,22.449,22.425,22.41,22.418,22.456,22.425,22.472,22.441,22.41,22.433,22.433,22.418,22.479,22.479,22.51,22.495,22.479,22.495,22.503,22.487,22.495,22.487,22.495,22.534,22.526,22.534,22.534,22.51,22.479,22.518,22.534,22.518,22.549,22.549,22.534,22.518,22.526,22.51,22.518,22.549,22.534,22.534,22.541,22.541,22.51,22.503,22.503,22.572,22.526,22.534,22.557,22.549,22.572,22.549,22.541,22.541,22.534,22.534,22.549,22.564,22.549,22.549,22.564,22.595,22.595,22.611,22.603,22.603,22.595,22.603,22.626,22.611,22.626,22.603,22.588,22.572,22.572,22.58,22.588,22.595,22.626,22.626,22.634,22.619,22.611,22.611,22.611,22.611,22.603,22.588,22.595,22.588,22.588,22.595,22.603,22.619,22.611,22.619,22.611,22.603,22.619,22.595,22.626,22.626,22.626,22.611,22.626,22.595,22.619,22.588,22.595,22.58,22.603,22.634,22.626,22.649,22.626,22.619,22.595,22.588,22.58,22.595,22.549,22.572,22.588,22.595,22.595,22.595,22.588,22.603,22.603,22.611,22.611,22.619,22.634,22.634,22.642,22.634,22.665,22.634,22.619,22.626,22.626,22.634,22.649,22.649,22.649,22.649,22.649,22.657,22.649,22.626,22.634,22.611,22.626,22.642,22.642,22.634,22.642,22.611,22.603,22.588,22.611,22.611,22.619,22.611,22.619,22.603,22.611,22.634,22.634,22.649,22.642,22.634,22.642,22.634,22.657,22.634,22.626,22.649,22.649,22.68,22.673,22.696,22.688,22.703,22.703,22.719,22.727,22.727,22.734,22.75,22.75,22.75,22.75,22.75,22.765,22.765,22.765,22.765,22.75,22.75,22.765,22.757,22.757,22.765,22.78,22.804,22.819,22.834,22.85,22.858,22.888,22.95,22.973,23.011,23.088,23.196,23.249,23.326,23.364,23.579,23.884,23.831,23.884,24.173,24.303,24.492,24.485,24.629,24.765,24.682,25.029,25.134,25.323,25.39,25.555,25.608,25.698,25.758,25.645,25.668,25.788,25.832,25.84,25.81,25.877,25.945,25.922,26.019,25.989,26.109,25.945,25.84,26.034,25.952,26.012,25.892,25.832,25.975,25.9,25.9,25.937,25.48,25.533,25.112,24.938,24.833,24.75,24.644,24.5,24.583,24.325,24.287,24.196,24.135,24.181,24.097,24.257,24.265,24.143,24.082,23.899,23.777,23.846,23.755,23.433,23.418,23.234,23.157,23.188,23.142,23.081,23.042,23.065,22.988,22.973,22.973,22.973,22.927,22.911,22.881,22.827,22.85,22.85,22.827,22.811,22.811,22.78,22.773,22.765,22.78,22.773,22.773,22.742,22.727,22.696,22.696,22.665,22.688,22.649,22.665,22.673,22.657,22.68,22.68,22.665,22.642,22.642,22.642,22.619,22.611,22.595,22.58,22.588,22.595,22.611,22.626,22.626,22.634,22.642,22.642,22.634,22.626,22.619,22.611,22.619,22.611,22.611,22.619,22.619,22.634,22.626,22.626,22.657,22.657,22.649,22.665,22.673,22.657,22.642,22.619,22.642,22.642,22.673,22.657,22.649,22.634,22.626,22.626,22.642,22.634,22.634,22.619,22.611,22.619,22.626,22.634,22.642,22.634,22.634,22.626,22.595,22.603,22.595,22.619,22.603,22.611,22.595,22.611,22.649,22.619,22.626,22.611,22.603,22.595,22.588,22.58,22.588,22.572,22.557,22.572,22.572,22.564,22.588,22.572,22.58,22.572,22.549,22.549,22.549,22.549,22.549,22.534,22.534,22.534,22.534,22.534,22.534,22.534,22.534,22.534,22.534,22.526,22.518,22.503,22.487,22.487,22.487,22.487,22.503,22.503,22.479,22.472,22.495,22.487,22.487,22.472,22.495,22.503,22.503,22.495,22.503,22.503,22.472,22.472,22.456,22.472,22.464,22.472,22.472,22.487,22.495,22.487,22.479,22.472,22.456,22.472,22.456,22.464,22.464,22.456,22.487,22.503,22.503,22.479,22.479,22.479,22.418,22.456,22.456,22.479,22.487,22.503,22.479,22.464,22.464,22.449,22.472,22.479,22.487,22.495,22.456,22.479,22.472,22.479,22.487,22.487,22.464,22.456,22.456,22.449,22.449,22.456,22.449,22.441,22.456,22.456,22.449,22.449,22.479,22.464,22.456,22.479,22.464,22.464,22.449,22.418,22.441,22.418,22.425,22.449,22.433,22.433,22.441,22.433,22.449,22.456,22.441,22.464,22.456,22.456,22.441,22.425,22.449,22.41,22.433,22.441,22.433,22.433,22.402,22.41,22.41,22.441,22.433,22.425,22.433,22.479,22.495,22.51,22.472,22.387,22.456,22.394,22.433,22.433,22.425,22.41,22.418,22.418,22.425,22.379,22.371,22.379,22.418,22.402,22.449,22.479,22.456,22.479,22.487,22.479,22.433,22.472,22.441,22.418,22.441,22.41,22.402,22.456,22.449,22.464,22.464,22.441,22.441,22.433,22.433,22.449,22.441,22.464,22.464,22.503,22.51,22.464,22.487,22.487,22.464,22.495,22.487,22.479
,22.371,22.363,22.356,22.356,22.363,22.371,22.356,22.348,22.356,22.348,22.348,22.332,22.387,22.387,22.394,22.425,22.425,22.418,22.387,22.433,22.41,22.402,22.41,22.402,22.41,22.402,22.41,22.41,22.418,22.387,22.394,22.394,22.394,22.425,22.41,22.418,22.433,22.425,22.441,22.449,22.464,22.456,22.441,22.41,22.425,22.456,22.464,22.456,22.449,22.441,22.433,22.425,22.433,22.449,22.433,22.441,22.402,22.449,22.456,22.495,22.472,22.487,22.472,22.479,22.495,22.479,22.503,22.503,22.495,22.495,22.518,22.495,22.51,22.526,22.541,22.541,22.526,22.534,22.518,22.518,22.526,22.526,22.51,22.534,22.526,22.503,22.495,22.518,22.495,22.549,22.534,22.564,22.51,22.549,22.479,22.51,22.518,22.534,22.541,22.549,22.549,22.557,22.534,22.549,22.541,22.534,22.534,22.534,22.549,22.541,22.549,22.557,22.595,22.588,22.595,22.603,22.619,22.58,22.611,22.619,22.595,22.588,22.619,22.588,22.58,22.572,22.572,22.588,22.572,22.619,22.619,22.611,22.611,22.611,22.611,22.619,22.611,22.619,22.611,22.603,22.603,22.595,22.595,22.603,22.595,22.619,22.611,22.611,22.588,22.611,22.595,22.619,22.603,22.619,22.603,22.611,22.603,22.619,22.603,22.611,22.603,22.611,22.595,22.611,22.603,22.619,22.634,22.642,22.634,22.603,22.58,22.588,22.58,22.603,22.595,22.619,22.595,22.611,22.603,22.603,22.603,22.611,22.619,22.626,22.634,22.642,22.657,22.649,22.649,22.634,22.634,22.634,22.634,22.642,22.649,22.657,22.657,22.665,22.649,22.657,22.649,22.634,22.642,22.619,22.611,22.626,22.611,22.619,22.634,22.619,22.611,22.611,22.626,22.626,22.619,22.611,22.603,22.603,22.611,22.603,22.626,22.642,22.642,22.649,22.665,22.68,22.649,22.657,22.665,22.649,22.68,22.673,22.688,22.703,22.696,22.703,22.727,22.727,22.757,22.757,22.773,22.75,22.78,22.788,22.796,22.757,22.796,22.78,22.78,22.773,22.765,22.75,22.765,22.757,22.765,22.773,22.804,22.827,22.842,22.85,22.865,22.881,22.896,22.958,22.996,23.058,23.111,23.28,23.38,23.441,23.609,23.609,23.892,23.968,24.021,24.424,24.477,24.591,24.651,24.78,25.006,25.067,25.383,25.503,25.555,25.593,25.735,25.825,25.818,25.803,25.9,26.034,26.318,26.221,26.325,26.213,26.079,26.198,26.087,26.146,26.176,26.407,26.221,26.109,26.206,26.228,26.221,26.176,26.057,26.191,26.101,26.109,26.169,26.161,26.101,25.758,25.84,25.66,25.615,25.638,25.405,25.383,25.262,25.225,24.931,24.938,24.787,24.719,24.613,24.416,24.371,24.211,24.105,24.113,24.105,24.105,23.869,23.808,23.861,23.655,23.418,23.41,23.296,23.096,23.111,23.104,23.073,23.027,23.011,22.973,22.911,22.919,22.873,22.865,22.927,22.842,22.834,22.819,22.788,22.788,22.804,22.788,22.796,22.78,22.788,22.727,22.711,22.703,22.696,22.703,22.703,22.673,22.703,22.688,22.688,22.688,22.68,22.673,22.696,22.657,22.642,22.626,22.611,22.603,22.603,22.611,22.619,22.634,22.626,22.634,22.642,22.642,22.626,22.642,22.634,22.611,22.619,22.611,22.619,22.634,22.619,22.642,22.642,22.642,22.634,22.642,22.657,22.673,22.642,22.634,22.642,22.649,22.626,22.673,22.657,22.657,22.649,22.649,22.634,22.642,22.642,22.649,22.657,22.657,22.626,22.626,22.634,22.634,22.634,22.657,22.634,22.642,22.642,22.595,22.58,22.588,22.611,22.603,22.58,22.611,22.673,22.665,22.611,22.611,22.595,22.603,22.611,22.595,22.58,22.588,22.58,22.588,22.588,22.588,22.595,22.595,22.588,22.572,22.557,22.557,22.564,22.557,22.549,22.549,22.534,22.541,22.526,22.518,22.518,22.534,22.534,22.541,22.534,22.526,22.526,22.495,22.495,22.495,22.503,22.495,22.495,22.495,22.479,22.479,22.479,22.479,22.464,22.456,22.464,22.472,22.479,22.487,22.487,22.472,22.479,22.51,22.456,22.456,22.449,22.495,22.472,22.503,22.479,22.487,22.472,22.479,22.479,22.472,22.472,22.487,22.456,22.472,22.487,22.495,22.503,22.503,22.503,22.464,22.433,22.456,22.464,22.487,22.487,22.495,22.487,22.495,22.464,22.464,22.456,22.472,22.479,22.479,22.464,22.472,22.456,22.503,22.495,22.503,22.472,22.464,22.456,22.472,22.441,22.449,22.441,22.441,22.456,22.449,22.472,22.456,22.456,22.464,22.464,22.472,22.464,22.464,22.456,22.41,22.425,22.418,22.433,22.425,22.425,22.433,22.464,22.425,22.425,22.433,22.433,22.449,22.456,22.479,22.449,22.433,22.418,22.418,22.433,22.418,22.425,22.418,22.418,22.41,22.402,22.425,22.441,22.464,22.495,22.425,22.472,22.425,22.487,22.433,22.433,22.441,22.449,22.433,22.41,22.418,22.418,22.402,22.394,22.387,22.371,22.387,22.402,22.456,22.441,22.479,22.433,22.472,22.487,22.479,22.449,22.464,22.464,22.402,22.449,22.449,22.41,22.456,22.503,22.441,22.472,22.456,22.449,22.418,22.418,22.418,22.472,22.479,22.479,22.487,22.495,22.472,22.464,22.472,22.503,22.518,22.518,22.487
,22.371,22.371,22.379,22.379,22.387,22.371,22.356,22.363,22.356,22.379,22.332,22.363,22.34,22.387,22.425,22.41,22.425,22.418,22.387,22.402,22.433,22.425,22.433,22.394,22.363,22.379,22.402,22.425,22.41,22.394,22.394,22.387,22.387,22.394,22.41,22.449,22.433,22.425,22.433,22.449,22.449,22.433,22.433,22.425,22.441,22.441,22.472,22.456,22.456,22.456,22.449,22.418,22.449,22.472,22.441,22.472,22.449,22.449,22.441,22.449,22.472,22.51,22.495,22.487,22.472,22.495,22.487,22.487,22.51,22.487,22.51,22.495,22.503,22.534,22.518,22.541,22.541,22.534,22.541,22.541,22.549,22.526,22.534,22.534,22.534,22.549,22.534,22.549,22.557,22.526,22.534,22.518,22.534,22.51,22.51,22.518,22.495,22.557,22.534,22.549,22.549,22.557,22.557,22.557,22.541,22.549,22.526,22.541,22.541,22.541,22.564,22.572,22.588,22.603,22.611,22.603,22.626,22.619,22.611,22.611,22.611,22.603,22.595,22.595,22.58,22.595,22.595,22.595,22.564,22.619,22.595,22.619,22.603,22.611,22.603,22.611,22.595,22.603,22.595,22.603,22.603,22.611,22.595,22.595,22.603,22.603,22.611,22.611,22.595,22.595,22.595,22.619,22.595,22.611,22.595,22.603,22.611,22.611,22.595,22.595,22.611,22.603,22.595,22.619,22.603,22.642,22.603,22.642,22.642,22.588,22.588,22.611,22.626,22.619,22.619,22.611,22.619,22.611,22.603,22.611,22.611,22.619,22.619,22.626,22.634,22.649,22.642,22.649,22.649,22.634,22.634,22.634,22.649,22.657,22.657,22.665,22.665,22.673,22.665,22.665,22.665,22.657,22.634,22.634,22.611,22.626,22.619,22.649,22.657,22.634,22.634,22.642,22.626,22.626,22.634,22.611,22.611,22.611,22.619,22.626,22.649,22.657,22.665,22.665,22.68,22.619,22.665,22.665,22.68,22.673,22.68,22.688,22.703,22.703,22.711,22.711,22.75,22.765,22.765,22.788,22.804,22.788,22.796,22.796,22.804,22.804,22.834,22.811,22.796,22.788,22.788,22.765,22.757,22.765,22.757,22.788,22.819,22.834,22.85,22.865,22.881,22.896,22.95,22.95,23.019,23.188,23.249,23.38,23.548,23.594,23.762,23.991,24.059,24.105,24.47,24.447,24.629,24.735,25.112,25.195,25.345,25.548,25.533,25.653,25.945,25.907,25.862,26.079,26.228,26.206,26.183,26.533,26.548,26.578,26.585,26.466,26.6,26.622,26.615,26.556,26.533,26.526,26.481,26.526,26.57,26.444,26.295,26.288,26.258,26.206,26.295,26.318,26.265,26.258,26.228,26.057,26.131,26.049,25.982,25.975,25.855,25.855,25.87,25.825,25.653,25.578,25.225,25.172,25.187,25.006,24.991,24.795,24.78,24.682,24.53,24.545,24.356,24.379,24.151,24.158,24.052,23.991,23.571,23.357,23.334,23.341,23.15,23.165,23.119,23.034,23.019,23.004,22.958,22.927,22.888,22.881,22.842,22.834,22.819,22.796,22.811,22.811,22.827,22.819,22.788,22.78,22.734,22.734,22.727,22.727,22.727,22.696,22.711,22.703,22.703,22.703,22.688,22.688,22.673,22.68,22.649,22.626,22.603,22.595,22.611,22.619,22.626,22.642,22.626,22.634,22.649,22.642,22.634,22.634,22.642,22.626,22.603,22.619,22.626,22.626,22.619,22.642,22.673,22.634,22.634,22.649,22.657,22.657,22.657,22.657,22.649,22.626,22.634,22.657,22.665,22.665,22.665,22.665,22.642,22.634,22.657,22.665,22.665,22.673,22.657,22.626,22.634,22.642,22.634,22.649,22.642,22.642,22.619,22.611,22.595,22.595,22.619,22.619,22.603,22.603,22.634,22.619,22.642,22.619,22.595,22.611,22.611,22.619,22.611,22.603,22.595,22.595,22.588,22.588,22.588,22.588,22.595,22.58,22.564,22.557,22.549,22.557,22.549,22.549,22.534,22.541,22.526,22.526,22.518,22.526,22.526,22.534,22.534,22.541,22.526,22.51,22.479,22.51,22.487,22.495,22.479,22.472,22.487,22.503,22.487,22.503,22.479,22.487,22.472,22.503,22.487,22.479,22.487,22.456,22.449,22.472,22.464,22.441,22.449,22.487,22.503,22.495,22.487,22.518,22.526,22.479,22.479,22.456,22.456,22.495,22.456,22.472,22.487,22.487,22.495,22.51,22.487,22.487,22.472,22.456,22.472,22.495,22.479,22.479,22.479,22.472,22.464,22.456,22.495,22.487,22.479,22.479,22.456,22.479,22.456,22.479,22.487,22.495,22.487,22.495,22.433,22.487,22.433,22.433,22.441,22.441,22.449,22.449,22.464,22.456,22.425,22.425,22.441,22.456,22.464,22.456,22.441,22.425,22.425,22.402,22.402,22.418,22.418,22.449,22.441,22.425,22.456,22.433,22.449,22.456,22.456,22.441,22.456,22.441,22.418,22.418,22.418,22.425,22.425,22.425,22.418,22.418,22.41,22.433,22.449,22.433,22.418,22.433,22.441,22.479,22.472,22.456,22.425,22.449,22.441,22.418,22.433,22.441,22.41,22.418,22.394,22.394,22.402,22.41,22.456,22.441,22.487,22.495,22.456,22.495,22.464,22.41,22.441,22.441,22.433,22.441,22.433,22.418,22.433,22.487,22.449,22.503,22.464,22.456,22.418,22.425,22.402,22.441,22.418,22.456,22.495,22.495,22.487,22.487,22.464,22.464,22.495,22.534,22.526,22.541
,22.363,22.363,22.387,22.379,22.371,22.379,22.348,22.356,22.356,22.34,22.348,22.317,22.379,22.387,22.371,22.387,22.425,22.379,22.402,22.425,22.472,22.402,22.441,22.441,22.418,22.433,22.425,22.41,22.402,22.387,22.379,22.379,22.387,22.394,22.41,22.425,22.41,22.449,22.433,22.433,22.456,22.425,22.425,22.418,22.418,22.456,22.441,22.479,22.456,22.464,22.456,22.433,22.472,22.441,22.449,22.425,22.433,22.433,22.425,22.449,22.472,22.472,22.472,22.495,22.487,22.487,22.487,22.487,22.472,22.495,22.487,22.495,22.51,22.526,22.549,22.541,22.518,22.534,22.534,22.526,22.534,22.526,22.526,22.518,22.526,22.503,22.534,22.541,22.541,22.541,22.518,22.51,22.495,22.503,22.503,22.495,22.526,22.51,22.541,22.534,22.549,22.557,22.564,22.549,22.549,22.534,22.549,22.549,22.557,22.588,22.588,22.572,22.588,22.611,22.603,22.611,22.619,22.619,22.611,22.611,22.611,22.603,22.588,22.611,22.603,22.595,22.619,22.611,22.649,22.603,22.603,22.588,22.588,22.588,22.595,22.595,22.603,22.603,22.626,22.619,22.619,22.619,22.595,22.611,22.603,22.595,22.603,22.595,22.595,22.595,22.603,22.603,22.588,22.588,22.595,22.58,22.603,22.603,22.588,22.603,22.588,22.588,22.588,22.603,22.619,22.634,22.619,22.642,22.634,22.611,22.619,22.619,22.611,22.634,22.634,22.634,22.619,22.619,22.619,22.611,22.626,22.626,22.634,22.634,22.657,22.649,22.634,22.665,22.634,22.634,22.642,22.649,22.657,22.673,22.673,22.665,22.665,22.673,22.688,22.688,22.665,22.665,22.642,22.634,22.642,22.611,22.642,22.649,22.657,22.657,22.634,22.642,22.642,22.626,22.634,22.611,22.611,22.619,22.634,22.649,22.665,22.665,22.68,22.657,22.68,22.68,22.68,22.68,22.68,22.68,22.68,22.703,22.703,22.727,22.727,22.734,22.75,22.773,22.788,22.788,22.804,22.811,22.804,22.827,22.827,22.834,22.842,22.842,22.804,22.804,22.796,22.773,22.765,22.757,22.78,22.796,22.842,22.834,22.888,22.896,22.919,22.934,22.958,23.096,23.119,23.319,23.364,23.602,23.701,23.823,23.877,24.044,24.211,24.492,24.523,24.576,24.991,25.021,25.104,25.375,25.743,25.855,25.78,26.183,26.191,26.243,26.429,26.407,26.444,26.526,26.615,26.682,26.719,26.719,26.667,26.66,26.712,26.689,26.615,26.615,26.541,26.615,26.608,26.556,26.556,26.556,26.481,26.385,26.333,26.385,26.392,26.422,26.325,26.273,26.273,26.236,26.206,26.183,26.079,26.034,25.997,25.937,25.93,25.892,25.832,25.832,25.765,25.593,25.585,25.495,25.473,25.368,25.285,25.323,25.157,25.059,24.886,24.795,24.727,24.621,24.545,24.409,24.386,24.325,23.823,23.678,23.655,23.533,23.265,23.203,23.096,23.134,23.157,22.965,23.073,22.981,22.958,22.904,22.919,22.873,22.842,22.834,22.842,22.834,22.827,22.788,22.765,22.757,22.757,22.742,22.765,22.75,22.727,22.719,22.711,22.711,22.696,22.68,22.688,22.688,22.68,22.626,22.634,22.626,22.634,22.626,22.634,22.649,22.642,22.657,22.642,22.657,22.649,22.649,22.642,22.634,22.634,22.642,22.642,22.642,22.649,22.649,22.688,22.649,22.657,22.665,22.657,22.665,22.665,22.665,22.649,22.665,22.657,22.68,22.68,22.673,22.68,22.665,22.649,22.657,22.649,22.68,22.68,22.673,22.657,22.649,22.634,22.634,22.626,22.634,22.634,22.626,22.626,22.603,22.603,22.603,22.626,22.626,22.611,22.649,22.642,22.642,22.611,22.611,22.611,22.611,22.619,22.611,22.603,22.588,22.603,22.595,22.603,22.603,22.595,22.603,22.595,22.572,22.588,22.595,22.557,22.557,22.557,22.549,22.541,22.541,22.541,22.526,22.518,22.526,22.51,22.518,22.518,22.51,22.495,22.487,22.479,22.495,22.479,22.487,22.495,22.487,22.495,22.495,22.51,22.503,22.487,22.495,22.479,22.503,22.487,22.479,22.487,22.479,22.495,22.495,22.449,22.425,22.456,22.464,22.464,22.449,22.487,22.487,22.464,22.518,22.549,22.487,22.479,22.464,22.456,22.464,22.472,22.472,22.487,22.479,22.487,22.472,22.479,22.472,22.472,22.472,22.479,22.495,22.503,22.456,22.472,22.456,22.472,22.472,22.479,22.472,22.472,22.472,22.479,22.495,22.487,22.472,22.479,22.464,22.479,22.456,22.441,22.433,22.449,22.464,22.518,22.479,22.441,22.433,22.449,22.464,22.456,22.449,22.464,22.464,22.456,22.425,22.441,22.41,22.402,22.418,22.441,22.449,22.456,22.441,22.449,22.464,22.433,22.472,22.472,22.449,22.441,22.441,22.41,22.418,22.418,22.433,22.433,22.425,22.41,22.425,22.418,22.433,22.441,22.425,22.472,22.518,22.479,22.472,22.479,22.464,22.418,22.418,22.433,22.441,22.433,22.418,22.41,22.433,22.433,22.394,22.402,22.456,22.41,22.449,22.487,22.456,22.472,22.418,22.441,22.456,22.433,22.449,22.425,22.402,22.433,22.425,22.418,22.479,22.479,22.456,22.464,22.456,22.441,22.418,22.418,22.456,22.472,22.456,22.518,22.472,22.495,22.487,22.495,22.487,22.503,22.51,22.58,22.487
,22.371,22.379,22.371,22.34,22.379,22.348,22.356,22.363,22.356,22.363,22.379,22.371,22.356,22.348,22.356,22.41,22.41,22.402,22.363,22.425,22.394,22.418,22.441,22.449,22.41,22.418,22.425,22.402,22.41,22.394,22.379,22.363,22.387,22.418,22.418,22.402,22.441,22.433,22.472,22.441,22.441,22.441,22.433,22.433,22.433,22.449,22.472,22.472,22.479,22.479,22.464,22.464,22.456,22.449,22.441,22.449,22.441,22.464,22.449,22.441,22.456,22.464,22.472,22.479,22.464,22.472,22.464,22.456,22.472,22.472,22.472,22.487,22.503,22.495,22.549,22.503,22.541,22.549,22.518,22.534,22.518,22.495,22.51,22.51,22.518,22.526,22.518,22.541,22.549,22.526,22.526,22.51,22.518,22.518,22.503,22.51,22.51,22.51,22.534,22.534,22.541,22.541,22.549,22.564,22.534,22.557,22.549,22.564,22.572,22.557,22.564,22.595,22.611,22.603,22.611,22.619,22.619,22.611,22.611,22.603,22.611,22.603,22.619,22.603,22.595,22.603,22.603,22.619,22.626,22.626,22.588,22.588,22.588,22.588,22.595,22.595,22.603,22.603,22.619,22.619,22.626,22.626,22.603,22.619,22.611,22.603,22.603,22.603,22.595,22.595,22.595,22.611,22.611,22.595,22.595,22.603,22.595,22.603,22.588,22.595,22.588,22.588,22.572,22.595,22.603,22.619,22.634,22.626,22.642,22.611,22.611,22.626,22.634,22.626,22.634,22.634,22.626,22.611,22.619,22.611,22.626,22.626,22.626,22.642,22.649,22.642,22.665,22.642,22.642,22.649,22.657,22.657,22.68,22.673,22.68,22.673,22.665,22.673,22.673,22.673,22.68,22.673,22.657,22.634,22.626,22.626,22.642,22.649,22.649,22.649,22.642,22.657,22.634,22.626,22.626,22.619,22.626,22.626,22.634,22.657,22.68,22.68,22.673,22.688,22.696,22.696,22.688,22.703,22.696,22.696,22.696,22.711,22.719,22.742,22.757,22.757,22.773,22.78,22.788,22.804,22.827,22.811,22.811,22.834,22.827,22.827,22.834,22.834,22.819,22.796,22.78,22.765,22.765,22.765,22.773,22.811,22.834,22.873,22.904,22.904,22.927,23.065,23.042,23.203,23.311,23.472,23.579,23.671,23.831,23.953,24.097,24.447,24.507,24.606,24.931,25.195,25.465,25.593,26.012,26.124,26.236,26.399,26.362,26.518,26.466,26.57,26.645,26.563,26.712,26.652,26.756,26.726,26.749,26.704,26.63,26.66,26.712,26.66,26.578,26.63,26.585,26.548,26.541,26.466,26.526,26.541,26.466,26.422,26.377,26.362,26.392,26.362,26.288,26.303,26.265,26.243,26.236,26.176,26.146,26.116,26.042,25.952,25.982,25.915,25.9,25.96,25.922,25.72,25.6,25.623,25.615,25.51,25.495,25.488,25.465,25.42,25.323,25.195,24.886,24.954,24.848,24.863,24.757,24.757,24.583,24.636,24.341,24.037,23.808,23.747,23.341,23.296,23.226,23.058,23.134,22.973,22.996,23.019,22.965,22.888,22.896,22.873,22.896,22.842,22.85,22.811,22.78,22.78,22.78,22.78,22.75,22.742,22.727,22.734,22.727,22.711,22.719,22.703,22.688,22.688,22.68,22.673,22.634,22.634,22.634,22.649,22.657,22.665,22.649,22.673,22.657,22.634,22.703,22.642,22.665,22.649,22.619,22.642,22.642,22.657,22.657,22.649,22.649,22.665,22.657,22.657,22.673,22.665,22.68,22.673,22.68,22.673,22.673,22.642,22.673,22.68,22.665,22.665,22.657,22.649,22.657,22.673,22.673,22.673,22.68,22.642,22.642,22.634,22.626,22.649,22.657,22.619,22.626,22.595,22.603,22.603,22.611,22.626,22.611,22.634,22.611,22.626,22.58,22.611,22.595,22.595,22.611,22.619,22.619,22.611,22.634,22.611,22.603,22.611,22.603,22.588,22.58,22.588,22.588,22.572,22.557,22.557,22.557,22.549,22.541,22.549,22.541,22.534,22.534,22.51,22.51,22.51,22.518,22.51,22.51,22.487,22.495,22.495,22.487,22.487,22.479,22.479,22.487,22.518,22.464,22.487,22.495,22.503,22.472,22.487,22.495,22.495,22.464,22.449,22.472,22.449,22.425,22.425,22.441,22.441,22.456,22.456,22.456,22.449,22.449,22.441,22.425,22.464,22.456,22.464,22.464,22.479,22.495,22.487,22.456,22.464,22.479,22.479,22.487,22.464,22.472,22.456,22.479,22.495,22.487,22.479,22.487,22.464,22.464,22.487,22.472,22.464,22.487,22.456,22.464,22.479,22.479,22.495,22.487,22.449,22.456,22.456,22.441,22.441,22.449,22.441,22.464,22.449,22.449,22.449,22.425,22.449,22.449,22.464,22.464,22.456,22.464,22.449,22.418,22.41,22.41,22.425,22.456,22.449,22.495,22.456,22.449,22.441,22.456,22.464,22.479,22.441,22.394,22.402,22.402,22.41,22.41,22.433,22.41,22.418,22.441,22.41,22.41,22.441,22.418,22.441,22.418,22.418,22.456,22.449,22.441,22.441,22.464,22.418,22.433,22.402,22.418,22.402,22.41,22.402,22.387,22.379,22.402,22.418,22.449,22.464,22.456,22.464,22.464,22.418,22.402,22.449,22.425,22.441,22.418,22.402,22.425,22.441,22.418,22.487,22.425,22.479,22.456,22.433,22.464,22.425,22.418,22.456,22.472,22.51,22.495,22.441,22.456,22.479,22.487,22.479,22.479,22.495,22.557,22.541
,22.41,22.41,22.379,22.332,22.433,22.379,22.371,22.356,22.371,22.363,22.371,22.363,22.356,22.348,22.348,22.387,22.387,22.394,22.387,22.41,22.402,22.41,22.425,22.425,22.418,22.425,22.418,22.41,22.402,22.387,22.371,22.379,22.379,22.394,22.418,22.433,22.425,22.441,22.456,22.441,22.449,22.402,22.464,22.449,22.456,22.449,22.449,22.464,22.472,22.479,22.464,22.472,22.456,22.449,22.433,22.472,22.449,22.441,22.456,22.449,22.449,22.464,22.479,22.487,22.487,22.479,22.472,22.456,22.472,22.464,22.472,22.472,22.479,22.472,22.541,22.503,22.534,22.518,22.495,22.518,22.51,22.526,22.51,22.534,22.518,22.534,22.549,22.541,22.541,22.541,22.51,22.495,22.487,22.487,22.518,22.518,22.518,22.503,22.518,22.526,22.526,22.534,22.534,22.557,22.549,22.557,22.549,22.564,22.58,22.588,22.588,22.58,22.588,22.611,22.626,22.619,22.611,22.611,22.626,22.626,22.619,22.634,22.619,22.619,22.611,22.588,22.603,22.611,22.611,22.611,22.588,22.572,22.58,22.58,22.588,22.595,22.611,22.611,22.626,22.619,22.619,22.611,22.595,22.611,22.611,22.611,22.611,22.603,22.603,22.619,22.619,22.611,22.634,22.603,22.603,22.595,22.603,22.603,22.619,22.595,22.572,22.58,22.58,22.603,22.634,22.619,22.634,22.626,22.634,22.634,22.619,22.626,22.634,22.642,22.649,22.649,22.626,22.619,22.619,22.611,22.626,22.626,22.634,22.665,22.649,22.649,22.673,22.657,22.657,22.649,22.657,22.68,22.696,22.688,22.673,22.673,22.649,22.673,22.68,22.68,22.68,22.68,22.665,22.634,22.642,22.619,22.634,22.642,22.657,22.657,22.649,22.657,22.657,22.649,22.626,22.634,22.619,22.665,22.657,22.68,22.696,22.703,22.696,22.696,22.696,22.711,22.719,22.711,22.719,22.688,22.727,22.742,22.757,22.773,22.773,22.78,22.78,22.796,22.804,22.811,22.819,22.827,22.834,22.834,22.842,22.842,22.842,22.842,22.827,22.819,22.765,22.773,22.773,22.78,22.796,22.819,22.834,22.873,22.934,22.95,23.019,23.157,23.257,23.357,23.449,23.541,23.693,23.739,24.242,24.105,24.523,24.545,25.134,25.608,26.034,26.004,26.236,26.116,26.258,26.481,26.526,26.511,26.526,26.585,26.593,26.615,26.66,26.697,26.704,26.689,26.763,26.756,26.778,26.719,26.689,26.608,26.697,26.667,26.712,26.6,26.63,26.652,26.548,26.474,26.511,26.504,26.489,26.444,26.385,26.325,26.37,26.295,26.295,26.28,26.273,26.251,26.228,26.154,26.154,26.191,26.079,25.975,26.019,25.952,25.93,25.9,25.87,25.818,25.713,25.668,25.683,25.653,25.578,25.578,25.525,25.435,25.458,25.375,25.353,25.225,25.142,25.036,24.976,24.931,24.863,24.75,24.697,24.56,24.462,24.196,24.113,24.014,23.625,23.341,23.242,23.203,23.196,23.05,22.988,22.911,22.996,22.919,22.911,22.888,22.865,22.85,22.804,22.811,22.804,22.796,22.765,22.734,22.727,22.742,22.742,22.727,22.727,22.727,22.703,22.711,22.673,22.688,22.665,22.657,22.657,22.649,22.673,22.68,22.68,22.665,22.665,22.688,22.703,22.665,22.665,22.673,22.665,22.657,22.665,22.673,22.665,22.673,22.688,22.688,22.657,22.68,22.696,22.696,22.703,22.703,22.68,22.68,22.673,22.688,22.703,22.688,22.696,22.688,22.688,22.657,22.703,22.619,22.603,22.673,22.673,22.657,22.649,22.642,22.642,22.642,22.626,22.619,22.619,22.603,22.588,22.611,22.611,22.611,22.619,22.603,22.642,22.649,22.611,22.595,22.603,22.603,22.611,22.634,22.626,22.642,22.603,22.603,22.588,22.603,22.595,22.595,22.595,22.58,22.58,22.564,22.572,22.557,22.549,22.541,22.541,22.557,22.549,22.541,22.518,22.526,22.487,22.503,22.534,22.487,22.479,22.456,22.487,22.487,22.487,22.479,22.487,22.487,22.487,22.518,22.518,22.487,22.503,22.503,22.51,22.472,22.479,22.464,22.472,22.464,22.425,22.425,22.456,22.433,22.441,22.441,22.487,22.449,22.464,22.425,22.441,22.487,22.456,22.464,22.472,22.449,22.487,22.487,22.464,22.487,22.495,22.487,22.487,22.495,22.487,22.472,22.472,22.472,22.487,22.503,22.51,22.456,22.456,22.456,22.472,22.479,22.472,22.464,22.449,22.495,22.472,22.472,22.479,22.472,22.472,22.441,22.479,22.495,22.456,22.479,22.472,22.449,22.456,22.464,22.472,22.464,22.456,22.41,22.441,22.479,22.441,22.456,22.456,22.464,22.433,22.418,22.41,22.425,22.433,22.472,22.479,22.456,22.456,22.487,22.464,22.479,22.449,22.41,22.441,22.402,22.418,22.418,22.425,22.449,22.433,22.433,22.441,22.433,22.433,22.456,22.425,22.425,22.433,22.456,22.464,22.464,22.449,22.441,22.433,22.433,22.402,22.425,22.433,22.441,22.433,22.41,22.387,22.418,22.433,22.41,22.51,22.456,22.456,22.472,22.456,22.449,22.449,22.433,22.441,22.441,22.425,22.41,22.402,22.487,22.425,22.441,22.464,22.433,22.456,22.441,22.449,22.41,22.472,22.472,22.456,22.479,22.487,22.456,22.518,22.487,22.479,22.518,22.472,22.534,22.572,22.549
,22.449,22.41,22.356,22.387,22.394,22.387,22.371,22.371,22.363,22.379,22.394,22.348,22.356,22.348,22.371,22.394,22.402,22.379,22.371,22.394,22.394,22.418,22.394,22.425,22.425,22.41,22.402,22.402,22.379,22.387,22.387,22.379,22.387,22.394,22.418,22.464,22.441,22.433,22.425,22.418,22.441,22.441,22.441,22.449,22.441,22.441,22.441,22.433,22.472,22.464,22.479,22.472,22.464,22.449,22.456,22.418,22.433,22.433,22.41,22.441,22.449,22.464,22.479,22.479,22.479,22.472,22.472,22.479,22.479,22.487,22.472,22.472,22.479,22.472,22.503,22.495,22.534,22.526,22.495,22.51,22.518,22.503,22.503,22.495,22.503,22.534,22.526,22.534,22.557,22.534,22.534,22.495,22.518,22.503,22.487,22.503,22.495,22.503,22.518,22.526,22.526,22.541,22.557,22.557,22.534,22.557,22.549,22.564,22.564,22.572,22.58,22.588,22.595,22.619,22.611,22.626,22.603,22.611,22.626,22.626,22.642,22.626,22.634,22.619,22.58,22.611,22.611,22.611,22.603,22.595,22.588,22.58,22.588,22.603,22.619,22.634,22.619,22.626,22.634,22.626,22.619,22.619,22.619,22.619,22.626,22.595,22.603,22.603,22.603,22.611,22.611,22.626,22.619,22.626,22.603,22.611,22.619,22.634,22.619,22.611,22.588,22.572,22.595,22.595,22.626,22.634,22.619,22.642,22.634,22.634,22.642,22.634,22.634,22.642,22.642,22.665,22.634,22.657,22.626,22.619,22.619,22.626,22.649,22.665,22.665,22.665,22.688,22.665,22.665,22.68,22.665,22.657,22.688,22.68,22.673,22.665,22.642,22.649,22.657,22.673,22.68,22.673,22.657,22.634,22.626,22.642,22.642,22.642,22.665,22.657,22.68,22.657,22.642,22.626,22.626,22.626,22.626,22.634,22.688,22.696,22.696,22.696,22.703,22.711,22.719,22.75,22.734,22.719,22.719,22.703,22.734,22.773,22.773,22.788,22.788,22.78,22.788,22.804,22.819,22.827,22.842,22.834,22.85,22.842,22.842,22.834,22.834,22.842,22.827,22.757,22.788,22.757,22.773,22.78,22.834,22.85,22.881,22.927,22.927,22.973,23.134,23.188,23.341,23.464,23.602,23.907,23.922,24.363,24.523,24.961,25.383,25.563,26.057,26.109,26.265,26.325,26.377,26.615,26.563,26.608,26.578,26.622,26.585,26.615,26.645,26.615,26.637,26.615,26.689,26.704,26.697,26.771,26.778,26.734,26.734,26.622,26.637,26.652,26.608,26.57,26.526,26.504,26.407,26.444,26.362,26.407,26.392,26.325,26.258,26.355,26.28,26.288,26.28,26.258,26.243,26.213,26.183,26.131,26.146,26.183,26.079,25.997,26.161,25.952,25.907,25.93,25.87,25.855,25.803,25.75,25.728,25.705,25.645,25.585,25.585,25.465,25.473,25.428,25.39,25.338,25.277,25.172,25.142,25.157,25.021,24.855,24.848,24.855,24.704,24.462,24.318,24.257,24.158,24.006,23.625,23.387,23.296,23.18,23.15,23.05,23.05,23.019,22.927,22.927,22.888,22.85,22.85,22.858,22.811,22.78,22.78,22.757,22.757,22.757,22.757,22.75,22.757,22.742,22.75,22.734,22.734,22.68,22.665,22.673,22.673,22.68,22.68,22.696,22.68,22.688,22.665,22.719,22.703,22.719,22.688,22.673,22.68,22.673,22.665,22.68,22.68,22.68,22.68,22.688,22.68,22.688,22.696,22.688,22.688,22.696,22.673,22.665,22.68,22.673,22.688,22.68,22.68,22.673,22.673,22.673,22.649,22.657,22.688,22.673,22.688,22.665,22.642,22.642,22.634,22.634,22.626,22.619,22.626,22.626,22.619,22.611,22.611,22.611,22.634,22.611,22.642,22.68,22.626,22.619,22.611,22.595,22.611,22.634,22.619,22.595,22.619,22.611,22.58,22.588,22.58,22.58,22.588,22.549,22.557,22.557,22.564,22.557,22.549,22.51,22.549,22.549,22.549,22.534,22.464,22.503,22.479,22.51,22.487,22.487,22.479,22.472,22.472,22.487,22.487,22.472,22.487,22.487,22.495,22.479,22.487,22.479,22.479,22.495,22.51,22.51,22.503,22.464,22.464,22.464,22.441,22.449,22.441,22.449,22.464,22.456,22.472,22.456,22.441,22.425,22.433,22.503,22.464,22.479,22.479,22.479,22.472,22.487,22.51,22.503,22.479,22.503,22.487,22.503,22.479,22.479,22.472,22.479,22.495,22.495,22.503,22.518,22.534,22.487,22.472,22.51,22.479,22.464,22.487,22.479,22.472,22.51,22.503,22.464,22.479,22.464,22.464,22.472,22.479,22.479,22.464,22.495,22.456,22.456,22.495,22.464,22.479,22.479,22.449,22.449,22.472,22.464,22.479,22.449,22.418,22.441,22.425,22.425,22.449,22.441,22.456,22.464,22.449,22.456,22.449,22.472,22.464,22.456,22.425,22.441,22.394,22.41,22.433,22.441,22.456,22.425,22.433,22.425,22.418,22.441,22.441,22.441,22.449,22.433,22.418,22.449,22.441,22.425,22.433,22.418,22.418,22.425,22.402,22.418,22.41,22.441,22.402,22.433,22.387,22.379,22.402,22.425,22.441,22.441,22.449,22.449,22.472,22.464,22.456,22.425,22.418,22.402,22.41,22.394,22.425,22.456,22.495,22.456,22.449,22.418,22.449,22.495,22.456,22.464,22.464,22.495,22.449,22.449,22.464,22.464,22.456,22.503,22.518,22.51,22.526,22.557
,22.456,22.441,22.371,22.348,22.363,22.387,22.348,22.379,22.356,22.379,22.371,22.348,22.363,22.379,22.371,22.379,22.394,22.379,22.379,22.363,22.394,22.348,22.379,22.394,22.387,22.402,22.387,22.394,22.387,22.394,22.402,22.402,22.418,22.456,22.394,22.418,22.441,22.449,22.433,22.425,22.425,22.441,22.441,22.441,22.449,22.441,22.449,22.441,22.464,22.456,22.472,22.464,22.456,22.464,22.449,22.425,22.449,22.441,22.433,22.418,22.433,22.433,22.456,22.487,22.479,22.479,22.487,22.479,22.479,22.464,22.464,22.464,22.449,22.449,22.479,22.487,22.503,22.495,22.503,22.487,22.479,22.503,22.534,22.495,22.487,22.51,22.518,22.534,22.557,22.557,22.518,22.518,22.51,22.503,22.495,22.503,22.495,22.526,22.518,22.518,22.549,22.534,22.642,22.58,22.557,22.572,22.564,22.557,22.564,22.564,22.572,22.595,22.603,22.603,22.603,22.603,22.619,22.619,22.595,22.619,22.626,22.634,22.626,22.626,22.619,22.595,22.595,22.564,22.572,22.572,22.588,22.603,22.595,22.611,22.626,22.626,22.642,22.634,22.642,22.626,22.634,22.619,22.619,22.626,22.619,22.603,22.58,22.619,22.603,22.619,22.649,22.634,22.626,22.603,22.611,22.619,22.619,22.626,22.619,22.603,22.58,22.58,22.595,22.611,22.626,22.634,22.619,22.634,22.634,22.634,22.626,22.642,22.642,22.642,22.657,22.649,22.649,22.619,22.619,22.611,22.619,22.634,22.634,22.649,22.649,22.673,22.68,22.673,22.688,22.673,22.673,22.673,22.68,22.673,22.673,22.665,22.649,22.657,22.657,22.673,22.673,22.649,22.657,22.642,22.626,22.634,22.634,22.649,22.657,22.657,22.657,22.626,22.634,22.634,22.626,22.634,22.649,22.665,22.665,22.696,22.68,22.703,22.711,22.711,22.742,22.75,22.742,22.727,22.742,22.727,22.765,22.78,22.788,22.804,22.796,22.804,22.788,22.811,22.834,22.842,22.858,22.85,22.85,22.842,22.842,22.842,22.85,22.842,22.834,22.78,22.788,22.757,22.788,22.819,22.834,22.881,22.896,22.988,22.965,23.088,23.173,23.456,23.364,23.609,23.907,24.598,24.674,25.134,25.653,26.004,26.064,26.228,26.258,26.399,26.37,26.563,26.622,26.608,26.622,26.645,26.66,26.615,26.57,26.6,26.615,26.652,26.608,26.622,26.689,26.593,26.645,26.608,26.563,26.526,26.236,26.139,26.176,26.169,26.228,26.154,26.079,26.116,26.191,26.094,26.139,26.273,26.28,26.124,26.116,26.243,26.154,26.198,26.258,26.213,26.198,26.176,26.161,26.124,26.116,26.228,26.042,26.034,26.183,25.997,25.907,25.952,25.847,25.825,25.87,25.743,25.735,25.795,25.653,25.645,25.585,25.525,25.51,25.473,25.398,25.338,25.368,25.24,25.255,25.18,25.089,24.984,24.961,25.014,24.954,24.878,24.719,24.697,24.477,24.386,24.371,24.31,23.892,23.518,23.288,23.211,23.065,23.065,23.027,22.988,22.934,22.911,22.888,22.888,22.873,22.819,22.788,22.773,22.765,22.773,22.773,22.773,22.773,22.765,22.765,22.757,22.727,22.727,22.711,22.703,22.688,22.688,22.688,22.696,22.711,22.68,22.719,22.727,22.719,22.711,22.696,22.696,22.68,22.673,22.68,22.68,22.673,22.68,22.665,22.665,22.68,22.68,22.696,22.703,22.688,22.696,22.673,22.665,22.673,22.657,22.673,22.673,22.673,22.665,22.665,22.673,22.642,22.688,22.657,22.68,22.688,22.657,22.649,22.649,22.626,22.626,22.626,22.626,22.634,22.619,22.634,22.634,22.603,22.595,22.603,22.611,22.626,22.626,22.642,22.58,22.603,22.595,22.611,22.634,22.642,22.626,22.611,22.595,22.58,22.572,22.572,22.572,22.572,22.564,22.564,22.564,22.557,22.534,22.549,22.534,22.549,22.518,22.518,22.541,22.495,22.526,22.503,22.487,22.503,22.503,22.487,22.472,22.495,22.472,22.479,22.479,22.487,22.479,22.472,22.487,22.487,22.479,22.479,22.441,22.503,22.503,22.464,22.472,22.456,22.456,22.495,22.464,22.441,22.425,22.464,22.449,22.479,22.41,22.464,22.472,22.449,22.464,22.464,22.472,22.472,22.479,22.472,22.479,22.487,22.51,22.487,22.495,22.495,22.495,22.487,22.495,22.479,22.472,22.464,22.495,22.479,22.487,22.456,22.51,22.487,22.464,22.495,22.51,22.425,22.449,22.456,22.479,22.479,22.51,22.479,22.472,22.487,22.503,22.472,22.487,22.487,22.456,22.479,22.464,22.472,22.464,22.479,22.464,22.472,22.425,22.456,22.456,22.449,22.456,22.441,22.449,22.449,22.441,22.41,22.433,22.433,22.479,22.441,22.449,22.441,22.456,22.479,22.433,22.41,22.418,22.433,22.402,22.418,22.449,22.425,22.433,22.449,22.433,22.433,22.456,22.418,22.402,22.425,22.433,22.41,22.433,22.441,22.425,22.433,22.402,22.418,22.433,22.418,22.425,22.425,22.425,22.441,22.472,22.425,22.425,22.363,22.387,22.433,22.425,22.441,22.441,22.425,22.418,22.41,22.425,22.41,22.418,22.487,22.387,22.464,22.479,22.425,22.418,22.479,22.441,22.41,22.425,22.456,22.487,22.518,22.456,22.456,22.449,22.456,22.456,22.472,22.487,22.487,22.487,22.534,22.557
,22.503,22.41,22.379,22.387,22.363,22.387,22.371,22.371,22.371,22.363,22.356,22.363,22.371,22.363,22.348,22.394,22.379,22.379,22.371,22.394,22.387,22.371,22.41,22.379,22.379,22.387,22.379,22.371,22.379,22.387,22.387,22.387,22.402,22.41,22.41,22.425,22.441,22.449,22.441,22.433,22.418,22.441,22.456,22.449,22.456,22.456,22.456,22.449,22.456,22.464,22.464,22.464,22.449,22.441,22.418,22.464,22.425,22.441,22.464,22.449,22.464,22.456,22.464,22.472,22.479,22.487,22.503,22.487,22.479,22.464,22.487,22.479,22.456,22.456,22.449,22.464,22.479,22.503,22.487,22.518,22.518,22.495,22.51,22.518,22.479,22.503,22.51,22.518,22.526,22.526,22.541,22.518,22.51,22.526,22.503,22.503,22.526,22.526,22.534,22.541,22.549,22.534,22.557,22.564,22.564,22.58,22.572,22.572,22.564,22.557,22.58,22.588,22.58,22.595,22.611,22.595,22.611,22.611,22.619,22.634,22.619,22.626,22.619,22.611,22.619,22.603,22.611,22.611,22.603,22.611,22.58,22.603,22.611,22.619,22.657,22.657,22.657,22.673,22.649,22.634,22.649,22.634,22.611,22.595,22.611,22.611,22.595,22.626,22.603,22.619,22.611,22.634,22.642,22.603,22.634,22.603,22.611,22.619,22.611,22.611,22.603,22.611,22.611,22.619,22.611,22.642,22.619,22.634,22.649,22.634,22.634,22.649,22.649,22.642,22.649,22.649,22.626,22.603,22.626,22.665,22.657,22.642,22.649,22.657,22.649,22.688,22.703,22.688,22.68,22.68,22.657,22.673,22.657,22.68,22.665,22.665,22.649,22.657,22.68,22.665,22.673,22.665,22.649,22.649,22.634,22.626,22.642,22.657,22.657,22.665,22.665,22.657,22.68,22.649,22.649,22.642,22.657,22.657,22.696,22.696,22.703,22.711,22.719,22.734,22.75,22.765,22.75,22.742,22.742,22.757,22.773,22.78,22.811,22.811,22.819,22.796,22.819,22.819,22.842,22.858,22.873,22.873,22.865,22.858,22.85,22.865,22.85,22.842,22.827,22.773,22.78,22.834,22.804,22.842,22.904,22.919,22.95,23.034,23.119,23.357,23.403,23.479,23.739,24.234,24.659,25.405,25.847,26.004,26.116,26.243,26.176,26.318,26.399,26.489,26.459,26.556,26.593,26.66,26.645,26.697,26.652,26.593,26.615,26.608,26.407,26.452,26.325,26.295,26.243,26.318,26.377,26.243,26.213,26.161,26.124,26.079,26.072,26.101,26.146,26.072,26.079,26.101,26.101,26.057,26.049,26.109,26.049,26.064,26.146,26.154,26.131,26.221,26.236,26.183,26.169,26.198,26.139,26.124,26.154,26.221,26.049,26.079,26.221,25.997,25.952,25.967,25.87,25.825,25.877,25.795,25.743,25.78,25.683,25.668,25.668,25.578,25.525,25.555,25.45,25.398,25.405,25.285,25.338,25.277,25.195,25.18,25.134,25.089,25.089,24.984,24.931,24.697,24.742,24.576,24.591,24.507,24.363,24.348,24.09,23.479,23.288,23.326,23.18,23.065,23.05,22.988,22.927,22.927,22.927,22.881,22.834,22.796,22.796,22.788,22.796,22.788,22.788,22.78,22.757,22.765,22.765,22.734,22.727,22.727,22.711,22.727,22.703,22.696,22.727,22.688,22.719,22.711,22.711,22.703,22.711,22.688,22.688,22.68,22.688,22.68,22.68,22.68,22.688,22.696,22.696,22.688,22.703,22.696,22.696,22.673,22.657,22.649,22.665,22.649,22.657,22.68,22.673,22.673,22.665,22.68,22.68,22.649,22.657,22.673,22.665,22.665,22.657,22.642,22.634,22.642,22.626,22.634,22.626,22.642,22.634,22.634,22.626,22.619,22.611,22.626,22.634,22.673,22.626,22.611,22.611,22.595,22.611,22.626,22.626,22.626,22.619,22.595,22.572,22.564,22.557,22.557,22.557,22.557,22.549,22.541,22.549,22.557,22.564,22.534,22.557,22.541,22.541,22.549,22.503,22.503,22.51,22.51,22.503,22.503,22.495,22.479,22.464,22.449,22.479,22.479,22.495,22.487,22.495,22.495,22.479,22.487,22.479,22.472,22.495,22.487,22.479,22.479,22.464,22.456,22.449,22.464,22.479,22.472,22.479,22.479,22.495,22.441,22.479,22.495,22.456,22.487,22.487,22.487,22.495,22.479,22.479,22.487,22.51,22.487,22.503,22.479,22.526,22.487,22.503,22.464,22.456,22.472,22.479,22.472,22.479,22.487,22.479,22.51,22.503,22.534,22.51,22.487,22.472,22.487,22.479,22.51,22.495,22.51,22.503,22.495,22.472,22.479,22.479,22.479,22.51,22.472,22.495,22.495,22.495,22.51,22.464,22.464,22.464,22.472,22.479,22.449,22.464,22.456,22.472,22.472,22.464,22.449,22.449,22.425,22.441,22.464,22.425,22.441,22.441,22.441,22.464,22.456,22.449,22.425,22.402,22.425,22.449,22.441,22.472,22.433,22.441,22.449,22.464,22.433,22.425,22.394,22.41,22.41,22.418,22.425,22.449,22.425,22.394,22.425,22.425,22.425,22.441,22.464,22.441,22.433,22.456,22.456,22.433,22.379,22.418,22.402,22.387,22.433,22.441,22.433,22.425,22.449,22.402,22.41,22.402,22.41,22.441,22.394,22.41,22.503,22.441,22.456,22.449,22.418,22.425,22.425,22.425,22.518,22.487,22.464,22.456,22.456,22.456,22.479,22.479,22.549,22.495,22.51,22.526,22.526
,22.479,22.402,22.356,22.402,22.363,22.379,22.394,22.41,22.394,22.394,22.41,22.387,22.371,22.363,22.356,22.363,22.371,22.402,22.387,22.387,22.394,22.356,22.387,22.379,22.363,22.379,22.379,22.379,22.371,22.394,22.394,22.387,22.394,22.387,22.441,22.441,22.456,22.418,22.433,22.449,22.449,22.441,22.433,22.441,22.464,22.472,22.464,22.464,22.456,22.464,22.464,22.425,22.425,22.449,22.456,22.402,22.418,22.456,22.456,22.456,22.456,22.464,22.472,22.472,22.464,22.472,22.479,22.479,22.487,22.472,22.449,22.479,22.464,22.456,22.449,22.456,22.479,22.456,22.503,22.495,22.503,22.495,22.495,22.479,22.472,22.479,22.487,22.503,22.503,22.51,22.526,22.534,22.541,22.534,22.51,22.51,22.51,22.518,22.541,22.557,22.557,22.572,22.572,22.595,22.603,22.595,22.58,22.572,22.564,22.572,22.549,22.588,22.588,22.58,22.603,22.611,22.611,22.619,22.619,22.634,22.611,22.619,22.619,22.619,22.619,22.626,22.588,22.603,22.611,22.603,22.611,22.603,22.603,22.626,22.649,22.649,22.657,22.665,22.665,22.649,22.626,22.626,22.611,22.595,22.619,22.603,22.595,22.619,22.619,22.603,22.611,22.611,22.619,22.588,22.595,22.595,22.603,22.611,22.611,22.611,22.611,22.603,22.611,22.619,22.619,22.619,22.626,22.642,22.642,22.642,22.603,22.619,22.649,22.649,22.649,22.642,22.634,22.634,22.611,22.626,22.665,22.642,22.634,22.649,22.657,22.657,22.665,22.688,22.688,22.703,22.673,22.665,22.657,22.68,22.657,22.649,22.68,22.665,22.673,22.673,22.673,22.657,22.642,22.649,22.649,22.642,22.657,22.649,22.665,22.673,22.673,22.696,22.673,22.649,22.642,22.657,22.657,22.665,22.688,22.703,22.696,22.696,22.711,22.711,22.757,22.742,22.765,22.78,22.765,22.773,22.788,22.78,22.811,22.827,22.819,22.827,22.819,22.827,22.865,22.865,22.881,22.873,22.858,22.858,22.865,22.873,22.865,22.865,22.834,22.796,22.804,22.819,22.858,22.904,22.927,23.027,23.196,23.403,23.403,23.556,23.724,23.915,24.78,25.247,25.997,26.057,26.146,26.161,26.273,26.318,26.318,26.407,26.399,26.496,26.548,26.578,26.593,26.66,26.682,26.645,26.608,26.518,26.422,26.429,26.101,26.101,26.124,26.176,26.183,26.169,26.206,26.191,26.072,26.087,26.109,26.057,26.064,26.072,26.072,26.064,26.101,26.161,26.064,26.012,26.101,26.109,26.064,26.064,26.333,26.169,26.183,26.228,26.273,26.206,26.191,26.206,26.169,26.139,26.213,26.146,26.072,26.079,26.236,26.042,25.967,25.997,25.93,25.84,25.907,25.862,25.75,25.825,25.72,25.683,25.728,25.66,25.615,25.578,25.593,25.458,25.428,25.42,25.375,25.338,25.255,25.255,25.217,25.149,25.157,24.984,25.089,24.969,24.855,24.818,24.886,24.75,24.538,24.454,24.348,24.128,24.082,23.8,23.449,23.28,23.073,23.042,22.996,22.942,22.942,22.888,22.858,22.811,22.804,22.842,22.827,22.811,22.804,22.804,22.788,22.765,22.773,22.742,22.742,22.727,22.719,22.719,22.734,22.696,22.727,22.688,22.727,22.734,22.719,22.719,22.711,22.703,22.688,22.688,22.68,22.68,22.688,22.703,22.68,22.688,22.703,22.719,22.703,22.696,22.68,22.68,22.665,22.642,22.626,22.642,22.665,22.657,22.657,22.665,22.642,22.665,22.649,22.657,22.673,22.657,22.665,22.649,22.642,22.642,22.642,22.634,22.634,22.642,22.626,22.626,22.649,22.642,22.626,22.611,22.611,22.619,22.626,22.649,22.619,22.595,22.611,22.588,22.619,22.642,22.611,22.619,22.611,22.595,22.588,22.572,22.557,22.557,22.541,22.503,22.526,22.541,22.534,22.557,22.549,22.557,22.526,22.541,22.526,22.541,22.51,22.495,22.518,22.51,22.51,22.526,22.503,22.495,22.472,22.472,22.472,22.472,22.495,22.503,22.495,22.503,22.479,22.487,22.487,22.472,22.479,22.487,22.495,22.495,22.487,22.479,22.472,22.464,22.41,22.487,22.472,22.464,22.449,22.456,22.495,22.487,22.472,22.479,22.495,22.495,22.495,22.503,22.487,22.487,22.51,22.472,22.503,22.51,22.495,22.487,22.495,22.503,22.464,22.479,22.464,22.472,22.464,22.495,22.487,22.51,22.495,22.503,22.503,22.495,22.495,22.487,22.487,22.51,22.526,22.51,22.51,22.495,22.441,22.479,22.479,22.456,22.472,22.441,22.518,22.487,22.495,22.51,22.487,22.479,22.472,22.464,22.464,22.456,22.456,22.464,22.472,22.51,22.495,22.479,22.479,22.456,22.433,22.433,22.433,22.464,22.433,22.456,22.495,22.464,22.449,22.425,22.425,22.433,22.418,22.425,22.433,22.456,22.456,22.456,22.441,22.441,22.425,22.418,22.387,22.41,22.418,22.418,22.418,22.41,22.418,22.425,22.441,22.433,22.441,22.456,22.425,22.441,22.464,22.433,22.387,22.356,22.425,22.371,22.394,22.363,22.433,22.441,22.425,22.418,22.433,22.425,22.456,22.387,22.487,22.433,22.464,22.441,22.479,22.503,22.425,22.441,22.418,22.425,22.456,22.472,22.472,22.464,22.479,22.449,22.456,22.479,22.472,22.495,22.503,22.503,22.557,22.518
,22.456,22.433,22.387,22.387,22.348,22.402,22.371,22.371,22.379,22.387,22.379,22.402,22.402,22.363,22.356,22.348,22.356,22.387,22.387,22.41,22.441,22.379,22.387,22.356,22.379,22.387,22.379,22.387,22.394,22.387,22.394,22.379,22.387,22.387,22.41,22.441,22.456,22.441,22.425,22.456,22.433,22.441,22.418,22.449,22.456,22.479,22.479,22.479,22.456,22.449,22.449,22.425,22.418,22.402,22.433,22.433,22.441,22.456,22.464,22.472,22.479,22.464,22.503,22.479,22.464,22.425,22.472,22.503,22.479,22.479,22.472,22.449,22.479,22.433,22.456,22.441,22.425,22.456,22.487,22.479,22.495,22.526,22.495,22.479,22.495,22.487,22.479,22.518,22.518,22.518,22.534,22.541,22.534,22.534,22.518,22.518,22.518,22.534,22.526,22.564,22.557,22.595,22.595,22.619,22.603,22.611,22.603,22.572,22.557,22.572,22.564,22.557,22.557,22.58,22.58,22.611,22.619,22.642,22.626,22.634,22.619,22.611,22.595,22.603,22.611,22.619,22.619,22.595,22.595,22.595,22.611,22.611,22.603,22.619,22.634,22.649,22.673,22.649,22.673,22.642,22.603,22.619,22.611,22.611,22.611,22.603,22.611,22.595,22.595,22.619,22.619,22.619,22.619,22.588,22.603,22.603,22.603,22.603,22.603,22.588,22.611,22.595,22.603,22.611,22.611,22.626,22.626,22.649,22.642,22.642,22.649,22.626,22.634,22.649,22.657,22.642,22.634,22.634,22.626,22.649,22.611,22.649,22.657,22.634,22.657,22.665,22.68,22.703,22.696,22.688,22.68,22.673,22.68,22.657,22.673,22.665,22.68,22.657,22.657,22.673,22.665,22.673,22.665,22.649,22.649,22.657,22.665,22.665,22.665,22.68,22.688,22.68,22.68,22.665,22.665,22.649,22.665,22.68,22.696,22.703,22.703,22.719,22.719,22.727,22.75,22.765,22.78,22.78,22.788,22.796,22.796,22.788,22.827,22.804,22.827,22.858,22.858,22.865,22.858,22.904,22.888,22.896,22.888,22.888,22.881,22.881,22.873,22.858,22.811,22.819,22.804,22.827,22.881,22.934,23.019,23.142,23.296,23.472,23.747,24.113,24.848,25.142,25.818,26.034,26.094,26.109,26.161,26.258,26.362,26.414,26.422,26.452,26.437,26.474,26.526,26.526,26.511,26.518,26.444,26.399,26.355,26.333,26.258,26.176,26.273,26.131,26.198,26.191,26.213,26.228,26.198,26.116,26.109,26.131,26.072,26.094,26.124,26.131,26.079,26.087,26.236,26.154,26.049,26.087,26.146,26.131,26.087,26.154,26.228,26.176,26.206,26.265,26.288,26.213,26.28,26.228,26.183,26.213,26.288,26.176,26.087,26.116,26.176,26.079,26.019,26.042,25.982,25.885,25.93,25.885,25.825,25.803,25.758,25.698,25.773,25.72,25.615,25.645,25.608,25.51,25.503,25.473,25.42,25.405,25.323,25.285,25.225,25.172,25.172,25.134,25.104,25.044,24.976,25.006,24.923,24.803,24.719,24.689,24.545,24.447,24.234,24.143,23.991,23.686,23.372,23.203,23.05,22.996,22.981,22.958,22.873,22.858,22.865,22.842,22.834,22.827,22.804,22.811,22.788,22.788,22.757,22.742,22.742,22.719,22.734,22.734,22.734,22.734,22.719,22.719,22.719,22.727,22.696,22.719,22.711,22.711,22.696,22.688,22.688,22.688,22.711,22.696,22.688,22.696,22.711,22.703,22.711,22.696,22.696,22.68,22.696,22.665,22.673,22.649,22.649,22.649,22.634,22.634,22.642,22.657,22.673,22.673,22.665,22.665,22.665,22.649,22.649,22.642,22.634,22.642,22.634,22.634,22.634,22.634,22.642,22.634,22.626,22.619,22.611,22.619,22.634,22.642,22.611,22.611,22.611,22.595,22.603,22.619,22.619,22.619,22.611,22.595,22.588,22.58,22.572,22.564,22.534,22.541,22.51,22.51,22.549,22.541,22.549,22.503,22.51,22.526,22.503,22.534,22.549,22.541,22.526,22.51,22.51,22.51,22.503,22.495,22.472,22.479,22.479,22.479,22.503,22.503,22.487,22.503,22.472,22.495,22.479,22.479,22.487,22.487,22.479,22.479,22.479,22.472,22.487,22.456,22.487,22.479,22.472,22.487,22.472,22.456,22.472,22.479,22.472,22.472,22.479,22.495,22.503,22.526,22.526,22.503,22.479,22.479,22.441,22.464,22.472,22.503,22.495,22.479,22.464,22.456,22.464,22.456,22.456,22.464,22.487,22.526,22.503,22.495,22.51,22.503,22.495,22.495,22.495,22.503,22.503,22.51,22.503,22.487,22.472,22.464,22.518,22.449,22.472,22.449,22.479,22.472,22.479,22.487,22.487,22.456,22.433,22.441,22.464,22.464,22.472,22.487,22.479,22.495,22.495,22.495,22.487,22.464,22.441,22.418,22.441,22.449,22.479,22.479,22.503,22.472,22.464,22.449,22.418,22.418,22.418,22.441,22.441,22.456,22.479,22.479,22.456,22.449,22.425,22.418,22.402,22.402,22.456,22.387,22.418,22.418,22.425,22.402,22.402,22.418,22.441,22.449,22.472,22.479,22.425,22.449,22.449,22.418,22.371,22.371,22.41,22.418,22.418,22.433,22.402,22.425,22.387,22.472,22.449,22.449,22.472,22.456,22.418,22.402,22.441,22.449,22.464,22.441,22.449,22.433,22.433,22.464,22.472,22.464,22.479,22.464,22.464,22.479,22.495,22.479,22.495,22.534,22.518,22.549
,22.402,22.418,22.379,22.356,22.371,22.363,22.356,22.371,22.394,22.363,22.371,22.402,22.387,22.371,22.371,22.356,22.356,22.363,22.402,22.387,22.41,22.41,22.402,22.387,22.387,22.387,22.379,22.379,22.387,22.379,22.41,22.394,22.418,22.41,22.402,22.441,22.433,22.441,22.456,22.449,22.456,22.433,22.464,22.479,22.464,22.464,22.487,22.472,22.464,22.472,22.449,22.449,22.441,22.449,22.394,22.449,22.425,22.441,22.479,22.464,22.503,22.549,22.487,22.479,22.449,22.464,22.479,22.472,22.495,22.51,22.503,22.503,22.487,22.456,22.456,22.487,22.441,22.534,22.464,22.518,22.51,22.51,22.51,22.526,22.503,22.487,22.479,22.479,22.503,22.564,22.541,22.549,22.549,22.595,22.534,22.534,22.541,22.534,22.526,22.557,22.572,22.572,22.58,22.58,22.603,22.603,22.603,22.572,22.595,22.572,22.557,22.603,22.58,22.588,22.595,22.619,22.619,22.634,22.642,22.626,22.634,22.595,22.595,22.603,22.595,22.611,22.619,22.611,22.634,22.603,22.634,22.595,22.619,22.626,22.626,22.634,22.642,22.611,22.642,22.642,22.611,22.619,22.603,22.603,22.611,22.611,22.611,22.595,22.603,22.603,22.619,22.626,22.626,22.619,22.603,22.611,22.595,22.58,22.588,22.588,22.611,22.603,22.603,22.619,22.619,22.626,22.634,22.649,22.642,22.649,22.642,22.634,22.634,22.642,22.634,22.642,22.634,22.634,22.642,22.649,22.603,22.68,22.626,22.649,22.665,22.673,22.696,22.711,22.696,22.673,22.673,22.68,22.657,22.688,22.68,22.673,22.649,22.673,22.68,22.68,22.665,22.68,22.665,22.673,22.665,22.657,22.665,22.665,22.665,22.696,22.688,22.696,22.688,22.696,22.696,22.688,22.68,22.703,22.696,22.711,22.727,22.734,22.727,22.75,22.757,22.765,22.773,22.796,22.788,22.804,22.811,22.834,22.85,22.842,22.842,22.858,22.873,22.896,22.904,22.911,22.927,22.927,22.888,22.911,22.896,22.896,22.888,22.896,22.858,22.819,22.858,22.873,23.019,23.034,23.15,23.372,23.502,23.823,24.689,25.33,25.832,25.818,26.034,26.057,26.116,26.146,26.206,26.236,26.407,26.459,26.452,26.399,26.362,26.37,26.37,26.466,26.414,26.422,26.489,26.385,26.377,26.318,26.265,26.325,26.243,26.251,26.452,26.236,26.273,26.355,26.228,26.176,26.206,26.176,26.079,26.094,26.154,26.101,26.057,26.206,26.221,26.236,26.176,26.131,26.303,26.139,26.131,26.258,26.347,26.228,26.258,26.399,26.333,26.34,26.399,26.377,26.31,26.295,26.377,26.362,26.191,26.161,26.347,26.109,26.213,26.213,26.094,25.975,26.019,26.049,25.87,25.847,25.84,25.75,25.773,25.78,25.743,25.698,25.758,25.615,25.54,25.525,25.443,25.443,25.368,25.285,25.368,25.247,25.21,25.195,25.149,25.157,25.104,25.014,24.984,24.901,24.886,24.81,24.644,24.515,24.53,24.379,24.204,24.082,24.021,23.739,23.372,23.042,23.058,22.981,22.95,22.911,22.934,22.865,22.858,22.85,22.834,22.827,22.819,22.796,22.788,22.765,22.757,22.742,22.742,22.742,22.75,22.75,22.727,22.703,22.719,22.727,22.727,22.727,22.734,22.711,22.719,22.711,22.696,22.719,22.734,22.719,22.734,22.711,22.727,22.742,22.711,22.727,22.703,22.688,22.688,22.696,22.665,22.642,22.665,22.642,22.657,22.642,22.642,22.649,22.657,22.665,22.657,22.665,22.673,22.657,22.649,22.642,22.634,22.642,22.642,22.642,22.642,22.642,22.657,22.649,22.634,22.611,22.626,22.626,22.619,22.626,22.634,22.619,22.595,22.588,22.603,22.619,22.619,22.619,22.588,22.634,22.603,22.588,22.595,22.572,22.572,22.557,22.51,22.503,22.518,22.526,22.557,22.534,22.526,22.557,22.541,22.541,22.549,22.564,22.549,22.526,22.51,22.503,22.503,22.503,22.495,22.479,22.472,22.487,22.487,22.51,22.51,22.51,22.495,22.503,22.472,22.51,22.51,22.487,22.495,22.495,22.479,22.479,22.479,22.479,22.495,22.487,22.464,22.479,22.487,22.472,22.487,22.479,22.503,22.495,22.495,22.495,22.495,22.518,22.526,22.518,22.487,22.456,22.441,22.456,22.518,22.487,22.495,22.479,22.479,22.487,22.449,22.449,22.487,22.479,22.526,22.526,22.503,22.518,22.51,22.51,22.503,22.503,22.495,22.487,22.479,22.495,22.495,22.487,22.472,22.479,22.441,22.464,22.472,22.456,22.51,22.464,22.487,22.487,22.449,22.472,22.479,22.456,22.464,22.479,22.472,22.487,22.487,22.464,22.479,22.479,22.472,22.472,22.441,22.418,22.456,22.449,22.464,22.464,22.472,22.472,22.464,22.433,22.425,22.394,22.425,22.418,22.425,22.456,22.456,22.495,22.464,22.441,22.433,22.418,22.433,22.418,22.387,22.41,22.51,22.425,22.449,22.464,22.456,22.441,22.472,22.441,22.487,22.449,22.449,22.464,22.433,22.425,22.379,22.387,22.418,22.433,22.441,22.418,22.456,22.433,22.464,22.456,22.441,22.449,22.441,22.487,22.464,22.433,22.449,22.472,22.449,22.464,22.449,22.418,22.464,22.479,22.51,22.51,22.503,22.464,22.479,22.456,22.464,22.495,22.456,22.557,22.58,22.541
,22.402,22.394,22.425,22.356,22.317,22.379,22.363,22.348,22.348,22.348,22.363,22.371,22.387,22.363,22.348,22.348,22.356,22.363,22.394,22.418,22.41,22.425,22.425,22.402,22.394,22.387,22.387,22.379,22.371,22.379,22.41,22.371,22.394,22.418,22.418,22.449,22.449,22.456,22.456,22.456,22.433,22.441,22.449,22.456,22.449,22.472,22.441,22.479,22.449,22.464,22.441,22.418,22.433,22.402,22.418,22.371,22.41,22.456,22.464,22.479,22.495,22.479,22.495,22.464,22.433,22.449,22.425,22.456,22.464,22.495,22.518,22.487,22.479,22.449,22.425,22.456,22.441,22.479,22.487,22.456,22.487,22.495,22.526,22.534,22.51,22.495,22.479,22.487,22.472,22.503,22.526,22.564,22.549,22.549,22.541,22.526,22.51,22.526,22.541,22.534,22.549,22.549,22.564,22.611,22.595,22.603,22.603,22.588,22.58,22.58,22.572,22.557,22.588,22.588,22.603,22.611,22.634,22.642,22.649,22.634,22.611,22.611,22.595,22.603,22.595,22.595,22.626,22.626,22.603,22.611,22.611,22.595,22.619,22.603,22.603,22.634,22.634,22.634,22.611,22.595,22.588,22.603,22.595,22.611,22.611,22.603,22.603,22.611,22.603,22.619,22.611,22.619,22.611,22.603,22.611,22.603,22.611,22.588,22.588,22.549,22.588,22.58,22.588,22.603,22.611,22.626,22.619,22.634,22.649,22.626,22.649,22.634,22.626,22.634,22.634,22.634,22.642,22.634,22.642,22.626,22.642,22.634,22.634,22.649,22.649,22.665,22.673,22.68,22.688,22.711,22.673,22.68,22.68,22.673,22.68,22.688,22.649,22.657,22.673,22.673,22.673,22.673,22.673,22.673,22.673,22.68,22.673,22.688,22.665,22.673,22.673,22.688,22.703,22.696,22.696,22.696,22.696,22.703,22.711,22.719,22.727,22.742,22.734,22.742,22.75,22.765,22.78,22.78,22.804,22.811,22.842,22.827,22.827,22.842,22.865,22.896,22.888,22.919,22.911,22.927,22.919,22.934,22.927,22.927,22.934,22.911,22.934,22.888,22.896,22.911,22.934,22.973,23.088,23.111,23.334,23.541,24.242,24.893,25.855,25.892,25.975,25.997,26.064,26.101,26.109,26.176,26.191,26.347,26.258,26.385,26.347,26.318,26.265,26.325,26.355,26.34,26.414,26.422,26.407,26.437,26.399,26.481,26.533,26.34,26.385,26.548,26.34,26.407,26.295,26.385,26.288,26.251,26.243,26.221,26.154,26.146,26.28,26.161,26.124,26.206,26.288,26.258,26.198,26.206,26.429,26.228,26.251,26.407,26.414,26.407,26.362,26.444,26.452,26.414,26.437,26.533,26.422,26.362,26.414,26.452,26.273,26.228,26.37,26.258,26.198,26.303,26.28,26.049,26.109,26.288,26.124,25.87,26.087,25.84,25.788,25.825,25.81,25.735,25.758,25.638,25.563,25.675,25.585,25.503,25.548,25.315,25.323,25.353,25.277,25.292,25.24,25.232,25.149,25.082,25.029,25.036,24.871,24.871,24.75,24.636,24.719,24.553,24.439,24.371,24.082,24.037,23.869,23.403,23.265,23.15,23.034,22.965,22.942,22.919,22.904,22.888,22.873,22.858,22.834,22.827,22.804,22.796,22.773,22.757,22.757,22.757,22.757,22.765,22.757,22.75,22.734,22.742,22.727,22.727,22.719,22.719,22.719,22.711,22.719,22.719,22.734,22.711,22.719,22.719,22.734,22.734,22.742,22.711,22.711,22.703,22.68,22.696,22.665,22.657,22.642,22.642,22.634,22.626,22.649,22.665,22.665,22.665,22.665,22.665,22.665,22.649,22.649,22.649,22.634,22.634,22.642,22.642,22.649,22.634,22.642,22.634,22.657,22.634,22.634,22.611,22.626,22.611,22.603,22.619,22.619,22.611,22.626,22.595,22.611,22.626,22.603,22.611,22.611,22.603,22.603,22.58,22.588,22.549,22.503,22.51,22.518,22.518,22.518,22.51,22.534,22.541,22.541,22.549,22.541,22.557,22.51,22.534,22.518,22.503,22.495,22.503,22.51,22.495,22.503,22.487,22.495,22.479,22.518,22.503,22.472,22.487,22.487,22.479,22.503,22.487,22.487,22.487,22.472,22.479,22.479,22.487,22.487,22.479,22.464,22.456,22.456,22.472,22.518,22.487,22.487,22.487,22.479,22.479,22.503,22.495,22.51,22.541,22.456,22.472,22.456,22.487,22.495,22.495,22.487,22.495,22.503,22.472,22.449,22.456,22.479,22.518,22.518,22.534,22.534,22.534,22.518,22.503,22.503,22.487,22.487,22.487,22.495,22.495,22.503,22.487,22.479,22.479,22.441,22.425,22.464,22.464,22.464,22.479,22.472,22.472,22.464,22.479,22.456,22.464,22.472,22.479,22.464,22.487,22.495,22.472,22.472,22.472,22.449,22.449,22.425,22.456,22.449,22.449,22.464,22.456,22.464,22.464,22.456,22.449,22.433,22.41,22.418,22.425,22.433,22.41,22.418,22.441,22.456,22.464,22.433,22.425,22.441,22.472,22.387,22.41,22.425,22.371,22.433,22.425,22.449,22.449,22.449,22.456,22.456,22.456,22.456,22.441,22.402,22.418,22.394,22.379,22.402,22.394,22.425,22.433,22.449,22.472,22.456,22.441,22.464,22.449,22.472,22.449,22.433,22.449,22.433,22.479,22.487,22.456,22.456,22.449,22.456,22.495,22.495,22.464,22.51,22.487,22.487,22.472,22.503,22.541,22.541,22.495,22.534,22.518
,22.425,22.379,22.394,22.371,22.34,22.363,22.363,22.332,22.348,22.332,22.332,22.356,22.387,22.371,22.363,22.348,22.348,22.363,22.379,22.41,22.418,22.418,22.41,22.41,22.402,22.394,22.379,22.387,22.387,22.379,22.394,22.379,22.418,22.425,22.441,22.433,22.449,22.464,22.472,22.456,22.495,22.464,22.433,22.479,22.456,22.449,22.456,22.464,22.441,22.449,22.464,22.433,22.425,22.418,22.425,22.425,22.472,22.449,22.479,22.479,22.503,22.472,22.479,22.487,22.456,22.449,22.449,22.441,22.472,22.472,22.495,22.495,22.487,22.449,22.433,22.449,22.464,22.456,22.495,22.51,22.557,22.518,22.51,22.549,22.526,22.503,22.503,22.503,22.495,22.495,22.503,22.549,22.526,22.541,22.549,22.534,22.503,22.557,22.518,22.518,22.557,22.534,22.564,22.588,22.588,22.595,22.588,22.58,22.595,22.603,22.595,22.58,22.588,22.603,22.588,22.595,22.611,22.634,22.649,22.619,22.595,22.603,22.595,22.588,22.595,22.595,22.603,22.619,22.619,22.626,22.626,22.611,22.603,22.626,22.603,22.603,22.611,22.603,22.564,22.595,22.603,22.595,22.595,22.611,22.611,22.619,22.611,22.611,22.595,22.619,22.626,22.626,22.611,22.603,22.603,22.603,22.611,22.603,22.549,22.588,22.564,22.564,22.588,22.603,22.603,22.611,22.611,22.619,22.634,22.642,22.657,22.649,22.642,22.634,22.634,22.634,22.649,22.642,22.634,22.642,22.649,22.642,22.634,22.649,22.649,22.665,22.673,22.696,22.696,22.688,22.673,22.665,22.703,22.68,22.696,22.68,22.688,22.68,22.665,22.657,22.688,22.696,22.696,22.703,22.711,22.703,22.68,22.673,22.673,22.673,22.68,22.696,22.711,22.719,22.719,22.719,22.703,22.727,22.711,22.734,22.75,22.734,22.75,22.757,22.765,22.765,22.773,22.788,22.804,22.827,22.842,22.858,22.85,22.873,22.873,22.888,22.927,22.934,22.942,22.942,22.958,22.965,22.973,22.958,22.958,22.95,22.927,22.942,22.904,23.004,22.996,23.088,23.134,23.556,24.287,24.863,25.39,25.907,25.952,26.004,26.034,26.004,26.072,26.146,26.183,26.198,26.28,26.34,26.258,26.347,26.362,26.258,26.31,26.295,26.355,26.429,26.593,26.459,26.459,26.526,26.541,26.526,26.489,26.429,26.444,26.556,26.414,26.377,26.466,26.385,26.333,26.28,26.362,26.273,26.221,26.265,26.452,26.161,26.206,26.31,26.34,26.303,26.295,26.325,26.578,26.355,26.243,26.489,26.585,26.399,26.452,26.556,26.511,26.518,26.392,26.593,26.437,26.474,26.533,26.578,26.422,26.414,26.459,26.355,26.295,26.377,26.422,26.169,26.198,26.288,26.139,25.915,26.228,26.064,25.862,25.855,25.855,25.803,25.75,25.675,25.683,25.69,25.6,25.608,25.645,25.51,25.443,25.465,25.39,25.338,25.33,25.217,25.3,25.149,25.119,25.097,25.044,24.954,24.871,24.908,24.818,24.75,24.576,24.606,24.416,24.348,24.189,23.877,23.838,23.541,23.142,23.042,23.011,22.95,22.927,22.904,22.904,22.873,22.873,22.85,22.834,22.842,22.788,22.796,22.757,22.788,22.773,22.788,22.78,22.78,22.757,22.765,22.734,22.734,22.727,22.711,22.719,22.727,22.727,22.727,22.719,22.711,22.711,22.719,22.727,22.727,22.719,22.719,22.711,22.703,22.703,22.688,22.68,22.673,22.657,22.626,22.626,22.642,22.642,22.665,22.665,22.665,22.673,22.665,22.657,22.673,22.665,22.649,22.642,22.634,22.626,22.634,22.634,22.626,22.649,22.634,22.657,22.626,22.649,22.634,22.603,22.611,22.588,22.595,22.619,22.619,22.626,22.619,22.603,22.603,22.603,22.595,22.595,22.603,22.595,22.603,22.58,22.557,22.541,22.526,22.526,22.518,22.518,22.518,22.534,22.518,22.549,22.564,22.549,22.549,22.541,22.51,22.518,22.518,22.51,22.526,22.495,22.51,22.51,22.495,22.503,22.51,22.518,22.518,22.534,22.51,22.479,22.479,22.487,22.479,22.487,22.479,22.472,22.479,22.479,22.479,22.487,22.472,22.464,22.479,22.456,22.456,22.503,22.487,22.487,22.503,22.472,22.472,22.487,22.534,22.503,22.449,22.433,22.472,22.472,22.487,22.503,22.495,22.503,22.503,22.503,22.472,22.464,22.456,22.472,22.503,22.487,22.541,22.541,22.541,22.526,22.503,22.487,22.479,22.495,22.479,22.449,22.464,22.51,22.456,22.472,22.433,22.464,22.418,22.487,22.464,22.472,22.472,22.472,22.456,22.472,22.472,22.472,22.479,22.472,22.479,22.449,22.449,22.472,22.472,22.464,22.456,22.464,22.464,22.449,22.441,22.441,22.441,22.425,22.441,22.433,22.456,22.464,22.441,22.425,22.41,22.41,22.394,22.402,22.433,22.425,22.418,22.456,22.441,22.433,22.433,22.449,22.418,22.449,22.456,22.41,22.387,22.402,22.379,22.41,22.41,22.449,22.441,22.449,22.464,22.472,22.418,22.441,22.402,22.41,22.41,22.433,22.425,22.425,22.464,22.472,22.449,22.456,22.449,22.456,22.456,22.449,22.464,22.433,22.449,22.456,22.479,22.472,22.479,22.456,22.472,22.449,22.464,22.479,22.503,22.51,22.495,22.472,22.518,22.487,22.549,22.464,22.464,22.518,22.557
,22.394,22.418,22.387,22.363,22.348,22.371,22.363,22.325,22.34,22.34,22.348,22.387,22.379,22.371,22.363,22.363,22.34,22.356,22.356,22.379,22.41,22.425,22.394,22.418,22.394,22.394,22.387,22.379,22.371,22.394,22.371,22.41,22.425,22.433,22.418,22.433,22.433,22.441,22.456,22.449,22.433,22.449,22.464,22.464,22.464,22.456,22.472,22.464,22.456,22.456,22.456,22.449,22.441,22.441,22.449,22.464,22.487,22.495,22.487,22.495,22.503,22.472,22.472,22.456,22.472,22.456,22.441,22.456,22.479,22.526,22.518,22.495,22.479,22.441,22.456,22.472,22.495,22.51,22.503,22.495,22.557,22.518,22.541,22.534,22.549,22.526,22.534,22.487,22.495,22.51,22.541,22.534,22.549,22.526,22.549,22.534,22.534,22.526,22.518,22.541,22.534,22.541,22.557,22.58,22.58,22.58,22.595,22.58,22.595,22.611,22.611,22.603,22.588,22.588,22.588,22.603,22.611,22.626,22.634,22.611,22.603,22.603,22.58,22.595,22.619,22.595,22.603,22.603,22.611,22.603,22.588,22.588,22.595,22.619,22.603,22.603,22.588,22.603,22.595,22.595,22.588,22.595,22.595,22.603,22.619,22.603,22.619,22.611,22.611,22.619,22.626,22.611,22.626,22.595,22.588,22.603,22.611,22.588,22.619,22.588,22.588,22.58,22.595,22.603,22.619,22.603,22.611,22.626,22.626,22.642,22.649,22.642,22.642,22.634,22.642,22.649,22.642,22.649,22.649,22.649,22.642,22.649,22.642,22.642,22.649,22.657,22.68,22.688,22.696,22.688,22.68,22.703,22.696,22.711,22.703,22.703,22.703,22.688,22.711,22.711,22.696,22.688,22.711,22.711,22.711,22.688,22.696,22.688,22.68,22.665,22.696,22.696,22.711,22.711,22.719,22.734,22.727,22.727,22.734,22.734,22.773,22.765,22.765,22.765,22.765,22.773,22.788,22.804,22.811,22.85,22.858,22.858,22.865,22.873,22.888,22.904,22.942,22.95,22.965,22.973,22.973,22.973,22.981,22.996,22.996,22.981,22.911,22.988,23.019,23.019,23.05,23.41,23.777,24.424,25.6,25.952,25.967,26.027,26.042,26.049,26.101,26.072,26.087,26.206,26.236,26.191,26.288,26.333,26.265,26.221,26.265,26.362,26.526,26.399,26.593,26.57,26.608,26.608,26.793,26.585,26.608,26.66,26.578,26.615,26.526,26.682,26.526,26.533,26.585,26.496,26.34,26.399,26.429,26.28,26.318,26.362,26.578,26.355,26.251,26.385,26.429,26.347,26.303,26.504,26.541,26.355,26.407,26.63,26.697,26.57,26.556,26.667,26.548,26.504,26.593,26.526,26.481,26.541,26.57,26.719,26.489,26.585,26.608,26.444,26.377,26.518,26.437,26.362,26.273,26.422,26.295,26.169,26.251,26.303,26.012,25.945,25.922,25.825,25.758,25.818,25.675,25.668,25.728,25.645,25.63,25.593,25.555,25.585,25.495,25.45,25.48,25.42,25.262,25.33,25.232,25.172,25.059,25.067,24.999,24.916,24.871,24.772,24.795,24.674,24.621,24.515,24.53,24.143,24.09,23.846,23.777,23.28,23.15,23.081,23.034,22.973,22.942,22.919,22.911,22.896,22.873,22.881,22.842,22.834,22.827,22.757,22.811,22.804,22.804,22.788,22.78,22.773,22.757,22.734,22.734,22.727,22.734,22.727,22.734,22.727,22.727,22.719,22.711,22.711,22.703,22.734,22.757,22.727,22.727,22.711,22.703,22.688,22.665,22.649,22.649,22.642,22.642,22.642,22.673,22.657,22.657,22.665,22.665,22.657,22.68,22.665,22.649,22.649,22.634,22.642,22.626,22.634,22.642,22.642,22.657,22.642,22.657,22.649,22.634,22.634,22.611,22.595,22.603,22.603,22.619,22.634,22.634,22.626,22.611,22.603,22.595,22.595,22.595,22.603,22.595,22.595,22.58,22.534,22.534,22.534,22.526,22.518,22.518,22.503,22.526,22.541,22.564,22.541,22.541,22.541,22.541,22.534,22.534,22.534,22.495,22.503,22.51,22.495,22.503,22.503,22.51,22.51,22.518,22.534,22.518,22.526,22.487,22.487,22.495,22.495,22.487,22.495,22.487,22.487,22.487,22.479,22.479,22.456,22.449,22.441,22.456,22.479,22.495,22.487,22.495,22.51,22.495,22.487,22.495,22.495,22.433,22.464,22.449,22.495,22.479,22.495,22.495,22.479,22.51,22.503,22.472,22.464,22.472,22.503,22.51,22.51,22.503,22.534,22.549,22.526,22.526,22.518,22.51,22.495,22.479,22.464,22.479,22.495,22.487,22.495,22.464,22.464,22.449,22.479,22.479,22.487,22.495,22.472,22.479,22.464,22.472,22.495,22.495,22.487,22.503,22.495,22.487,22.472,22.479,22.472,22.449,22.449,22.456,22.449,22.433,22.456,22.456,22.425,22.433,22.433,22.425,22.441,22.441,22.425,22.433,22.425,22.41,22.402,22.41,22.433,22.433,22.433,22.418,22.456,22.441,22.464,22.479,22.441,22.456,22.433,22.394,22.394,22.379,22.41,22.387,22.402,22.433,22.433,22.487,22.456,22.449,22.418,22.418,22.41,22.418,22.425,22.449,22.441,22.479,22.472,22.433,22.425,22.472,22.456,22.456,22.449,22.456,22.449,22.456,22.456,22.472,22.479,22.534,22.503,22.425,22.441,22.464,22.487,22.495,22.503,22.51,22.495,22.487,22.503,22.503,22.495,22.557,22.479,22.572,22.58
,22.394,22.379,22.363,22.363,22.363,22.363,22.356,22.325,22.371,22.34,22.332,22.371,22.371,22.371,22.371,22.363,22.356,22.371,22.363,22.379,22.387,22.379,22.418,22.394,22.41,22.394,22.394,22.394,22.363,22.387,22.387,22.394,22.418,22.441,22.418,22.425,22.433,22.449,22.456,22.425,22.425,22.449,22.449,22.449,22.464,22.464,22.433,22.479,22.456,22.464,22.456,22.456,22.456,22.449,22.456,22.464,22.472,22.503,22.487,22.472,22.472,22.479,22.472,22.464,22.456,22.441,22.441,22.433,22.479,22.449,22.472,22.495,22.487,22.464,22.464,22.464,22.479,22.495,22.51,22.51,22.518,22.51,22.541,22.541,22.503,22.526,22.503,22.549,22.479,22.495,22.534,22.549,22.549,22.549,22.541,22.564,22.534,22.534,22.564,22.518,22.549,22.541,22.557,22.572,22.572,22.572,22.588,22.588,22.588,22.595,22.603,22.588,22.588,22.58,22.588,22.603,22.619,22.619,22.611,22.619,22.619,22.58,22.58,22.603,22.611,22.595,22.603,22.595,22.588,22.595,22.611,22.595,22.603,22.611,22.595,22.603,22.58,22.588,22.595,22.58,22.588,22.595,22.595,22.603,22.619,22.611,22.611,22.603,22.603,22.626,22.626,22.634,22.626,22.603,22.572,22.564,22.619,22.626,22.619,22.595,22.588,22.572,22.595,22.603,22.588,22.588,22.595,22.619,22.626,22.626,22.634,22.634,22.642,22.657,22.649,22.665,22.634,22.642,22.634,22.657,22.642,22.642,22.657,22.642,22.649,22.657,22.68,22.673,22.68,22.688,22.696,22.711,22.719,22.727,22.727,22.711,22.711,22.696,22.711,22.688,22.703,22.719,22.711,22.711,22.719,22.711,22.696,22.688,22.68,22.688,22.673,22.703,22.719,22.719,22.727,22.742,22.75,22.742,22.742,22.75,22.765,22.78,22.773,22.773,22.765,22.773,22.804,22.796,22.842,22.865,22.873,22.881,22.881,22.888,22.896,22.919,22.95,22.996,22.981,23.004,22.988,23.004,23.011,23.042,23.019,22.981,23.011,23.004,23.104,23.219,23.464,23.823,24.75,25.847,25.9,26.004,26.057,26.072,26.049,26.087,26.109,26.131,26.109,26.198,26.213,26.273,26.347,26.377,26.34,26.437,26.429,26.548,26.756,26.548,26.57,26.793,26.689,26.793,26.734,26.622,26.622,26.771,26.622,26.682,26.734,26.66,26.585,26.541,26.637,26.429,26.37,26.452,26.489,26.385,26.377,26.563,26.57,26.533,26.347,26.63,26.526,26.414,26.377,26.66,26.786,26.407,26.518,26.689,26.815,26.667,26.719,26.741,26.637,26.615,26.689,26.734,26.57,26.57,26.645,26.637,26.563,26.533,26.645,26.6,26.34,26.444,26.556,26.481,26.466,26.452,26.362,26.303,26.37,26.37,26.064,26.042,26.057,25.945,25.84,25.862,25.735,25.675,25.698,25.683,25.69,25.653,25.57,25.555,25.578,25.518,25.465,25.458,25.398,25.398,25.323,25.157,25.202,25.149,25.112,25.067,24.969,24.848,24.697,24.735,24.712,24.689,24.613,24.613,24.356,24.037,23.838,23.648,23.38,23.096,23.034,22.988,22.934,22.973,22.958,22.904,22.911,22.881,22.888,22.85,22.834,22.85,22.834,22.834,22.819,22.804,22.788,22.78,22.765,22.757,22.757,22.727,22.727,22.727,22.711,22.711,22.688,22.696,22.703,22.703,22.734,22.719,22.757,22.711,22.727,22.711,22.696,22.688,22.673,22.657,22.649,22.657,22.649,22.649,22.665,22.673,22.657,22.665,22.657,22.657,22.649,22.673,22.626,22.642,22.634,22.642,22.634,22.626,22.634,22.642,22.642,22.626,22.649,22.657,22.642,22.657,22.626,22.572,22.557,22.603,22.626,22.611,22.626,22.626,22.611,22.603,22.588,22.588,22.58,22.58,22.588,22.588,22.58,22.564,22.534,22.541,22.534,22.526,22.526,22.518,22.51,22.526,22.534,22.541,22.534,22.526,22.526,22.526,22.518,22.518,22.51,22.51,22.518,22.503,22.51,22.51,22.518,22.51,22.526,22.541,22.534,22.518,22.51,22.503,22.51,22.495,22.472,22.495,22.487,22.487,22.487,22.479,22.456,22.456,22.456,22.449,22.456,22.472,22.479,22.487,22.479,22.479,22.487,22.495,22.503,22.495,22.495,22.479,22.456,22.479,22.487,22.495,22.503,22.503,22.503,22.449,22.472,22.495,22.487,22.487,22.495,22.51,22.518,22.534,22.51,22.534,22.51,22.503,22.487,22.495,22.487,22.464,22.503,22.495,22.503,22.503,22.472,22.479,22.487,22.464,22.472,22.472,22.464,22.479,22.495,22.479,22.464,22.479,22.487,22.449,22.495,22.472,22.464,22.495,22.456,22.464,22.472,22.433,22.449,22.425,22.433,22.425,22.456,22.433,22.418,22.425,22.418,22.441,22.425,22.449,22.433,22.441,22.418,22.425,22.418,22.418,22.418,22.464,22.441,22.472,22.456,22.464,22.479,22.472,22.425,22.495,22.379,22.41,22.371,22.41,22.433,22.449,22.425,22.441,22.456,22.456,22.472,22.402,22.433,22.402,22.425,22.425,22.425,22.418,22.425,22.487,22.418,22.441,22.441,22.433,22.449,22.449,22.449,22.456,22.456,22.433,22.487,22.541,22.503,22.495,22.479,22.464,22.464,22.456,22.503,22.51,22.495,22.495,22.487,22.472,22.479,22.503,22.518,22.503,22.564,22.534
,22.394,22.363,22.363,22.332,22.332,22.387,22.379,22.394,22.317,22.317,22.371,22.402,22.356,22.356,22.379,22.379,22.379,22.379,22.379,22.371,22.379,22.371,22.379,22.394,22.387,22.402,22.394,22.41,22.387,22.371,22.418,22.394,22.425,22.402,22.425,22.441,22.402,22.441,22.425,22.41,22.418,22.418,22.441,22.464,22.464,22.456,22.487,22.464,22.472,22.472,22.464,22.456,22.464,22.456,22.464,22.456,22.479,22.487,22.487,22.479,22.495,22.479,22.472,22.487,22.464,22.456,22.441,22.456,22.487,22.518,22.495,22.503,22.464,22.449,22.449,22.472,22.487,22.479,22.518,22.534,22.526,22.534,22.549,22.526,22.549,22.534,22.51,22.495,22.541,22.526,22.534,22.549,22.534,22.557,22.549,22.534,22.541,22.541,22.541,22.541,22.534,22.541,22.557,22.564,22.58,22.588,22.58,22.588,22.603,22.588,22.595,22.619,22.626,22.588,22.58,22.603,22.611,22.603,22.619,22.603,22.603,22.603,22.595,22.611,22.595,22.595,22.595,22.588,22.564,22.564,22.603,22.58,22.595,22.603,22.603,22.595,22.588,22.588,22.588,22.58,22.572,22.595,22.595,22.603,22.619,22.611,22.603,22.611,22.611,22.657,22.642,22.619,22.626,22.634,22.634,22.626,22.626,22.626,22.634,22.611,22.619,22.595,22.611,22.588,22.588,22.58,22.603,22.603,22.603,22.619,22.634,22.649,22.657,22.688,22.665,22.657,22.642,22.642,22.634,22.642,22.649,22.657,22.657,22.657,22.665,22.665,22.665,22.673,22.696,22.696,22.703,22.719,22.719,22.734,22.734,22.711,22.703,22.703,22.688,22.68,22.703,22.711,22.711,22.696,22.727,22.719,22.711,22.703,22.68,22.68,22.688,22.703,22.734,22.742,22.734,22.757,22.734,22.757,22.788,22.788,22.804,22.788,22.78,22.78,22.788,22.827,22.804,22.834,22.85,22.842,22.888,22.888,22.904,22.919,22.934,22.965,22.965,23.004,23.011,23.011,23.034,23.019,23.05,23.058,23.058,23.096,23.111,23.111,23.403,23.785,24.454,25.458,25.847,26.004,26.042,26.064,26.087,26.094,26.124,26.146,26.131,26.169,26.176,26.221,26.28,26.303,26.481,26.407,26.496,26.518,26.66,26.882,26.897,26.712,26.838,26.867,26.786,26.986,26.941,26.712,26.704,26.823,26.689,26.763,26.771,26.689,26.615,26.652,26.667,26.526,26.407,26.585,26.578,26.504,26.533,26.615,26.615,26.548,26.504,26.674,26.496,26.437,26.63,26.86,26.919,26.548,26.63,26.726,26.808,26.778,26.756,26.889,26.867,26.667,26.741,26.793,26.712,26.734,26.674,26.778,26.652,26.645,26.66,26.682,26.414,26.489,26.734,26.481,26.474,26.452,26.437,26.333,26.295,26.399,26.236,26.087,26.169,26.101,25.847,25.795,25.735,25.72,25.713,25.765,25.69,25.69,25.683,25.675,25.668,25.563,25.51,25.48,25.45,25.428,25.435,25.285,25.27,25.232,25.18,25.142,25.067,24.969,24.878,24.871,24.855,24.795,24.765,24.636,24.439,24.318,24.158,24.135,23.808,23.495,23.319,23.065,22.958,23.065,23.027,22.988,22.942,22.904,22.896,22.873,22.865,22.865,22.858,22.842,22.819,22.804,22.804,22.796,22.788,22.78,22.773,22.734,22.734,22.719,22.727,22.719,22.719,22.68,22.719,22.75,22.75,22.75,22.75,22.719,22.703,22.727,22.711,22.673,22.657,22.665,22.665,22.665,22.665,22.665,22.673,22.649,22.634,22.657,22.665,22.657,22.673,22.634,22.649,22.626,22.634,22.626,22.619,22.619,22.634,22.626,22.642,22.634,22.649,22.665,22.642,22.649,22.665,22.626,22.603,22.619,22.611,22.619,22.619,22.619,22.619,22.611,22.58,22.595,22.58,22.572,22.58,22.58,22.588,22.557,22.549,22.549,22.534,22.526,22.526,22.51,22.51,22.51,22.518,22.526,22.503,22.518,22.503,22.526,22.495,22.518,22.51,22.51,22.518,22.518,22.526,22.518,22.518,22.526,22.51,22.541,22.534,22.51,22.487,22.495,22.487,22.479,22.495,22.495,22.495,22.51,22.503,22.487,22.464,22.464,22.449,22.441,22.464,22.456,22.479,22.479,22.487,22.503,22.487,22.526,22.51,22.503,22.526,22.51,22.449,22.456,22.487,22.495,22.526,22.487,22.487,22.456,22.456,22.472,22.479,22.518,22.464,22.518,22.518,22.487,22.503,22.464,22.51,22.518,22.51,22.503,22.487,22.51,22.503,22.51,22.487,22.503,22.495,22.487,22.534,22.518,22.518,22.51,22.449,22.472,22.487,22.472,22.479,22.503,22.487,22.487,22.503,22.449,22.472,22.456,22.472,22.433,22.464,22.456,22.464,22.41,22.433,22.425,22.487,22.441,22.433,22.41,22.41,22.433,22.433,22.418,22.433,22.441,22.449,22.441,22.394,22.449,22.402,22.394,22.456,22.449,22.449,22.464,22.495,22.51,22.464,22.472,22.418,22.402,22.379,22.379,22.41,22.449,22.433,22.425,22.418,22.41,22.441,22.425,22.418,22.425,22.41,22.418,22.464,22.456,22.425,22.456,22.387,22.425,22.433,22.433,22.441,22.433,22.425,22.394,22.441,22.479,22.464,22.487,22.425,22.449,22.433,22.472,22.472,22.456,22.472,22.503,22.479,22.472,22.495,22.479,22.487,22.518,22.503,22.572,22.534,22.603
,22.356,22.348,22.317,22.34,22.309,22.356,22.402,22.387,22.356,22.371,22.332,22.348,22.363,22.348,22.394,22.387,22.402,22.387,22.379,22.387,22.363,22.379,22.387,22.394,22.379,22.379,22.394,22.402,22.387,22.394,22.371,22.402,22.402,22.41,22.425,22.402,22.41,22.41,22.425,22.425,22.441,22.441,22.433,22.456,22.456,22.472,22.487,22.464,22.472,22.472,22.456,22.456,22.456,22.456,22.464,22.472,22.479,22.518,22.487,22.487,22.51,22.472,22.464,22.479,22.456,22.449,22.456,22.433,22.464,22.464,22.479,22.464,22.441,22.472,22.503,22.479,22.487,22.51,22.503,22.503,22.518,22.518,22.526,22.534,22.526,22.51,22.541,22.526,22.518,22.526,22.541,22.541,22.541,22.549,22.549,22.541,22.564,22.564,22.549,22.588,22.541,22.541,22.564,22.564,22.572,22.588,22.588,22.58,22.588,22.611,22.595,22.603,22.595,22.603,22.595,22.603,22.603,22.603,22.603,22.619,22.572,22.634,22.619,22.634,22.572,22.595,22.611,22.549,22.557,22.572,22.58,22.58,22.588,22.595,22.588,22.603,22.595,22.572,22.58,22.564,22.58,22.595,22.611,22.611,22.619,22.603,22.619,22.619,22.611,22.626,22.595,22.642,22.626,22.634,22.634,22.634,22.634,22.634,22.634,22.634,22.619,22.626,22.595,22.603,22.595,22.588,22.595,22.595,22.603,22.611,22.626,22.634,22.642,22.665,22.657,22.626,22.657,22.665,22.634,22.68,22.665,22.657,22.673,22.673,22.657,22.657,22.665,22.688,22.703,22.711,22.711,22.719,22.711,22.727,22.711,22.703,22.703,22.696,22.711,22.703,22.703,22.711,22.688,22.673,22.711,22.719,22.711,22.711,22.703,22.703,22.703,22.719,22.742,22.734,22.75,22.75,22.734,22.773,22.78,22.78,22.819,22.788,22.796,22.804,22.796,22.796,22.85,22.842,22.873,22.881,22.881,22.904,22.919,22.934,22.973,22.981,23.034,23.042,23.042,23.019,23.027,23.05,23.088,23.104,23.104,23.15,23.15,23.288,23.861,24.772,25.773,25.915,25.952,26.004,26.079,26.094,26.109,26.124,26.176,26.161,26.198,26.198,26.169,26.303,26.355,26.496,26.667,26.83,26.949,26.882,26.712,27,26.86,26.823,27,26.823,26.86,27.074,26.919,26.852,26.986,26.86,26.763,26.786,26.808,26.667,26.697,26.66,26.704,26.608,26.504,26.637,26.645,26.57,26.645,26.838,26.808,26.682,26.682,26.838,26.593,26.719,26.622,27.008,27.03,26.726,26.749,26.904,26.845,26.749,26.838,27,26.956,26.823,26.8,26.897,26.8,26.815,26.756,26.734,26.712,26.697,26.741,26.815,26.622,26.593,26.734,26.593,26.474,26.459,26.511,26.295,26.303,26.414,26.333,26.169,26.258,26.243,26.042,25.967,25.989,25.81,25.758,25.9,25.735,25.72,25.72,25.705,25.668,25.675,25.555,25.533,25.488,25.473,25.458,25.42,25.338,25.285,25.21,25.262,25.052,24.961,24.969,24.976,24.901,24.833,24.757,24.742,24.689,24.583,24.348,24.219,24.082,23.762,23.556,23.456,23.119,23.034,23.042,22.965,22.958,22.942,22.896,22.873,22.873,22.865,22.85,22.842,22.827,22.811,22.811,22.811,22.819,22.78,22.78,22.757,22.734,22.75,22.727,22.711,22.696,22.703,22.727,22.742,22.75,22.757,22.75,22.727,22.734,22.711,22.696,22.68,22.673,22.665,22.665,22.68,22.673,22.68,22.673,22.649,22.673,22.673,22.649,22.657,22.634,22.626,22.642,22.649,22.626,22.626,22.626,22.634,22.626,22.626,22.634,22.634,22.642,22.649,22.657,22.665,22.673,22.673,22.665,22.626,22.626,22.611,22.626,22.603,22.611,22.611,22.603,22.588,22.603,22.58,22.58,22.564,22.51,22.572,22.541,22.549,22.541,22.526,22.526,22.518,22.503,22.518,22.518,22.526,22.495,22.51,22.518,22.518,22.51,22.51,22.503,22.51,22.518,22.51,22.526,22.518,22.51,22.526,22.518,22.534,22.487,22.549,22.534,22.51,22.495,22.503,22.503,22.495,22.503,22.518,22.503,22.495,22.472,22.464,22.456,22.456,22.464,22.464,22.472,22.479,22.487,22.503,22.495,22.51,22.526,22.534,22.51,22.51,22.472,22.549,22.472,22.487,22.495,22.472,22.487,22.472,22.495,22.503,22.479,22.534,22.518,22.503,22.51,22.503,22.51,22.518,22.51,22.541,22.487,22.495,22.487,22.487,22.487,22.487,22.518,22.518,22.51,22.534,22.503,22.518,22.495,22.526,22.487,22.464,22.449,22.479,22.503,22.495,22.472,22.456,22.472,22.472,22.456,22.479,22.456,22.464,22.479,22.464,22.464,22.456,22.433,22.464,22.441,22.425,22.418,22.425,22.433,22.441,22.441,22.449,22.433,22.425,22.433,22.479,22.449,22.456,22.456,22.456,22.456,22.456,22.433,22.456,22.487,22.472,22.472,22.449,22.425,22.402,22.433,22.433,22.503,22.472,22.433,22.433,22.418,22.418,22.418,22.472,22.402,22.425,22.449,22.433,22.456,22.456,22.433,22.449,22.402,22.394,22.387,22.425,22.425,22.449,22.449,22.418,22.449,22.441,22.495,22.51,22.425,22.433,22.433,22.449,22.456,22.464,22.464,22.472,22.472,22.495,22.472,22.472,22.479,22.487,22.503,22.495,22.549,22.534
,22.332,22.286,22.332,22.317,22.34,22.348,22.363,22.402,22.356,22.34,22.325,22.332,22.348,22.348,22.379,22.387,22.394,22.449,22.418,22.371,22.371,22.387,22.379,22.394,22.394,22.402,22.387,22.394,22.418,22.387,22.387,22.379,22.402,22.41,22.425,22.472,22.503,22.418,22.433,22.433,22.464,22.425,22.418,22.456,22.472,22.464,22.487,22.487,22.472,22.472,22.464,22.456,22.464,22.464,22.495,22.487,22.503,22.495,22.495,22.487,22.495,22.479,22.479,22.495,22.479,22.479,22.456,22.487,22.479,22.472,22.472,22.464,22.487,22.456,22.503,22.479,22.503,22.495,22.487,22.503,22.51,22.526,22.526,22.526,22.51,22.503,22.495,22.479,22.549,22.549,22.541,22.549,22.541,22.526,22.549,22.541,22.564,22.564,22.549,22.572,22.58,22.564,22.564,22.564,22.572,22.572,22.595,22.611,22.611,22.595,22.603,22.619,22.611,22.603,22.603,22.588,22.595,22.595,22.603,22.588,22.619,22.603,22.603,22.603,22.611,22.603,22.588,22.557,22.564,22.564,22.564,22.588,22.595,22.58,22.588,22.611,22.619,22.595,22.595,22.588,22.603,22.611,22.619,22.626,22.619,22.626,22.634,22.626,22.634,22.619,22.649,22.642,22.665,22.642,22.649,22.68,22.642,22.634,22.642,22.626,22.626,22.642,22.626,22.58,22.572,22.58,22.588,22.611,22.611,22.619,22.619,22.619,22.649,22.665,22.665,22.657,22.68,22.673,22.649,22.68,22.688,22.688,22.68,22.665,22.657,22.68,22.688,22.696,22.703,22.711,22.711,22.727,22.734,22.703,22.727,22.696,22.703,22.696,22.696,22.727,22.703,22.688,22.711,22.727,22.719,22.719,22.719,22.711,22.711,22.703,22.734,22.742,22.75,22.757,22.773,22.773,22.773,22.788,22.788,22.796,22.811,22.819,22.804,22.804,22.834,22.811,22.842,22.858,22.865,22.896,22.896,22.927,22.927,22.934,23.004,22.996,23.073,23.05,23.034,23.088,23.05,23.096,23.142,23.119,23.219,23.28,23.449,24.09,25.097,25.735,25.9,25.93,25.997,26.042,26.131,26.161,26.183,26.243,26.236,26.362,26.288,26.295,26.265,26.489,26.615,26.86,26.83,26.919,26.956,26.986,26.941,26.993,27.03,27.037,27.037,26.956,27.023,27.074,26.919,26.875,27.015,26.8,26.808,26.823,26.838,26.697,26.719,26.749,26.712,26.637,26.674,26.793,26.704,26.622,26.697,26.897,26.86,26.845,26.838,26.941,26.808,26.852,26.845,27.052,27.037,26.941,26.963,27.06,26.956,26.86,26.926,27.141,27.052,26.919,26.889,27.074,26.912,26.83,26.823,26.778,26.778,26.734,26.808,26.823,26.645,26.667,26.763,26.712,26.541,26.429,26.526,26.399,26.303,26.347,26.414,26.288,26.303,26.392,26.273,26.198,26.288,25.989,25.982,25.855,25.877,25.765,25.765,25.84,25.72,25.698,25.638,25.548,25.525,25.465,25.555,25.443,25.383,25.42,25.345,25.33,25.082,25.142,25.285,25.067,25.052,24.961,24.878,24.75,24.772,24.629,24.606,24.379,24.318,24.113,23.846,23.724,23.349,23.196,23.119,23.05,22.996,22.934,22.904,22.888,22.881,22.873,22.858,22.85,22.834,22.819,22.819,22.819,22.827,22.811,22.804,22.765,22.757,22.75,22.727,22.727,22.734,22.727,22.742,22.757,22.757,22.75,22.742,22.734,22.727,22.734,22.734,22.727,22.688,22.68,22.673,22.68,22.696,22.688,22.68,22.665,22.673,22.657,22.665,22.642,22.649,22.626,22.619,22.634,22.642,22.619,22.619,22.619,22.619,22.626,22.626,22.634,22.642,22.642,22.657,22.657,22.665,22.657,22.657,22.642,22.626,22.634,22.619,22.634,22.611,22.619,22.595,22.603,22.611,22.603,22.626,22.572,22.58,22.58,22.557,22.564,22.541,22.526,22.51,22.503,22.51,22.495,22.51,22.51,22.534,22.51,22.503,22.495,22.51,22.51,22.518,22.518,22.518,22.526,22.534,22.518,22.518,22.518,22.51,22.526,22.572,22.557,22.534,22.495,22.51,22.479,22.472,22.487,22.503,22.51,22.518,22.503,22.479,22.464,22.456,22.456,22.464,22.472,22.472,22.495,22.526,22.557,22.534,22.518,22.541,22.541,22.526,22.51,22.456,22.534,22.526,22.541,22.495,22.495,22.487,22.472,22.51,22.503,22.487,22.51,22.51,22.51,22.51,22.51,22.534,22.518,22.526,22.526,22.495,22.518,22.51,22.464,22.503,22.503,22.503,22.51,22.518,22.518,22.503,22.51,22.526,22.487,22.479,22.479,22.51,22.503,22.472,22.487,22.456,22.472,22.464,22.464,22.456,22.456,22.456,22.449,22.449,22.456,22.418,22.464,22.425,22.441,22.441,22.418,22.441,22.433,22.441,22.449,22.456,22.433,22.41,22.433,22.464,22.456,22.479,22.441,22.418,22.449,22.433,22.425,22.464,22.456,22.449,22.472,22.495,22.441,22.472,22.449,22.441,22.449,22.456,22.456,22.479,22.418,22.425,22.425,22.425,22.433,22.433,22.418,22.441,22.418,22.418,22.402,22.402,22.394,22.402,22.402,22.41,22.418,22.418,22.425,22.418,22.449,22.356,22.441,22.402,22.418,22.441,22.418,22.441,22.456,22.464,22.464,22.464,22.472,22.503,22.479,22.518,22.472,22.472,22.487,22.503,22.51,22.518,22.495
,22.294,22.325,22.34,22.34,22.356,22.402,22.379,22.379,22.371,22.325,22.332,22.332,22.332,22.363,22.363,22.363,22.425,22.387,22.387,22.387,22.394,22.387,22.402,22.402,22.402,22.41,22.394,22.41,22.387,22.418,22.402,22.371,22.418,22.433,22.472,22.487,22.472,22.472,22.464,22.449,22.449,22.456,22.464,22.472,22.487,22.487,22.472,22.479,22.464,22.464,22.441,22.464,22.464,22.487,22.51,22.503,22.534,22.503,22.51,22.503,22.487,22.503,22.487,22.503,22.51,22.503,22.495,22.479,22.495,22.479,22.495,22.479,22.472,22.503,22.487,22.503,22.479,22.487,22.495,22.503,22.503,22.526,22.518,22.526,22.518,22.495,22.503,22.534,22.541,22.534,22.51,22.51,22.526,22.526,22.534,22.534,22.534,22.564,22.557,22.557,22.58,22.588,22.572,22.588,22.588,22.611,22.603,22.603,22.619,22.611,22.642,22.611,22.611,22.595,22.603,22.595,22.595,22.626,22.595,22.603,22.588,22.611,22.603,22.626,22.626,22.603,22.619,22.572,22.603,22.588,22.58,22.595,22.603,22.603,22.595,22.611,22.603,22.611,22.611,22.611,22.634,22.626,22.642,22.626,22.634,22.626,22.619,22.634,22.603,22.649,22.657,22.657,22.649,22.657,22.642,22.642,22.642,22.649,22.657,22.626,22.626,22.611,22.603,22.611,22.634,22.595,22.595,22.619,22.611,22.611,22.634,22.626,22.649,22.665,22.657,22.673,22.68,22.649,22.68,22.696,22.68,22.719,22.727,22.673,22.665,22.665,22.68,22.696,22.696,22.711,22.711,22.727,22.727,22.711,22.696,22.711,22.703,22.703,22.711,22.703,22.719,22.711,22.703,22.719,22.727,22.734,22.727,22.719,22.703,22.719,22.742,22.757,22.773,22.765,22.773,22.757,22.773,22.796,22.811,22.811,22.819,22.811,22.834,22.842,22.85,22.85,22.865,22.865,22.888,22.896,22.919,22.934,22.958,22.981,23.019,23.042,23.058,23.081,23.019,23.058,23.119,23.196,23.219,23.257,23.288,23.518,24.204,25.006,25.847,25.93,25.982,26.049,26.049,26.116,26.161,26.236,26.251,26.288,26.422,26.288,26.578,26.466,26.452,26.637,26.852,26.941,26.867,26.889,26.993,26.993,27.097,27.104,27.045,27.045,27.097,26.971,27.104,27.126,26.919,27.052,27.215,27.037,26.86,27.008,27.008,26.756,26.771,26.926,26.756,26.763,26.823,26.8,26.912,26.838,26.852,26.993,26.941,26.867,26.904,26.993,26.971,26.993,27.008,27.052,27.06,27.008,26.993,27.126,27.045,27.008,26.963,27.148,27.156,26.956,26.986,27.104,27.008,26.941,26.897,26.971,26.912,26.838,26.823,26.912,26.852,26.778,26.749,26.719,26.608,26.556,26.622,26.496,26.377,26.392,26.481,26.422,26.295,26.34,26.303,26.169,26.206,26.169,26.072,26.116,26.079,25.795,25.825,25.952,25.803,25.825,25.72,25.66,25.653,25.548,25.608,25.675,25.45,25.465,25.428,25.405,25.36,25.262,25.338,25.24,25.149,25.036,24.969,24.976,24.863,24.795,24.704,24.515,24.341,24.196,24.082,23.8,23.502,23.395,23.203,23.142,23.027,22.965,22.919,22.911,22.896,22.888,22.873,22.858,22.842,22.834,22.858,22.85,22.842,22.819,22.804,22.788,22.765,22.765,22.75,22.727,22.742,22.727,22.75,22.765,22.757,22.773,22.75,22.742,22.734,22.734,22.727,22.711,22.703,22.688,22.711,22.703,22.696,22.703,22.696,22.688,22.673,22.665,22.673,22.665,22.642,22.649,22.634,22.649,22.642,22.619,22.634,22.634,22.626,22.634,22.642,22.634,22.642,22.649,22.649,22.649,22.649,22.673,22.657,22.665,22.657,22.642,22.634,22.634,22.634,22.611,22.626,22.619,22.611,22.595,22.595,22.588,22.58,22.564,22.564,22.549,22.557,22.549,22.503,22.51,22.518,22.518,22.534,22.518,22.526,22.51,22.487,22.51,22.518,22.51,22.518,22.518,22.526,22.526,22.518,22.526,22.51,22.51,22.51,22.51,22.549,22.572,22.526,22.526,22.495,22.487,22.487,22.495,22.503,22.503,22.526,22.51,22.479,22.472,22.464,22.479,22.449,22.479,22.464,22.464,22.51,22.557,22.518,22.518,22.503,22.534,22.472,22.534,22.503,22.503,22.51,22.51,22.51,22.495,22.495,22.487,22.495,22.503,22.495,22.495,22.51,22.526,22.495,22.534,22.549,22.534,22.549,22.534,22.51,22.526,22.487,22.51,22.518,22.479,22.503,22.503,22.51,22.51,22.526,22.534,22.495,22.518,22.479,22.51,22.487,22.495,22.534,22.495,22.472,22.456,22.449,22.456,22.487,22.503,22.464,22.456,22.464,22.456,22.456,22.479,22.472,22.441,22.456,22.433,22.433,22.449,22.449,22.464,22.456,22.433,22.418,22.433,22.441,22.456,22.479,22.441,22.418,22.456,22.433,22.41,22.503,22.418,22.449,22.479,22.487,22.472,22.479,22.433,22.441,22.456,22.456,22.433,22.433,22.441,22.425,22.472,22.441,22.456,22.449,22.441,22.433,22.433,22.425,22.425,22.449,22.387,22.425,22.441,22.418,22.402,22.387,22.418,22.394,22.41,22.41,22.441,22.402,22.425,22.433,22.441,22.456,22.464,22.464,22.456,22.479,22.472,22.464,22.487,22.472,22.495,22.472,22.495,22.503,22.495,22.51,22.487
,22.309,22.309,22.332,22.348,22.363,22.387,22.371,22.371,22.348,22.34,22.325,22.348,22.332,22.34,22.363,22.379,22.394,22.425,22.387,22.371,22.379,22.379,22.41,22.402,22.402,22.41,22.425,22.387,22.394,22.402,22.402,22.402,22.41,22.41,22.472,22.487,22.472,22.479,22.472,22.456,22.464,22.456,22.472,22.464,22.487,22.472,22.472,22.472,22.495,22.441,22.464,22.472,22.472,22.487,22.526,22.534,22.526,22.526,22.51,22.518,22.51,22.503,22.51,22.51,22.51,22.549,22.503,22.503,22.503,22.487,22.479,22.51,22.495,22.479,22.51,22.503,22.503,22.518,22.495,22.503,22.51,22.518,22.526,22.534,22.526,22.503,22.526,22.518,22.51,22.518,22.534,22.518,22.549,22.526,22.549,22.557,22.549,22.588,22.557,22.564,22.572,22.58,22.588,22.603,22.595,22.611,22.619,22.619,22.634,22.626,22.619,22.619,22.603,22.58,22.611,22.588,22.588,22.595,22.611,22.595,22.611,22.603,22.595,22.603,22.603,22.588,22.588,22.595,22.603,22.603,22.619,22.611,22.619,22.603,22.634,22.634,22.634,22.634,22.626,22.665,22.634,22.649,22.657,22.634,22.626,22.626,22.611,22.634,22.634,22.634,22.657,22.642,22.626,22.642,22.634,22.642,22.642,22.619,22.634,22.619,22.588,22.603,22.611,22.611,22.649,22.626,22.642,22.626,22.626,22.626,22.634,22.642,22.642,22.649,22.634,22.665,22.657,22.68,22.68,22.711,22.711,22.688,22.711,22.688,22.711,22.688,22.703,22.703,22.696,22.703,22.703,22.719,22.711,22.727,22.719,22.703,22.703,22.696,22.727,22.719,22.734,22.711,22.703,22.734,22.727,22.719,22.727,22.727,22.711,22.742,22.742,22.773,22.765,22.78,22.796,22.788,22.804,22.796,22.834,22.834,22.842,22.827,22.827,22.85,22.858,22.865,22.881,22.881,22.911,22.911,22.934,22.965,22.965,22.973,23.027,23.034,23.088,23.096,23.188,23.15,23.303,23.249,23.349,23.701,23.899,24.976,25.743,25.855,25.847,26.012,26.049,26.124,26.124,26.206,26.28,26.31,26.385,26.474,26.444,26.407,26.504,26.652,26.712,26.786,26.941,26.971,26.986,27.229,27.045,27.067,27.148,27.111,27.148,27.207,27.133,27.207,27.407,27.311,27.097,27.141,27.207,26.986,27.03,27.163,27.074,26.8,26.793,27.015,26.8,26.867,26.838,27,27,26.889,26.963,26.934,26.949,26.897,27,26.986,27.03,27.052,27.052,27.067,27.082,27.037,27.067,27.148,27.141,27.067,27,27.141,27.104,27,27.104,27.119,27.082,26.919,26.941,27.074,27.052,26.963,26.882,26.993,26.808,26.756,26.756,26.808,26.652,26.674,26.719,26.63,26.511,26.474,26.615,26.407,26.347,26.533,26.377,26.243,26.34,26.385,26.251,26.169,26.154,26.049,25.975,26.087,25.915,25.788,25.862,25.765,25.735,25.735,25.638,25.638,25.533,25.503,25.45,25.435,25.443,25.353,25.353,25.27,25.225,25.187,25.006,25.044,24.954,24.931,24.78,24.666,24.56,24.439,24.135,24.105,23.976,23.716,23.319,23.18,23.111,23.011,22.958,22.927,22.934,22.888,22.881,22.911,22.865,22.865,22.873,22.858,22.842,22.834,22.796,22.804,22.78,22.757,22.757,22.742,22.75,22.773,22.765,22.773,22.765,22.757,22.757,22.757,22.75,22.757,22.75,22.734,22.719,22.711,22.688,22.703,22.688,22.703,22.696,22.68,22.688,22.673,22.68,22.642,22.657,22.634,22.634,22.634,22.642,22.619,22.611,22.642,22.626,22.634,22.642,22.642,22.649,22.642,22.649,22.649,22.657,22.665,22.649,22.673,22.657,22.649,22.642,22.642,22.619,22.626,22.626,22.619,22.611,22.611,22.595,22.564,22.572,22.564,22.58,22.58,22.549,22.534,22.534,22.526,22.534,22.541,22.541,22.549,22.534,22.549,22.526,22.51,22.518,22.518,22.51,22.526,22.534,22.526,22.518,22.51,22.51,22.526,22.503,22.564,22.572,22.564,22.557,22.541,22.51,22.487,22.487,22.487,22.503,22.503,22.51,22.487,22.472,22.464,22.479,22.472,22.441,22.456,22.479,22.472,22.518,22.526,22.518,22.51,22.518,22.518,22.472,22.518,22.526,22.541,22.51,22.541,22.534,22.51,22.495,22.495,22.51,22.51,22.495,22.503,22.526,22.557,22.541,22.541,22.572,22.541,22.564,22.564,22.534,22.534,22.534,22.487,22.487,22.503,22.503,22.503,22.495,22.495,22.487,22.487,22.51,22.51,22.503,22.51,22.479,22.487,22.495,22.495,22.479,22.495,22.479,22.456,22.456,22.456,22.472,22.464,22.449,22.456,22.449,22.456,22.449,22.425,22.449,22.449,22.449,22.456,22.464,22.472,22.479,22.472,22.464,22.464,22.441,22.425,22.441,22.464,22.456,22.487,22.464,22.418,22.472,22.394,22.487,22.418,22.441,22.503,22.472,22.472,22.456,22.449,22.433,22.441,22.449,22.449,22.441,22.464,22.433,22.464,22.449,22.433,22.449,22.418,22.433,22.433,22.402,22.433,22.425,22.379,22.425,22.441,22.418,22.441,22.425,22.441,22.418,22.449,22.371,22.394,22.441,22.41,22.441,22.472,22.456,22.464,22.449,22.433,22.487,22.449,22.433,22.456,22.441,22.479,22.503,22.503,22.503,22.464
,22.302,22.332,22.356,22.379,22.379,22.371,22.371,22.371,22.387,22.363,22.356,22.332,22.348,22.348,22.363,22.371,22.387,22.379,22.402,22.41,22.41,22.418,22.433,22.425,22.394,22.456,22.425,22.402,22.41,22.402,22.402,22.433,22.456,22.418,22.441,22.479,22.472,22.495,22.495,22.456,22.464,22.472,22.472,22.472,22.495,22.487,22.472,22.472,22.456,22.449,22.472,22.472,22.503,22.534,22.534,22.549,22.541,22.557,22.526,22.518,22.51,22.51,22.51,22.503,22.534,22.526,22.518,22.526,22.518,22.518,22.518,22.503,22.503,22.495,22.503,22.487,22.479,22.51,22.51,22.518,22.518,22.526,22.526,22.534,22.518,22.503,22.472,22.518,22.51,22.526,22.518,22.534,22.534,22.572,22.549,22.564,22.595,22.549,22.58,22.564,22.58,22.58,22.603,22.595,22.595,22.642,22.619,22.626,22.611,22.626,22.603,22.611,22.603,22.603,22.588,22.588,22.58,22.611,22.588,22.595,22.603,22.58,22.595,22.588,22.603,22.603,22.588,22.595,22.611,22.619,22.626,22.642,22.619,22.626,22.619,22.642,22.665,22.634,22.642,22.642,22.626,22.665,22.649,22.634,22.619,22.611,22.619,22.619,22.626,22.649,22.649,22.634,22.657,22.642,22.634,22.642,22.619,22.626,22.634,22.611,22.603,22.603,22.588,22.603,22.619,22.619,22.634,22.649,22.642,22.642,22.642,22.649,22.657,22.657,22.649,22.649,22.649,22.649,22.68,22.696,22.657,22.703,22.688,22.711,22.703,22.703,22.696,22.688,22.696,22.688,22.703,22.703,22.711,22.75,22.711,22.719,22.703,22.696,22.711,22.727,22.734,22.742,22.727,22.742,22.742,22.727,22.734,22.727,22.757,22.742,22.765,22.78,22.78,22.804,22.796,22.804,22.842,22.842,22.827,22.85,22.85,22.85,22.858,22.865,22.873,22.873,22.911,22.896,22.942,22.958,22.996,22.973,23.027,23.042,23.034,23.073,23.142,23.127,23.165,23.257,23.341,23.364,23.533,23.998,24.999,25.803,25.9,26.027,26.019,26.094,26.116,26.109,26.206,26.31,26.362,26.437,26.466,26.585,26.57,26.652,26.66,26.749,26.926,26.978,27.289,27.222,27.244,27.436,27.274,27.436,27.546,27.17,27.222,27.62,27.215,27.333,27.598,27.355,27.193,27.252,27.281,27.141,27.148,27.289,27.082,26.963,27.067,27.156,27,26.889,26.963,27.06,27,26.949,26.993,26.993,26.934,26.949,27.037,27.126,27.133,27.052,27.097,27.178,27.148,27.074,27.037,27.163,27.156,27.015,27.037,27.17,27.178,27.037,27.015,27.156,27.008,27.03,26.978,27.2,27.03,26.963,26.934,27.008,26.867,26.823,26.852,26.86,26.778,26.66,26.763,26.771,26.667,26.6,26.734,26.66,26.422,26.481,26.585,26.318,26.37,26.474,26.407,26.139,26.273,26.198,26.087,26.161,26.004,25.9,25.862,25.847,25.765,25.803,25.668,25.66,25.563,25.488,25.473,25.428,25.465,25.405,25.428,25.345,25.315,25.36,25.097,25.104,25.036,24.901,24.878,24.704,24.727,24.545,24.386,24.234,24.287,23.915,23.579,23.226,23.18,23.088,23.034,22.958,22.95,22.911,22.896,22.95,22.896,22.896,22.858,22.865,22.858,22.819,22.819,22.804,22.788,22.788,22.765,22.757,22.75,22.765,22.78,22.78,22.773,22.773,22.765,22.757,22.757,22.75,22.75,22.734,22.719,22.696,22.703,22.688,22.688,22.688,22.688,22.68,22.665,22.665,22.657,22.657,22.649,22.649,22.634,22.634,22.642,22.626,22.619,22.626,22.611,22.619,22.642,22.649,22.665,22.649,22.649,22.642,22.649,22.665,22.657,22.657,22.657,22.642,22.657,22.634,22.634,22.634,22.626,22.603,22.619,22.603,22.595,22.572,22.572,22.572,22.595,22.603,22.564,22.572,22.549,22.534,22.541,22.549,22.549,22.549,22.534,22.534,22.51,22.518,22.503,22.526,22.526,22.526,22.526,22.518,22.526,22.526,22.518,22.518,22.541,22.572,22.572,22.58,22.557,22.549,22.51,22.51,22.495,22.51,22.495,22.503,22.495,22.487,22.495,22.479,22.472,22.487,22.472,22.479,22.464,22.472,22.51,22.51,22.495,22.503,22.51,22.495,22.503,22.518,22.557,22.526,22.534,22.518,22.503,22.534,22.518,22.534,22.518,22.503,22.526,22.526,22.51,22.503,22.518,22.549,22.572,22.541,22.549,22.541,22.534,22.534,22.534,22.526,22.526,22.495,22.487,22.495,22.479,22.487,22.472,22.456,22.479,22.503,22.495,22.495,22.441,22.472,22.487,22.456,22.441,22.449,22.464,22.456,22.472,22.464,22.472,22.456,22.479,22.456,22.433,22.433,22.425,22.425,22.449,22.449,22.456,22.456,22.464,22.456,22.472,22.464,22.441,22.441,22.449,22.418,22.433,22.441,22.433,22.441,22.425,22.433,22.425,22.425,22.425,22.51,22.441,22.456,22.441,22.456,22.441,22.433,22.449,22.449,22.425,22.464,22.456,22.449,22.441,22.487,22.464,22.464,22.456,22.425,22.425,22.425,22.441,22.425,22.456,22.449,22.41,22.425,22.456,22.433,22.487,22.41,22.394,22.394,22.41,22.371,22.441,22.441,22.479,22.472,22.472,22.479,22.464,22.464,22.479,22.456,22.472,22.464,22.495,22.487,22.487,22.503,22.495,22.534
,22.302,22.34,22.379,22.387,22.379,22.379,22.387,22.356,22.348,22.348,22.363,22.34,22.348,22.356,22.363,22.387,22.402,22.394,22.418,22.387,22.387,22.418,22.402,22.41,22.441,22.425,22.425,22.402,22.356,22.379,22.402,22.41,22.449,22.418,22.433,22.449,22.456,22.472,22.503,22.472,22.464,22.472,22.495,22.487,22.495,22.479,22.449,22.456,22.441,22.441,22.456,22.503,22.487,22.495,22.526,22.557,22.557,22.541,22.518,22.526,22.518,22.534,22.526,22.518,22.503,22.518,22.518,22.51,22.534,22.503,22.541,22.503,22.495,22.503,22.464,22.479,22.472,22.495,22.495,22.518,22.526,22.518,22.518,22.534,22.51,22.495,22.534,22.503,22.479,22.503,22.518,22.534,22.557,22.557,22.557,22.557,22.549,22.549,22.557,22.58,22.572,22.588,22.588,22.611,22.611,22.611,22.611,22.619,22.626,22.619,22.611,22.603,22.603,22.572,22.58,22.58,22.58,22.611,22.595,22.603,22.611,22.58,22.595,22.58,22.588,22.611,22.603,22.603,22.603,22.619,22.626,22.626,22.619,22.611,22.642,22.626,22.619,22.619,22.634,22.619,22.619,22.626,22.619,22.611,22.619,22.619,22.619,22.619,22.634,22.642,22.634,22.642,22.649,22.642,22.626,22.611,22.611,22.626,22.626,22.611,22.595,22.588,22.588,22.595,22.626,22.626,22.634,22.657,22.626,22.634,22.642,22.642,22.665,22.657,22.642,22.634,22.626,22.634,22.665,22.657,22.68,22.665,22.657,22.665,22.68,22.696,22.68,22.688,22.688,22.68,22.703,22.703,22.719,22.711,22.703,22.696,22.711,22.719,22.727,22.734,22.727,22.734,22.734,22.719,22.727,22.742,22.742,22.75,22.75,22.765,22.742,22.788,22.796,22.819,22.811,22.827,22.827,22.834,22.834,22.842,22.865,22.865,22.873,22.873,22.888,22.896,22.911,22.911,22.95,22.996,22.996,23.019,23.042,23.042,23.065,23.088,23.111,23.134,23.226,23.349,23.487,23.541,23.953,25.052,25.735,25.892,26.034,26.094,26.116,26.243,26.169,26.325,26.31,26.504,26.481,26.526,26.474,26.712,26.704,26.838,26.852,27.104,27.104,27.178,27.333,27.207,27.377,27.318,27.325,27.613,27.524,27.266,27.591,27.488,27.222,27.392,27.664,27.392,27.296,27.392,27.37,27.193,27.222,27.311,27.111,26.897,27.119,27.163,26.963,27.008,27.06,27.097,27.06,26.978,27.06,27.163,27.037,26.978,27.126,27.193,27.178,27.148,27.126,27.259,27.237,27.089,27.111,27.289,27.222,27.141,27.06,27.156,27.141,26.993,27.008,27.133,27.141,27.023,27.015,27.119,27.03,26.941,26.978,26.986,26.897,26.86,26.867,26.963,26.808,26.682,26.86,26.845,26.6,26.734,26.712,26.57,26.459,26.556,26.615,26.414,26.399,26.511,26.407,26.161,26.251,26.288,26.191,26.213,26.109,26.049,25.967,25.952,25.81,25.84,25.75,25.638,25.563,25.503,25.465,25.465,25.495,25.465,25.413,25.413,25.413,25.413,25.187,25.059,25.165,24.999,24.916,24.886,24.787,24.757,24.492,24.477,24.295,23.983,23.77,23.671,23.372,23.119,23.05,22.973,22.973,22.95,22.942,22.888,22.911,22.911,22.881,22.873,22.834,22.827,22.804,22.804,22.796,22.78,22.757,22.765,22.765,22.765,22.765,22.773,22.773,22.773,22.757,22.75,22.75,22.719,22.727,22.727,22.703,22.703,22.665,22.657,22.703,22.673,22.68,22.657,22.626,22.649,22.665,22.657,22.657,22.657,22.642,22.634,22.642,22.619,22.603,22.603,22.611,22.634,22.657,22.657,22.649,22.665,22.649,22.68,22.619,22.673,22.665,22.626,22.649,22.634,22.642,22.642,22.642,22.619,22.619,22.611,22.611,22.58,22.58,22.58,22.572,22.572,22.564,22.58,22.557,22.557,22.557,22.549,22.557,22.557,22.572,22.549,22.541,22.534,22.503,22.518,22.51,22.526,22.526,22.526,22.534,22.518,22.518,22.503,22.526,22.518,22.549,22.557,22.564,22.564,22.557,22.534,22.51,22.51,22.518,22.487,22.472,22.433,22.495,22.479,22.479,22.472,22.479,22.479,22.479,22.472,22.456,22.479,22.503,22.464,22.51,22.503,22.495,22.479,22.449,22.479,22.534,22.495,22.495,22.51,22.51,22.503,22.526,22.518,22.51,22.518,22.495,22.495,22.503,22.518,22.526,22.534,22.534,22.534,22.549,22.534,22.526,22.534,22.526,22.503,22.495,22.503,22.487,22.479,22.479,22.479,22.479,22.479,22.487,22.495,22.503,22.433,22.433,22.425,22.425,22.487,22.472,22.456,22.464,22.456,22.449,22.449,22.433,22.441,22.456,22.441,22.425,22.41,22.418,22.41,22.425,22.433,22.449,22.456,22.449,22.464,22.449,22.449,22.433,22.433,22.449,22.441,22.394,22.425,22.394,22.433,22.425,22.425,22.425,22.41,22.433,22.418,22.449,22.41,22.41,22.418,22.418,22.425,22.418,22.449,22.425,22.425,22.425,22.449,22.487,22.449,22.449,22.425,22.425,22.41,22.394,22.449,22.363,22.456,22.441,22.433,22.449,22.433,22.433,22.433,22.418,22.418,22.402,22.41,22.41,22.41,22.479,22.418,22.441,22.479,22.464,22.472,22.472,22.449,22.449,22.441,22.449,22.456,22.441,22.479,22.487,22.487,22.479,22.449
,22.309,22.363,22.387,22.394,22.371,22.379,22.371,22.356,22.34,22.34,22.34,22.363,22.363,22.379,22.379,22.418,22.41,22.394,22.418,22.402,22.425,22.41,22.41,22.487,22.441,22.402,22.425,22.433,22.425,22.41,22.379,22.402,22.402,22.402,22.418,22.449,22.433,22.441,22.464,22.456,22.456,22.472,22.456,22.479,22.495,22.472,22.456,22.456,22.456,22.433,22.464,22.464,22.503,22.549,22.464,22.487,22.549,22.541,22.526,22.526,22.51,22.526,22.526,22.526,22.503,22.503,22.518,22.51,22.518,22.51,22.51,22.487,22.503,22.487,22.464,22.472,22.503,22.479,22.495,22.518,22.518,22.518,22.534,22.526,22.51,22.541,22.541,22.518,22.534,22.541,22.549,22.564,22.58,22.564,22.58,22.603,22.588,22.611,22.588,22.572,22.595,22.572,22.572,22.588,22.595,22.603,22.611,22.611,22.619,22.626,22.603,22.611,22.58,22.58,22.603,22.588,22.595,22.58,22.595,22.626,22.588,22.58,22.557,22.572,22.58,22.58,22.588,22.603,22.603,22.611,22.619,22.619,22.611,22.611,22.619,22.611,22.649,22.634,22.626,22.619,22.588,22.588,22.603,22.603,22.619,22.626,22.642,22.611,22.626,22.634,22.649,22.649,22.649,22.642,22.611,22.619,22.634,22.626,22.619,22.619,22.572,22.58,22.588,22.595,22.619,22.634,22.634,22.642,22.649,22.634,22.642,22.657,22.649,22.642,22.626,22.611,22.626,22.626,22.634,22.642,22.673,22.649,22.673,22.673,22.68,22.688,22.696,22.688,22.68,22.68,22.727,22.696,22.727,22.719,22.703,22.703,22.711,22.711,22.719,22.719,22.742,22.75,22.727,22.742,22.742,22.75,22.757,22.742,22.757,22.757,22.765,22.788,22.773,22.827,22.858,22.834,22.834,22.842,22.842,22.858,22.858,22.858,22.881,22.888,22.911,22.896,22.927,22.942,22.965,23.011,22.996,23.034,23.058,23.073,23.104,23.134,23.188,23.303,23.387,23.387,23.648,24.394,25.18,25.698,25.9,26.004,26.124,26.154,26.243,26.273,26.28,26.399,26.526,26.429,26.556,26.674,26.845,26.838,26.971,27.089,27.03,27.193,27.133,27.362,27.34,27.421,27.649,27.414,27.539,27.635,27.51,27.583,27.76,27.635,27.443,27.657,27.671,27.384,27.384,27.591,27.37,27.252,27.399,27.311,27.148,27.141,27.244,27.281,27.097,27.03,27.156,27.244,27.141,27.074,27.163,27.193,27.052,27.067,27.17,27.37,27.222,27.148,27.193,27.37,27.229,27.178,27.119,27.266,27.207,27.037,27.089,27.148,27.141,27,27.008,27.193,27.163,27.015,27.023,26.978,26.993,26.926,26.949,26.993,26.926,26.852,26.8,27.023,26.875,26.763,26.815,26.934,26.734,26.712,26.771,26.734,26.593,26.6,26.622,26.452,26.474,26.593,26.548,26.28,26.347,26.422,26.258,26.295,26.355,26.258,26.109,26.116,25.982,25.93,25.877,25.78,25.69,25.533,25.51,25.51,25.51,25.495,25.465,25.473,25.435,25.473,25.383,25.39,25.27,25.089,25.014,25.014,24.886,24.818,24.719,24.598,24.31,24.181,24.037,23.724,23.556,23.18,23.042,23.011,23.034,23.011,22.965,22.95,22.911,22.904,22.888,22.873,22.842,22.827,22.811,22.811,22.811,22.804,22.788,22.78,22.773,22.765,22.773,22.773,22.78,22.765,22.757,22.75,22.734,22.742,22.734,22.703,22.688,22.688,22.68,22.68,22.673,22.665,22.657,22.657,22.649,22.665,22.657,22.649,22.649,22.657,22.642,22.634,22.626,22.611,22.611,22.603,22.619,22.619,22.642,22.649,22.703,22.665,22.642,22.68,22.657,22.649,22.642,22.619,22.619,22.626,22.626,22.634,22.634,22.619,22.626,22.603,22.595,22.588,22.595,22.595,22.572,22.572,22.58,22.557,22.564,22.564,22.549,22.549,22.549,22.549,22.541,22.541,22.541,22.518,22.518,22.503,22.518,22.526,22.51,22.534,22.534,22.549,22.518,22.503,22.541,22.534,22.564,22.564,22.564,22.549,22.534,22.526,22.534,22.51,22.518,22.495,22.472,22.487,22.472,22.472,22.464,22.472,22.472,22.472,22.464,22.495,22.456,22.472,22.487,22.495,22.503,22.51,22.472,22.472,22.495,22.479,22.495,22.487,22.487,22.495,22.503,22.518,22.518,22.51,22.518,22.51,22.518,22.495,22.495,22.526,22.526,22.526,22.526,22.534,22.534,22.534,22.526,22.518,22.51,22.526,22.51,22.495,22.495,22.495,22.464,22.472,22.472,22.472,22.472,22.464,22.456,22.472,22.479,22.456,22.441,22.456,22.472,22.464,22.456,22.472,22.433,22.449,22.441,22.433,22.425,22.418,22.425,22.394,22.41,22.402,22.418,22.425,22.418,22.441,22.441,22.441,22.425,22.433,22.433,22.433,22.425,22.433,22.433,22.394,22.402,22.394,22.425,22.41,22.402,22.433,22.418,22.449,22.418,22.433,22.41,22.449,22.41,22.41,22.425,22.433,22.425,22.425,22.433,22.433,22.441,22.456,22.441,22.449,22.441,22.402,22.425,22.487,22.433,22.402,22.394,22.441,22.402,22.456,22.449,22.441,22.495,22.425,22.41,22.433,22.425,22.402,22.418,22.433,22.433,22.464,22.456,22.456,22.456,22.441,22.433,22.449,22.441,22.472,22.464,22.487,22.51,22.487,22.464,22.433
,22.325,22.348,22.356,22.371,22.387,22.379,22.379,22.363,22.363,22.332,22.317,22.356,22.394,22.356,22.379,22.402,22.402,22.441,22.348,22.402,22.41,22.418,22.418,22.449,22.418,22.418,22.449,22.418,22.394,22.394,22.387,22.41,22.41,22.402,22.418,22.41,22.433,22.464,22.441,22.456,22.449,22.456,22.464,22.464,22.456,22.464,22.456,22.441,22.441,22.441,22.479,22.479,22.503,22.534,22.51,22.479,22.503,22.479,22.487,22.518,22.534,22.503,22.51,22.495,22.495,22.503,22.495,22.51,22.51,22.503,22.487,22.495,22.487,22.472,22.472,22.472,22.472,22.518,22.487,22.51,22.534,22.51,22.51,22.503,22.495,22.495,22.534,22.487,22.518,22.534,22.572,22.564,22.588,22.572,22.557,22.518,22.518,22.549,22.58,22.58,22.58,22.572,22.572,22.557,22.572,22.588,22.595,22.619,22.626,22.611,22.619,22.588,22.588,22.572,22.572,22.564,22.588,22.588,22.58,22.588,22.564,22.58,22.557,22.557,22.58,22.595,22.595,22.603,22.603,22.603,22.603,22.611,22.595,22.626,22.603,22.634,22.626,22.619,22.626,22.58,22.595,22.58,22.595,22.611,22.595,22.626,22.619,22.619,22.619,22.619,22.619,22.626,22.642,22.619,22.626,22.626,22.619,22.626,22.619,22.595,22.595,22.588,22.572,22.588,22.619,22.626,22.619,22.626,22.634,22.642,22.649,22.649,22.642,22.626,22.626,22.626,22.619,22.611,22.611,22.626,22.634,22.649,22.665,22.673,22.673,22.665,22.68,22.696,22.68,22.68,22.696,22.703,22.703,22.696,22.696,22.703,22.703,22.703,22.711,22.719,22.727,22.742,22.75,22.75,22.773,22.757,22.773,22.773,22.75,22.773,22.765,22.788,22.796,22.796,22.819,22.85,22.85,22.85,22.834,22.865,22.873,22.888,22.888,22.904,22.904,22.919,22.942,22.95,22.988,23.027,23.073,23.081,23.111,23.134,23.127,23.165,23.257,23.28,23.387,23.571,24.287,25.18,25.84,25.907,26.019,26.087,26.191,26.243,26.333,26.288,26.511,26.392,26.526,26.652,26.734,26.8,26.897,27.052,27.133,27.067,27.281,27.252,27.37,27.561,27.473,27.627,27.738,27.576,27.716,27.716,27.649,27.657,28.002,27.627,27.48,27.649,27.649,27.443,27.569,27.774,27.392,27.399,27.421,27.473,27.207,27.126,27.274,27.296,27.126,27.089,27.2,27.207,27.126,27.082,27.296,27.252,27.089,27.111,27.193,27.458,27.215,27.207,27.289,27.421,27.34,27.185,27.156,27.274,27.229,27.148,27.111,27.133,27.097,27.067,27.015,27.17,27.133,27,27.008,27.111,27.008,26.971,26.949,26.949,26.986,26.882,26.86,27.074,26.897,26.786,26.83,26.956,26.749,26.763,26.778,26.719,26.563,26.541,26.645,26.563,26.444,26.63,26.593,26.437,26.474,26.526,26.385,26.347,26.459,26.318,26.191,26.333,26.101,26.101,26.101,25.937,25.735,25.683,25.585,25.548,25.503,25.54,25.488,25.465,25.458,25.45,25.458,25.405,25.458,25.285,25.195,25.172,24.984,24.886,24.825,24.727,24.598,24.363,24.325,23.953,23.823,23.655,23.188,23.157,23.096,23.019,22.988,22.996,22.927,22.911,22.904,22.873,22.842,22.819,22.819,22.811,22.834,22.819,22.796,22.78,22.773,22.765,22.773,22.765,22.773,22.757,22.75,22.734,22.734,22.719,22.719,22.727,22.68,22.68,22.665,22.665,22.673,22.642,22.649,22.642,22.665,22.657,22.626,22.665,22.649,22.649,22.634,22.634,22.619,22.626,22.611,22.611,22.634,22.649,22.649,22.68,22.673,22.688,22.657,22.711,22.642,22.657,22.634,22.626,22.603,22.611,22.634,22.642,22.619,22.619,22.603,22.603,22.588,22.588,22.58,22.588,22.58,22.572,22.572,22.564,22.572,22.557,22.541,22.541,22.526,22.534,22.534,22.534,22.541,22.51,22.534,22.526,22.526,22.534,22.549,22.526,22.51,22.534,22.526,22.526,22.534,22.541,22.564,22.557,22.549,22.534,22.526,22.526,22.51,22.503,22.495,22.479,22.487,22.456,22.449,22.456,22.418,22.472,22.464,22.464,22.464,22.464,22.487,22.472,22.487,22.479,22.487,22.479,22.472,22.51,22.472,22.51,22.503,22.479,22.487,22.487,22.503,22.479,22.51,22.503,22.526,22.526,22.518,22.541,22.526,22.518,22.51,22.534,22.518,22.518,22.518,22.503,22.503,22.51,22.503,22.495,22.487,22.487,22.487,22.479,22.479,22.479,22.472,22.472,22.464,22.441,22.472,22.449,22.479,22.464,22.472,22.464,22.464,22.472,22.464,22.449,22.433,22.433,22.425,22.425,22.418,22.425,22.41,22.394,22.394,22.394,22.394,22.41,22.379,22.425,22.464,22.433,22.418,22.402,22.425,22.418,22.433,22.425,22.425,22.394,22.379,22.387,22.41,22.433,22.41,22.425,22.425,22.402,22.425,22.418,22.402,22.425,22.387,22.41,22.433,22.425,22.418,22.418,22.418,22.418,22.433,22.441,22.425,22.41,22.41,22.387,22.441,22.433,22.464,22.433,22.456,22.394,22.418,22.472,22.425,22.41,22.441,22.425,22.41,22.41,22.402,22.387,22.418,22.402,22.41,22.456,22.441,22.449,22.449,22.449,22.441,22.441,22.456,22.433,22.449,22.487,22.487,22.449,22.449,22.441
,22.348,22.363,22.363,22.363,22.371,22.387,22.363,22.356,22.356,22.34,22.348,22.34,22.348,22.394,22.387,22.402,22.402,22.418,22.41,22.394,22.41,22.418,22.425,22.41,22.41,22.394,22.394,22.348,22.379,22.387,22.387,22.387,22.402,22.387,22.394,22.41,22.402,22.433,22.425,22.425,22.456,22.449,22.464,22.472,22.456,22.456,22.456,22.441,22.441,22.472,22.456,22.503,22.487,22.495,22.51,22.503,22.51,22.495,22.518,22.518,22.526,22.526,22.51,22.487,22.487,22.495,22.503,22.495,22.51,22.518,22.495,22.503,22.472,22.472,22.51,22.472,22.51,22.51,22.518,22.534,22.534,22.51,22.51,22.503,22.495,22.487,22.51,22.534,22.526,22.557,22.564,22.572,22.588,22.557,22.572,22.526,22.51,22.541,22.549,22.572,22.58,22.557,22.564,22.572,22.557,22.588,22.603,22.603,22.619,22.611,22.603,22.595,22.595,22.58,22.58,22.564,22.557,22.572,22.58,22.572,22.549,22.557,22.564,22.564,22.564,22.588,22.603,22.603,22.611,22.611,22.595,22.595,22.595,22.611,22.603,22.619,22.611,22.603,22.58,22.58,22.58,22.588,22.588,22.603,22.611,22.603,22.603,22.603,22.619,22.626,22.626,22.642,22.634,22.603,22.634,22.657,22.619,22.626,22.619,22.603,22.603,22.572,22.58,22.603,22.619,22.642,22.649,22.634,22.649,22.642,22.649,22.657,22.642,22.626,22.611,22.619,22.626,22.619,22.626,22.626,22.642,22.634,22.665,22.665,22.68,22.696,22.688,22.68,22.696,22.703,22.711,22.711,22.711,22.711,22.703,22.727,22.719,22.703,22.711,22.719,22.719,22.742,22.75,22.757,22.765,22.765,22.78,22.78,22.765,22.765,22.796,22.796,22.788,22.811,22.85,22.842,22.842,22.865,22.865,22.881,22.888,22.888,22.904,22.919,22.919,22.958,22.95,22.965,22.988,23.019,23.073,23.096,23.111,23.165,23.142,23.311,23.41,23.495,23.693,24.31,25.27,25.78,25.93,25.975,26.072,26.191,26.228,26.31,26.333,26.437,26.504,26.726,26.622,26.889,26.86,26.926,27.074,27.237,27.281,27.325,27.532,27.488,27.546,27.598,27.569,27.716,27.73,27.686,27.76,27.826,27.789,27.855,27.987,27.635,27.679,27.738,27.664,27.517,27.546,27.546,27.451,27.414,27.488,27.598,27.325,27.399,27.429,27.392,27.163,27.111,27.34,27.325,27.126,27.185,27.355,27.355,27.229,27.156,27.259,27.421,27.237,27.252,27.303,27.37,27.355,27.133,27.163,27.311,27.17,27.17,27.2,27.156,27.119,27.008,26.949,27.126,27.104,26.941,27.008,27.119,27.03,26.949,26.978,27.015,27,26.852,26.86,27.074,26.926,26.83,26.823,26.912,26.838,26.749,26.815,26.763,26.674,26.637,26.689,26.667,26.452,26.637,26.63,26.541,26.533,26.548,26.466,26.407,26.422,26.399,26.318,26.385,26.243,26.116,26.124,26.027,25.855,25.818,25.653,25.615,25.615,25.525,25.51,25.473,25.48,25.465,25.495,25.488,25.503,25.42,25.428,25.383,25.217,25.165,24.976,24.886,24.787,24.682,24.56,24.09,23.998,23.739,23.586,23.142,23.157,23.034,23.019,22.988,22.942,22.927,22.904,22.896,22.881,22.834,22.827,22.819,22.811,22.827,22.811,22.796,22.788,22.773,22.773,22.765,22.765,22.757,22.742,22.734,22.727,22.719,22.719,22.711,22.688,22.673,22.673,22.673,22.68,22.657,22.657,22.642,22.649,22.665,22.657,22.673,22.649,22.649,22.626,22.657,22.665,22.603,22.611,22.657,22.626,22.642,22.673,22.688,22.696,22.665,22.688,22.696,22.68,22.649,22.619,22.642,22.619,22.603,22.626,22.626,22.642,22.619,22.603,22.611,22.588,22.595,22.588,22.595,22.595,22.588,22.595,22.564,22.564,22.564,22.541,22.518,22.526,22.526,22.526,22.541,22.526,22.534,22.518,22.518,22.526,22.534,22.534,22.541,22.526,22.518,22.534,22.541,22.549,22.541,22.549,22.572,22.557,22.518,22.51,22.495,22.503,22.503,22.487,22.479,22.472,22.464,22.449,22.472,22.487,22.456,22.464,22.472,22.449,22.472,22.441,22.464,22.479,22.487,22.495,22.479,22.503,22.472,22.479,22.464,22.487,22.479,22.487,22.495,22.479,22.472,22.487,22.518,22.503,22.526,22.526,22.526,22.526,22.534,22.518,22.541,22.534,22.503,22.51,22.503,22.503,22.479,22.495,22.495,22.495,22.487,22.495,22.472,22.487,22.479,22.472,22.472,22.472,22.495,22.472,22.479,22.479,22.449,22.479,22.464,22.472,22.464,22.464,22.472,22.433,22.425,22.418,22.41,22.41,22.41,22.433,22.41,22.402,22.41,22.402,22.41,22.418,22.425,22.418,22.394,22.418,22.402,22.418,22.425,22.425,22.425,22.418,22.41,22.394,22.394,22.41,22.433,22.441,22.449,22.425,22.41,22.425,22.41,22.433,22.449,22.425,22.425,22.425,22.433,22.425,22.425,22.41,22.425,22.418,22.41,22.418,22.402,22.402,22.402,22.433,22.441,22.487,22.464,22.441,22.41,22.418,22.433,22.433,22.433,22.433,22.418,22.41,22.41,22.394,22.402,22.394,22.402,22.433,22.394,22.441,22.433,22.449,22.449,22.456,22.441,22.441,22.456,22.441,22.456,22.503,22.495,22.456,22.418
,22.356,22.356,22.371,22.371,22.371,22.371,22.356,22.363,22.356,22.363,22.387,22.348,22.34,22.371,22.371,22.418,22.402,22.41,22.371,22.363,22.41,22.41,22.418,22.41,22.402,22.371,22.379,22.394,22.387,22.387,22.394,22.394,22.402,22.394,22.387,22.418,22.41,22.41,22.433,22.449,22.472,22.472,22.479,22.479,22.441,22.449,22.464,22.449,22.456,22.456,22.487,22.51,22.526,22.479,22.479,22.487,22.472,22.479,22.51,22.534,22.518,22.518,22.495,22.495,22.495,22.487,22.51,22.503,22.503,22.534,22.472,22.503,22.464,22.487,22.479,22.472,22.51,22.526,22.518,22.526,22.526,22.518,22.518,22.495,22.479,22.534,22.526,22.549,22.557,22.541,22.58,22.572,22.588,22.572,22.58,22.526,22.526,22.534,22.541,22.564,22.58,22.564,22.503,22.564,22.557,22.58,22.603,22.611,22.634,22.588,22.603,22.595,22.588,22.588,22.588,22.572,22.557,22.58,22.572,22.588,22.572,22.58,22.572,22.564,22.58,22.572,22.603,22.603,22.595,22.603,22.595,22.588,22.58,22.595,22.611,22.626,22.619,22.634,22.634,22.588,22.595,22.626,22.595,22.603,22.611,22.603,22.619,22.619,22.619,22.619,22.619,22.626,22.642,22.619,22.626,22.626,22.619,22.619,22.619,22.595,22.603,22.564,22.595,22.595,22.603,22.626,22.626,22.642,22.649,22.649,22.657,22.649,22.642,22.642,22.626,22.603,22.611,22.634,22.634,22.634,22.642,22.649,22.657,22.673,22.68,22.703,22.696,22.703,22.696,22.696,22.688,22.703,22.719,22.727,22.719,22.696,22.719,22.719,22.711,22.711,22.727,22.734,22.75,22.765,22.78,22.78,22.773,22.773,22.773,22.773,22.788,22.788,22.811,22.819,22.827,22.85,22.858,22.873,22.865,22.881,22.896,22.911,22.942,22.927,22.942,22.965,22.973,22.996,23.027,23.05,23.065,23.127,23.157,23.257,23.341,23.426,23.495,23.586,24.227,25.104,25.735,25.93,25.967,26.131,26.154,26.213,26.31,26.429,26.541,26.615,26.6,26.726,26.793,26.949,27.215,27.318,27.252,27.34,27.414,27.532,27.598,27.495,27.686,27.679,27.686,27.921,27.716,27.738,27.906,28.06,27.818,27.987,28.016,27.686,27.627,27.848,27.657,27.576,27.848,27.789,27.465,27.451,27.686,27.583,27.51,27.37,27.465,27.377,27.229,27.222,27.443,27.362,27.237,27.252,27.362,27.392,27.252,27.281,27.377,27.495,27.281,27.311,27.281,27.355,27.259,27.274,27.17,27.377,27.348,27.111,27.126,27.222,27.17,26.971,26.956,27.111,27.141,27.015,26.978,27.141,27.148,27,26.941,27.111,27.037,26.845,26.897,27.045,26.919,26.83,26.808,26.919,26.823,26.726,26.793,26.823,26.697,26.563,26.719,26.667,26.548,26.585,26.719,26.578,26.518,26.637,26.556,26.518,26.526,26.422,26.392,26.452,26.414,26.191,26.355,26.101,26.019,26.087,25.773,25.623,25.645,25.593,25.54,25.48,25.503,25.465,25.458,25.473,25.51,25.45,25.443,25.57,25.443,25.383,25.24,24.946,25.052,24.825,24.689,24.318,24.189,24.135,23.655,23.357,23.203,23.065,23.058,23.027,22.973,22.965,22.934,22.896,22.896,22.834,22.85,22.834,22.842,22.827,22.827,22.804,22.796,22.788,22.773,22.78,22.765,22.75,22.742,22.734,22.719,22.711,22.703,22.719,22.68,22.703,22.665,22.665,22.665,22.657,22.673,22.642,22.657,22.673,22.649,22.649,22.665,22.626,22.642,22.619,22.619,22.619,22.634,22.626,22.634,22.665,22.68,22.696,22.688,22.665,22.665,22.657,22.642,22.673,22.626,22.611,22.619,22.626,22.626,22.642,22.642,22.634,22.611,22.603,22.595,22.588,22.58,22.603,22.611,22.588,22.595,22.58,22.572,22.557,22.534,22.518,22.487,22.518,22.518,22.534,22.541,22.534,22.534,22.526,22.557,22.534,22.534,22.503,22.51,22.518,22.526,22.557,22.549,22.557,22.572,22.549,22.541,22.518,22.503,22.495,22.487,22.479,22.503,22.479,22.464,22.479,22.456,22.441,22.495,22.472,22.495,22.449,22.456,22.479,22.464,22.479,22.51,22.51,22.487,22.495,22.487,22.503,22.464,22.495,22.456,22.479,22.472,22.487,22.503,22.495,22.495,22.518,22.503,22.503,22.534,22.549,22.549,22.549,22.541,22.557,22.534,22.495,22.472,22.472,22.479,22.472,22.479,22.479,22.495,22.495,22.51,22.487,22.487,22.456,22.456,22.464,22.479,22.449,22.433,22.449,22.472,22.449,22.479,22.472,22.464,22.479,22.472,22.449,22.441,22.418,22.418,22.425,22.425,22.41,22.41,22.418,22.418,22.402,22.394,22.418,22.41,22.41,22.402,22.41,22.418,22.394,22.41,22.425,22.425,22.433,22.418,22.41,22.425,22.41,22.41,22.464,22.418,22.433,22.441,22.418,22.425,22.418,22.441,22.433,22.449,22.425,22.449,22.433,22.418,22.387,22.41,22.394,22.394,22.394,22.41,22.379,22.41,22.402,22.418,22.441,22.464,22.464,22.441,22.472,22.394,22.425,22.402,22.433,22.387,22.433,22.41,22.41,22.41,22.387,22.379,22.41,22.41,22.449,22.433,22.394,22.441,22.449,22.464,22.456,22.472,22.441,22.479,22.441,22.487,22.487,22.441,22.441
,22.379,22.371,22.356,22.363,22.371,22.363,22.371,22.371,22.371,22.34,22.379,22.348,22.379,22.371,22.387,22.394,22.394,22.394,22.371,22.41,22.402,22.394,22.402,22.394,22.394,22.379,22.387,22.387,22.394,22.379,22.387,22.387,22.387,22.41,22.441,22.402,22.418,22.449,22.418,22.456,22.464,22.425,22.464,22.464,22.464,22.449,22.433,22.433,22.456,22.472,22.479,22.479,22.518,22.495,22.487,22.495,22.472,22.518,22.51,22.526,22.541,22.518,22.51,22.503,22.503,22.495,22.51,22.518,22.51,22.534,22.503,22.51,22.51,22.472,22.487,22.503,22.534,22.534,22.534,22.487,22.526,22.495,22.51,22.503,22.495,22.541,22.534,22.518,22.534,22.549,22.564,22.572,22.572,22.572,22.534,22.541,22.526,22.51,22.557,22.549,22.564,22.564,22.557,22.557,22.564,22.588,22.595,22.619,22.626,22.642,22.626,22.611,22.595,22.58,22.588,22.588,22.572,22.595,22.588,22.595,22.58,22.588,22.557,22.564,22.572,22.572,22.588,22.595,22.603,22.603,22.611,22.595,22.603,22.595,22.611,22.611,22.619,22.619,22.611,22.603,22.611,22.588,22.595,22.595,22.603,22.611,22.626,22.626,22.634,22.634,22.619,22.611,22.603,22.603,22.611,22.626,22.626,22.619,22.603,22.619,22.619,22.595,22.595,22.595,22.611,22.626,22.619,22.657,22.657,22.642,22.649,22.649,22.642,22.642,22.634,22.626,22.626,22.626,22.626,22.642,22.642,22.657,22.665,22.673,22.688,22.68,22.696,22.696,22.696,22.703,22.703,22.719,22.727,22.75,22.742,22.727,22.727,22.727,22.727,22.727,22.727,22.734,22.734,22.75,22.757,22.773,22.78,22.78,22.796,22.788,22.804,22.819,22.827,22.827,22.842,22.858,22.881,22.888,22.896,22.896,22.919,22.919,22.934,22.958,22.981,22.988,23.004,23.042,23.042,23.065,23.119,23.157,23.211,23.341,23.319,23.495,23.648,24.485,25.247,25.773,25.915,25.945,26.034,26.124,26.206,26.31,26.414,26.392,26.734,26.8,26.741,26.838,27.126,27.111,27.193,27.384,27.392,27.488,27.465,27.649,27.627,27.591,27.716,27.591,27.833,28.009,27.826,27.767,28.053,27.855,27.862,28.068,28.068,27.848,27.796,27.943,27.671,27.657,27.899,27.914,27.598,27.465,27.671,27.605,27.392,27.436,27.48,27.502,27.407,27.311,27.473,27.407,27.178,27.325,27.421,27.451,27.355,27.252,27.392,27.561,27.281,27.348,27.362,27.355,27.244,27.303,27.229,27.333,27.303,27.229,27.111,27.34,27.052,27.008,27.037,27.133,27.045,27.015,26.993,27.111,27.097,26.978,26.963,27,26.941,26.934,26.941,26.971,26.912,26.838,26.845,26.971,26.926,26.778,26.823,26.793,26.741,26.66,26.726,26.741,26.57,26.585,26.667,26.6,26.578,26.741,26.578,26.585,26.518,26.548,26.474,26.563,26.533,26.28,26.347,26.34,26.258,26.064,25.93,25.728,25.698,25.713,25.63,25.533,25.48,25.465,25.48,25.495,25.473,25.51,25.473,25.54,25.458,25.428,25.428,25.127,25.044,24.901,24.818,24.682,24.492,24.135,23.953,23.594,23.265,23.219,23.127,23.05,23.019,22.988,22.934,22.934,22.904,22.888,22.873,22.85,22.858,22.827,22.827,22.811,22.811,22.804,22.757,22.78,22.773,22.75,22.742,22.727,22.719,22.727,22.719,22.719,22.711,22.688,22.68,22.696,22.696,22.688,22.68,22.68,22.68,22.657,22.657,22.673,22.665,22.642,22.696,22.603,22.634,22.619,22.642,22.649,22.649,22.657,22.673,22.68,22.673,22.68,22.665,22.673,22.673,22.657,22.634,22.634,22.657,22.649,22.649,22.649,22.642,22.634,22.619,22.619,22.611,22.595,22.603,22.611,22.603,22.595,22.603,22.603,22.588,22.58,22.541,22.51,22.503,22.541,22.526,22.549,22.549,22.534,22.534,22.526,22.549,22.549,22.541,22.572,22.541,22.541,22.541,22.526,22.549,22.534,22.541,22.572,22.58,22.541,22.495,22.495,22.487,22.503,22.495,22.495,22.495,22.472,22.518,22.495,22.479,22.472,22.503,22.479,22.472,22.503,22.464,22.479,22.487,22.503,22.51,22.51,22.51,22.495,22.503,22.472,22.487,22.487,22.51,22.495,22.51,22.487,22.503,22.503,22.495,22.518,22.526,22.534,22.557,22.572,22.564,22.572,22.534,22.534,22.472,22.487,22.464,22.464,22.472,22.487,22.495,22.495,22.472,22.464,22.464,22.479,22.449,22.472,22.449,22.456,22.425,22.433,22.456,22.464,22.464,22.479,22.464,22.464,22.456,22.441,22.449,22.441,22.425,22.402,22.418,22.41,22.425,22.418,22.418,22.441,22.425,22.418,22.379,22.41,22.394,22.449,22.441,22.418,22.41,22.418,22.425,22.433,22.433,22.433,22.433,22.41,22.433,22.41,22.441,22.433,22.433,22.433,22.433,22.449,22.449,22.433,22.441,22.433,22.456,22.433,22.441,22.379,22.394,22.379,22.379,22.402,22.379,22.379,22.379,22.402,22.402,22.441,22.425,22.472,22.495,22.418,22.41,22.418,22.387,22.41,22.371,22.456,22.387,22.387,22.394,22.379,22.394,22.41,22.402,22.425,22.449,22.418,22.449,22.441,22.464,22.472,22.472,22.433,22.433,22.464,22.472,22.472,22.456,22.317
,22.418,22.418,22.387,22.379,22.363,22.348,22.379,22.379,22.371,22.371,22.363,22.356,22.34,22.379,22.402,22.41,22.41,22.41,22.379,22.394,22.41,22.402,22.379,22.387,22.371,22.371,22.387,22.387,22.402,22.402,22.418,22.387,22.418,22.41,22.402,22.449,22.425,22.464,22.449,22.449,22.487,22.487,22.479,22.456,22.449,22.456,22.449,22.441,22.479,22.479,22.526,22.495,22.534,22.479,22.479,22.479,22.51,22.518,22.534,22.518,22.526,22.526,22.51,22.51,22.495,22.503,22.51,22.503,22.534,22.534,22.51,22.526,22.518,22.518,22.526,22.526,22.534,22.534,22.534,22.541,22.541,22.557,22.526,22.541,22.534,22.534,22.557,22.572,22.564,22.564,22.557,22.58,22.588,22.572,22.564,22.557,22.557,22.549,22.564,22.564,22.557,22.564,22.572,22.572,22.564,22.595,22.603,22.611,22.634,22.619,22.611,22.603,22.603,22.588,22.595,22.588,22.595,22.603,22.588,22.611,22.58,22.595,22.564,22.603,22.588,22.58,22.572,22.58,22.595,22.611,22.611,22.603,22.611,22.619,22.626,22.642,22.619,22.611,22.619,22.611,22.603,22.603,22.603,22.603,22.603,22.619,22.634,22.642,22.642,22.642,22.626,22.619,22.611,22.595,22.595,22.603,22.619,22.642,22.68,22.649,22.626,22.611,22.603,22.603,22.603,22.634,22.649,22.649,22.688,22.665,22.665,22.657,22.642,22.665,22.657,22.649,22.642,22.649,22.665,22.642,22.657,22.657,22.68,22.688,22.703,22.688,22.703,22.703,22.711,22.696,22.711,22.719,22.742,22.75,22.788,22.75,22.742,22.727,22.75,22.765,22.757,22.742,22.757,22.757,22.773,22.773,22.78,22.788,22.804,22.811,22.811,22.827,22.842,22.834,22.873,22.865,22.896,22.896,22.896,22.919,22.927,22.934,22.958,22.981,22.981,22.996,23.011,23.05,23.073,23.111,23.15,23.173,23.234,23.319,23.579,23.64,24.424,25.345,25.6,25.922,26.079,26.042,26.303,26.325,26.347,26.355,26.585,26.57,26.838,26.875,26.956,27.06,27.34,27.458,27.458,27.436,27.591,27.554,27.569,27.811,27.664,27.701,27.914,27.84,27.936,28.009,27.877,27.98,28.082,27.928,27.906,27.994,27.943,27.892,28.016,28.053,27.789,27.752,27.965,27.928,27.576,27.569,27.708,27.701,27.51,27.51,27.598,27.583,27.495,27.539,27.598,27.443,27.451,27.37,27.451,27.524,27.303,27.414,27.48,27.502,27.37,27.318,27.362,27.384,27.355,27.325,27.303,27.348,27.318,27.133,27.097,27.178,27.074,27.06,27.045,27.133,27.089,26.986,27.045,27.089,27.119,26.926,26.919,27.03,27.008,26.949,26.971,26.993,26.971,26.86,26.86,26.971,27.015,26.778,26.756,26.8,26.712,26.63,26.726,26.756,26.719,26.652,26.734,26.689,26.615,26.697,26.66,26.593,26.608,26.622,26.511,26.563,26.57,26.414,26.489,26.511,26.333,26.206,26.213,25.96,25.818,25.832,25.743,25.743,25.518,25.525,25.473,25.458,25.488,25.518,25.533,25.57,25.645,25.645,25.683,25.465,25.202,25.119,25.029,24.742,24.515,24.409,24.249,23.831,23.556,23.196,23.134,23.073,23.058,22.996,22.942,22.95,22.927,22.919,22.881,22.873,22.842,22.842,22.827,22.827,22.834,22.819,22.834,22.85,22.788,22.757,22.765,22.734,22.742,22.719,22.711,22.711,22.703,22.657,22.688,22.703,22.696,22.688,22.696,22.696,22.703,22.688,22.673,22.673,22.634,22.673,22.611,22.626,22.68,22.626,22.634,22.642,22.649,22.657,22.665,22.673,22.665,22.673,22.649,22.665,22.673,22.673,22.657,22.665,22.649,22.642,22.657,22.657,22.649,22.634,22.642,22.626,22.642,22.626,22.611,22.626,22.611,22.611,22.619,22.603,22.603,22.603,22.557,22.534,22.534,22.534,22.549,22.557,22.557,22.541,22.541,22.534,22.534,22.549,22.534,22.549,22.541,22.557,22.549,22.541,22.534,22.541,22.526,22.541,22.557,22.564,22.534,22.51,22.51,22.51,22.51,22.51,22.479,22.503,22.495,22.51,22.518,22.503,22.518,22.503,22.472,22.51,22.479,22.479,22.503,22.503,22.518,22.518,22.518,22.503,22.495,22.487,22.503,22.495,22.479,22.526,22.487,22.495,22.495,22.503,22.487,22.51,22.51,22.541,22.549,22.564,22.557,22.557,22.534,22.564,22.51,22.51,22.472,22.479,22.487,22.479,22.503,22.495,22.479,22.487,22.487,22.472,22.456,22.464,22.449,22.433,22.441,22.433,22.449,22.441,22.464,22.479,22.479,22.456,22.441,22.449,22.433,22.449,22.441,22.425,22.425,22.41,22.418,22.418,22.41,22.418,22.449,22.441,22.456,22.464,22.433,22.425,22.418,22.441,22.418,22.441,22.433,22.433,22.425,22.441,22.433,22.418,22.456,22.464,22.41,22.449,22.449,22.449,22.472,22.433,22.464,22.433,22.441,22.456,22.449,22.464,22.425,22.41,22.402,22.394,22.371,22.41,22.387,22.41,22.387,22.387,22.402,22.418,22.41,22.449,22.402,22.464,22.464,22.441,22.433,22.371,22.387,22.41,22.394,22.425,22.402,22.41,22.402,22.433,22.41,22.433,22.418,22.449,22.464,22.464,22.464,22.464,22.464,22.441,22.503,22.503,22.472,22.441,22.495,22.464
,22.441,22.433,22.379,22.356,22.379,22.363,22.356,22.371,22.371,22.418,22.325,22.348,22.348,22.371,22.41,22.418,22.402,22.387,22.387,22.394,22.418,22.41,22.371,22.394,22.379,22.379,22.387,22.402,22.41,22.379,22.379,22.41,22.394,22.425,22.425,22.418,22.425,22.464,22.449,22.495,22.479,22.495,22.472,22.472,22.456,22.456,22.456,22.464,22.479,22.518,22.51,22.518,22.464,22.487,22.449,22.487,22.487,22.549,22.534,22.541,22.534,22.51,22.518,22.495,22.503,22.51,22.51,22.526,22.534,22.557,22.534,22.541,22.518,22.518,22.534,22.526,22.534,22.51,22.503,22.518,22.526,22.526,22.518,22.518,22.526,22.51,22.549,22.549,22.549,22.541,22.549,22.572,22.58,22.58,22.588,22.564,22.564,22.564,22.557,22.588,22.564,22.557,22.58,22.588,22.58,22.595,22.611,22.619,22.634,22.611,22.619,22.595,22.603,22.588,22.595,22.603,22.611,22.626,22.626,22.611,22.611,22.595,22.588,22.572,22.588,22.58,22.557,22.564,22.572,22.58,22.595,22.619,22.626,22.626,22.626,22.619,22.603,22.619,22.626,22.611,22.619,22.603,22.611,22.595,22.619,22.626,22.642,22.649,22.649,22.642,22.634,22.611,22.611,22.611,22.619,22.619,22.619,22.657,22.642,22.649,22.657,22.626,22.619,22.611,22.619,22.626,22.649,22.665,22.673,22.665,22.657,22.657,22.657,22.649,22.665,22.657,22.642,22.642,22.665,22.665,22.665,22.665,22.68,22.696,22.688,22.696,22.703,22.703,22.703,22.719,22.734,22.727,22.75,22.765,22.75,22.742,22.773,22.742,22.78,22.78,22.75,22.75,22.757,22.742,22.765,22.773,22.804,22.804,22.796,22.819,22.819,22.842,22.85,22.858,22.896,22.919,22.904,22.911,22.911,22.919,22.934,22.958,22.965,22.988,23.011,23.027,23.042,23.111,23.111,23.15,23.188,23.219,23.303,23.441,23.632,23.861,25.24,25.698,25.803,25.967,26.116,26.183,26.303,26.377,26.407,26.504,26.511,26.778,26.875,26.963,27.015,27.318,27.407,27.443,27.546,27.524,27.613,27.686,27.789,27.848,27.84,27.76,27.95,27.892,28.068,28.016,27.928,28.046,28.06,27.972,27.987,28.141,28.009,27.906,28.06,28.068,27.87,27.95,27.972,27.936,27.73,27.708,27.76,27.76,27.554,27.502,27.613,27.502,27.421,27.495,27.598,27.583,27.399,27.414,27.576,27.561,27.465,27.436,27.561,27.708,27.37,27.377,27.384,27.443,27.421,27.362,27.296,27.355,27.296,27.185,26.986,27.274,27.097,27.06,27.015,27.111,27.126,27.037,27.074,27.126,27.126,26.941,26.926,27.097,27.045,27.008,26.889,27,26.963,26.912,26.882,26.993,26.963,26.763,26.771,26.786,26.726,26.652,26.749,26.897,26.756,26.712,26.83,26.778,26.697,26.734,26.726,26.682,26.741,26.697,26.667,26.637,26.697,26.541,26.466,26.563,26.355,26.288,26.213,26.169,25.975,26.004,25.84,25.84,25.765,25.608,25.555,25.443,25.533,25.488,25.555,25.54,25.615,25.683,25.72,25.69,25.63,25.338,25.217,25.029,24.84,24.757,24.591,24.044,23.732,23.311,23.127,23.088,23.073,23.027,23.004,22.934,22.934,22.934,22.919,22.888,22.873,22.85,22.873,22.819,22.811,22.865,22.819,22.834,22.811,22.796,22.811,22.765,22.742,22.734,22.734,22.727,22.696,22.696,22.696,22.696,22.657,22.673,22.688,22.696,22.719,22.719,22.68,22.688,22.673,22.673,22.673,22.626,22.634,22.642,22.649,22.649,22.657,22.657,22.657,22.642,22.657,22.68,22.649,22.68,22.68,22.665,22.657,22.657,22.657,22.657,22.657,22.665,22.657,22.649,22.634,22.626,22.634,22.626,22.634,22.626,22.611,22.611,22.603,22.603,22.588,22.572,22.603,22.557,22.564,22.557,22.557,22.564,22.549,22.557,22.549,22.541,22.541,22.541,22.549,22.549,22.564,22.541,22.526,22.518,22.534,22.549,22.549,22.557,22.58,22.572,22.541,22.526,22.526,22.518,22.518,22.503,22.503,22.518,22.503,22.541,22.534,22.503,22.503,22.503,22.479,22.479,22.479,22.487,22.503,22.534,22.534,22.518,22.518,22.503,22.503,22.495,22.503,22.51,22.503,22.503,22.503,22.495,22.503,22.503,22.518,22.487,22.518,22.534,22.541,22.564,22.541,22.572,22.58,22.58,22.564,22.503,22.464,22.479,22.487,22.503,22.51,22.487,22.487,22.449,22.479,22.464,22.456,22.449,22.441,22.418,22.425,22.433,22.449,22.472,22.472,22.479,22.472,22.456,22.441,22.456,22.441,22.472,22.425,22.41,22.418,22.402,22.394,22.41,22.425,22.418,22.449,22.418,22.464,22.472,22.433,22.433,22.441,22.449,22.418,22.425,22.441,22.441,22.433,22.418,22.441,22.41,22.51,22.441,22.402,22.449,22.449,22.456,22.449,22.449,22.433,22.418,22.441,22.456,22.456,22.464,22.456,22.394,22.402,22.387,22.418,22.425,22.402,22.402,22.425,22.387,22.41,22.418,22.449,22.456,22.487,22.472,22.41,22.441,22.433,22.356,22.402,22.363,22.402,22.418,22.41,22.394,22.418,22.418,22.418,22.425,22.464,22.433,22.449,22.472,22.433,22.425,22.479,22.456,22.456,22.487,22.479,22.456,22.472,22.41
,22.472,22.425,22.387,22.387,22.371,22.371,22.363,22.394,22.387,22.387,22.356,22.348,22.371,22.387,22.41,22.387,22.418,22.387,22.433,22.387,22.418,22.402,22.402,22.394,22.394,22.402,22.394,22.41,22.371,22.379,22.394,22.379,22.41,22.402,22.441,22.449,22.425,22.456,22.456,22.456,22.479,22.479,22.487,22.479,22.479,22.464,22.464,22.487,22.487,22.503,22.51,22.549,22.51,22.479,22.503,22.534,22.518,22.534,22.518,22.534,22.534,22.526,22.518,22.526,22.51,22.503,22.526,22.51,22.534,22.549,22.526,22.541,22.518,22.541,22.534,22.526,22.526,22.518,22.495,22.534,22.534,22.51,22.541,22.534,22.557,22.557,22.557,22.541,22.526,22.541,22.572,22.572,22.58,22.588,22.58,22.572,22.572,22.549,22.588,22.557,22.572,22.572,22.572,22.58,22.58,22.595,22.603,22.603,22.619,22.619,22.611,22.603,22.603,22.588,22.595,22.603,22.619,22.619,22.626,22.626,22.603,22.611,22.619,22.595,22.595,22.588,22.572,22.572,22.557,22.58,22.588,22.603,22.626,22.634,22.634,22.634,22.611,22.634,22.619,22.619,22.611,22.611,22.603,22.619,22.619,22.634,22.642,22.657,22.642,22.642,22.634,22.626,22.619,22.595,22.619,22.619,22.626,22.657,22.665,22.665,22.642,22.642,22.626,22.619,22.626,22.626,22.642,22.657,22.657,22.665,22.657,22.657,22.657,22.657,22.665,22.665,22.657,22.665,22.649,22.665,22.673,22.673,22.68,22.688,22.68,22.688,22.711,22.711,22.703,22.719,22.734,22.742,22.765,22.757,22.78,22.757,22.757,22.757,22.765,22.788,22.78,22.773,22.773,22.757,22.773,22.78,22.796,22.796,22.804,22.842,22.842,22.858,22.865,22.881,22.911,22.904,22.934,22.942,22.927,22.95,22.965,22.973,22.981,23.004,23.019,23.034,23.073,23.088,23.134,23.226,23.265,23.349,23.372,23.747,24.341,25.142,25.57,25.907,25.952,26.154,26.206,26.295,26.355,26.511,26.481,26.63,26.66,26.778,26.889,27.104,27.119,27.318,27.392,27.569,27.576,27.635,27.716,27.76,27.862,27.796,27.877,28.038,27.965,28.031,28.134,28.082,28.053,28.207,28.082,27.884,27.994,28.192,27.95,28.031,28.082,28.119,27.95,27.972,28.068,27.98,27.811,27.76,27.928,27.745,27.465,27.627,27.767,27.664,27.539,27.524,27.657,27.635,27.48,27.591,27.598,27.694,27.539,27.429,27.583,27.657,27.495,27.362,27.465,27.51,27.436,27.421,27.296,27.34,27.333,27.148,27.141,27.215,27.215,27.097,27.06,27.126,27.156,27.082,27.045,27.104,27.037,26.926,27.045,27.074,27.097,27.037,26.956,26.986,26.993,26.904,26.934,27.045,26.912,26.793,26.778,27,26.867,26.756,26.771,26.904,26.778,26.749,27.008,27.037,26.704,26.756,26.889,26.778,26.749,26.986,26.697,26.667,26.823,26.704,26.496,26.645,26.429,26.273,26.481,26.198,26.116,26.154,26.027,25.9,25.892,25.698,25.735,25.57,25.548,25.54,25.548,25.57,25.593,25.653,25.75,25.75,25.743,25.615,25.39,25.232,25.104,25.006,24.825,24.356,24.044,23.441,23.249,23.157,23.111,23.042,23.027,22.981,22.942,22.919,22.927,22.904,22.896,22.881,22.842,22.827,22.842,22.842,22.842,22.85,22.804,22.811,22.804,22.765,22.765,22.757,22.727,22.696,22.719,22.703,22.688,22.696,22.688,22.711,22.703,22.727,22.711,22.711,22.703,22.703,22.696,22.703,22.696,22.649,22.626,22.642,22.649,22.665,22.642,22.657,22.657,22.665,22.673,22.665,22.688,22.696,22.68,22.68,22.665,22.657,22.657,22.665,22.673,22.665,22.657,22.642,22.634,22.634,22.626,22.649,22.626,22.626,22.611,22.619,22.611,22.603,22.603,22.595,22.58,22.564,22.564,22.557,22.557,22.557,22.564,22.572,22.557,22.541,22.534,22.549,22.549,22.549,22.557,22.572,22.526,22.51,22.541,22.526,22.549,22.564,22.572,22.564,22.557,22.549,22.541,22.526,22.534,22.51,22.518,22.526,22.51,22.526,22.518,22.495,22.487,22.495,22.479,22.495,22.487,22.51,22.495,22.526,22.541,22.534,22.51,22.51,22.495,22.51,22.51,22.51,22.51,22.503,22.487,22.503,22.503,22.503,22.526,22.51,22.51,22.518,22.541,22.526,22.564,22.557,22.58,22.58,22.518,22.526,22.518,22.487,22.518,22.518,22.518,22.518,22.479,22.479,22.487,22.464,22.456,22.449,22.441,22.449,22.433,22.433,22.441,22.449,22.479,22.464,22.487,22.464,22.464,22.472,22.487,22.441,22.456,22.472,22.418,22.402,22.394,22.418,22.41,22.425,22.464,22.456,22.472,22.456,22.464,22.464,22.456,22.425,22.433,22.425,22.41,22.418,22.441,22.394,22.441,22.433,22.433,22.425,22.449,22.433,22.479,22.449,22.449,22.464,22.456,22.433,22.441,22.441,22.472,22.472,22.464,22.433,22.41,22.394,22.41,22.387,22.41,22.425,22.41,22.41,22.402,22.418,22.441,22.456,22.472,22.379,22.363,22.464,22.394,22.418,22.418,22.41,22.41,22.418,22.41,22.41,22.387,22.379,22.394,22.387,22.41,22.441,22.433,22.449,22.464,22.441,22.456,22.449,22.472,22.464,22.495,22.495,22.495,22.441
,22.472,22.441,22.402,22.363,22.394,22.363,22.387,22.387,22.41,22.402,22.394,22.363,22.371,22.356,22.402,22.41,22.402,22.418,22.402,22.41,22.433,22.433,22.402,22.402,22.402,22.402,22.402,22.394,22.379,22.402,22.41,22.402,22.433,22.418,22.41,22.441,22.449,22.449,22.449,22.472,22.464,22.487,22.495,22.472,22.472,22.464,22.479,22.495,22.51,22.495,22.534,22.487,22.479,22.526,22.518,22.503,22.557,22.534,22.541,22.518,22.534,22.518,22.503,22.503,22.518,22.487,22.495,22.51,22.487,22.534,22.549,22.557,22.549,22.534,22.534,22.518,22.518,22.526,22.518,22.495,22.534,22.518,22.534,22.526,22.534,22.564,22.549,22.557,22.541,22.557,22.534,22.572,22.58,22.588,22.588,22.588,22.572,22.564,22.549,22.572,22.595,22.572,22.572,22.58,22.588,22.58,22.58,22.595,22.595,22.611,22.603,22.611,22.611,22.595,22.603,22.619,22.611,22.611,22.603,22.626,22.611,22.603,22.634,22.595,22.603,22.595,22.557,22.564,22.564,22.572,22.58,22.603,22.619,22.642,22.634,22.626,22.619,22.626,22.619,22.626,22.611,22.611,22.626,22.634,22.642,22.649,22.642,22.642,22.657,22.649,22.626,22.642,22.626,22.619,22.619,22.649,22.642,22.642,22.673,22.673,22.665,22.642,22.611,22.619,22.619,22.642,22.634,22.657,22.673,22.673,22.673,22.673,22.665,22.665,22.665,22.665,22.665,22.665,22.657,22.665,22.673,22.665,22.68,22.673,22.688,22.696,22.703,22.719,22.719,22.742,22.742,22.765,22.75,22.757,22.75,22.75,22.773,22.765,22.773,22.796,22.788,22.819,22.796,22.796,22.796,22.78,22.788,22.788,22.819,22.811,22.842,22.873,22.881,22.904,22.911,22.927,22.942,22.942,22.95,22.965,22.981,22.988,23.004,23.027,23.011,23.034,23.073,23.119,23.157,23.272,23.387,23.395,23.693,24.432,24.991,25.653,25.675,25.952,26.146,26.228,26.258,26.347,26.466,26.63,26.63,26.674,27.037,27,27.148,27.133,27.436,27.407,27.473,27.591,27.671,27.686,27.796,27.833,28.016,27.84,27.987,28.097,27.965,28.031,28.265,28.134,28.06,28.236,28.229,28.031,27.965,28.207,28.119,28.148,28.199,28.199,28.046,28.119,28.163,28.024,27.958,27.84,28.009,27.906,27.686,27.811,27.833,27.789,27.708,27.613,27.679,27.62,27.591,27.524,27.767,27.694,27.561,27.451,27.642,27.649,27.429,27.384,27.502,27.561,27.458,27.355,27.333,27.399,27.303,27.178,27.163,27.229,27.229,27.067,27.03,27.097,27.133,27.082,27.074,27.126,27.082,27.015,26.978,27.082,27.111,27.082,27.037,27.023,27.008,26.941,26.956,26.971,26.993,26.904,26.808,26.971,26.882,26.756,26.949,27.037,26.838,26.83,27.104,27.141,26.845,26.823,27.023,26.897,26.867,27.06,26.882,26.897,27.008,26.8,26.622,26.637,26.645,26.496,26.652,26.31,26.169,26.265,26.094,26.027,26.019,25.907,25.788,25.705,25.645,25.593,25.57,25.585,25.6,25.653,25.72,25.758,25.803,25.623,25.585,25.375,25.42,25.157,24.863,24.855,24.348,23.861,23.495,23.242,23.157,23.096,23.034,22.996,22.95,22.934,22.927,22.927,22.911,22.865,22.865,22.834,22.834,22.85,22.834,22.834,22.834,22.827,22.788,22.796,22.78,22.773,22.742,22.727,22.734,22.696,22.711,22.68,22.68,22.688,22.68,22.703,22.727,22.696,22.703,22.719,22.711,22.688,22.665,22.657,22.649,22.626,22.642,22.649,22.657,22.665,22.657,22.68,22.665,22.673,22.673,22.696,22.688,22.68,22.649,22.649,22.657,22.665,22.665,22.673,22.665,22.649,22.649,22.626,22.619,22.649,22.611,22.642,22.611,22.611,22.619,22.603,22.603,22.595,22.588,22.58,22.572,22.564,22.588,22.572,22.557,22.572,22.564,22.549,22.549,22.541,22.557,22.557,22.549,22.526,22.549,22.518,22.518,22.526,22.549,22.58,22.572,22.58,22.572,22.557,22.541,22.541,22.526,22.526,22.51,22.51,22.503,22.518,22.487,22.518,22.518,22.518,22.487,22.495,22.503,22.518,22.518,22.518,22.534,22.518,22.526,22.51,22.495,22.503,22.51,22.518,22.503,22.495,22.51,22.495,22.495,22.503,22.51,22.51,22.526,22.534,22.526,22.564,22.564,22.526,22.541,22.564,22.534,22.572,22.487,22.534,22.518,22.557,22.549,22.51,22.534,22.51,22.503,22.495,22.464,22.449,22.449,22.441,22.433,22.456,22.456,22.472,22.472,22.479,22.479,22.472,22.456,22.479,22.479,22.441,22.472,22.472,22.41,22.41,22.363,22.379,22.394,22.425,22.433,22.441,22.464,22.464,22.433,22.449,22.441,22.449,22.456,22.425,22.433,22.418,22.402,22.418,22.441,22.425,22.456,22.495,22.503,22.464,22.441,22.472,22.479,22.456,22.441,22.433,22.425,22.433,22.464,22.456,22.441,22.418,22.425,22.402,22.394,22.418,22.441,22.433,22.425,22.418,22.441,22.402,22.41,22.402,22.449,22.472,22.479,22.479,22.418,22.418,22.402,22.441,22.418,22.418,22.387,22.41,22.379,22.371,22.402,22.356,22.394,22.394,22.418,22.418,22.433,22.449,22.449,22.441,22.479,22.503,22.503,22.503,22.479,22.464
,22.418,22.449,22.41,22.363,22.418,22.418,22.425,22.387,22.402,22.402,22.402,22.371,22.371,22.379,22.387,22.41,22.441,22.418,22.418,22.363,22.379,22.425,22.441,22.449,22.433,22.418,22.425,22.425,22.418,22.41,22.418,22.402,22.418,22.41,22.425,22.425,22.456,22.441,22.456,22.449,22.449,22.479,22.479,22.495,22.472,22.479,22.479,22.503,22.503,22.495,22.503,22.495,22.479,22.495,22.534,22.464,22.518,22.503,22.51,22.526,22.503,22.503,22.51,22.51,22.518,22.503,22.51,22.495,22.503,22.541,22.534,22.549,22.557,22.541,22.518,22.503,22.51,22.518,22.503,22.51,22.503,22.526,22.518,22.534,22.541,22.534,22.534,22.557,22.526,22.541,22.557,22.557,22.58,22.572,22.588,22.58,22.557,22.572,22.572,22.549,22.588,22.549,22.564,22.572,22.572,22.58,22.588,22.58,22.595,22.611,22.619,22.619,22.603,22.603,22.611,22.611,22.611,22.611,22.611,22.619,22.603,22.619,22.603,22.595,22.595,22.564,22.58,22.595,22.595,22.58,22.595,22.603,22.619,22.626,22.626,22.619,22.634,22.626,22.626,22.626,22.619,22.619,22.642,22.634,22.642,22.649,22.642,22.649,22.657,22.665,22.649,22.642,22.611,22.642,22.626,22.611,22.626,22.673,22.673,22.657,22.657,22.642,22.642,22.619,22.619,22.634,22.634,22.649,22.665,22.657,22.665,22.657,22.649,22.665,22.657,22.657,22.665,22.665,22.657,22.673,22.673,22.68,22.68,22.688,22.703,22.703,22.711,22.734,22.727,22.734,22.719,22.742,22.75,22.765,22.75,22.75,22.75,22.757,22.796,22.796,22.796,22.819,22.796,22.796,22.788,22.788,22.796,22.796,22.819,22.85,22.842,22.865,22.904,22.919,22.927,22.934,22.942,22.942,22.965,22.973,22.996,23.004,23.011,23.027,23.058,23.081,23.127,23.15,23.249,23.303,23.403,23.655,24.371,24.908,25.66,25.698,25.847,25.952,26.243,26.265,26.444,26.474,26.585,26.712,26.815,26.889,27.104,26.986,27.244,27.333,27.465,27.524,27.598,27.605,27.716,27.862,27.862,28.038,28.134,27.965,28.082,28.207,28.082,28.148,28.273,28.134,28.177,28.382,28.287,28.009,28.214,28.265,28.214,28.155,28.265,28.17,28.016,28.104,28.28,28.104,27.972,28.016,28.075,27.87,27.789,27.782,27.848,27.789,27.708,27.745,27.716,27.738,27.554,27.635,27.833,27.767,27.546,27.48,27.613,27.708,27.488,27.414,27.458,27.561,27.407,27.384,27.34,27.407,27.333,27.17,27.178,27.259,27.303,27.097,27.06,27.141,27.133,27.074,27.111,27.082,27.097,27,27.03,27.067,27.104,27.111,27.015,27.023,27.015,26.919,26.926,27.037,27.067,26.926,26.882,27.023,26.963,26.845,26.838,27.089,27.045,26.912,27.111,27.222,26.867,26.845,27.104,27.104,27,27.089,27.015,26.852,27.03,26.897,26.697,26.823,26.704,26.622,26.682,26.608,26.265,26.295,26.258,26.101,26.109,25.937,25.818,25.795,25.713,25.66,25.63,25.638,25.6,25.608,25.668,25.765,25.788,25.81,25.78,25.54,25.548,25.285,25.059,24.938,24.735,24.128,23.686,23.265,23.203,23.096,23.058,23.019,22.973,22.934,22.942,22.934,22.919,22.896,22.865,22.85,22.804,22.834,22.827,22.834,22.819,22.811,22.811,22.788,22.773,22.78,22.757,22.757,22.719,22.727,22.703,22.703,22.696,22.711,22.711,22.719,22.719,22.75,22.727,22.727,22.696,22.703,22.673,22.657,22.649,22.642,22.657,22.657,22.673,22.68,22.696,22.642,22.68,22.673,22.711,22.703,22.688,22.688,22.665,22.649,22.642,22.649,22.665,22.657,22.657,22.649,22.626,22.642,22.642,22.611,22.611,22.619,22.603,22.626,22.603,22.603,22.611,22.595,22.595,22.588,22.588,22.58,22.572,22.572,22.572,22.588,22.564,22.564,22.541,22.541,22.557,22.549,22.541,22.534,22.526,22.534,22.541,22.549,22.58,22.58,22.572,22.564,22.564,22.549,22.549,22.534,22.518,22.518,22.518,22.495,22.495,22.487,22.495,22.534,22.456,22.495,22.479,22.526,22.518,22.51,22.534,22.51,22.526,22.51,22.503,22.503,22.495,22.495,22.518,22.518,22.518,22.503,22.495,22.495,22.51,22.51,22.51,22.526,22.534,22.534,22.541,22.526,22.541,22.557,22.557,22.557,22.557,22.526,22.495,22.472,22.503,22.51,22.541,22.534,22.518,22.51,22.464,22.472,22.449,22.441,22.441,22.449,22.449,22.464,22.449,22.449,22.464,22.456,22.464,22.472,22.464,22.495,22.449,22.441,22.456,22.433,22.394,22.41,22.41,22.394,22.387,22.371,22.425,22.441,22.449,22.456,22.449,22.441,22.433,22.441,22.41,22.394,22.418,22.402,22.402,22.402,22.441,22.425,22.479,22.472,22.479,22.479,22.441,22.472,22.464,22.472,22.456,22.456,22.464,22.456,22.464,22.433,22.433,22.441,22.433,22.418,22.418,22.394,22.41,22.418,22.433,22.433,22.41,22.418,22.425,22.425,22.449,22.464,22.464,22.449,22.441,22.425,22.425,22.394,22.394,22.402,22.402,22.387,22.363,22.363,22.379,22.394,22.387,22.387,22.387,22.379,22.418,22.425,22.503,22.456,22.472,22.503,22.495,22.526,22.487,22.472
,22.418,22.379,22.425,22.418,22.425,22.418,22.449,22.441,22.425,22.394,22.418,22.371,22.363,22.363,22.402,22.41,22.402,22.418,22.379,22.418,22.41,22.425,22.464,22.433,22.425,22.425,22.418,22.425,22.441,22.425,22.425,22.418,22.418,22.41,22.418,22.425,22.441,22.441,22.433,22.425,22.472,22.503,22.495,22.464,22.487,22.472,22.487,22.495,22.51,22.495,22.495,22.495,22.495,22.51,22.503,22.51,22.549,22.58,22.503,22.518,22.495,22.495,22.503,22.503,22.495,22.487,22.479,22.518,22.518,22.541,22.541,22.541,22.549,22.541,22.518,22.526,22.51,22.534,22.503,22.495,22.51,22.518,22.526,22.518,22.526,22.526,22.549,22.541,22.557,22.557,22.58,22.603,22.588,22.572,22.572,22.541,22.541,22.564,22.557,22.541,22.549,22.564,22.549,22.572,22.572,22.549,22.572,22.572,22.58,22.603,22.619,22.634,22.634,22.603,22.611,22.619,22.603,22.603,22.611,22.611,22.611,22.611,22.603,22.603,22.588,22.603,22.588,22.595,22.603,22.58,22.58,22.611,22.619,22.634,22.642,22.649,22.649,22.642,22.642,22.626,22.626,22.626,22.642,22.642,22.626,22.642,22.657,22.649,22.649,22.657,22.665,22.657,22.619,22.634,22.634,22.634,22.657,22.665,22.665,22.665,22.642,22.626,22.619,22.619,22.626,22.619,22.657,22.649,22.649,22.665,22.657,22.649,22.657,22.657,22.673,22.673,22.665,22.665,22.665,22.657,22.657,22.673,22.657,22.673,22.688,22.719,22.734,22.719,22.719,22.734,22.742,22.734,22.719,22.734,22.734,22.719,22.75,22.757,22.788,22.796,22.804,22.827,22.819,22.804,22.811,22.804,22.819,22.819,22.834,22.842,22.858,22.911,22.904,22.927,22.934,22.95,22.911,22.958,22.965,22.981,23.004,23.019,23.027,23.027,23.065,23.096,23.157,23.165,23.226,23.326,23.456,24.09,24.886,25.615,25.675,25.758,26.049,26.169,26.243,26.28,26.466,26.541,26.637,26.704,26.889,27.074,27.097,27.274,27.399,27.362,27.37,27.414,27.657,27.657,27.782,28.053,27.826,27.958,28.177,27.987,28.177,28.236,28.141,28.207,28.404,28.251,28.28,28.44,28.309,28.155,28.287,28.346,28.199,28.214,28.294,28.229,28.221,28.141,28.287,28.141,28.031,28.097,28.126,27.892,27.833,27.855,27.892,27.87,27.811,27.774,27.811,27.73,27.642,27.716,27.833,27.818,27.524,27.414,27.767,27.649,27.399,27.443,27.488,27.591,27.414,27.384,27.259,27.384,27.289,27.119,27.097,27.17,27.259,27.082,27.097,27.067,27.2,27.178,27.074,27.067,27.17,27.06,27.052,27.089,27.126,27.008,27.06,27.089,27.037,26.934,26.971,27.082,27.148,26.912,26.897,26.971,27.03,26.919,27.052,27.207,27.119,26.926,27.17,27.244,26.941,27.074,27.237,27.082,27.008,27.045,27.111,27,27.133,27.074,26.763,26.904,26.882,26.719,26.689,26.704,26.422,26.459,26.318,26.236,26.146,25.967,25.9,25.818,25.728,25.713,25.668,25.668,25.66,25.615,25.645,25.585,25.683,25.795,25.945,25.758,25.653,25.54,25.255,25.067,24.78,24.629,24.059,23.671,23.242,23.15,23.111,23.05,23.004,22.981,22.965,22.942,22.934,22.888,22.865,22.827,22.819,22.827,22.834,22.827,22.827,22.819,22.804,22.796,22.788,22.765,22.757,22.75,22.696,22.719,22.719,22.719,22.727,22.711,22.711,22.719,22.727,22.703,22.727,22.696,22.696,22.703,22.673,22.665,22.649,22.649,22.649,22.657,22.688,22.696,22.688,22.688,22.68,22.688,22.696,22.711,22.68,22.68,22.657,22.649,22.642,22.634,22.665,22.665,22.657,22.657,22.649,22.642,22.657,22.619,22.626,22.603,22.603,22.611,22.619,22.619,22.611,22.603,22.595,22.588,22.564,22.564,22.588,22.572,22.572,22.572,22.541,22.557,22.557,22.557,22.557,22.549,22.549,22.541,22.541,22.526,22.526,22.541,22.549,22.564,22.557,22.564,22.564,22.564,22.557,22.549,22.518,22.518,22.51,22.487,22.51,22.549,22.503,22.534,22.487,22.495,22.51,22.541,22.518,22.526,22.534,22.51,22.51,22.495,22.495,22.495,22.51,22.518,22.518,22.518,22.541,22.51,22.51,22.503,22.518,22.518,22.534,22.534,22.526,22.534,22.534,22.549,22.557,22.564,22.541,22.588,22.518,22.51,22.495,22.518,22.503,22.541,22.549,22.541,22.518,22.51,22.456,22.51,22.425,22.418,22.449,22.418,22.441,22.441,22.449,22.449,22.433,22.449,22.441,22.449,22.449,22.456,22.449,22.433,22.449,22.418,22.433,22.418,22.418,22.379,22.371,22.41,22.418,22.425,22.441,22.464,22.456,22.425,22.441,22.402,22.418,22.425,22.433,22.425,22.418,22.402,22.418,22.425,22.464,22.449,22.449,22.464,22.425,22.464,22.449,22.464,22.472,22.495,22.479,22.456,22.456,22.433,22.441,22.433,22.394,22.394,22.41,22.418,22.41,22.402,22.402,22.402,22.387,22.425,22.41,22.418,22.441,22.449,22.456,22.441,22.425,22.441,22.387,22.394,22.394,22.371,22.379,22.371,22.34,22.379,22.363,22.356,22.387,22.356,22.371,22.425,22.464,22.487,22.472,22.487,22.479,22.479,22.495,22.495,22.479,22.464
,22.34,22.387,22.394,22.418,22.441,22.441,22.425,22.425,22.41,22.402,22.418,22.402,22.41,22.425,22.379,22.425,22.456,22.418,22.402,22.394,22.387,22.394,22.449,22.464,22.441,22.441,22.425,22.433,22.456,22.456,22.441,22.425,22.425,22.433,22.441,22.433,22.433,22.425,22.449,22.464,22.464,22.487,22.487,22.479,22.479,22.479,22.487,22.503,22.495,22.495,22.495,22.495,22.51,22.503,22.518,22.549,22.479,22.503,22.495,22.495,22.503,22.503,22.51,22.503,22.487,22.549,22.487,22.487,22.526,22.518,22.549,22.557,22.557,22.51,22.526,22.518,22.51,22.518,22.518,22.503,22.526,22.526,22.534,22.526,22.541,22.526,22.549,22.541,22.557,22.564,22.557,22.603,22.564,22.588,22.588,22.58,22.572,22.557,22.572,22.557,22.541,22.58,22.595,22.549,22.557,22.549,22.557,22.564,22.58,22.603,22.619,22.619,22.649,22.634,22.626,22.611,22.603,22.595,22.603,22.603,22.611,22.619,22.595,22.603,22.588,22.611,22.619,22.619,22.611,22.611,22.611,22.603,22.611,22.634,22.626,22.626,22.642,22.642,22.619,22.634,22.634,22.642,22.611,22.649,22.611,22.626,22.642,22.649,22.68,22.68,22.657,22.665,22.642,22.626,22.626,22.642,22.657,22.657,22.657,22.649,22.642,22.634,22.634,22.634,22.642,22.649,22.649,22.68,22.673,22.673,22.649,22.657,22.649,22.649,22.68,22.68,22.665,22.657,22.657,22.657,22.665,22.665,22.673,22.696,22.68,22.719,22.734,22.727,22.719,22.727,22.703,22.75,22.75,22.757,22.719,22.757,22.78,22.757,22.78,22.804,22.804,22.804,22.811,22.842,22.834,22.819,22.834,22.834,22.85,22.85,22.881,22.896,22.911,22.934,22.934,22.95,22.942,22.95,22.981,23.004,23.027,23.042,23.05,23.081,23.081,23.111,23.142,23.257,23.326,23.464,23.899,24.757,25.563,25.668,25.72,25.862,26.154,26.183,26.236,26.422,26.593,26.697,26.852,26.941,27.037,27.281,27.407,27.436,27.443,27.421,27.598,27.576,27.738,27.782,27.848,28.053,28.038,28.126,28.185,28.06,28.177,28.273,28.207,28.251,28.397,28.258,28.367,28.448,28.397,28.28,28.353,28.353,28.287,28.258,28.316,28.331,28.229,28.207,28.221,28.141,28.075,28.046,28.177,27.914,27.877,27.906,27.958,27.87,27.782,27.796,27.921,27.899,27.671,27.694,27.921,27.936,27.569,27.598,27.767,27.76,27.414,27.333,27.458,27.554,27.458,27.377,27.333,27.421,27.443,27.178,27.097,27.104,27.274,27.141,27.045,27.141,27.229,27.141,27.133,27.104,27.178,27.052,26.956,26.993,27.111,27.082,27.082,27.037,27.097,26.956,26.941,26.993,27.089,26.934,27.045,27.037,27.104,26.986,27.074,27.222,27.148,27.074,27.252,27.244,27.156,27.104,27.325,27.289,27.141,27.163,27.148,27.074,27.156,27.148,26.993,26.993,26.986,26.8,26.83,26.808,26.578,26.496,26.704,26.303,26.392,26.243,25.975,26.064,25.81,25.758,25.765,25.66,25.69,25.608,25.623,25.578,25.585,25.668,25.877,25.915,25.855,25.608,25.48,25.202,25.006,24.931,24.47,24.052,23.495,23.188,23.111,23.088,23.034,23.004,22.973,22.95,22.934,22.896,22.888,22.834,22.827,22.842,22.834,22.834,22.834,22.827,22.796,22.78,22.788,22.765,22.765,22.773,22.75,22.742,22.742,22.727,22.727,22.719,22.711,22.711,22.719,22.696,22.703,22.688,22.719,22.688,22.68,22.68,22.711,22.649,22.673,22.673,22.673,22.727,22.696,22.688,22.673,22.68,22.688,22.703,22.68,22.688,22.68,22.649,22.657,22.649,22.665,22.642,22.673,22.673,22.673,22.657,22.634,22.634,22.626,22.611,22.611,22.611,22.611,22.619,22.619,22.626,22.603,22.603,22.588,22.58,22.58,22.564,22.564,22.549,22.549,22.564,22.549,22.557,22.549,22.534,22.564,22.541,22.534,22.526,22.526,22.541,22.549,22.549,22.557,22.564,22.564,22.557,22.549,22.541,22.526,22.487,22.51,22.487,22.495,22.51,22.518,22.526,22.51,22.51,22.51,22.503,22.526,22.534,22.51,22.51,22.518,22.503,22.503,22.495,22.495,22.534,22.51,22.51,22.503,22.503,22.51,22.51,22.503,22.503,22.534,22.534,22.526,22.526,22.534,22.534,22.564,22.595,22.541,22.526,22.549,22.51,22.495,22.503,22.526,22.526,22.51,22.518,22.51,22.503,22.51,22.51,22.433,22.425,22.425,22.433,22.418,22.449,22.456,22.449,22.441,22.449,22.441,22.456,22.456,22.464,22.449,22.441,22.418,22.425,22.41,22.379,22.41,22.402,22.387,22.379,22.425,22.425,22.449,22.449,22.456,22.433,22.441,22.394,22.464,22.472,22.433,22.418,22.418,22.433,22.402,22.456,22.464,22.433,22.518,22.449,22.464,22.441,22.479,22.472,22.495,22.487,22.472,22.425,22.449,22.394,22.41,22.418,22.433,22.41,22.418,22.425,22.402,22.41,22.387,22.402,22.379,22.402,22.394,22.418,22.402,22.41,22.425,22.425,22.425,22.402,22.387,22.402,22.402,22.34,22.418,22.402,22.371,22.356,22.394,22.379,22.363,22.371,22.387,22.418,22.425,22.472,22.479,22.433,22.472,22.456,22.464,22.464,22.433,22.479
,22.425,22.363,22.363,22.418,22.418,22.425,22.41,22.425,22.418,22.41,22.41,22.41,22.371,22.387,22.441,22.425,22.449,22.418,22.433,22.402,22.379,22.441,22.464,22.464,22.441,22.441,22.433,22.449,22.441,22.464,22.449,22.441,22.425,22.433,22.433,22.441,22.464,22.441,22.449,22.479,22.472,22.487,22.479,22.503,22.479,22.495,22.51,22.51,22.503,22.495,22.518,22.534,22.518,22.526,22.479,22.495,22.495,22.487,22.503,22.503,22.526,22.51,22.518,22.51,22.518,22.495,22.503,22.518,22.534,22.541,22.534,22.557,22.534,22.51,22.487,22.518,22.51,22.495,22.51,22.518,22.503,22.526,22.534,22.534,22.541,22.541,22.557,22.541,22.564,22.595,22.58,22.58,22.58,22.572,22.572,22.564,22.557,22.549,22.557,22.557,22.58,22.541,22.564,22.595,22.588,22.564,22.564,22.572,22.595,22.588,22.611,22.626,22.626,22.634,22.626,22.603,22.595,22.595,22.603,22.611,22.611,22.603,22.603,22.603,22.603,22.626,22.611,22.619,22.626,22.626,22.626,22.642,22.626,22.626,22.642,22.642,22.642,22.634,22.642,22.642,22.649,22.626,22.626,22.626,22.619,22.619,22.642,22.657,22.68,22.665,22.657,22.665,22.611,22.634,22.634,22.619,22.642,22.657,22.649,22.649,22.642,22.642,22.634,22.642,22.649,22.657,22.673,22.688,22.673,22.665,22.657,22.642,22.642,22.649,22.68,22.657,22.688,22.649,22.665,22.665,22.673,22.673,22.688,22.703,22.719,22.711,22.711,22.742,22.727,22.734,22.719,22.742,22.757,22.75,22.757,22.757,22.78,22.796,22.788,22.788,22.788,22.788,22.804,22.819,22.85,22.865,22.85,22.85,22.85,22.881,22.904,22.904,22.919,22.927,22.942,22.942,22.927,22.934,22.981,23.019,23.042,23.058,23.081,23.096,23.127,23.157,23.219,23.234,23.541,23.892,24.712,25.51,25.638,25.795,25.832,26.019,26.236,26.34,26.489,26.622,26.726,26.875,27.06,27.089,27.104,27.451,27.465,27.51,27.605,27.671,27.649,27.671,27.936,27.884,28.06,28.09,28.038,28.177,28.229,28.141,28.331,28.324,28.251,28.375,28.426,28.346,28.448,28.477,28.309,28.367,28.36,28.426,28.302,28.316,28.433,28.338,28.214,28.207,28.28,28.148,28.104,28.119,28.155,27.928,27.87,27.936,27.98,27.943,27.789,27.906,28.002,27.928,27.686,27.679,27.84,27.98,27.561,27.598,27.745,27.767,27.399,27.348,27.429,27.642,27.583,27.399,27.252,27.451,27.546,27.207,27.045,27.133,27.37,27.185,27.133,27.119,27.259,27.097,27.111,27.141,27.244,27.133,26.963,26.971,27.2,27.141,27.015,27.089,27.141,27,26.919,26.993,27.111,26.978,27.074,27.156,27.193,27.037,27.089,27.215,27.163,27.119,27.2,27.377,27.252,27.229,27.399,27.207,27.126,27.274,27.333,27.141,27.163,27.244,27.126,27.193,27.222,26.889,26.882,26.904,26.697,26.637,26.726,26.422,26.496,26.392,26.004,26.198,25.877,25.818,25.87,25.75,25.743,25.66,25.653,25.615,25.638,25.57,25.585,25.713,25.952,25.63,25.66,25.533,25.142,24.984,24.53,24.12,23.51,23.265,23.157,23.104,23.058,23.027,22.996,22.973,22.942,22.919,22.896,22.834,22.85,22.834,22.827,22.834,22.842,22.834,22.827,22.765,22.78,22.765,22.75,22.757,22.757,22.75,22.75,22.742,22.734,22.734,22.719,22.727,22.719,22.719,22.696,22.696,22.688,22.696,22.703,22.696,22.711,22.68,22.673,22.696,22.68,22.688,22.688,22.673,22.68,22.673,22.68,22.703,22.719,22.703,22.703,22.688,22.649,22.657,22.665,22.673,22.68,22.68,22.665,22.665,22.649,22.634,22.619,22.619,22.626,22.611,22.603,22.603,22.619,22.634,22.619,22.603,22.611,22.588,22.564,22.557,22.557,22.549,22.549,22.549,22.541,22.549,22.541,22.549,22.526,22.526,22.541,22.526,22.534,22.534,22.534,22.549,22.541,22.549,22.557,22.564,22.557,22.541,22.518,22.51,22.518,22.487,22.51,22.503,22.526,22.51,22.51,22.503,22.487,22.518,22.495,22.51,22.51,22.495,22.495,22.518,22.503,22.503,22.503,22.534,22.51,22.51,22.518,22.526,22.526,22.518,22.51,22.518,22.518,22.534,22.526,22.541,22.526,22.518,22.526,22.534,22.541,22.541,22.526,22.51,22.526,22.534,22.51,22.51,22.51,22.503,22.495,22.472,22.441,22.433,22.425,22.41,22.418,22.402,22.418,22.433,22.441,22.441,22.441,22.441,22.441,22.441,22.449,22.449,22.441,22.433,22.433,22.433,22.433,22.418,22.441,22.41,22.418,22.394,22.371,22.456,22.456,22.456,22.472,22.456,22.441,22.418,22.394,22.425,22.433,22.464,22.433,22.394,22.425,22.418,22.441,22.441,22.441,22.441,22.425,22.441,22.464,22.449,22.464,22.495,22.472,22.449,22.441,22.418,22.387,22.402,22.425,22.425,22.425,22.441,22.394,22.394,22.379,22.379,22.402,22.41,22.41,22.418,22.425,22.418,22.425,22.387,22.41,22.402,22.379,22.402,22.371,22.41,22.379,22.394,22.363,22.418,22.363,22.394,22.371,22.402,22.41,22.425,22.456,22.449,22.456,22.456,22.464,22.456,22.479,22.441,22.456,22.371
,22.425,22.394,22.394,22.433,22.41,22.433,22.441,22.387,22.394,22.387,22.387,22.387,22.425,22.394,22.402,22.433,22.387,22.425,22.425,22.379,22.379,22.456,22.441,22.418,22.433,22.441,22.441,22.456,22.495,22.464,22.464,22.456,22.449,22.456,22.449,22.456,22.441,22.456,22.472,22.495,22.479,22.487,22.487,22.495,22.495,22.518,22.503,22.495,22.487,22.487,22.503,22.518,22.541,22.564,22.518,22.487,22.518,22.487,22.495,22.518,22.526,22.526,22.51,22.534,22.518,22.51,22.503,22.518,22.487,22.541,22.534,22.534,22.541,22.51,22.518,22.518,22.518,22.495,22.526,22.534,22.503,22.541,22.541,22.541,22.557,22.557,22.549,22.526,22.549,22.572,22.611,22.603,22.572,22.572,22.572,22.564,22.549,22.572,22.549,22.564,22.557,22.572,22.572,22.572,22.572,22.588,22.572,22.564,22.58,22.595,22.595,22.611,22.626,22.619,22.619,22.619,22.611,22.603,22.603,22.603,22.611,22.611,22.595,22.634,22.603,22.603,22.619,22.611,22.619,22.634,22.626,22.619,22.611,22.603,22.649,22.634,22.649,22.619,22.634,22.626,22.626,22.611,22.611,22.619,22.595,22.619,22.619,22.634,22.649,22.673,22.649,22.634,22.634,22.619,22.634,22.634,22.634,22.634,22.649,22.665,22.642,22.649,22.642,22.642,22.657,22.649,22.673,22.68,22.673,22.673,22.657,22.657,22.649,22.657,22.665,22.673,22.673,22.673,22.665,22.657,22.665,22.673,22.68,22.688,22.703,22.688,22.734,22.727,22.734,22.734,22.734,22.75,22.757,22.757,22.773,22.757,22.773,22.788,22.804,22.788,22.811,22.827,22.827,22.834,22.865,22.858,22.865,22.865,22.881,22.881,22.904,22.911,22.934,22.942,22.934,22.958,22.965,22.973,23.011,23.042,23.073,23.081,23.104,23.119,23.18,23.219,23.242,23.38,23.571,24.234,25.3,25.548,25.75,25.997,25.96,26.109,26.318,26.407,26.578,26.749,26.86,27.023,27.037,27.207,27.303,27.539,27.51,27.627,27.627,27.789,27.723,27.877,28.134,27.855,28.075,28.141,28.104,28.302,28.316,28.163,28.419,28.404,28.302,28.389,28.484,28.367,28.382,28.506,28.367,28.353,28.433,28.448,28.367,28.316,28.433,28.294,28.214,28.243,28.221,28.126,28.141,28.17,28.163,27.943,27.943,27.965,28.119,27.994,27.804,27.716,27.98,27.928,27.767,27.686,27.76,27.855,27.664,27.517,27.738,27.745,27.539,27.377,27.384,27.583,27.701,27.37,27.289,27.517,27.51,27.289,27.133,27.229,27.37,27.274,27.097,27.156,27.281,27.148,27.074,27.074,27.289,27.119,27.008,26.993,27.17,27.163,26.993,26.978,27.193,27.015,26.904,26.941,27.156,27.037,26.949,27.17,27.178,27.104,27.119,27.281,27.259,27.141,27.207,27.362,27.274,27.303,27.48,27.348,27.222,27.407,27.436,27.252,27.355,27.384,27.244,27.193,27.333,27.119,27.015,27.06,26.763,26.682,26.867,26.585,26.6,26.518,26.154,26.183,26.236,25.885,25.855,25.81,25.765,25.69,25.705,25.645,25.66,25.608,25.555,25.578,25.653,25.683,25.78,25.6,25.51,25.044,24.961,24.462,24.037,23.395,23.211,23.196,23.088,23.034,23.027,22.996,22.965,22.934,22.934,22.888,22.858,22.827,22.827,22.85,22.85,22.827,22.827,22.796,22.765,22.765,22.765,22.757,22.757,22.765,22.765,22.757,22.75,22.719,22.742,22.727,22.719,22.711,22.68,22.719,22.696,22.696,22.719,22.696,22.719,22.673,22.688,22.703,22.68,22.68,22.673,22.665,22.688,22.68,22.673,22.703,22.703,22.727,22.703,22.688,22.68,22.688,22.688,22.688,22.688,22.688,22.673,22.665,22.657,22.634,22.626,22.619,22.619,22.603,22.603,22.611,22.611,22.611,22.611,22.611,22.588,22.572,22.564,22.564,22.557,22.549,22.549,22.549,22.534,22.534,22.534,22.549,22.534,22.518,22.526,22.526,22.534,22.534,22.541,22.549,22.541,22.549,22.549,22.541,22.564,22.549,22.541,22.51,22.51,22.526,22.51,22.503,22.51,22.518,22.495,22.472,22.51,22.503,22.495,22.503,22.487,22.503,22.487,22.487,22.503,22.495,22.51,22.503,22.518,22.526,22.51,22.518,22.534,22.526,22.495,22.526,22.534,22.541,22.534,22.534,22.526,22.51,22.526,22.518,22.503,22.518,22.526,22.526,22.541,22.541,22.534,22.526,22.51,22.503,22.495,22.472,22.472,22.433,22.418,22.418,22.402,22.394,22.418,22.425,22.433,22.449,22.441,22.449,22.449,22.449,22.449,22.441,22.441,22.425,22.433,22.425,22.433,22.456,22.41,22.41,22.449,22.449,22.472,22.464,22.456,22.449,22.449,22.41,22.464,22.433,22.464,22.464,22.418,22.464,22.433,22.433,22.394,22.472,22.425,22.433,22.41,22.418,22.402,22.418,22.433,22.464,22.472,22.487,22.441,22.433,22.418,22.418,22.394,22.41,22.402,22.402,22.418,22.441,22.433,22.433,22.387,22.387,22.394,22.394,22.41,22.418,22.41,22.394,22.394,22.371,22.402,22.402,22.402,22.379,22.371,22.394,22.402,22.418,22.425,22.379,22.371,22.402,22.387,22.418,22.41,22.464,22.441,22.456,22.479,22.464,22.441,22.487,22.495,22.479,22.433,22.526
,22.425,22.418,22.425,22.418,22.425,22.418,22.387,22.387,22.387,22.379,22.387,22.418,22.418,22.387,22.402,22.425,22.441,22.41,22.394,22.425,22.394,22.433,22.41,22.425,22.394,22.425,22.41,22.449,22.456,22.464,22.479,22.472,22.464,22.456,22.464,22.456,22.456,22.456,22.464,22.464,22.487,22.487,22.472,22.479,22.495,22.495,22.487,22.487,22.495,22.495,22.534,22.518,22.557,22.549,22.503,22.51,22.503,22.487,22.51,22.526,22.534,22.541,22.557,22.549,22.518,22.526,22.503,22.534,22.534,22.526,22.534,22.534,22.518,22.541,22.526,22.526,22.518,22.518,22.526,22.541,22.534,22.541,22.549,22.549,22.564,22.58,22.557,22.572,22.572,22.572,22.557,22.588,22.595,22.588,22.58,22.564,22.564,22.572,22.564,22.564,22.572,22.572,22.588,22.58,22.588,22.588,22.603,22.603,22.611,22.603,22.595,22.603,22.611,22.619,22.619,22.619,22.611,22.611,22.619,22.611,22.603,22.611,22.611,22.634,22.619,22.649,22.626,22.611,22.626,22.626,22.634,22.626,22.626,22.642,22.595,22.649,22.619,22.626,22.665,22.626,22.626,22.626,22.619,22.611,22.611,22.611,22.619,22.595,22.642,22.657,22.642,22.642,22.649,22.642,22.626,22.649,22.649,22.657,22.673,22.673,22.649,22.649,22.642,22.649,22.657,22.665,22.665,22.68,22.68,22.68,22.665,22.665,22.657,22.665,22.665,22.673,22.688,22.673,22.673,22.673,22.665,22.665,22.68,22.68,22.673,22.649,22.75,22.734,22.742,22.742,22.742,22.765,22.773,22.757,22.757,22.796,22.788,22.788,22.796,22.796,22.796,22.819,22.819,22.834,22.858,22.881,22.873,22.881,22.881,22.881,22.904,22.919,22.942,22.942,22.958,22.958,22.981,23.011,23.019,23.058,23.081,23.119,23.15,23.15,23.219,23.249,23.311,23.602,24.173,25.021,25.615,25.818,25.96,26.019,26.161,26.236,26.325,26.63,26.63,26.838,27.148,27.133,27.252,27.443,27.473,27.51,27.517,27.613,27.649,27.804,27.855,27.914,28.155,28.002,28.141,28.229,28.155,28.404,28.367,28.324,28.419,28.397,28.324,28.44,28.44,28.448,28.521,28.535,28.426,28.404,28.477,28.448,28.389,28.338,28.513,28.338,28.185,28.236,28.265,28.141,28.134,28.126,28.134,27.965,27.928,27.95,28.082,27.958,27.811,27.745,27.943,27.862,27.767,27.723,27.848,27.928,27.642,27.554,27.796,27.848,27.546,27.414,27.436,27.738,27.767,27.399,27.333,27.539,27.583,27.34,27.259,27.377,27.473,27.333,27.163,27.303,27.414,27.325,27.133,27.178,27.222,27.215,27.082,27,27.148,27.104,27.037,27.052,27.207,27.023,26.919,26.956,27.185,27.067,26.934,27.17,27.215,27.156,27.193,27.266,27.325,27.222,27.281,27.51,27.37,27.259,27.465,27.355,27.392,27.414,27.458,27.355,27.34,27.576,27.333,27.311,27.488,27.303,27.141,27.222,27.008,26.986,27.104,26.704,26.6,26.608,26.273,26.258,26.295,25.982,25.907,25.855,25.818,25.743,25.743,25.713,25.698,25.698,25.57,25.533,25.563,25.578,25.72,25.735,25.6,25.54,25.059,24.961,24.272,23.663,23.319,23.196,23.104,23.081,23.034,23.004,22.981,22.95,22.942,22.888,22.873,22.865,22.842,22.873,22.881,22.858,22.819,22.796,22.765,22.765,22.773,22.765,22.773,22.78,22.757,22.765,22.734,22.742,22.734,22.734,22.719,22.719,22.742,22.742,22.696,22.719,22.734,22.727,22.696,22.703,22.696,22.696,22.68,22.673,22.688,22.665,22.673,22.688,22.68,22.696,22.703,22.727,22.696,22.673,22.688,22.688,22.68,22.696,22.688,22.68,22.68,22.673,22.657,22.642,22.642,22.634,22.619,22.626,22.626,22.619,22.603,22.603,22.611,22.588,22.595,22.588,22.572,22.564,22.557,22.557,22.557,22.541,22.541,22.518,22.518,22.526,22.526,22.518,22.526,22.534,22.534,22.534,22.541,22.541,22.534,22.534,22.557,22.541,22.557,22.549,22.518,22.534,22.518,22.495,22.51,22.51,22.503,22.51,22.487,22.495,22.487,22.495,22.495,22.495,22.495,22.487,22.495,22.495,22.472,22.495,22.503,22.487,22.503,22.495,22.518,22.518,22.534,22.534,22.487,22.557,22.51,22.51,22.518,22.503,22.487,22.495,22.495,22.503,22.495,22.51,22.51,22.503,22.541,22.541,22.526,22.526,22.518,22.51,22.495,22.487,22.464,22.464,22.464,22.41,22.41,22.418,22.425,22.433,22.441,22.449,22.449,22.464,22.464,22.456,22.456,22.441,22.441,22.402,22.425,22.441,22.441,22.418,22.433,22.433,22.418,22.464,22.441,22.464,22.464,22.441,22.464,22.464,22.472,22.449,22.441,22.425,22.456,22.418,22.433,22.449,22.425,22.402,22.41,22.433,22.418,22.41,22.402,22.402,22.456,22.464,22.479,22.472,22.449,22.441,22.433,22.41,22.387,22.371,22.402,22.394,22.425,22.425,22.441,22.41,22.41,22.379,22.387,22.402,22.41,22.418,22.394,22.402,22.379,22.433,22.379,22.363,22.379,22.394,22.379,22.394,22.402,22.402,22.433,22.371,22.402,22.371,22.371,22.425,22.41,22.433,22.433,22.441,22.425,22.433,22.472,22.472,22.472,22.503,22.495,22.495
,22.433,22.441,22.394,22.441,22.441,22.425,22.418,22.387,22.418,22.387,22.41,22.402,22.379,22.418,22.418,22.425,22.425,22.441,22.394,22.387,22.418,22.379,22.402,22.394,22.418,22.402,22.433,22.449,22.449,22.441,22.464,22.456,22.479,22.487,22.472,22.472,22.464,22.472,22.456,22.449,22.456,22.472,22.479,22.472,22.487,22.503,22.534,22.51,22.479,22.479,22.526,22.503,22.526,22.518,22.518,22.51,22.51,22.51,22.518,22.541,22.534,22.549,22.572,22.549,22.549,22.541,22.541,22.526,22.534,22.541,22.534,22.549,22.541,22.549,22.564,22.549,22.549,22.541,22.526,22.518,22.518,22.51,22.557,22.541,22.549,22.541,22.564,22.572,22.534,22.58,22.588,22.572,22.549,22.588,22.557,22.564,22.557,22.572,22.549,22.564,22.564,22.572,22.58,22.588,22.588,22.595,22.603,22.611,22.603,22.603,22.595,22.603,22.611,22.603,22.611,22.611,22.634,22.603,22.634,22.619,22.619,22.619,22.611,22.634,22.619,22.588,22.611,22.634,22.626,22.626,22.642,22.619,22.634,22.611,22.634,22.642,22.619,22.619,22.634,22.626,22.619,22.619,22.619,22.626,22.619,22.58,22.634,22.642,22.649,22.626,22.673,22.642,22.649,22.626,22.619,22.634,22.665,22.657,22.642,22.673,22.665,22.665,22.642,22.642,22.649,22.657,22.673,22.68,22.68,22.657,22.673,22.657,22.665,22.688,22.68,22.688,22.68,22.68,22.649,22.673,22.673,22.68,22.665,22.688,22.696,22.719,22.742,22.75,22.75,22.757,22.742,22.765,22.78,22.796,22.788,22.796,22.804,22.804,22.811,22.819,22.827,22.842,22.834,22.85,22.842,22.873,22.881,22.873,22.904,22.904,22.904,22.942,22.958,22.965,22.988,23.019,23.027,23.042,23.065,23.065,23.096,23.134,23.196,23.18,23.242,23.272,23.449,23.808,24.863,25.368,25.735,25.982,26.019,26.072,26.087,26.265,26.474,26.66,26.712,26.815,27.111,27.193,27.407,27.473,27.532,27.524,27.62,27.686,27.774,27.862,27.892,27.958,28.046,28.09,28.236,28.258,28.192,28.36,28.258,28.331,28.557,28.426,28.426,28.499,28.419,28.419,28.47,28.506,28.506,28.484,28.506,28.36,28.411,28.426,28.389,28.251,28.163,28.302,28.199,28.068,28.075,28.177,28.141,28.075,27.936,27.921,28.126,28.097,27.928,27.767,27.972,28.038,27.804,27.84,27.855,27.95,27.701,27.657,27.833,27.862,27.605,27.473,27.627,27.818,27.826,27.495,27.451,27.657,27.679,27.399,27.281,27.443,27.576,27.465,27.34,27.377,27.502,27.407,27.215,27.17,27.458,27.266,27.111,27.111,27.215,27.141,27.052,27.06,27.104,27.03,26.993,26.963,27.222,27.097,26.941,27.148,27.244,27.215,27.237,27.311,27.348,27.289,27.296,27.539,27.51,27.311,27.443,27.569,27.436,27.51,27.532,27.414,27.502,27.752,27.34,27.318,27.598,27.355,27.229,27.362,27.133,27.097,27.252,26.793,26.838,26.786,26.407,26.399,26.265,25.989,26.072,25.975,25.803,25.892,25.81,25.78,25.773,25.78,25.645,25.57,25.518,25.585,25.563,25.668,25.653,25.518,25.578,25.067,24.795,23.938,23.441,23.211,23.111,23.104,23.034,23.027,22.988,22.965,22.95,22.934,22.896,22.865,22.896,22.888,22.896,22.873,22.873,22.811,22.796,22.78,22.78,22.78,22.773,22.773,22.773,22.765,22.765,22.734,22.734,22.711,22.719,22.719,22.711,22.719,22.734,22.757,22.742,22.719,22.727,22.68,22.703,22.696,22.68,22.688,22.673,22.673,22.68,22.688,22.688,22.696,22.711,22.696,22.727,22.688,22.696,22.696,22.688,22.696,22.703,22.696,22.68,22.665,22.657,22.649,22.642,22.649,22.642,22.626,22.619,22.619,22.611,22.595,22.58,22.595,22.572,22.58,22.58,22.557,22.58,22.557,22.549,22.534,22.518,22.518,22.526,22.518,22.526,22.534,22.526,22.526,22.541,22.549,22.549,22.557,22.541,22.541,22.541,22.541,22.564,22.572,22.534,22.549,22.541,22.534,22.518,22.51,22.495,22.487,22.487,22.495,22.518,22.503,22.503,22.495,22.503,22.503,22.495,22.503,22.479,22.51,22.495,22.51,22.518,22.495,22.503,22.51,22.526,22.534,22.526,22.51,22.557,22.541,22.495,22.518,22.495,22.472,22.503,22.503,22.503,22.51,22.51,22.526,22.534,22.541,22.534,22.526,22.518,22.51,22.503,22.495,22.456,22.441,22.441,22.433,22.441,22.425,22.449,22.449,22.456,22.456,22.472,22.464,22.464,22.464,22.449,22.441,22.41,22.433,22.418,22.433,22.441,22.418,22.379,22.371,22.433,22.402,22.449,22.449,22.464,22.449,22.425,22.464,22.433,22.449,22.441,22.433,22.456,22.456,22.456,22.425,22.41,22.425,22.418,22.41,22.425,22.418,22.425,22.433,22.464,22.456,22.464,22.472,22.441,22.449,22.402,22.402,22.371,22.402,22.402,22.472,22.425,22.433,22.433,22.425,22.456,22.394,22.394,22.41,22.402,22.41,22.402,22.379,22.371,22.348,22.356,22.363,22.371,22.379,22.41,22.402,22.425,22.394,22.394,22.379,22.402,22.387,22.394,22.402,22.418,22.433,22.441,22.441,22.456,22.456,22.472,22.487,22.479,22.487,22.503,22.503
,22.449,22.464,22.479,22.456,22.425,22.425,22.433,22.394,22.394,22.402,22.371,22.433,22.394,22.402,22.394,22.41,22.402,22.425,22.418,22.418,22.371,22.387,22.402,22.41,22.418,22.41,22.402,22.425,22.449,22.449,22.479,22.472,22.479,22.472,22.472,22.472,22.464,22.464,22.456,22.449,22.449,22.449,22.456,22.479,22.472,22.472,22.479,22.487,22.479,22.487,22.479,22.495,22.495,22.503,22.495,22.503,22.518,22.518,22.534,22.549,22.534,22.534,22.557,22.518,22.58,22.541,22.534,22.526,22.526,22.557,22.526,22.526,22.549,22.564,22.557,22.549,22.541,22.564,22.541,22.526,22.518,22.518,22.503,22.541,22.541,22.557,22.557,22.557,22.572,22.564,22.572,22.58,22.588,22.564,22.588,22.588,22.572,22.572,22.549,22.564,22.572,22.572,22.588,22.58,22.611,22.595,22.603,22.603,22.603,22.603,22.603,22.611,22.588,22.603,22.595,22.626,22.634,22.634,22.634,22.634,22.626,22.626,22.634,22.626,22.649,22.588,22.634,22.642,22.634,22.626,22.626,22.626,22.626,22.619,22.626,22.603,22.634,22.611,22.619,22.603,22.619,22.619,22.611,22.619,22.611,22.634,22.619,22.611,22.619,22.634,22.649,22.673,22.649,22.657,22.657,22.634,22.649,22.649,22.688,22.665,22.665,22.649,22.665,22.634,22.642,22.657,22.673,22.68,22.68,22.665,22.673,22.68,22.688,22.703,22.696,22.688,22.688,22.657,22.665,22.665,22.657,22.688,22.68,22.68,22.688,22.734,22.75,22.75,22.742,22.75,22.75,22.765,22.78,22.804,22.811,22.811,22.827,22.827,22.811,22.834,22.842,22.858,22.858,22.858,22.904,22.865,22.881,22.881,22.911,22.927,22.934,22.958,22.988,22.996,23.034,23.034,23.058,23.081,23.088,23.096,23.127,23.157,23.226,23.257,23.364,23.38,23.755,24.211,25.375,25.75,25.825,25.967,25.982,26.079,26.176,26.392,26.563,26.719,26.823,26.904,27.237,27.281,27.421,27.436,27.576,27.576,27.686,27.679,27.796,27.943,27.928,28.068,28.112,28.112,28.397,28.221,28.324,28.455,28.338,28.375,28.564,28.419,28.484,28.564,28.462,28.44,28.572,28.506,28.499,28.462,28.477,28.404,28.353,28.404,28.404,28.221,28.148,28.331,28.265,28.06,27.994,28.17,28.141,27.936,27.899,28.126,28.324,28.075,28.002,27.877,28.016,27.965,27.87,27.965,27.98,27.965,27.752,27.796,27.884,27.943,27.627,27.532,27.649,28.024,27.804,27.51,27.502,27.752,27.73,27.443,27.421,27.576,27.569,27.377,27.429,27.34,27.554,27.532,27.458,27.392,27.554,27.429,27.178,27.193,27.2,27.193,27.067,27.104,27.156,27.126,27.104,26.993,27.126,27.119,27.015,27.163,27.229,27.156,27.17,27.333,27.362,27.303,27.311,27.554,27.539,27.51,27.583,27.635,27.569,27.51,27.664,27.429,27.613,27.789,27.488,27.318,27.804,27.554,27.237,27.598,27.244,27.207,27.2,26.956,26.845,26.904,26.6,26.556,26.593,26.079,26.139,26.213,25.93,25.9,25.847,25.825,25.788,25.78,25.743,25.69,25.593,25.6,25.555,25.563,25.638,25.6,25.54,25.24,25.021,24.47,23.602,23.326,23.211,23.111,23.058,23.034,23.019,22.965,22.965,22.95,22.934,22.934,22.896,22.888,22.904,22.881,22.865,22.842,22.811,22.788,22.804,22.788,22.796,22.78,22.765,22.757,22.75,22.742,22.734,22.734,22.75,22.719,22.742,22.727,22.734,22.75,22.742,22.734,22.696,22.711,22.703,22.711,22.673,22.68,22.688,22.688,22.688,22.703,22.703,22.719,22.719,22.673,22.68,22.68,22.696,22.696,22.703,22.703,22.703,22.696,22.673,22.673,22.649,22.665,22.657,22.665,22.657,22.642,22.634,22.619,22.603,22.588,22.588,22.58,22.58,22.564,22.58,22.58,22.572,22.572,22.557,22.541,22.51,22.518,22.526,22.518,22.534,22.518,22.526,22.541,22.541,22.549,22.541,22.564,22.541,22.549,22.549,22.549,22.564,22.526,22.549,22.557,22.51,22.541,22.495,22.503,22.495,22.479,22.51,22.495,22.503,22.51,22.51,22.503,22.495,22.495,22.495,22.487,22.495,22.479,22.503,22.495,22.495,22.495,22.518,22.526,22.534,22.549,22.549,22.51,22.549,22.518,22.518,22.495,22.503,22.51,22.503,22.51,22.51,22.518,22.526,22.534,22.534,22.534,22.534,22.526,22.518,22.518,22.495,22.487,22.456,22.472,22.464,22.456,22.449,22.441,22.456,22.464,22.464,22.472,22.472,22.472,22.472,22.472,22.479,22.464,22.441,22.41,22.402,22.394,22.41,22.433,22.41,22.41,22.418,22.449,22.456,22.425,22.449,22.425,22.425,22.387,22.402,22.441,22.418,22.441,22.433,22.425,22.441,22.402,22.402,22.371,22.433,22.394,22.402,22.433,22.441,22.433,22.456,22.456,22.464,22.472,22.449,22.449,22.41,22.41,22.41,22.402,22.418,22.418,22.464,22.433,22.433,22.418,22.425,22.379,22.394,22.402,22.402,22.402,22.394,22.379,22.379,22.348,22.379,22.379,22.363,22.394,22.394,22.387,22.402,22.41,22.379,22.387,22.402,22.425,22.379,22.394,22.425,22.433,22.464,22.449,22.464,22.472,22.487,22.495,22.464,22.487,22.51,22.518
,22.456,22.495,22.348,22.433,22.441,22.433,22.418,22.425,22.41,22.394,22.387,22.394,22.402,22.394,22.433,22.425,22.425,22.441,22.441,22.425,22.425,22.425,22.425,22.418,22.433,22.425,22.425,22.425,22.449,22.449,22.464,22.495,22.456,22.472,22.479,22.472,22.456,22.456,22.433,22.441,22.433,22.441,22.464,22.472,22.479,22.472,22.503,22.534,22.487,22.503,22.487,22.472,22.51,22.464,22.503,22.503,22.51,22.534,22.541,22.526,22.557,22.541,22.541,22.534,22.549,22.549,22.541,22.564,22.549,22.541,22.534,22.534,22.549,22.549,22.557,22.557,22.549,22.549,22.534,22.541,22.526,22.503,22.549,22.549,22.58,22.572,22.557,22.58,22.557,22.572,22.588,22.541,22.572,22.595,22.58,22.58,22.557,22.557,22.557,22.564,22.572,22.58,22.58,22.595,22.595,22.595,22.588,22.595,22.603,22.603,22.611,22.603,22.619,22.603,22.619,22.626,22.634,22.626,22.634,22.626,22.619,22.626,22.626,22.642,22.634,22.642,22.642,22.657,22.634,22.626,22.619,22.619,22.626,22.642,22.588,22.634,22.642,22.619,22.626,22.611,22.611,22.611,22.611,22.619,22.619,22.603,22.634,22.626,22.619,22.649,22.673,22.673,22.688,22.626,22.626,22.642,22.642,22.642,22.711,22.68,22.673,22.665,22.642,22.642,22.657,22.665,22.688,22.665,22.68,22.68,22.673,22.696,22.696,22.703,22.703,22.696,22.673,22.665,22.673,22.665,22.673,22.688,22.703,22.703,22.75,22.742,22.75,22.75,22.742,22.742,22.742,22.765,22.796,22.788,22.819,22.827,22.819,22.834,22.842,22.85,22.865,22.858,22.873,22.904,22.919,22.881,22.927,22.911,22.919,22.942,22.965,22.965,22.996,23.019,23.05,23.065,23.073,23.088,23.081,23.119,23.142,23.165,23.226,23.288,23.357,23.602,24.386,25.338,25.773,25.84,25.862,25.997,26.087,26.228,26.333,26.452,26.533,26.697,26.815,27.067,27.2,27.289,27.392,27.436,27.569,27.642,27.767,27.796,27.877,27.943,28.002,28.126,28.112,28.163,28.411,28.353,28.455,28.506,28.375,28.462,28.623,28.433,28.448,28.543,28.44,28.484,28.543,28.492,28.397,28.448,28.513,28.346,28.28,28.353,28.346,28.141,28.09,28.346,28.28,28.002,28.016,28.221,28.126,27.98,27.877,28.038,28.177,27.965,28.009,28.038,28.038,27.98,27.972,27.877,27.862,28.009,27.833,27.76,27.892,27.95,27.642,27.62,27.745,27.87,27.987,27.598,27.569,27.745,27.738,27.51,27.561,27.554,27.598,27.554,27.51,27.399,27.635,27.576,27.436,27.303,27.62,27.613,27.311,27.193,27.296,27.222,27.104,27.111,27.185,27.2,27.074,27.089,27.141,27.207,27.163,27.163,27.244,27.2,27.163,27.318,27.362,27.325,27.333,27.613,27.554,27.546,27.657,27.767,27.627,27.583,27.76,27.546,27.679,27.877,27.62,27.583,27.84,27.598,27.451,27.62,27.244,27.259,27.495,27.252,27.052,27.185,26.793,26.593,26.712,26.161,26.139,26.206,25.96,25.945,25.907,25.84,25.855,25.84,25.87,25.945,25.72,25.645,25.683,25.525,25.503,25.578,25.525,25.39,25.089,24.492,24.082,23.288,23.18,23.142,23.065,23.065,23.027,22.973,22.988,22.95,22.934,22.934,22.934,22.911,22.911,22.888,22.873,22.85,22.834,22.811,22.804,22.804,22.796,22.78,22.765,22.75,22.742,22.75,22.765,22.742,22.765,22.757,22.757,22.757,22.742,22.757,22.742,22.727,22.703,22.719,22.696,22.696,22.688,22.68,22.688,22.696,22.696,22.711,22.703,22.711,22.719,22.711,22.703,22.696,22.68,22.696,22.696,22.688,22.696,22.68,22.68,22.68,22.673,22.665,22.68,22.673,22.657,22.665,22.649,22.619,22.611,22.603,22.588,22.588,22.603,22.58,22.58,22.58,22.572,22.572,22.564,22.541,22.534,22.526,22.51,22.51,22.534,22.541,22.526,22.534,22.534,22.534,22.541,22.541,22.541,22.549,22.557,22.541,22.549,22.564,22.526,22.549,22.549,22.51,22.51,22.503,22.487,22.503,22.51,22.51,22.51,22.503,22.51,22.518,22.518,22.51,22.495,22.503,22.51,22.479,22.503,22.487,22.51,22.503,22.51,22.51,22.51,22.487,22.526,22.549,22.541,22.534,22.495,22.518,22.518,22.51,22.534,22.526,22.534,22.526,22.534,22.534,22.534,22.518,22.526,22.526,22.503,22.51,22.487,22.503,22.456,22.472,22.433,22.479,22.472,22.464,22.472,22.464,22.487,22.472,22.472,22.472,22.456,22.472,22.472,22.472,22.441,22.433,22.41,22.433,22.441,22.418,22.387,22.41,22.41,22.425,22.433,22.425,22.441,22.402,22.425,22.425,22.433,22.425,22.433,22.425,22.441,22.449,22.418,22.418,22.387,22.41,22.387,22.394,22.394,22.441,22.456,22.433,22.441,22.449,22.456,22.425,22.456,22.495,22.402,22.418,22.41,22.402,22.418,22.449,22.456,22.464,22.472,22.418,22.41,22.394,22.394,22.394,22.402,22.394,22.387,22.379,22.356,22.363,22.371,22.387,22.387,22.371,22.394,22.387,22.387,22.379,22.394,22.379,22.379,22.433,22.418,22.449,22.418,22.425,22.433,22.441,22.449,22.479,22.433,22.487,22.487,22.472,22.487,22.503
,22.518,22.456,22.449,22.479,22.433,22.433,22.449,22.425,22.41,22.394,22.379,22.379,22.41,22.418,22.425,22.441,22.433,22.425,22.418,22.41,22.433,22.433,22.441,22.449,22.449,22.433,22.456,22.441,22.433,22.418,22.487,22.433,22.479,22.464,22.472,22.472,22.456,22.441,22.433,22.433,22.441,22.472,22.487,22.472,22.518,22.487,22.503,22.518,22.487,22.479,22.464,22.479,22.472,22.479,22.503,22.518,22.534,22.549,22.557,22.557,22.541,22.526,22.526,22.518,22.534,22.534,22.534,22.541,22.541,22.541,22.58,22.572,22.557,22.557,22.557,22.557,22.549,22.549,22.526,22.526,22.51,22.51,22.518,22.541,22.564,22.58,22.557,22.564,22.557,22.541,22.518,22.541,22.564,22.557,22.58,22.541,22.534,22.564,22.557,22.557,22.564,22.564,22.58,22.588,22.58,22.58,22.588,22.595,22.588,22.603,22.603,22.611,22.572,22.626,22.626,22.626,22.626,22.642,22.642,22.626,22.634,22.619,22.619,22.603,22.626,22.626,22.626,22.634,22.634,22.634,22.611,22.642,22.619,22.657,22.634,22.619,22.665,22.619,22.626,22.619,22.603,22.611,22.611,22.619,22.626,22.626,22.634,22.634,22.642,22.642,22.642,22.665,22.634,22.673,22.634,22.665,22.665,22.657,22.688,22.657,22.711,22.665,22.634,22.642,22.673,22.68,22.688,22.703,22.696,22.688,22.696,22.696,22.711,22.711,22.703,22.696,22.68,22.68,22.68,22.673,22.696,22.688,22.734,22.734,22.742,22.742,22.75,22.75,22.75,22.757,22.773,22.78,22.796,22.804,22.85,22.834,22.827,22.827,22.858,22.865,22.865,22.888,22.888,22.904,22.934,22.888,22.904,22.942,22.919,22.973,22.996,23.011,23.027,23.042,23.073,23.081,23.096,23.104,23.134,23.127,23.165,23.249,23.319,23.319,23.502,23.922,24.991,25.758,25.847,25.892,25.997,26.027,26.146,26.333,26.444,26.615,26.667,26.845,26.926,27.074,27.237,27.311,27.289,27.48,27.583,27.708,27.899,27.84,27.943,28.009,28.06,28.141,28.126,28.229,28.448,28.411,28.47,28.484,28.419,28.477,28.572,28.426,28.448,28.579,28.375,28.404,28.528,28.477,28.338,28.492,28.543,28.273,28.258,28.309,28.287,28.141,28.148,28.331,28.331,28.06,28.031,28.17,28.243,27.943,27.877,28.119,28.316,28.038,28.016,28.024,28.09,28.038,27.877,27.87,27.972,28.287,27.87,27.87,27.884,27.936,27.818,27.627,27.657,28.046,28.031,27.686,27.671,27.921,27.87,27.708,27.591,27.664,27.818,27.532,27.532,27.502,27.679,27.591,27.48,27.517,27.605,27.517,27.333,27.244,27.37,27.259,27.207,27.193,27.215,27.266,27.074,27.067,27.207,27.281,27.185,27.178,27.259,27.229,27.325,27.333,27.399,27.333,27.362,27.591,27.635,27.635,27.649,27.804,27.591,27.708,27.848,27.76,27.738,27.906,27.671,27.686,27.98,27.716,27.701,27.76,27.605,27.502,27.546,27.362,27.104,27.281,26.867,26.852,26.845,26.466,26.496,26.347,26.124,26.116,25.952,25.915,25.9,25.862,25.945,25.922,25.9,25.862,25.72,25.585,25.518,25.495,25.48,25.45,25.104,24.931,24.507,23.349,23.242,23.165,23.104,23.042,23.011,22.988,22.965,22.965,22.965,22.95,22.934,22.919,22.927,22.896,22.888,22.873,22.858,22.85,22.827,22.834,22.811,22.796,22.765,22.765,22.773,22.804,22.788,22.765,22.765,22.75,22.757,22.757,22.765,22.757,22.719,22.765,22.742,22.734,22.711,22.688,22.703,22.688,22.696,22.703,22.703,22.719,22.727,22.711,22.719,22.711,22.703,22.696,22.688,22.688,22.68,22.68,22.688,22.688,22.696,22.688,22.68,22.665,22.673,22.68,22.68,22.657,22.642,22.634,22.619,22.603,22.634,22.595,22.611,22.595,22.588,22.58,22.588,22.588,22.557,22.557,22.549,22.534,22.51,22.534,22.503,22.534,22.51,22.526,22.534,22.51,22.541,22.541,22.572,22.564,22.564,22.541,22.564,22.541,22.534,22.549,22.534,22.526,22.518,22.518,22.51,22.495,22.51,22.51,22.503,22.534,22.541,22.518,22.526,22.51,22.518,22.503,22.503,22.518,22.518,22.534,22.549,22.503,22.51,22.479,22.495,22.479,22.534,22.534,22.549,22.526,22.51,22.518,22.518,22.526,22.541,22.541,22.557,22.557,22.564,22.534,22.549,22.526,22.51,22.51,22.503,22.495,22.472,22.472,22.464,22.425,22.464,22.472,22.487,22.503,22.464,22.479,22.456,22.472,22.479,22.449,22.464,22.456,22.464,22.495,22.472,22.441,22.418,22.418,22.425,22.418,22.41,22.425,22.433,22.441,22.464,22.441,22.449,22.41,22.402,22.425,22.418,22.433,22.418,22.41,22.433,22.418,22.441,22.425,22.41,22.394,22.402,22.41,22.449,22.441,22.425,22.433,22.41,22.394,22.425,22.433,22.425,22.433,22.441,22.425,22.41,22.441,22.425,22.441,22.449,22.441,22.449,22.425,22.41,22.402,22.402,22.449,22.402,22.433,22.379,22.371,22.379,22.379,22.371,22.387,22.402,22.41,22.41,22.363,22.379,22.371,22.394,22.418,22.371,22.418,22.433,22.441,22.433,22.464,22.464,22.464,22.464,22.433,22.449,22.456,22.433,22.472,22.487,22.487
,22.51,22.472,22.495,22.456,22.441,22.441,22.418,22.41,22.394,22.402,22.387,22.371,22.402,22.441,22.433,22.402,22.433,22.425,22.441,22.441,22.441,22.449,22.441,22.441,22.449,22.449,22.425,22.433,22.464,22.464,22.449,22.472,22.464,22.464,22.456,22.472,22.456,22.441,22.441,22.425,22.41,22.425,22.487,22.479,22.487,22.487,22.51,22.518,22.51,22.503,22.487,22.472,22.479,22.495,22.503,22.495,22.51,22.549,22.549,22.526,22.549,22.549,22.51,22.526,22.518,22.534,22.549,22.557,22.549,22.549,22.557,22.541,22.541,22.549,22.541,22.541,22.549,22.526,22.534,22.526,22.526,22.534,22.541,22.557,22.564,22.572,22.564,22.572,22.557,22.541,22.557,22.549,22.534,22.541,22.557,22.572,22.541,22.557,22.557,22.557,22.557,22.557,22.58,22.58,22.572,22.572,22.572,22.58,22.588,22.603,22.603,22.611,22.611,22.603,22.619,22.634,22.626,22.626,22.619,22.619,22.619,22.619,22.611,22.611,22.619,22.634,22.619,22.626,22.626,22.619,22.626,22.619,22.619,22.68,22.649,22.626,22.649,22.634,22.634,22.634,22.595,22.626,22.611,22.611,22.619,22.634,22.626,22.626,22.634,22.657,22.68,22.665,22.665,22.657,22.665,22.673,22.657,22.68,22.696,22.696,22.696,22.688,22.665,22.649,22.673,22.703,22.703,22.688,22.696,22.68,22.711,22.703,22.719,22.703,22.703,22.688,22.673,22.68,22.657,22.665,22.68,22.673,22.719,22.75,22.734,22.75,22.742,22.75,22.75,22.734,22.757,22.78,22.804,22.834,22.834,22.834,22.827,22.804,22.85,22.873,22.881,22.904,22.896,22.911,22.927,22.911,22.934,22.942,22.958,22.973,23.004,23.011,23.042,23.073,23.081,23.096,23.104,23.104,23.111,23.157,23.219,23.234,23.326,23.395,23.816,24.803,25.428,25.825,25.847,25.9,26.049,26.228,26.31,26.466,26.526,26.719,26.941,27,27.104,27.148,27.178,27.333,27.392,27.473,27.686,27.848,27.936,27.862,28.016,27.994,28.09,28.221,28.265,28.338,28.579,28.521,28.506,28.499,28.44,28.564,28.63,28.455,28.411,28.506,28.375,28.411,28.55,28.448,28.419,28.44,28.572,28.236,28.265,28.375,28.36,28.17,28.192,28.375,28.331,28.141,28.17,28.294,28.221,27.906,27.899,28.353,28.338,28.038,28.038,28.06,28.134,28.06,27.921,27.899,27.987,28.126,27.811,27.892,27.943,27.98,27.76,27.686,27.738,28.119,28.075,27.774,27.723,27.899,27.95,27.708,27.804,27.738,27.826,27.598,27.671,27.723,27.862,27.716,27.569,27.532,27.635,27.686,27.407,27.311,27.436,27.311,27.244,27.185,27.325,27.296,27.163,27.215,27.399,27.259,27.215,27.296,27.355,27.355,27.311,27.384,27.429,27.34,27.384,27.591,27.627,27.48,27.642,27.73,27.642,27.73,27.884,27.73,27.818,27.892,27.804,27.752,27.936,27.87,27.701,27.928,27.738,27.745,27.73,27.311,27.215,27.311,27.037,26.963,26.882,26.57,26.496,26.504,26.146,26.206,26.109,25.915,25.937,25.862,25.885,25.937,25.922,25.952,25.877,25.765,25.555,25.458,25.375,25.48,25.285,25.142,24.659,24.234,23.249,23.15,23.111,23.058,23.019,23.019,22.988,22.958,22.965,22.958,22.95,22.927,22.919,22.904,22.896,22.873,22.85,22.85,22.858,22.811,22.811,22.811,22.788,22.78,22.765,22.788,22.78,22.788,22.78,22.796,22.773,22.765,22.765,22.75,22.75,22.765,22.742,22.742,22.711,22.711,22.711,22.703,22.711,22.703,22.734,22.734,22.711,22.727,22.703,22.688,22.711,22.727,22.68,22.696,22.68,22.68,22.688,22.696,22.688,22.703,22.68,22.68,22.688,22.68,22.665,22.673,22.642,22.611,22.619,22.626,22.626,22.626,22.619,22.603,22.58,22.595,22.588,22.595,22.588,22.564,22.557,22.541,22.541,22.51,22.51,22.534,22.51,22.503,22.51,22.518,22.526,22.557,22.564,22.572,22.549,22.557,22.534,22.526,22.541,22.526,22.541,22.518,22.526,22.518,22.518,22.487,22.526,22.503,22.503,22.51,22.51,22.534,22.51,22.503,22.503,22.495,22.472,22.503,22.503,22.51,22.518,22.526,22.51,22.51,22.472,22.495,22.518,22.526,22.534,22.534,22.518,22.518,22.518,22.534,22.557,22.557,22.549,22.58,22.557,22.564,22.564,22.518,22.518,22.487,22.479,22.479,22.479,22.441,22.418,22.449,22.472,22.487,22.479,22.487,22.456,22.479,22.472,22.472,22.425,22.441,22.472,22.479,22.487,22.487,22.479,22.456,22.441,22.41,22.449,22.441,22.441,22.449,22.449,22.456,22.464,22.433,22.41,22.418,22.41,22.418,22.418,22.394,22.394,22.433,22.433,22.418,22.425,22.418,22.418,22.317,22.394,22.402,22.433,22.441,22.456,22.433,22.402,22.402,22.418,22.387,22.41,22.418,22.441,22.441,22.433,22.418,22.418,22.456,22.449,22.456,22.433,22.41,22.371,22.425,22.402,22.41,22.418,22.41,22.387,22.371,22.371,22.402,22.41,22.394,22.418,22.41,22.402,22.418,22.425,22.41,22.402,22.418,22.418,22.449,22.433,22.418,22.487,22.464,22.495,22.456,22.433,22.449,22.449,22.456,22.472,22.472,22.503,22.479
,22.464,22.418,22.433,22.456,22.433,22.425,22.41,22.425,22.394,22.371,22.387,22.363,22.387,22.379,22.441,22.433,22.433,22.449,22.441,22.456,22.449,22.456,22.456,22.449,22.456,22.449,22.425,22.449,22.456,22.449,22.456,22.456,22.449,22.464,22.456,22.456,22.456,22.433,22.418,22.41,22.402,22.449,22.479,22.479,22.487,22.479,22.495,22.518,22.51,22.518,22.479,22.472,22.487,22.479,22.518,22.51,22.526,22.549,22.541,22.534,22.518,22.534,22.503,22.541,22.541,22.549,22.541,22.549,22.541,22.534,22.541,22.557,22.541,22.541,22.534,22.526,22.549,22.534,22.503,22.534,22.526,22.564,22.557,22.541,22.564,22.564,22.572,22.564,22.549,22.549,22.549,22.549,22.557,22.557,22.549,22.557,22.541,22.541,22.549,22.549,22.564,22.557,22.557,22.564,22.557,22.564,22.58,22.572,22.595,22.603,22.595,22.611,22.603,22.611,22.611,22.611,22.619,22.626,22.603,22.619,22.588,22.595,22.619,22.642,22.611,22.634,22.634,22.626,22.611,22.588,22.626,22.619,22.657,22.649,22.665,22.665,22.68,22.665,22.619,22.611,22.626,22.619,22.626,22.619,22.634,22.619,22.642,22.649,22.649,22.657,22.673,22.657,22.673,22.673,22.665,22.657,22.665,22.696,22.688,22.711,22.68,22.68,22.673,22.688,22.68,22.719,22.703,22.711,22.711,22.711,22.727,22.711,22.703,22.696,22.688,22.688,22.673,22.696,22.673,22.673,22.688,22.703,22.734,22.734,22.742,22.757,22.757,22.742,22.75,22.765,22.773,22.788,22.827,22.827,22.811,22.811,22.827,22.827,22.873,22.888,22.888,22.896,22.934,22.919,22.927,22.927,22.942,22.981,22.95,22.981,22.981,23.019,23.065,23.081,23.096,23.088,23.096,23.111,23.127,23.165,23.188,23.334,23.372,23.541,24.249,25.525,25.81,25.832,25.87,25.997,26.161,26.288,26.422,26.489,26.578,26.941,27.015,27.089,27.126,27.266,27.325,27.48,27.495,27.62,27.539,27.738,27.906,27.921,28.141,28.053,28.192,28.346,28.353,28.389,28.674,28.477,28.521,28.535,28.513,28.572,28.601,28.448,28.47,28.492,28.302,28.47,28.63,28.484,28.484,28.448,28.608,28.265,28.199,28.389,28.36,28.243,28.229,28.367,28.251,28.141,28.163,28.36,28.265,27.98,27.98,28.236,28.302,28.024,28.016,28.016,28.141,28.082,27.914,27.855,28.031,28.126,27.87,27.84,27.936,27.987,27.914,27.826,27.796,28.075,28.119,27.87,27.87,28.031,28.016,27.84,27.84,27.95,28.016,27.686,27.738,27.818,28.104,27.811,27.649,27.62,27.811,27.62,27.488,27.377,27.532,27.34,27.303,27.281,27.37,27.311,27.104,27.141,27.392,27.37,27.296,27.325,27.407,27.436,27.325,27.421,27.495,27.414,27.407,27.605,27.708,27.488,27.627,27.73,27.701,27.657,27.987,27.826,27.752,27.994,27.848,27.818,28.177,27.914,27.855,28.09,27.906,27.679,27.855,27.649,27.318,27.399,27.148,27.015,27.178,26.652,26.563,26.585,26.414,26.347,26.288,25.9,26.049,25.87,25.9,25.915,25.952,25.997,25.975,25.997,25.795,25.593,25.338,25.338,25.308,25.21,24.999,24.379,23.556,23.196,23.111,23.081,23.042,22.988,22.965,22.95,22.973,22.95,22.95,22.942,22.934,22.919,22.904,22.896,22.865,22.865,22.865,22.858,22.827,22.804,22.804,22.796,22.804,22.796,22.819,22.804,22.773,22.788,22.78,22.773,22.788,22.757,22.757,22.75,22.742,22.734,22.742,22.727,22.711,22.711,22.703,22.711,22.719,22.734,22.727,22.719,22.719,22.719,22.727,22.711,22.696,22.688,22.68,22.68,22.688,22.68,22.696,22.696,22.696,22.688,22.688,22.68,22.665,22.649,22.657,22.665,22.642,22.649,22.626,22.634,22.611,22.603,22.588,22.588,22.595,22.595,22.588,22.588,22.58,22.549,22.557,22.541,22.534,22.526,22.534,22.503,22.503,22.503,22.526,22.564,22.541,22.58,22.557,22.549,22.557,22.534,22.503,22.549,22.541,22.472,22.51,22.51,22.456,22.51,22.503,22.541,22.51,22.534,22.518,22.534,22.541,22.526,22.518,22.495,22.503,22.495,22.518,22.518,22.541,22.51,22.518,22.534,22.479,22.495,22.487,22.51,22.503,22.51,22.495,22.495,22.526,22.518,22.549,22.549,22.541,22.541,22.549,22.58,22.549,22.526,22.495,22.495,22.479,22.472,22.449,22.449,22.449,22.425,22.487,22.479,22.472,22.487,22.487,22.464,22.456,22.449,22.464,22.449,22.464,22.456,22.495,22.495,22.487,22.487,22.456,22.449,22.425,22.433,22.456,22.441,22.456,22.464,22.441,22.449,22.433,22.425,22.402,22.433,22.425,22.425,22.402,22.394,22.387,22.433,22.418,22.433,22.41,22.402,22.425,22.394,22.418,22.433,22.394,22.433,22.41,22.479,22.441,22.394,22.433,22.425,22.433,22.503,22.456,22.464,22.418,22.418,22.449,22.456,22.418,22.449,22.433,22.418,22.418,22.441,22.441,22.425,22.332,22.379,22.379,22.394,22.387,22.425,22.418,22.418,22.41,22.402,22.441,22.402,22.425,22.433,22.425,22.441,22.456,22.456,22.464,22.456,22.441,22.464,22.441,22.449,22.472,22.487,22.503,22.503,22.472,22.495
,22.425,22.379,22.402,22.441,22.433,22.425,22.425,22.394,22.394,22.387,22.394,22.394,22.379,22.387,22.425,22.441,22.441,22.433,22.418,22.433,22.418,22.456,22.449,22.456,22.449,22.456,22.425,22.449,22.449,22.456,22.464,22.464,22.464,22.464,22.449,22.433,22.449,22.418,22.425,22.425,22.441,22.441,22.441,22.449,22.464,22.479,22.479,22.487,22.487,22.487,22.479,22.487,22.479,22.503,22.518,22.51,22.518,22.503,22.526,22.526,22.534,22.51,22.495,22.495,22.51,22.534,22.549,22.541,22.526,22.541,22.541,22.549,22.541,22.541,22.534,22.526,22.526,22.526,22.51,22.557,22.526,22.526,22.549,22.549,22.557,22.549,22.549,22.549,22.549,22.557,22.549,22.564,22.541,22.564,22.549,22.541,22.557,22.564,22.549,22.564,22.572,22.564,22.564,22.557,22.549,22.572,22.564,22.588,22.603,22.603,22.619,22.619,22.611,22.611,22.611,22.619,22.626,22.611,22.603,22.595,22.588,22.595,22.588,22.595,22.611,22.619,22.611,22.611,22.626,22.626,22.611,22.603,22.611,22.657,22.642,22.665,22.649,22.657,22.611,22.611,22.649,22.634,22.619,22.642,22.626,22.642,22.649,22.649,22.657,22.657,22.673,22.657,22.657,22.657,22.657,22.665,22.688,22.68,22.703,22.703,22.703,22.688,22.696,22.703,22.688,22.719,22.703,22.711,22.711,22.719,22.719,22.711,22.703,22.688,22.673,22.68,22.657,22.673,22.68,22.673,22.696,22.711,22.727,22.719,22.742,22.75,22.75,22.75,22.757,22.773,22.773,22.796,22.804,22.819,22.811,22.827,22.827,22.842,22.858,22.888,22.911,22.911,22.919,22.911,22.927,22.919,22.958,22.934,22.942,22.973,22.996,23.027,23.065,23.081,23.104,23.096,23.096,23.111,23.165,23.196,23.249,23.357,23.456,23.899,24.893,25.735,25.832,25.84,25.87,26.154,26.288,26.31,26.459,26.674,26.726,26.971,27.03,27.111,27.141,27.362,27.436,27.51,27.495,27.649,27.679,27.855,27.892,27.972,28.214,28.104,28.258,28.419,28.397,28.492,28.586,28.499,28.535,28.586,28.448,28.63,28.579,28.404,28.528,28.521,28.404,28.506,28.645,28.44,28.389,28.484,28.521,28.236,28.177,28.411,28.287,28.163,28.177,28.294,28.294,28.185,28.126,28.331,28.316,28.009,28.148,28.214,28.287,28.104,27.95,27.965,28.177,28.141,27.914,27.928,28.016,28.126,27.914,27.936,27.914,27.987,27.921,27.906,27.921,28.112,28.155,27.914,27.884,28.09,28.075,27.862,27.833,27.965,28.17,27.84,27.796,28.053,28.068,28.046,27.76,27.701,27.892,27.738,27.561,27.495,27.701,27.76,27.377,27.348,27.495,27.576,27.274,27.333,27.488,27.436,27.333,27.333,27.495,27.495,27.407,27.421,27.591,27.488,27.48,27.539,27.73,27.598,27.664,27.745,27.679,27.679,27.921,27.862,27.826,27.921,27.98,27.804,28.199,27.972,27.906,28.016,27.994,27.774,27.862,27.782,27.436,27.458,27.289,27.052,27.266,26.763,26.712,26.771,26.526,26.429,26.377,25.997,26.072,25.877,25.885,25.907,25.915,25.952,25.967,26.049,25.862,25.638,25.51,25.292,25.27,25.225,25.059,24.674,24.067,23.334,23.165,23.088,23.073,23.034,23.004,22.981,22.95,22.958,22.95,22.942,22.934,22.919,22.911,22.896,22.881,22.896,22.888,22.865,22.842,22.811,22.811,22.788,22.804,22.827,22.819,22.78,22.78,22.78,22.788,22.78,22.788,22.734,22.75,22.757,22.757,22.765,22.757,22.765,22.719,22.711,22.719,22.727,22.711,22.719,22.719,22.711,22.711,22.703,22.711,22.696,22.68,22.68,22.673,22.68,22.696,22.68,22.703,22.703,22.696,22.673,22.688,22.657,22.665,22.657,22.634,22.642,22.665,22.649,22.642,22.634,22.611,22.603,22.588,22.58,22.588,22.595,22.611,22.58,22.588,22.549,22.557,22.564,22.534,22.526,22.526,22.503,22.534,22.503,22.518,22.526,22.588,22.572,22.549,22.526,22.534,22.534,22.518,22.549,22.526,22.51,22.51,22.51,22.51,22.51,22.549,22.534,22.51,22.541,22.503,22.503,22.51,22.51,22.479,22.503,22.487,22.495,22.518,22.526,22.518,22.534,22.51,22.503,22.495,22.495,22.518,22.503,22.495,22.495,22.487,22.495,22.518,22.503,22.526,22.534,22.541,22.557,22.534,22.557,22.549,22.534,22.503,22.495,22.487,22.495,22.441,22.449,22.433,22.433,22.456,22.441,22.472,22.479,22.464,22.472,22.441,22.441,22.449,22.449,22.464,22.495,22.51,22.51,22.479,22.472,22.456,22.449,22.456,22.464,22.464,22.464,22.472,22.441,22.449,22.441,22.449,22.433,22.433,22.433,22.433,22.433,22.394,22.379,22.41,22.41,22.41,22.41,22.441,22.425,22.464,22.418,22.41,22.418,22.394,22.418,22.394,22.456,22.433,22.518,22.433,22.449,22.441,22.41,22.418,22.425,22.402,22.418,22.449,22.441,22.441,22.41,22.449,22.425,22.441,22.456,22.425,22.418,22.402,22.402,22.356,22.402,22.433,22.425,22.394,22.418,22.41,22.425,22.425,22.433,22.402,22.425,22.402,22.441,22.34,22.449,22.456,22.472,22.464,22.456,22.472,22.464,22.472,22.472,22.472,22.479,22.472,22.479
,22.34,22.41,22.371,22.394,22.41,22.41,22.418,22.41,22.418,22.441,22.387,22.394,22.402,22.379,22.402,22.441,22.456,22.449,22.464,22.441,22.402,22.363,22.433,22.456,22.441,22.449,22.441,22.433,22.433,22.464,22.456,22.456,22.449,22.449,22.433,22.425,22.418,22.418,22.418,22.425,22.433,22.441,22.449,22.456,22.449,22.456,22.456,22.487,22.472,22.487,22.51,22.51,22.503,22.518,22.503,22.503,22.495,22.518,22.51,22.503,22.518,22.503,22.51,22.487,22.534,22.541,22.526,22.541,22.541,22.518,22.534,22.534,22.526,22.534,22.534,22.526,22.526,22.526,22.503,22.564,22.541,22.541,22.549,22.564,22.557,22.549,22.549,22.549,22.541,22.557,22.572,22.549,22.572,22.541,22.534,22.557,22.549,22.564,22.564,22.58,22.588,22.572,22.572,22.564,22.564,22.564,22.58,22.588,22.603,22.611,22.626,22.619,22.611,22.595,22.626,22.603,22.603,22.634,22.603,22.588,22.58,22.595,22.595,22.611,22.611,22.619,22.611,22.634,22.634,22.588,22.626,22.611,22.619,22.611,22.619,22.649,22.657,22.619,22.634,22.619,22.649,22.611,22.642,22.634,22.642,22.649,22.649,22.665,22.665,22.673,22.673,22.673,22.673,22.665,22.649,22.673,22.688,22.688,22.703,22.719,22.711,22.68,22.68,22.68,22.68,22.703,22.703,22.703,22.711,22.696,22.673,22.703,22.688,22.68,22.68,22.688,22.642,22.642,22.657,22.665,22.688,22.711,22.719,22.75,22.75,22.757,22.75,22.75,22.765,22.773,22.804,22.819,22.827,22.827,22.834,22.827,22.842,22.865,22.888,22.911,22.911,22.927,22.919,22.934,22.965,22.942,22.942,22.965,22.965,22.988,23.027,23.019,23.058,23.081,23.073,23.111,23.111,23.134,23.157,23.203,23.311,23.479,23.701,24.379,25.668,25.705,25.832,25.975,25.982,26.139,26.37,26.407,26.556,26.867,26.934,27.037,27.045,27.119,27.237,27.289,27.488,27.539,27.576,27.738,27.679,27.84,27.994,28.016,28.316,28.185,28.382,28.492,28.397,28.615,28.652,28.499,28.637,28.492,28.411,28.557,28.411,28.419,28.579,28.499,28.44,28.477,28.637,28.389,28.338,28.44,28.484,28.309,28.265,28.404,28.294,28.17,28.214,28.382,28.404,28.148,28.221,28.404,28.411,28.141,28.148,28.155,28.163,28.009,27.98,27.965,28.177,28.126,27.994,28.053,28.134,28.207,28.053,28.046,28.046,28.075,28.002,27.987,27.972,28.192,28.155,27.994,27.987,28.141,28.141,28.031,27.98,28.126,28.294,28.068,28.009,27.987,28.185,27.994,27.87,27.811,27.899,27.928,27.804,27.657,27.767,27.87,27.429,27.502,27.738,27.671,27.517,27.377,27.517,27.539,27.436,27.384,27.524,27.569,27.436,27.436,27.576,27.524,27.502,27.576,27.774,27.561,27.532,27.811,27.796,27.598,27.972,27.98,27.613,27.87,27.877,27.84,28.155,28.002,28.009,28.119,28.038,27.892,27.965,27.862,27.701,27.694,27.296,27.163,27.17,26.875,26.808,26.912,26.526,26.511,26.452,26.191,26.139,26.094,25.915,25.9,25.885,25.952,26.094,26.079,26.034,25.87,25.69,25.45,25.232,25.134,25.187,24.803,24.151,23.364,23.173,23.157,23.134,23.081,23.034,23.011,22.973,22.965,22.942,22.95,22.942,22.919,22.911,22.919,22.896,22.888,22.896,22.888,22.858,22.834,22.811,22.811,22.811,22.804,22.796,22.804,22.78,22.811,22.796,22.788,22.78,22.78,22.773,22.765,22.765,22.765,22.765,22.75,22.742,22.719,22.719,22.711,22.711,22.719,22.711,22.719,22.711,22.696,22.719,22.703,22.696,22.68,22.68,22.673,22.688,22.68,22.696,22.688,22.673,22.696,22.673,22.68,22.649,22.642,22.665,22.642,22.649,22.657,22.626,22.634,22.611,22.595,22.595,22.588,22.588,22.588,22.58,22.58,22.603,22.588,22.564,22.564,22.549,22.549,22.564,22.557,22.534,22.534,22.541,22.572,22.526,22.557,22.526,22.534,22.518,22.526,22.541,22.526,22.526,22.557,22.541,22.487,22.534,22.526,22.526,22.541,22.526,22.51,22.518,22.503,22.503,22.495,22.503,22.487,22.495,22.503,22.526,22.51,22.526,22.526,22.534,22.518,22.541,22.503,22.503,22.487,22.479,22.487,22.487,22.495,22.526,22.518,22.51,22.534,22.534,22.549,22.541,22.564,22.479,22.495,22.51,22.503,22.487,22.495,22.464,22.441,22.456,22.425,22.449,22.464,22.456,22.441,22.464,22.456,22.456,22.449,22.441,22.464,22.479,22.487,22.51,22.518,22.495,22.464,22.456,22.449,22.456,22.495,22.472,22.472,22.449,22.425,22.441,22.441,22.418,22.425,22.425,22.418,22.449,22.433,22.402,22.394,22.379,22.394,22.402,22.464,22.433,22.418,22.418,22.425,22.433,22.418,22.418,22.402,22.425,22.456,22.479,22.487,22.479,22.433,22.425,22.387,22.433,22.472,22.425,22.425,22.441,22.433,22.449,22.433,22.418,22.441,22.449,22.449,22.456,22.387,22.294,22.402,22.317,22.379,22.379,22.394,22.41,22.425,22.41,22.41,22.394,22.394,22.41,22.394,22.371,22.433,22.441,22.418,22.456,22.41,22.418,22.425,22.472,22.464,22.472,22.479,22.503,22.456,22.503,22.503
,22.356,22.402,22.379,22.402,22.41,22.418,22.41,22.418,22.41,22.387,22.371,22.363,22.379,22.402,22.441,22.441,22.503,22.456,22.472,22.472,22.441,22.441,22.425,22.441,22.441,22.456,22.425,22.472,22.449,22.479,22.464,22.456,22.449,22.433,22.441,22.425,22.425,22.402,22.418,22.441,22.433,22.441,22.441,22.449,22.456,22.449,22.472,22.464,22.487,22.479,22.495,22.487,22.495,22.51,22.534,22.495,22.503,22.495,22.51,22.51,22.503,22.503,22.51,22.503,22.526,22.534,22.518,22.541,22.549,22.549,22.526,22.518,22.518,22.541,22.541,22.549,22.526,22.51,22.534,22.534,22.534,22.549,22.564,22.557,22.549,22.541,22.557,22.557,22.557,22.588,22.58,22.572,22.572,22.549,22.549,22.526,22.541,22.557,22.564,22.572,22.58,22.588,22.572,22.58,22.572,22.588,22.595,22.603,22.619,22.626,22.626,22.619,22.626,22.611,22.619,22.611,22.634,22.611,22.619,22.595,22.603,22.626,22.611,22.619,22.619,22.619,22.611,22.634,22.619,22.642,22.634,22.619,22.611,22.626,22.626,22.649,22.649,22.626,22.626,22.626,22.619,22.634,22.634,22.657,22.634,22.657,22.657,22.665,22.657,22.673,22.657,22.673,22.665,22.665,22.68,22.665,22.688,22.711,22.696,22.711,22.711,22.696,22.688,22.673,22.649,22.68,22.696,22.703,22.711,22.711,22.696,22.688,22.68,22.696,22.688,22.68,22.665,22.649,22.657,22.673,22.696,22.711,22.742,22.75,22.75,22.757,22.757,22.757,22.773,22.788,22.796,22.819,22.827,22.834,22.842,22.834,22.873,22.881,22.896,22.911,22.927,22.942,22.934,22.934,22.958,22.958,22.965,22.981,22.965,23.004,23.011,23.042,23.058,23.081,23.104,23.096,23.111,23.173,23.18,23.272,23.41,23.502,24.204,25.127,25.713,25.907,25.945,26.012,26.236,26.221,26.63,26.585,26.637,26.845,26.971,27.008,27.074,27.141,27.392,27.296,27.524,27.546,27.598,27.694,27.664,27.965,27.928,28.148,28.353,28.367,28.426,28.462,28.455,28.55,28.557,28.528,28.586,28.397,28.309,28.528,28.367,28.433,28.564,28.55,28.448,28.601,28.579,28.382,28.375,28.492,28.564,28.353,28.294,28.375,28.28,28.192,28.221,28.331,28.316,28.17,28.236,28.411,28.411,28.192,28.148,28.17,28.185,28.097,28.031,28.038,28.199,28.17,27.958,28.046,28.134,28.214,28.119,28.06,28.097,28.112,28.075,28.002,28.163,28.316,28.17,28.031,28.016,28.214,28.243,28.104,28.104,28.207,28.36,28.17,28.046,28.243,28.265,28.06,27.958,27.899,28.119,27.958,27.855,27.826,27.914,27.862,27.546,27.583,27.848,27.723,27.495,27.51,27.708,27.774,27.502,27.48,27.686,27.686,27.524,27.458,27.627,27.664,27.671,27.738,27.833,27.679,27.539,27.87,27.921,27.546,27.95,27.972,27.649,27.848,27.921,27.738,28.031,27.972,27.862,28.119,28.104,27.906,28.009,27.848,27.627,27.804,27.591,27.318,27.414,26.949,26.889,26.867,26.756,26.541,26.63,26.146,26.31,26.169,25.892,25.922,25.877,25.982,26.019,26.101,25.982,26.019,25.773,25.683,25.277,25.074,25.149,24.871,24.568,23.663,23.257,23.18,23.134,23.096,23.042,23.019,22.988,22.981,22.973,22.95,22.942,22.934,22.942,22.927,22.919,22.911,22.904,22.896,22.858,22.858,22.842,22.834,22.827,22.819,22.811,22.78,22.804,22.804,22.796,22.788,22.78,22.78,22.765,22.765,22.765,22.75,22.757,22.734,22.734,22.711,22.719,22.711,22.711,22.719,22.711,22.703,22.711,22.711,22.711,22.696,22.688,22.68,22.665,22.673,22.68,22.68,22.696,22.696,22.688,22.673,22.673,22.696,22.665,22.665,22.665,22.657,22.657,22.673,22.634,22.611,22.611,22.595,22.611,22.588,22.595,22.58,22.58,22.595,22.58,22.564,22.572,22.58,22.549,22.58,22.564,22.549,22.557,22.541,22.534,22.595,22.572,22.534,22.541,22.534,22.534,22.518,22.51,22.526,22.51,22.557,22.503,22.526,22.51,22.549,22.549,22.549,22.526,22.526,22.518,22.518,22.526,22.518,22.495,22.51,22.51,22.518,22.51,22.572,22.526,22.541,22.534,22.518,22.541,22.518,22.487,22.479,22.487,22.487,22.495,22.503,22.518,22.503,22.541,22.541,22.557,22.526,22.51,22.534,22.503,22.495,22.526,22.495,22.503,22.495,22.472,22.464,22.441,22.433,22.425,22.479,22.449,22.472,22.479,22.456,22.456,22.449,22.456,22.472,22.479,22.487,22.487,22.526,22.479,22.456,22.433,22.464,22.472,22.464,22.472,22.441,22.456,22.449,22.456,22.418,22.418,22.456,22.433,22.433,22.449,22.418,22.425,22.394,22.387,22.418,22.425,22.449,22.433,22.456,22.472,22.433,22.425,22.41,22.425,22.41,22.449,22.464,22.472,22.456,22.464,22.41,22.479,22.425,22.425,22.449,22.425,22.441,22.433,22.441,22.449,22.433,22.433,22.456,22.456,22.441,22.41,22.41,22.394,22.387,22.387,22.356,22.425,22.425,22.394,22.41,22.402,22.41,22.41,22.371,22.387,22.41,22.402,22.41,22.425,22.425,22.449,22.402,22.441,22.464,22.472,22.472,22.487,22.456,22.449,22.449,22.495,22.503
,22.348,22.356,22.402,22.394,22.394,22.41,22.402,22.418,22.387,22.394,22.402,22.371,22.41,22.394,22.441,22.449,22.456,22.464,22.456,22.441,22.425,22.402,22.418,22.433,22.41,22.433,22.464,22.449,22.449,22.503,22.433,22.449,22.418,22.41,22.41,22.41,22.41,22.41,22.418,22.441,22.449,22.456,22.464,22.441,22.464,22.456,22.464,22.464,22.472,22.487,22.526,22.518,22.518,22.495,22.495,22.526,22.503,22.51,22.495,22.495,22.503,22.503,22.503,22.51,22.518,22.51,22.534,22.541,22.541,22.534,22.526,22.518,22.526,22.549,22.564,22.534,22.541,22.534,22.518,22.541,22.534,22.557,22.549,22.557,22.564,22.557,22.564,22.572,22.557,22.595,22.588,22.572,22.58,22.564,22.557,22.557,22.549,22.557,22.564,22.58,22.58,22.588,22.58,22.58,22.588,22.603,22.58,22.603,22.619,22.626,22.642,22.634,22.649,22.634,22.642,22.634,22.626,22.634,22.619,22.603,22.611,22.619,22.619,22.611,22.626,22.626,22.626,22.626,22.611,22.626,22.626,22.619,22.619,22.626,22.649,22.649,22.626,22.634,22.611,22.619,22.634,22.626,22.649,22.649,22.657,22.649,22.657,22.673,22.673,22.68,22.68,22.673,22.68,22.673,22.68,22.673,22.673,22.696,22.703,22.711,22.719,22.703,22.688,22.665,22.665,22.688,22.711,22.696,22.688,22.688,22.68,22.673,22.703,22.688,22.696,22.688,22.68,22.673,22.673,22.68,22.703,22.719,22.75,22.765,22.773,22.765,22.773,22.765,22.78,22.796,22.811,22.827,22.834,22.842,22.842,22.858,22.85,22.888,22.927,22.919,22.934,22.934,22.942,22.942,22.95,22.965,22.973,22.988,23.011,23.011,23.05,23.05,23.073,23.081,23.104,23.088,23.142,23.157,23.288,23.272,23.403,23.671,24.75,25.63,25.825,25.907,26.034,26.318,26.333,26.518,26.667,26.674,26.749,26.786,26.897,26.934,27.111,27.141,27.348,27.348,27.524,27.524,27.591,27.723,27.782,28.185,28.141,28.163,28.404,28.367,28.433,28.462,28.477,28.63,28.506,28.419,28.586,28.375,28.265,28.382,28.331,28.375,28.557,28.572,28.404,28.477,28.579,28.411,28.375,28.462,28.564,28.375,28.309,28.375,28.404,28.229,28.243,28.433,28.419,28.265,28.28,28.455,28.382,28.199,28.185,28.207,28.214,28.163,28.141,28.097,28.199,28.221,28.09,28.185,28.214,28.294,28.097,28.126,28.134,28.214,28.163,28.075,28.192,28.338,28.324,28.09,28.068,28.236,28.448,28.243,28.185,28.251,28.397,28.243,28.207,28.265,28.287,28.28,28.053,28.075,28.134,28.038,27.906,27.884,27.914,27.914,27.833,27.752,27.95,27.862,27.694,27.671,27.855,27.972,27.613,27.546,27.914,27.826,27.649,27.554,27.818,27.694,27.708,27.826,27.899,27.848,27.716,27.921,27.95,27.554,27.943,27.965,27.627,27.818,27.914,27.62,27.782,27.862,27.671,27.994,28.068,28.002,28.046,27.958,27.723,27.84,27.657,27.407,27.576,27.082,26.986,26.986,26.771,26.622,26.83,26.474,26.31,26.258,26.057,25.915,25.93,25.915,25.945,26.027,26.094,26.049,25.952,25.907,25.465,25.187,25.142,24.969,24.644,24.135,23.372,23.188,23.15,23.127,23.065,23.05,23.034,22.996,22.973,22.95,22.973,22.942,22.934,22.934,22.927,22.919,22.911,22.904,22.881,22.873,22.834,22.834,22.819,22.85,22.819,22.811,22.804,22.796,22.804,22.796,22.796,22.773,22.765,22.765,22.765,22.757,22.75,22.727,22.719,22.719,22.711,22.703,22.734,22.703,22.719,22.734,22.734,22.703,22.703,22.68,22.673,22.688,22.665,22.665,22.68,22.68,22.696,22.68,22.703,22.665,22.68,22.696,22.688,22.68,22.665,22.673,22.673,22.634,22.657,22.603,22.603,22.603,22.611,22.603,22.595,22.603,22.564,22.595,22.557,22.557,22.58,22.557,22.603,22.588,22.564,22.572,22.588,22.595,22.572,22.603,22.58,22.549,22.541,22.534,22.526,22.541,22.541,22.51,22.557,22.503,22.526,22.518,22.541,22.518,22.541,22.541,22.526,22.549,22.526,22.518,22.541,22.51,22.518,22.51,22.518,22.541,22.541,22.557,22.541,22.526,22.534,22.534,22.51,22.518,22.495,22.487,22.495,22.518,22.503,22.51,22.518,22.534,22.534,22.557,22.534,22.557,22.503,22.51,22.51,22.495,22.503,22.51,22.503,22.51,22.487,22.472,22.456,22.441,22.441,22.41,22.456,22.472,22.472,22.472,22.487,22.472,22.456,22.479,22.487,22.503,22.503,22.51,22.456,22.472,22.464,22.441,22.456,22.456,22.456,22.472,22.472,22.441,22.472,22.464,22.441,22.456,22.441,22.441,22.449,22.425,22.394,22.394,22.394,22.402,22.425,22.449,22.433,22.441,22.449,22.441,22.433,22.449,22.441,22.449,22.441,22.456,22.449,22.472,22.433,22.441,22.441,22.418,22.418,22.441,22.449,22.433,22.456,22.441,22.425,22.425,22.449,22.464,22.472,22.441,22.433,22.433,22.425,22.449,22.418,22.402,22.402,22.425,22.433,22.402,22.402,22.41,22.387,22.387,22.387,22.371,22.418,22.402,22.425,22.433,22.425,22.441,22.449,22.51,22.464,22.479,22.479,22.464,22.456,22.449,22.472,22.495
,22.363,22.394,22.363,22.402,22.402,22.402,22.41,22.433,22.41,22.371,22.394,22.387,22.394,22.418,22.418,22.449,22.487,22.464,22.472,22.456,22.433,22.418,22.41,22.394,22.441,22.441,22.449,22.449,22.487,22.456,22.425,22.449,22.41,22.41,22.402,22.41,22.418,22.418,22.425,22.449,22.464,22.464,22.464,22.464,22.487,22.487,22.479,22.479,22.479,22.495,22.495,22.503,22.534,22.526,22.518,22.541,22.51,22.503,22.51,22.503,22.51,22.51,22.526,22.526,22.534,22.534,22.534,22.549,22.549,22.541,22.541,22.541,22.534,22.549,22.557,22.549,22.518,22.541,22.541,22.534,22.572,22.564,22.564,22.549,22.564,22.572,22.564,22.58,22.572,22.572,22.58,22.58,22.58,22.588,22.564,22.564,22.549,22.572,22.58,22.58,22.572,22.564,22.58,22.588,22.595,22.595,22.619,22.611,22.619,22.626,22.649,22.642,22.619,22.611,22.626,22.626,22.634,22.626,22.642,22.634,22.619,22.619,22.619,22.626,22.642,22.619,22.634,22.642,22.611,22.619,22.626,22.626,22.603,22.626,22.619,22.626,22.634,22.626,22.626,22.619,22.626,22.649,22.665,22.673,22.642,22.673,22.657,22.68,22.703,22.673,22.688,22.703,22.688,22.696,22.696,22.665,22.68,22.719,22.711,22.719,22.703,22.719,22.703,22.68,22.673,22.696,22.696,22.696,22.711,22.68,22.68,22.711,22.696,22.711,22.711,22.696,22.688,22.688,22.688,22.703,22.719,22.734,22.757,22.78,22.78,22.78,22.765,22.788,22.788,22.804,22.819,22.827,22.842,22.858,22.865,22.873,22.904,22.888,22.911,22.927,22.965,22.958,22.965,22.958,22.981,22.981,22.988,23.011,23.027,23.034,23.065,23.081,23.088,23.096,23.111,23.134,23.203,23.249,23.28,23.41,23.548,24.31,25.24,25.728,25.952,26.004,26.243,26.258,26.452,26.593,26.682,26.719,26.8,26.845,26.86,27.023,27.156,27.259,27.348,27.414,27.554,27.561,27.62,27.708,27.804,28.221,28.229,28.36,28.492,28.44,28.543,28.448,28.389,28.513,28.397,28.47,28.477,28.302,28.309,28.455,28.294,28.353,28.513,28.44,28.462,28.455,28.623,28.397,28.382,28.375,28.499,28.397,28.367,28.419,28.47,28.324,28.404,28.557,28.521,28.36,28.302,28.506,28.47,28.229,28.236,28.243,28.258,28.236,28.119,28.126,28.192,28.243,28.155,28.148,28.229,28.309,28.148,28.126,28.199,28.367,28.207,28.155,28.163,28.331,28.28,28.185,28.192,28.375,28.615,28.302,28.367,28.367,28.455,28.316,28.229,28.353,28.47,28.382,28.134,28.163,28.367,28.141,27.95,27.899,27.958,28.016,27.811,27.664,27.796,27.936,27.84,27.789,27.994,27.994,27.701,27.716,28.053,27.877,27.686,27.649,27.928,27.804,27.804,27.833,27.987,27.862,27.767,28.068,28.06,27.649,27.796,27.936,27.686,27.789,27.914,27.649,27.539,27.884,27.554,27.745,28.038,27.936,28.038,27.987,27.774,27.833,27.576,27.399,27.671,27.355,27.045,27.266,27.045,26.875,26.86,26.504,26.585,26.541,26.169,26.265,25.982,25.945,25.937,26.019,26.087,26.072,26.079,26.057,25.683,25.39,25.3,25.036,24.704,24.56,23.716,23.357,23.196,23.15,23.096,23.065,23.05,23.042,23.011,22.981,23.011,22.973,22.973,22.958,22.934,22.934,22.927,22.911,22.919,22.888,22.865,22.85,22.842,22.842,22.834,22.827,22.819,22.827,22.811,22.804,22.788,22.765,22.757,22.757,22.75,22.757,22.711,22.742,22.742,22.719,22.711,22.711,22.703,22.719,22.734,22.742,22.75,22.711,22.727,22.711,22.688,22.696,22.68,22.68,22.657,22.68,22.688,22.688,22.688,22.688,22.703,22.703,22.711,22.688,22.703,22.688,22.68,22.665,22.68,22.626,22.58,22.595,22.603,22.611,22.611,22.611,22.595,22.619,22.595,22.619,22.58,22.595,22.58,22.58,22.557,22.557,22.572,22.58,22.603,22.603,22.572,22.564,22.549,22.557,22.541,22.549,22.526,22.549,22.541,22.534,22.495,22.557,22.518,22.518,22.549,22.534,22.518,22.557,22.541,22.557,22.549,22.526,22.526,22.526,22.541,22.541,22.541,22.588,22.557,22.557,22.541,22.541,22.534,22.51,22.503,22.518,22.503,22.526,22.518,22.526,22.518,22.534,22.549,22.541,22.564,22.557,22.564,22.51,22.503,22.503,22.51,22.503,22.503,22.503,22.487,22.51,22.433,22.441,22.456,22.479,22.479,22.495,22.487,22.487,22.503,22.464,22.487,22.464,22.479,22.495,22.503,22.495,22.472,22.472,22.449,22.449,22.464,22.456,22.456,22.464,22.464,22.479,22.472,22.479,22.433,22.503,22.456,22.464,22.449,22.418,22.418,22.402,22.418,22.418,22.441,22.433,22.449,22.425,22.425,22.433,22.441,22.456,22.449,22.425,22.425,22.456,22.425,22.425,22.433,22.418,22.394,22.449,22.441,22.441,22.479,22.464,22.456,22.441,22.449,22.441,22.449,22.449,22.418,22.449,22.456,22.441,22.433,22.433,22.433,22.425,22.41,22.41,22.425,22.41,22.402,22.402,22.425,22.379,22.394,22.402,22.402,22.418,22.418,22.418,22.449,22.495,22.418,22.394,22.503,22.487,22.464,22.449,22.479,22.449,22.472,22.479
,22.379,22.387,22.418,22.379,22.387,22.394,22.41,22.418,22.402,22.402,22.394,22.356,22.387,22.402,22.418,22.425,22.495,22.495,22.495,22.472,22.441,22.433,22.425,22.394,22.387,22.433,22.433,22.487,22.464,22.441,22.433,22.433,22.433,22.418,22.418,22.425,22.41,22.425,22.433,22.449,22.464,22.479,22.495,22.487,22.479,22.479,22.479,22.495,22.495,22.503,22.503,22.495,22.534,22.472,22.534,22.526,22.541,22.518,22.51,22.51,22.51,22.549,22.534,22.549,22.526,22.534,22.526,22.526,22.534,22.541,22.564,22.526,22.549,22.549,22.557,22.557,22.564,22.526,22.526,22.541,22.534,22.58,22.557,22.564,22.557,22.572,22.595,22.58,22.595,22.572,22.58,22.549,22.549,22.572,22.572,22.564,22.564,22.564,22.572,22.564,22.557,22.58,22.572,22.58,22.572,22.619,22.611,22.603,22.634,22.611,22.626,22.649,22.626,22.595,22.619,22.634,22.619,22.634,22.619,22.626,22.619,22.611,22.611,22.626,22.634,22.634,22.619,22.642,22.619,22.626,22.619,22.626,22.626,22.634,22.626,22.649,22.634,22.649,22.611,22.619,22.634,22.642,22.642,22.649,22.657,22.642,22.649,22.649,22.657,22.68,22.696,22.696,22.711,22.703,22.673,22.688,22.688,22.696,22.696,22.727,22.711,22.68,22.696,22.673,22.657,22.696,22.703,22.696,22.719,22.703,22.696,22.711,22.719,22.711,22.711,22.703,22.711,22.703,22.719,22.719,22.75,22.742,22.765,22.773,22.78,22.78,22.78,22.788,22.804,22.804,22.819,22.834,22.85,22.865,22.858,22.865,22.873,22.904,22.919,22.942,22.958,22.973,22.973,22.988,22.996,22.996,23.019,23.027,23.027,23.05,23.065,23.088,23.096,23.111,23.119,23.15,23.211,23.265,23.395,23.433,23.716,24.432,25.72,25.847,25.93,26.049,26.333,26.347,26.518,26.645,26.652,26.697,26.749,26.838,26.867,26.889,26.971,27.325,27.348,27.377,27.576,27.554,27.782,27.782,28.046,28.302,28.243,28.375,28.506,28.433,28.513,28.397,28.389,28.455,28.324,28.426,28.419,28.273,28.294,28.411,28.324,28.316,28.484,28.448,28.433,28.506,28.594,28.404,28.404,28.382,28.543,28.404,28.397,28.484,28.513,28.324,28.411,28.543,28.601,28.324,28.316,28.47,28.528,28.221,28.265,28.251,28.338,28.265,28.155,28.265,28.397,28.243,28.09,28.199,28.309,28.47,28.273,28.199,28.265,28.572,28.221,28.243,28.265,28.462,28.433,28.199,28.28,28.47,28.703,28.338,28.338,28.316,28.426,28.382,28.367,28.346,28.462,28.294,28.192,28.148,28.375,28.346,28.002,27.98,28.134,28.075,27.914,27.752,28.046,28.199,27.914,27.818,28.046,28.038,27.877,27.848,28.097,28.016,27.826,27.943,28.068,27.936,27.936,28.009,28.097,27.914,27.892,28.192,28.112,27.98,27.848,28.082,27.723,27.76,27.914,27.635,27.627,27.833,27.539,27.443,27.95,27.605,27.738,27.877,27.62,27.877,27.752,27.539,27.701,27.384,27.355,27.37,27.023,26.963,26.904,26.615,26.563,26.511,26.385,26.392,26.116,25.997,25.952,25.989,26.049,26.109,26.094,26.131,25.96,25.735,25.42,25.232,24.825,24.697,23.983,23.38,23.18,23.157,23.096,23.073,23.058,23.042,23.034,23.027,23.004,23.011,22.981,22.965,22.95,22.934,22.927,22.911,22.919,22.888,22.888,22.888,22.865,22.842,22.865,22.865,22.819,22.811,22.788,22.796,22.796,22.757,22.765,22.75,22.757,22.734,22.696,22.711,22.719,22.719,22.711,22.703,22.711,22.727,22.734,22.757,22.75,22.727,22.719,22.719,22.703,22.696,22.696,22.703,22.688,22.68,22.68,22.688,22.688,22.696,22.703,22.711,22.711,22.688,22.688,22.68,22.68,22.657,22.634,22.619,22.595,22.611,22.611,22.611,22.626,22.619,22.611,22.588,22.619,22.595,22.572,22.58,22.603,22.58,22.588,22.58,22.564,22.564,22.595,22.58,22.588,22.595,22.564,22.541,22.557,22.58,22.564,22.557,22.541,22.534,22.541,22.503,22.518,22.51,22.541,22.526,22.518,22.58,22.564,22.549,22.549,22.557,22.557,22.549,22.557,22.557,22.557,22.58,22.557,22.557,22.526,22.518,22.541,22.503,22.503,22.518,22.518,22.518,22.526,22.534,22.541,22.526,22.534,22.518,22.526,22.588,22.495,22.534,22.51,22.503,22.51,22.495,22.51,22.495,22.503,22.51,22.495,22.464,22.472,22.472,22.472,22.495,22.487,22.495,22.495,22.464,22.472,22.495,22.479,22.472,22.479,22.479,22.495,22.472,22.472,22.456,22.441,22.464,22.441,22.449,22.464,22.441,22.472,22.456,22.479,22.503,22.495,22.464,22.456,22.449,22.433,22.425,22.441,22.433,22.425,22.433,22.425,22.433,22.433,22.456,22.441,22.464,22.425,22.433,22.41,22.418,22.394,22.41,22.441,22.418,22.402,22.418,22.464,22.449,22.479,22.472,22.441,22.449,22.425,22.425,22.441,22.441,22.479,22.425,22.464,22.464,22.456,22.449,22.472,22.441,22.433,22.433,22.441,22.41,22.433,22.433,22.418,22.449,22.41,22.425,22.387,22.418,22.418,22.425,22.418,22.379,22.371,22.425,22.433,22.441,22.456,22.472,22.449,22.472,22.464,22.456
,22.379,22.394,22.387,22.387,22.379,22.387,22.433,22.387,22.387,22.387,22.363,22.371,22.363,22.371,22.402,22.402,22.433,22.479,22.441,22.464,22.441,22.402,22.418,22.418,22.394,22.425,22.394,22.449,22.433,22.433,22.387,22.41,22.41,22.402,22.425,22.418,22.425,22.441,22.449,22.441,22.472,22.479,22.495,22.479,22.503,22.495,22.51,22.503,22.518,22.518,22.534,22.541,22.541,22.541,22.526,22.549,22.541,22.541,22.518,22.534,22.534,22.572,22.534,22.549,22.572,22.541,22.534,22.534,22.534,22.541,22.541,22.541,22.564,22.557,22.564,22.534,22.541,22.51,22.557,22.549,22.572,22.588,22.572,22.572,22.58,22.58,22.595,22.603,22.572,22.557,22.549,22.557,22.557,22.541,22.557,22.58,22.58,22.595,22.588,22.588,22.572,22.549,22.534,22.557,22.603,22.595,22.603,22.595,22.626,22.634,22.603,22.657,22.595,22.588,22.603,22.595,22.619,22.619,22.619,22.619,22.603,22.611,22.611,22.603,22.634,22.634,22.649,22.642,22.626,22.626,22.626,22.595,22.619,22.626,22.626,22.642,22.634,22.657,22.634,22.634,22.634,22.634,22.657,22.649,22.642,22.657,22.642,22.673,22.673,22.68,22.688,22.696,22.719,22.688,22.696,22.703,22.688,22.703,22.703,22.711,22.742,22.711,22.68,22.68,22.673,22.68,22.696,22.703,22.711,22.719,22.703,22.727,22.719,22.734,22.742,22.719,22.727,22.727,22.734,22.734,22.742,22.765,22.773,22.78,22.78,22.804,22.811,22.811,22.811,22.804,22.827,22.827,22.85,22.873,22.865,22.904,22.896,22.904,22.942,22.919,22.996,22.996,22.981,23.004,23.004,23.019,23.019,23.034,23.042,23.05,23.081,23.081,23.096,23.15,23.173,23.196,23.226,23.311,23.372,23.495,23.861,25.172,25.84,25.862,26.004,26.169,26.474,26.57,26.585,26.578,26.674,26.682,26.749,26.83,26.875,26.912,26.956,27.266,27.414,27.451,27.502,27.642,27.767,28.082,28.024,28.294,28.265,28.316,28.389,28.353,28.47,28.309,28.397,28.419,28.28,28.346,28.382,28.236,28.411,28.477,28.28,28.346,28.499,28.477,28.455,28.528,28.666,28.579,28.389,28.513,28.572,28.367,28.411,28.44,28.47,28.397,28.462,28.623,28.579,28.302,28.375,28.492,28.557,28.353,28.251,28.316,28.36,28.28,28.192,28.251,28.477,28.44,28.28,28.251,28.47,28.572,28.404,28.309,28.44,28.55,28.462,28.433,28.419,28.659,28.659,28.324,28.353,28.739,28.754,28.433,28.455,28.455,28.564,28.411,28.404,28.389,28.579,28.404,28.265,28.229,28.623,28.346,28.119,28.038,28.389,28.499,28.002,27.928,28.112,28.251,27.84,27.811,28.258,28.082,27.899,27.914,28.17,28.09,28.053,28.053,28.119,28.097,28.09,28.097,28.236,27.906,27.987,28.28,28.163,27.833,28.075,28.229,27.767,27.679,27.877,27.752,27.517,27.774,27.421,27.34,27.76,27.333,27.296,27.752,27.451,27.738,27.701,27.583,27.671,27.421,27.421,27.62,27.133,27.119,27,26.852,26.667,26.66,26.452,26.377,26.146,26.027,26.064,25.967,26.004,26.049,26.131,26.183,25.989,25.907,25.435,25.24,24.916,24.576,24.128,23.441,23.242,23.203,23.127,23.104,23.073,23.058,23.042,23.042,23.027,23.004,22.988,22.981,22.958,22.942,22.934,22.927,22.95,22.911,22.881,22.858,22.873,22.865,22.873,22.865,22.834,22.827,22.804,22.804,22.78,22.773,22.765,22.773,22.75,22.75,22.734,22.727,22.711,22.719,22.719,22.719,22.727,22.734,22.75,22.75,22.757,22.75,22.719,22.727,22.703,22.719,22.711,22.719,22.688,22.696,22.696,22.696,22.68,22.696,22.696,22.696,22.711,22.719,22.696,22.703,22.673,22.665,22.673,22.603,22.619,22.595,22.603,22.603,22.603,22.595,22.619,22.595,22.611,22.611,22.603,22.611,22.588,22.572,22.572,22.564,22.564,22.572,22.572,22.588,22.58,22.595,22.557,22.564,22.588,22.58,22.58,22.595,22.549,22.526,22.51,22.518,22.495,22.526,22.526,22.541,22.549,22.572,22.58,22.564,22.557,22.549,22.549,22.557,22.572,22.549,22.564,22.572,22.557,22.549,22.534,22.526,22.534,22.526,22.526,22.503,22.518,22.51,22.541,22.526,22.549,22.51,22.526,22.534,22.549,22.534,22.534,22.541,22.518,22.503,22.495,22.487,22.495,22.503,22.495,22.487,22.479,22.464,22.472,22.449,22.464,22.472,22.479,22.487,22.503,22.464,22.472,22.464,22.479,22.472,22.464,22.479,22.464,22.472,22.441,22.479,22.472,22.464,22.456,22.464,22.456,22.472,22.479,22.495,22.51,22.534,22.518,22.487,22.464,22.472,22.441,22.433,22.449,22.441,22.425,22.418,22.418,22.418,22.41,22.433,22.425,22.441,22.433,22.418,22.402,22.402,22.425,22.449,22.418,22.402,22.425,22.41,22.41,22.479,22.456,22.464,22.495,22.449,22.433,22.433,22.433,22.441,22.441,22.449,22.456,22.464,22.472,22.456,22.441,22.503,22.449,22.464,22.425,22.441,22.433,22.441,22.456,22.425,22.418,22.418,22.394,22.402,22.418,22.433,22.433,22.433,22.41,22.456,22.441,22.503,22.472,22.472,22.487,22.479,22.487,22.472
,22.363,22.379,22.379,22.41,22.402,22.418,22.402,22.41,22.363,22.387,22.356,22.371,22.363,22.379,22.402,22.449,22.449,22.479,22.472,22.449,22.449,22.449,22.41,22.425,22.425,22.41,22.433,22.41,22.418,22.433,22.41,22.402,22.41,22.41,22.433,22.433,22.441,22.441,22.379,22.441,22.449,22.479,22.487,22.495,22.51,22.503,22.526,22.526,22.526,22.541,22.541,22.534,22.557,22.541,22.541,22.526,22.526,22.549,22.557,22.549,22.549,22.526,22.564,22.564,22.572,22.564,22.549,22.557,22.541,22.549,22.534,22.526,22.549,22.557,22.557,22.541,22.518,22.549,22.541,22.549,22.58,22.572,22.588,22.564,22.564,22.572,22.603,22.58,22.58,22.58,22.557,22.541,22.541,22.534,22.572,22.588,22.626,22.611,22.595,22.595,22.58,22.541,22.541,22.557,22.58,22.611,22.611,22.619,22.619,22.603,22.611,22.619,22.588,22.588,22.611,22.611,22.626,22.634,22.626,22.603,22.603,22.603,22.611,22.619,22.611,22.626,22.642,22.634,22.626,22.611,22.611,22.611,22.619,22.611,22.626,22.626,22.642,22.634,22.649,22.634,22.665,22.642,22.673,22.673,22.649,22.657,22.649,22.649,22.665,22.673,22.68,22.703,22.703,22.703,22.696,22.696,22.696,22.688,22.711,22.711,22.719,22.719,22.711,22.68,22.657,22.688,22.703,22.703,22.719,22.711,22.734,22.727,22.727,22.734,22.719,22.719,22.734,22.734,22.734,22.742,22.75,22.773,22.773,22.78,22.788,22.796,22.788,22.811,22.811,22.804,22.819,22.827,22.865,22.865,22.881,22.904,22.904,22.919,22.934,22.973,22.996,22.981,23.004,23.019,22.988,23.019,23.034,23.042,23.065,23.065,23.081,23.104,23.127,23.134,23.157,23.188,23.257,23.311,23.41,23.502,24.401,25.713,25.81,25.885,26.116,26.355,26.548,26.585,26.57,26.57,26.57,26.697,26.808,26.8,26.934,26.986,27.023,27.384,27.303,27.51,27.833,27.694,28.016,28.097,27.994,28.448,28.287,28.251,28.28,28.273,28.331,28.28,28.346,28.28,28.28,28.338,28.389,28.28,28.316,28.367,28.258,28.36,28.492,28.484,28.426,28.506,28.652,28.492,28.419,28.389,28.506,28.382,28.367,28.586,28.521,28.499,28.484,28.55,28.557,28.302,28.382,28.499,28.637,28.346,28.28,28.338,28.404,28.375,28.221,28.448,28.543,28.47,28.375,28.353,28.586,28.608,28.455,28.499,28.645,28.703,28.666,28.484,28.543,28.797,28.732,28.543,28.44,28.681,28.848,28.579,28.477,28.499,28.696,28.44,28.455,28.492,28.586,28.499,28.324,28.433,28.637,28.419,28.185,28.097,28.426,28.28,28.053,28.068,28.287,28.236,27.884,27.921,28.273,28.185,28.024,27.95,28.229,28.17,28.046,28.141,28.177,28.112,28.053,28.199,28.346,28.112,28.104,28.28,28.207,28.009,28.17,28.236,27.752,27.752,28.177,27.789,27.517,27.811,27.458,27.348,27.583,27.325,27.052,27.421,27.215,27.244,27.657,27.436,27.716,27.502,27.51,27.642,27.311,27.178,27.229,26.889,26.904,26.689,26.563,26.437,26.325,26.124,26.012,25.952,26.004,26.057,26.101,26.213,26.169,26.213,25.832,25.338,25.232,24.75,24.189,23.602,23.387,23.211,23.196,23.111,23.081,23.081,23.065,23.05,23.034,23.019,23.004,22.988,22.958,22.973,22.942,22.934,22.919,22.919,22.873,22.881,22.881,22.881,22.865,22.842,22.834,22.819,22.834,22.796,22.788,22.773,22.773,22.78,22.773,22.75,22.75,22.719,22.727,22.742,22.742,22.727,22.727,22.734,22.734,22.742,22.742,22.742,22.727,22.719,22.688,22.711,22.742,22.703,22.696,22.742,22.703,22.711,22.696,22.696,22.68,22.688,22.703,22.703,22.703,22.696,22.688,22.657,22.665,22.619,22.603,22.603,22.595,22.595,22.595,22.595,22.611,22.619,22.611,22.634,22.58,22.611,22.58,22.603,22.58,22.572,22.564,22.564,22.58,22.588,22.588,22.58,22.58,22.572,22.58,22.603,22.588,22.572,22.58,22.557,22.534,22.534,22.518,22.526,22.526,22.518,22.549,22.557,22.557,22.564,22.572,22.557,22.557,22.549,22.541,22.572,22.557,22.564,22.564,22.564,22.549,22.549,22.518,22.518,22.526,22.534,22.541,22.526,22.526,22.518,22.549,22.518,22.549,22.503,22.526,22.541,22.534,22.534,22.518,22.503,22.495,22.503,22.503,22.503,22.503,22.479,22.472,22.456,22.456,22.456,22.464,22.472,22.464,22.479,22.441,22.472,22.472,22.479,22.464,22.441,22.449,22.464,22.472,22.464,22.487,22.479,22.464,22.464,22.464,22.464,22.456,22.464,22.503,22.479,22.479,22.495,22.526,22.487,22.456,22.479,22.472,22.456,22.456,22.449,22.433,22.425,22.433,22.418,22.425,22.402,22.425,22.441,22.449,22.449,22.418,22.41,22.418,22.402,22.425,22.418,22.425,22.449,22.441,22.456,22.487,22.441,22.456,22.449,22.425,22.441,22.456,22.479,22.449,22.449,22.449,22.456,22.441,22.425,22.503,22.541,22.541,22.456,22.441,22.425,22.449,22.464,22.449,22.433,22.418,22.41,22.425,22.425,22.418,22.472,22.433,22.425,22.479,22.456,22.433,22.487,22.456,22.472,22.503,22.495,22.472,22.456
,22.402,22.379,22.402,22.418,22.418,22.402,22.41,22.441,22.379,22.402,22.379,22.371,22.371,22.41,22.41,22.464,22.456,22.472,22.441,22.449,22.441,22.425,22.449,22.433,22.418,22.418,22.41,22.387,22.387,22.418,22.387,22.41,22.418,22.433,22.441,22.425,22.425,22.433,22.402,22.441,22.456,22.449,22.479,22.495,22.518,22.518,22.534,22.534,22.541,22.549,22.564,22.557,22.557,22.549,22.534,22.526,22.541,22.564,22.564,22.58,22.588,22.564,22.541,22.541,22.557,22.541,22.534,22.557,22.526,22.557,22.541,22.557,22.557,22.557,22.557,22.526,22.549,22.534,22.534,22.58,22.588,22.588,22.588,22.58,22.588,22.572,22.595,22.588,22.572,22.572,22.557,22.588,22.58,22.572,22.549,22.572,22.588,22.611,22.611,22.603,22.588,22.557,22.549,22.564,22.595,22.634,22.611,22.611,22.611,22.619,22.619,22.611,22.619,22.58,22.603,22.603,22.626,22.626,22.611,22.611,22.603,22.611,22.611,22.611,22.619,22.626,22.619,22.642,22.626,22.634,22.634,22.634,22.634,22.619,22.649,22.649,22.649,22.649,22.642,22.634,22.665,22.665,22.688,22.673,22.673,22.673,22.657,22.657,22.665,22.688,22.696,22.703,22.711,22.696,22.703,22.688,22.703,22.711,22.711,22.727,22.703,22.711,22.696,22.711,22.696,22.688,22.703,22.703,22.719,22.742,22.734,22.734,22.742,22.734,22.734,22.727,22.734,22.742,22.75,22.757,22.757,22.757,22.78,22.788,22.804,22.819,22.811,22.827,22.819,22.827,22.827,22.834,22.873,22.873,22.888,22.881,22.904,22.934,22.958,22.973,22.981,22.973,23.004,22.988,23.019,23.034,23.042,23.058,23.065,23.088,23.127,23.134,23.142,23.165,23.173,23.234,23.311,23.372,23.479,24.067,25.292,25.773,25.862,26.243,26.474,26.496,26.533,26.511,26.526,26.57,26.578,26.615,26.778,26.882,27.015,26.986,27.259,27.51,27.37,27.598,27.892,27.826,28.068,28.097,28.082,28.17,28.163,28.243,28.207,28.185,28.294,28.243,28.287,28.316,28.265,28.331,28.382,28.287,28.28,28.411,28.287,28.294,28.492,28.513,28.462,28.47,28.564,28.492,28.448,28.44,28.615,28.404,28.397,28.572,28.579,28.44,28.44,28.623,28.608,28.44,28.353,28.455,28.564,28.36,28.294,28.448,28.492,28.528,28.331,28.47,28.608,28.586,28.411,28.397,28.557,28.681,28.506,28.484,28.579,28.666,28.645,28.543,28.579,28.761,28.797,28.564,28.462,28.637,28.87,28.674,28.484,28.623,28.768,28.564,28.477,28.462,28.637,28.484,28.433,28.557,28.681,28.615,28.411,28.433,28.521,28.521,28.192,28.207,28.375,28.528,28.112,27.95,28.367,28.229,27.98,28.046,28.484,28.148,28.031,28.112,28.346,28.141,28.134,28.294,28.499,28.316,28.141,28.382,28.324,28.112,28.141,28.287,27.862,27.789,27.906,27.701,27.657,27.943,27.473,27.392,27.502,27.436,27.008,27.2,27.215,26.956,27.348,27.296,27.561,27.576,27.62,27.833,27.377,27.252,27.458,27.097,27.104,27,26.585,26.63,26.414,26.28,26.258,26.012,26.034,25.997,26.057,26.273,26.251,26.228,25.855,25.6,25.277,25.044,24.5,23.884,23.311,23.226,23.157,23.127,23.104,23.088,23.081,23.05,23.034,23.019,23.011,22.996,22.973,22.958,22.95,22.919,22.927,22.911,22.896,22.888,22.888,22.858,22.873,22.858,22.827,22.811,22.804,22.796,22.788,22.788,22.78,22.796,22.788,22.757,22.757,22.757,22.727,22.734,22.742,22.742,22.75,22.742,22.742,22.75,22.742,22.734,22.727,22.711,22.711,22.727,22.696,22.711,22.719,22.719,22.719,22.711,22.688,22.696,22.703,22.688,22.696,22.688,22.696,22.657,22.673,22.673,22.673,22.642,22.626,22.603,22.595,22.58,22.58,22.595,22.588,22.572,22.588,22.626,22.603,22.588,22.619,22.611,22.588,22.595,22.572,22.595,22.595,22.595,22.588,22.58,22.58,22.572,22.58,22.588,22.595,22.58,22.58,22.557,22.534,22.549,22.534,22.541,22.549,22.549,22.541,22.564,22.541,22.541,22.549,22.549,22.549,22.549,22.549,22.534,22.534,22.564,22.564,22.564,22.549,22.549,22.534,22.541,22.526,22.51,22.526,22.534,22.518,22.534,22.526,22.526,22.495,22.518,22.526,22.534,22.534,22.526,22.51,22.487,22.495,22.495,22.503,22.503,22.487,22.479,22.464,22.456,22.441,22.449,22.449,22.487,22.472,22.441,22.472,22.456,22.487,22.503,22.479,22.456,22.456,22.456,22.472,22.464,22.472,22.472,22.479,22.479,22.472,22.472,22.441,22.472,22.433,22.464,22.479,22.495,22.487,22.503,22.479,22.479,22.479,22.472,22.464,22.449,22.449,22.425,22.418,22.425,22.433,22.472,22.425,22.441,22.456,22.433,22.433,22.433,22.418,22.441,22.425,22.449,22.41,22.441,22.464,22.472,22.495,22.464,22.449,22.449,22.456,22.441,22.425,22.456,22.441,22.441,22.472,22.441,22.479,22.418,22.456,22.402,22.449,22.418,22.441,22.441,22.425,22.418,22.433,22.418,22.402,22.449,22.41,22.425,22.449,22.418,22.449,22.456,22.449,22.472,22.425,22.433,22.487,22.479,22.526,22.51,22.503,22.479
,22.387,22.441,22.402,22.433,22.433,22.425,22.41,22.41,22.41,22.371,22.363,22.371,22.394,22.402,22.41,22.425,22.472,22.456,22.456,22.449,22.433,22.418,22.418,22.402,22.41,22.425,22.441,22.402,22.441,22.387,22.41,22.402,22.402,22.41,22.441,22.433,22.433,22.441,22.41,22.433,22.418,22.449,22.479,22.487,22.495,22.495,22.51,22.534,22.541,22.564,22.564,22.572,22.564,22.541,22.526,22.518,22.518,22.564,22.557,22.58,22.564,22.549,22.541,22.541,22.557,22.58,22.572,22.557,22.541,22.549,22.557,22.549,22.549,22.534,22.557,22.518,22.526,22.541,22.541,22.557,22.588,22.572,22.58,22.588,22.557,22.572,22.58,22.595,22.564,22.564,22.595,22.557,22.588,22.58,22.564,22.58,22.588,22.603,22.611,22.603,22.603,22.572,22.572,22.603,22.564,22.595,22.595,22.595,22.611,22.603,22.634,22.626,22.634,22.619,22.603,22.611,22.626,22.649,22.642,22.642,22.619,22.619,22.603,22.619,22.626,22.619,22.611,22.626,22.619,22.603,22.619,22.626,22.626,22.634,22.634,22.634,22.657,22.642,22.657,22.649,22.665,22.688,22.696,22.696,22.68,22.68,22.665,22.673,22.673,22.68,22.696,22.696,22.703,22.696,22.696,22.703,22.711,22.703,22.711,22.711,22.711,22.711,22.703,22.703,22.703,22.696,22.742,22.719,22.719,22.703,22.719,22.742,22.727,22.734,22.727,22.734,22.742,22.75,22.765,22.765,22.765,22.773,22.788,22.796,22.811,22.819,22.819,22.827,22.819,22.827,22.819,22.842,22.873,22.881,22.896,22.888,22.904,22.934,22.958,22.965,22.973,22.988,22.996,22.981,23.019,23.019,23.011,23.058,23.065,23.111,23.119,23.119,23.165,23.18,23.203,23.334,23.326,23.38,23.785,24.424,25.608,25.788,26.072,26.303,26.444,26.511,26.518,26.474,26.452,26.466,26.593,26.674,26.882,26.852,27.045,27.148,27.325,27.635,27.569,27.642,27.95,27.906,28.024,27.936,28.068,28.104,28.046,28.214,28.185,28.207,28.214,28.155,28.265,28.316,28.251,28.265,28.426,28.287,28.331,28.448,28.236,28.346,28.506,28.535,28.397,28.513,28.601,28.55,28.47,28.594,28.601,28.404,28.484,28.586,28.623,28.375,28.499,28.696,28.681,28.528,28.506,28.594,28.659,28.477,28.302,28.44,28.521,28.521,28.433,28.528,28.666,28.63,28.367,28.382,28.623,28.71,28.572,28.557,28.513,28.659,28.652,28.535,28.528,28.768,28.827,28.579,28.492,28.637,28.943,28.623,28.557,28.586,28.805,28.564,28.528,28.455,28.659,28.594,28.535,28.499,28.71,28.71,28.521,28.572,28.659,28.696,28.397,28.338,28.594,28.506,28.28,28.273,28.411,28.404,28.119,28.221,28.397,28.258,28.148,28.207,28.382,28.192,28.17,28.309,28.47,28.294,28.163,28.448,28.331,28.192,28.221,28.316,27.987,27.877,28.082,27.855,27.782,27.811,27.605,27.488,27.546,27.554,27.074,27.185,27.222,26.8,26.993,26.978,26.971,27.296,27.333,27.767,27.392,27.377,27.488,27.17,27.274,27.082,26.689,26.704,26.593,26.437,26.325,26.206,26.169,25.997,26.027,26.191,26.273,26.206,26.131,25.653,25.33,24.999,24.583,24.105,23.525,23.341,23.15,23.127,23.104,23.081,23.065,23.058,23.034,23.019,23.011,22.996,22.981,22.973,22.934,22.919,22.904,22.911,22.888,22.865,22.858,22.865,22.842,22.827,22.811,22.811,22.804,22.796,22.796,22.788,22.78,22.78,22.796,22.788,22.742,22.75,22.727,22.757,22.75,22.75,22.742,22.742,22.75,22.757,22.734,22.742,22.719,22.696,22.703,22.703,22.727,22.727,22.773,22.727,22.727,22.719,22.703,22.696,22.68,22.688,22.688,22.688,22.696,22.68,22.657,22.665,22.634,22.642,22.603,22.603,22.588,22.58,22.58,22.58,22.588,22.595,22.58,22.619,22.619,22.634,22.603,22.588,22.603,22.588,22.611,22.603,22.595,22.603,22.611,22.595,22.588,22.58,22.588,22.58,22.588,22.588,22.588,22.58,22.557,22.549,22.534,22.549,22.564,22.557,22.549,22.572,22.541,22.549,22.549,22.541,22.549,22.564,22.534,22.549,22.564,22.557,22.564,22.557,22.557,22.541,22.541,22.526,22.526,22.518,22.503,22.534,22.534,22.534,22.534,22.526,22.526,22.51,22.518,22.518,22.518,22.495,22.495,22.495,22.487,22.487,22.495,22.503,22.487,22.472,22.472,22.464,22.433,22.449,22.425,22.464,22.441,22.479,22.479,22.479,22.472,22.487,22.472,22.456,22.472,22.456,22.472,22.472,22.464,22.472,22.487,22.479,22.479,22.464,22.441,22.472,22.449,22.464,22.487,22.472,22.472,22.464,22.479,22.464,22.464,22.472,22.456,22.456,22.456,22.456,22.418,22.449,22.394,22.433,22.464,22.456,22.456,22.456,22.441,22.449,22.418,22.433,22.433,22.418,22.425,22.441,22.425,22.449,22.472,22.472,22.456,22.456,22.441,22.464,22.441,22.418,22.441,22.433,22.449,22.449,22.456,22.402,22.464,22.534,22.425,22.402,22.425,22.433,22.387,22.425,22.418,22.402,22.41,22.425,22.456,22.449,22.464,22.441,22.472,22.464,22.425,22.456,22.472,22.51,22.464,22.495,22.487,22.51,22.518,22.495
,22.394,22.418,22.418,22.425,22.41,22.394,22.41,22.387,22.371,22.371,22.387,22.387,22.394,22.418,22.433,22.456,22.449,22.449,22.441,22.441,22.441,22.425,22.441,22.402,22.387,22.41,22.387,22.425,22.402,22.394,22.425,22.41,22.418,22.418,22.425,22.433,22.456,22.425,22.441,22.433,22.433,22.433,22.441,22.456,22.479,22.479,22.495,22.526,22.526,22.557,22.549,22.557,22.564,22.549,22.549,22.557,22.534,22.58,22.588,22.603,22.572,22.534,22.534,22.534,22.541,22.549,22.557,22.572,22.564,22.557,22.557,22.564,22.549,22.541,22.549,22.549,22.534,22.51,22.564,22.564,22.588,22.572,22.564,22.572,22.557,22.564,22.572,22.564,22.572,22.58,22.588,22.603,22.619,22.572,22.58,22.58,22.588,22.588,22.603,22.603,22.58,22.595,22.603,22.564,22.603,22.595,22.603,22.619,22.603,22.619,22.619,22.634,22.619,22.619,22.619,22.611,22.634,22.657,22.649,22.649,22.619,22.642,22.626,22.603,22.626,22.619,22.657,22.626,22.626,22.642,22.649,22.649,22.642,22.665,22.642,22.665,22.673,22.665,22.657,22.665,22.68,22.696,22.703,22.696,22.696,22.688,22.68,22.68,22.688,22.688,22.703,22.711,22.711,22.711,22.711,22.703,22.696,22.711,22.727,22.727,22.727,22.711,22.727,22.711,22.703,22.742,22.711,22.719,22.75,22.696,22.734,22.734,22.727,22.727,22.734,22.742,22.742,22.75,22.765,22.78,22.773,22.78,22.78,22.804,22.811,22.819,22.819,22.842,22.827,22.842,22.85,22.858,22.881,22.888,22.888,22.904,22.919,22.919,22.942,22.973,22.996,22.988,22.981,22.981,23.004,23.027,23.05,23.065,23.088,23.119,23.15,23.165,23.18,23.188,23.203,23.249,23.449,23.51,23.983,24.991,25.698,25.855,26.094,26.437,26.489,26.526,26.474,26.422,26.399,26.422,26.57,26.682,26.912,26.963,27.2,27.215,27.458,27.767,27.818,27.826,27.958,27.965,27.98,27.928,27.914,27.906,28.038,28.112,28.126,28.199,28.221,28.141,28.331,28.324,28.229,28.316,28.367,28.331,28.346,28.462,28.324,28.397,28.557,28.448,28.426,28.513,28.674,28.623,28.499,28.55,28.645,28.433,28.44,28.55,28.535,28.499,28.528,28.717,28.688,28.637,28.521,28.586,28.696,28.448,28.338,28.36,28.535,28.419,28.338,28.484,28.681,28.652,28.36,28.411,28.506,28.623,28.557,28.338,28.499,28.637,28.564,28.535,28.404,28.579,28.44,28.251,28.316,28.477,28.63,28.543,28.134,28.273,28.455,28.294,28.397,28.411,28.521,28.47,28.397,28.448,28.681,28.586,28.521,28.528,28.696,28.681,28.506,28.433,28.739,28.761,28.404,28.265,28.426,28.411,28.185,28.199,28.506,28.513,28.185,28.192,28.477,28.287,28.214,28.367,28.579,28.324,28.243,28.375,28.375,28.185,28.294,28.316,28.082,28.024,28.177,27.965,27.745,27.87,27.627,27.473,27.569,27.598,27.17,27.133,27.207,26.823,26.8,26.838,26.6,26.808,26.83,27.111,27.311,27.377,27.458,27.281,27.303,27.281,26.86,27.237,26.518,26.481,26.385,26.146,26.131,26.027,26.004,26.042,26.191,26.265,26.228,26.042,25.683,25.142,24.878,24.416,23.403,23.349,23.265,23.15,23.142,23.104,23.073,23.058,23.042,23.034,23.011,22.996,22.988,22.988,22.934,22.927,22.919,22.881,22.881,22.865,22.865,22.85,22.819,22.834,22.819,22.819,22.811,22.788,22.796,22.804,22.804,22.796,22.788,22.765,22.765,22.75,22.757,22.757,22.75,22.742,22.742,22.742,22.757,22.75,22.75,22.734,22.711,22.696,22.696,22.703,22.727,22.734,22.727,22.734,22.727,22.734,22.719,22.765,22.688,22.696,22.696,22.68,22.688,22.673,22.649,22.673,22.657,22.626,22.619,22.611,22.588,22.588,22.588,22.588,22.626,22.595,22.603,22.619,22.611,22.588,22.619,22.611,22.595,22.595,22.611,22.603,22.611,22.626,22.611,22.611,22.58,22.572,22.572,22.572,22.58,22.588,22.58,22.572,22.564,22.541,22.549,22.534,22.564,22.564,22.526,22.549,22.541,22.557,22.557,22.534,22.541,22.549,22.549,22.541,22.557,22.564,22.549,22.557,22.549,22.534,22.534,22.526,22.518,22.518,22.51,22.518,22.526,22.518,22.518,22.518,22.518,22.518,22.51,22.526,22.526,22.51,22.487,22.503,22.487,22.487,22.495,22.487,22.487,22.479,22.479,22.472,22.449,22.464,22.472,22.479,22.479,22.495,22.479,22.479,22.472,22.472,22.456,22.456,22.495,22.464,22.464,22.464,22.449,22.472,22.487,22.472,22.479,22.472,22.449,22.433,22.456,22.479,22.472,22.456,22.456,22.456,22.464,22.472,22.464,22.464,22.479,22.449,22.472,22.456,22.441,22.356,22.456,22.479,22.487,22.464,22.479,22.464,22.449,22.472,22.441,22.464,22.449,22.425,22.441,22.456,22.472,22.472,22.534,22.487,22.464,22.418,22.449,22.441,22.441,22.449,22.433,22.418,22.433,22.41,22.394,22.394,22.441,22.387,22.402,22.41,22.418,22.425,22.425,22.433,22.425,22.41,22.402,22.418,22.441,22.449,22.472,22.472,22.479,22.456,22.449,22.449,22.479,22.487,22.479,22.394,22.472,22.479,22.557,22.479
,22.41,22.41,22.464,22.441,22.449,22.41,22.425,22.348,22.363,22.387,22.394,22.394,22.41,22.418,22.433,22.449,22.433,22.441,22.441,22.425,22.441,22.425,22.433,22.425,22.41,22.402,22.387,22.402,22.394,22.394,22.425,22.418,22.433,22.418,22.441,22.441,22.441,22.456,22.441,22.441,22.449,22.441,22.449,22.464,22.441,22.441,22.479,22.487,22.51,22.518,22.534,22.549,22.557,22.557,22.534,22.526,22.526,22.557,22.534,22.564,22.549,22.526,22.526,22.534,22.534,22.557,22.564,22.557,22.564,22.557,22.549,22.557,22.557,22.541,22.549,22.541,22.526,22.557,22.541,22.572,22.58,22.564,22.58,22.557,22.564,22.557,22.564,22.557,22.564,22.595,22.572,22.588,22.603,22.572,22.58,22.595,22.595,22.588,22.595,22.588,22.595,22.603,22.611,22.595,22.557,22.595,22.603,22.58,22.603,22.619,22.626,22.649,22.619,22.626,22.611,22.626,22.642,22.649,22.657,22.657,22.649,22.649,22.634,22.634,22.634,22.657,22.642,22.634,22.657,22.619,22.642,22.665,22.649,22.657,22.673,22.673,22.68,22.634,22.673,22.68,22.673,22.696,22.711,22.696,22.696,22.696,22.688,22.688,22.688,22.703,22.703,22.719,22.719,22.719,22.719,22.711,22.696,22.727,22.727,22.711,22.719,22.711,22.719,22.742,22.719,22.727,22.75,22.727,22.742,22.719,22.742,22.742,22.734,22.742,22.75,22.742,22.78,22.78,22.757,22.78,22.765,22.796,22.796,22.796,22.811,22.827,22.834,22.85,22.85,22.85,22.85,22.888,22.858,22.911,22.904,22.911,22.911,22.919,22.958,22.973,22.981,22.981,22.981,22.981,22.996,23.011,23.019,23.073,23.065,23.119,23.142,23.173,23.203,23.242,23.234,23.319,23.403,23.602,24.325,25.3,25.803,26.004,26.34,26.526,26.504,26.504,26.399,26.34,26.377,26.474,26.481,26.726,26.838,26.926,27.244,27.266,27.495,27.848,27.796,27.87,27.958,27.811,27.972,27.782,27.994,28.016,28.075,28.148,28.126,28.207,28.221,28.155,28.338,28.367,28.265,28.367,28.411,28.302,28.316,28.521,28.353,28.404,28.572,28.594,28.47,28.528,28.703,28.543,28.492,28.608,28.761,28.543,28.506,28.557,28.717,28.63,28.579,28.652,28.696,28.637,28.564,28.608,28.79,28.768,28.273,28.287,28.513,28.557,28.338,28.382,28.572,28.492,28.331,28.243,28.375,28.44,28.331,28.273,28.031,27.87,27.679,27.694,27.37,26.904,26.504,26.63,27.082,26.912,26.585,26.452,26.429,26.452,26.407,26.429,26.749,26.926,26.926,26.867,26.941,27.524,28.104,27.488,27.414,27.657,28.55,28.586,28.324,28.265,28.601,28.696,28.411,28.382,28.448,28.492,28.309,28.36,28.557,28.535,28.243,28.309,28.572,28.521,28.243,28.411,28.55,28.309,28.324,28.484,28.492,28.185,28.243,28.513,28.177,28.09,28.367,28.082,27.752,28.097,27.671,27.532,27.583,27.591,27.289,27.222,27.244,26.771,26.734,26.941,26.57,26.556,26.608,26.459,26.904,27.244,27.37,27.296,27.333,27.266,27.207,27.296,26.712,26.608,26.452,26.303,26.265,25.982,25.989,25.982,26.064,26.154,26.191,26.042,25.795,25.465,25.082,24.545,23.793,23.387,23.257,23.211,23.142,23.088,23.065,23.058,23.042,23.034,23.019,22.996,22.973,22.958,22.942,22.919,22.896,22.888,22.881,22.865,22.865,22.827,22.827,22.811,22.796,22.811,22.819,22.804,22.811,22.804,22.788,22.788,22.78,22.819,22.765,22.742,22.742,22.765,22.742,22.75,22.742,22.734,22.75,22.75,22.765,22.75,22.719,22.703,22.703,22.711,22.719,22.742,22.742,22.75,22.75,22.734,22.719,22.711,22.703,22.703,22.696,22.703,22.688,22.673,22.619,22.657,22.626,22.619,22.619,22.619,22.603,22.603,22.603,22.595,22.603,22.603,22.588,22.595,22.595,22.595,22.603,22.603,22.595,22.634,22.619,22.626,22.634,22.642,22.619,22.595,22.572,22.572,22.572,22.572,22.572,22.572,22.58,22.572,22.564,22.572,22.557,22.526,22.564,22.588,22.549,22.588,22.564,22.541,22.541,22.541,22.534,22.549,22.557,22.534,22.557,22.549,22.549,22.549,22.534,22.534,22.541,22.526,22.518,22.51,22.526,22.518,22.526,22.534,22.526,22.518,22.51,22.51,22.51,22.526,22.518,22.51,22.495,22.487,22.479,22.479,22.479,22.479,22.479,22.487,22.487,22.495,22.487,22.433,22.495,22.479,22.479,22.495,22.487,22.487,22.472,22.472,22.464,22.464,22.487,22.503,22.495,22.472,22.441,22.456,22.456,22.456,22.487,22.433,22.472,22.472,22.464,22.441,22.464,22.464,22.456,22.464,22.464,22.456,22.464,22.449,22.441,22.449,22.425,22.456,22.479,22.51,22.464,22.495,22.487,22.479,22.464,22.464,22.449,22.464,22.464,22.464,22.433,22.425,22.433,22.472,22.472,22.456,22.518,22.472,22.449,22.456,22.441,22.418,22.449,22.425,22.394,22.433,22.433,22.433,22.441,22.449,22.433,22.41,22.425,22.418,22.425,22.441,22.433,22.402,22.394,22.425,22.418,22.418,22.449,22.456,22.456,22.456,22.479,22.495,22.464,22.456,22.464,22.433,22.472,22.441,22.433,22.495,22.495,22.51
,22.425,22.441,22.402,22.402,22.472,22.379,22.363,22.41,22.34,22.371,22.379,22.394,22.402,22.425,22.418,22.456,22.425,22.456,22.433,22.441,22.449,22.456,22.41,22.402,22.387,22.441,22.402,22.418,22.433,22.418,22.441,22.41,22.41,22.449,22.433,22.433,22.441,22.441,22.449,22.449,22.456,22.449,22.449,22.441,22.441,22.441,22.449,22.479,22.495,22.51,22.534,22.534,22.557,22.58,22.549,22.526,22.51,22.518,22.549,22.518,22.518,22.557,22.557,22.534,22.549,22.564,22.557,22.572,22.572,22.572,22.549,22.549,22.549,22.541,22.534,22.534,22.526,22.557,22.541,22.564,22.549,22.58,22.557,22.564,22.557,22.564,22.58,22.557,22.564,22.588,22.58,22.595,22.58,22.603,22.603,22.572,22.595,22.572,22.588,22.588,22.595,22.588,22.58,22.58,22.588,22.58,22.595,22.588,22.603,22.611,22.619,22.634,22.657,22.665,22.649,22.665,22.665,22.657,22.657,22.657,22.649,22.626,22.665,22.626,22.649,22.649,22.665,22.634,22.634,22.642,22.611,22.634,22.657,22.657,22.68,22.665,22.688,22.665,22.649,22.657,22.68,22.688,22.703,22.711,22.696,22.688,22.688,22.688,22.688,22.688,22.703,22.711,22.734,22.734,22.719,22.711,22.727,22.711,22.711,22.719,22.719,22.719,22.711,22.727,22.727,22.757,22.719,22.727,22.719,22.742,22.742,22.742,22.742,22.75,22.765,22.773,22.796,22.765,22.804,22.788,22.78,22.796,22.804,22.796,22.804,22.811,22.834,22.85,22.85,22.85,22.858,22.873,22.896,22.904,22.919,22.934,22.919,22.942,22.965,22.973,22.981,22.988,22.988,23.004,23.004,22.996,23.034,23.058,23.073,23.111,23.142,23.165,23.211,23.211,23.265,23.319,23.495,23.64,24.855,25.473,25.862,26.206,26.489,26.541,26.541,26.347,26.251,26.303,26.377,26.556,26.593,26.912,26.978,27.148,27.451,27.289,27.539,27.84,27.694,27.914,27.782,27.767,27.826,27.752,27.95,27.877,28.053,28.148,28.112,28.214,28.265,28.185,28.397,28.404,28.346,28.367,28.455,28.382,28.338,28.572,28.484,28.499,28.594,28.615,28.499,28.637,28.768,28.637,28.579,28.608,28.703,28.652,28.55,28.579,28.812,28.652,28.608,28.659,28.761,28.71,28.586,28.564,28.79,28.666,28.134,28.104,28.243,28.302,28.141,27.473,27.148,27.429,27.561,26.852,26.712,26.8,26.912,26.8,25.922,25.555,25.69,25.78,25.78,25.353,25.33,25.428,25.563,25.398,25.262,25.292,25.353,25.277,25.277,25.202,25.36,25.39,25.368,25.368,25.465,26.034,26.049,25.615,25.473,26.027,26.756,26.741,26.474,26.741,27.752,28.148,27.972,28.185,28.462,28.513,28.236,28.28,28.477,28.513,28.346,28.353,28.484,28.586,28.324,28.484,28.484,28.397,28.367,28.579,28.543,28.382,28.236,28.586,28.236,28.148,28.448,28.163,27.811,28.097,27.833,27.679,27.649,27.642,27.274,27.289,27.355,26.897,26.845,26.919,26.593,26.459,26.407,26.303,26.161,26.474,27.023,27.119,27.399,27.311,27.281,27.237,26.778,26.674,26.518,26.31,26.385,26.019,26.004,25.96,25.937,26.064,26.154,26.116,25.989,25.548,25.165,24.727,24.021,23.387,23.372,23.242,23.173,23.081,23.081,23.081,23.05,23.027,23.019,22.965,22.958,22.934,22.911,22.927,22.904,22.904,22.881,22.858,22.85,22.834,22.819,22.834,22.804,22.811,22.834,22.804,22.819,22.796,22.788,22.788,22.78,22.773,22.757,22.75,22.742,22.742,22.742,22.734,22.742,22.727,22.742,22.765,22.765,22.773,22.75,22.734,22.734,22.734,22.742,22.742,22.742,22.75,22.75,22.742,22.742,22.727,22.719,22.703,22.703,22.688,22.703,22.688,22.673,22.634,22.619,22.626,22.619,22.626,22.619,22.634,22.626,22.634,22.619,22.619,22.619,22.611,22.611,22.588,22.595,22.58,22.603,22.595,22.626,22.626,22.626,22.619,22.626,22.603,22.588,22.549,22.572,22.564,22.557,22.564,22.534,22.564,22.549,22.541,22.526,22.526,22.588,22.557,22.549,22.588,22.557,22.572,22.58,22.549,22.534,22.541,22.564,22.557,22.572,22.549,22.526,22.534,22.534,22.526,22.526,22.51,22.518,22.51,22.534,22.534,22.541,22.541,22.534,22.534,22.51,22.51,22.503,22.503,22.51,22.503,22.495,22.487,22.472,22.479,22.472,22.472,22.479,22.487,22.487,22.472,22.487,22.472,22.487,22.479,22.495,22.495,22.495,22.487,22.479,22.472,22.464,22.479,22.495,22.472,22.503,22.479,22.449,22.479,22.464,22.464,22.487,22.479,22.433,22.479,22.449,22.456,22.464,22.456,22.479,22.449,22.449,22.472,22.449,22.433,22.441,22.425,22.495,22.449,22.449,22.464,22.479,22.495,22.518,22.51,22.503,22.456,22.472,22.456,22.479,22.425,22.418,22.472,22.456,22.418,22.449,22.456,22.518,22.456,22.456,22.456,22.449,22.456,22.441,22.425,22.425,22.425,22.402,22.433,22.402,22.441,22.418,22.418,22.41,22.418,22.418,22.425,22.425,22.425,22.41,22.41,22.394,22.41,22.41,22.479,22.456,22.487,22.503,22.479,22.479,22.472,22.472,22.464,22.464,22.456,22.456,22.464,22.503,22.518
,22.402,22.456,22.402,22.402,22.449,22.495,22.418,22.41,22.387,22.394,22.402,22.402,22.418,22.433,22.418,22.449,22.433,22.433,22.433,22.418,22.425,22.433,22.433,22.433,22.418,22.425,22.402,22.41,22.41,22.433,22.449,22.441,22.433,22.456,22.456,22.433,22.464,22.441,22.441,22.456,22.456,22.472,22.449,22.441,22.449,22.487,22.464,22.464,22.495,22.503,22.534,22.518,22.549,22.572,22.557,22.564,22.557,22.534,22.549,22.564,22.541,22.526,22.51,22.503,22.526,22.549,22.549,22.588,22.541,22.557,22.557,22.549,22.557,22.549,22.534,22.534,22.534,22.541,22.557,22.557,22.572,22.58,22.564,22.564,22.564,22.564,22.572,22.588,22.572,22.564,22.58,22.588,22.611,22.611,22.588,22.626,22.588,22.588,22.58,22.588,22.58,22.603,22.611,22.557,22.619,22.588,22.58,22.611,22.603,22.611,22.626,22.619,22.603,22.665,22.657,22.657,22.649,22.657,22.657,22.665,22.642,22.626,22.649,22.619,22.649,22.673,22.649,22.657,22.649,22.649,22.649,22.673,22.657,22.665,22.665,22.634,22.649,22.634,22.642,22.673,22.688,22.688,22.696,22.688,22.703,22.711,22.703,22.696,22.688,22.696,22.711,22.719,22.734,22.75,22.727,22.727,22.719,22.719,22.727,22.719,22.711,22.719,22.719,22.727,22.742,22.75,22.734,22.742,22.742,22.75,22.75,22.765,22.773,22.765,22.78,22.804,22.811,22.788,22.811,22.788,22.78,22.78,22.773,22.78,22.819,22.842,22.85,22.873,22.888,22.888,22.873,22.896,22.927,22.911,22.927,22.934,22.958,22.973,22.973,22.981,23.004,23.011,23.034,23.019,23.011,23.027,23.05,23.065,23.096,23.119,23.15,23.203,23.219,23.203,23.311,23.387,23.564,24.12,25.082,25.735,26.087,26.303,26.548,26.556,26.466,26.228,26.243,26.347,26.414,26.504,26.674,26.986,27.207,27.274,27.458,27.451,27.613,27.789,27.701,27.716,27.664,27.723,27.76,27.796,27.928,28.002,28.148,28.177,28.104,28.17,28.287,28.258,28.397,28.484,28.389,28.44,28.499,28.433,28.419,28.521,28.543,28.47,28.594,28.688,28.564,28.564,28.79,28.754,28.645,28.666,28.717,28.703,28.608,28.623,28.819,28.768,28.535,28.543,28.739,28.681,28.119,28.002,27.899,28.053,27.274,26.541,26.578,26.712,26.622,25.765,25.33,25.353,25.75,25.405,25.255,25.24,25.488,25.405,25.27,25.172,25.187,25.428,25.428,25.27,25.217,25.383,25.323,25.338,25.255,25.277,25.33,25.262,25.202,25.217,25.24,25.255,25.323,25.21,25.323,25.383,25.488,25.21,25.142,25.18,25.383,25.33,25.24,25.142,25.435,25.997,25.997,26.019,27.2,27.561,27.311,27.303,28.177,28.382,28.199,28.287,28.521,28.47,28.389,28.492,28.601,28.506,28.506,28.55,28.652,28.367,28.397,28.666,28.302,28.28,28.572,28.273,28.046,28.419,28.214,27.701,27.892,27.789,27.407,27.37,27.37,26.786,26.778,27.037,26.645,26.481,26.444,26.288,26.109,26.079,26.064,26.124,27.2,27.193,27.289,27.377,26.852,26.889,26.6,26.385,26.37,26.057,26.064,25.885,25.907,25.952,26.221,26.161,26.064,25.615,25.247,24.908,24.242,23.686,23.326,23.265,23.203,23.088,23.096,23.065,23.065,23.034,22.996,22.988,22.973,22.958,22.934,22.942,22.911,22.896,22.888,22.873,22.865,22.842,22.819,22.858,22.827,22.827,22.819,22.819,22.819,22.796,22.796,22.796,22.788,22.788,22.78,22.765,22.75,22.757,22.765,22.757,22.727,22.727,22.75,22.788,22.78,22.788,22.765,22.757,22.742,22.765,22.765,22.765,22.765,22.765,22.742,22.75,22.765,22.734,22.734,22.727,22.719,22.703,22.68,22.688,22.665,22.642,22.649,22.634,22.611,22.649,22.657,22.634,22.657,22.634,22.649,22.634,22.626,22.642,22.626,22.634,22.595,22.603,22.595,22.611,22.611,22.619,22.626,22.611,22.611,22.595,22.595,22.58,22.58,22.572,22.557,22.549,22.549,22.541,22.557,22.534,22.518,22.518,22.557,22.557,22.564,22.572,22.572,22.557,22.557,22.557,22.549,22.572,22.564,22.557,22.557,22.534,22.518,22.534,22.518,22.549,22.534,22.526,22.518,22.518,22.534,22.541,22.541,22.541,22.549,22.51,22.518,22.487,22.487,22.503,22.503,22.495,22.487,22.495,22.479,22.472,22.472,22.464,22.487,22.487,22.495,22.495,22.487,22.464,22.472,22.487,22.495,22.503,22.495,22.495,22.487,22.479,22.487,22.495,22.518,22.518,22.487,22.472,22.449,22.472,22.503,22.495,22.479,22.487,22.472,22.479,22.472,22.464,22.487,22.479,22.472,22.479,22.456,22.456,22.449,22.449,22.456,22.456,22.464,22.456,22.456,22.464,22.479,22.495,22.503,22.518,22.464,22.495,22.487,22.433,22.487,22.472,22.433,22.449,22.456,22.464,22.418,22.503,22.441,22.472,22.441,22.441,22.456,22.449,22.456,22.472,22.433,22.441,22.433,22.433,22.449,22.456,22.41,22.402,22.433,22.402,22.449,22.433,22.418,22.41,22.456,22.41,22.418,22.433,22.433,22.433,22.464,22.503,22.503,22.449,22.472,22.472,22.464,22.472,22.472,22.464,22.479,22.503,22.449,22.518
,22.449,22.433,22.433,22.449,22.456,22.433,22.433,22.418,22.394,22.387,22.41,22.394,22.441,22.433,22.433,22.433,22.456,22.418,22.433,22.418,22.418,22.425,22.433,22.433,22.41,22.41,22.41,22.418,22.418,22.441,22.472,22.495,22.464,22.449,22.449,22.456,22.479,22.456,22.456,22.456,22.456,22.464,22.456,22.464,22.456,22.464,22.472,22.479,22.503,22.503,22.503,22.518,22.541,22.557,22.549,22.541,22.526,22.518,22.534,22.518,22.518,22.526,22.541,22.518,22.564,22.526,22.541,22.572,22.564,22.549,22.549,22.534,22.603,22.549,22.526,22.557,22.534,22.526,22.557,22.572,22.588,22.572,22.595,22.58,22.564,22.557,22.564,22.564,22.588,22.58,22.588,22.595,22.588,22.603,22.611,22.603,22.611,22.603,22.619,22.603,22.588,22.634,22.626,22.626,22.611,22.603,22.611,22.595,22.626,22.619,22.642,22.626,22.665,22.649,22.657,22.634,22.634,22.642,22.642,22.642,22.634,22.649,22.626,22.634,22.642,22.657,22.649,22.649,22.657,22.649,22.649,22.657,22.649,22.657,22.665,22.642,22.657,22.634,22.657,22.665,22.665,22.673,22.688,22.696,22.703,22.696,22.688,22.688,22.696,22.696,22.719,22.734,22.734,22.742,22.719,22.734,22.727,22.711,22.719,22.727,22.727,22.719,22.727,22.742,22.734,22.742,22.75,22.742,22.742,22.765,22.773,22.78,22.788,22.773,22.788,22.796,22.804,22.811,22.804,22.788,22.796,22.788,22.796,22.804,22.819,22.834,22.842,22.881,22.896,22.919,22.904,22.919,22.934,22.934,22.958,22.95,22.958,22.988,22.988,23.004,23.011,23.019,23.034,23.05,23.042,23.058,23.073,23.073,23.104,23.111,23.157,23.196,23.249,23.319,23.341,23.456,23.632,24.682,25.473,25.907,26.116,26.429,26.556,26.504,26.087,26.079,26.265,26.362,26.518,26.778,26.875,27.193,27.34,27.362,27.583,27.546,27.745,27.716,27.554,27.635,27.627,27.694,27.738,27.774,28.119,27.994,28.185,28.273,28.214,28.338,28.426,28.229,28.44,28.521,28.44,28.477,28.703,28.47,28.521,28.572,28.564,28.477,28.623,28.797,28.557,28.623,28.79,28.783,28.688,28.674,28.754,28.725,28.608,28.535,28.747,28.462,27.877,27.789,28.053,27.972,27.119,25.982,25.72,26.101,25.728,25.315,25.277,25.33,25.323,25.3,25.24,25.277,25.285,25.285,25.172,25.18,25.3,25.398,25.247,25.172,25.202,25.405,25.398,25.262,25.315,25.345,25.383,25.27,25.247,25.27,25.292,25.277,25.232,25.217,25.435,25.51,25.308,25.157,25.375,25.428,25.405,25.165,25.165,25.24,25.292,25.277,25.134,25.134,25.18,25.232,25.134,25.21,25.353,25.645,25.578,25.495,26.034,27.34,27.362,27.377,28.177,28.243,28.258,28.338,28.608,28.484,28.411,28.579,28.739,28.455,28.389,28.739,28.331,28.419,28.594,28.36,28.273,28.404,28.126,27.804,27.906,27.877,27.554,27.554,27.532,27.06,26.778,26.875,26.726,26.452,26.526,26.288,26.057,26.064,25.907,25.773,25.93,26.385,27.229,27.384,26.956,26.912,26.697,26.622,26.541,26.236,26.37,26.034,25.9,25.765,26.042,26.079,26.087,25.952,25.503,25.082,24.666,24.075,23.357,23.272,23.196,23.127,23.119,23.081,23.073,23.034,23.004,22.973,22.965,22.958,22.958,22.934,22.919,22.904,22.896,22.911,22.873,22.873,22.85,22.858,22.85,22.842,22.819,22.811,22.811,22.796,22.796,22.804,22.796,22.788,22.78,22.765,22.757,22.742,22.742,22.75,22.757,22.765,22.765,22.796,22.804,22.796,22.788,22.773,22.78,22.788,22.773,22.773,22.78,22.757,22.75,22.75,22.75,22.75,22.742,22.734,22.727,22.711,22.696,22.696,22.68,22.634,22.665,22.634,22.626,22.649,22.642,22.649,22.673,22.657,22.673,22.649,22.634,22.634,22.634,22.611,22.595,22.588,22.595,22.603,22.603,22.611,22.611,22.611,22.611,22.611,22.603,22.588,22.58,22.549,22.572,22.518,22.541,22.541,22.541,22.526,22.518,22.51,22.503,22.549,22.549,22.557,22.557,22.541,22.549,22.549,22.557,22.572,22.564,22.572,22.572,22.549,22.541,22.51,22.51,22.572,22.549,22.518,22.526,22.526,22.541,22.557,22.549,22.549,22.549,22.526,22.51,22.495,22.487,22.518,22.503,22.503,22.487,22.503,22.472,22.472,22.472,22.472,22.479,22.487,22.472,22.472,22.487,22.472,22.479,22.495,22.487,22.503,22.495,22.495,22.487,22.487,22.487,22.503,22.503,22.495,22.487,22.472,22.472,22.479,22.51,22.487,22.503,22.487,22.479,22.479,22.495,22.487,22.464,22.487,22.487,22.464,22.456,22.456,22.449,22.441,22.441,22.456,22.449,22.449,22.449,22.456,22.449,22.487,22.51,22.534,22.541,22.526,22.456,22.487,22.479,22.464,22.449,22.433,22.433,22.387,22.425,22.472,22.449,22.456,22.425,22.472,22.449,22.495,22.479,22.464,22.449,22.425,22.433,22.449,22.449,22.441,22.449,22.425,22.402,22.464,22.441,22.379,22.402,22.441,22.41,22.402,22.441,22.464,22.418,22.472,22.456,22.479,22.526,22.479,22.479,22.472,22.472,22.472,22.479,22.495,22.503,22.518,22.534,22.518
,22.433,22.402,22.472,22.418,22.418,22.433,22.418,22.425,22.356,22.394,22.394,22.387,22.41,22.418,22.433,22.456,22.433,22.418,22.449,22.418,22.402,22.425,22.425,22.433,22.433,22.433,22.394,22.387,22.387,22.41,22.449,22.449,22.449,22.449,22.464,22.433,22.464,22.456,22.456,22.456,22.464,22.472,22.464,22.456,22.472,22.464,22.487,22.464,22.503,22.51,22.526,22.541,22.541,22.534,22.541,22.526,22.51,22.503,22.495,22.526,22.549,22.534,22.51,22.526,22.534,22.549,22.526,22.549,22.541,22.549,22.572,22.534,22.534,22.541,22.526,22.518,22.518,22.51,22.557,22.58,22.58,22.58,22.58,22.572,22.549,22.564,22.564,22.549,22.588,22.58,22.588,22.595,22.595,22.611,22.572,22.611,22.595,22.572,22.603,22.611,22.603,22.611,22.634,22.649,22.603,22.619,22.619,22.634,22.626,22.634,22.642,22.619,22.657,22.665,22.649,22.642,22.634,22.626,22.642,22.649,22.626,22.626,22.603,22.634,22.626,22.649,22.657,22.657,22.657,22.649,22.657,22.649,22.642,22.626,22.649,22.634,22.642,22.642,22.642,22.642,22.665,22.673,22.688,22.696,22.703,22.688,22.688,22.696,22.68,22.688,22.696,22.719,22.727,22.719,22.719,22.719,22.711,22.727,22.734,22.719,22.727,22.727,22.727,22.734,22.742,22.742,22.75,22.757,22.773,22.773,22.78,22.788,22.78,22.788,22.788,22.78,22.796,22.811,22.796,22.788,22.788,22.773,22.788,22.804,22.834,22.858,22.881,22.888,22.896,22.927,22.919,22.934,22.958,22.958,22.958,22.965,22.965,22.981,22.988,23.019,23.027,23.058,23.05,23.058,23.073,23.073,23.088,23.081,23.104,23.127,23.157,23.211,23.234,23.341,23.433,23.51,23.8,24.946,25.488,25.952,26.072,26.399,26.079,26.004,26.004,26.139,26.347,26.422,26.504,26.919,27.045,27.325,27.407,27.443,27.517,27.517,27.671,27.569,27.613,27.62,27.591,27.774,27.782,27.855,28.309,28.134,28.265,28.324,28.207,28.353,28.433,28.353,28.433,28.564,28.47,28.528,28.659,28.499,28.484,28.659,28.572,28.615,28.594,28.768,28.652,28.688,28.848,28.79,28.666,28.659,28.739,28.586,28.002,27.928,28.177,27.598,26.139,25.975,25.9,25.915,25.608,25.27,25.225,25.413,25.277,25.225,25.21,25.277,25.375,25.345,25.202,25.24,25.398,25.3,25.172,25.232,25.292,25.405,25.247,25.292,25.262,25.555,25.548,25.33,25.405,25.375,25.728,25.443,25.33,25.338,25.593,25.54,25.27,25.405,25.555,25.585,25.443,25.435,25.465,25.63,25.428,25.255,25.18,25.443,25.405,25.262,25.187,25.149,25.225,25.225,25.149,25.255,25.195,25.277,25.217,25.172,25.285,25.495,25.48,25.563,26.079,27.303,27.502,27.936,28.506,28.506,28.44,28.652,28.754,28.389,28.448,28.645,28.513,28.36,28.564,28.535,28.265,28.484,28.28,27.884,28.251,28.177,27.716,27.76,27.708,27.244,27.06,27.17,26.704,26.563,26.622,26.362,26.101,26.057,25.945,25.698,25.803,25.84,26.034,26.845,27.015,26.971,26.689,26.734,26.563,26.385,26.273,25.96,25.96,25.788,25.907,26.079,26.116,26.042,25.66,25.18,24.886,24.166,23.556,23.296,23.165,23.142,23.096,23.088,23.104,23.065,23.034,23.019,23.004,22.981,22.981,22.942,22.934,22.919,22.919,22.919,22.888,22.873,22.888,22.865,22.85,22.834,22.827,22.819,22.811,22.811,22.804,22.811,22.811,22.804,22.788,22.78,22.773,22.757,22.757,22.75,22.757,22.765,22.78,22.796,22.804,22.811,22.804,22.796,22.788,22.78,22.773,22.78,22.773,22.75,22.757,22.75,22.765,22.75,22.742,22.734,22.719,22.703,22.696,22.688,22.68,22.657,22.665,22.649,22.626,22.634,22.649,22.68,22.673,22.649,22.665,22.642,22.642,22.642,22.634,22.642,22.619,22.603,22.603,22.603,22.603,22.619,22.619,22.603,22.619,22.603,22.588,22.588,22.572,22.572,22.572,22.557,22.549,22.549,22.51,22.518,22.518,22.526,22.526,22.526,22.541,22.518,22.549,22.549,22.549,22.549,22.557,22.557,22.58,22.572,22.588,22.572,22.541,22.557,22.526,22.526,22.51,22.526,22.518,22.526,22.541,22.541,22.557,22.564,22.541,22.526,22.472,22.487,22.503,22.479,22.51,22.495,22.487,22.487,22.479,22.464,22.479,22.472,22.479,22.495,22.479,22.472,22.456,22.472,22.456,22.479,22.495,22.495,22.503,22.495,22.495,22.487,22.495,22.503,22.479,22.503,22.495,22.456,22.487,22.487,22.503,22.51,22.503,22.479,22.487,22.472,22.456,22.487,22.487,22.479,22.472,22.464,22.464,22.449,22.456,22.449,22.464,22.464,22.456,22.449,22.433,22.433,22.441,22.441,22.479,22.472,22.472,22.51,22.495,22.487,22.479,22.456,22.402,22.41,22.402,22.387,22.41,22.402,22.456,22.425,22.441,22.464,22.433,22.472,22.479,22.472,22.456,22.449,22.449,22.449,22.449,22.394,22.418,22.379,22.394,22.379,22.402,22.387,22.379,22.371,22.41,22.479,22.464,22.425,22.425,22.456,22.449,22.472,22.503,22.472,22.472,22.472,22.472,22.479,22.487,22.495,22.503,22.526,22.526,22.526
,22.418,22.441,22.433,22.402,22.387,22.41,22.441,22.41,22.394,22.387,22.387,22.379,22.394,22.41,22.425,22.441,22.456,22.441,22.41,22.394,22.41,22.402,22.425,22.433,22.433,22.425,22.402,22.418,22.41,22.441,22.449,22.456,22.464,22.449,22.441,22.479,22.433,22.456,22.456,22.464,22.487,22.441,22.479,22.449,22.479,22.479,22.495,22.503,22.479,22.518,22.526,22.541,22.526,22.526,22.526,22.534,22.518,22.534,22.557,22.549,22.526,22.541,22.526,22.526,22.518,22.541,22.534,22.534,22.526,22.541,22.534,22.549,22.541,22.549,22.534,22.541,22.518,22.518,22.51,22.534,22.549,22.564,22.588,22.588,22.572,22.564,22.557,22.557,22.58,22.595,22.595,22.611,22.603,22.603,22.595,22.58,22.58,22.603,22.619,22.611,22.611,22.626,22.634,22.657,22.642,22.626,22.611,22.634,22.634,22.634,22.657,22.649,22.649,22.649,22.642,22.626,22.626,22.619,22.626,22.634,22.634,22.619,22.634,22.634,22.657,22.665,22.665,22.657,22.657,22.665,22.649,22.649,22.634,22.642,22.642,22.634,22.642,22.673,22.649,22.657,22.673,22.68,22.688,22.696,22.703,22.688,22.696,22.688,22.68,22.711,22.719,22.719,22.734,22.703,22.703,22.711,22.711,22.727,22.727,22.727,22.727,22.727,22.734,22.734,22.742,22.75,22.75,22.757,22.75,22.78,22.757,22.78,22.78,22.788,22.788,22.788,22.788,22.804,22.804,22.788,22.78,22.796,22.804,22.827,22.85,22.873,22.881,22.904,22.881,22.942,22.927,22.942,22.95,22.965,22.973,22.981,22.981,22.988,22.996,23.027,23.05,23.058,23.065,23.081,23.088,23.088,23.096,23.104,23.111,23.134,23.134,23.211,23.265,23.334,23.395,23.464,23.831,24.976,25.638,26.042,26.019,26.094,25.945,26.004,26.027,26.124,26.399,26.504,26.845,27.215,27.111,27.348,27.546,27.37,27.539,27.495,27.62,27.539,27.546,27.671,27.62,27.774,27.716,27.95,28.258,28.155,28.265,28.397,28.346,28.44,28.506,28.404,28.477,28.63,28.506,28.535,28.564,28.543,28.492,28.586,28.637,28.543,28.645,28.819,28.615,28.543,28.776,28.732,28.038,27.826,27.921,27.833,26.793,26.094,26.131,26.079,25.398,25.262,25.383,25.45,25.338,25.277,25.225,25.323,25.345,25.27,25.24,25.33,25.473,25.525,25.353,25.3,25.54,25.548,25.247,25.277,25.57,25.758,25.435,25.48,25.443,25.645,25.773,25.645,25.638,25.78,25.93,25.78,25.593,25.795,25.997,25.743,25.63,25.593,25.713,25.653,25.578,25.518,25.683,25.892,25.735,25.353,25.39,25.525,25.608,25.458,25.225,25.217,25.383,25.39,25.225,25.247,25.262,25.292,25.202,25.255,25.21,25.413,25.338,25.127,25.285,25.653,25.922,25.975,27.421,28.243,28.192,28.353,28.499,28.492,28.433,28.761,28.506,28.389,28.535,28.586,28.346,28.499,28.506,28.068,28.462,28.375,27.789,27.796,27.848,27.311,27.259,27.296,26.845,26.593,26.622,26.466,26.176,26.072,26.012,25.705,25.683,25.653,25.653,25.63,26.481,26.763,26.793,26.786,26.541,26.444,26.392,26.169,25.862,25.75,25.803,25.96,26.139,26.057,25.69,25.495,24.984,24.265,23.586,23.28,23.203,23.157,23.127,23.096,23.081,23.065,23.058,23.034,23.019,23.011,22.981,22.965,22.934,22.927,22.911,22.904,22.911,22.873,22.881,22.842,22.842,22.842,22.827,22.819,22.819,22.819,22.827,22.819,22.827,22.811,22.788,22.788,22.773,22.788,22.765,22.773,22.765,22.773,22.788,22.804,22.811,22.819,22.804,22.804,22.788,22.78,22.796,22.788,22.773,22.765,22.757,22.757,22.757,22.757,22.757,22.734,22.719,22.703,22.703,22.68,22.68,22.68,22.665,22.649,22.634,22.649,22.649,22.626,22.673,22.657,22.657,22.642,22.649,22.649,22.619,22.626,22.634,22.611,22.603,22.603,22.626,22.619,22.642,22.626,22.619,22.642,22.588,22.595,22.58,22.572,22.572,22.572,22.564,22.557,22.534,22.534,22.51,22.518,22.518,22.541,22.541,22.534,22.534,22.541,22.541,22.557,22.549,22.572,22.595,22.58,22.588,22.595,22.588,22.58,22.557,22.557,22.51,22.541,22.534,22.534,22.534,22.534,22.534,22.564,22.564,22.58,22.518,22.534,22.495,22.487,22.503,22.518,22.51,22.495,22.487,22.472,22.487,22.472,22.487,22.487,22.472,22.472,22.464,22.487,22.394,22.456,22.472,22.472,22.495,22.487,22.479,22.472,22.495,22.518,22.487,22.51,22.487,22.487,22.479,22.495,22.518,22.526,22.464,22.456,22.479,22.464,22.495,22.487,22.495,22.495,22.472,22.464,22.456,22.456,22.456,22.456,22.464,22.449,22.472,22.464,22.425,22.433,22.449,22.425,22.449,22.472,22.503,22.51,22.526,22.51,22.472,22.449,22.449,22.441,22.441,22.456,22.425,22.418,22.425,22.441,22.433,22.472,22.425,22.456,22.464,22.441,22.456,22.441,22.472,22.418,22.433,22.394,22.402,22.418,22.371,22.371,22.41,22.371,22.394,22.41,22.418,22.394,22.441,22.425,22.433,22.456,22.464,22.464,22.464,22.456,22.472,22.464,22.487,22.487,22.495,22.51,22.51,22.526,22.526,22.518
,22.348,22.402,22.379,22.379,22.379,22.418,22.394,22.418,22.387,22.348,22.332,22.325,22.379,22.402,22.41,22.425,22.441,22.449,22.41,22.425,22.387,22.394,22.394,22.418,22.418,22.402,22.387,22.379,22.402,22.418,22.433,22.441,22.433,22.449,22.441,22.441,22.449,22.441,22.449,22.472,22.472,22.472,22.464,22.472,22.479,22.472,22.487,22.503,22.518,22.495,22.495,22.503,22.51,22.503,22.51,22.518,22.495,22.503,22.495,22.518,22.503,22.534,22.534,22.526,22.534,22.518,22.526,22.534,22.534,22.534,22.549,22.549,22.549,22.564,22.541,22.534,22.503,22.518,22.541,22.541,22.572,22.588,22.588,22.588,22.564,22.557,22.541,22.549,22.564,22.572,22.588,22.603,22.611,22.595,22.595,22.595,22.588,22.603,22.603,22.603,22.619,22.634,22.626,22.626,22.626,22.642,22.642,22.626,22.642,22.649,22.634,22.657,22.649,22.642,22.634,22.619,22.611,22.595,22.626,22.634,22.634,22.626,22.634,22.634,22.642,22.649,22.649,22.657,22.657,22.657,22.657,22.649,22.626,22.642,22.626,22.642,22.649,22.657,22.634,22.642,22.657,22.673,22.688,22.703,22.696,22.696,22.688,22.68,22.696,22.696,22.734,22.742,22.719,22.711,22.703,22.711,22.719,22.719,22.727,22.727,22.727,22.727,22.727,22.727,22.742,22.742,22.75,22.765,22.773,22.75,22.765,22.773,22.765,22.773,22.765,22.78,22.796,22.788,22.804,22.765,22.804,22.788,22.811,22.819,22.858,22.873,22.904,22.904,22.904,22.896,22.934,22.942,22.973,22.981,22.996,22.981,22.988,22.996,22.988,23.019,23.034,23.065,23.073,23.081,23.088,23.081,23.096,23.104,23.119,23.127,23.165,23.196,23.272,23.349,23.357,23.487,24.158,25.285,25.705,26.019,25.975,25.832,25.907,25.93,26.079,26.251,26.429,26.6,26.897,27.237,27.311,27.325,27.451,27.407,27.48,27.399,27.554,27.627,27.583,27.745,27.671,27.774,27.811,27.98,28.338,28.258,28.302,28.44,28.448,28.462,28.652,28.462,28.528,28.674,28.528,28.572,28.637,28.535,28.528,28.601,28.608,28.564,28.572,28.747,28.557,28.155,28.324,27.804,26.496,26.183,26.131,26.101,25.525,25.398,25.338,25.39,25.36,25.33,25.36,25.39,25.45,25.338,25.285,25.353,25.48,25.375,25.345,25.45,25.683,25.473,25.338,25.443,25.825,25.975,25.615,25.615,25.698,25.87,25.892,25.555,25.66,25.989,26.034,25.87,25.87,26.004,26.221,26.027,25.832,25.877,26.169,26.146,25.825,25.832,25.877,26.042,25.87,25.847,26.027,26.049,26.057,25.668,25.615,25.877,25.915,25.818,25.473,25.473,25.818,25.48,25.277,25.323,25.383,25.398,25.323,25.285,25.3,25.353,25.353,25.225,25.225,25.353,25.353,25.27,25.292,26.318,26.362,26.333,27.229,28.053,28.433,28.739,28.513,28.375,28.55,28.543,28.47,28.477,28.426,28.134,28.455,28.528,27.84,27.877,27.972,27.429,27.421,27.532,26.815,26.645,26.697,26.548,26.146,26.161,26.116,25.743,25.623,25.69,25.488,25.533,25.563,25.585,26.206,26.399,26.414,26.452,26.251,26.265,26.049,25.773,25.75,25.75,26.012,26.034,25.818,25.405,25.112,24.576,23.655,23.334,23.226,23.127,23.134,23.111,23.104,23.096,23.058,23.05,23.019,22.973,22.981,22.965,22.942,22.927,22.911,22.904,22.904,22.873,22.858,22.881,22.834,22.827,22.834,22.827,22.827,22.827,22.842,22.827,22.834,22.804,22.796,22.804,22.796,22.788,22.78,22.773,22.765,22.78,22.796,22.804,22.819,22.811,22.804,22.804,22.811,22.796,22.78,22.788,22.773,22.765,22.765,22.757,22.75,22.757,22.734,22.742,22.719,22.696,22.696,22.696,22.703,22.68,22.68,22.642,22.642,22.657,22.665,22.703,22.673,22.673,22.657,22.649,22.642,22.626,22.588,22.611,22.611,22.626,22.603,22.619,22.611,22.626,22.634,22.642,22.611,22.626,22.58,22.588,22.572,22.564,22.564,22.557,22.564,22.541,22.541,22.534,22.526,22.51,22.549,22.534,22.541,22.541,22.541,22.541,22.534,22.541,22.534,22.557,22.58,22.588,22.603,22.603,22.572,22.541,22.534,22.526,22.518,22.541,22.534,22.518,22.526,22.51,22.557,22.549,22.51,22.534,22.518,22.495,22.518,22.495,22.518,22.518,22.518,22.487,22.487,22.495,22.487,22.479,22.479,22.472,22.464,22.472,22.464,22.456,22.456,22.487,22.464,22.472,22.479,22.472,22.487,22.456,22.456,22.464,22.479,22.472,22.487,22.472,22.503,22.526,22.51,22.503,22.51,22.479,22.456,22.464,22.487,22.495,22.472,22.464,22.472,22.456,22.441,22.456,22.464,22.456,22.464,22.456,22.394,22.433,22.449,22.441,22.433,22.449,22.449,22.472,22.479,22.495,22.487,22.487,22.479,22.449,22.433,22.449,22.441,22.433,22.402,22.433,22.433,22.433,22.441,22.479,22.41,22.433,22.425,22.449,22.441,22.441,22.433,22.418,22.425,22.394,22.387,22.387,22.425,22.418,22.394,22.371,22.371,22.379,22.387,22.418,22.41,22.418,22.433,22.472,22.441,22.441,22.441,22.464,22.464,22.472,22.487,22.487,22.503,22.503,22.495,22.495,22.503,22.518
,22.425,22.379,22.356,22.371,22.363,22.402,22.41,22.387,22.402,22.356,22.356,22.371,22.402,22.418,22.41,22.418,22.425,22.418,22.394,22.394,22.418,22.387,22.418,22.387,22.387,22.402,22.394,22.418,22.379,22.394,22.425,22.418,22.441,22.433,22.425,22.425,22.464,22.441,22.456,22.456,22.456,22.472,22.472,22.479,22.472,22.464,22.472,22.495,22.495,22.503,22.503,22.518,22.495,22.51,22.518,22.518,22.518,22.51,22.51,22.518,22.518,22.51,22.51,22.51,22.526,22.549,22.549,22.526,22.534,22.534,22.526,22.541,22.564,22.549,22.549,22.526,22.503,22.495,22.487,22.534,22.549,22.58,22.58,22.58,22.564,22.572,22.572,22.534,22.564,22.603,22.634,22.611,22.611,22.603,22.611,22.58,22.588,22.572,22.603,22.595,22.626,22.626,22.626,22.649,22.626,22.626,22.626,22.619,22.634,22.642,22.649,22.649,22.649,22.634,22.626,22.611,22.595,22.588,22.642,22.649,22.634,22.642,22.634,22.634,22.649,22.634,22.657,22.657,22.657,22.657,22.649,22.642,22.626,22.626,22.634,22.649,22.657,22.642,22.649,22.649,22.657,22.688,22.673,22.68,22.696,22.696,22.688,22.703,22.696,22.757,22.742,22.75,22.742,22.727,22.719,22.719,22.734,22.727,22.727,22.727,22.727,22.727,22.727,22.727,22.734,22.742,22.757,22.757,22.773,22.765,22.742,22.757,22.773,22.757,22.773,22.765,22.765,22.788,22.78,22.788,22.78,22.788,22.811,22.827,22.842,22.881,22.896,22.904,22.927,22.942,22.927,22.965,22.996,22.981,22.988,22.988,22.981,22.996,23.004,23.027,23.042,23.073,23.081,23.081,23.088,23.096,23.104,23.104,23.111,23.119,23.173,23.211,23.28,23.326,23.41,23.502,24.219,25.39,25.72,25.885,25.81,25.705,25.885,25.96,26.146,26.429,26.608,27.133,27.215,27.34,27.392,27.429,27.465,27.392,27.429,27.414,27.539,27.495,27.73,27.782,27.877,27.994,28.016,28.031,28.419,28.36,28.44,28.513,28.492,28.506,28.615,28.528,28.601,28.812,28.674,28.579,28.674,28.55,28.433,28.55,28.572,28.163,28.148,28.207,27.392,26.37,26.154,25.743,25.503,25.42,25.465,25.593,25.368,25.277,25.3,25.495,25.323,25.443,25.405,25.593,25.728,25.458,25.398,25.593,25.765,25.585,25.458,25.645,25.758,25.765,25.72,25.6,26.027,25.952,25.81,25.683,26.057,26.221,26.176,25.93,26.027,26.131,26.362,26.094,26.169,26.191,26.318,26.251,26.064,26.221,26.34,26.295,26.057,26.087,26.183,26.295,26.064,26.161,26.101,26.258,26.198,26.042,25.937,26.146,26.079,25.862,25.69,25.818,26.012,25.855,25.66,25.795,25.66,25.72,25.465,25.308,25.45,25.48,25.323,25.3,25.308,25.36,25.323,25.232,25.202,25.3,25.247,25.323,25.413,26.734,27.178,28.287,28.134,28.265,28.564,28.557,28.404,28.419,28.535,28.229,28.433,28.433,27.994,27.98,27.95,27.591,27.657,27.73,27.119,26.815,26.971,26.578,26.548,26.288,26.124,25.803,25.615,25.69,25.555,25.315,25.353,25.21,25.18,25.555,26.288,26.489,26.265,26.258,26.034,25.825,25.78,25.735,25.975,25.915,25.922,25.6,25.187,24.621,23.899,23.387,23.211,23.165,23.142,23.127,23.111,23.104,23.081,23.065,23.034,23.011,22.988,22.965,22.958,22.942,22.927,22.911,22.896,22.888,22.873,22.85,22.888,22.85,22.834,22.827,22.811,22.834,22.858,22.842,22.834,22.811,22.811,22.811,22.788,22.788,22.796,22.773,22.78,22.796,22.804,22.804,22.811,22.827,22.811,22.804,22.804,22.796,22.796,22.788,22.765,22.773,22.765,22.765,22.757,22.757,22.742,22.734,22.719,22.711,22.703,22.703,22.696,22.688,22.673,22.657,22.634,22.68,22.657,22.673,22.68,22.688,22.673,22.649,22.634,22.603,22.603,22.603,22.611,22.626,22.626,22.611,22.634,22.626,22.634,22.642,22.611,22.595,22.564,22.588,22.557,22.564,22.572,22.564,22.557,22.557,22.549,22.557,22.526,22.564,22.549,22.557,22.518,22.534,22.541,22.541,22.534,22.541,22.549,22.549,22.557,22.58,22.588,22.588,22.58,22.564,22.526,22.541,22.526,22.518,22.526,22.518,22.518,22.534,22.51,22.518,22.534,22.549,22.518,22.526,22.472,22.541,22.518,22.518,22.503,22.526,22.479,22.479,22.495,22.503,22.464,22.503,22.464,22.464,22.479,22.41,22.418,22.425,22.425,22.449,22.472,22.479,22.456,22.449,22.456,22.464,22.479,22.495,22.503,22.518,22.472,22.487,22.503,22.518,22.495,22.464,22.472,22.487,22.479,22.472,22.479,22.464,22.456,22.441,22.456,22.456,22.464,22.464,22.472,22.449,22.441,22.418,22.418,22.433,22.441,22.441,22.441,22.449,22.495,22.479,22.479,22.472,22.464,22.449,22.441,22.433,22.456,22.449,22.456,22.433,22.433,22.464,22.449,22.433,22.433,22.418,22.433,22.418,22.41,22.456,22.441,22.433,22.425,22.402,22.402,22.418,22.41,22.433,22.472,22.394,22.394,22.402,22.402,22.41,22.41,22.425,22.449,22.464,22.425,22.441,22.433,22.479,22.479,22.479,22.495,22.495,22.503,22.51,22.495,22.487,22.51,22.518
,22.418,22.379,22.348,22.348,22.363,22.371,22.387,22.371,22.379,22.356,22.379,22.348,22.387,22.418,22.41,22.41,22.41,22.387,22.402,22.394,22.425,22.363,22.41,22.41,22.402,22.394,22.363,22.387,22.387,22.394,22.418,22.418,22.418,22.433,22.449,22.433,22.456,22.418,22.464,22.441,22.456,22.464,22.479,22.479,22.472,22.449,22.479,22.487,22.51,22.487,22.51,22.503,22.487,22.526,22.518,22.518,22.526,22.526,22.526,22.518,22.518,22.518,22.503,22.534,22.541,22.549,22.549,22.487,22.526,22.518,22.534,22.549,22.564,22.58,22.557,22.557,22.534,22.503,22.503,22.51,22.541,22.564,22.611,22.588,22.588,22.572,22.564,22.564,22.572,22.595,22.588,22.626,22.619,22.619,22.588,22.626,22.58,22.588,22.588,22.611,22.619,22.634,22.642,22.626,22.626,22.634,22.619,22.619,22.634,22.634,22.642,22.657,22.649,22.634,22.611,22.603,22.603,22.619,22.649,22.611,22.626,22.634,22.634,22.634,22.634,22.634,22.634,22.649,22.649,22.657,22.642,22.634,22.634,22.642,22.634,22.642,22.649,22.649,22.665,22.665,22.665,22.673,22.688,22.688,22.688,22.696,22.711,22.711,22.727,22.757,22.727,22.765,22.757,22.75,22.765,22.742,22.727,22.734,22.734,22.727,22.727,22.727,22.727,22.734,22.734,22.75,22.765,22.765,22.773,22.765,22.765,22.757,22.773,22.773,22.788,22.788,22.796,22.78,22.78,22.788,22.796,22.811,22.819,22.834,22.858,22.873,22.896,22.919,22.934,22.934,22.934,22.958,22.965,22.965,22.988,22.981,22.981,22.988,23.004,23.027,23.058,23.073,23.081,23.073,23.096,23.096,23.096,23.111,23.127,23.142,23.188,23.226,23.303,23.403,23.479,23.594,24.485,25.488,25.675,25.728,25.728,25.803,25.892,26.094,26.377,26.414,26.793,27.133,27.156,27.325,27.377,27.429,27.377,27.377,27.421,27.407,27.627,27.62,27.811,28.053,27.936,28.134,28.287,28.134,28.433,28.44,28.462,28.652,28.623,28.55,28.71,28.623,28.608,28.863,28.601,28.557,28.623,28.535,27.987,27.877,27.649,26.645,26.489,26.407,25.653,25.51,25.638,25.563,25.45,25.428,25.458,25.54,25.42,25.375,25.525,25.615,25.555,25.398,25.563,25.84,25.795,25.698,25.645,25.825,26.019,26.034,25.675,25.81,26.154,26.131,25.967,25.915,26.243,26.318,26.385,26.176,26.31,26.422,26.429,26.079,26.251,26.303,26.57,26.377,26.258,26.34,26.526,26.422,26.362,26.318,26.258,26.355,26.258,26.251,26.273,26.556,26.303,26.251,26.251,26.355,26.34,26.221,26.213,26.236,26.28,26.064,25.885,26.072,26.101,26.027,25.885,25.9,25.952,25.922,25.698,25.6,25.645,25.6,25.383,25.315,25.54,25.443,25.345,25.308,25.27,25.308,25.285,25.157,25.225,25.435,25.615,26.034,26.496,27.303,28.36,28.367,28.302,28.506,28.579,28.324,28.426,28.521,28.024,28.287,28.448,27.87,27.723,28.06,27.407,27.222,27.163,26.86,26.496,26.585,26.243,25.855,25.758,25.81,25.45,25.375,25.375,25.21,24.984,25.014,25.014,25.96,26.325,26.288,25.952,25.9,25.84,25.78,25.93,25.997,25.885,25.78,25.443,24.757,23.968,23.556,23.242,23.188,23.157,23.142,23.127,23.111,23.104,23.065,23.042,23.019,22.988,22.973,22.973,22.95,22.927,22.911,22.904,22.896,22.896,22.911,22.881,22.858,22.819,22.842,22.842,22.834,22.85,22.865,22.858,22.834,22.811,22.819,22.796,22.811,22.796,22.788,22.788,22.804,22.819,22.819,22.827,22.819,22.819,22.819,22.819,22.811,22.804,22.788,22.78,22.788,22.765,22.78,22.773,22.75,22.75,22.75,22.742,22.734,22.719,22.711,22.711,22.703,22.673,22.649,22.642,22.703,22.711,22.673,22.688,22.68,22.68,22.665,22.649,22.626,22.603,22.603,22.603,22.626,22.611,22.619,22.649,22.642,22.634,22.626,22.619,22.595,22.595,22.595,22.564,22.549,22.564,22.557,22.557,22.564,22.557,22.58,22.564,22.572,22.595,22.595,22.58,22.541,22.549,22.541,22.549,22.557,22.549,22.549,22.58,22.572,22.588,22.588,22.564,22.549,22.549,22.526,22.534,22.534,22.549,22.526,22.541,22.51,22.526,22.518,22.503,22.518,22.51,22.541,22.549,22.557,22.549,22.541,22.534,22.534,22.51,22.487,22.518,22.51,22.495,22.503,22.495,22.479,22.472,22.456,22.402,22.441,22.472,22.479,22.449,22.449,22.441,22.425,22.464,22.479,22.503,22.503,22.526,22.518,22.51,22.503,22.487,22.518,22.503,22.495,22.472,22.487,22.495,22.449,22.464,22.479,22.433,22.464,22.472,22.456,22.487,22.472,22.433,22.487,22.456,22.449,22.449,22.449,22.449,22.425,22.441,22.464,22.472,22.487,22.487,22.472,22.464,22.456,22.449,22.456,22.479,22.441,22.472,22.433,22.449,22.456,22.464,22.449,22.425,22.425,22.418,22.41,22.394,22.441,22.402,22.433,22.433,22.433,22.425,22.379,22.402,22.418,22.402,22.41,22.387,22.402,22.402,22.402,22.441,22.449,22.464,22.449,22.464,22.503,22.441,22.479,22.479,22.487,22.495,22.518,22.51,22.487,22.518,22.487,22.495,22.456
,22.425,22.356,22.348,22.34,22.34,22.356,22.363,22.356,22.371,22.379,22.363,22.371,22.379,22.363,22.402,22.379,22.379,22.387,22.402,22.41,22.41,22.394,22.441,22.394,22.371,22.363,22.387,22.356,22.387,22.379,22.41,22.418,22.418,22.418,22.418,22.402,22.433,22.425,22.479,22.464,22.456,22.464,22.441,22.479,22.456,22.479,22.487,22.487,22.472,22.479,22.51,22.503,22.51,22.526,22.526,22.518,22.526,22.51,22.518,22.526,22.51,22.518,22.51,22.518,22.534,22.549,22.564,22.534,22.518,22.534,22.518,22.549,22.588,22.58,22.572,22.572,22.534,22.495,22.526,22.534,22.541,22.58,22.549,22.58,22.595,22.564,22.564,22.564,22.588,22.588,22.595,22.611,22.603,22.595,22.603,22.58,22.572,22.58,22.588,22.595,22.619,22.626,22.619,22.611,22.588,22.595,22.603,22.619,22.619,22.626,22.619,22.673,22.642,22.626,22.619,22.603,22.611,22.619,22.603,22.619,22.603,22.626,22.626,22.619,22.619,22.649,22.634,22.642,22.634,22.642,22.649,22.642,22.642,22.649,22.649,22.642,22.68,22.665,22.665,22.665,22.673,22.649,22.665,22.688,22.688,22.68,22.696,22.711,22.719,22.75,22.765,22.75,22.765,22.757,22.765,22.734,22.75,22.727,22.75,22.75,22.734,22.742,22.734,22.734,22.727,22.742,22.765,22.765,22.765,22.773,22.757,22.765,22.773,22.773,22.796,22.788,22.796,22.796,22.773,22.788,22.804,22.804,22.819,22.842,22.85,22.881,22.896,22.911,22.927,22.95,22.95,22.95,22.958,22.965,22.958,22.981,22.988,22.996,23.004,23.027,23.042,23.065,23.081,23.096,23.119,23.104,23.096,23.119,23.134,23.142,23.211,23.257,23.303,23.364,23.479,24.067,24.901,25.428,25.495,25.578,25.653,25.75,26.079,26.154,26.355,26.845,26.904,27.281,27.303,27.333,27.384,27.384,27.384,27.407,27.392,27.421,27.899,27.899,27.884,28.148,27.994,28.251,28.28,28.294,28.462,28.601,28.513,28.914,28.812,28.674,28.834,28.696,28.645,28.652,28.601,28.163,27.965,27.2,26.556,26.258,25.922,25.495,25.593,25.54,25.533,25.45,25.593,25.54,25.405,25.39,25.57,25.503,25.593,25.458,25.45,25.937,25.952,25.855,25.78,26.094,26.004,26.042,25.81,26.087,26.347,26.303,26.161,26.064,26.251,26.466,26.236,26.31,26.295,26.57,26.385,26.243,26.37,26.563,26.518,26.243,26.355,26.407,26.578,26.437,26.444,26.452,26.563,26.444,26.362,26.385,26.392,26.422,26.236,26.273,26.481,26.511,26.34,26.325,26.392,26.6,26.437,26.34,26.303,26.318,26.333,26.094,26.072,26.176,26.213,26.169,26.087,25.952,26.198,25.982,25.765,25.81,25.989,25.877,25.518,25.51,25.63,25.72,25.495,25.375,25.345,25.533,25.36,25.292,25.127,25.413,25.323,25.082,25.089,25.428,26.697,26.778,27.082,28.302,28.47,28.236,28.316,28.55,28.053,28.375,28.557,27.855,27.826,28.134,27.569,27.325,27.539,27.015,26.867,26.904,26.414,26.087,25.862,25.967,25.623,25.45,25.33,25.112,24.969,24.923,24.848,24.923,25.795,26.206,25.907,25.847,25.818,25.743,25.855,25.922,25.877,25.847,25.067,24.795,24.576,23.426,23.265,23.196,23.18,23.157,23.142,23.134,23.111,23.096,23.042,23.004,22.988,22.973,22.958,22.95,22.934,22.934,22.927,22.896,22.904,22.881,22.888,22.881,22.865,22.858,22.834,22.842,22.827,22.858,22.842,22.85,22.834,22.811,22.811,22.811,22.804,22.804,22.804,22.827,22.804,22.827,22.827,22.834,22.819,22.834,22.834,22.827,22.827,22.811,22.788,22.788,22.765,22.796,22.757,22.75,22.75,22.75,22.757,22.75,22.734,22.727,22.711,22.719,22.696,22.665,22.673,22.657,22.68,22.673,22.688,22.673,22.665,22.657,22.657,22.642,22.626,22.595,22.603,22.611,22.619,22.619,22.619,22.634,22.626,22.611,22.619,22.611,22.58,22.58,22.564,22.572,22.564,22.557,22.557,22.557,22.557,22.572,22.572,22.595,22.588,22.58,22.58,22.557,22.58,22.557,22.557,22.549,22.541,22.557,22.58,22.572,22.58,22.557,22.557,22.549,22.541,22.526,22.526,22.534,22.534,22.495,22.526,22.526,22.503,22.495,22.503,22.495,22.51,22.526,22.526,22.557,22.549,22.541,22.526,22.51,22.526,22.503,22.51,22.495,22.503,22.51,22.479,22.464,22.464,22.456,22.433,22.441,22.425,22.472,22.472,22.425,22.487,22.487,22.472,22.479,22.495,22.518,22.51,22.534,22.51,22.526,22.526,22.503,22.487,22.472,22.472,22.464,22.464,22.487,22.449,22.495,22.456,22.456,22.464,22.479,22.487,22.479,22.449,22.487,22.456,22.472,22.464,22.449,22.456,22.449,22.449,22.449,22.464,22.472,22.479,22.472,22.456,22.456,22.479,22.449,22.456,22.464,22.472,22.487,22.433,22.425,22.449,22.441,22.425,22.41,22.41,22.41,22.433,22.418,22.425,22.425,22.449,22.456,22.425,22.418,22.425,22.41,22.394,22.418,22.394,22.402,22.402,22.402,22.394,22.433,22.449,22.456,22.472,22.487,22.479,22.487,22.479,22.479,22.479,22.541,22.549,22.534,22.526,22.479,22.464,22.487
,22.425,22.394,22.379,22.371,22.356,22.332,22.363,22.363,22.379,22.363,22.379,22.379,22.418,22.402,22.379,22.387,22.41,22.394,22.379,22.418,22.418,22.449,22.441,22.433,22.402,22.418,22.371,22.371,22.402,22.402,22.402,22.363,22.418,22.418,22.418,22.41,22.433,22.425,22.433,22.418,22.464,22.472,22.472,22.464,22.472,22.472,22.495,22.487,22.51,22.518,22.51,22.518,22.51,22.541,22.534,22.534,22.526,22.518,22.518,22.518,22.503,22.518,22.503,22.518,22.541,22.549,22.557,22.549,22.541,22.526,22.534,22.518,22.557,22.595,22.58,22.564,22.541,22.534,22.526,22.526,22.541,22.58,22.58,22.557,22.572,22.557,22.572,22.58,22.588,22.611,22.603,22.611,22.626,22.595,22.595,22.58,22.572,22.58,22.603,22.611,22.611,22.619,22.611,22.619,22.619,22.619,22.619,22.603,22.611,22.626,22.649,22.665,22.642,22.626,22.626,22.611,22.603,22.619,22.649,22.657,22.611,22.611,22.626,22.642,22.642,22.634,22.657,22.649,22.649,22.649,22.649,22.649,22.657,22.665,22.657,22.673,22.657,22.673,22.68,22.696,22.696,22.688,22.703,22.68,22.688,22.696,22.696,22.703,22.711,22.75,22.75,22.765,22.757,22.765,22.788,22.757,22.757,22.765,22.757,22.773,22.757,22.742,22.742,22.742,22.742,22.727,22.765,22.765,22.773,22.765,22.765,22.788,22.788,22.804,22.796,22.819,22.78,22.804,22.796,22.811,22.811,22.819,22.834,22.842,22.85,22.873,22.896,22.919,22.942,22.965,22.958,22.958,22.958,22.958,22.973,22.981,22.981,22.988,23.019,23.027,23.05,23.081,23.096,23.104,23.111,23.119,23.111,23.134,23.142,23.211,23.219,23.242,23.272,23.41,23.502,24.227,25.142,25.42,25.405,25.525,25.713,25.84,26.116,26.258,26.578,27.015,26.934,27.296,27.274,27.333,27.355,27.289,27.318,27.495,27.451,27.451,28.068,28.031,27.958,28.214,28.148,28.229,28.309,28.346,28.477,28.928,28.754,28.841,28.921,28.623,28.805,28.703,28.506,27.95,27.399,26.622,26.452,25.6,25.525,25.48,25.473,25.495,25.525,25.6,25.525,25.525,25.593,25.63,25.608,25.63,25.638,25.975,25.967,25.705,25.847,26.146,26.236,26.161,26.072,26.228,26.459,26.377,25.982,26.251,26.526,26.526,26.37,26.295,26.399,26.57,26.489,26.399,26.548,26.593,26.593,26.444,26.437,26.57,26.719,26.57,26.466,26.556,26.66,26.548,26.533,26.496,26.578,26.585,26.437,26.407,26.578,26.578,26.518,26.385,26.437,26.466,26.399,26.392,26.385,26.6,26.526,26.392,26.347,26.444,26.392,26.251,26.251,26.325,26.437,26.258,26.243,26.318,26.385,26.183,26.146,25.87,26.139,26.064,25.982,25.795,26.034,26.049,25.675,25.51,25.75,25.795,25.57,25.435,25.27,25.405,25.353,25.112,25.067,25.172,25.277,25.127,25.27,26.978,27.554,27.244,28.177,28.608,28.236,28.346,28.462,28.148,28.126,28.199,27.694,27.958,28.009,27.163,26.993,27.17,26.83,26.139,26.288,26.176,25.675,25.375,25.48,25.383,24.916,24.878,24.886,24.666,24.871,25.578,25.705,25.773,25.825,25.765,25.765,25.87,25.967,25.877,25.398,24.886,24.538,23.671,23.257,23.203,23.188,23.157,23.165,23.142,23.119,23.096,23.034,23.027,22.996,22.996,22.981,22.958,22.95,22.934,22.919,22.927,22.919,22.888,22.911,22.904,22.888,22.873,22.834,22.858,22.858,22.865,22.865,22.842,22.834,22.827,22.827,22.819,22.819,22.819,22.842,22.842,22.811,22.834,22.85,22.85,22.85,22.834,22.834,22.827,22.834,22.811,22.796,22.819,22.796,22.811,22.773,22.765,22.757,22.75,22.75,22.757,22.742,22.734,22.734,22.696,22.711,22.68,22.68,22.657,22.665,22.703,22.696,22.673,22.673,22.673,22.665,22.649,22.649,22.634,22.649,22.619,22.619,22.619,22.626,22.634,22.642,22.634,22.619,22.603,22.595,22.595,22.572,22.572,22.572,22.572,22.572,22.572,22.572,22.588,22.595,22.603,22.626,22.595,22.572,22.549,22.557,22.549,22.564,22.557,22.557,22.557,22.557,22.572,22.58,22.572,22.557,22.549,22.557,22.534,22.534,22.518,22.557,22.534,22.526,22.518,22.51,22.487,22.495,22.503,22.526,22.549,22.572,22.557,22.557,22.557,22.534,22.518,22.51,22.503,22.487,22.51,22.503,22.51,22.51,22.479,22.479,22.456,22.449,22.441,22.449,22.449,22.479,22.464,22.472,22.425,22.503,22.495,22.518,22.51,22.526,22.518,22.534,22.51,22.526,22.51,22.487,22.503,22.479,22.51,22.503,22.479,22.487,22.472,22.433,22.464,22.487,22.503,22.51,22.487,22.487,22.495,22.472,22.479,22.495,22.464,22.472,22.464,22.456,22.472,22.479,22.479,22.479,22.479,22.464,22.456,22.472,22.449,22.472,22.487,22.464,22.464,22.472,22.464,22.464,22.433,22.425,22.418,22.425,22.41,22.41,22.387,22.379,22.425,22.387,22.425,22.418,22.425,22.41,22.394,22.394,22.418,22.418,22.41,22.41,22.394,22.425,22.441,22.433,22.472,22.495,22.495,22.495,22.487,22.464,22.487,22.526,22.549,22.518,22.564,22.503,22.495,22.487,22.418
,22.402,22.387,22.387,22.363,22.34,22.371,22.363,22.371,22.363,22.363,22.371,22.394,22.402,22.402,22.387,22.402,22.379,22.379,22.394,22.402,22.433,22.441,22.433,22.425,22.41,22.41,22.394,22.402,22.402,22.41,22.41,22.418,22.418,22.394,22.41,22.371,22.433,22.418,22.456,22.425,22.464,22.472,22.472,22.487,22.472,22.503,22.487,22.503,22.495,22.526,22.534,22.526,22.518,22.526,22.526,22.526,22.534,22.495,22.51,22.51,22.518,22.526,22.518,22.526,22.526,22.541,22.549,22.541,22.541,22.541,22.541,22.58,22.564,22.557,22.58,22.564,22.564,22.526,22.534,22.534,22.549,22.572,22.564,22.564,22.557,22.549,22.557,22.58,22.58,22.595,22.611,22.619,22.619,22.611,22.611,22.603,22.611,22.603,22.603,22.603,22.595,22.603,22.611,22.619,22.611,22.619,22.595,22.603,22.634,22.626,22.665,22.657,22.642,22.649,22.626,22.611,22.619,22.595,22.611,22.626,22.634,22.634,22.657,22.642,22.68,22.665,22.673,22.665,22.657,22.673,22.673,22.673,22.665,22.657,22.665,22.673,22.703,22.696,22.696,22.711,22.711,22.703,22.703,22.696,22.696,22.696,22.696,22.711,22.727,22.75,22.734,22.765,22.757,22.75,22.765,22.742,22.75,22.765,22.765,22.773,22.765,22.742,22.757,22.742,22.75,22.757,22.765,22.78,22.773,22.773,22.78,22.788,22.788,22.811,22.811,22.819,22.804,22.811,22.811,22.819,22.827,22.834,22.85,22.858,22.873,22.873,22.888,22.919,22.942,22.95,22.958,22.965,22.965,22.958,22.973,22.988,22.996,23.011,23.027,23.042,23.058,23.081,23.096,23.111,23.111,23.127,23.127,23.142,23.18,23.18,23.234,23.319,23.334,23.441,23.518,24.257,25.157,25.308,25.443,25.6,25.922,26.057,26.362,26.481,26.548,27.045,27.023,27.296,27.296,27.311,27.266,27.355,27.303,27.539,27.642,27.738,28.046,28.09,28.068,28.346,28.243,28.258,28.484,28.433,28.659,28.848,28.725,28.841,28.936,28.666,28.309,27.767,27.148,26.541,25.967,25.728,25.525,25.473,25.578,25.48,25.465,25.473,25.6,25.668,25.645,25.6,25.63,25.982,25.989,25.81,25.885,26.265,26.37,26.206,26.176,26.466,26.637,26.593,26.496,26.504,26.526,26.637,26.399,26.422,26.556,26.697,26.637,26.437,26.563,26.674,26.704,26.504,26.511,26.674,26.749,26.481,26.466,26.608,26.763,26.682,26.637,26.593,26.749,26.712,26.585,26.57,26.615,26.652,26.57,26.556,26.6,26.667,26.63,26.414,26.481,26.511,26.437,26.474,26.377,26.556,26.6,26.407,26.399,26.459,26.496,26.385,26.377,26.459,26.518,26.243,26.161,26.399,26.355,26.198,26.191,26.109,26.288,26.198,25.997,26.027,26.057,26.191,25.967,25.743,25.877,25.855,25.72,25.518,25.45,25.615,25.503,25.443,25.157,25.127,25.262,25.029,24.961,25.398,25.36,25.27,26.749,28.258,28.119,28.346,28.287,28.229,28.236,28.185,27.826,28.068,27.972,27.266,27.259,27.178,26.978,26.437,26.504,26.161,25.818,25.645,25.683,25.458,25.27,24.961,24.81,24.697,24.719,24.75,25.082,25.668,25.743,25.728,25.675,25.855,26.109,25.87,25.368,24.999,24.56,23.678,23.272,23.226,23.203,23.173,23.157,23.15,23.127,23.104,23.065,23.034,23.004,23.004,22.988,22.973,22.95,22.942,22.958,22.904,22.927,22.904,22.896,22.919,22.896,22.881,22.873,22.865,22.881,22.896,22.873,22.842,22.827,22.827,22.827,22.834,22.834,22.834,22.842,22.827,22.834,22.85,22.858,22.858,22.85,22.834,22.858,22.827,22.834,22.819,22.819,22.827,22.827,22.811,22.804,22.773,22.765,22.757,22.765,22.765,22.773,22.75,22.742,22.727,22.696,22.657,22.727,22.703,22.703,22.711,22.68,22.688,22.68,22.68,22.665,22.68,22.673,22.642,22.634,22.626,22.626,22.611,22.634,22.626,22.642,22.642,22.642,22.619,22.619,22.603,22.595,22.595,22.595,22.572,22.58,22.564,22.58,22.58,22.595,22.619,22.619,22.58,22.564,22.557,22.564,22.564,22.557,22.557,22.557,22.557,22.564,22.58,22.58,22.58,22.564,22.564,22.549,22.549,22.534,22.557,22.541,22.534,22.534,22.534,22.51,22.51,22.503,22.503,22.534,22.549,22.564,22.564,22.564,22.549,22.541,22.526,22.518,22.495,22.503,22.503,22.503,22.503,22.503,22.487,22.472,22.464,22.456,22.449,22.456,22.456,22.495,22.487,22.51,22.487,22.541,22.487,22.526,22.518,22.518,22.518,22.518,22.534,22.51,22.495,22.495,22.495,22.464,22.526,22.534,22.518,22.464,22.441,22.472,22.479,22.503,22.503,22.51,22.495,22.503,22.503,22.495,22.487,22.479,22.472,22.479,22.472,22.479,22.472,22.456,22.487,22.495,22.518,22.479,22.549,22.441,22.449,22.464,22.472,22.464,22.487,22.472,22.464,22.449,22.433,22.418,22.433,22.456,22.425,22.449,22.433,22.449,22.441,22.464,22.479,22.433,22.332,22.418,22.433,22.418,22.41,22.425,22.41,22.402,22.425,22.418,22.418,22.464,22.456,22.518,22.503,22.503,22.479,22.479,22.487,22.503,22.549,22.534,22.526,22.503,22.557,22.503,22.425
,22.371,22.387,22.379,22.387,22.371,22.379,22.371,22.363,22.379,22.371,22.379,22.425,22.402,22.41,22.425,22.402,22.394,22.387,22.402,22.418,22.449,22.425,22.433,22.441,22.402,22.402,22.41,22.402,22.41,22.418,22.418,22.418,22.418,22.418,22.41,22.41,22.433,22.418,22.472,22.456,22.464,22.472,22.472,22.487,22.487,22.503,22.503,22.495,22.526,22.526,22.549,22.541,22.526,22.534,22.526,22.518,22.51,22.495,22.51,22.51,22.518,22.541,22.534,22.549,22.557,22.549,22.557,22.549,22.557,22.564,22.549,22.549,22.557,22.541,22.588,22.564,22.572,22.541,22.534,22.526,22.557,22.588,22.58,22.572,22.564,22.557,22.572,22.58,22.595,22.603,22.619,22.626,22.619,22.619,22.611,22.619,22.619,22.619,22.603,22.611,22.611,22.595,22.595,22.603,22.603,22.619,22.649,22.634,22.626,22.673,22.665,22.665,22.665,22.649,22.657,22.649,22.611,22.619,22.588,22.649,22.657,22.649,22.657,22.68,22.68,22.673,22.688,22.68,22.665,22.673,22.68,22.688,22.673,22.68,22.688,22.688,22.703,22.711,22.719,22.719,22.719,22.711,22.734,22.711,22.696,22.711,22.696,22.727,22.727,22.75,22.75,22.757,22.75,22.765,22.757,22.75,22.773,22.773,22.773,22.78,22.765,22.757,22.757,22.757,22.75,22.765,22.773,22.78,22.796,22.78,22.78,22.788,22.788,22.788,22.804,22.811,22.811,22.842,22.85,22.85,22.842,22.85,22.865,22.865,22.888,22.888,22.896,22.911,22.927,22.958,22.973,22.981,22.981,22.981,22.973,22.988,22.996,23.027,23.034,23.042,23.073,23.073,23.088,23.096,23.119,23.127,23.134,23.157,23.173,23.211,23.265,23.257,23.341,23.487,23.579,24.325,25.18,25.292,25.488,25.623,25.982,26.191,26.422,26.57,26.652,27.06,27.082,27.229,27.17,27.266,27.222,27.34,27.377,27.635,27.899,27.796,28.148,28.214,28.104,28.382,28.324,28.346,28.615,28.615,28.783,28.892,28.703,28.717,28.506,27.569,26.548,25.907,25.96,25.6,25.503,25.735,25.555,25.503,25.57,25.6,25.57,25.525,25.608,26.019,25.84,25.653,25.773,26.362,26.489,26.392,26.265,26.333,26.771,26.414,26.333,26.682,26.786,26.719,26.541,26.526,26.652,26.771,26.585,26.489,26.66,26.734,26.704,26.578,26.615,26.786,26.83,26.741,26.712,26.771,26.704,26.6,26.674,26.689,26.8,26.726,26.674,26.734,26.771,26.712,26.622,26.63,26.645,26.719,26.578,26.563,26.578,26.652,26.563,26.496,26.452,26.511,26.444,26.385,26.385,26.556,26.578,26.474,26.399,26.474,26.533,26.377,26.37,26.474,26.481,26.355,26.333,26.362,26.429,26.28,26.221,26.265,26.377,26.236,26.049,26.169,26.124,26.206,25.922,25.885,26.027,25.967,25.728,25.638,25.705,26.019,25.705,25.458,25.292,25.548,25.48,25.021,25.014,25.067,24.991,24.916,25.172,26.362,26.778,27.266,28.207,28.192,28.214,28.265,28.002,28.141,28.038,27.473,27.554,27.664,27.052,26.978,26.926,26.333,26.183,26.146,25.735,25.428,25.104,25.119,24.886,24.606,24.742,24.538,24.462,24.629,25.585,25.63,25.645,25.855,26.057,25.855,25.81,25.202,24.704,23.823,23.341,23.226,23.203,23.18,23.157,23.134,23.134,23.104,23.088,23.034,23.034,23.004,22.988,22.973,22.965,22.942,22.919,22.904,22.904,22.888,22.911,22.911,22.911,22.911,22.896,22.873,22.873,22.911,22.873,22.865,22.834,22.834,22.834,22.834,22.85,22.85,22.842,22.85,22.858,22.865,22.842,22.865,22.842,22.842,22.842,22.827,22.819,22.842,22.819,22.827,22.842,22.811,22.819,22.796,22.78,22.765,22.757,22.757,22.75,22.757,22.742,22.742,22.719,22.696,22.688,22.711,22.711,22.696,22.68,22.68,22.68,22.688,22.673,22.673,22.673,22.673,22.642,22.642,22.619,22.619,22.619,22.626,22.649,22.649,22.657,22.649,22.619,22.619,22.619,22.611,22.595,22.595,22.564,22.564,22.588,22.588,22.58,22.611,22.611,22.603,22.58,22.58,22.564,22.557,22.557,22.564,22.564,22.549,22.572,22.564,22.557,22.58,22.557,22.557,22.534,22.541,22.541,22.549,22.534,22.541,22.541,22.541,22.534,22.534,22.495,22.526,22.518,22.534,22.557,22.572,22.564,22.557,22.541,22.51,22.503,22.487,22.495,22.487,22.495,22.495,22.495,22.487,22.456,22.472,22.456,22.441,22.495,22.472,22.479,22.503,22.518,22.449,22.472,22.518,22.51,22.541,22.518,22.518,22.526,22.51,22.51,22.503,22.479,22.495,22.479,22.464,22.549,22.526,22.495,22.464,22.487,22.456,22.503,22.479,22.472,22.495,22.472,22.487,22.472,22.464,22.479,22.479,22.479,22.479,22.464,22.495,22.495,22.472,22.456,22.464,22.487,22.464,22.464,22.456,22.456,22.441,22.464,22.472,22.464,22.449,22.425,22.441,22.425,22.441,22.449,22.418,22.433,22.394,22.41,22.449,22.456,22.464,22.449,22.418,22.34,22.387,22.433,22.441,22.418,22.418,22.433,22.402,22.418,22.418,22.449,22.464,22.495,22.518,22.503,22.495,22.526,22.503,22.518,22.526,22.549,22.588,22.456,22.495,22.495,22.479
,22.363,22.363,22.387,22.387,22.371,22.371,22.379,22.379,22.394,22.394,22.387,22.41,22.41,22.418,22.425,22.402,22.41,22.41,22.394,22.425,22.418,22.449,22.449,22.449,22.425,22.425,22.41,22.418,22.41,22.41,22.41,22.425,22.425,22.425,22.425,22.425,22.433,22.402,22.449,22.464,22.472,22.472,22.464,22.472,22.487,22.487,22.51,22.503,22.526,22.541,22.549,22.541,22.526,22.526,22.503,22.495,22.495,22.495,22.51,22.51,22.534,22.564,22.549,22.58,22.564,22.557,22.549,22.557,22.572,22.564,22.564,22.549,22.557,22.58,22.564,22.58,22.534,22.534,22.534,22.549,22.572,22.595,22.595,22.588,22.572,22.564,22.564,22.588,22.588,22.603,22.642,22.634,22.619,22.634,22.626,22.619,22.626,22.611,22.626,22.603,22.603,22.595,22.603,22.611,22.634,22.657,22.634,22.642,22.665,22.657,22.673,22.673,22.68,22.657,22.642,22.642,22.649,22.626,22.673,22.673,22.642,22.68,22.673,22.688,22.711,22.703,22.68,22.673,22.665,22.68,22.696,22.696,22.688,22.688,22.68,22.696,22.727,22.734,22.727,22.727,22.727,22.727,22.734,22.742,22.727,22.711,22.719,22.727,22.742,22.757,22.765,22.765,22.75,22.734,22.765,22.765,22.773,22.78,22.773,22.78,22.773,22.773,22.773,22.765,22.765,22.773,22.773,22.796,22.788,22.788,22.788,22.788,22.796,22.796,22.788,22.804,22.819,22.827,22.842,22.873,22.865,22.858,22.873,22.888,22.888,22.896,22.896,22.919,22.958,22.981,22.973,22.988,22.988,22.988,22.996,23.004,23.027,23.027,23.065,23.088,23.065,23.081,23.073,23.088,23.119,23.127,23.142,23.165,23.196,23.265,23.296,23.341,23.38,23.456,23.877,24.954,25.097,25.308,25.555,25.63,26.079,26.504,26.429,26.823,26.926,27.067,27.111,27.244,27.259,27.259,27.259,27.451,27.576,27.708,28.002,27.782,28.185,28.273,28.207,28.462,28.462,28.287,28.732,28.681,28.637,28.666,27.664,27.436,26.474,26.087,25.69,25.653,25.66,25.593,25.548,25.705,25.743,25.54,25.555,25.705,25.818,26.072,25.735,26.079,26.236,26.131,26.146,26.422,26.682,26.556,26.429,26.63,26.823,26.749,26.452,26.704,26.904,26.778,26.682,26.608,26.726,26.986,26.86,26.674,26.763,26.845,26.778,26.704,26.674,26.786,26.763,26.771,26.756,26.719,26.771,26.704,26.734,26.712,26.83,26.823,26.741,26.719,26.778,26.749,26.66,26.63,26.682,26.712,26.585,26.578,26.563,26.66,26.541,26.481,26.437,26.548,26.422,26.385,26.377,26.496,26.57,26.414,26.422,26.518,26.615,26.437,26.392,26.474,26.526,26.392,26.34,26.347,26.407,26.347,26.265,26.198,26.325,26.228,26.094,26.213,26.228,26.183,26.079,26.004,26.146,26.154,25.997,25.892,26.057,26.094,25.855,25.555,25.533,25.668,25.615,25.059,25.097,25.029,25.044,24.931,24.946,25.127,25.104,25.097,27.141,27.421,27.877,28.287,28.053,28.273,28.06,27.752,28.038,27.987,27.237,27.156,27.17,26.444,26.347,26.295,26.109,25.66,25.368,25.405,24.954,24.765,24.757,24.439,24.416,24.432,24.523,25.495,25.503,25.743,25.96,25.982,25.593,25.067,24.795,24.303,23.586,23.249,23.203,23.18,23.134,23.134,23.119,23.088,23.096,23.088,23.027,23.004,22.996,22.973,22.958,22.958,22.934,22.934,22.927,22.919,22.927,22.934,22.919,22.911,22.896,22.888,22.896,22.896,22.873,22.865,22.85,22.873,22.858,22.842,22.873,22.865,22.865,22.85,22.834,22.834,22.858,22.858,22.85,22.842,22.811,22.811,22.834,22.842,22.819,22.834,22.842,22.834,22.827,22.796,22.78,22.765,22.765,22.757,22.742,22.742,22.742,22.727,22.711,22.688,22.68,22.703,22.719,22.719,22.719,22.703,22.696,22.688,22.688,22.68,22.688,22.673,22.665,22.634,22.626,22.619,22.619,22.619,22.626,22.649,22.657,22.649,22.649,22.634,22.626,22.611,22.611,22.603,22.58,22.595,22.58,22.588,22.58,22.572,22.588,22.611,22.588,22.572,22.549,22.549,22.557,22.557,22.564,22.557,22.557,22.557,22.572,22.557,22.564,22.541,22.549,22.549,22.541,22.534,22.541,22.549,22.526,22.534,22.534,22.526,22.557,22.541,22.51,22.557,22.557,22.564,22.564,22.564,22.541,22.526,22.503,22.487,22.487,22.495,22.495,22.495,22.495,22.487,22.456,22.472,22.464,22.464,22.487,22.495,22.503,22.495,22.503,22.495,22.541,22.534,22.526,22.518,22.564,22.495,22.518,22.503,22.487,22.495,22.487,22.495,22.487,22.487,22.495,22.464,22.495,22.495,22.495,22.487,22.479,22.472,22.464,22.456,22.464,22.487,22.479,22.479,22.464,22.456,22.472,22.472,22.479,22.433,22.456,22.464,22.487,22.495,22.449,22.479,22.441,22.472,22.441,22.433,22.456,22.464,22.472,22.449,22.441,22.441,22.441,22.433,22.425,22.41,22.441,22.441,22.449,22.441,22.441,22.433,22.456,22.41,22.433,22.441,22.425,22.433,22.441,22.433,22.441,22.41,22.449,22.425,22.472,22.456,22.487,22.495,22.51,22.503,22.541,22.518,22.549,22.526,22.526,22.503,22.526,22.449,22.487,22.549
,22.356,22.371,22.379,22.379,22.379,22.394,22.379,22.379,22.394,22.418,22.387,22.394,22.402,22.418,22.418,22.41,22.418,22.387,22.394,22.402,22.379,22.394,22.441,22.425,22.425,22.418,22.425,22.41,22.402,22.41,22.418,22.418,22.425,22.425,22.433,22.433,22.464,22.449,22.441,22.456,22.472,22.472,22.472,22.464,22.487,22.503,22.518,22.526,22.518,22.534,22.541,22.564,22.534,22.526,22.487,22.503,22.479,22.503,22.51,22.541,22.541,22.534,22.549,22.557,22.557,22.549,22.564,22.58,22.572,22.564,22.557,22.557,22.557,22.564,22.564,22.549,22.549,22.541,22.549,22.549,22.557,22.58,22.595,22.58,22.58,22.564,22.58,22.588,22.595,22.603,22.611,22.642,22.619,22.626,22.619,22.611,22.626,22.603,22.603,22.611,22.595,22.588,22.595,22.603,22.619,22.634,22.642,22.649,22.642,22.642,22.665,22.68,22.665,22.665,22.68,22.634,22.649,22.649,22.673,22.665,22.68,22.68,22.68,22.696,22.68,22.68,22.673,22.68,22.673,22.688,22.688,22.696,22.688,22.696,22.688,22.68,22.719,22.734,22.727,22.727,22.734,22.734,22.734,22.727,22.719,22.75,22.734,22.742,22.757,22.765,22.765,22.78,22.788,22.75,22.727,22.765,22.773,22.788,22.78,22.78,22.773,22.773,22.78,22.788,22.796,22.796,22.796,22.819,22.804,22.78,22.788,22.788,22.78,22.788,22.804,22.796,22.811,22.834,22.85,22.834,22.858,22.865,22.888,22.911,22.904,22.904,22.911,22.927,22.958,22.973,22.981,22.981,22.988,23.004,23.019,23.034,23.027,23.05,23.065,23.065,23.065,23.065,23.073,23.081,23.111,23.134,23.165,23.18,23.257,23.226,23.288,23.334,23.449,23.51,23.938,24.938,25.255,25.375,25.638,25.81,26.094,26.518,26.563,26.793,26.963,27.067,27.089,27.148,27.163,27.281,27.274,27.62,27.716,27.848,28.075,28.119,28.163,28.382,28.324,28.521,28.535,28.389,28.637,28.615,27.855,27.141,26.318,25.81,25.765,25.735,25.653,25.63,25.75,25.653,25.608,25.81,26.072,26.004,25.683,26.012,26.31,26.377,26.161,26.385,26.481,26.541,26.429,26.57,26.741,26.645,26.489,26.697,26.86,26.845,26.6,26.726,26.904,26.919,26.889,26.726,26.86,26.912,26.889,26.734,26.741,26.823,26.756,26.749,26.697,26.8,26.808,26.756,26.763,26.749,26.875,26.682,26.697,26.771,26.867,26.8,26.726,26.763,26.771,26.749,26.689,26.652,26.697,26.704,26.608,26.57,26.593,26.556,26.556,26.459,26.474,26.504,26.466,26.407,26.407,26.57,26.608,26.437,26.429,26.526,26.511,26.392,26.392,26.466,26.496,26.414,26.34,26.325,26.496,26.34,26.258,26.258,26.325,26.37,26.31,26.295,26.318,26.273,26.094,26.176,26.243,26.288,26.124,25.997,26.087,26.169,25.989,25.72,25.683,25.75,25.54,25.405,25.48,25.368,25.27,24.984,25.097,25.044,24.863,24.871,25.255,25.3,25.877,27.296,27.811,28.382,28.185,27.994,28.17,27.958,27.303,27.598,27.37,26.6,26.719,26.593,26.124,25.803,25.57,25.51,24.999,24.923,24.727,24.538,24.447,24.363,24.31,24.409,24.568,25.645,25.87,25.825,25.555,25.24,24.833,24.379,23.594,23.28,23.211,23.165,23.142,23.119,23.111,23.111,23.088,23.065,23.019,23.034,23.004,22.996,22.965,22.95,22.942,22.95,22.934,22.927,22.942,22.919,22.919,22.911,22.927,22.904,22.896,22.904,22.873,22.896,22.888,22.842,22.858,22.85,22.858,22.873,22.865,22.873,22.85,22.842,22.827,22.827,22.796,22.819,22.811,22.827,22.834,22.842,22.834,22.834,22.842,22.834,22.827,22.819,22.773,22.78,22.757,22.757,22.75,22.734,22.734,22.719,22.703,22.696,22.703,22.703,22.727,22.727,22.703,22.703,22.688,22.688,22.688,22.673,22.673,22.657,22.649,22.642,22.611,22.603,22.595,22.619,22.626,22.642,22.657,22.649,22.649,22.642,22.634,22.626,22.619,22.611,22.603,22.588,22.588,22.58,22.557,22.58,22.572,22.572,22.557,22.572,22.557,22.564,22.557,22.557,22.549,22.564,22.572,22.564,22.572,22.572,22.541,22.549,22.534,22.526,22.518,22.549,22.534,22.518,22.526,22.541,22.526,22.518,22.51,22.51,22.518,22.526,22.541,22.557,22.557,22.549,22.534,22.518,22.51,22.495,22.487,22.495,22.495,22.487,22.503,22.487,22.456,22.472,22.487,22.479,22.503,22.503,22.503,22.495,22.495,22.479,22.518,22.541,22.534,22.534,22.526,22.526,22.495,22.487,22.503,22.503,22.495,22.503,22.487,22.495,22.487,22.495,22.456,22.51,22.464,22.503,22.487,22.51,22.441,22.464,22.449,22.456,22.433,22.464,22.456,22.464,22.456,22.449,22.472,22.464,22.433,22.487,22.418,22.472,22.487,22.464,22.449,22.433,22.433,22.449,22.464,22.456,22.464,22.441,22.464,22.456,22.433,22.449,22.425,22.433,22.418,22.433,22.441,22.449,22.418,22.433,22.433,22.456,22.433,22.433,22.433,22.433,22.425,22.433,22.433,22.441,22.433,22.449,22.456,22.464,22.456,22.479,22.479,22.526,22.518,22.456,22.541,22.541,22.518,22.518,22.526,22.526,22.495,22.51
,22.34,22.371,22.363,22.363,22.379,22.394,22.379,22.402,22.402,22.418,22.41,22.41,22.402,22.418,22.418,22.418,22.418,22.402,22.402,22.41,22.418,22.425,22.418,22.433,22.449,22.425,22.41,22.425,22.425,22.418,22.418,22.418,22.418,22.433,22.441,22.449,22.441,22.464,22.456,22.464,22.472,22.472,22.464,22.464,22.495,22.495,22.503,22.518,22.526,22.557,22.557,22.534,22.541,22.518,22.541,22.495,22.479,22.464,22.495,22.541,22.541,22.541,22.564,22.564,22.557,22.557,22.572,22.564,22.564,22.58,22.557,22.564,22.564,22.564,22.557,22.564,22.541,22.549,22.557,22.564,22.572,22.58,22.595,22.572,22.58,22.588,22.595,22.603,22.588,22.626,22.603,22.634,22.611,22.611,22.611,22.595,22.595,22.603,22.619,22.619,22.603,22.595,22.611,22.611,22.619,22.626,22.634,22.634,22.649,22.657,22.673,22.665,22.657,22.657,22.642,22.665,22.649,22.642,22.665,22.665,22.673,22.68,22.68,22.68,22.68,22.673,22.657,22.673,22.665,22.673,22.696,22.688,22.696,22.688,22.696,22.688,22.727,22.711,22.75,22.719,22.734,22.742,22.75,22.742,22.734,22.727,22.727,22.734,22.773,22.773,22.773,22.765,22.757,22.765,22.75,22.765,22.78,22.788,22.796,22.788,22.773,22.788,22.773,22.78,22.788,22.811,22.804,22.811,22.804,22.804,22.788,22.788,22.796,22.819,22.788,22.796,22.796,22.827,22.834,22.834,22.881,22.881,22.881,22.896,22.919,22.919,22.934,22.934,22.965,22.965,22.981,22.973,22.973,23.011,23.011,23.042,23.034,23.073,23.058,23.073,23.058,23.058,23.065,23.088,23.119,23.134,23.157,23.188,23.203,23.265,23.296,23.349,23.418,23.525,24.295,25.052,25.277,25.488,25.653,25.93,26.273,26.541,26.8,26.793,26.949,27.008,27.089,27.126,27.148,27.451,27.318,27.635,27.782,27.833,28.229,28.221,28.309,28.389,28.382,28.55,28.645,28.55,28.389,27.679,26.131,25.818,25.728,25.72,25.765,25.78,25.683,25.675,25.952,25.832,25.847,25.96,26.347,26.258,26.176,26.251,26.674,26.697,26.437,26.511,26.689,26.749,26.652,26.682,26.838,26.852,26.608,26.786,26.838,26.919,26.682,26.8,26.978,26.941,26.875,26.867,26.852,26.941,26.889,26.793,26.778,26.808,26.771,26.726,26.697,26.771,26.808,26.8,26.749,26.756,26.778,26.712,26.689,26.667,26.823,26.845,26.741,26.719,26.749,26.741,26.667,26.645,26.645,26.63,26.585,26.563,26.548,26.556,26.518,26.474,26.474,26.533,26.481,26.399,26.407,26.533,26.645,26.437,26.429,26.533,26.645,26.437,26.437,26.481,26.459,26.399,26.288,26.34,26.452,26.325,26.251,26.303,26.362,26.34,26.347,26.303,26.355,26.303,26.176,26.176,26.243,26.258,26.064,26.124,26.161,26.213,25.952,25.832,25.847,25.93,25.72,25.518,25.653,25.548,25.338,25.127,25.398,25.195,24.901,24.946,25.089,24.916,24.938,25.81,26.526,27.767,28.155,28.112,28.207,27.965,27.554,27.708,27.407,26.963,26.845,26.771,26.444,26.198,26.049,25.593,25.435,25.172,24.825,24.682,24.53,24.568,24.341,24.31,24.249,24.545,25.713,25.825,25.735,25.315,24.901,24.325,23.701,23.288,23.219,23.18,23.134,23.127,23.111,23.096,23.096,23.081,23.05,23.05,23.027,22.988,22.973,22.95,22.958,22.942,22.934,22.95,22.942,22.934,22.942,22.934,22.904,22.911,22.911,22.896,22.881,22.896,22.888,22.881,22.865,22.858,22.858,22.865,22.873,22.858,22.85,22.85,22.827,22.811,22.819,22.842,22.827,22.834,22.85,22.85,22.834,22.85,22.842,22.827,22.819,22.788,22.78,22.757,22.765,22.742,22.75,22.727,22.727,22.719,22.711,22.711,22.696,22.727,22.719,22.734,22.719,22.719,22.703,22.688,22.68,22.673,22.657,22.649,22.634,22.619,22.626,22.588,22.626,22.619,22.619,22.619,22.649,22.657,22.649,22.657,22.634,22.626,22.619,22.611,22.611,22.603,22.588,22.572,22.549,22.564,22.557,22.58,22.557,22.572,22.564,22.557,22.564,22.58,22.572,22.58,22.58,22.572,22.572,22.549,22.541,22.541,22.541,22.526,22.534,22.503,22.534,22.549,22.534,22.526,22.526,22.526,22.503,22.518,22.534,22.534,22.534,22.549,22.557,22.541,22.518,22.526,22.503,22.495,22.479,22.472,22.472,22.472,22.51,22.472,22.456,22.487,22.479,22.503,22.526,22.503,22.526,22.487,22.487,22.479,22.503,22.503,22.472,22.51,22.518,22.503,22.51,22.503,22.503,22.495,22.495,22.51,22.503,22.51,22.472,22.479,22.495,22.479,22.487,22.487,22.487,22.487,22.495,22.472,22.456,22.433,22.433,22.449,22.441,22.441,22.464,22.449,22.456,22.41,22.464,22.503,22.464,22.495,22.456,22.472,22.433,22.425,22.464,22.449,22.449,22.456,22.464,22.456,22.479,22.449,22.433,22.418,22.425,22.41,22.402,22.456,22.433,22.433,22.433,22.433,22.441,22.41,22.418,22.402,22.441,22.425,22.425,22.433,22.433,22.464,22.441,22.425,22.441,22.449,22.479,22.479,22.479,22.495,22.541,22.534,22.479,22.495,22.503,22.518,22.51,22.564,22.572,22.564
,22.371,22.356,22.371,22.348,22.363,22.371,22.371,22.387,22.402,22.394,22.402,22.402,22.379,22.387,22.394,22.394,22.418,22.41,22.402,22.402,22.41,22.41,22.418,22.449,22.418,22.418,22.425,22.394,22.41,22.402,22.425,22.418,22.433,22.441,22.441,22.449,22.441,22.433,22.456,22.449,22.456,22.449,22.464,22.472,22.464,22.479,22.503,22.51,22.518,22.549,22.549,22.549,22.51,22.526,22.518,22.464,22.472,22.495,22.51,22.526,22.549,22.541,22.549,22.549,22.549,22.564,22.588,22.58,22.572,22.58,22.557,22.557,22.564,22.534,22.572,22.549,22.564,22.557,22.564,22.58,22.572,22.572,22.572,22.58,22.58,22.58,22.611,22.611,22.619,22.619,22.619,22.588,22.619,22.634,22.611,22.595,22.611,22.595,22.626,22.603,22.619,22.611,22.619,22.611,22.619,22.619,22.626,22.626,22.642,22.665,22.657,22.665,22.657,22.665,22.634,22.642,22.665,22.642,22.642,22.657,22.665,22.688,22.673,22.665,22.665,22.649,22.657,22.657,22.657,22.673,22.68,22.68,22.688,22.68,22.68,22.696,22.696,22.719,22.75,22.719,22.734,22.757,22.742,22.75,22.742,22.711,22.742,22.75,22.765,22.773,22.765,22.773,22.757,22.773,22.765,22.757,22.78,22.78,22.788,22.796,22.804,22.796,22.796,22.804,22.819,22.811,22.819,22.834,22.827,22.804,22.819,22.811,22.811,22.811,22.796,22.834,22.796,22.804,22.819,22.834,22.85,22.865,22.873,22.896,22.888,22.896,22.911,22.95,22.958,22.958,22.973,22.965,22.988,22.988,23.019,23.034,23.058,23.065,23.081,23.073,23.073,23.081,23.081,23.111,23.127,23.15,23.157,23.196,23.219,23.242,23.311,23.364,23.487,23.869,24.553,25.24,25.368,25.585,25.87,25.997,26.243,26.645,26.882,26.83,26.971,26.978,26.993,27.097,27.2,27.414,27.591,27.804,28.031,27.95,28.236,28.28,28.287,28.404,28.47,28.521,28.601,27.767,26.481,25.825,25.645,25.743,25.818,25.81,25.758,26.019,25.818,25.705,26.087,26.183,26.087,26.027,26.414,26.667,26.355,26.325,26.734,26.741,26.682,26.6,26.808,26.838,26.786,26.763,26.941,26.889,26.749,26.786,26.956,26.926,26.912,26.845,27,27.008,26.986,26.83,26.904,26.956,26.904,26.83,26.756,26.763,26.763,26.674,26.741,26.749,26.815,26.763,26.719,26.756,26.845,26.741,26.674,26.667,26.83,26.793,26.667,26.749,26.778,26.756,26.667,26.66,26.615,26.652,26.57,26.533,26.526,26.645,26.474,26.466,26.474,26.556,26.489,26.437,26.407,26.585,26.556,26.437,26.37,26.496,26.556,26.422,26.452,26.459,26.489,26.318,26.355,26.422,26.444,26.258,26.303,26.251,26.407,26.303,26.273,26.362,26.362,26.243,26.206,26.191,26.273,26.258,26.094,26.087,26.236,26.213,25.997,25.975,25.997,26.049,25.75,25.683,25.795,25.683,25.518,25.488,25.555,25.473,25.006,25.074,25.119,24.931,24.878,24.954,25.021,25.443,26.548,27.774,28.236,28.031,27.928,27.914,27.502,27.333,27.244,26.993,26.437,26.422,26.228,25.57,25.51,25.495,24.886,24.81,24.772,24.477,24.295,24.249,24.249,24.265,24.636,25.495,25.623,25.232,24.991,24.379,23.64,23.296,23.226,23.165,23.119,23.134,23.111,23.096,23.088,23.058,23.042,23.027,23.027,23.004,22.996,22.973,22.958,22.95,22.958,22.95,22.95,22.965,22.934,22.934,22.934,22.911,22.927,22.896,22.896,22.904,22.888,22.873,22.873,22.865,22.865,22.865,22.865,22.865,22.842,22.842,22.819,22.819,22.819,22.842,22.85,22.858,22.865,22.858,22.85,22.858,22.842,22.827,22.804,22.796,22.773,22.757,22.75,22.75,22.734,22.742,22.734,22.719,22.703,22.703,22.703,22.688,22.727,22.734,22.727,22.711,22.703,22.696,22.68,22.665,22.649,22.642,22.626,22.626,22.626,22.603,22.619,22.611,22.619,22.642,22.673,22.665,22.657,22.642,22.642,22.626,22.619,22.611,22.603,22.58,22.564,22.534,22.541,22.557,22.557,22.557,22.557,22.557,22.557,22.557,22.557,22.557,22.572,22.572,22.58,22.572,22.564,22.557,22.572,22.541,22.557,22.526,22.549,22.518,22.51,22.518,22.518,22.518,22.534,22.51,22.518,22.526,22.518,22.526,22.534,22.541,22.541,22.534,22.503,22.518,22.479,22.479,22.487,22.487,22.472,22.495,22.479,22.472,22.456,22.464,22.472,22.479,22.51,22.503,22.503,22.495,22.487,22.479,22.487,22.487,22.479,22.487,22.51,22.495,22.51,22.495,22.503,22.503,22.503,22.503,22.503,22.503,22.503,22.495,22.487,22.495,22.479,22.464,22.487,22.495,22.503,22.472,22.464,22.433,22.441,22.433,22.425,22.425,22.441,22.449,22.418,22.433,22.464,22.479,22.449,22.479,22.456,22.464,22.441,22.425,22.449,22.456,22.433,22.449,22.472,22.456,22.479,22.441,22.441,22.433,22.441,22.433,22.449,22.418,22.441,22.433,22.418,22.449,22.479,22.433,22.449,22.441,22.433,22.441,22.425,22.425,22.433,22.449,22.441,22.418,22.418,22.456,22.441,22.456,22.472,22.479,22.495,22.495,22.534,22.495,22.487,22.51,22.534,22.572,22.572,22.603
,22.371,22.356,22.356,22.356,22.34,22.348,22.379,22.387,22.387,22.371,22.387,22.387,22.387,22.363,22.394,22.402,22.41,22.402,22.402,22.402,22.394,22.394,22.402,22.433,22.387,22.402,22.387,22.418,22.418,22.402,22.418,22.425,22.41,22.433,22.425,22.433,22.425,22.433,22.441,22.449,22.456,22.456,22.472,22.472,22.464,22.479,22.51,22.495,22.541,22.541,22.534,22.549,22.526,22.526,22.479,22.518,22.503,22.526,22.495,22.534,22.541,22.541,22.534,22.534,22.541,22.564,22.564,22.564,22.549,22.549,22.549,22.549,22.588,22.572,22.58,22.557,22.564,22.572,22.58,22.572,22.58,22.58,22.572,22.58,22.58,22.572,22.603,22.619,22.611,22.619,22.619,22.626,22.619,22.611,22.611,22.588,22.588,22.58,22.595,22.588,22.603,22.626,22.611,22.611,22.611,22.611,22.642,22.649,22.642,22.649,22.665,22.649,22.657,22.642,22.626,22.619,22.634,22.642,22.642,22.657,22.657,22.665,22.657,22.657,22.619,22.642,22.665,22.657,22.649,22.673,22.696,22.673,22.673,22.673,22.673,22.68,22.688,22.711,22.727,22.719,22.75,22.75,22.734,22.757,22.742,22.727,22.75,22.75,22.742,22.757,22.765,22.757,22.757,22.757,22.773,22.773,22.788,22.788,22.796,22.804,22.796,22.796,22.804,22.819,22.804,22.819,22.796,22.842,22.819,22.804,22.827,22.827,22.834,22.827,22.811,22.834,22.827,22.804,22.834,22.827,22.842,22.865,22.888,22.881,22.904,22.934,22.934,22.942,22.95,22.95,22.942,22.942,22.988,22.996,23.004,23.042,23.034,23.05,23.081,23.073,23.096,23.081,23.142,23.096,23.15,23.165,23.173,23.211,23.211,23.28,23.357,23.387,23.556,24.379,25.052,25.255,25.458,25.93,26.004,26.399,26.511,26.504,26.867,26.83,26.912,26.941,26.993,27.148,27.229,27.502,27.598,27.789,28.06,28.016,28.294,28.338,28.28,28.477,28.382,27.95,26.986,25.952,25.728,25.743,25.705,25.795,25.87,25.84,25.847,25.982,26.176,26.131,26.131,26.429,26.578,26.295,26.541,26.741,26.674,26.645,26.674,26.756,26.756,26.786,26.808,26.897,26.86,26.823,27,26.986,26.852,26.823,27.03,27.141,27.045,26.867,27.015,27.089,26.949,26.808,26.852,26.934,26.904,26.86,26.734,26.741,26.741,26.704,26.712,26.763,26.808,26.763,26.667,26.637,26.786,26.734,26.734,26.652,26.719,26.771,26.689,26.704,26.734,26.741,26.689,26.608,26.585,26.689,26.563,26.489,26.504,26.608,26.556,26.459,26.459,26.533,26.541,26.489,26.392,26.578,26.526,26.429,26.37,26.481,26.526,26.422,26.355,26.407,26.444,26.333,26.295,26.407,26.385,26.303,26.265,26.377,26.392,26.295,26.221,26.273,26.392,26.28,26.221,26.206,26.333,26.236,26.169,26.183,26.265,26.161,26.034,26.034,26.206,26.049,25.862,25.93,25.975,25.758,25.638,25.585,25.69,25.383,25.308,25.42,25.36,25.112,24.855,25.014,25.006,24.923,25.187,26.481,27.62,27.73,27.987,28.06,27.826,27.694,27.789,26.949,26.86,26.978,26.318,25.975,25.855,25.503,25.277,24.984,24.803,24.545,24.439,24.333,24.219,24.227,24.158,24.53,25.232,25.18,25.074,24.462,23.632,23.265,23.226,23.203,23.165,23.127,23.111,23.088,23.073,23.058,23.058,23.042,23.019,23.019,22.996,22.981,22.973,22.958,22.958,22.934,22.942,22.95,22.934,22.934,22.919,22.911,22.919,22.911,22.911,22.904,22.888,22.888,22.873,22.873,22.865,22.858,22.873,22.865,22.873,22.85,22.842,22.827,22.827,22.842,22.85,22.865,22.858,22.858,22.85,22.85,22.827,22.819,22.804,22.78,22.78,22.765,22.757,22.75,22.734,22.742,22.734,22.727,22.727,22.711,22.711,22.711,22.734,22.734,22.742,22.719,22.696,22.665,22.665,22.649,22.634,22.634,22.619,22.611,22.619,22.611,22.603,22.595,22.642,22.649,22.657,22.673,22.665,22.634,22.634,22.619,22.619,22.611,22.603,22.588,22.588,22.564,22.549,22.549,22.557,22.564,22.564,22.557,22.564,22.549,22.557,22.549,22.572,22.58,22.588,22.58,22.588,22.572,22.564,22.549,22.518,22.503,22.526,22.51,22.51,22.51,22.534,22.518,22.51,22.534,22.541,22.526,22.541,22.534,22.541,22.518,22.518,22.518,22.503,22.51,22.464,22.472,22.472,22.472,22.487,22.472,22.51,22.503,22.487,22.472,22.487,22.479,22.503,22.503,22.503,22.495,22.487,22.479,22.472,22.472,22.487,22.495,22.495,22.487,22.51,22.495,22.526,22.518,22.51,22.503,22.495,22.487,22.51,22.487,22.503,22.479,22.449,22.472,22.487,22.487,22.487,22.479,22.472,22.449,22.433,22.433,22.402,22.449,22.449,22.441,22.449,22.472,22.441,22.41,22.472,22.456,22.425,22.456,22.441,22.464,22.456,22.394,22.441,22.441,22.433,22.487,22.456,22.464,22.456,22.449,22.464,22.456,22.464,22.456,22.449,22.425,22.418,22.456,22.402,22.433,22.449,22.425,22.41,22.425,22.41,22.425,22.425,22.433,22.425,22.441,22.41,22.41,22.41,22.464,22.456,22.479,22.441,22.449,22.526,22.464,22.495,22.518,22.526,22.557,22.518,22.503
,22.34,22.371,22.363,22.363,22.332,22.34,22.34,22.356,22.363,22.387,22.34,22.363,22.379,22.363,22.387,22.41,22.449,22.418,22.41,22.41,22.402,22.418,22.41,22.394,22.371,22.387,22.387,22.41,22.41,22.418,22.41,22.433,22.425,22.449,22.418,22.441,22.433,22.433,22.441,22.433,22.449,22.464,22.449,22.479,22.487,22.479,22.495,22.503,22.479,22.534,22.526,22.534,22.518,22.526,22.534,22.51,22.518,22.534,22.518,22.534,22.541,22.541,22.541,22.541,22.541,22.572,22.549,22.541,22.526,22.549,22.541,22.588,22.595,22.564,22.549,22.564,22.572,22.572,22.572,22.611,22.58,22.572,22.564,22.58,22.588,22.603,22.619,22.611,22.619,22.619,22.619,22.619,22.619,22.619,22.588,22.595,22.588,22.58,22.595,22.611,22.603,22.634,22.626,22.626,22.619,22.634,22.634,22.649,22.634,22.673,22.665,22.642,22.634,22.619,22.626,22.634,22.642,22.634,22.649,22.642,22.649,22.657,22.649,22.649,22.665,22.657,22.665,22.673,22.657,22.673,22.688,22.665,22.665,22.665,22.665,22.673,22.696,22.696,22.719,22.727,22.742,22.742,22.773,22.75,22.75,22.734,22.727,22.75,22.75,22.742,22.75,22.734,22.757,22.757,22.765,22.773,22.788,22.796,22.796,22.811,22.804,22.804,22.819,22.796,22.788,22.796,22.834,22.804,22.819,22.819,22.834,22.827,22.834,22.827,22.804,22.811,22.819,22.804,22.834,22.834,22.842,22.858,22.881,22.904,22.904,22.934,22.934,22.942,22.958,22.942,22.942,22.942,22.958,22.973,22.996,23.027,23.042,23.058,23.081,23.081,23.119,23.104,23.119,23.134,23.127,23.165,23.196,23.203,23.257,23.296,23.319,23.51,23.968,24.916,25.074,25.405,25.645,25.892,25.997,26.273,26.57,26.645,26.771,26.786,26.845,26.993,27.023,27.296,27.34,27.502,27.811,27.76,28.214,28.112,28.331,28.382,28.229,28.243,27.51,26.385,25.788,25.69,25.735,25.788,25.847,25.803,26.079,26.116,25.945,26.206,26.318,26.407,26.385,26.459,26.704,26.749,26.66,26.823,26.845,26.674,26.667,26.793,26.882,26.815,26.882,26.963,26.934,26.941,26.993,27.023,26.993,26.919,27.082,27.074,27.052,26.993,26.949,27.104,26.993,26.838,26.793,26.949,26.904,26.86,26.756,26.793,26.741,26.734,26.741,26.778,26.815,26.845,26.734,26.763,26.838,26.86,26.652,26.615,26.719,26.704,26.674,26.66,26.697,26.712,26.682,26.637,26.556,26.6,26.504,26.466,26.444,26.518,26.504,26.444,26.437,26.541,26.533,26.437,26.37,26.518,26.504,26.37,26.385,26.444,26.466,26.385,26.355,26.355,26.437,26.31,26.325,26.347,26.385,26.288,26.251,26.318,26.407,26.303,26.265,26.34,26.325,26.176,26.176,26.258,26.31,26.265,26.265,26.191,26.273,26.191,26.004,26.161,26.176,26.012,25.945,26.004,26.004,25.758,25.623,25.683,25.728,25.533,25.465,25.533,25.465,25.059,25.097,25.082,25.052,24.908,25.014,25.006,25.66,27.052,27.943,28.192,27.87,27.906,27.782,27.237,27.37,27.074,26.6,26.325,26.049,25.6,25.375,25.24,24.81,24.651,24.636,24.31,24.196,24.158,24.128,24.113,24.303,25.089,24.969,24.424,23.579,23.272,23.226,23.219,23.157,23.15,23.111,23.104,23.081,23.073,23.073,23.073,23.042,23.042,22.981,22.981,22.973,22.958,22.95,22.942,22.942,22.927,22.919,22.934,22.927,22.911,22.927,22.919,22.919,22.904,22.888,22.888,22.881,22.858,22.881,22.873,22.911,22.873,22.865,22.865,22.842,22.85,22.834,22.858,22.858,22.873,22.873,22.865,22.865,22.85,22.842,22.811,22.796,22.788,22.765,22.75,22.742,22.742,22.75,22.757,22.75,22.742,22.734,22.719,22.719,22.719,22.734,22.734,22.75,22.727,22.696,22.665,22.657,22.649,22.642,22.626,22.619,22.626,22.603,22.626,22.619,22.642,22.649,22.665,22.665,22.649,22.642,22.634,22.619,22.634,22.611,22.603,22.603,22.588,22.541,22.549,22.557,22.541,22.564,22.557,22.564,22.572,22.572,22.572,22.549,22.572,22.572,22.564,22.572,22.564,22.572,22.572,22.572,22.526,22.534,22.534,22.51,22.495,22.51,22.534,22.526,22.541,22.541,22.526,22.541,22.549,22.534,22.541,22.534,22.518,22.526,22.518,22.487,22.479,22.472,22.449,22.472,22.472,22.495,22.51,22.479,22.487,22.51,22.472,22.487,22.503,22.503,22.495,22.503,22.495,22.464,22.479,22.472,22.487,22.487,22.495,22.51,22.503,22.518,22.503,22.518,22.495,22.479,22.503,22.487,22.487,22.495,22.495,22.51,22.479,22.479,22.479,22.472,22.479,22.472,22.487,22.487,22.487,22.456,22.441,22.425,22.425,22.41,22.425,22.449,22.441,22.418,22.425,22.456,22.441,22.456,22.456,22.441,22.464,22.464,22.456,22.433,22.433,22.472,22.487,22.464,22.464,22.479,22.449,22.456,22.464,22.456,22.472,22.441,22.425,22.441,22.456,22.449,22.425,22.425,22.418,22.41,22.41,22.425,22.441,22.418,22.433,22.418,22.41,22.41,22.41,22.441,22.456,22.464,22.503,22.487,22.479,22.51,22.503,22.472,22.51,22.503,22.495,22.58,22.51
,22.363,22.371,22.363,22.363,22.332,22.325,22.317,22.325,22.332,22.348,22.34,22.363,22.363,22.34,22.371,22.402,22.433,22.425,22.418,22.394,22.41,22.418,22.387,22.394,22.363,22.394,22.41,22.387,22.402,22.41,22.394,22.425,22.433,22.449,22.425,22.441,22.433,22.41,22.418,22.425,22.449,22.456,22.449,22.479,22.472,22.479,22.495,22.487,22.503,22.495,22.526,22.503,22.518,22.534,22.526,22.518,22.51,22.51,22.526,22.526,22.534,22.541,22.549,22.541,22.549,22.549,22.549,22.541,22.526,22.541,22.549,22.51,22.58,22.58,22.564,22.557,22.564,22.572,22.572,22.603,22.572,22.572,22.58,22.549,22.557,22.58,22.619,22.603,22.619,22.626,22.619,22.619,22.611,22.619,22.603,22.595,22.588,22.595,22.595,22.611,22.603,22.619,22.611,22.619,22.619,22.626,22.634,22.649,22.665,22.649,22.634,22.634,22.619,22.626,22.626,22.642,22.642,22.634,22.634,22.634,22.634,22.634,22.657,22.642,22.657,22.665,22.665,22.665,22.649,22.673,22.649,22.673,22.665,22.688,22.665,22.673,22.696,22.734,22.727,22.719,22.727,22.75,22.765,22.742,22.765,22.734,22.757,22.75,22.75,22.765,22.75,22.742,22.75,22.765,22.765,22.773,22.78,22.796,22.796,22.788,22.811,22.811,22.811,22.804,22.804,22.804,22.804,22.811,22.819,22.827,22.834,22.819,22.827,22.819,22.811,22.827,22.827,22.811,22.827,22.834,22.842,22.865,22.873,22.911,22.896,22.927,22.934,22.942,22.942,22.95,22.95,22.958,22.965,22.981,23.004,23.027,23.042,23.05,23.096,23.111,23.119,23.119,23.127,23.142,23.165,23.157,23.219,23.249,23.288,23.319,23.41,23.709,24.219,24.871,24.954,25.525,25.69,25.877,26.273,26.236,26.6,26.734,26.778,26.8,26.83,26.986,27.082,27.362,27.473,27.569,27.87,27.958,28.316,28.199,28.243,28.316,27.318,26.206,26.236,25.728,25.788,25.69,25.698,25.758,26.034,25.975,26.161,26.273,26.169,26.265,26.392,26.563,26.526,26.466,26.8,26.852,26.808,26.815,26.882,26.8,26.8,26.875,26.889,26.852,26.919,27.015,26.993,26.897,27.015,27.074,27.015,26.934,27.015,27.119,26.963,26.934,26.852,27.045,26.986,26.823,26.719,26.897,26.852,26.763,26.749,26.763,26.845,26.763,26.734,26.786,26.8,26.823,26.719,26.749,26.845,26.845,26.585,26.57,26.667,26.734,26.645,26.63,26.66,26.674,26.66,26.518,26.526,26.585,26.504,26.414,26.422,26.474,26.489,26.429,26.34,26.504,26.392,26.422,26.377,26.578,26.481,26.37,26.355,26.407,26.429,26.347,26.318,26.377,26.407,26.28,26.265,26.347,26.34,26.31,26.213,26.251,26.377,26.191,26.206,26.251,26.325,26.236,26.139,26.228,26.265,26.221,26.183,26.176,26.265,26.228,26.146,26.146,26.213,26.079,25.997,26.094,26.139,25.81,25.78,25.818,25.788,25.623,25.638,25.78,25.645,25.465,25.45,25.48,25.067,24.908,25.036,24.969,24.984,25.27,26.466,27.782,27.965,28.155,27.745,27.605,27.649,27.133,26.712,26.66,26.273,25.735,25.69,25.488,25.006,24.886,24.742,24.523,24.287,24.204,24.097,24.113,24.09,24.31,24.553,24.432,23.816,23.319,23.211,23.173,23.18,23.134,23.111,23.096,23.081,23.065,23.073,23.065,23.058,23.034,23.019,22.988,22.965,22.958,22.95,22.942,22.934,22.934,22.904,22.919,22.911,22.919,22.927,22.927,22.919,22.911,22.896,22.888,22.881,22.888,22.888,22.888,22.911,22.896,22.85,22.865,22.842,22.842,22.834,22.85,22.85,22.858,22.873,22.873,22.842,22.842,22.834,22.819,22.796,22.788,22.757,22.75,22.742,22.75,22.757,22.75,22.765,22.75,22.734,22.719,22.711,22.711,22.711,22.719,22.711,22.711,22.688,22.673,22.657,22.649,22.642,22.649,22.626,22.626,22.611,22.595,22.634,22.626,22.657,22.665,22.657,22.696,22.649,22.649,22.634,22.626,22.611,22.603,22.595,22.588,22.588,22.58,22.541,22.572,22.564,22.572,22.557,22.564,22.557,22.534,22.572,22.564,22.564,22.564,22.557,22.564,22.58,22.588,22.557,22.557,22.51,22.518,22.518,22.51,22.526,22.518,22.549,22.526,22.518,22.51,22.526,22.534,22.541,22.534,22.518,22.51,22.503,22.495,22.487,22.464,22.449,22.456,22.479,22.479,22.487,22.479,22.518,22.495,22.472,22.487,22.479,22.495,22.487,22.495,22.495,22.487,22.487,22.472,22.472,22.472,22.487,22.487,22.479,22.503,22.495,22.479,22.51,22.518,22.495,22.479,22.479,22.479,22.495,22.495,22.479,22.495,22.479,22.449,22.479,22.472,22.495,22.456,22.456,22.479,22.456,22.51,22.433,22.418,22.433,22.441,22.441,22.433,22.425,22.41,22.449,22.456,22.449,22.449,22.464,22.418,22.449,22.387,22.394,22.495,22.518,22.464,22.441,22.472,22.456,22.449,22.472,22.464,22.472,22.472,22.441,22.487,22.456,22.394,22.394,22.425,22.394,22.402,22.41,22.41,22.41,22.425,22.425,22.418,22.425,22.418,22.418,22.433,22.456,22.433,22.456,22.495,22.464,22.472,22.534,22.503,22.495,22.503,22.472,22.464,22.495,22.394
,22.363,22.387,22.356,22.332,22.356,22.34,22.325,22.325,22.34,22.356,22.348,22.34,22.34,22.363,22.371,22.387,22.387,22.425,22.41,22.418,22.402,22.387,22.41,22.371,22.371,22.387,22.394,22.394,22.394,22.394,22.418,22.394,22.433,22.449,22.402,22.418,22.425,22.433,22.418,22.41,22.449,22.472,22.456,22.479,22.495,22.479,22.495,22.456,22.479,22.518,22.51,22.518,22.526,22.534,22.534,22.534,22.526,22.518,22.526,22.541,22.534,22.541,22.557,22.549,22.549,22.572,22.557,22.549,22.549,22.526,22.557,22.564,22.588,22.549,22.564,22.564,22.564,22.572,22.595,22.595,22.572,22.572,22.572,22.595,22.588,22.619,22.58,22.619,22.611,22.619,22.619,22.619,22.626,22.603,22.603,22.603,22.58,22.58,22.588,22.588,22.603,22.619,22.619,22.603,22.619,22.634,22.649,22.634,22.642,22.626,22.619,22.619,22.619,22.626,22.642,22.642,22.649,22.642,22.634,22.642,22.649,22.657,22.665,22.665,22.657,22.657,22.68,22.68,22.688,22.68,22.703,22.68,22.688,22.665,22.665,22.673,22.703,22.703,22.734,22.765,22.734,22.742,22.734,22.757,22.773,22.773,22.757,22.75,22.734,22.734,22.765,22.757,22.757,22.765,22.757,22.773,22.796,22.804,22.788,22.819,22.804,22.804,22.796,22.811,22.796,22.796,22.788,22.834,22.827,22.827,22.834,22.819,22.811,22.819,22.804,22.804,22.834,22.811,22.827,22.834,22.85,22.881,22.896,22.919,22.927,22.934,22.942,22.965,22.95,22.958,22.958,22.958,22.996,22.981,23.019,23.019,23.027,23.058,23.073,23.104,23.127,23.142,23.142,23.15,23.18,23.173,23.203,23.311,23.311,23.426,23.487,24.158,24.644,24.961,25.172,25.435,25.705,25.922,26.295,26.437,26.548,26.712,26.763,26.8,26.852,26.941,27.289,27.362,27.443,27.686,27.943,27.899,28.141,28.192,27.598,26.867,25.96,25.795,25.885,25.75,25.795,25.892,25.832,25.975,26.28,26.295,26.303,26.563,26.585,26.377,26.452,26.622,26.57,26.608,26.889,26.912,26.897,26.889,27,26.882,26.875,26.963,26.956,26.912,26.971,27.089,26.978,26.941,26.963,27.082,26.993,26.912,26.889,27.037,27.067,26.845,26.867,27.008,26.949,26.815,26.815,26.919,26.867,26.756,26.763,26.786,26.8,26.763,26.763,26.793,26.778,26.815,26.682,26.712,26.786,26.712,26.57,26.57,26.608,26.682,26.66,26.593,26.615,26.689,26.578,26.414,26.444,26.489,26.422,26.414,26.377,26.429,26.422,26.392,26.385,26.444,26.414,26.362,26.399,26.452,26.452,26.399,26.399,26.481,26.474,26.347,26.385,26.333,26.407,26.243,26.258,26.355,26.318,26.295,26.236,26.303,26.28,26.236,26.131,26.258,26.265,26.191,26.183,26.213,26.228,26.176,26.206,26.251,26.251,26.243,26.101,26.228,26.228,26.049,26.012,26.154,26.146,25.877,25.885,25.967,25.862,25.705,25.832,25.967,25.773,25.548,25.563,25.518,25.232,25.157,25.187,25.036,24.976,25.036,25.112,26.429,27.818,28.148,27.752,27.716,27.649,27.163,27.111,26.986,26.362,26.049,25.945,25.705,25.435,25.187,24.704,24.629,24.492,24.211,24.105,24.059,24.014,24.128,24.348,24.432,23.8,23.303,23.242,23.226,23.18,23.127,23.111,23.096,23.081,23.081,23.073,23.073,23.042,23.034,23.004,22.988,22.965,22.958,22.95,22.942,22.934,22.927,22.911,22.919,22.919,22.919,22.927,22.927,22.919,22.911,22.904,22.888,22.888,22.888,22.896,22.873,22.888,22.881,22.888,22.904,22.888,22.85,22.834,22.842,22.85,22.858,22.858,22.858,22.842,22.842,22.834,22.811,22.811,22.788,22.78,22.757,22.773,22.757,22.765,22.765,22.765,22.757,22.734,22.727,22.711,22.711,22.703,22.719,22.696,22.703,22.68,22.673,22.665,22.665,22.649,22.649,22.642,22.626,22.626,22.619,22.642,22.642,22.665,22.657,22.657,22.642,22.619,22.626,22.626,22.626,22.626,22.619,22.619,22.619,22.595,22.588,22.58,22.588,22.572,22.58,22.572,22.58,22.564,22.564,22.588,22.588,22.572,22.526,22.564,22.564,22.564,22.58,22.564,22.549,22.541,22.51,22.518,22.518,22.534,22.526,22.526,22.534,22.534,22.534,22.518,22.526,22.526,22.526,22.503,22.518,22.487,22.487,22.495,22.479,22.464,22.464,22.472,22.479,22.495,22.518,22.51,22.51,22.51,22.487,22.464,22.472,22.487,22.479,22.495,22.472,22.487,22.472,22.464,22.472,22.495,22.487,22.51,22.495,22.472,22.487,22.526,22.51,22.51,22.487,22.479,22.479,22.487,22.479,22.479,22.479,22.479,22.464,22.472,22.449,22.472,22.487,22.487,22.487,22.464,22.495,22.464,22.449,22.449,22.433,22.433,22.441,22.433,22.425,22.449,22.433,22.449,22.487,22.441,22.456,22.402,22.402,22.456,22.464,22.441,22.464,22.472,22.456,22.449,22.449,22.456,22.472,22.479,22.464,22.456,22.456,22.456,22.41,22.371,22.394,22.379,22.402,22.394,22.425,22.433,22.441,22.456,22.433,22.441,22.418,22.441,22.456,22.51,22.425,22.418,22.425,22.487,22.479,22.495,22.495,22.479,22.534,22.495,22.495,22.503,22.572
,22.394,22.394,22.371,22.371,22.34,22.379,22.356,22.34,22.348,22.356,22.371,22.356,22.356,22.348,22.371,22.387,22.387,22.402,22.441,22.418,22.41,22.456,22.418,22.433,22.433,22.394,22.394,22.402,22.41,22.394,22.425,22.425,22.449,22.449,22.441,22.441,22.425,22.425,22.441,22.441,22.425,22.456,22.464,22.479,22.472,22.51,22.518,22.479,22.487,22.518,22.503,22.51,22.534,22.541,22.541,22.534,22.526,22.518,22.518,22.534,22.557,22.564,22.564,22.564,22.564,22.564,22.549,22.549,22.557,22.549,22.557,22.572,22.572,22.557,22.541,22.557,22.557,22.564,22.572,22.58,22.588,22.58,22.572,22.572,22.564,22.588,22.603,22.595,22.595,22.603,22.611,22.626,22.619,22.619,22.619,22.595,22.572,22.603,22.603,22.595,22.619,22.619,22.603,22.619,22.642,22.619,22.619,22.642,22.634,22.611,22.611,22.611,22.619,22.619,22.649,22.649,22.649,22.642,22.642,22.626,22.657,22.665,22.673,22.68,22.68,22.68,22.673,22.688,22.703,22.703,22.68,22.68,22.703,22.703,22.688,22.696,22.703,22.727,22.734,22.757,22.719,22.757,22.757,22.765,22.765,22.765,22.734,22.75,22.742,22.765,22.773,22.765,22.788,22.773,22.78,22.78,22.788,22.788,22.788,22.78,22.796,22.804,22.796,22.796,22.811,22.804,22.804,22.842,22.819,22.819,22.811,22.819,22.811,22.811,22.804,22.834,22.819,22.811,22.827,22.827,22.858,22.873,22.896,22.911,22.911,22.927,22.934,22.942,22.965,22.965,22.973,22.981,22.996,23.004,23.034,23.034,23.042,23.05,23.081,23.096,23.111,23.127,23.119,23.127,23.203,23.234,23.226,23.257,23.418,23.433,23.693,24.394,24.765,24.969,25.413,25.518,25.773,26.101,26.318,26.556,26.585,26.719,26.756,26.771,26.934,26.926,27.333,27.333,27.642,27.694,27.943,28.016,27.811,27.488,26.116,25.743,25.743,25.743,25.877,25.78,25.765,26.236,26.049,26.131,26.303,26.556,26.444,26.667,26.823,26.585,26.563,26.756,26.852,26.823,26.949,27,26.941,26.934,27.074,27.03,26.882,26.971,27,26.912,26.949,27.126,27.074,26.897,26.949,27.045,27.074,26.934,26.926,26.926,26.926,26.852,26.83,26.978,26.897,26.749,26.771,26.889,26.808,26.771,26.734,26.808,26.897,26.778,26.778,26.778,26.771,26.786,26.637,26.637,26.682,26.682,26.578,26.541,26.578,26.622,26.6,26.504,26.526,26.637,26.548,26.377,26.392,26.459,26.399,26.318,26.31,26.377,26.34,26.295,26.362,26.392,26.37,26.355,26.377,26.459,26.437,26.407,26.355,26.459,26.452,26.355,26.377,26.407,26.37,26.28,26.228,26.333,26.318,26.31,26.236,26.288,26.273,26.198,26.161,26.243,26.265,26.206,26.146,26.228,26.243,26.206,26.191,26.198,26.288,26.169,26.139,26.228,26.213,26.079,26.079,26.176,26.109,25.982,25.937,26.004,25.907,25.81,25.915,25.96,25.675,25.66,25.765,25.653,25.435,25.375,25.48,25.044,25.067,25.127,25.059,25.247,25.84,27.119,27.745,27.745,27.642,27.561,27.51,26.897,26.637,26.615,26.109,25.75,25.698,25.353,25.052,24.629,24.757,24.303,24.227,24.181,23.945,23.899,24.044,24.204,23.716,23.311,23.226,23.173,23.18,23.15,23.127,23.127,23.096,23.088,23.081,23.073,23.073,23.05,22.996,22.981,22.973,22.981,22.965,22.965,22.942,22.942,22.911,22.95,22.942,22.927,22.927,22.919,22.911,22.911,22.896,22.904,22.888,22.888,22.896,22.896,22.896,22.911,22.911,22.911,22.873,22.842,22.85,22.85,22.85,22.85,22.881,22.842,22.85,22.858,22.85,22.819,22.811,22.796,22.757,22.78,22.765,22.757,22.765,22.757,22.78,22.757,22.75,22.727,22.711,22.711,22.703,22.703,22.711,22.711,22.688,22.68,22.688,22.673,22.68,22.68,22.649,22.642,22.634,22.642,22.657,22.657,22.657,22.657,22.649,22.657,22.642,22.642,22.642,22.611,22.626,22.619,22.642,22.619,22.611,22.603,22.595,22.595,22.588,22.58,22.572,22.572,22.572,22.588,22.588,22.588,22.572,22.557,22.534,22.541,22.557,22.572,22.557,22.557,22.541,22.526,22.541,22.534,22.518,22.541,22.534,22.534,22.549,22.51,22.526,22.518,22.518,22.51,22.518,22.503,22.495,22.487,22.495,22.487,22.472,22.479,22.472,22.479,22.503,22.503,22.503,22.495,22.503,22.479,22.487,22.479,22.487,22.503,22.495,22.487,22.472,22.464,22.487,22.479,22.51,22.518,22.503,22.51,22.503,22.534,22.51,22.51,22.487,22.503,22.479,22.479,22.479,22.495,22.479,22.472,22.449,22.464,22.456,22.464,22.487,22.479,22.479,22.503,22.472,22.479,22.51,22.472,22.479,22.433,22.441,22.495,22.425,22.449,22.464,22.433,22.456,22.479,22.433,22.472,22.425,22.41,22.456,22.472,22.479,22.456,22.464,22.449,22.456,22.449,22.456,22.456,22.464,22.449,22.464,22.41,22.41,22.425,22.387,22.379,22.394,22.387,22.41,22.433,22.441,22.441,22.425,22.425,22.433,22.425,22.487,22.41,22.487,22.449,22.441,22.441,22.456,22.487,22.487,22.495,22.487,22.487,22.472,22.51,22.549,22.518
,22.425,22.41,22.371,22.371,22.371,22.332,22.379,22.371,22.363,22.348,22.363,22.379,22.356,22.371,22.371,22.371,22.394,22.425,22.41,22.402,22.402,22.418,22.425,22.394,22.394,22.41,22.418,22.418,22.41,22.418,22.418,22.441,22.425,22.456,22.441,22.425,22.441,22.441,22.449,22.456,22.449,22.456,22.464,22.472,22.51,22.51,22.51,22.503,22.51,22.487,22.495,22.503,22.534,22.534,22.534,22.541,22.534,22.518,22.518,22.526,22.549,22.557,22.595,22.572,22.58,22.572,22.557,22.564,22.557,22.564,22.564,22.549,22.557,22.564,22.557,22.557,22.557,22.564,22.557,22.572,22.564,22.572,22.564,22.588,22.603,22.595,22.588,22.611,22.58,22.588,22.603,22.611,22.619,22.603,22.619,22.619,22.634,22.588,22.619,22.611,22.619,22.603,22.588,22.603,22.611,22.626,22.634,22.642,22.634,22.603,22.619,22.626,22.634,22.642,22.642,22.657,22.649,22.642,22.634,22.642,22.657,22.673,22.665,22.673,22.673,22.68,22.688,22.696,22.703,22.703,22.696,22.696,22.696,22.688,22.703,22.719,22.711,22.727,22.734,22.734,22.727,22.734,22.757,22.757,22.757,22.757,22.757,22.757,22.765,22.757,22.773,22.788,22.788,22.78,22.788,22.788,22.788,22.796,22.796,22.796,22.788,22.788,22.796,22.796,22.811,22.834,22.811,22.796,22.811,22.811,22.796,22.804,22.819,22.811,22.811,22.819,22.834,22.827,22.827,22.834,22.873,22.873,22.896,22.934,22.911,22.934,22.934,22.95,22.958,22.981,22.988,23.004,23.004,23.011,23.019,23.027,23.042,23.058,23.073,23.096,23.119,23.134,23.127,23.15,23.18,23.211,23.265,23.395,23.41,23.441,23.739,24.613,24.833,25.104,25.36,25.728,25.78,26.087,26.429,26.518,26.556,26.637,26.734,26.786,26.934,27.037,27.259,27.355,27.62,27.561,27.877,27.701,26.429,25.892,25.713,25.698,25.832,25.803,25.862,25.975,26.034,26.273,26.414,26.303,26.533,26.741,26.652,26.726,26.823,26.823,26.608,26.889,26.941,26.86,26.934,27.045,26.941,26.912,27.097,27.008,26.897,26.941,26.986,26.963,27,27.126,27.06,26.882,26.926,27.015,26.971,26.889,26.793,26.963,26.845,26.786,26.793,26.867,26.838,26.667,26.726,26.838,26.845,26.756,26.8,26.8,26.852,26.749,26.704,26.719,26.689,26.786,26.585,26.585,26.578,26.511,26.414,26.422,26.6,26.578,26.429,26.362,26.318,26.481,26.407,26.37,26.288,26.392,26.355,26.295,26.28,26.333,26.333,26.265,26.28,26.355,26.34,26.295,26.303,26.399,26.429,26.37,26.333,26.422,26.429,26.37,26.288,26.347,26.37,26.213,26.236,26.288,26.325,26.288,26.206,26.228,26.318,26.146,26.154,26.206,26.236,26.161,26.169,26.221,26.251,26.146,26.124,26.169,26.154,26.124,26.079,26.198,26.206,26.049,26.034,26.154,26.064,25.96,26.019,26.012,25.922,25.937,25.945,25.892,25.803,25.832,25.907,25.698,25.653,25.623,25.353,25.27,25.262,25.255,25.104,25.149,25.195,25.27,27.215,27.73,27.642,27.752,27.671,27.104,26.971,26.645,26.124,25.967,25.855,25.39,25.067,25.21,24.651,24.477,24.31,24.151,23.991,23.945,23.877,23.991,23.747,23.319,23.265,23.219,23.165,23.15,23.142,23.111,23.081,23.081,23.065,23.065,23.058,23.05,23.004,22.996,22.988,22.965,22.981,22.996,22.934,22.95,22.934,22.934,22.942,22.934,22.934,22.927,22.919,22.896,22.911,22.904,22.896,22.888,22.881,22.888,22.896,22.911,22.888,22.881,22.873,22.881,22.865,22.858,22.858,22.85,22.834,22.85,22.834,22.85,22.842,22.85,22.834,22.827,22.765,22.765,22.78,22.78,22.78,22.788,22.788,22.773,22.75,22.719,22.711,22.703,22.703,22.703,22.703,22.711,22.703,22.688,22.688,22.688,22.68,22.657,22.673,22.673,22.673,22.673,22.657,22.665,22.665,22.665,22.657,22.649,22.649,22.634,22.642,22.619,22.611,22.626,22.619,22.619,22.626,22.611,22.611,22.603,22.603,22.595,22.588,22.58,22.58,22.58,22.58,22.572,22.572,22.564,22.557,22.534,22.557,22.557,22.557,22.557,22.549,22.557,22.557,22.572,22.549,22.541,22.503,22.503,22.51,22.534,22.51,22.503,22.479,22.479,22.487,22.479,22.479,22.479,22.479,22.487,22.495,22.487,22.479,22.487,22.487,22.495,22.518,22.495,22.518,22.503,22.495,22.487,22.495,22.495,22.503,22.487,22.526,22.479,22.479,22.487,22.495,22.51,22.495,22.518,22.479,22.503,22.503,22.534,22.503,22.495,22.487,22.472,22.479,22.487,22.487,22.503,22.472,22.479,22.464,22.479,22.479,22.456,22.418,22.487,22.479,22.487,22.487,22.464,22.472,22.464,22.51,22.464,22.425,22.441,22.456,22.449,22.449,22.456,22.425,22.487,22.418,22.433,22.456,22.464,22.449,22.479,22.456,22.456,22.495,22.449,22.449,22.441,22.449,22.479,22.433,22.41,22.41,22.394,22.387,22.394,22.394,22.41,22.425,22.433,22.418,22.425,22.41,22.464,22.418,22.441,22.464,22.472,22.425,22.456,22.449,22.456,22.464,22.479,22.495,22.487,22.495,22.479,22.503,22.503,22.541,22.495
,22.441,22.41,22.379,22.363,22.356,22.356,22.356,22.371,22.371,22.348,22.379,22.363,22.371,22.363,22.363,22.363,22.394,22.394,22.402,22.402,22.394,22.387,22.387,22.394,22.418,22.41,22.433,22.425,22.418,22.425,22.449,22.441,22.418,22.433,22.418,22.449,22.456,22.456,22.456,22.449,22.456,22.456,22.464,22.487,22.495,22.526,22.534,22.495,22.503,22.487,22.495,22.526,22.534,22.541,22.541,22.541,22.534,22.526,22.534,22.526,22.534,22.595,22.611,22.588,22.58,22.58,22.564,22.572,22.564,22.564,22.564,22.564,22.549,22.549,22.557,22.557,22.564,22.564,22.564,22.572,22.564,22.572,22.58,22.603,22.58,22.603,22.588,22.58,22.58,22.588,22.588,22.603,22.595,22.611,22.588,22.611,22.603,22.619,22.611,22.619,22.603,22.619,22.626,22.619,22.626,22.619,22.619,22.611,22.634,22.649,22.649,22.696,22.642,22.649,22.688,22.673,22.642,22.642,22.642,22.642,22.649,22.665,22.665,22.673,22.665,22.649,22.696,22.711,22.711,22.719,22.719,22.703,22.703,22.719,22.703,22.719,22.734,22.75,22.734,22.711,22.719,22.75,22.75,22.757,22.75,22.757,22.75,22.757,22.765,22.78,22.78,22.788,22.788,22.788,22.796,22.796,22.804,22.796,22.811,22.788,22.788,22.796,22.796,22.811,22.811,22.811,22.834,22.827,22.819,22.834,22.819,22.804,22.819,22.811,22.819,22.827,22.811,22.804,22.819,22.842,22.865,22.881,22.904,22.904,22.919,22.927,22.911,22.958,22.981,22.981,22.996,23.004,23.011,23.034,23.027,23.042,23.042,23.042,23.073,23.104,23.119,23.134,23.15,23.142,23.18,23.203,23.265,23.326,23.364,23.556,24.067,24.629,24.886,25.202,25.39,25.615,25.862,26.303,26.474,26.593,26.622,26.63,26.719,26.793,26.904,27.193,27.244,27.429,27.657,27.664,27.384,26.295,25.653,25.69,25.675,25.773,25.907,25.877,25.997,26.288,26.198,26.183,26.615,26.496,26.563,26.734,26.726,26.749,26.815,26.919,26.8,26.889,27.104,26.86,26.926,27.052,27.008,26.986,26.986,27.03,26.912,26.986,27.045,26.934,26.926,26.971,27.015,26.919,26.882,26.963,26.949,26.852,26.786,26.912,26.838,26.771,26.793,26.83,26.838,26.749,26.712,26.712,26.852,26.66,26.674,26.704,26.8,26.682,26.637,26.6,26.674,26.615,26.496,26.444,26.452,26.474,26.392,26.407,26.444,26.444,26.355,26.288,26.273,26.34,26.34,26.288,26.251,26.347,26.288,26.243,26.198,26.325,26.28,26.251,26.258,26.303,26.333,26.265,26.273,26.392,26.392,26.295,26.265,26.407,26.407,26.333,26.362,26.377,26.355,26.176,26.191,26.273,26.295,26.258,26.251,26.183,26.228,26.198,26.094,26.161,26.228,26.131,26.139,26.243,26.146,26.139,26.124,26.146,26.124,26.072,26.109,26.169,26.139,26.087,26.064,26.094,26.124,25.952,26.072,26.057,25.952,25.93,26.004,26.004,25.847,25.907,25.93,25.713,25.713,25.803,25.48,25.443,25.563,25.217,25.127,25.292,25.074,25.24,25.743,26.019,27.126,27.694,27.635,27.473,27.185,26.756,26.652,26.496,25.945,25.668,25.57,25.277,24.818,24.644,24.523,24.189,24.006,23.93,23.877,23.816,23.816,23.357,23.288,23.219,23.196,23.165,23.134,23.119,23.104,23.088,23.081,23.073,23.058,23.096,23.042,23.019,23.011,22.988,22.988,22.958,22.958,22.942,22.934,22.942,22.942,22.95,22.942,22.911,22.904,22.888,22.881,22.888,22.873,22.873,22.888,22.888,22.888,22.881,22.881,22.896,22.881,22.873,22.865,22.858,22.858,22.85,22.85,22.865,22.858,22.85,22.842,22.842,22.811,22.827,22.796,22.804,22.788,22.788,22.788,22.796,22.78,22.765,22.765,22.734,22.727,22.711,22.719,22.719,22.719,22.719,22.703,22.696,22.696,22.688,22.696,22.696,22.703,22.688,22.696,22.688,22.68,22.68,22.68,22.673,22.673,22.665,22.657,22.642,22.634,22.603,22.611,22.626,22.634,22.626,22.611,22.611,22.603,22.603,22.595,22.595,22.595,22.595,22.58,22.588,22.588,22.58,22.572,22.58,22.541,22.549,22.564,22.557,22.549,22.557,22.549,22.549,22.564,22.588,22.572,22.526,22.518,22.51,22.541,22.534,22.51,22.518,22.51,22.503,22.464,22.464,22.487,22.487,22.487,22.487,22.503,22.495,22.495,22.487,22.479,22.487,22.495,22.495,22.464,22.479,22.487,22.518,22.51,22.526,22.51,22.503,22.526,22.456,22.503,22.518,22.487,22.503,22.503,22.51,22.51,22.534,22.518,22.518,22.526,22.495,22.487,22.464,22.464,22.472,22.479,22.487,22.479,22.472,22.495,22.487,22.464,22.479,22.472,22.449,22.487,22.495,22.487,22.479,22.479,22.503,22.449,22.495,22.472,22.449,22.472,22.464,22.487,22.456,22.464,22.456,22.456,22.425,22.441,22.464,22.487,22.487,22.472,22.479,22.441,22.425,22.418,22.449,22.425,22.441,22.456,22.433,22.402,22.394,22.402,22.41,22.418,22.402,22.418,22.433,22.449,22.371,22.449,22.441,22.433,22.449,22.433,22.464,22.472,22.441,22.472,22.441,22.472,22.472,22.479,22.503,22.479,22.487,22.479,22.51,22.534,22.588
,22.441,22.402,22.379,22.363,22.356,22.379,22.363,22.379,22.356,22.356,22.371,22.363,22.379,22.356,22.34,22.363,22.379,22.402,22.41,22.402,22.387,22.387,22.387,22.418,22.394,22.402,22.425,22.433,22.418,22.433,22.425,22.418,22.425,22.418,22.441,22.441,22.449,22.449,22.449,22.441,22.449,22.449,22.449,22.487,22.479,22.487,22.534,22.495,22.503,22.495,22.51,22.503,22.518,22.549,22.541,22.541,22.534,22.534,22.557,22.534,22.549,22.58,22.58,22.595,22.603,22.564,22.564,22.564,22.572,22.564,22.549,22.549,22.549,22.549,22.557,22.557,22.549,22.557,22.549,22.557,22.557,22.564,22.564,22.588,22.603,22.58,22.588,22.58,22.564,22.58,22.58,22.595,22.588,22.595,22.595,22.603,22.619,22.595,22.619,22.619,22.619,22.626,22.619,22.611,22.611,22.611,22.626,22.626,22.642,22.642,22.665,22.673,22.649,22.649,22.665,22.665,22.649,22.634,22.634,22.642,22.649,22.657,22.657,22.665,22.657,22.642,22.688,22.696,22.703,22.711,22.711,22.703,22.719,22.719,22.711,22.727,22.719,22.734,22.734,22.703,22.757,22.727,22.734,22.742,22.75,22.75,22.765,22.765,22.78,22.773,22.78,22.788,22.796,22.796,22.804,22.804,22.804,22.78,22.796,22.78,22.796,22.796,22.78,22.788,22.78,22.804,22.804,22.834,22.834,22.796,22.811,22.796,22.811,22.827,22.834,22.811,22.85,22.819,22.827,22.842,22.865,22.881,22.904,22.911,22.919,22.942,22.919,22.942,22.973,22.981,22.996,23.011,23.011,23.019,23.034,23.034,23.05,23.065,23.088,23.111,23.119,23.134,23.15,23.173,23.196,23.249,23.296,23.349,23.403,23.655,24.219,24.795,24.916,25.308,25.488,25.758,26.064,26.273,26.511,26.541,26.593,26.57,26.704,26.882,27.015,27.229,27.289,27.37,27.311,26.689,25.803,25.66,25.645,25.728,25.728,25.803,26.034,26.116,26.072,26.422,26.355,26.288,26.578,26.8,26.682,26.823,26.956,26.815,26.934,27.067,26.889,26.963,27.082,26.949,27,27.06,27.03,26.889,27.008,26.941,26.897,26.919,27.037,26.971,26.845,26.986,27.089,26.971,26.867,26.904,26.986,26.8,26.734,26.875,26.83,26.734,26.771,26.756,26.749,26.712,26.622,26.6,26.726,26.593,26.57,26.6,26.674,26.637,26.474,26.466,26.57,26.578,26.392,26.422,26.392,26.466,26.362,26.31,26.333,26.362,26.31,26.265,26.221,26.243,26.28,26.176,26.213,26.228,26.198,26.154,26.198,26.265,26.236,26.228,26.251,26.288,26.31,26.236,26.221,26.265,26.318,26.243,26.273,26.251,26.318,26.333,26.176,26.198,26.355,26.146,26.101,26.198,26.265,26.228,26.183,26.146,26.206,26.146,26.146,26.101,26.243,26.131,26.087,26.169,26.198,26.094,26.027,26.057,26.124,26.072,26.094,26.101,26.101,26.057,26.049,26.087,26.057,25.982,26.049,26.049,25.997,25.975,26.004,25.975,25.825,25.885,25.847,25.758,25.795,25.892,25.593,25.69,25.668,25.39,25.42,25.398,25.119,25.3,25.277,25.255,26.288,27.392,27.524,27.598,27.355,26.934,27.037,26.6,25.997,25.907,25.503,25.097,24.901,24.75,24.492,24.249,24.249,23.907,23.877,23.747,23.602,23.418,23.257,23.203,23.188,23.165,23.142,23.127,23.104,23.088,23.088,23.073,23.073,23.058,23.042,23.019,23.019,22.996,22.996,22.973,22.965,22.95,22.95,22.942,22.927,22.965,22.958,22.927,22.919,22.911,22.881,22.888,22.881,22.881,22.904,22.888,22.896,22.888,22.896,22.881,22.881,22.858,22.85,22.85,22.865,22.858,22.858,22.865,22.85,22.842,22.842,22.834,22.819,22.804,22.804,22.788,22.796,22.78,22.788,22.788,22.78,22.773,22.75,22.734,22.734,22.711,22.727,22.727,22.734,22.727,22.711,22.703,22.703,22.696,22.696,22.68,22.703,22.696,22.696,22.696,22.696,22.696,22.68,22.68,22.673,22.673,22.649,22.642,22.619,22.634,22.611,22.619,22.619,22.611,22.611,22.603,22.595,22.603,22.603,22.595,22.595,22.58,22.572,22.564,22.58,22.564,22.572,22.557,22.557,22.557,22.572,22.541,22.526,22.541,22.51,22.549,22.572,22.58,22.549,22.541,22.526,22.503,22.518,22.534,22.495,22.526,22.487,22.503,22.479,22.479,22.479,22.479,22.487,22.487,22.495,22.487,22.487,22.479,22.479,22.472,22.464,22.472,22.472,22.479,22.503,22.526,22.51,22.534,22.518,22.518,22.479,22.487,22.51,22.495,22.487,22.503,22.495,22.503,22.487,22.487,22.518,22.495,22.487,22.487,22.441,22.464,22.479,22.464,22.472,22.472,22.456,22.495,22.479,22.503,22.487,22.464,22.472,22.456,22.503,22.464,22.456,22.479,22.479,22.487,22.487,22.51,22.487,22.464,22.479,22.464,22.472,22.487,22.464,22.456,22.441,22.441,22.464,22.456,22.456,22.464,22.449,22.441,22.425,22.433,22.41,22.433,22.387,22.479,22.425,22.449,22.418,22.418,22.418,22.402,22.41,22.41,22.41,22.418,22.441,22.449,22.449,22.425,22.41,22.425,22.433,22.418,22.464,22.418,22.495,22.456,22.456,22.456,22.472,22.449,22.487,22.51,22.503,22.495,22.518,22.595
,22.425,22.41,22.394,22.371,22.371,22.363,22.371,22.379,22.402,22.379,22.363,22.356,22.379,22.387,22.332,22.332,22.41,22.41,22.394,22.394,22.402,22.402,22.387,22.394,22.41,22.41,22.41,22.418,22.441,22.418,22.41,22.41,22.402,22.433,22.433,22.449,22.441,22.449,22.425,22.441,22.441,22.441,22.456,22.449,22.487,22.495,22.503,22.51,22.503,22.51,22.518,22.518,22.51,22.534,22.534,22.541,22.534,22.526,22.534,22.549,22.564,22.58,22.603,22.603,22.611,22.603,22.595,22.572,22.572,22.564,22.557,22.564,22.541,22.557,22.564,22.572,22.564,22.557,22.557,22.557,22.564,22.572,22.595,22.595,22.603,22.595,22.595,22.58,22.58,22.588,22.588,22.603,22.603,22.611,22.572,22.603,22.603,22.619,22.619,22.634,22.626,22.634,22.634,22.626,22.626,22.619,22.619,22.619,22.626,22.642,22.673,22.673,22.673,22.673,22.673,22.657,22.649,22.657,22.649,22.649,22.657,22.657,22.657,22.657,22.657,22.673,22.68,22.703,22.719,22.719,22.719,22.719,22.711,22.734,22.719,22.742,22.711,22.75,22.773,22.727,22.742,22.757,22.765,22.75,22.75,22.757,22.757,22.773,22.78,22.78,22.78,22.796,22.804,22.811,22.811,22.804,22.78,22.78,22.796,22.796,22.804,22.811,22.811,22.78,22.819,22.834,22.834,22.834,22.834,22.827,22.827,22.827,22.819,22.834,22.842,22.85,22.842,22.85,22.865,22.865,22.873,22.881,22.919,22.934,22.942,22.958,22.958,22.973,22.965,22.996,23.004,23.011,23.019,23.019,23.027,23.034,23.05,23.081,23.088,23.127,23.165,23.173,23.18,23.196,23.211,23.226,23.303,23.387,23.472,23.953,24.416,24.825,24.984,25.42,25.6,25.847,26.064,26.355,26.466,26.57,26.541,26.526,26.704,26.897,26.978,27.141,27.274,27.407,26.593,25.683,25.6,25.653,25.66,25.713,26.027,25.9,26.049,26.385,26.34,26.385,26.682,26.563,26.652,26.86,26.793,26.86,26.949,26.919,26.956,27.089,26.956,26.956,27.222,27.067,26.889,27.111,27.045,27.008,26.956,26.963,26.904,26.926,27.052,26.971,26.904,26.949,27,26.926,26.875,26.889,26.919,26.741,26.704,26.734,26.808,26.808,26.741,26.734,26.756,26.697,26.637,26.652,26.689,26.63,26.563,26.622,26.637,26.556,26.466,26.481,26.57,26.504,26.399,26.385,26.362,26.362,26.347,26.273,26.295,26.303,26.295,26.236,26.213,26.243,26.198,26.161,26.206,26.221,26.258,26.139,26.176,26.236,26.221,26.198,26.221,26.243,26.273,26.206,26.213,26.191,26.288,26.161,26.206,26.206,26.265,26.176,26.079,26.124,26.213,26.169,26.101,26.139,26.221,26.154,26.072,26.101,26.243,26.034,26.057,26.072,26.176,26.124,26.101,26.161,26.139,26.079,26.004,26.124,26.072,26.012,26.012,26.131,26.139,26.019,26.072,26.064,26.019,25.982,26.064,26.049,25.937,25.989,26.027,25.96,25.907,25.907,25.93,25.75,25.862,25.945,25.743,25.683,25.87,25.66,25.705,25.675,25.443,25.36,25.27,25.225,25.488,26.414,27.561,27.752,27.377,27.325,27.156,26.615,26.131,25.975,25.758,25.36,25.195,24.833,24.613,24.553,24.257,24.067,23.892,23.762,23.64,23.472,23.28,23.249,23.211,23.173,23.142,23.134,23.111,23.096,23.065,23.073,23.058,23.065,23.05,23.019,23.027,23.004,23.011,22.988,22.965,22.981,22.958,22.95,22.958,22.965,22.973,22.927,22.927,22.896,22.896,22.888,22.888,22.888,22.888,22.904,22.896,22.896,22.896,22.881,22.873,22.865,22.865,22.85,22.858,22.865,22.865,22.865,22.865,22.842,22.85,22.834,22.819,22.811,22.827,22.811,22.788,22.796,22.788,22.788,22.788,22.773,22.757,22.727,22.734,22.742,22.734,22.742,22.734,22.727,22.711,22.711,22.703,22.696,22.688,22.688,22.68,22.703,22.688,22.696,22.703,22.703,22.696,22.696,22.696,22.657,22.657,22.642,22.634,22.626,22.619,22.626,22.619,22.603,22.611,22.611,22.595,22.611,22.619,22.595,22.588,22.588,22.572,22.572,22.588,22.611,22.572,22.611,22.603,22.557,22.541,22.534,22.534,22.534,22.557,22.541,22.572,22.564,22.549,22.541,22.518,22.518,22.503,22.51,22.518,22.518,22.487,22.503,22.495,22.487,22.479,22.479,22.479,22.487,22.503,22.503,22.51,22.503,22.487,22.487,22.479,22.449,22.479,22.495,22.495,22.526,22.549,22.541,22.541,22.495,22.51,22.495,22.518,22.449,22.472,22.487,22.51,22.487,22.503,22.503,22.503,22.51,22.503,22.479,22.487,22.472,22.472,22.464,22.449,22.418,22.495,22.479,22.472,22.495,22.479,22.479,22.464,22.464,22.449,22.464,22.456,22.456,22.487,22.487,22.487,22.495,22.495,22.464,22.479,22.487,22.479,22.495,22.472,22.472,22.487,22.495,22.479,22.449,22.503,22.472,22.464,22.456,22.464,22.433,22.441,22.449,22.449,22.495,22.449,22.433,22.418,22.41,22.418,22.433,22.418,22.441,22.425,22.418,22.441,22.449,22.441,22.472,22.487,22.456,22.425,22.441,22.456,22.418,22.472,22.472,22.472,22.479,22.464,22.495,22.495,22.51,22.51,22.487,22.518,22.626
,22.387,22.387,22.371,22.363,22.371,22.371,22.387,22.356,22.371,22.363,22.371,22.363,22.356,22.356,22.332,22.371,22.371,22.379,22.425,22.371,22.402,22.379,22.394,22.394,22.394,22.402,22.418,22.418,22.418,22.449,22.394,22.394,22.394,22.418,22.402,22.41,22.41,22.425,22.433,22.425,22.433,22.433,22.449,22.449,22.487,22.479,22.479,22.495,22.51,22.495,22.51,22.487,22.534,22.534,22.534,22.526,22.526,22.526,22.564,22.557,22.557,22.58,22.588,22.611,22.603,22.58,22.572,22.557,22.557,22.557,22.534,22.479,22.534,22.564,22.557,22.557,22.564,22.564,22.557,22.564,22.572,22.58,22.595,22.58,22.588,22.588,22.58,22.572,22.58,22.58,22.595,22.58,22.595,22.588,22.588,22.595,22.619,22.619,22.626,22.611,22.626,22.626,22.634,22.634,22.634,22.634,22.611,22.634,22.634,22.649,22.649,22.688,22.649,22.665,22.642,22.649,22.657,22.673,22.665,22.642,22.657,22.657,22.665,22.665,22.657,22.657,22.68,22.696,22.719,22.727,22.719,22.734,22.734,22.742,22.734,22.727,22.727,22.719,22.734,22.719,22.742,22.773,22.757,22.773,22.734,22.765,22.765,22.78,22.796,22.804,22.796,22.796,22.796,22.819,22.819,22.804,22.788,22.78,22.78,22.796,22.811,22.819,22.827,22.796,22.834,22.834,22.85,22.858,22.842,22.842,22.834,22.78,22.827,22.834,22.842,22.858,22.858,22.842,22.85,22.865,22.881,22.896,22.911,22.942,22.95,22.958,22.965,22.973,22.988,22.965,22.996,23.004,23.027,23.034,23.027,23.034,23.058,23.073,23.096,23.15,23.142,23.173,23.188,23.203,23.226,23.249,23.303,23.38,23.533,24.014,24.629,24.803,25.074,25.375,25.645,25.9,26.154,26.474,26.481,26.504,26.504,26.518,26.57,26.978,27.082,27.052,26.956,26.303,25.675,25.525,25.585,25.81,25.758,25.735,26.019,26.221,26.243,26.533,26.496,26.504,26.786,26.712,26.786,26.926,26.875,26.889,26.934,26.978,26.956,27.133,26.993,26.963,27.141,27.008,26.993,27.089,27.052,26.956,26.934,26.949,26.875,26.912,27.052,26.912,26.889,26.934,26.897,26.897,26.83,26.838,26.852,26.689,26.697,26.704,26.763,26.712,26.712,26.749,26.689,26.726,26.667,26.637,26.682,26.615,26.556,26.556,26.63,26.585,26.489,26.414,26.496,26.429,26.362,26.288,26.325,26.325,26.318,26.251,26.258,26.273,26.265,26.221,26.213,26.228,26.243,26.169,26.161,26.228,26.213,26.146,26.094,26.161,26.213,26.146,26.139,26.198,26.243,26.169,26.176,26.146,26.176,26.131,26.169,26.146,26.176,26.228,26.161,26.094,26.116,26.064,26.027,26.064,26.183,26.116,25.997,26.079,26.236,26.012,26.019,26.042,26.094,26.027,26.042,26.064,26.079,25.997,26.012,26.057,26.124,26.012,26.027,26.109,26.116,26.019,26.027,26.079,25.967,25.982,26.057,26.049,26.034,26.012,26.049,25.945,25.907,25.945,25.922,25.795,25.847,25.93,25.773,25.967,25.847,25.728,25.832,25.72,25.495,25.72,25.323,25.277,25.33,25.458,27.067,27.473,27.502,27.429,27.119,27,26.963,26.064,25.922,25.72,25.39,25.044,24.893,24.629,24.227,24.059,24.021,23.831,23.663,23.441,23.296,23.28,23.211,23.18,23.157,23.142,23.119,23.088,23.081,23.096,23.058,23.065,23.042,23.042,23.034,23.004,22.996,22.981,22.981,22.965,22.965,22.981,22.95,22.988,22.934,22.973,22.919,22.896,22.904,22.896,22.888,22.888,22.911,22.896,22.904,22.888,22.896,22.888,22.881,22.865,22.85,22.85,22.858,22.865,22.858,22.873,22.858,22.819,22.827,22.819,22.811,22.827,22.811,22.811,22.796,22.788,22.78,22.78,22.773,22.765,22.75,22.734,22.734,22.734,22.75,22.773,22.742,22.75,22.742,22.711,22.703,22.696,22.68,22.673,22.665,22.68,22.688,22.696,22.696,22.703,22.703,22.719,22.673,22.68,22.665,22.649,22.642,22.626,22.634,22.626,22.619,22.619,22.603,22.603,22.611,22.603,22.595,22.595,22.588,22.58,22.588,22.58,22.572,22.58,22.611,22.572,22.564,22.557,22.541,22.534,22.526,22.534,22.526,22.534,22.549,22.534,22.526,22.534,22.51,22.549,22.51,22.51,22.526,22.503,22.518,22.503,22.503,22.503,22.495,22.487,22.487,22.487,22.503,22.51,22.51,22.503,22.479,22.472,22.464,22.479,22.464,22.479,22.495,22.526,22.51,22.526,22.518,22.549,22.526,22.449,22.433,22.456,22.472,22.495,22.495,22.479,22.487,22.51,22.526,22.51,22.526,22.487,22.472,22.464,22.472,22.456,22.449,22.433,22.449,22.425,22.479,22.495,22.487,22.479,22.449,22.456,22.449,22.449,22.456,22.464,22.479,22.503,22.51,22.518,22.472,22.464,22.487,22.479,22.487,22.487,22.495,22.464,22.503,22.487,22.479,22.495,22.479,22.464,22.464,22.456,22.464,22.441,22.464,22.425,22.402,22.433,22.472,22.441,22.425,22.418,22.418,22.41,22.394,22.394,22.433,22.433,22.425,22.449,22.479,22.464,22.433,22.425,22.418,22.464,22.425,22.425,22.456,22.472,22.449,22.472,22.487,22.503,22.518,22.479,22.534,22.503,22.541,22.619
,22.379,22.371,22.379,22.418,22.356,22.356,22.371,22.356,22.394,22.379,22.348,22.363,22.356,22.34,22.348,22.371,22.379,22.394,22.379,22.387,22.418,22.394,22.363,22.387,22.387,22.394,22.41,22.418,22.433,22.418,22.394,22.394,22.402,22.41,22.418,22.41,22.425,22.41,22.418,22.425,22.425,22.433,22.425,22.433,22.441,22.464,22.479,22.479,22.487,22.487,22.518,22.518,22.534,22.534,22.518,22.518,22.51,22.526,22.541,22.534,22.549,22.557,22.564,22.588,22.58,22.572,22.564,22.572,22.572,22.572,22.564,22.541,22.541,22.564,22.572,22.564,22.564,22.572,22.564,22.572,22.588,22.58,22.595,22.58,22.603,22.58,22.58,22.588,22.588,22.588,22.595,22.603,22.588,22.58,22.611,22.626,22.572,22.611,22.626,22.626,22.626,22.626,22.634,22.634,22.649,22.642,22.642,22.626,22.634,22.657,22.642,22.642,22.649,22.626,22.626,22.626,22.649,22.657,22.657,22.665,22.665,22.665,22.68,22.665,22.673,22.673,22.673,22.703,22.719,22.727,22.727,22.742,22.734,22.727,22.757,22.711,22.727,22.75,22.75,22.757,22.773,22.788,22.765,22.75,22.75,22.765,22.765,22.804,22.827,22.78,22.811,22.796,22.804,22.827,22.811,22.811,22.788,22.78,22.78,22.78,22.811,22.811,22.811,22.819,22.811,22.827,22.834,22.85,22.842,22.842,22.819,22.842,22.842,22.842,22.842,22.858,22.865,22.873,22.881,22.881,22.888,22.904,22.927,22.942,22.95,22.973,22.981,22.973,22.981,22.988,23.019,23.019,23.042,23.034,23.034,23.058,23.058,23.081,23.119,23.15,23.18,23.18,23.211,23.226,23.242,23.272,23.303,23.418,23.709,24.219,24.507,24.742,25.247,25.54,25.578,25.832,26.139,26.437,26.481,26.466,26.452,26.526,26.548,26.934,26.993,26.749,25.855,25.645,25.615,25.668,25.675,25.855,26.109,25.982,26.176,26.444,26.399,26.526,26.533,26.548,26.8,26.882,26.867,26.963,26.912,26.912,27.015,26.986,27.008,27.133,27.067,27,27.148,27,26.971,27.097,27.045,26.919,26.963,26.941,26.845,26.889,26.971,26.919,26.845,26.778,26.86,26.786,26.719,26.83,26.867,26.682,26.689,26.697,26.763,26.697,26.682,26.697,26.689,26.667,26.608,26.593,26.645,26.622,26.563,26.585,26.6,26.578,26.459,26.437,26.444,26.466,26.325,26.34,26.31,26.347,26.288,26.258,26.258,26.265,26.295,26.265,26.228,26.236,26.236,26.206,26.176,26.213,26.191,26.139,26.139,26.154,26.206,26.139,26.146,26.169,26.198,26.154,26.124,26.116,26.154,26.139,26.087,26.109,26.116,26.124,26.072,26.034,26.109,26.087,26.004,25.975,26.094,26.049,25.982,26.019,26.139,25.982,25.989,25.975,26.034,25.989,26.012,26.042,26.079,25.967,25.922,26.042,26.087,26.004,26.027,26.079,26.012,25.975,26.034,26.087,25.997,25.93,26.012,25.967,25.96,25.907,26.064,25.967,25.915,26.012,25.982,25.847,25.892,25.93,25.773,25.937,25.825,25.795,25.952,25.75,25.72,25.698,25.405,25.495,25.405,25.495,25.54,26.645,27.473,27.384,27.215,27.156,26.838,26.265,26.258,25.758,25.39,25.165,25.029,24.636,24.523,24.272,24.052,23.785,23.686,23.541,23.403,23.265,23.234,23.203,23.165,23.142,23.127,23.104,23.081,23.073,23.065,23.058,23.042,23.05,23.034,23.011,23.011,22.996,22.996,22.988,22.973,22.973,22.965,22.958,22.934,22.911,22.95,22.927,22.919,22.911,22.904,22.904,22.911,22.927,22.911,22.919,22.896,22.881,22.865,22.865,22.858,22.858,22.865,22.858,22.865,22.865,22.85,22.85,22.842,22.819,22.834,22.827,22.827,22.819,22.788,22.773,22.773,22.765,22.757,22.75,22.742,22.734,22.727,22.757,22.75,22.765,22.742,22.757,22.75,22.734,22.727,22.696,22.688,22.673,22.665,22.657,22.665,22.657,22.68,22.696,22.703,22.68,22.68,22.68,22.673,22.626,22.642,22.642,22.649,22.634,22.634,22.611,22.619,22.611,22.619,22.611,22.595,22.603,22.588,22.588,22.58,22.572,22.603,22.603,22.611,22.588,22.588,22.564,22.549,22.518,22.518,22.526,22.518,22.526,22.541,22.51,22.503,22.51,22.503,22.534,22.534,22.541,22.518,22.534,22.518,22.503,22.51,22.503,22.503,22.487,22.503,22.51,22.503,22.503,22.495,22.487,22.487,22.456,22.479,22.449,22.487,22.495,22.495,22.503,22.526,22.518,22.534,22.518,22.479,22.464,22.472,22.449,22.456,22.472,22.479,22.495,22.464,22.479,22.518,22.526,22.518,22.487,22.472,22.456,22.464,22.464,22.449,22.441,22.449,22.472,22.449,22.487,22.479,22.472,22.472,22.464,22.441,22.456,22.449,22.472,22.495,22.51,22.503,22.503,22.464,22.464,22.472,22.479,22.479,22.487,22.487,22.487,22.487,22.51,22.495,22.479,22.472,22.472,22.425,22.472,22.441,22.464,22.456,22.441,22.472,22.456,22.449,22.441,22.418,22.41,22.387,22.379,22.402,22.456,22.441,22.425,22.41,22.41,22.394,22.425,22.441,22.441,22.433,22.464,22.441,22.433,22.433,22.456,22.456,22.479,22.441,22.495,22.526,22.479,22.541,22.51,22.549,22.526
,22.348,22.356,22.363,22.402,22.356,22.356,22.356,22.332,22.363,22.356,22.371,22.371,22.371,22.371,22.356,22.356,22.371,22.41,22.449,22.394,22.363,22.394,22.387,22.379,22.379,22.387,22.41,22.418,22.41,22.41,22.41,22.41,22.402,22.402,22.425,22.387,22.418,22.441,22.425,22.425,22.418,22.441,22.433,22.449,22.441,22.456,22.449,22.449,22.472,22.464,22.503,22.518,22.518,22.526,22.518,22.534,22.518,22.534,22.534,22.526,22.549,22.572,22.572,22.58,22.588,22.588,22.557,22.557,22.549,22.572,22.557,22.557,22.557,22.564,22.564,22.58,22.588,22.588,22.595,22.603,22.588,22.603,22.634,22.619,22.572,22.572,22.588,22.588,22.595,22.603,22.603,22.611,22.611,22.595,22.626,22.626,22.603,22.619,22.611,22.649,22.611,22.642,22.634,22.68,22.665,22.665,22.642,22.649,22.634,22.634,22.642,22.642,22.634,22.665,22.626,22.619,22.673,22.665,22.657,22.657,22.665,22.68,22.696,22.688,22.688,22.673,22.688,22.696,22.711,22.734,22.734,22.75,22.742,22.75,22.78,22.788,22.727,22.734,22.734,22.727,22.773,22.742,22.78,22.78,22.765,22.78,22.796,22.819,22.811,22.811,22.827,22.796,22.827,22.819,22.819,22.811,22.804,22.788,22.804,22.804,22.796,22.78,22.804,22.834,22.842,22.842,22.858,22.858,22.85,22.842,22.842,22.85,22.85,22.858,22.85,22.858,22.85,22.865,22.888,22.888,22.888,22.896,22.927,22.934,22.95,22.965,22.973,22.988,22.981,23.05,23.05,23.019,23.073,23.065,23.05,23.065,23.065,23.088,23.127,23.157,23.188,23.211,23.211,23.219,23.272,23.272,23.296,23.479,23.915,24.318,24.553,24.871,25.27,25.548,25.758,26.101,26.325,26.466,26.556,26.422,26.466,26.526,26.8,26.919,26.963,26.466,25.675,25.63,25.593,25.788,25.773,25.877,26.169,26.243,26.251,26.63,26.585,26.66,26.756,26.645,26.86,26.912,26.897,26.971,26.941,26.919,27.015,27.03,27.037,27.074,27,26.993,27.119,27.052,27.015,27.067,27.037,26.986,26.949,26.949,26.875,26.867,26.875,26.912,26.8,26.719,26.786,26.749,26.726,26.704,26.793,26.712,26.689,26.712,26.726,26.704,26.697,26.704,26.704,26.66,26.637,26.637,26.667,26.652,26.585,26.526,26.556,26.652,26.504,26.496,26.496,26.541,26.429,26.318,26.385,26.414,26.318,26.28,26.273,26.34,26.288,26.295,26.258,26.273,26.221,26.236,26.183,26.303,26.265,26.198,26.146,26.198,26.191,26.131,26.109,26.176,26.228,26.139,26.124,26.116,26.094,26.101,26.042,26.072,26.124,26.131,26.042,26.034,26.042,26.094,26.034,25.952,26.057,26.034,25.997,25.975,26.042,25.952,25.9,25.93,26.064,25.982,25.945,25.989,26.012,25.922,25.892,25.915,26.019,25.997,25.982,26.049,26.042,25.952,26.019,26.064,25.967,25.9,25.982,26.072,25.907,26.012,26.072,25.93,25.937,26.079,26.034,25.915,25.989,25.975,25.818,25.96,25.93,25.907,26.004,25.803,25.877,25.84,25.683,25.615,25.473,25.48,25.458,25.585,26.734,27.281,27.436,27.2,26.978,26.637,26.206,25.885,25.773,25.262,25.097,24.81,24.515,24.295,24.029,23.922,23.732,23.594,23.518,23.433,23.303,23.226,23.203,23.165,23.134,23.096,23.096,23.081,23.088,23.088,23.088,23.058,23.05,23.027,22.996,23.034,23.019,23.011,22.981,22.996,22.973,22.934,22.919,22.927,22.927,22.942,22.919,22.934,22.911,22.919,22.911,22.927,22.919,22.904,22.888,22.888,22.881,22.881,22.873,22.865,22.865,22.865,22.865,22.858,22.858,22.85,22.819,22.811,22.834,22.834,22.827,22.811,22.811,22.765,22.773,22.765,22.757,22.757,22.75,22.734,22.727,22.757,22.765,22.742,22.773,22.734,22.757,22.719,22.727,22.711,22.673,22.657,22.665,22.634,22.642,22.673,22.688,22.673,22.68,22.688,22.68,22.665,22.673,22.634,22.68,22.649,22.649,22.657,22.634,22.642,22.634,22.595,22.603,22.603,22.611,22.603,22.595,22.595,22.588,22.595,22.603,22.619,22.58,22.611,22.588,22.588,22.557,22.549,22.549,22.518,22.526,22.51,22.526,22.51,22.51,22.541,22.534,22.526,22.526,22.549,22.526,22.549,22.518,22.51,22.51,22.503,22.526,22.51,22.503,22.518,22.51,22.503,22.503,22.487,22.487,22.487,22.495,22.495,22.487,22.495,22.495,22.541,22.549,22.534,22.526,22.526,22.495,22.487,22.449,22.464,22.464,22.472,22.479,22.487,22.479,22.487,22.541,22.51,22.518,22.479,22.479,22.456,22.456,22.449,22.464,22.472,22.456,22.479,22.487,22.487,22.479,22.479,22.503,22.479,22.464,22.464,22.456,22.472,22.518,22.503,22.487,22.487,22.472,22.464,22.487,22.487,22.479,22.479,22.472,22.479,22.487,22.487,22.464,22.456,22.449,22.449,22.487,22.487,22.51,22.441,22.487,22.433,22.449,22.433,22.433,22.433,22.41,22.402,22.387,22.425,22.418,22.418,22.418,22.418,22.418,22.441,22.418,22.433,22.441,22.418,22.441,22.418,22.441,22.449,22.456,22.449,22.487,22.472,22.51,22.495,22.526,22.526,22.526,22.503,22.541,22.549
,22.348,22.348,22.363,22.363,22.34,22.356,22.348,22.348,22.348,22.348,22.363,22.371,22.379,22.363,22.371,22.379,22.402,22.402,22.394,22.387,22.379,22.332,22.371,22.363,22.379,22.387,22.379,22.394,22.394,22.41,22.394,22.402,22.394,22.363,22.425,22.41,22.394,22.418,22.425,22.433,22.433,22.418,22.449,22.433,22.425,22.441,22.441,22.449,22.464,22.464,22.479,22.495,22.526,22.526,22.526,22.526,22.464,22.534,22.526,22.51,22.534,22.541,22.572,22.58,22.564,22.557,22.557,22.572,22.564,22.588,22.557,22.564,22.557,22.572,22.588,22.595,22.58,22.572,22.58,22.603,22.572,22.619,22.611,22.603,22.611,22.588,22.588,22.595,22.603,22.603,22.611,22.595,22.595,22.603,22.611,22.611,22.595,22.611,22.611,22.611,22.634,22.626,22.634,22.665,22.665,22.657,22.68,22.649,22.665,22.626,22.626,22.642,22.642,22.642,22.626,22.611,22.634,22.649,22.642,22.657,22.649,22.68,22.68,22.688,22.68,22.688,22.68,22.688,22.727,22.727,22.734,22.734,22.742,22.757,22.757,22.757,22.734,22.711,22.734,22.734,22.742,22.765,22.773,22.765,22.773,22.757,22.78,22.804,22.804,22.78,22.811,22.804,22.819,22.834,22.819,22.819,22.796,22.796,22.796,22.804,22.827,22.834,22.819,22.834,22.834,22.827,22.834,22.85,22.842,22.834,22.865,22.85,22.858,22.865,22.865,22.858,22.858,22.873,22.85,22.888,22.881,22.896,22.911,22.934,22.95,22.958,22.973,22.981,23.011,23.004,23.05,23.058,23.065,23.073,23.065,23.081,23.081,23.104,23.142,23.157,23.18,23.203,23.211,23.234,23.265,23.272,23.311,23.564,23.732,24.379,24.568,24.825,25.172,25.555,25.66,25.952,26.251,26.541,26.474,26.474,26.474,26.511,26.697,26.712,26.265,25.66,25.615,25.653,25.683,25.788,25.892,25.915,26.236,26.28,26.541,26.6,26.608,26.608,26.778,26.741,26.912,26.986,26.904,27,26.934,26.934,27.023,27.097,27.045,27.074,27.082,26.978,27.06,27.023,26.978,27.03,27.03,26.919,26.926,26.978,26.904,26.815,26.852,26.808,26.704,26.697,26.719,26.674,26.667,26.682,26.712,26.697,26.712,26.712,26.763,26.756,26.689,26.704,26.726,26.645,26.637,26.637,26.674,26.645,26.556,26.608,26.622,26.578,26.533,26.533,26.504,26.563,26.407,26.377,26.333,26.414,26.34,26.31,26.31,26.347,26.288,26.273,26.251,26.31,26.362,26.265,26.236,26.288,26.355,26.258,26.243,26.206,26.318,26.176,26.176,26.176,26.221,26.176,26.087,26.094,26.131,26.087,26.079,26.079,26.116,26.116,26.079,26.042,26.101,26.064,25.989,25.922,26.079,26.057,25.975,25.96,25.982,25.922,25.915,25.922,25.945,25.96,25.922,25.93,25.975,25.93,25.847,25.885,25.9,25.967,25.937,26.004,26.034,25.997,25.952,26.049,25.93,25.915,25.989,25.952,25.9,25.922,26.094,25.892,25.96,26.139,25.997,25.975,25.952,25.915,25.922,25.997,25.937,25.922,25.989,25.87,25.93,25.847,25.765,25.773,25.525,25.548,25.428,25.503,25.683,27.097,27.348,27.244,27.074,26.815,26.265,26.407,25.765,25.585,25.255,24.984,24.553,24.462,24.173,23.968,23.816,23.648,23.518,23.456,23.349,23.257,23.219,23.188,23.127,23.111,23.081,23.096,23.104,23.088,23.096,23.088,23.05,23.05,23.011,23.042,22.996,23.019,23.011,22.988,23.004,22.973,22.942,22.927,22.934,22.942,22.95,22.934,22.927,22.904,22.919,22.896,22.911,22.896,22.896,22.896,22.888,22.881,22.881,22.881,22.865,22.865,22.865,22.858,22.85,22.842,22.834,22.834,22.819,22.827,22.827,22.811,22.788,22.773,22.765,22.757,22.757,22.742,22.734,22.734,22.75,22.757,22.757,22.742,22.765,22.757,22.727,22.719,22.727,22.703,22.688,22.665,22.634,22.665,22.657,22.688,22.703,22.673,22.688,22.673,22.665,22.68,22.657,22.657,22.657,22.657,22.665,22.642,22.657,22.642,22.626,22.626,22.611,22.611,22.588,22.603,22.603,22.595,22.595,22.572,22.588,22.58,22.572,22.564,22.58,22.549,22.564,22.526,22.518,22.534,22.534,22.526,22.518,22.526,22.534,22.518,22.534,22.541,22.549,22.526,22.557,22.534,22.541,22.534,22.503,22.51,22.503,22.51,22.526,22.526,22.518,22.51,22.503,22.495,22.479,22.487,22.487,22.503,22.503,22.534,22.51,22.534,22.518,22.534,22.518,22.518,22.51,22.472,22.456,22.464,22.464,22.479,22.487,22.479,22.479,22.495,22.503,22.487,22.479,22.464,22.464,22.464,22.464,22.449,22.456,22.441,22.456,22.464,22.472,22.456,22.472,22.472,22.479,22.487,22.464,22.479,22.456,22.472,22.503,22.479,22.487,22.479,22.449,22.472,22.464,22.449,22.487,22.479,22.479,22.472,22.456,22.479,22.456,22.449,22.456,22.449,22.449,22.449,22.449,22.441,22.433,22.441,22.441,22.464,22.441,22.433,22.418,22.394,22.387,22.379,22.387,22.387,22.41,22.387,22.433,22.41,22.402,22.418,22.425,22.425,22.418,22.433,22.433,22.418,22.433,22.441,22.456,22.495,22.503,22.479,22.518,22.503,22.503,22.534,22.541,22.549
,22.356,22.363,22.394,22.363,22.394,22.363,22.348,22.348,22.34,22.356,22.41,22.379,22.394,22.387,22.379,22.402,22.402,22.379,22.394,22.387,22.379,22.402,22.371,22.363,22.363,22.371,22.394,22.379,22.41,22.41,22.379,22.394,22.387,22.402,22.371,22.472,22.472,22.449,22.441,22.433,22.449,22.425,22.433,22.449,22.425,22.433,22.464,22.449,22.456,22.472,22.495,22.51,22.518,22.51,22.526,22.526,22.526,22.541,22.518,22.534,22.534,22.541,22.572,22.58,22.58,22.58,22.564,22.549,22.58,22.557,22.58,22.541,22.557,22.58,22.588,22.595,22.595,22.58,22.595,22.588,22.572,22.595,22.588,22.626,22.619,22.611,22.603,22.611,22.611,22.619,22.603,22.611,22.611,22.619,22.619,22.626,22.603,22.619,22.626,22.634,22.634,22.634,22.657,22.649,22.657,22.665,22.665,22.665,22.649,22.634,22.642,22.657,22.649,22.634,22.649,22.642,22.642,22.642,22.665,22.642,22.649,22.68,22.696,22.711,22.696,22.665,22.673,22.711,22.711,22.719,22.727,22.734,22.734,22.757,22.757,22.75,22.757,22.727,22.742,22.742,22.75,22.765,22.773,22.757,22.765,22.773,22.796,22.819,22.804,22.78,22.827,22.811,22.834,22.834,22.827,22.819,22.811,22.811,22.811,22.811,22.834,22.842,22.827,22.834,22.834,22.827,22.842,22.834,22.834,22.827,22.85,22.858,22.858,22.873,22.858,22.858,22.865,22.865,22.873,22.881,22.881,22.896,22.904,22.927,22.958,22.973,22.981,22.996,23.011,23.034,23.058,23.058,23.073,23.065,23.073,23.111,23.096,23.15,23.15,23.165,23.18,23.196,23.203,23.219,23.296,23.28,23.364,23.525,24.173,24.363,24.704,24.908,25.308,25.585,25.728,26.094,26.422,26.504,26.511,26.414,26.444,26.682,26.608,26.474,25.63,25.615,25.638,25.69,25.87,25.825,26.116,26.072,26.258,26.437,26.481,26.593,26.66,26.704,26.852,26.778,27.015,27.052,26.919,26.963,27.045,26.963,27.104,27.193,27.008,27.067,26.971,26.971,27.023,27.045,26.956,27.03,27,26.934,26.912,26.956,26.875,26.741,26.8,26.771,26.667,26.667,26.689,26.667,26.637,26.674,26.726,26.726,26.704,26.689,26.756,26.749,26.719,26.682,26.719,26.719,26.689,26.637,26.793,26.615,26.585,26.615,26.719,26.652,26.585,26.548,26.667,26.734,26.548,26.533,26.511,26.489,26.422,26.399,26.347,26.452,26.444,26.265,26.303,26.466,26.355,26.325,26.31,26.399,26.429,26.325,26.295,26.347,26.511,26.258,26.206,26.295,26.265,26.236,26.109,26.139,26.273,26.265,26.101,26.161,26.176,26.183,26.049,26.034,26.131,26.139,26.042,26.034,26.124,26.034,25.997,25.945,25.945,25.907,25.862,25.847,25.93,25.922,25.915,25.885,25.952,25.915,25.832,25.818,25.84,25.87,25.9,25.952,26.034,25.997,25.967,26.034,25.952,25.892,25.937,25.967,25.9,25.922,26.012,25.892,25.832,25.989,25.952,25.96,25.982,25.945,25.952,26.004,25.982,25.982,26.042,25.93,25.982,25.9,25.825,25.743,25.638,25.623,25.563,25.555,25.555,25.81,27.215,27.325,27.148,26.897,26.771,26.288,25.78,25.69,25.368,25.006,24.674,24.682,24.242,23.998,23.838,23.77,23.625,23.564,23.426,23.28,23.242,23.18,23.157,23.127,23.104,23.119,23.119,23.111,23.104,23.081,23.065,23.058,23.065,23.05,23.034,23.034,23.034,23.011,22.988,22.965,22.942,22.934,22.942,22.942,22.965,22.95,22.942,22.919,22.911,22.904,22.934,22.919,22.904,22.904,22.919,22.881,22.873,22.873,22.881,22.873,22.873,22.881,22.873,22.865,22.85,22.85,22.834,22.834,22.834,22.811,22.811,22.811,22.788,22.773,22.773,22.765,22.75,22.734,22.727,22.734,22.757,22.742,22.757,22.727,22.727,22.742,22.703,22.711,22.688,22.673,22.665,22.665,22.696,22.68,22.673,22.665,22.665,22.68,22.696,22.665,22.657,22.642,22.657,22.665,22.649,22.665,22.657,22.657,22.626,22.603,22.619,22.595,22.603,22.619,22.619,22.619,22.626,22.611,22.603,22.526,22.588,22.611,22.603,22.58,22.603,22.564,22.534,22.534,22.534,22.549,22.526,22.541,22.549,22.549,22.541,22.557,22.549,22.549,22.549,22.534,22.541,22.541,22.526,22.518,22.572,22.534,22.518,22.549,22.526,22.518,22.51,22.51,22.503,22.495,22.495,22.51,22.534,22.549,22.564,22.495,22.541,22.534,22.518,22.526,22.518,22.495,22.51,22.487,22.472,22.495,22.51,22.503,22.51,22.495,22.526,22.518,22.518,22.487,22.479,22.464,22.464,22.479,22.464,22.464,22.487,22.472,22.464,22.472,22.472,22.472,22.479,22.487,22.487,22.487,22.464,22.526,22.487,22.487,22.487,22.464,22.472,22.487,22.487,22.479,22.464,22.472,22.479,22.472,22.464,22.479,22.479,22.503,22.464,22.441,22.449,22.464,22.425,22.449,22.441,22.433,22.449,22.441,22.425,22.418,22.418,22.402,22.379,22.394,22.394,22.394,22.433,22.418,22.418,22.402,22.441,22.418,22.433,22.41,22.418,22.418,22.433,22.472,22.464,22.464,22.479,22.472,22.526,22.503,22.51,22.526,22.534,22.534,22.541,22.557
,22.356,22.363,22.371,22.379,22.387,22.379,22.356,22.356,22.325,22.356,22.371,22.356,22.371,22.379,22.387,22.418,22.402,22.402,22.387,22.348,22.356,22.394,22.356,22.379,22.394,22.379,22.379,22.394,22.402,22.402,22.394,22.41,22.402,22.387,22.394,22.418,22.433,22.441,22.433,22.425,22.449,22.425,22.449,22.433,22.418,22.441,22.456,22.456,22.472,22.495,22.549,22.518,22.51,22.534,22.534,22.534,22.534,22.534,22.549,22.541,22.549,22.549,22.572,22.58,22.588,22.588,22.557,22.572,22.58,22.534,22.549,22.588,22.564,22.58,22.572,22.58,22.58,22.549,22.564,22.549,22.603,22.611,22.611,22.619,22.611,22.619,22.611,22.626,22.626,22.626,22.626,22.619,22.619,22.611,22.619,22.619,22.642,22.619,22.619,22.642,22.634,22.649,22.642,22.642,22.649,22.657,22.665,22.649,22.642,22.634,22.642,22.665,22.665,22.673,22.665,22.649,22.665,22.634,22.657,22.626,22.634,22.68,22.688,22.696,22.703,22.688,22.688,22.711,22.727,22.734,22.711,22.727,22.727,22.742,22.75,22.757,22.757,22.727,22.742,22.75,22.757,22.75,22.757,22.765,22.757,22.773,22.765,22.796,22.773,22.78,22.804,22.819,22.827,22.834,22.827,22.827,22.811,22.819,22.827,22.819,22.842,22.827,22.811,22.842,22.819,22.842,22.834,22.834,22.834,22.842,22.834,22.85,22.881,22.858,22.858,22.865,22.865,22.858,22.865,22.858,22.873,22.904,22.904,22.927,22.965,22.973,22.981,22.988,23.019,23.042,23.034,23.058,23.073,23.065,23.104,23.111,23.111,23.127,23.157,23.165,23.18,23.188,23.203,23.226,23.319,23.326,23.38,23.732,24.234,24.515,24.78,25.059,25.285,25.675,25.892,26.139,26.392,26.481,26.466,26.407,26.422,26.444,26.347,25.668,25.563,25.555,25.608,25.72,25.885,25.937,26.31,26.333,26.407,26.548,26.533,26.652,26.734,26.689,26.912,26.867,26.904,26.963,26.867,26.934,27.023,26.986,27.082,27.089,26.949,27.023,26.897,26.919,27.023,27.023,27.015,26.993,26.956,26.823,26.808,26.882,26.756,26.585,26.734,26.712,26.608,26.637,26.682,26.667,26.637,26.719,26.741,26.712,26.741,26.719,26.778,26.786,26.697,26.741,26.8,26.771,26.667,26.704,26.882,26.815,26.667,26.674,26.786,26.867,26.8,26.615,26.637,26.889,26.756,26.622,26.593,26.63,26.66,26.481,26.593,26.652,26.66,26.526,26.459,26.608,26.652,26.533,26.489,26.6,26.808,26.504,26.474,26.489,26.674,26.481,26.31,26.347,26.496,26.452,26.206,26.303,26.452,26.377,26.161,26.236,26.399,26.243,26.154,26.131,26.228,26.206,26.101,26.131,26.191,26.042,25.982,25.937,25.96,25.907,25.892,25.9,25.975,25.907,25.885,25.9,25.937,25.9,25.885,25.81,25.81,25.81,25.847,25.9,26.019,25.997,25.922,26.012,25.952,25.892,25.907,25.945,25.915,25.9,26.004,25.862,25.81,25.967,25.967,25.952,26.027,25.989,25.952,26.019,26.004,25.982,25.997,25.937,26.049,25.87,25.885,25.847,25.743,25.713,25.63,25.57,25.593,25.668,26.749,27.207,27.2,27.067,26.852,26.28,26.213,25.907,25.458,25.127,24.901,24.523,24.363,24.272,23.93,23.838,23.686,23.495,23.418,23.364,23.242,23.203,23.142,23.127,23.134,23.119,23.134,23.127,23.111,23.088,23.065,23.065,23.042,23.042,23.034,23.042,23.027,23.004,22.981,22.996,22.981,22.988,22.958,22.958,22.965,22.958,22.95,22.934,22.927,22.95,22.919,22.934,22.904,22.896,22.881,22.904,22.865,22.888,22.873,22.881,22.896,22.881,22.873,22.842,22.865,22.827,22.842,22.827,22.827,22.811,22.827,22.796,22.804,22.804,22.78,22.765,22.757,22.773,22.742,22.727,22.773,22.742,22.734,22.727,22.727,22.719,22.703,22.68,22.688,22.696,22.673,22.673,22.688,22.711,22.688,22.688,22.688,22.696,22.673,22.665,22.665,22.642,22.665,22.649,22.657,22.657,22.642,22.657,22.626,22.595,22.588,22.603,22.595,22.619,22.603,22.611,22.603,22.626,22.588,22.588,22.611,22.58,22.603,22.58,22.557,22.557,22.541,22.541,22.534,22.549,22.534,22.541,22.541,22.541,22.557,22.549,22.549,22.557,22.564,22.564,22.557,22.541,22.534,22.541,22.526,22.572,22.557,22.549,22.549,22.541,22.534,22.51,22.526,22.518,22.534,22.534,22.526,22.572,22.564,22.557,22.557,22.534,22.51,22.51,22.526,22.495,22.495,22.503,22.495,22.495,22.503,22.534,22.503,22.518,22.495,22.495,22.503,22.51,22.487,22.472,22.472,22.472,22.456,22.479,22.479,22.479,22.487,22.487,22.472,22.472,22.479,22.479,22.495,22.495,22.503,22.495,22.495,22.472,22.472,22.464,22.472,22.479,22.487,22.487,22.51,22.479,22.487,22.464,22.472,22.479,22.472,22.464,22.449,22.425,22.41,22.433,22.425,22.425,22.456,22.472,22.441,22.456,22.433,22.433,22.41,22.394,22.387,22.387,22.387,22.41,22.433,22.425,22.425,22.402,22.425,22.464,22.441,22.425,22.433,22.402,22.418,22.441,22.487,22.503,22.472,22.464,22.503,22.51,22.549,22.557,22.557,22.549,22.541,22.549
,22.371,22.371,22.379,22.387,22.379,22.379,22.363,22.371,22.356,22.371,22.387,22.379,22.41,22.394,22.371,22.379,22.387,22.387,22.41,22.394,22.394,22.379,22.402,22.402,22.394,22.379,22.363,22.394,22.379,22.387,22.371,22.394,22.363,22.402,22.402,22.418,22.425,22.441,22.41,22.456,22.425,22.433,22.433,22.479,22.449,22.487,22.479,22.472,22.487,22.495,22.495,22.51,22.534,22.526,22.526,22.541,22.518,22.518,22.503,22.526,22.557,22.557,22.58,22.58,22.588,22.572,22.58,22.564,22.557,22.564,22.549,22.564,22.572,22.58,22.564,22.564,22.541,22.541,22.564,22.603,22.595,22.626,22.603,22.626,22.634,22.619,22.626,22.626,22.619,22.642,22.619,22.603,22.619,22.619,22.619,22.611,22.626,22.626,22.611,22.634,22.642,22.649,22.642,22.649,22.642,22.649,22.657,22.642,22.634,22.626,22.642,22.665,22.665,22.68,22.665,22.665,22.657,22.642,22.649,22.634,22.649,22.657,22.673,22.673,22.696,22.688,22.703,22.696,22.727,22.742,22.727,22.703,22.719,22.711,22.742,22.75,22.765,22.719,22.734,22.75,22.742,22.765,22.765,22.757,22.765,22.765,22.796,22.78,22.804,22.788,22.811,22.819,22.827,22.827,22.827,22.827,22.819,22.819,22.819,22.819,22.842,22.827,22.834,22.819,22.819,22.827,22.834,22.834,22.842,22.819,22.85,22.842,22.85,22.858,22.865,22.873,22.873,22.873,22.865,22.873,22.881,22.888,22.911,22.95,22.95,22.981,22.988,22.988,23.034,23.027,23.042,23.05,23.073,23.058,23.111,23.096,23.134,23.127,23.165,23.165,23.173,23.188,23.219,23.28,23.441,23.357,23.533,23.938,24.325,24.485,24.757,25.119,25.308,25.847,25.9,25.937,26.437,26.414,26.459,26.437,26.429,26.221,25.533,25.458,25.51,25.563,25.66,25.758,26.027,25.952,26.191,26.355,26.325,26.548,26.533,26.763,26.786,26.749,26.889,26.882,26.875,26.926,26.889,26.963,27.03,26.941,27.052,27.148,26.875,26.993,26.934,26.875,26.941,26.978,26.949,26.889,26.875,26.726,26.815,26.919,26.66,26.57,26.734,26.734,26.63,26.637,26.689,26.674,26.66,26.719,26.726,26.786,26.749,26.741,26.934,26.882,26.756,26.793,26.882,26.838,26.704,26.749,26.926,26.897,26.875,26.852,26.949,27.03,26.823,26.808,26.875,27.06,27.067,26.712,26.763,27.074,27.178,26.719,26.66,26.889,26.904,26.689,26.66,27.015,27.215,26.941,26.593,26.867,27.215,26.941,26.541,26.674,26.904,26.645,26.444,26.674,26.941,26.66,26.496,26.6,26.941,26.689,26.288,26.608,26.756,26.719,26.429,26.333,26.504,26.303,26.243,26.206,26.325,26.385,25.997,25.997,26.027,25.93,25.855,25.87,25.982,25.975,25.945,25.877,25.982,25.907,25.788,25.773,25.855,25.81,25.78,25.945,25.989,25.922,25.915,25.967,25.952,25.9,25.9,25.93,25.922,25.855,26.019,25.907,25.818,25.952,25.937,25.93,25.997,25.93,25.915,26.027,26.004,25.975,26.012,25.945,26.012,25.892,25.9,25.855,25.81,25.72,25.683,25.6,25.615,25.593,25.705,26.971,27.104,27.045,26.934,26.667,26.109,25.773,25.638,25.292,24.893,24.666,24.538,24.356,23.953,23.846,23.777,23.602,23.449,23.341,23.311,23.234,23.18,23.157,23.134,23.134,23.127,23.127,23.104,23.073,23.073,23.073,23.058,23.073,23.058,23.042,23.019,23.004,23.019,23.004,22.981,22.965,22.965,22.981,22.958,22.965,22.958,22.934,22.934,22.934,22.934,22.919,22.911,22.911,22.927,22.881,22.842,22.881,22.896,22.888,22.888,22.881,22.865,22.865,22.85,22.85,22.842,22.842,22.834,22.819,22.811,22.811,22.804,22.804,22.788,22.788,22.773,22.75,22.75,22.75,22.742,22.734,22.734,22.734,22.727,22.727,22.734,22.719,22.696,22.68,22.68,22.696,22.703,22.711,22.703,22.711,22.688,22.703,22.688,22.68,22.665,22.657,22.657,22.649,22.649,22.657,22.634,22.634,22.619,22.588,22.603,22.595,22.595,22.595,22.572,22.626,22.626,22.603,22.611,22.595,22.595,22.595,22.603,22.595,22.564,22.557,22.541,22.557,22.572,22.564,22.534,22.549,22.549,22.557,22.549,22.557,22.549,22.549,22.564,22.564,22.557,22.564,22.549,22.549,22.557,22.572,22.564,22.549,22.557,22.549,22.572,22.572,22.534,22.526,22.51,22.549,22.549,22.564,22.557,22.541,22.541,22.557,22.526,22.518,22.526,22.549,22.526,22.541,22.526,22.518,22.549,22.534,22.541,22.526,22.518,22.503,22.51,22.526,22.503,22.541,22.487,22.503,22.503,22.495,22.479,22.479,22.495,22.472,22.51,22.487,22.51,22.487,22.503,22.526,22.495,22.526,22.495,22.518,22.456,22.479,22.472,22.479,22.479,22.503,22.487,22.495,22.487,22.479,22.472,22.479,22.472,22.464,22.456,22.425,22.418,22.433,22.394,22.402,22.456,22.441,22.441,22.433,22.433,22.425,22.394,22.402,22.387,22.379,22.418,22.394,22.425,22.433,22.433,22.425,22.433,22.441,22.433,22.41,22.418,22.418,22.441,22.479,22.464,22.487,22.456,22.503,22.541,22.51,22.518,22.534,22.534,22.541,22.518,22.526
,22.379,22.387,22.379,22.394,22.387,22.371,22.371,22.371,22.371,22.363,22.41,22.387,22.379,22.387,22.394,22.41,22.41,22.394,22.394,22.387,22.394,22.387,22.402,22.394,22.402,22.371,22.356,22.363,22.371,22.379,22.387,22.402,22.402,22.418,22.425,22.433,22.41,22.441,22.441,22.441,22.464,22.441,22.418,22.456,22.456,22.464,22.487,22.487,22.487,22.495,22.495,22.495,22.526,22.495,22.518,22.503,22.503,22.518,22.541,22.557,22.557,22.588,22.58,22.572,22.595,22.557,22.564,22.564,22.564,22.549,22.557,22.557,22.564,22.572,22.572,22.557,22.541,22.534,22.564,22.572,22.572,22.603,22.611,22.611,22.626,22.619,22.626,22.626,22.649,22.634,22.619,22.619,22.603,22.619,22.611,22.603,22.619,22.626,22.634,22.642,22.642,22.642,22.634,22.626,22.649,22.619,22.626,22.634,22.642,22.642,22.649,22.673,22.703,22.703,22.688,22.673,22.68,22.657,22.649,22.649,22.642,22.665,22.673,22.688,22.696,22.688,22.688,22.711,22.703,22.742,22.742,22.719,22.711,22.719,22.719,22.734,22.765,22.742,22.757,22.75,22.742,22.757,22.75,22.757,22.765,22.765,22.773,22.765,22.765,22.796,22.811,22.811,22.804,22.811,22.819,22.827,22.827,22.819,22.819,22.819,22.834,22.834,22.827,22.834,22.827,22.85,22.85,22.85,22.842,22.85,22.827,22.819,22.834,22.85,22.865,22.873,22.873,22.873,22.881,22.881,22.881,22.896,22.927,22.942,22.965,22.981,22.996,23.011,23.019,23.042,23.05,23.042,23.058,23.073,23.088,23.142,23.134,23.165,23.165,23.165,23.18,23.196,23.211,23.265,23.403,23.464,23.525,24.082,24.379,24.568,24.848,25.225,25.503,25.675,26.004,26.198,26.303,26.437,26.459,26.444,26.318,25.54,25.435,25.443,25.525,25.48,25.63,25.78,26.064,26.079,26.221,26.444,26.37,26.608,26.6,26.749,26.83,26.845,26.882,26.919,26.889,26.956,26.897,26.934,27.052,26.941,26.971,27.015,26.889,26.889,26.845,26.86,26.934,26.845,26.815,26.889,26.786,26.667,26.756,26.875,26.637,26.667,26.667,26.712,26.637,26.645,26.756,26.697,26.689,26.771,26.793,26.815,26.8,26.867,27.015,27,26.912,26.963,27.119,27.237,27.104,26.934,27.311,27.325,27.074,27.037,27.008,27.222,27.318,27.207,27.111,27.407,27.37,27.082,27.133,27.266,27.818,27.222,27.303,27.657,27.98,27.296,27.119,27.473,27.723,27.252,27.141,27.34,27.774,27.605,27.008,26.956,27.561,27.074,26.912,26.934,27.296,27.215,26.897,27,27.023,27,26.749,26.8,27.052,26.904,26.689,26.622,26.704,26.541,26.452,26.303,26.466,26.466,26.087,26.042,26.258,26.034,25.96,25.937,26.019,25.982,25.907,25.9,26.004,25.945,25.84,25.773,25.9,25.862,25.788,25.915,26.012,25.832,25.862,25.9,25.9,25.788,25.885,25.967,25.855,25.892,25.945,25.862,25.818,25.93,25.937,25.915,25.997,25.989,25.907,26.042,25.967,25.982,25.997,25.937,25.96,25.915,25.892,25.855,25.832,25.78,25.735,25.69,25.63,25.623,25.645,25.773,26.793,27.045,27.015,26.697,26.265,26.161,25.6,25.503,25.202,24.946,24.553,24.325,24.067,23.838,23.808,23.625,23.479,23.418,23.341,23.234,23.196,23.173,23.15,23.142,23.127,23.111,23.104,23.104,23.081,23.088,23.05,23.065,23.058,23.042,23.034,23.011,23.019,22.996,23.011,22.973,22.981,22.988,22.958,22.965,22.95,22.95,22.958,22.95,22.95,22.95,22.934,22.934,22.919,22.911,22.888,22.881,22.881,22.896,22.873,22.881,22.896,22.858,22.858,22.85,22.85,22.858,22.834,22.827,22.804,22.804,22.788,22.804,22.796,22.788,22.78,22.765,22.757,22.75,22.734,22.742,22.727,22.719,22.719,22.727,22.742,22.696,22.688,22.688,22.688,22.696,22.703,22.703,22.711,22.711,22.703,22.696,22.68,22.673,22.657,22.665,22.665,22.657,22.634,22.649,22.634,22.649,22.626,22.603,22.595,22.595,22.603,22.611,22.611,22.626,22.619,22.619,22.634,22.619,22.619,22.611,22.619,22.603,22.588,22.58,22.526,22.595,22.541,22.564,22.557,22.557,22.549,22.549,22.549,22.557,22.557,22.564,22.549,22.572,22.549,22.557,22.564,22.564,22.534,22.541,22.572,22.58,22.572,22.58,22.549,22.541,22.557,22.51,22.534,22.541,22.572,22.557,22.541,22.557,22.564,22.534,22.588,22.549,22.541,22.541,22.541,22.526,22.534,22.541,22.549,22.541,22.534,22.526,22.526,22.526,22.534,22.534,22.534,22.549,22.526,22.526,22.51,22.503,22.503,22.503,22.495,22.518,22.503,22.487,22.472,22.464,22.456,22.479,22.479,22.526,22.526,22.518,22.495,22.503,22.479,22.472,22.495,22.495,22.51,22.479,22.487,22.487,22.479,22.487,22.472,22.449,22.449,22.418,22.402,22.41,22.394,22.433,22.433,22.418,22.479,22.441,22.425,22.418,22.418,22.402,22.402,22.402,22.418,22.418,22.449,22.449,22.433,22.41,22.418,22.402,22.41,22.394,22.425,22.433,22.464,22.464,22.541,22.518,22.518,22.472,22.526,22.518,22.518,22.564,22.518,22.518,22.518,22.541
,22.387,22.387,22.379,22.387,22.379,22.363,22.371,22.348,22.371,22.402,22.41,22.394,22.41,22.379,22.41,22.394,22.41,22.379,22.348,22.387,22.402,22.387,22.402,22.41,22.379,22.363,22.363,22.348,22.348,22.379,22.394,22.394,22.425,22.41,22.41,22.41,22.418,22.433,22.449,22.425,22.441,22.433,22.464,22.464,22.449,22.464,22.472,22.479,22.487,22.495,22.495,22.503,22.487,22.495,22.51,22.503,22.495,22.51,22.518,22.51,22.588,22.549,22.564,22.564,22.564,22.572,22.557,22.564,22.541,22.541,22.557,22.549,22.572,22.572,22.564,22.549,22.557,22.549,22.518,22.58,22.564,22.603,22.588,22.595,22.611,22.603,22.619,22.611,22.611,22.626,22.619,22.611,22.611,22.595,22.603,22.603,22.626,22.619,22.626,22.634,22.642,22.634,22.619,22.619,22.619,22.626,22.649,22.642,22.634,22.657,22.657,22.673,22.711,22.688,22.703,22.68,22.68,22.673,22.657,22.649,22.657,22.665,22.68,22.68,22.696,22.688,22.703,22.703,22.703,22.719,22.719,22.719,22.711,22.703,22.727,22.734,22.757,22.757,22.742,22.742,22.734,22.75,22.765,22.765,22.773,22.757,22.773,22.757,22.773,22.78,22.819,22.811,22.811,22.811,22.804,22.827,22.819,22.827,22.834,22.819,22.819,22.827,22.834,22.834,22.842,22.842,22.858,22.85,22.842,22.827,22.827,22.827,22.858,22.85,22.858,22.873,22.873,22.881,22.881,22.881,22.904,22.911,22.942,22.965,22.973,22.965,23.011,23.027,23.011,23.019,23.019,23.019,23.05,23.111,23.111,23.127,23.134,23.15,23.173,23.173,23.188,23.203,23.226,23.296,23.395,23.433,23.495,23.938,24.432,24.697,24.923,25.195,25.563,25.705,25.989,26.176,26.437,26.444,26.444,26.414,25.555,25.39,25.413,25.428,25.45,25.518,25.803,25.967,26.064,26.124,26.191,26.459,26.37,26.667,26.622,26.734,26.808,26.852,26.889,26.926,26.882,26.926,26.897,26.912,26.986,26.875,26.919,26.882,26.808,26.852,26.845,26.793,26.83,26.771,26.719,26.823,26.749,26.637,26.712,26.815,26.689,26.652,26.689,26.719,26.652,26.667,26.756,26.793,26.741,26.838,26.986,26.934,26.904,27.104,27.414,27.229,27.17,27.148,27.377,27.502,27.51,27.126,27.443,27.539,27.62,27.148,27.17,27.414,27.811,27.443,27.399,27.848,28.046,27.51,27.458,27.796,28.068,27.789,27.767,28.126,28.265,28.002,27.789,28.009,28.134,28.075,27.782,27.877,28.163,27.994,27.613,27.862,27.98,27.686,27.583,27.642,27.914,27.613,27.237,27.627,28.009,27.899,27.274,27.2,27.546,27.281,26.889,26.808,27.274,27.037,26.466,26.452,26.741,26.593,26.288,26.206,26.489,26.228,26.064,26.004,26.109,26.064,25.96,25.997,26.034,25.9,25.803,25.9,25.915,25.885,25.818,25.847,25.922,25.825,25.773,25.862,25.885,25.773,25.78,25.952,25.818,25.803,25.907,25.855,25.825,25.87,25.96,25.892,25.975,25.945,25.87,25.967,25.952,25.967,25.989,25.945,25.96,25.907,25.93,25.877,25.877,25.81,25.78,25.675,25.698,25.608,25.623,25.645,26.154,26.86,26.867,26.83,26.578,26.079,25.885,25.518,25.134,24.991,24.666,24.416,24.105,23.854,23.816,23.739,23.533,23.418,23.326,23.288,23.226,23.196,23.15,23.15,23.142,23.119,23.119,23.096,23.081,23.073,23.073,23.042,23.065,23.027,23.034,23.027,23.019,23.011,22.981,22.996,22.988,22.988,22.973,22.973,22.958,22.958,22.965,22.958,22.95,22.934,22.934,22.919,22.919,22.911,22.881,22.896,22.888,22.888,22.873,22.865,22.834,22.834,22.85,22.85,22.85,22.858,22.827,22.819,22.796,22.796,22.796,22.788,22.78,22.78,22.773,22.765,22.757,22.742,22.742,22.734,22.734,22.719,22.727,22.703,22.734,22.703,22.673,22.68,22.68,22.688,22.696,22.703,22.711,22.711,22.711,22.696,22.68,22.673,22.665,22.657,22.665,22.657,22.665,22.657,22.634,22.634,22.626,22.595,22.557,22.58,22.58,22.603,22.603,22.595,22.611,22.603,22.603,22.611,22.626,22.619,22.619,22.603,22.595,22.611,22.564,22.557,22.557,22.549,22.549,22.549,22.541,22.557,22.557,22.557,22.557,22.564,22.588,22.572,22.572,22.549,22.58,22.564,22.541,22.572,22.557,22.564,22.557,22.564,22.549,22.541,22.526,22.526,22.534,22.534,22.495,22.564,22.549,22.572,22.557,22.541,22.58,22.564,22.557,22.534,22.534,22.526,22.549,22.549,22.549,22.549,22.541,22.526,22.518,22.526,22.534,22.549,22.541,22.564,22.526,22.51,22.51,22.518,22.503,22.495,22.495,22.495,22.479,22.472,22.441,22.464,22.479,22.472,22.51,22.534,22.541,22.503,22.518,22.487,22.472,22.472,22.449,22.479,22.503,22.495,22.495,22.487,22.479,22.472,22.456,22.441,22.418,22.418,22.41,22.394,22.394,22.433,22.425,22.449,22.433,22.449,22.433,22.402,22.41,22.449,22.379,22.41,22.41,22.425,22.418,22.441,22.441,22.418,22.425,22.418,22.41,22.41,22.456,22.456,22.425,22.441,22.449,22.441,22.479,22.487,22.518,22.495,22.479,22.526,22.487,22.51,22.526,22.588
,22.394,22.387,22.41,22.387,22.387,22.379,22.379,22.379,22.387,22.41,22.464,22.449,22.41,22.418,22.41,22.418,22.394,22.418,22.394,22.41,22.402,22.402,22.402,22.379,22.363,22.371,22.379,22.387,22.363,22.356,22.387,22.371,22.387,22.425,22.425,22.418,22.418,22.433,22.449,22.464,22.464,22.433,22.449,22.479,22.479,22.464,22.487,22.479,22.479,22.503,22.487,22.503,22.503,22.479,22.495,22.479,22.503,22.518,22.526,22.534,22.588,22.58,22.541,22.595,22.549,22.557,22.58,22.557,22.557,22.549,22.549,22.549,22.564,22.564,22.588,22.541,22.549,22.549,22.564,22.564,22.603,22.588,22.595,22.603,22.603,22.595,22.611,22.611,22.619,22.619,22.611,22.603,22.619,22.588,22.619,22.626,22.611,22.626,22.642,22.626,22.634,22.619,22.634,22.642,22.634,22.642,22.649,22.657,22.649,22.673,22.68,22.68,22.703,22.696,22.703,22.657,22.665,22.673,22.673,22.673,22.657,22.719,22.673,22.696,22.696,22.696,22.703,22.719,22.711,22.719,22.719,22.703,22.711,22.711,22.711,22.742,22.757,22.75,22.734,22.734,22.727,22.757,22.765,22.78,22.773,22.788,22.765,22.757,22.78,22.788,22.78,22.796,22.811,22.804,22.811,22.834,22.811,22.834,22.827,22.827,22.811,22.819,22.827,22.834,22.85,22.858,22.85,22.865,22.842,22.811,22.834,22.834,22.85,22.881,22.858,22.881,22.881,22.881,22.888,22.896,22.896,22.95,22.95,22.958,22.965,23.004,23.011,23.027,23.027,23.034,23.011,23.019,23.05,23.073,23.111,23.134,23.142,23.15,23.157,23.18,23.188,23.219,23.249,23.349,23.364,23.495,23.64,24.067,24.53,24.576,24.916,25.308,25.608,25.832,26.101,26.31,26.518,26.526,26.481,25.96,25.398,25.345,25.345,25.465,25.518,25.578,25.728,25.9,25.975,26.161,26.258,26.459,26.489,26.645,26.712,26.741,26.852,26.875,26.897,26.949,26.904,26.963,26.889,26.904,26.963,26.852,26.845,26.86,26.763,26.845,26.778,26.793,26.771,26.749,26.652,26.756,26.756,26.667,26.697,26.756,26.749,26.719,26.756,26.734,26.741,26.704,26.815,26.949,26.889,26.919,27.163,27.111,27.097,27.244,27.348,27.495,27.348,27.384,27.664,27.694,27.826,27.576,27.928,28.024,28.009,27.679,27.752,28.024,28.411,28.229,28.097,28.389,28.732,28.725,28.375,28.95,29.088,29.102,29.015,29.161,29.587,29.573,29.211,29.327,30.012,29.392,29.356,29.407,29.724,29.443,28.856,29.197,29.276,28.848,28.739,28.776,28.79,28.528,28.346,28.44,28.433,28.155,27.95,28.097,28.177,27.906,27.193,27.289,27.767,27.185,26.786,27.03,27.215,26.83,26.689,26.556,26.778,26.526,26.385,26.228,26.437,26.094,25.937,26.019,26.057,25.982,25.892,25.93,25.93,25.915,25.847,25.862,25.915,25.818,25.825,25.855,25.862,25.75,25.788,25.877,25.78,25.773,25.877,25.915,25.81,25.84,25.937,25.788,25.84,25.9,25.825,25.989,25.982,25.93,25.945,25.93,25.952,25.937,25.922,25.892,25.832,25.81,25.803,25.69,25.705,25.653,25.63,25.623,25.66,26.265,26.875,26.815,26.489,26.176,25.937,25.585,25.375,25.202,24.735,24.401,24.379,24.059,23.877,23.755,23.502,23.433,23.357,23.288,23.234,23.196,23.18,23.142,23.142,23.134,23.119,23.119,23.104,23.104,23.073,23.065,23.042,23.019,23.027,23.027,23.011,23.019,22.988,22.981,22.988,23.004,22.965,22.973,22.958,22.958,22.965,22.958,22.958,22.965,22.958,22.95,22.942,22.927,22.919,22.904,22.904,22.888,22.896,22.881,22.858,22.858,22.85,22.85,22.85,22.85,22.842,22.827,22.819,22.796,22.804,22.78,22.78,22.773,22.765,22.765,22.765,22.742,22.765,22.773,22.734,22.734,22.75,22.742,22.727,22.711,22.68,22.68,22.688,22.688,22.696,22.703,22.703,22.711,22.703,22.696,22.688,22.665,22.657,22.649,22.665,22.665,22.68,22.657,22.649,22.611,22.603,22.588,22.58,22.572,22.595,22.595,22.619,22.611,22.611,22.611,22.611,22.619,22.626,22.634,22.634,22.619,22.619,22.603,22.588,22.564,22.557,22.564,22.572,22.557,22.564,22.549,22.564,22.549,22.549,22.549,22.564,22.557,22.572,22.595,22.549,22.541,22.549,22.541,22.58,22.557,22.557,22.557,22.564,22.557,22.534,22.526,22.534,22.526,22.541,22.557,22.557,22.541,22.549,22.557,22.549,22.564,22.557,22.549,22.541,22.557,22.557,22.549,22.549,22.534,22.526,22.518,22.518,22.534,22.534,22.541,22.549,22.541,22.549,22.549,22.526,22.51,22.518,22.51,22.51,22.487,22.487,22.487,22.472,22.464,22.456,22.487,22.503,22.526,22.549,22.549,22.526,22.51,22.487,22.472,22.456,22.479,22.518,22.503,22.51,22.495,22.487,22.472,22.464,22.449,22.441,22.433,22.41,22.418,22.402,22.402,22.433,22.449,22.441,22.402,22.418,22.394,22.418,22.418,22.394,22.418,22.41,22.425,22.433,22.425,22.433,22.433,22.387,22.41,22.394,22.41,22.425,22.449,22.449,22.441,22.449,22.472,22.464,22.487,22.51,22.534,22.518,22.495,22.51,22.518,22.572,22.549
,22.387,22.379,22.379,22.394,22.387,22.371,22.387,22.356,22.418,22.41,22.441,22.441,22.402,22.394,22.456,22.456,22.402,22.394,22.402,22.402,22.418,22.394,22.41,22.379,22.387,22.379,22.387,22.363,22.387,22.387,22.371,22.387,22.394,22.394,22.425,22.402,22.394,22.433,22.464,22.433,22.425,22.449,22.479,22.487,22.472,22.479,22.487,22.479,22.487,22.503,22.495,22.51,22.495,22.487,22.479,22.503,22.495,22.518,22.518,22.557,22.572,22.564,22.572,22.572,22.557,22.564,22.572,22.564,22.557,22.564,22.564,22.572,22.564,22.564,22.588,22.564,22.588,22.564,22.557,22.588,22.588,22.588,22.595,22.595,22.58,22.603,22.619,22.626,22.626,22.626,22.626,22.611,22.588,22.603,22.619,22.626,22.657,22.642,22.634,22.634,22.634,22.626,22.619,22.619,22.619,22.634,22.649,22.657,22.68,22.68,22.696,22.711,22.703,22.719,22.696,22.68,22.673,22.696,22.688,22.696,22.711,22.75,22.696,22.727,22.711,22.703,22.711,22.711,22.719,22.719,22.703,22.711,22.711,22.703,22.719,22.742,22.742,22.742,22.742,22.727,22.75,22.75,22.75,22.773,22.765,22.788,22.796,22.78,22.78,22.773,22.796,22.811,22.804,22.796,22.804,22.819,22.834,22.834,22.819,22.827,22.804,22.827,22.827,22.842,22.85,22.865,22.865,22.873,22.865,22.842,22.85,22.85,22.842,22.85,22.865,22.881,22.873,22.865,22.888,22.888,22.934,22.934,22.958,22.973,22.981,23.004,23.011,23.019,23.027,23.027,23.004,23.034,23.058,23.104,23.104,23.134,23.142,23.142,23.165,23.18,23.188,23.226,23.265,23.296,23.403,23.487,23.617,24.143,24.56,24.878,25.021,25.383,25.72,25.773,26.064,26.333,26.489,26.496,26.444,25.66,25.292,25.338,25.368,25.518,25.563,25.675,25.75,25.877,26.042,26.124,26.333,26.362,26.481,26.667,26.645,26.771,26.889,26.875,26.889,26.956,26.897,26.949,26.882,26.815,26.889,26.778,26.852,26.778,26.763,26.838,26.763,26.741,26.793,26.741,26.667,26.726,26.771,26.667,26.704,26.786,26.756,26.741,26.771,26.838,26.763,26.845,26.897,26.956,27.141,27.074,27.318,27.524,27.473,27.407,27.62,27.796,27.627,27.782,28.046,28.229,28.294,27.972,28.177,28.601,28.928,28.747,28.63,28.841,29.392,29.465,29.428,29.486,30.163,30.4,30.285,30.422,31.377,32.092,31.328,31.335,32.106,32.085,31.548,31.788,32.662,32.585,31.817,31.781,32.529,32.05,31.498,31.498,31.81,31.079,30.672,31.235,31.228,30.386,30.343,30.615,30.4,29.681,29.218,29.218,29.218,28.877,28.273,28.47,28.499,27.745,27.414,27.774,27.708,27.215,27.03,27.222,27.222,27.023,26.496,26.637,26.674,26.31,26.146,26.079,26.079,26.087,25.997,25.967,26.064,26.012,25.87,25.937,25.982,25.877,25.803,25.84,25.795,25.758,25.78,25.892,25.743,25.743,25.87,25.855,25.78,25.825,25.862,25.758,25.773,25.87,25.81,25.907,25.952,25.9,25.937,25.937,25.967,25.952,25.915,25.9,25.818,25.818,25.773,25.75,25.728,25.653,25.623,25.66,25.66,25.705,26.608,26.682,26.511,26.333,25.922,25.855,25.443,25.052,24.757,24.629,24.295,24.143,24.029,23.861,23.51,23.456,23.364,23.296,23.257,23.203,23.18,23.165,23.142,23.157,23.142,23.119,23.127,23.127,23.065,23.058,23.042,23.034,23.034,23.019,23.011,23.019,22.988,22.996,22.988,22.973,22.981,22.981,22.996,22.958,22.965,22.942,22.942,22.95,22.958,22.95,22.958,22.942,22.927,22.927,22.904,22.904,22.888,22.873,22.873,22.858,22.85,22.858,22.842,22.85,22.834,22.819,22.811,22.804,22.804,22.796,22.78,22.78,22.773,22.765,22.765,22.765,22.773,22.75,22.742,22.742,22.734,22.734,22.719,22.719,22.703,22.68,22.696,22.696,22.703,22.711,22.711,22.719,22.711,22.703,22.688,22.673,22.673,22.642,22.665,22.657,22.665,22.657,22.649,22.657,22.603,22.58,22.603,22.595,22.611,22.611,22.626,22.619,22.619,22.619,22.619,22.619,22.626,22.611,22.626,22.634,22.619,22.603,22.603,22.588,22.58,22.564,22.58,22.572,22.564,22.564,22.564,22.557,22.557,22.564,22.549,22.588,22.564,22.557,22.564,22.549,22.564,22.526,22.564,22.572,22.572,22.572,22.564,22.572,22.557,22.534,22.541,22.534,22.534,22.557,22.549,22.564,22.557,22.557,22.564,22.549,22.557,22.557,22.541,22.557,22.564,22.557,22.549,22.526,22.526,22.541,22.518,22.534,22.534,22.526,22.549,22.526,22.526,22.541,22.526,22.495,22.51,22.495,22.495,22.479,22.495,22.487,22.487,22.464,22.487,22.487,22.503,22.518,22.518,22.526,22.518,22.518,22.487,22.479,22.472,22.441,22.503,22.549,22.503,22.518,22.495,22.495,22.472,22.472,22.449,22.433,22.402,22.425,22.41,22.418,22.441,22.425,22.449,22.418,22.425,22.41,22.41,22.425,22.418,22.433,22.418,22.387,22.41,22.402,22.418,22.41,22.425,22.449,22.394,22.418,22.441,22.449,22.433,22.425,22.456,22.464,22.503,22.51,22.51,22.534,22.534,22.534,22.526,22.526,22.557,22.572
,22.402,22.394,22.379,22.363,22.348,22.371,22.356,22.379,22.418,22.425,22.418,22.41,22.41,22.41,22.418,22.394,22.394,22.41,22.402,22.433,22.418,22.41,22.41,22.402,22.387,22.363,22.402,22.402,22.387,22.41,22.387,22.41,22.402,22.433,22.425,22.425,22.449,22.464,22.433,22.41,22.433,22.402,22.425,22.449,22.479,22.487,22.479,22.479,22.495,22.495,22.503,22.503,22.503,22.51,22.51,22.503,22.526,22.518,22.518,22.549,22.541,22.572,22.572,22.58,22.564,22.557,22.572,22.549,22.564,22.549,22.557,22.564,22.557,22.58,22.564,22.564,22.595,22.595,22.58,22.595,22.588,22.611,22.603,22.595,22.58,22.595,22.603,22.626,22.642,22.634,22.626,22.611,22.611,22.611,22.634,22.642,22.68,22.642,22.649,22.642,22.642,22.649,22.634,22.649,22.642,22.642,22.657,22.642,22.665,22.673,22.703,22.696,22.696,22.688,22.688,22.68,22.68,22.665,22.688,22.711,22.696,22.696,22.719,22.711,22.719,22.719,22.734,22.719,22.711,22.711,22.711,22.703,22.711,22.711,22.727,22.727,22.727,22.734,22.734,22.742,22.742,22.75,22.765,22.757,22.78,22.811,22.796,22.788,22.773,22.757,22.78,22.773,22.796,22.796,22.804,22.819,22.819,22.834,22.834,22.811,22.811,22.804,22.827,22.827,22.858,22.873,22.865,22.865,22.865,22.85,22.858,22.85,22.85,22.858,22.865,22.881,22.881,22.881,22.896,22.904,22.911,22.95,22.95,22.958,22.973,22.996,23.011,23.034,23.027,23.019,23.027,23.027,23.05,23.104,23.127,23.142,23.142,23.15,23.142,23.196,23.211,23.234,23.272,23.311,23.372,23.487,23.686,24.416,24.56,24.886,25.052,25.353,25.615,25.945,26.087,26.385,26.496,26.489,26.161,25.232,25.277,25.338,25.36,25.51,25.593,25.668,25.78,25.9,26.004,26.28,26.161,26.481,26.481,26.63,26.66,26.749,26.852,26.86,26.889,26.919,26.897,26.941,26.845,26.823,26.8,26.749,26.815,26.726,26.712,26.756,26.734,26.741,26.771,26.771,26.697,26.763,26.778,26.756,26.756,26.815,27.015,26.8,26.926,27.03,26.956,26.963,27.097,27.377,27.569,27.539,27.576,27.855,27.972,27.738,28.353,28.375,28.572,28.44,28.521,29.197,29.284,29.349,29.182,29.522,30.156,30.192,30.228,30.271,31.228,32,31.88,32.007,32.928,33.194,33.075,33.208,33.418,33.738,33.752,33.772,33.814,33.911,33.911,33.897,33.988,33.939,33.87,33.939,33.932,33.849,33.842,33.793,33.849,33.849,33.904,34.002,33.946,33.71,33.675,34.085,33.668,32.29,32.177,32.156,31.384,30.314,30.249,30.235,29.645,28.827,28.608,28.877,28.608,27.782,27.804,27.708,27.716,27.222,26.986,27.148,27.178,26.615,26.407,26.615,26.608,26.236,26.034,26.243,26.303,26.012,25.952,26.019,25.982,25.847,25.818,25.945,25.818,25.735,25.75,25.818,25.735,25.743,25.877,25.87,25.788,25.795,25.825,25.765,25.773,25.84,25.765,25.81,25.87,25.892,25.952,25.885,25.967,25.967,25.915,25.9,25.832,25.81,25.765,25.743,25.705,25.645,25.593,25.63,25.608,25.593,25.728,26.645,26.563,26.533,26.191,25.945,25.735,25.405,24.961,24.523,24.379,24.31,24.075,23.854,23.64,23.441,23.426,23.334,23.288,23.288,23.226,23.219,23.196,23.173,23.165,23.157,23.111,23.096,23.104,23.065,23.05,23.042,23.034,23.042,23.027,23.011,23.004,22.996,22.996,22.981,22.981,22.988,22.973,22.965,22.958,22.95,22.958,22.958,22.958,22.958,22.958,22.942,22.934,22.919,22.904,22.904,22.911,22.881,22.873,22.858,22.85,22.834,22.827,22.827,22.827,22.827,22.827,22.811,22.811,22.804,22.804,22.78,22.78,22.773,22.765,22.742,22.773,22.773,22.757,22.78,22.719,22.75,22.727,22.711,22.719,22.711,22.696,22.696,22.703,22.703,22.719,22.711,22.711,22.719,22.703,22.665,22.657,22.665,22.673,22.68,22.688,22.673,22.68,22.619,22.626,22.626,22.626,22.619,22.588,22.611,22.611,22.626,22.626,22.619,22.619,22.611,22.619,22.626,22.626,22.619,22.619,22.611,22.588,22.595,22.58,22.572,22.572,22.572,22.572,22.58,22.564,22.572,22.564,22.557,22.564,22.557,22.549,22.564,22.572,22.564,22.572,22.572,22.58,22.549,22.557,22.549,22.564,22.549,22.549,22.541,22.526,22.541,22.549,22.557,22.557,22.564,22.557,22.564,22.572,22.564,22.541,22.557,22.557,22.572,22.572,22.58,22.588,22.518,22.534,22.51,22.518,22.534,22.541,22.526,22.534,22.534,22.526,22.526,22.518,22.518,22.518,22.51,22.479,22.518,22.51,22.487,22.503,22.487,22.495,22.503,22.495,22.518,22.526,22.518,22.51,22.51,22.503,22.472,22.487,22.487,22.495,22.503,22.541,22.518,22.518,22.503,22.495,22.479,22.495,22.441,22.433,22.433,22.495,22.456,22.41,22.41,22.418,22.41,22.41,22.41,22.402,22.433,22.418,22.418,22.425,22.379,22.41,22.425,22.433,22.425,22.441,22.387,22.418,22.41,22.418,22.433,22.425,22.433,22.425,22.449,22.464,22.487,22.495,22.503,22.518,22.541,22.564,22.541,22.549,22.58
,22.394,22.379,22.379,22.371,22.363,22.348,22.379,22.387,22.433,22.425,22.449,22.402,22.387,22.379,22.41,22.418,22.402,22.379,22.394,22.41,22.425,22.425,22.402,22.418,22.387,22.402,22.41,22.402,22.394,22.379,22.379,22.41,22.402,22.425,22.449,22.441,22.456,22.441,22.41,22.418,22.394,22.433,22.425,22.456,22.456,22.472,22.472,22.487,22.479,22.487,22.495,22.518,22.518,22.518,22.51,22.526,22.518,22.534,22.564,22.541,22.564,22.557,22.572,22.588,22.588,22.572,22.557,22.557,22.564,22.564,22.564,22.557,22.549,22.564,22.549,22.58,22.564,22.588,22.557,22.58,22.603,22.611,22.611,22.603,22.634,22.619,22.649,22.649,22.642,22.642,22.642,22.619,22.626,22.642,22.649,22.657,22.649,22.649,22.673,22.642,22.642,22.634,22.634,22.665,22.665,22.649,22.649,22.649,22.673,22.703,22.711,22.703,22.703,22.688,22.673,22.673,22.649,22.68,22.696,22.688,22.696,22.719,22.711,22.703,22.727,22.727,22.75,22.719,22.727,22.719,22.711,22.703,22.703,22.719,22.727,22.734,22.742,22.734,22.742,22.734,22.75,22.742,22.757,22.78,22.796,22.788,22.811,22.788,22.796,22.765,22.773,22.78,22.796,22.796,22.811,22.819,22.827,22.834,22.827,22.796,22.804,22.788,22.811,22.834,22.85,22.873,22.865,22.896,22.881,22.865,22.865,22.858,22.865,22.881,22.865,22.888,22.881,22.888,22.888,22.888,22.919,22.942,22.95,22.981,22.965,22.988,23.011,23.027,23.027,23.034,23.034,23.05,23.073,23.104,23.127,23.134,23.134,23.157,23.165,23.188,23.226,23.249,23.28,23.334,23.395,23.472,23.716,24.333,24.621,24.833,25.195,25.518,25.758,26.057,26.303,26.347,26.452,26.303,25.435,25.21,25.292,25.398,25.458,25.518,25.57,25.683,25.803,25.9,25.989,26.295,26.355,26.459,26.504,26.615,26.622,26.734,26.823,26.86,26.889,26.949,26.838,26.912,26.815,26.8,26.734,26.741,26.8,26.719,26.719,26.815,26.749,26.749,26.763,26.771,26.793,26.786,26.889,26.889,26.778,26.912,27.141,26.949,26.986,27.17,27.17,27.141,27.274,27.679,27.899,27.723,27.818,28.419,28.47,28.492,28.572,29.168,29.45,29.392,29.428,30.012,30.765,31.682,31.604,31.59,32.219,33.131,33.25,33.005,33.32,34.195,34.258,34.306,34.375,34.424,34.382,34.368,34.403,34.396,34.368,34.368,34.368,34.341,34.313,34.285,34.237,34.161,34.202,34.126,34.189,34.237,34.313,34.355,34.341,34.389,34.472,34.624,34.81,34.892,35.016,35.078,35.002,34.975,34.982,34.844,33.932,33.564,33.515,33.494,32.149,30.715,30.622,30.679,30.063,29.015,28.986,28.936,28.528,27.738,27.701,27.738,27.679,27.097,27.089,27.03,26.963,26.556,26.437,26.578,26.429,26.169,26.116,26.139,26.057,25.907,25.915,25.967,25.788,25.795,25.773,25.862,25.81,25.795,25.855,25.84,25.765,25.832,25.803,25.78,25.803,25.818,25.773,25.788,25.855,25.84,25.952,25.93,25.937,25.922,25.885,25.885,25.832,25.803,25.743,25.713,25.72,25.66,25.615,25.6,25.57,25.533,25.593,26.295,26.637,26.6,26.183,25.922,25.713,25.277,24.916,24.848,24.538,24.325,24.12,23.869,23.594,23.472,23.433,23.357,23.311,23.28,23.28,23.219,23.211,23.203,23.188,23.173,23.142,23.134,23.104,23.081,23.065,23.058,23.058,23.05,23.042,23.034,23.019,23.011,23.027,22.996,22.981,23.004,22.965,22.965,22.958,22.958,22.942,22.95,22.942,22.95,22.95,22.934,22.934,22.919,22.919,22.927,22.904,22.904,22.896,22.865,22.842,22.827,22.819,22.827,22.819,22.827,22.827,22.827,22.827,22.819,22.811,22.804,22.78,22.78,22.765,22.765,22.78,22.788,22.773,22.78,22.773,22.75,22.734,22.719,22.719,22.727,22.711,22.719,22.719,22.711,22.719,22.719,22.719,22.719,22.734,22.711,22.68,22.673,22.665,22.673,22.673,22.665,22.657,22.634,22.642,22.634,22.611,22.634,22.626,22.634,22.626,22.634,22.634,22.626,22.626,22.611,22.619,22.611,22.626,22.619,22.619,22.619,22.595,22.588,22.58,22.588,22.58,22.58,22.595,22.588,22.58,22.595,22.588,22.549,22.549,22.549,22.564,22.572,22.58,22.588,22.58,22.572,22.58,22.564,22.572,22.58,22.572,22.557,22.557,22.534,22.534,22.534,22.541,22.549,22.572,22.58,22.564,22.564,22.564,22.557,22.572,22.541,22.557,22.564,22.588,22.595,22.557,22.549,22.51,22.549,22.526,22.534,22.541,22.526,22.534,22.534,22.534,22.541,22.526,22.526,22.518,22.518,22.526,22.526,22.495,22.526,22.503,22.518,22.541,22.495,22.51,22.526,22.495,22.518,22.541,22.503,22.479,22.549,22.526,22.526,22.541,22.518,22.526,22.518,22.495,22.51,22.503,22.503,22.495,22.472,22.487,22.449,22.449,22.487,22.456,22.441,22.418,22.418,22.41,22.41,22.425,22.418,22.418,22.441,22.433,22.41,22.387,22.433,22.425,22.449,22.449,22.418,22.425,22.425,22.418,22.425,22.418,22.449,22.425,22.487,22.464,22.51,22.495,22.51,22.518,22.518,22.549,22.534,22.572,22.572
,22.394,22.371,22.356,22.356,22.356,22.348,22.356,22.371,22.394,22.402,22.418,22.379,22.41,22.41,22.371,22.402,22.379,22.387,22.379,22.379,22.425,22.418,22.418,22.41,22.387,22.394,22.379,22.387,22.402,22.402,22.387,22.379,22.402,22.425,22.433,22.418,22.441,22.433,22.418,22.41,22.379,22.402,22.402,22.433,22.441,22.456,22.472,22.479,22.495,22.487,22.495,22.503,22.518,22.534,22.541,22.534,22.541,22.518,22.534,22.541,22.541,22.549,22.564,22.564,22.564,22.564,22.541,22.549,22.564,22.549,22.557,22.564,22.564,22.572,22.572,22.549,22.572,22.58,22.572,22.619,22.611,22.626,22.611,22.619,22.611,22.626,22.634,22.649,22.642,22.649,22.642,22.642,22.634,22.649,22.649,22.673,22.657,22.649,22.649,22.649,22.673,22.649,22.634,22.657,22.619,22.642,22.642,22.673,22.673,22.68,22.703,22.703,22.703,22.673,22.68,22.657,22.665,22.68,22.688,22.688,22.696,22.703,22.711,22.734,22.719,22.742,22.727,22.727,22.711,22.719,22.696,22.703,22.711,22.727,22.727,22.75,22.742,22.742,22.75,22.75,22.757,22.773,22.765,22.773,22.757,22.804,22.796,22.773,22.757,22.757,22.757,22.788,22.788,22.804,22.811,22.819,22.827,22.834,22.827,22.819,22.811,22.796,22.827,22.834,22.834,22.858,22.85,22.873,22.873,22.881,22.858,22.858,22.873,22.858,22.865,22.881,22.881,22.888,22.896,22.904,22.934,22.934,22.965,22.965,22.965,22.981,23.004,23.019,23.027,23.034,23.042,23.058,23.073,23.096,23.127,23.134,23.157,23.157,23.173,23.196,23.257,23.28,23.341,23.395,23.395,23.472,23.77,24.439,24.606,24.991,25.134,25.488,25.93,26.101,26.154,26.414,26.489,26.221,25.232,25.149,25.277,25.3,25.42,25.458,25.615,25.668,25.788,25.96,26.004,26.236,26.273,26.474,26.496,26.63,26.719,26.689,26.838,26.838,26.83,26.926,26.852,26.793,26.749,26.749,26.756,26.719,26.763,26.726,26.719,26.852,26.756,26.763,26.808,26.815,26.926,26.897,26.986,26.978,26.963,26.986,27.362,27.333,27.207,27.348,27.34,27.348,27.627,27.994,28.126,28.426,28.521,28.928,29.146,29.522,29.897,30.249,30.729,31.569,32.106,32.339,33.369,34.099,34.348,34.279,34.424,34.762,34.748,34.582,34.555,34.72,34.589,34.5,34.513,34.486,34.465,34.382,34.417,34.417,34.382,34.389,34.403,34.375,34.341,34.355,34.341,34.32,34.272,34.265,34.251,34.348,34.368,34.348,34.438,34.472,34.5,34.658,34.851,34.872,35.002,35.092,35.078,35.119,35.085,35.037,35.023,35.002,34.961,34.892,34.244,33.932,33.821,33.438,31.958,31.604,31.739,30.672,29.522,29.153,29.066,28.986,28.024,27.701,27.708,27.738,27.429,26.889,27,27.392,26.778,26.347,26.325,26.28,26.161,26.064,26.087,26.139,26.034,25.75,25.945,25.997,25.743,25.803,25.922,25.862,25.795,25.803,25.84,25.773,25.743,25.773,25.75,25.78,25.81,25.803,25.907,25.915,25.877,25.922,25.877,25.84,25.818,25.81,25.788,25.683,25.653,25.638,25.615,25.563,25.548,25.518,25.503,25.683,26.429,26.518,26.191,25.975,25.698,25.42,25.157,24.772,24.53,24.386,24.097,23.953,23.838,23.495,23.456,23.372,23.326,23.296,23.28,23.28,23.234,23.234,23.196,23.188,23.134,23.119,23.111,23.096,23.088,23.073,23.081,23.088,23.058,23.058,23.05,23.042,23.042,23.004,22.996,22.988,22.981,22.965,22.958,22.965,22.942,22.958,22.942,22.934,22.942,22.927,22.919,22.919,22.911,22.911,22.896,22.896,22.896,22.865,22.858,22.819,22.819,22.804,22.819,22.819,22.827,22.827,22.827,22.819,22.819,22.796,22.796,22.78,22.773,22.78,22.765,22.788,22.78,22.796,22.757,22.765,22.742,22.742,22.734,22.727,22.719,22.719,22.719,22.711,22.711,22.734,22.734,22.742,22.742,22.696,22.703,22.68,22.68,22.68,22.665,22.657,22.649,22.642,22.642,22.642,22.642,22.649,22.642,22.634,22.642,22.634,22.642,22.634,22.619,22.619,22.603,22.603,22.626,22.626,22.611,22.626,22.58,22.572,22.588,22.58,22.572,22.58,22.595,22.588,22.58,22.572,22.611,22.58,22.557,22.549,22.564,22.58,22.58,22.595,22.58,22.572,22.557,22.564,22.557,22.564,22.557,22.549,22.541,22.541,22.534,22.526,22.541,22.549,22.541,22.572,22.572,22.572,22.58,22.564,22.564,22.564,22.564,22.603,22.588,22.626,22.58,22.588,22.557,22.549,22.564,22.534,22.541,22.541,22.534,22.541,22.541,22.541,22.534,22.526,22.518,22.503,22.503,22.479,22.487,22.495,22.51,22.526,22.51,22.503,22.51,22.526,22.51,22.526,22.526,22.503,22.518,22.503,22.487,22.495,22.441,22.464,22.479,22.487,22.518,22.51,22.495,22.487,22.472,22.487,22.464,22.464,22.479,22.472,22.456,22.449,22.41,22.425,22.433,22.425,22.418,22.418,22.418,22.379,22.41,22.387,22.41,22.433,22.441,22.425,22.472,22.449,22.449,22.418,22.433,22.418,22.425,22.425,22.425,22.441,22.472,22.472,22.487,22.503,22.503,22.541,22.51,22.549,22.572,22.534
,22.41,22.371,22.348,22.356,22.348,22.356,22.363,22.363,22.371,22.394,22.394,22.387,22.379,22.363,22.379,22.394,22.387,22.394,22.387,22.394,22.418,22.402,22.41,22.41,22.425,22.402,22.41,22.379,22.363,22.371,22.371,22.387,22.41,22.433,22.433,22.441,22.441,22.418,22.394,22.387,22.387,22.387,22.387,22.418,22.425,22.441,22.456,22.456,22.479,22.479,22.495,22.503,22.51,22.518,22.534,22.541,22.549,22.541,22.534,22.526,22.518,22.549,22.541,22.557,22.549,22.564,22.557,22.549,22.557,22.549,22.549,22.557,22.557,22.557,22.549,22.541,22.564,22.572,22.58,22.603,22.619,22.626,22.642,22.626,22.619,22.603,22.619,22.619,22.626,22.642,22.642,22.634,22.634,22.649,22.649,22.665,22.673,22.649,22.673,22.665,22.649,22.688,22.657,22.649,22.642,22.642,22.657,22.665,22.68,22.703,22.68,22.68,22.673,22.688,22.68,22.673,22.688,22.688,22.68,22.688,22.696,22.719,22.703,22.734,22.727,22.727,22.719,22.727,22.703,22.711,22.703,22.727,22.734,22.734,22.75,22.75,22.734,22.757,22.75,22.757,22.78,22.765,22.765,22.788,22.773,22.78,22.773,22.757,22.773,22.757,22.765,22.788,22.788,22.804,22.811,22.819,22.819,22.842,22.827,22.811,22.811,22.796,22.796,22.796,22.811,22.865,22.858,22.881,22.888,22.873,22.888,22.858,22.881,22.858,22.858,22.888,22.888,22.881,22.888,22.904,22.919,22.934,22.942,22.973,22.965,22.981,23.004,23.011,23.027,23.042,23.042,23.05,23.065,23.096,23.104,23.119,23.15,23.188,23.188,23.219,23.242,23.265,23.311,23.372,23.441,23.502,23.823,24.439,24.682,24.991,25.27,25.578,25.907,26.154,26.251,26.34,26.206,25.413,25.119,25.165,25.21,25.315,25.383,25.518,25.578,25.72,25.818,25.952,26.019,26.169,26.288,26.399,26.481,26.57,26.674,26.652,26.778,26.771,26.852,26.852,26.815,26.83,26.749,26.771,26.786,26.734,26.838,26.756,26.763,26.904,26.8,26.83,26.934,26.949,26.956,26.941,27.274,27.207,27.126,27.097,27.37,27.407,27.429,27.591,27.98,28.038,28.002,28.375,28.965,29.32,29.515,29.897,30.271,31.086,31.859,32.402,32.977,33.772,34.334,34.906,35.002,35.064,35.016,34.961,34.92,34.892,34.851,34.817,34.796,34.782,34.7,34.651,34.555,34.548,34.465,34.451,34.444,34.417,34.403,34.417,34.424,34.417,34.382,34.382,34.375,34.355,34.348,34.313,34.32,34.355,34.444,34.444,34.458,34.52,34.541,34.748,34.803,34.934,34.989,35.016,35.085,35.044,35.064,35.03,35.023,35.009,34.982,34.947,34.872,34.7,34.686,34.389,34.272,34.396,34.285,33.438,32.367,31.873,31.448,30.142,29.291,29.153,28.972,28.754,27.906,27.774,27.811,27.649,27.274,26.697,26.793,26.8,26.407,26.236,26.496,26.251,26.057,25.982,26.116,26.154,25.847,25.847,25.922,25.915,25.84,25.847,25.907,25.81,25.758,25.765,25.72,25.743,25.818,25.773,25.877,25.877,25.862,25.915,25.855,25.855,25.825,25.78,25.758,25.698,25.638,25.6,25.593,25.548,25.525,25.503,25.48,25.48,25.96,26.466,26.258,26.183,26.019,25.6,25.157,24.991,24.689,24.379,24.333,23.922,23.701,23.502,23.456,23.387,23.349,23.311,23.28,23.288,23.242,23.242,23.226,23.196,23.165,23.157,23.119,23.096,23.104,23.073,23.088,23.073,23.065,23.073,23.05,23.05,23.042,23.05,23.004,23.004,22.981,22.973,22.965,22.95,22.958,22.942,22.942,22.95,22.927,22.927,22.919,22.911,22.904,22.904,22.904,22.896,22.873,22.858,22.842,22.834,22.804,22.796,22.796,22.811,22.819,22.827,22.827,22.827,22.819,22.811,22.811,22.78,22.765,22.78,22.765,22.78,22.78,22.75,22.765,22.75,22.742,22.734,22.727,22.727,22.727,22.727,22.719,22.696,22.703,22.711,22.688,22.734,22.727,22.711,22.696,22.688,22.68,22.68,22.68,22.657,22.642,22.634,22.634,22.626,22.634,22.649,22.634,22.619,22.626,22.626,22.642,22.634,22.626,22.634,22.619,22.626,22.611,22.611,22.603,22.603,22.572,22.58,22.588,22.58,22.595,22.58,22.595,22.58,22.58,22.549,22.58,22.549,22.564,22.564,22.572,22.595,22.603,22.595,22.58,22.572,22.572,22.549,22.557,22.549,22.518,22.534,22.534,22.526,22.518,22.518,22.526,22.534,22.549,22.572,22.564,22.541,22.557,22.549,22.572,22.572,22.541,22.595,22.588,22.58,22.58,22.58,22.572,22.557,22.572,22.549,22.557,22.549,22.549,22.541,22.557,22.564,22.541,22.549,22.541,22.526,22.526,22.487,22.503,22.503,22.51,22.518,22.503,22.518,22.495,22.487,22.534,22.534,22.541,22.534,22.503,22.549,22.549,22.541,22.518,22.503,22.503,22.464,22.456,22.503,22.479,22.495,22.479,22.479,22.503,22.487,22.495,22.472,22.479,22.441,22.425,22.433,22.418,22.418,22.418,22.433,22.41,22.394,22.418,22.433,22.387,22.441,22.441,22.425,22.433,22.441,22.456,22.425,22.379,22.394,22.402,22.41,22.41,22.449,22.456,22.479,22.479,22.472,22.503,22.51,22.518,22.557,22.549,22.51
,22.379,22.379,22.363,22.348,22.348,22.356,22.356,22.363,22.363,22.379,22.379,22.379,22.379,22.363,22.363,22.371,22.363,22.387,22.402,22.348,22.379,22.418,22.402,22.418,22.425,22.418,22.402,22.387,22.363,22.356,22.363,22.394,22.387,22.41,22.418,22.425,22.425,22.41,22.402,22.379,22.379,22.379,22.402,22.418,22.425,22.433,22.433,22.449,22.456,22.487,22.503,22.495,22.503,22.503,22.518,22.518,22.518,22.518,22.51,22.51,22.51,22.534,22.557,22.541,22.549,22.557,22.557,22.564,22.557,22.557,22.557,22.564,22.557,22.564,22.572,22.564,22.549,22.572,22.58,22.595,22.619,22.595,22.611,22.642,22.634,22.626,22.603,22.603,22.58,22.588,22.619,22.626,22.642,22.634,22.649,22.642,22.665,22.626,22.649,22.634,22.657,22.673,22.649,22.642,22.634,22.634,22.649,22.657,22.688,22.649,22.68,22.688,22.673,22.673,22.68,22.688,22.696,22.673,22.688,22.68,22.696,22.703,22.703,22.703,22.719,22.727,22.719,22.734,22.719,22.711,22.711,22.719,22.727,22.734,22.757,22.757,22.757,22.757,22.757,22.757,22.757,22.757,22.765,22.765,22.757,22.773,22.773,22.757,22.765,22.757,22.765,22.773,22.796,22.796,22.811,22.811,22.811,22.827,22.834,22.842,22.827,22.804,22.796,22.796,22.796,22.811,22.827,22.865,22.865,22.888,22.873,22.865,22.873,22.888,22.881,22.873,22.888,22.881,22.896,22.896,22.927,22.927,22.927,22.958,22.965,22.981,23.011,23.019,23.027,23.042,23.05,23.058,23.073,23.088,23.111,23.134,23.142,23.18,23.18,23.226,23.242,23.28,23.319,23.387,23.426,23.51,23.915,24.492,24.742,25.134,25.353,25.683,25.847,26.109,26.407,26.325,25.915,25.187,25.127,25.149,25.24,25.285,25.368,25.42,25.57,25.825,25.847,25.967,26.087,26.146,26.273,26.377,26.422,26.526,26.667,26.712,26.771,26.734,26.8,26.8,26.763,26.823,26.734,26.815,26.86,26.778,26.926,26.838,26.823,26.934,26.86,26.83,27.052,27.281,27.2,27.097,27.377,27.642,27.414,27.37,27.73,27.73,27.914,27.987,28.499,29.03,29.001,29.052,29.703,30.336,31.228,31.746,32.332,33.18,34.015,34.589,34.961,35.03,35.119,35.14,35.14,35.112,35.057,35.002,34.982,34.913,34.872,34.831,34.81,34.748,34.72,34.638,34.603,34.527,34.451,34.458,34.431,34.424,34.417,34.417,34.424,34.417,34.417,34.389,34.382,34.368,34.368,34.348,34.327,34.348,34.403,34.472,34.486,34.555,34.603,34.686,34.789,34.892,34.954,35.002,34.975,35.03,34.934,34.941,34.996,34.975,34.954,34.927,34.837,34.748,34.693,34.631,34.631,34.617,34.665,34.693,34.527,34.451,33.543,32.458,31.725,31.711,30.9,29.919,29.073,29.095,29.052,28.36,27.723,27.554,27.591,27.443,26.778,26.674,26.971,26.741,26.355,26.161,26.414,26.198,25.997,26.049,26.161,26.049,25.855,25.907,26.004,25.832,25.75,25.773,25.743,25.705,25.788,25.795,25.862,25.847,25.825,25.885,25.84,25.855,25.803,25.78,25.743,25.675,25.69,25.593,25.57,25.555,25.548,25.54,25.45,25.458,25.623,26.31,26.392,26.228,25.735,25.675,25.308,25.119,24.613,24.507,24.219,24.052,23.96,23.525,23.472,23.403,23.357,23.319,23.303,23.257,23.257,23.242,23.226,23.211,23.196,23.157,23.142,23.111,23.111,23.096,23.088,23.081,23.065,23.081,23.073,23.073,23.058,23.011,23.019,23.004,22.996,22.988,23.011,22.958,22.934,22.95,22.958,22.927,22.934,22.919,22.911,22.911,22.911,22.904,22.904,22.888,22.888,22.858,22.865,22.842,22.827,22.811,22.78,22.819,22.811,22.827,22.827,22.811,22.827,22.788,22.788,22.78,22.78,22.773,22.78,22.773,22.788,22.757,22.773,22.75,22.734,22.719,22.719,22.727,22.727,22.719,22.703,22.711,22.703,22.703,22.719,22.727,22.734,22.719,22.711,22.68,22.673,22.673,22.665,22.649,22.634,22.626,22.619,22.634,22.642,22.634,22.634,22.626,22.634,22.626,22.642,22.649,22.649,22.619,22.634,22.619,22.619,22.619,22.603,22.595,22.588,22.626,22.603,22.588,22.58,22.58,22.595,22.595,22.588,22.58,22.557,22.572,22.557,22.58,22.58,22.595,22.58,22.595,22.595,22.572,22.572,22.564,22.557,22.564,22.564,22.534,22.541,22.534,22.503,22.503,22.518,22.534,22.541,22.549,22.557,22.557,22.557,22.534,22.534,22.603,22.58,22.572,22.595,22.588,22.572,22.58,22.557,22.572,22.557,22.564,22.572,22.564,22.541,22.557,22.534,22.549,22.541,22.564,22.572,22.549,22.526,22.518,22.503,22.51,22.503,22.51,22.503,22.495,22.495,22.495,22.534,22.534,22.541,22.51,22.518,22.518,22.495,22.479,22.549,22.503,22.449,22.495,22.464,22.487,22.441,22.464,22.479,22.472,22.479,22.495,22.456,22.472,22.479,22.464,22.449,22.441,22.394,22.41,22.41,22.402,22.425,22.348,22.402,22.418,22.418,22.441,22.441,22.418,22.418,22.402,22.418,22.402,22.425,22.402,22.394,22.379,22.433,22.449,22.456,22.487,22.487,22.503,22.495,22.495,22.526,22.518,22.534,22.479
,22.363,22.363,22.34,22.348,22.363,22.356,22.363,22.356,22.356,22.371,22.371,22.371,22.371,22.356,22.371,22.356,22.348,22.379,22.394,22.387,22.356,22.387,22.394,22.394,22.394,22.425,22.418,22.387,22.379,22.371,22.387,22.402,22.402,22.41,22.41,22.418,22.418,22.41,22.394,22.387,22.387,22.387,22.387,22.418,22.425,22.425,22.433,22.449,22.449,22.456,22.495,22.479,22.495,22.495,22.503,22.51,22.51,22.51,22.51,22.51,22.503,22.503,22.503,22.518,22.534,22.534,22.572,22.588,22.564,22.557,22.557,22.564,22.564,22.572,22.588,22.564,22.603,22.588,22.572,22.595,22.626,22.611,22.619,22.611,22.603,22.595,22.588,22.564,22.572,22.603,22.603,22.634,22.649,22.595,22.649,22.649,22.649,22.619,22.603,22.595,22.626,22.673,22.657,22.649,22.634,22.649,22.657,22.673,22.68,22.657,22.688,22.665,22.649,22.68,22.688,22.688,22.696,22.703,22.711,22.696,22.68,22.68,22.696,22.696,22.711,22.719,22.711,22.719,22.719,22.711,22.719,22.734,22.734,22.75,22.75,22.757,22.734,22.757,22.75,22.75,22.765,22.773,22.75,22.765,22.765,22.765,22.765,22.765,22.765,22.765,22.765,22.78,22.78,22.788,22.804,22.796,22.827,22.827,22.842,22.834,22.819,22.804,22.788,22.78,22.78,22.811,22.834,22.842,22.881,22.834,22.873,22.865,22.865,22.873,22.858,22.865,22.896,22.896,22.904,22.904,22.911,22.919,22.942,22.942,22.95,22.981,22.996,23.011,23.034,23.042,23.05,23.073,23.065,23.096,23.111,23.134,23.157,23.173,23.203,23.219,23.226,23.296,23.326,23.395,23.525,23.541,23.892,24.507,24.727,25.014,25.345,25.443,25.982,26.109,26.131,26.094,25.368,25.127,25.119,25.157,25.232,25.323,25.323,25.375,25.6,25.735,25.773,26.012,26.057,26.161,26.273,26.399,26.437,26.563,26.637,26.637,26.749,26.763,26.763,26.763,26.793,26.815,26.763,26.808,26.912,26.786,26.956,26.912,26.912,27.008,27.089,27.089,27.156,27.384,27.429,27.392,27.399,27.745,27.774,27.818,27.833,28.564,28.652,28.805,29.088,29.428,30.249,30.572,31.611,32.479,33.355,34.022,34.438,34.727,34.906,34.975,35.009,35.085,35.092,35.126,35.126,35.099,35.064,35.023,34.961,34.92,34.879,34.831,34.803,34.762,34.679,34.658,34.631,34.548,34.486,34.444,34.444,34.438,34.417,34.424,34.424,34.424,34.41,34.403,34.403,34.41,34.382,34.355,34.382,34.396,34.438,34.479,34.465,34.534,34.603,34.665,34.796,34.837,34.892,34.927,34.941,34.989,34.906,34.831,34.947,34.954,34.941,34.892,34.803,34.734,34.679,34.658,34.638,34.589,34.686,34.7,34.665,34.658,34.458,34.182,33.71,33.911,33.696,32.472,32.078,32.064,30.457,29.276,29.073,28.986,28.761,28.038,27.517,27.48,27.488,27.17,26.518,26.808,26.749,26.377,26.087,26.228,26.295,26.049,25.945,25.93,26.064,25.795,25.743,25.788,25.713,25.75,25.788,25.78,25.795,25.847,25.825,25.877,25.832,25.855,25.825,25.81,25.713,25.66,25.66,25.6,25.585,25.555,25.533,25.495,25.45,25.435,25.525,26.236,26.325,26.206,26.139,25.6,25.277,24.931,24.772,24.454,24.166,24.097,23.831,23.487,23.502,23.395,23.372,23.334,23.303,23.272,23.28,23.249,23.226,23.234,23.196,23.188,23.157,23.119,23.104,23.088,23.088,23.088,23.081,23.065,23.042,23.058,23.042,23.027,23.019,23.019,23.011,23.027,22.988,22.958,22.927,22.911,22.95,22.95,22.942,22.927,22.911,22.911,22.911,22.904,22.896,22.888,22.904,22.881,22.873,22.873,22.85,22.858,22.811,22.796,22.804,22.804,22.819,22.827,22.804,22.796,22.788,22.765,22.773,22.788,22.788,22.78,22.788,22.773,22.765,22.757,22.742,22.719,22.727,22.727,22.719,22.727,22.719,22.696,22.703,22.696,22.711,22.727,22.696,22.703,22.696,22.673,22.688,22.665,22.665,22.657,22.634,22.626,22.626,22.626,22.626,22.649,22.634,22.619,22.619,22.611,22.626,22.642,22.642,22.619,22.626,22.626,22.619,22.619,22.611,22.611,22.611,22.588,22.595,22.603,22.619,22.595,22.603,22.58,22.58,22.564,22.549,22.557,22.564,22.588,22.58,22.595,22.588,22.58,22.572,22.588,22.557,22.58,22.557,22.549,22.549,22.534,22.518,22.51,22.503,22.518,22.51,22.518,22.51,22.534,22.541,22.549,22.549,22.541,22.541,22.58,22.557,22.58,22.595,22.572,22.588,22.549,22.564,22.58,22.588,22.58,22.572,22.564,22.541,22.541,22.549,22.541,22.534,22.557,22.541,22.549,22.51,22.503,22.51,22.51,22.503,22.51,22.503,22.495,22.503,22.487,22.518,22.526,22.503,22.518,22.503,22.479,22.487,22.495,22.487,22.464,22.495,22.441,22.449,22.441,22.456,22.472,22.495,22.518,22.464,22.464,22.441,22.441,22.449,22.433,22.456,22.441,22.418,22.425,22.402,22.41,22.379,22.402,22.402,22.418,22.418,22.425,22.441,22.418,22.418,22.418,22.418,22.394,22.433,22.402,22.371,22.402,22.402,22.441,22.433,22.487,22.495,22.503,22.503,22.503,22.526,22.503,22.526,22.51
,22.379,22.34,22.348,22.356,22.379,22.371,22.371,22.371,22.371,22.371,22.371,22.363,22.356,22.356,22.356,22.363,22.379,22.387,22.356,22.371,22.379,22.379,22.402,22.41,22.41,22.441,22.41,22.387,22.387,22.356,22.371,22.379,22.387,22.41,22.394,22.402,22.418,22.394,22.394,22.387,22.379,22.379,22.394,22.41,22.425,22.425,22.425,22.425,22.441,22.464,22.472,22.472,22.479,22.487,22.479,22.495,22.503,22.503,22.51,22.518,22.503,22.51,22.51,22.526,22.541,22.549,22.549,22.58,22.572,22.557,22.557,22.557,22.564,22.564,22.572,22.564,22.58,22.564,22.572,22.58,22.611,22.603,22.619,22.611,22.595,22.595,22.58,22.58,22.557,22.564,22.58,22.634,22.619,22.603,22.649,22.665,22.657,22.657,22.634,22.626,22.626,22.642,22.649,22.642,22.657,22.665,22.673,22.657,22.665,22.657,22.649,22.634,22.657,22.68,22.688,22.703,22.703,22.696,22.688,22.68,22.688,22.696,22.711,22.703,22.696,22.734,22.711,22.719,22.727,22.727,22.742,22.734,22.742,22.75,22.742,22.75,22.75,22.75,22.765,22.765,22.757,22.75,22.75,22.757,22.757,22.765,22.765,22.773,22.773,22.773,22.765,22.773,22.788,22.788,22.804,22.819,22.796,22.827,22.804,22.827,22.834,22.796,22.788,22.78,22.788,22.834,22.873,22.888,22.881,22.858,22.873,22.873,22.873,22.865,22.881,22.881,22.873,22.896,22.888,22.919,22.911,22.927,22.927,22.942,22.95,23.004,23.004,23.042,23.042,23.058,23.058,23.081,23.104,23.104,23.119,23.142,23.15,23.18,23.196,23.234,23.249,23.28,23.326,23.387,23.441,23.51,23.777,24.371,24.613,25.134,25.428,25.735,26.027,26.183,26.243,25.982,25.134,25.104,25.127,25.18,25.202,25.277,25.323,25.42,25.578,25.735,25.72,25.989,26.072,26.236,26.258,26.34,26.452,26.511,26.585,26.652,26.749,26.756,26.786,26.793,26.808,26.852,26.838,26.934,27,26.978,27.008,27.178,26.971,27.148,27.488,27.377,27.215,27.495,27.914,27.936,27.591,27.987,28.594,28.557,28.666,28.856,29.566,29.962,30.572,30.986,31.937,33.026,33.87,34.444,34.686,34.707,34.831,34.892,34.913,34.975,35.03,35.085,35.057,35.105,35.099,35.064,35.051,34.982,34.927,34.913,34.879,34.844,34.81,34.769,34.762,34.679,34.624,34.555,34.527,34.458,34.451,34.424,34.41,34.403,34.424,34.431,34.424,34.431,34.424,34.424,34.417,34.396,34.375,34.368,34.396,34.438,34.513,34.548,34.645,34.596,34.693,34.782,34.817,34.831,34.851,34.872,34.858,34.858,34.879,34.913,34.913,34.865,34.824,34.727,34.679,34.631,34.555,34.603,34.638,34.638,34.665,34.665,34.555,34.41,34.361,34.327,34.279,34.057,33.918,33.71,32.62,32.015,31.363,31.015,30.048,29.088,28.863,28.71,28.251,27.488,27.289,27.436,27.037,26.6,26.518,26.526,26.444,26.154,26.079,26.154,26.094,25.795,25.803,26.027,25.75,25.75,25.825,25.825,25.803,25.832,25.81,25.87,25.84,25.84,25.818,25.758,25.728,25.615,25.638,25.608,25.555,25.54,25.525,25.51,25.458,25.398,25.435,26.146,26.251,26.258,26.101,25.645,25.458,25.149,24.757,24.53,24.318,24.158,23.953,23.541,23.472,23.418,23.38,23.341,23.326,23.303,23.28,23.272,23.249,23.242,23.226,23.211,23.188,23.134,23.096,23.096,23.088,23.096,23.088,23.073,23.042,23.042,23.019,23.004,23.027,23.034,23.042,23.011,22.981,22.927,22.934,22.919,22.927,22.958,22.942,22.927,22.911,22.911,22.896,22.888,22.919,22.896,22.896,22.888,22.873,22.865,22.842,22.819,22.804,22.811,22.804,22.811,22.811,22.804,22.796,22.796,22.788,22.788,22.788,22.788,22.78,22.796,22.78,22.773,22.78,22.765,22.719,22.727,22.719,22.734,22.727,22.727,22.711,22.696,22.711,22.703,22.711,22.719,22.711,22.719,22.703,22.673,22.688,22.673,22.673,22.649,22.634,22.626,22.634,22.611,22.603,22.626,22.58,22.611,22.619,22.603,22.603,22.642,22.626,22.619,22.619,22.626,22.619,22.626,22.619,22.603,22.611,22.619,22.595,22.626,22.626,22.626,22.603,22.572,22.557,22.564,22.541,22.557,22.564,22.588,22.572,22.588,22.588,22.588,22.611,22.588,22.564,22.564,22.572,22.557,22.557,22.541,22.51,22.503,22.503,22.495,22.518,22.51,22.518,22.526,22.518,22.534,22.526,22.549,22.557,22.572,22.572,22.588,22.588,22.572,22.595,22.603,22.564,22.572,22.564,22.58,22.595,22.58,22.557,22.534,22.541,22.534,22.557,22.541,22.541,22.541,22.51,22.51,22.51,22.51,22.518,22.526,22.51,22.51,22.495,22.495,22.487,22.503,22.503,22.518,22.495,22.487,22.503,22.51,22.503,22.503,22.464,22.472,22.449,22.456,22.456,22.487,22.472,22.456,22.487,22.472,22.456,22.441,22.456,22.441,22.449,22.449,22.449,22.449,22.425,22.387,22.41,22.394,22.41,22.418,22.433,22.433,22.441,22.441,22.425,22.441,22.433,22.41,22.425,22.418,22.402,22.41,22.433,22.425,22.449,22.479,22.495,22.51,22.503,22.503,22.526,22.518,22.534,22.526
,22.379,22.348,22.348,22.356,22.356,22.379,22.379,22.379,22.371,22.363,22.371,22.34,22.348,22.34,22.356,22.371,22.379,22.379,22.379,22.379,22.387,22.387,22.41,22.433,22.41,22.418,22.387,22.387,22.387,22.363,22.379,22.379,22.371,22.387,22.41,22.41,22.41,22.418,22.387,22.394,22.387,22.394,22.394,22.402,22.418,22.402,22.402,22.425,22.418,22.449,22.456,22.456,22.472,22.464,22.472,22.487,22.487,22.503,22.503,22.495,22.51,22.541,22.51,22.518,22.526,22.541,22.564,22.564,22.557,22.557,22.557,22.564,22.564,22.572,22.58,22.572,22.572,22.564,22.572,22.588,22.58,22.603,22.603,22.595,22.588,22.58,22.588,22.595,22.572,22.595,22.572,22.634,22.642,22.634,22.626,22.619,22.642,22.634,22.626,22.611,22.649,22.634,22.642,22.649,22.649,22.649,22.665,22.68,22.665,22.657,22.642,22.649,22.665,22.688,22.703,22.688,22.703,22.696,22.673,22.673,22.673,22.673,22.727,22.703,22.711,22.711,22.719,22.727,22.742,22.734,22.742,22.734,22.734,22.734,22.734,22.742,22.757,22.757,22.765,22.765,22.757,22.742,22.75,22.75,22.765,22.765,22.773,22.773,22.773,22.773,22.773,22.78,22.796,22.804,22.804,22.804,22.788,22.819,22.834,22.834,22.834,22.788,22.804,22.788,22.796,22.834,22.834,22.881,22.888,22.873,22.865,22.873,22.873,22.881,22.858,22.888,22.865,22.881,22.888,22.919,22.919,22.927,22.934,22.95,22.942,22.965,23.027,23.042,23.05,23.073,23.081,23.096,23.119,23.127,23.142,23.15,23.18,23.203,23.226,23.242,23.265,23.288,23.311,23.41,23.472,23.495,23.816,24.5,24.954,25.21,25.435,25.9,26.019,26.198,26.139,25.945,25.112,25.134,25.172,25.149,25.217,25.308,25.323,25.428,25.555,25.675,25.795,25.937,26.094,26.116,26.288,26.243,26.474,26.496,26.615,26.674,26.8,26.749,26.808,26.8,26.815,26.882,26.86,26.897,27.037,26.986,27.178,27.318,27.178,27.185,27.34,27.76,27.539,27.583,28.082,28.367,28.419,28.521,28.921,29.443,29.724,30.257,30.822,31.795,32.964,33.654,33.793,34.472,34.631,34.651,34.741,34.769,34.837,34.892,34.968,35.009,35.03,35.03,35.057,35.078,35.064,35.085,35.044,34.954,34.892,34.886,34.858,34.837,34.782,34.755,34.72,34.693,34.603,34.562,34.507,34.486,34.438,34.424,34.403,34.396,34.403,34.438,34.424,34.451,34.438,34.465,34.458,34.472,34.431,34.417,34.424,34.444,34.465,34.548,34.541,34.541,34.596,34.672,34.755,34.831,34.831,34.831,34.858,34.865,34.858,34.892,34.865,34.851,34.713,34.679,34.582,34.465,34.458,34.403,34.582,34.638,34.617,34.61,34.569,34.458,34.368,34.334,34.223,34.182,34.071,33.925,33.793,33.355,33.215,33.054,32.458,31.384,30.95,30.163,29.11,28.492,28.419,28.302,27.642,27.133,27.178,27.037,26.741,26.422,26.31,26.236,26.094,25.915,26.079,26.027,25.847,25.803,25.892,25.818,25.81,25.825,25.825,25.825,25.847,25.847,25.81,25.69,25.66,25.66,25.66,25.608,25.57,25.548,25.51,25.503,25.435,25.428,25.398,25.653,26.273,26.28,26.206,25.87,25.353,25.104,24.946,24.659,24.242,24.014,23.854,23.648,23.518,23.479,23.38,23.364,23.326,23.296,23.288,23.28,23.257,23.249,23.226,23.211,23.157,23.127,23.111,23.111,23.104,23.104,23.088,23.065,23.073,23.034,23.042,23.019,23.034,23.027,23.027,23.019,22.988,22.981,22.942,22.934,22.95,22.958,22.934,22.95,22.911,22.896,22.896,22.881,22.896,22.904,22.888,22.911,22.919,22.904,22.881,22.85,22.827,22.811,22.811,22.804,22.834,22.796,22.811,22.796,22.788,22.78,22.788,22.796,22.796,22.796,22.788,22.773,22.773,22.765,22.757,22.75,22.734,22.734,22.734,22.727,22.703,22.703,22.719,22.711,22.727,22.734,22.727,22.719,22.711,22.688,22.673,22.673,22.665,22.665,22.634,22.634,22.642,22.626,22.626,22.626,22.595,22.619,22.619,22.634,22.626,22.619,22.619,22.611,22.619,22.626,22.634,22.634,22.626,22.603,22.619,22.619,22.626,22.649,22.649,22.626,22.611,22.595,22.572,22.557,22.557,22.564,22.541,22.588,22.58,22.58,22.588,22.572,22.595,22.603,22.58,22.588,22.564,22.557,22.557,22.549,22.534,22.495,22.503,22.503,22.51,22.526,22.526,22.526,22.518,22.526,22.526,22.557,22.572,22.588,22.588,22.588,22.58,22.595,22.603,22.588,22.595,22.572,22.557,22.564,22.549,22.518,22.549,22.541,22.549,22.549,22.534,22.549,22.534,22.518,22.541,22.518,22.518,22.518,22.518,22.526,22.526,22.518,22.503,22.503,22.487,22.503,22.495,22.479,22.479,22.479,22.495,22.503,22.487,22.479,22.479,22.472,22.472,22.472,22.534,22.449,22.472,22.479,22.472,22.479,22.433,22.441,22.433,22.441,22.449,22.472,22.503,22.472,22.41,22.472,22.425,22.425,22.41,22.425,22.418,22.464,22.479,22.464,22.487,22.441,22.449,22.449,22.433,22.441,22.449,22.425,22.425,22.449,22.464,22.487,22.495,22.495,22.518,22.518,22.518,22.534,22.534,22.534
,22.363,22.34,22.348,22.356,22.379,22.387,22.371,22.379,22.387,22.379,22.363,22.363,22.356,22.348,22.356,22.371,22.379,22.371,22.387,22.379,22.387,22.387,22.387,22.402,22.394,22.394,22.387,22.371,22.356,22.356,22.348,22.371,22.363,22.387,22.433,22.379,22.394,22.387,22.387,22.379,22.387,22.387,22.402,22.402,22.433,22.418,22.418,22.433,22.41,22.41,22.441,22.449,22.449,22.464,22.456,22.495,22.495,22.518,22.518,22.534,22.518,22.51,22.518,22.526,22.526,22.549,22.549,22.549,22.557,22.557,22.557,22.564,22.557,22.564,22.58,22.564,22.588,22.572,22.557,22.595,22.603,22.611,22.611,22.603,22.595,22.588,22.588,22.58,22.611,22.611,22.619,22.642,22.649,22.665,22.657,22.665,22.642,22.642,22.626,22.619,22.642,22.634,22.649,22.665,22.673,22.68,22.68,22.688,22.688,22.657,22.657,22.657,22.68,22.703,22.688,22.711,22.711,22.696,22.711,22.711,22.68,22.719,22.711,22.711,22.711,22.711,22.711,22.742,22.68,22.742,22.742,22.742,22.742,22.734,22.742,22.742,22.742,22.757,22.765,22.757,22.757,22.757,22.757,22.757,22.757,22.773,22.773,22.773,22.78,22.773,22.788,22.788,22.788,22.811,22.819,22.811,22.819,22.819,22.827,22.842,22.827,22.819,22.804,22.819,22.819,22.842,22.865,22.865,22.865,22.873,22.873,22.865,22.873,22.865,22.888,22.904,22.881,22.881,22.904,22.904,22.934,22.942,22.934,22.95,22.95,22.981,23.011,23.05,23.058,23.081,23.088,23.111,23.104,23.134,23.15,23.165,23.203,23.219,23.242,23.257,23.28,23.296,23.341,23.426,23.464,23.548,23.816,24.515,24.848,25.21,25.428,25.885,26.079,26.169,26.213,25.698,25.104,25.104,25.112,25.149,25.202,25.27,25.375,25.398,25.555,25.653,25.81,25.982,26.094,26.191,26.206,26.355,26.37,26.466,26.608,26.645,26.815,26.815,26.897,26.904,26.934,27.097,26.919,26.926,27.384,27.355,27.2,27.473,27.495,27.524,27.694,28.075,28.426,28.207,28.404,29.023,29.139,29.544,30.048,30.3,31.228,32.487,33.215,33.863,34.244,34.41,34.479,34.555,34.61,34.679,34.72,34.782,34.831,34.886,34.996,35.002,35.016,35.002,35.002,35.057,35.016,35.064,35.002,34.913,34.865,34.858,34.837,34.803,34.803,34.741,34.72,34.665,34.631,34.569,34.5,34.479,34.438,34.403,34.375,34.382,34.41,34.41,34.431,34.458,34.493,34.493,34.513,34.472,34.431,34.479,34.451,34.465,34.493,34.493,34.52,34.527,34.582,34.693,34.734,34.782,34.81,34.824,34.872,34.844,34.865,34.858,34.865,34.789,34.679,34.61,34.5,34.306,34.168,34.147,34.375,34.52,34.527,34.5,34.465,34.431,34.41,34.202,34.133,34.071,33.988,33.897,33.828,33.772,33.745,33.689,33.32,33.061,32.844,32.451,31.121,31,30.278,29.24,28.44,28.229,27.994,27.796,27.156,26.734,26.867,26.778,26.377,26.161,26.221,26.236,25.967,25.862,25.922,25.877,25.847,25.87,25.825,25.855,25.84,25.818,25.795,25.675,25.675,25.653,25.63,25.585,25.578,25.555,25.503,25.45,25.405,25.383,25.39,25.39,26.191,26.362,26.251,25.9,25.428,25.112,24.923,24.621,24.485,24.044,23.899,23.709,23.487,23.518,23.41,23.357,23.341,23.311,23.288,23.288,23.28,23.257,23.234,23.188,23.18,23.134,23.134,23.119,23.119,23.119,23.104,23.088,23.073,23.034,23.034,23.027,23.034,23.027,23.027,23.027,23.004,22.973,22.973,22.965,22.965,22.973,22.973,22.958,22.942,22.919,22.911,22.881,22.888,22.896,22.919,22.919,22.934,22.881,22.858,22.842,22.842,22.834,22.811,22.827,22.819,22.804,22.804,22.811,22.796,22.788,22.788,22.796,22.788,22.78,22.804,22.78,22.788,22.765,22.765,22.78,22.75,22.757,22.727,22.727,22.727,22.719,22.734,22.727,22.727,22.742,22.727,22.734,22.688,22.688,22.673,22.673,22.657,22.657,22.68,22.657,22.642,22.634,22.626,22.619,22.619,22.603,22.642,22.634,22.626,22.619,22.611,22.619,22.619,22.626,22.626,22.634,22.634,22.649,22.611,22.611,22.634,22.642,22.642,22.634,22.611,22.588,22.572,22.557,22.534,22.58,22.564,22.588,22.595,22.603,22.603,22.588,22.572,22.564,22.588,22.572,22.564,22.549,22.541,22.541,22.51,22.495,22.51,22.51,22.526,22.526,22.534,22.526,22.518,22.51,22.526,22.534,22.572,22.58,22.572,22.58,22.58,22.58,22.58,22.564,22.572,22.534,22.549,22.541,22.526,22.526,22.549,22.534,22.526,22.534,22.526,22.526,22.541,22.541,22.526,22.534,22.518,22.518,22.518,22.534,22.526,22.518,22.495,22.503,22.487,22.495,22.495,22.487,22.487,22.487,22.487,22.495,22.495,22.495,22.487,22.487,22.487,22.487,22.479,22.472,22.456,22.449,22.456,22.441,22.433,22.441,22.449,22.449,22.464,22.472,22.433,22.479,22.425,22.472,22.441,22.425,22.425,22.433,22.472,22.472,22.464,22.479,22.479,22.472,22.464,22.464,22.449,22.449,22.449,22.425,22.418,22.456,22.464,22.479,22.51,22.51,22.495,22.51,22.526,22.518,22.557,22.557
,22.325,22.363,22.34,22.356,22.363,22.379,22.379,22.394,22.394,22.371,22.379,22.356,22.34,22.34,22.348,22.363,22.371,22.379,22.371,22.371,22.379,22.387,22.387,22.394,22.371,22.387,22.371,22.348,22.371,22.348,22.356,22.348,22.348,22.363,22.363,22.402,22.487,22.387,22.387,22.379,22.379,22.379,22.402,22.402,22.379,22.418,22.402,22.387,22.394,22.41,22.433,22.433,22.425,22.441,22.479,22.479,22.503,22.51,22.503,22.51,22.534,22.534,22.541,22.526,22.526,22.526,22.541,22.549,22.564,22.557,22.557,22.557,22.557,22.557,22.58,22.557,22.557,22.557,22.557,22.572,22.611,22.603,22.634,22.603,22.603,22.611,22.588,22.595,22.603,22.619,22.634,22.634,22.665,22.642,22.657,22.649,22.634,22.649,22.642,22.634,22.642,22.634,22.657,22.68,22.673,22.688,22.688,22.68,22.688,22.673,22.673,22.665,22.68,22.688,22.711,22.696,22.703,22.68,22.696,22.696,22.703,22.711,22.719,22.688,22.734,22.719,22.727,22.734,22.742,22.742,22.742,22.734,22.727,22.727,22.727,22.742,22.742,22.75,22.757,22.765,22.75,22.757,22.742,22.75,22.765,22.773,22.773,22.773,22.773,22.78,22.796,22.796,22.811,22.819,22.834,22.819,22.819,22.811,22.819,22.819,22.827,22.819,22.796,22.827,22.842,22.85,22.865,22.858,22.865,22.858,22.873,22.881,22.858,22.888,22.865,22.865,22.873,22.904,22.896,22.927,22.942,22.95,22.942,22.958,22.981,22.996,23.019,23.034,23.058,23.081,23.096,23.104,23.134,23.142,23.188,23.18,23.219,23.242,23.257,23.265,23.288,23.311,23.357,23.403,23.487,23.556,23.953,24.462,24.682,25.18,25.525,25.855,26.116,26.251,26.079,25.21,25.082,25.082,25.127,25.127,25.217,25.27,25.368,25.45,25.548,25.57,25.765,25.952,26.087,26.183,26.213,26.28,26.37,26.556,26.563,26.645,26.919,26.904,26.978,27,26.978,27.222,27.281,27.362,27.443,27.443,27.465,27.826,28.163,27.936,28.031,28.338,28.841,29.023,29.284,29.681,30.171,31.164,32.275,33.138,33.48,34.133,34.334,34.403,34.403,34.458,34.472,34.541,34.638,34.665,34.7,34.796,34.824,34.844,34.941,34.989,34.968,34.934,34.968,35.002,35.009,35.037,34.934,34.844,34.831,34.81,34.803,34.81,34.782,34.769,34.72,34.658,34.624,34.576,34.479,34.486,34.417,34.375,34.334,34.341,34.368,34.417,34.465,34.472,34.479,34.513,34.52,34.507,34.465,34.465,34.444,34.451,34.444,34.451,34.5,34.548,34.582,34.589,34.72,34.741,34.782,34.789,34.831,34.837,34.831,34.831,34.748,34.755,34.645,34.576,34.313,34.272,34.05,34.078,34.085,34.133,34.285,34.168,34.258,34.299,34.161,33.946,33.918,33.925,33.87,33.953,33.821,33.71,33.682,33.418,33.236,33.264,33.187,33.25,33.124,32.998,32.24,30.979,30.443,29.732,29.182,28.477,27.921,27.796,27.664,27.392,26.808,26.444,26.347,26.318,26.079,26.049,26.034,25.96,25.892,26.004,25.832,25.832,25.81,25.795,25.795,25.683,25.645,25.585,25.615,25.593,25.57,25.548,25.533,25.495,25.39,25.368,25.375,25.428,25.997,26.206,26.019,25.975,25.51,25.074,24.969,24.697,24.485,24.12,23.884,23.655,23.541,23.495,23.449,23.364,23.357,23.349,23.326,23.296,23.272,23.288,23.242,23.226,23.173,23.15,23.15,23.134,23.127,23.127,23.111,23.088,23.081,23.058,23.034,23.011,23.027,23.034,23.042,23.019,23.011,22.988,22.973,22.973,22.973,22.988,22.973,22.973,22.95,22.919,22.904,22.881,22.888,22.873,22.911,22.911,22.942,22.888,22.881,22.842,22.834,22.842,22.834,22.819,22.834,22.819,22.834,22.804,22.788,22.788,22.773,22.78,22.773,22.804,22.804,22.796,22.804,22.796,22.78,22.773,22.765,22.75,22.734,22.727,22.75,22.734,22.727,22.727,22.742,22.75,22.727,22.734,22.719,22.688,22.68,22.673,22.665,22.68,22.665,22.673,22.657,22.649,22.634,22.626,22.619,22.626,22.649,22.673,22.649,22.619,22.619,22.634,22.634,22.626,22.642,22.611,22.626,22.626,22.611,22.611,22.626,22.626,22.634,22.626,22.595,22.588,22.572,22.58,22.58,22.572,22.588,22.572,22.595,22.595,22.588,22.595,22.595,22.588,22.588,22.564,22.564,22.572,22.534,22.541,22.526,22.51,22.526,22.526,22.541,22.541,22.534,22.526,22.526,22.526,22.541,22.549,22.557,22.572,22.557,22.572,22.58,22.564,22.58,22.595,22.58,22.557,22.526,22.541,22.534,22.518,22.534,22.526,22.534,22.526,22.534,22.541,22.526,22.541,22.549,22.534,22.518,22.518,22.518,22.518,22.534,22.495,22.51,22.503,22.495,22.503,22.518,22.503,22.503,22.503,22.503,22.495,22.526,22.495,22.487,22.495,22.495,22.495,22.472,22.472,22.456,22.449,22.441,22.441,22.441,22.441,22.441,22.472,22.479,22.479,22.503,22.472,22.456,22.472,22.425,22.441,22.433,22.472,22.449,22.487,22.479,22.456,22.433,22.456,22.456,22.449,22.456,22.449,22.456,22.472,22.472,22.487,22.441,22.495,22.518,22.526,22.526,22.51,22.518,22.487,22.518,22.534
,22.34,22.325,22.34,22.34,22.356,22.371,22.387,22.371,22.387,22.379,22.348,22.356,22.363,22.348,22.363,22.371,22.371,22.379,22.402,22.387,22.371,22.394,22.394,22.387,22.379,22.348,22.363,22.356,22.332,22.34,22.332,22.356,22.34,22.356,22.348,22.371,22.371,22.402,22.363,22.379,22.379,22.371,22.394,22.363,22.402,22.394,22.371,22.418,22.394,22.41,22.41,22.41,22.441,22.441,22.495,22.503,22.51,22.526,22.487,22.526,22.541,22.518,22.534,22.526,22.51,22.534,22.526,22.541,22.572,22.557,22.564,22.564,22.557,22.557,22.557,22.557,22.557,22.557,22.557,22.588,22.595,22.611,22.626,22.603,22.595,22.595,22.603,22.619,22.611,22.634,22.665,22.657,22.665,22.642,22.665,22.649,22.642,22.649,22.649,22.649,22.642,22.642,22.642,22.665,22.68,22.703,22.688,22.688,22.68,22.696,22.696,22.711,22.703,22.696,22.711,22.696,22.696,22.703,22.688,22.696,22.703,22.734,22.703,22.727,22.727,22.703,22.734,22.719,22.703,22.734,22.727,22.727,22.719,22.719,22.719,22.727,22.742,22.742,22.75,22.742,22.75,22.727,22.742,22.742,22.765,22.773,22.773,22.773,22.773,22.78,22.796,22.804,22.804,22.811,22.796,22.788,22.811,22.811,22.819,22.827,22.827,22.842,22.842,22.85,22.858,22.85,22.842,22.842,22.858,22.85,22.858,22.865,22.865,22.865,22.865,22.881,22.904,22.904,22.896,22.911,22.927,22.965,22.965,22.981,22.996,23.011,23.027,23.042,23.058,23.081,23.088,23.119,23.119,23.165,23.196,23.219,23.234,23.249,23.272,23.296,23.303,23.334,23.387,23.441,23.533,23.548,23.869,24.545,24.742,25.202,25.398,25.9,26.131,26.183,26.109,25.285,25.059,25.082,25.074,25.127,25.195,25.277,25.413,25.42,25.69,25.728,25.892,26.004,26.094,26.221,26.251,26.34,26.414,26.63,26.6,26.704,26.941,26.941,27.097,27.111,27.097,27.414,27.392,27.443,27.694,28.126,28.082,28.06,28.382,28.681,28.71,28.914,29.501,30.171,30.486,31.271,32.24,33.089,34.133,34.472,34.431,34.355,34.389,34.375,34.389,34.493,34.431,34.541,34.541,34.61,34.693,34.748,34.837,34.831,34.858,34.954,34.865,34.934,34.886,34.941,34.982,34.934,34.927,34.844,34.824,34.817,34.803,34.782,34.803,34.762,34.734,34.727,34.686,34.603,34.5,34.438,34.361,34.355,34.341,34.32,34.361,34.382,34.41,34.465,34.507,34.527,34.513,34.5,34.486,34.472,34.458,34.444,34.458,34.458,34.534,34.541,34.569,34.631,34.658,34.72,34.748,34.789,34.782,34.831,34.775,34.755,34.707,34.686,34.645,34.438,34.237,34.043,34.029,33.974,33.932,33.96,34.119,34.022,34.078,34.161,33.807,33.724,33.703,33.696,33.731,33.779,33.585,33.536,33.299,33.187,33.166,33.152,33.229,33.257,33.152,33.152,33.089,33.089,33.075,31.958,30.693,29.681,29.623,29.132,28.506,27.73,27.576,27.252,27,26.57,26.407,26.392,26.34,26.049,26.027,25.997,25.847,25.818,25.78,25.728,25.75,25.66,25.645,25.615,25.593,25.578,25.57,25.533,25.488,25.383,25.398,25.36,25.368,25.398,25.638,26.064,26.191,26.004,25.66,25.323,24.961,24.772,24.523,24.143,23.854,23.64,23.594,23.51,23.464,23.38,23.364,23.341,23.334,23.319,23.296,23.265,23.257,23.219,23.196,23.165,23.157,23.15,23.134,23.134,23.111,23.119,23.096,23.081,23.042,23.019,23.034,23.042,23.042,23.034,23.011,22.988,22.988,22.988,22.988,23.004,22.988,22.981,22.965,22.942,22.911,22.904,22.888,22.888,22.927,22.904,22.904,22.881,22.896,22.881,22.865,22.834,22.827,22.834,22.842,22.834,22.842,22.804,22.819,22.78,22.773,22.773,22.773,22.788,22.796,22.819,22.827,22.788,22.804,22.788,22.773,22.788,22.773,22.742,22.757,22.75,22.742,22.75,22.757,22.734,22.727,22.719,22.711,22.703,22.68,22.657,22.665,22.688,22.68,22.665,22.673,22.649,22.642,22.642,22.649,22.649,22.649,22.649,22.626,22.626,22.626,22.634,22.642,22.626,22.642,22.642,22.634,22.626,22.619,22.626,22.603,22.603,22.619,22.603,22.603,22.595,22.58,22.58,22.58,22.58,22.58,22.588,22.588,22.603,22.595,22.588,22.58,22.557,22.549,22.58,22.564,22.564,22.557,22.541,22.51,22.518,22.526,22.541,22.549,22.541,22.541,22.526,22.51,22.503,22.549,22.549,22.58,22.58,22.564,22.557,22.58,22.58,22.58,22.58,22.564,22.557,22.541,22.526,22.526,22.526,22.518,22.518,22.518,22.534,22.541,22.541,22.549,22.541,22.541,22.541,22.526,22.518,22.526,22.518,22.526,22.503,22.503,22.549,22.526,22.51,22.526,22.51,22.503,22.518,22.526,22.518,22.503,22.479,22.479,22.487,22.495,22.503,22.487,22.495,22.464,22.449,22.441,22.425,22.441,22.449,22.449,22.456,22.479,22.495,22.503,22.487,22.449,22.472,22.441,22.449,22.479,22.479,22.449,22.464,22.433,22.464,22.456,22.441,22.456,22.456,22.441,22.433,22.441,22.441,22.472,22.456,22.479,22.456,22.51,22.549,22.549,22.503,22.518,22.518,22.541,22.526
,22.302,22.332,22.325,22.34,22.356,22.356,22.371,22.363,22.387,22.379,22.379,22.363,22.356,22.348,22.356,22.363,22.387,22.379,22.387,22.379,22.356,22.394,22.371,22.387,22.379,22.371,22.363,22.356,22.356,22.34,22.34,22.348,22.332,22.348,22.34,22.371,22.379,22.371,22.363,22.356,22.363,22.356,22.394,22.402,22.394,22.387,22.371,22.402,22.379,22.425,22.425,22.418,22.433,22.41,22.441,22.503,22.479,22.495,22.518,22.51,22.526,22.51,22.472,22.526,22.51,22.526,22.549,22.518,22.564,22.572,22.557,22.557,22.549,22.557,22.557,22.549,22.557,22.549,22.557,22.572,22.603,22.611,22.626,22.619,22.619,22.588,22.603,22.603,22.626,22.649,22.642,22.649,22.673,22.68,22.642,22.642,22.657,22.649,22.657,22.649,22.642,22.649,22.649,22.673,22.703,22.665,22.688,22.68,22.688,22.696,22.673,22.711,22.673,22.688,22.703,22.711,22.696,22.703,22.711,22.703,22.711,22.696,22.703,22.703,22.703,22.719,22.703,22.696,22.75,22.734,22.734,22.719,22.719,22.719,22.711,22.727,22.734,22.734,22.757,22.742,22.727,22.734,22.734,22.765,22.757,22.773,22.765,22.78,22.78,22.78,22.796,22.804,22.796,22.804,22.788,22.796,22.804,22.796,22.811,22.811,22.804,22.827,22.827,22.842,22.827,22.85,22.834,22.85,22.858,22.85,22.858,22.865,22.85,22.85,22.873,22.904,22.896,22.911,22.927,22.942,22.973,22.958,22.973,22.996,23.011,23.019,23.027,23.042,23.05,23.065,23.088,23.111,23.134,23.165,23.173,23.211,23.226,23.257,23.28,23.296,23.334,23.341,23.387,23.418,23.495,23.525,23.846,24.507,24.666,25.255,25.578,26.027,26.116,26.191,26.131,25.172,25.029,25.036,25.067,25.082,25.202,25.21,25.428,25.443,25.66,25.773,25.862,26.072,26.079,26.265,26.213,26.37,26.414,26.608,26.689,26.741,26.904,27.03,27.097,27.281,27.296,27.539,27.774,27.723,27.716,28.258,28.433,28.448,28.768,29.276,29.847,30.192,30.651,31.498,32.297,33.64,34.237,34.507,34.541,34.458,34.396,34.355,34.375,34.341,34.327,34.313,34.375,34.424,34.465,34.555,34.707,34.707,34.782,34.782,34.769,34.748,34.755,34.824,34.796,34.844,34.899,34.906,34.851,34.817,34.796,34.762,34.762,34.769,34.782,34.769,34.748,34.72,34.693,34.631,34.507,34.431,34.389,34.313,34.334,34.327,34.32,34.361,34.438,34.493,34.5,34.555,34.527,34.507,34.479,34.486,34.444,34.424,34.431,34.438,34.486,34.527,34.596,34.638,34.658,34.686,34.72,34.734,34.741,34.679,34.624,34.582,34.617,34.638,34.576,34.424,34.209,34.029,33.946,33.877,33.939,33.891,33.856,33.835,33.793,33.772,33.64,33.599,33.626,33.633,33.55,33.501,33.376,33.159,33.11,33.11,33.159,33.187,33.25,33.222,33.096,33.271,33.327,33.431,33.348,33.257,33.187,32.676,31.972,30.465,29.566,29.24,28.659,28.229,27.899,27.082,26.993,26.963,26.585,26.169,26.116,26.124,26.019,25.9,25.832,25.75,25.758,25.683,25.63,25.585,25.593,25.585,25.54,25.57,25.488,25.368,25.368,25.36,25.33,25.368,25.54,25.862,25.96,25.93,25.825,25.353,25.172,24.727,24.621,24.318,24.158,23.648,23.541,23.495,23.464,23.418,23.395,23.357,23.349,23.341,23.326,23.288,23.257,23.226,23.203,23.18,23.173,23.165,23.15,23.127,23.134,23.111,23.104,23.081,23.042,23.042,23.034,23.05,23.034,23.034,23.011,23.004,22.996,22.988,22.981,22.988,22.996,22.981,22.958,22.95,22.927,22.919,22.919,22.896,22.896,22.904,22.896,22.888,22.896,22.85,22.865,22.888,22.85,22.842,22.85,22.834,22.888,22.804,22.78,22.78,22.773,22.78,22.773,22.796,22.804,22.811,22.811,22.819,22.78,22.788,22.78,22.773,22.773,22.78,22.773,22.773,22.75,22.75,22.742,22.727,22.734,22.711,22.688,22.68,22.673,22.673,22.649,22.688,22.673,22.688,22.673,22.673,22.657,22.649,22.665,22.657,22.665,22.657,22.649,22.642,22.626,22.619,22.649,22.665,22.649,22.626,22.642,22.642,22.619,22.619,22.588,22.611,22.611,22.603,22.611,22.588,22.58,22.58,22.588,22.588,22.588,22.588,22.603,22.603,22.572,22.588,22.572,22.564,22.541,22.564,22.549,22.549,22.534,22.534,22.534,22.526,22.564,22.549,22.541,22.557,22.549,22.534,22.526,22.534,22.541,22.541,22.549,22.541,22.541,22.557,22.58,22.588,22.588,22.557,22.557,22.534,22.541,22.534,22.541,22.518,22.495,22.51,22.51,22.503,22.541,22.572,22.534,22.534,22.526,22.534,22.526,22.534,22.534,22.526,22.518,22.518,22.51,22.51,22.51,22.518,22.526,22.534,22.526,22.541,22.503,22.503,22.503,22.479,22.487,22.495,22.503,22.487,22.479,22.472,22.456,22.456,22.456,22.456,22.449,22.449,22.456,22.479,22.479,22.479,22.487,22.456,22.433,22.456,22.456,22.456,22.456,22.441,22.449,22.449,22.456,22.456,22.425,22.41,22.456,22.433,22.433,22.441,22.441,22.425,22.449,22.487,22.518,22.495,22.541,22.526,22.503,22.51,22.534,22.51,22.534,22.564
,22.286,22.286,22.309,22.317,22.332,22.356,22.371,22.363,22.379,22.371,22.379,22.356,22.348,22.348,22.356,22.394,22.394,22.379,22.387,22.348,22.363,22.394,22.394,22.379,22.371,22.363,22.363,22.348,22.348,22.348,22.356,22.348,22.356,22.348,22.363,22.363,22.371,22.387,22.363,22.356,22.371,22.356,22.371,22.379,22.325,22.363,22.387,22.379,22.402,22.418,22.418,22.441,22.449,22.464,22.464,22.441,22.464,22.541,22.472,22.464,22.503,22.503,22.495,22.51,22.487,22.526,22.51,22.495,22.557,22.534,22.557,22.564,22.557,22.572,22.549,22.549,22.549,22.549,22.557,22.588,22.595,22.619,22.619,22.619,22.611,22.588,22.611,22.603,22.619,22.642,22.665,22.634,22.642,22.634,22.649,22.649,22.665,22.665,22.649,22.649,22.626,22.642,22.649,22.642,22.665,22.673,22.665,22.673,22.665,22.673,22.68,22.703,22.696,22.68,22.696,22.696,22.696,22.703,22.688,22.711,22.696,22.703,22.688,22.703,22.727,22.711,22.719,22.742,22.734,22.734,22.742,22.719,22.711,22.719,22.711,22.727,22.734,22.734,22.75,22.727,22.719,22.727,22.734,22.742,22.765,22.773,22.773,22.773,22.78,22.78,22.788,22.788,22.788,22.78,22.773,22.78,22.78,22.788,22.788,22.804,22.804,22.811,22.804,22.827,22.819,22.827,22.842,22.842,22.842,22.842,22.827,22.842,22.842,22.881,22.881,22.896,22.927,22.927,22.927,22.942,22.934,22.965,22.988,23.004,23.011,23.027,23.042,23.058,23.058,23.088,23.081,23.119,23.134,23.173,23.188,23.203,23.226,23.265,23.288,23.319,23.357,23.372,23.433,23.449,23.518,23.602,23.785,24.356,24.757,25.255,25.495,25.825,26.124,26.191,26.042,25.082,24.999,25.021,24.991,25.067,25.217,25.277,25.36,25.503,25.728,25.773,25.87,26.079,26.191,26.251,26.303,26.452,26.459,26.689,26.786,26.8,27.252,27.229,27.229,27.605,27.532,27.627,28.06,28.207,28.192,28.448,29.146,29.385,29.595,30.192,30.736,31.54,32.697,33.571,34.368,34.465,34.507,34.52,34.444,34.299,34.182,34.168,34.168,34.05,34.092,34.258,34.251,34.272,34.451,34.41,34.507,34.631,34.672,34.72,34.748,34.755,34.679,34.727,34.734,34.817,34.851,34.817,34.817,34.707,34.72,34.72,34.707,34.769,34.748,34.748,34.741,34.727,34.707,34.555,34.479,34.41,34.368,34.279,34.285,34.251,34.279,34.355,34.417,34.451,34.5,34.52,34.52,34.507,34.493,34.479,34.465,34.424,34.431,34.438,34.451,34.555,34.589,34.61,34.638,34.665,34.679,34.645,34.555,34.507,34.465,34.472,34.548,34.562,34.589,34.52,34.32,33.96,33.842,33.807,33.8,33.807,33.779,33.8,33.786,33.64,33.571,33.619,33.626,33.606,33.55,33.543,33.404,33.327,33.187,33.159,33.236,33.257,33.124,33.201,33.187,33.285,33.369,33.355,33.341,33.411,33.431,33.452,33.369,32.662,32.064,31.278,30.106,29.247,28.338,27.936,27.745,27.443,26.963,26.66,26.548,26.489,26.087,26.139,25.975,25.825,25.907,25.75,25.653,25.608,25.578,25.503,25.57,25.54,25.465,25.398,25.375,25.323,25.285,25.338,25.48,25.765,25.847,25.855,25.81,25.465,25.285,24.855,24.591,24.341,24.052,23.64,23.556,23.51,23.495,23.433,23.418,23.372,23.372,23.341,23.334,23.334,23.265,23.249,23.226,23.211,23.188,23.165,23.157,23.134,23.127,23.104,23.096,23.104,23.073,23.042,23.05,23.042,23.027,23.042,23.019,22.996,22.996,22.981,22.973,22.981,22.981,22.95,22.942,22.95,22.927,22.919,22.896,22.896,22.896,22.881,22.888,22.888,22.873,22.873,22.881,22.858,22.85,22.842,22.842,22.85,22.796,22.842,22.811,22.765,22.78,22.78,22.788,22.811,22.804,22.819,22.804,22.78,22.788,22.804,22.819,22.811,22.796,22.773,22.788,22.773,22.757,22.75,22.757,22.734,22.734,22.703,22.688,22.696,22.688,22.696,22.68,22.68,22.696,22.68,22.688,22.68,22.673,22.673,22.665,22.68,22.673,22.68,22.642,22.649,22.619,22.619,22.619,22.619,22.619,22.626,22.649,22.649,22.634,22.611,22.595,22.595,22.619,22.595,22.603,22.595,22.58,22.58,22.595,22.595,22.595,22.588,22.595,22.58,22.595,22.588,22.58,22.549,22.549,22.526,22.549,22.526,22.549,22.541,22.526,22.541,22.564,22.541,22.534,22.557,22.549,22.51,22.518,22.557,22.557,22.549,22.526,22.534,22.534,22.557,22.58,22.588,22.619,22.572,22.58,22.549,22.541,22.549,22.526,22.534,22.503,22.503,22.526,22.534,22.534,22.534,22.557,22.541,22.534,22.526,22.534,22.534,22.526,22.526,22.526,22.534,22.526,22.526,22.518,22.51,22.534,22.526,22.534,22.541,22.541,22.503,22.51,22.479,22.472,22.479,22.472,22.479,22.479,22.449,22.464,22.449,22.449,22.464,22.472,22.464,22.479,22.449,22.456,22.487,22.503,22.479,22.441,22.456,22.449,22.456,22.449,22.449,22.441,22.425,22.418,22.456,22.425,22.456,22.472,22.472,22.449,22.41,22.418,22.449,22.495,22.503,22.479,22.487,22.51,22.503,22.518,22.495,22.534,22.518,22.518,22.541
,22.309,22.309,22.332,22.325,22.34,22.34,22.363,22.363,22.356,22.371,22.356,22.356,22.379,22.356,22.379,22.394,22.387,22.387,22.379,22.379,22.348,22.363,22.402,22.402,22.379,22.371,22.371,22.363,22.356,22.356,22.332,22.356,22.363,22.363,22.348,22.379,22.363,22.379,22.371,22.363,22.379,22.394,22.348,22.363,22.363,22.363,22.402,22.394,22.402,22.41,22.449,22.425,22.433,22.51,22.503,22.495,22.441,22.479,22.503,22.487,22.518,22.518,22.487,22.51,22.503,22.51,22.534,22.518,22.534,22.549,22.557,22.572,22.557,22.557,22.541,22.541,22.549,22.557,22.564,22.588,22.588,22.603,22.595,22.611,22.588,22.588,22.588,22.603,22.634,22.642,22.665,22.649,22.642,22.634,22.634,22.657,22.657,22.665,22.665,22.649,22.642,22.642,22.642,22.634,22.649,22.657,22.657,22.665,22.649,22.688,22.688,22.696,22.696,22.688,22.703,22.703,22.711,22.711,22.703,22.719,22.703,22.703,22.711,22.711,22.703,22.711,22.734,22.727,22.773,22.75,22.734,22.696,22.711,22.703,22.711,22.727,22.757,22.757,22.727,22.742,22.734,22.727,22.742,22.75,22.765,22.765,22.765,22.773,22.773,22.78,22.78,22.78,22.78,22.773,22.765,22.765,22.78,22.796,22.796,22.796,22.819,22.819,22.827,22.827,22.827,22.842,22.842,22.85,22.858,22.842,22.858,22.85,22.858,22.865,22.896,22.896,22.911,22.942,22.934,22.942,22.973,22.973,22.988,23.019,23.027,23.042,23.05,23.073,23.088,23.081,23.104,23.111,23.15,23.173,23.196,23.211,23.257,23.265,23.296,23.319,23.372,23.395,23.418,23.464,23.51,23.548,23.693,24.234,24.727,25.3,25.435,26.004,26.124,26.101,25.375,25.082,25.036,24.991,25.029,25.119,25.172,25.247,25.39,25.608,25.653,25.84,25.945,26.109,26.206,26.228,26.318,26.429,26.504,26.704,26.852,26.934,27.451,27.399,27.465,27.958,27.892,28.031,28.331,28.55,28.776,29.211,29.305,30.45,30.693,31.689,32.844,33.571,34.389,34.438,34.486,34.479,34.472,34.375,34.202,34.078,33.731,33.675,33.682,33.745,33.925,34.05,34.015,34.126,34.292,34.375,34.272,34.361,34.589,34.645,34.645,34.651,34.651,34.686,34.672,34.762,34.782,34.824,34.789,34.686,34.658,34.541,34.562,34.638,34.707,34.707,34.741,34.72,34.679,34.624,34.5,34.451,34.334,34.361,34.23,34.216,34.244,34.313,34.313,34.444,34.5,34.541,34.527,34.513,34.513,34.486,34.465,34.431,34.424,34.41,34.444,34.52,34.534,34.624,34.651,34.679,34.645,34.638,34.451,34.438,34.41,34.438,34.527,34.527,34.541,34.465,34.299,33.925,33.849,33.835,33.828,33.696,33.71,33.654,33.592,33.64,33.592,33.543,33.438,33.473,33.452,33.348,33.18,33.215,33.285,33.145,33.201,33.145,33.082,33.075,33.229,33.215,33.285,33.278,33.327,33.383,33.424,33.438,33.445,33.515,33.55,33.271,32.092,30.758,30.027,29.284,28.943,27.936,27.488,27.465,27.237,26.793,26.459,26.414,26.191,25.975,26.012,25.713,25.758,25.653,25.63,25.578,25.548,25.518,25.45,25.405,25.33,25.323,25.3,25.345,25.383,25.645,25.675,25.84,25.743,25.653,25.277,24.893,24.651,24.348,23.762,23.602,23.564,23.525,23.502,23.487,23.441,23.418,23.387,23.38,23.349,23.326,23.311,23.265,23.257,23.226,23.219,23.196,23.173,23.15,23.127,23.127,23.111,23.104,23.058,23.058,23.065,23.058,23.042,23.027,23.011,22.996,22.988,22.981,22.981,22.981,22.996,22.965,22.942,22.942,22.942,22.934,22.919,22.911,22.896,22.888,22.888,22.881,22.896,22.888,22.888,22.858,22.85,22.858,22.827,22.827,22.834,22.804,22.811,22.804,22.804,22.773,22.78,22.811,22.811,22.811,22.796,22.796,22.804,22.827,22.819,22.827,22.827,22.804,22.78,22.765,22.757,22.765,22.742,22.742,22.727,22.68,22.703,22.703,22.696,22.719,22.703,22.696,22.711,22.696,22.696,22.688,22.68,22.673,22.68,22.68,22.673,22.68,22.665,22.642,22.634,22.634,22.634,22.626,22.626,22.665,22.688,22.642,22.649,22.634,22.619,22.634,22.611,22.619,22.603,22.603,22.588,22.588,22.588,22.588,22.588,22.595,22.595,22.595,22.603,22.557,22.58,22.572,22.534,22.526,22.518,22.51,22.518,22.541,22.557,22.549,22.541,22.572,22.526,22.534,22.541,22.541,22.557,22.572,22.534,22.557,22.541,22.534,22.526,22.557,22.564,22.58,22.595,22.572,22.549,22.541,22.526,22.534,22.526,22.526,22.518,22.518,22.51,22.51,22.534,22.549,22.557,22.564,22.549,22.557,22.534,22.526,22.526,22.534,22.572,22.572,22.534,22.549,22.541,22.51,22.541,22.518,22.549,22.557,22.534,22.518,22.518,22.487,22.479,22.479,22.464,22.479,22.479,22.464,22.472,22.487,22.479,22.472,22.487,22.472,22.449,22.449,22.449,22.541,22.464,22.464,22.425,22.449,22.456,22.479,22.425,22.441,22.449,22.418,22.449,22.441,22.464,22.441,22.464,22.472,22.456,22.464,22.456,22.456,22.472,22.464,22.51,22.518,22.503,22.503,22.518,22.549,22.541,22.541,22.541,22.534
,22.332,22.332,22.34,22.332,22.332,22.348,22.348,22.356,22.348,22.371,22.363,22.363,22.379,22.379,22.387,22.387,22.387,22.394,22.371,22.363,22.387,22.394,22.394,22.363,22.379,22.363,22.379,22.371,22.348,22.363,22.356,22.379,22.379,22.371,22.387,22.387,22.371,22.371,22.371,22.363,22.379,22.371,22.356,22.356,22.371,22.379,22.402,22.402,22.402,22.402,22.456,22.449,22.487,22.472,22.487,22.487,22.464,22.472,22.472,22.472,22.51,22.503,22.479,22.503,22.495,22.503,22.526,22.534,22.518,22.541,22.557,22.549,22.557,22.549,22.564,22.549,22.549,22.564,22.557,22.588,22.588,22.603,22.626,22.611,22.611,22.603,22.611,22.619,22.649,22.634,22.657,22.673,22.665,22.634,22.642,22.657,22.642,22.657,22.665,22.649,22.649,22.642,22.642,22.634,22.642,22.649,22.649,22.657,22.665,22.665,22.696,22.68,22.688,22.688,22.696,22.696,22.719,22.719,22.711,22.719,22.719,22.711,22.719,22.719,22.727,22.734,22.742,22.727,22.734,22.773,22.75,22.734,22.734,22.727,22.734,22.734,22.757,22.75,22.75,22.742,22.75,22.757,22.75,22.757,22.765,22.773,22.773,22.765,22.773,22.773,22.78,22.78,22.78,22.773,22.773,22.788,22.788,22.788,22.796,22.796,22.811,22.811,22.811,22.819,22.819,22.834,22.834,22.858,22.85,22.842,22.85,22.858,22.858,22.873,22.873,22.927,22.927,22.934,22.934,22.95,22.973,22.988,22.981,22.996,23.011,23.034,23.058,23.073,23.088,23.096,23.119,23.142,23.142,23.15,23.203,23.211,23.257,23.272,23.319,23.341,23.38,23.41,23.426,23.495,23.571,23.571,23.64,24.075,24.682,25.24,25.42,25.81,26.012,26.109,25.54,25.052,25.029,25.006,25.036,25.119,25.172,25.3,25.533,25.615,25.713,25.825,26.012,26.161,26.243,26.288,26.399,26.533,26.697,26.971,26.941,27.111,27.554,27.789,27.627,28.126,28.346,28.579,28.696,29.175,29.818,29.905,30.55,31.399,32.318,33.619,34.431,34.458,34.486,34.486,34.472,34.438,34.382,33.946,33.585,33.557,33.348,33.369,33.418,33.473,33.592,33.821,33.953,34.092,34.147,34.099,34.099,34.299,34.472,34.548,34.596,34.603,34.617,34.617,34.638,34.727,34.72,34.741,34.741,34.624,34.576,34.5,34.555,34.569,34.624,34.61,34.686,34.693,34.693,34.596,34.5,34.375,34.355,34.258,34.182,34.154,34.216,34.258,34.251,34.313,34.513,34.562,34.534,34.527,34.52,34.52,34.451,34.431,34.396,34.396,34.41,34.465,34.507,34.596,34.638,34.658,34.651,34.631,34.534,34.424,34.41,34.41,34.493,34.5,34.486,34.438,34.237,34.099,33.724,33.759,33.661,33.564,33.452,33.522,33.411,33.431,33.355,33.278,33.194,33.222,33.348,33.348,33.264,33.236,33.173,33.04,33.11,33.173,33.096,33.18,33.159,33.152,33.124,33.215,33.25,33.222,33.369,33.438,33.494,33.515,33.536,33.543,33.522,33.089,32.113,30.636,29.537,29.001,28.659,28.258,27.774,27.311,27.082,26.808,26.377,26.325,26.131,25.915,25.795,25.653,25.66,25.593,25.533,25.495,25.435,25.42,25.338,25.323,25.277,25.292,25.345,25.465,25.623,25.743,25.713,25.585,25.323,25.052,24.659,24.318,23.846,23.602,23.571,23.541,23.502,23.464,23.464,23.433,23.41,23.403,23.364,23.341,23.311,23.28,23.28,23.257,23.226,23.203,23.188,23.173,23.142,23.111,23.096,23.081,23.096,23.073,23.065,23.065,23.042,23.027,23.004,22.996,22.996,22.981,22.965,22.973,22.965,22.965,22.965,22.958,22.942,22.919,22.927,22.896,22.881,22.896,22.888,22.896,22.896,22.904,22.881,22.873,22.858,22.858,22.834,22.827,22.842,22.827,22.819,22.804,22.811,22.811,22.804,22.811,22.811,22.811,22.804,22.819,22.804,22.819,22.827,22.819,22.811,22.788,22.765,22.765,22.742,22.757,22.727,22.742,22.742,22.734,22.734,22.696,22.711,22.734,22.711,22.719,22.696,22.711,22.711,22.688,22.68,22.68,22.68,22.688,22.696,22.665,22.673,22.673,22.649,22.634,22.611,22.634,22.619,22.634,22.696,22.626,22.634,22.619,22.634,22.611,22.619,22.603,22.603,22.595,22.588,22.588,22.58,22.595,22.588,22.603,22.595,22.595,22.603,22.588,22.557,22.549,22.58,22.564,22.51,22.534,22.526,22.534,22.564,22.549,22.557,22.549,22.564,22.51,22.564,22.541,22.58,22.564,22.58,22.549,22.541,22.526,22.526,22.541,22.557,22.564,22.595,22.564,22.557,22.549,22.541,22.526,22.526,22.534,22.541,22.51,22.51,22.503,22.518,22.541,22.526,22.518,22.518,22.518,22.526,22.526,22.534,22.58,22.557,22.564,22.518,22.526,22.534,22.534,22.557,22.549,22.534,22.549,22.526,22.518,22.503,22.495,22.479,22.479,22.456,22.487,22.495,22.487,22.479,22.479,22.487,22.495,22.503,22.479,22.472,22.456,22.456,22.479,22.464,22.503,22.456,22.449,22.472,22.472,22.449,22.425,22.418,22.449,22.418,22.449,22.479,22.472,22.479,22.503,22.433,22.479,22.472,22.479,22.487,22.487,22.487,22.518,22.495,22.503,22.503,22.503,22.526,22.518,22.526,22.557
,22.332,22.309,22.332,22.34,22.348,22.356,22.363,22.34,22.332,22.332,22.34,22.371,22.387,22.387,22.402,22.41,22.402,22.402,22.363,22.363,22.433,22.371,22.394,22.371,22.371,22.363,22.371,22.363,22.356,22.387,22.379,22.379,22.379,22.387,22.402,22.387,22.348,22.402,22.387,22.379,22.363,22.363,22.348,22.34,22.379,22.379,22.425,22.418,22.402,22.418,22.41,22.449,22.464,22.487,22.441,22.479,22.487,22.487,22.464,22.503,22.487,22.487,22.487,22.503,22.518,22.518,22.51,22.541,22.557,22.557,22.557,22.549,22.572,22.557,22.588,22.534,22.541,22.549,22.564,22.58,22.588,22.619,22.595,22.588,22.611,22.611,22.626,22.626,22.626,22.642,22.634,22.642,22.642,22.634,22.642,22.649,22.649,22.642,22.657,22.649,22.657,22.649,22.665,22.634,22.649,22.649,22.649,22.649,22.665,22.673,22.673,22.68,22.688,22.696,22.703,22.711,22.711,22.727,22.719,22.727,22.719,22.719,22.727,22.727,22.742,22.742,22.734,22.734,22.757,22.727,22.734,22.75,22.719,22.734,22.734,22.757,22.757,22.765,22.765,22.773,22.765,22.757,22.765,22.765,22.773,22.773,22.773,22.75,22.773,22.765,22.788,22.78,22.773,22.78,22.773,22.773,22.78,22.78,22.796,22.804,22.804,22.819,22.819,22.819,22.819,22.827,22.827,22.85,22.858,22.858,22.85,22.85,22.873,22.888,22.896,22.911,22.934,22.934,22.942,22.958,22.958,22.981,22.973,22.996,23.011,23.034,23.065,23.088,23.096,23.111,23.119,23.157,23.157,23.188,23.234,23.211,23.257,23.303,23.311,23.349,23.372,23.418,23.441,23.464,23.51,23.602,23.64,23.785,24.53,25.134,25.36,25.743,25.96,26.072,25.413,25.059,24.984,24.954,25.029,25.112,25.195,25.323,25.495,25.668,25.795,25.885,26.087,26.101,26.236,26.303,26.489,26.645,26.83,26.926,27.348,27.244,27.532,28.031,28.097,28.353,28.688,29.305,29.284,29.782,30.443,31.264,32.247,33.557,34.355,34.493,34.52,34.52,34.451,34.438,34.424,34.396,33.884,33.759,33.64,33.404,33.404,33.431,33.515,33.487,33.55,33.745,33.821,33.96,34.043,34.071,34.161,34.078,34.265,34.465,34.555,34.582,34.569,34.603,34.617,34.672,34.7,34.686,34.7,34.61,34.52,34.513,34.507,34.458,34.493,34.52,34.582,34.589,34.665,34.555,34.424,34.348,34.368,34.182,34.147,34.112,34.092,34.147,34.154,34.223,34.361,34.555,34.562,34.555,34.555,34.52,34.479,34.417,34.389,34.389,34.403,34.479,34.493,34.576,34.617,34.658,34.617,34.582,34.534,34.444,34.396,34.41,34.444,34.396,34.361,34.223,34.237,33.988,33.759,33.71,33.606,33.55,33.564,33.445,33.48,33.452,33.369,33.243,33.236,33.187,33.152,33.117,33.215,33.264,33.04,33.033,32.95,33.005,32.9,32.732,32.725,32.802,32.774,32.907,33.11,33.159,33.397,33.418,33.487,33.529,33.55,33.543,33.487,33.494,33.404,32.127,31.519,30.836,30.048,29.24,28.36,28.273,27.745,27.2,26.689,26.749,26.414,25.922,26.087,25.713,25.78,25.615,25.525,25.503,25.465,25.42,25.368,25.308,25.262,25.24,25.323,25.525,25.54,25.608,25.615,25.593,25.413,25.044,24.56,24.211,23.8,23.632,23.609,23.548,23.525,23.525,23.479,23.456,23.441,23.426,23.38,23.357,23.334,23.311,23.288,23.265,23.257,23.219,23.203,23.18,23.165,23.157,23.111,23.104,23.134,23.081,23.081,23.073,23.05,23.034,23.019,23.011,22.996,22.988,22.988,22.996,22.981,22.996,22.95,22.95,22.95,22.919,22.911,22.911,22.896,22.919,22.888,22.904,22.904,22.904,22.881,22.873,22.865,22.858,22.85,22.842,22.858,22.819,22.827,22.827,22.811,22.811,22.827,22.811,22.819,22.811,22.811,22.811,22.811,22.827,22.834,22.834,22.834,22.842,22.819,22.765,22.75,22.75,22.757,22.757,22.757,22.78,22.757,22.742,22.727,22.734,22.734,22.742,22.719,22.719,22.696,22.696,22.688,22.68,22.688,22.68,22.696,22.673,22.665,22.68,22.665,22.642,22.634,22.626,22.626,22.642,22.634,22.642,22.634,22.626,22.626,22.611,22.619,22.603,22.595,22.588,22.58,22.58,22.588,22.588,22.58,22.603,22.595,22.588,22.588,22.557,22.549,22.58,22.541,22.541,22.51,22.51,22.526,22.526,22.58,22.564,22.557,22.549,22.541,22.557,22.518,22.603,22.58,22.572,22.564,22.557,22.503,22.526,22.526,22.534,22.557,22.564,22.588,22.572,22.58,22.541,22.526,22.564,22.534,22.549,22.518,22.518,22.51,22.534,22.534,22.541,22.51,22.557,22.541,22.541,22.526,22.526,22.549,22.541,22.541,22.549,22.518,22.526,22.549,22.534,22.534,22.534,22.541,22.534,22.51,22.518,22.518,22.479,22.479,22.456,22.472,22.456,22.487,22.503,22.503,22.487,22.487,22.464,22.479,22.449,22.464,22.456,22.479,22.526,22.487,22.472,22.456,22.487,22.487,22.479,22.433,22.425,22.449,22.425,22.441,22.464,22.456,22.487,22.495,22.503,22.441,22.495,22.456,22.472,22.495,22.487,22.51,22.495,22.495,22.51,22.51,22.518,22.518,22.518,22.549,22.541
,22.348,22.363,22.34,22.371,22.371,22.34,22.356,22.34,22.348,22.317,22.356,22.371,22.394,22.394,22.387,22.394,22.402,22.387,22.433,22.41,22.41,22.418,22.387,22.394,22.402,22.387,22.371,22.379,22.363,22.379,22.387,22.394,22.394,22.379,22.371,22.363,22.379,22.379,22.41,22.387,22.379,22.379,22.356,22.356,22.379,22.394,22.387,22.425,22.425,22.418,22.433,22.394,22.425,22.472,22.449,22.472,22.479,22.479,22.495,22.495,22.51,22.518,22.51,22.518,22.526,22.541,22.572,22.564,22.572,22.564,22.564,22.557,22.549,22.549,22.534,22.526,22.534,22.549,22.557,22.588,22.588,22.603,22.603,22.619,22.619,22.626,22.634,22.626,22.619,22.634,22.634,22.619,22.649,22.673,22.649,22.657,22.665,22.642,22.665,22.665,22.657,22.673,22.673,22.665,22.657,22.649,22.657,22.673,22.68,22.688,22.696,22.696,22.696,22.711,22.711,22.719,22.734,22.727,22.734,22.734,22.734,22.734,22.727,22.734,22.75,22.757,22.742,22.765,22.742,22.734,22.757,22.75,22.757,22.765,22.742,22.742,22.78,22.78,22.773,22.773,22.78,22.765,22.78,22.773,22.773,22.78,22.773,22.757,22.773,22.765,22.773,22.78,22.773,22.78,22.78,22.773,22.78,22.788,22.796,22.804,22.819,22.819,22.827,22.796,22.834,22.827,22.865,22.85,22.85,22.865,22.85,22.865,22.873,22.896,22.896,22.919,22.919,22.942,22.95,22.965,22.965,22.981,22.988,23.011,23.042,23.027,23.065,23.081,23.104,23.104,23.134,23.173,23.165,23.188,23.226,23.249,23.28,23.319,23.334,23.357,23.41,23.426,23.433,23.472,23.487,23.594,23.663,23.739,24.53,25.044,25.338,25.75,26.027,26.049,25.615,25.059,24.961,25.059,25.112,25.142,25.232,25.36,25.623,25.72,25.84,25.9,26.139,26.273,26.355,26.504,26.682,26.904,27.045,27.207,27.532,27.539,27.789,28.294,28.645,28.877,29.24,29.688,30.364,31.207,31.944,32.858,33.939,34.458,34.513,34.52,34.486,34.216,34.251,34.279,34.147,33.807,33.578,33.64,33.362,33.369,33.341,33.334,33.411,33.501,33.473,33.536,33.592,33.793,33.925,33.904,33.918,34.015,34.105,34.313,34.493,34.52,34.52,34.534,34.582,34.638,34.658,34.665,34.693,34.596,34.507,34.444,34.431,34.451,34.444,34.5,34.486,34.555,34.631,34.493,34.375,34.396,34.251,34.14,34.078,34.126,34.029,34.029,34.105,34.258,34.382,34.555,34.617,34.61,34.603,34.569,34.458,34.424,34.375,34.368,34.424,34.472,34.465,34.569,34.638,34.658,34.645,34.569,34.527,34.458,34.431,34.41,34.41,34.375,34.272,34.175,34.189,33.891,33.64,33.64,33.578,33.494,33.369,33.285,33.271,33.292,33.348,33.208,33.152,33.082,32.9,32.879,33.033,33.11,32.971,32.977,32.928,32.802,32.627,32.809,32.795,32.718,33.005,33.04,33.299,33.313,33.445,33.452,33.515,33.536,33.585,33.543,33.501,33.494,33.424,33.341,33.033,32.844,32.015,30.886,29.962,29.276,28.404,27.752,27.701,27.244,26.533,26.377,26.303,25.9,25.862,25.638,25.563,25.533,25.458,25.405,25.353,25.255,25.27,25.27,25.27,25.375,25.57,25.555,25.63,25.518,25.398,25.014,24.545,24.249,23.846,23.655,23.655,23.586,23.548,23.51,23.518,23.487,23.479,23.433,23.387,23.372,23.341,23.319,23.303,23.28,23.249,23.226,23.234,23.203,23.165,23.18,23.18,23.111,23.127,23.104,23.096,23.073,23.065,23.042,23.027,23.011,23.019,23.004,23.004,22.996,22.981,22.988,22.988,22.958,22.942,22.927,22.927,22.927,22.919,22.927,22.927,22.919,22.934,22.904,22.896,22.888,22.865,22.865,22.85,22.858,22.858,22.858,22.834,22.819,22.811,22.811,22.819,22.819,22.819,22.819,22.819,22.819,22.811,22.827,22.834,22.834,22.842,22.811,22.811,22.811,22.757,22.796,22.742,22.788,22.796,22.78,22.765,22.742,22.742,22.734,22.757,22.742,22.75,22.727,22.688,22.696,22.665,22.673,22.688,22.68,22.68,22.68,22.673,22.673,22.673,22.657,22.642,22.642,22.649,22.642,22.642,22.626,22.619,22.619,22.619,22.626,22.626,22.611,22.595,22.588,22.572,22.572,22.572,22.572,22.572,22.58,22.603,22.603,22.595,22.588,22.564,22.588,22.534,22.541,22.518,22.541,22.526,22.534,22.572,22.564,22.572,22.572,22.557,22.58,22.564,22.572,22.595,22.595,22.572,22.564,22.557,22.549,22.557,22.549,22.564,22.564,22.572,22.58,22.603,22.557,22.557,22.541,22.518,22.518,22.526,22.541,22.51,22.518,22.549,22.557,22.557,22.526,22.549,22.557,22.549,22.534,22.557,22.572,22.541,22.564,22.526,22.518,22.549,22.557,22.564,22.518,22.526,22.518,22.518,22.51,22.479,22.464,22.464,22.472,22.479,22.487,22.495,22.479,22.479,22.51,22.456,22.479,22.487,22.456,22.464,22.472,22.487,22.495,22.503,22.495,22.51,22.487,22.503,22.495,22.472,22.526,22.456,22.464,22.433,22.464,22.51,22.51,22.487,22.495,22.503,22.495,22.518,22.487,22.51,22.495,22.503,22.487,22.503,22.51,22.51,22.51,22.549,22.549,22.564,22.534
,22.433,22.379,22.371,22.356,22.363,22.356,22.34,22.356,22.34,22.34,22.363,22.379,22.387,22.402,22.402,22.387,22.402,22.363,22.441,22.41,22.441,22.418,22.425,22.418,22.387,22.371,22.379,22.348,22.356,22.387,22.371,22.394,22.394,22.387,22.379,22.379,22.371,22.402,22.379,22.394,22.387,22.356,22.363,22.371,22.402,22.41,22.425,22.433,22.433,22.418,22.425,22.433,22.402,22.456,22.464,22.472,22.472,22.472,22.487,22.495,22.526,22.503,22.518,22.534,22.534,22.572,22.557,22.564,22.58,22.572,22.541,22.549,22.541,22.534,22.557,22.518,22.526,22.541,22.549,22.564,22.588,22.595,22.603,22.603,22.626,22.619,22.626,22.619,22.603,22.626,22.626,22.626,22.673,22.673,22.68,22.673,22.649,22.665,22.657,22.665,22.688,22.688,22.68,22.649,22.657,22.665,22.68,22.68,22.68,22.696,22.696,22.703,22.703,22.711,22.703,22.719,22.734,22.727,22.742,22.734,22.719,22.727,22.734,22.742,22.757,22.757,22.742,22.742,22.727,22.734,22.742,22.75,22.757,22.75,22.757,22.765,22.765,22.773,22.78,22.78,22.765,22.78,22.788,22.78,22.788,22.78,22.773,22.765,22.773,22.773,22.773,22.78,22.773,22.773,22.78,22.788,22.78,22.811,22.804,22.811,22.804,22.811,22.804,22.804,22.834,22.804,22.858,22.865,22.858,22.865,22.865,22.881,22.896,22.904,22.911,22.927,22.927,22.934,22.958,22.95,22.973,22.981,22.996,23.011,23.027,23.042,23.073,23.081,23.096,23.119,23.134,23.157,23.18,23.211,23.242,23.265,23.288,23.334,23.319,23.372,23.403,23.418,23.464,23.495,23.556,23.64,23.655,23.732,24.485,24.938,25.338,25.735,25.952,25.885,25.51,25.134,24.946,25.044,25.142,25.24,25.338,25.503,25.713,25.735,25.9,26.012,26.131,26.318,26.347,26.622,26.734,27.045,27.289,27.443,27.723,28.148,28.309,28.681,29.247,29.688,29.869,30.593,31.242,32.767,33.828,34.306,34.396,34.465,34.493,34.417,34.043,33.897,33.953,33.911,33.675,33.571,33.411,33.306,33.131,33.173,33.285,33.341,33.39,33.564,33.564,33.599,33.585,33.724,33.717,33.835,33.856,33.884,33.988,34.05,34.085,34.223,34.382,34.403,34.534,34.52,34.541,34.603,34.624,34.576,34.513,34.424,34.341,34.334,34.403,34.403,34.403,34.465,34.479,34.361,34.216,34.147,34.14,34.105,34.057,34.022,33.988,33.995,34.029,34.368,34.493,34.638,34.651,34.658,34.617,34.589,34.486,34.417,34.375,34.375,34.417,34.493,34.513,34.569,34.603,34.645,34.624,34.576,34.5,34.424,34.424,34.431,34.41,34.334,34.306,34.23,34.154,34.036,33.842,33.473,33.292,33.25,33.264,32.809,32.879,32.914,32.62,32.353,32.346,32.402,32.613,32.844,32.95,32.977,32.971,32.95,32.858,32.858,33.019,32.879,32.9,33.243,33.522,33.445,33.369,33.445,33.494,33.529,33.599,33.571,33.606,33.55,33.494,33.487,33.452,33.445,33.418,33.459,33.445,32.823,31.548,30.221,29.825,29.146,28.63,27.686,27.015,26.838,26.511,26.139,26.049,25.9,25.638,25.578,25.51,25.428,25.323,25.262,25.255,25.217,25.225,25.413,25.548,25.57,25.533,25.51,25.39,25.082,24.56,23.976,23.739,23.693,23.686,23.64,23.571,23.556,23.533,23.518,23.487,23.456,23.449,23.395,23.364,23.341,23.303,23.296,23.257,23.249,23.242,23.203,23.203,23.196,23.157,23.15,23.111,23.119,23.104,23.096,23.081,23.05,23.042,23.034,23.027,23.027,23.019,23.019,22.988,22.996,22.973,22.965,22.981,22.95,22.934,22.942,22.927,22.934,22.927,22.934,22.911,22.934,22.888,22.896,22.881,22.865,22.858,22.865,22.865,22.873,22.842,22.819,22.811,22.811,22.819,22.827,22.819,22.811,22.819,22.819,22.819,22.834,22.842,22.834,22.819,22.804,22.804,22.78,22.78,22.765,22.78,22.788,22.796,22.796,22.788,22.773,22.765,22.75,22.78,22.757,22.757,22.727,22.719,22.688,22.68,22.673,22.68,22.688,22.68,22.68,22.673,22.665,22.68,22.619,22.673,22.657,22.649,22.642,22.642,22.642,22.649,22.634,22.626,22.619,22.619,22.611,22.58,22.58,22.564,22.572,22.572,22.572,22.572,22.572,22.58,22.611,22.619,22.595,22.611,22.588,22.534,22.534,22.549,22.534,22.549,22.564,22.564,22.572,22.572,22.572,22.564,22.572,22.588,22.58,22.564,22.595,22.549,22.58,22.534,22.541,22.549,22.557,22.564,22.564,22.58,22.58,22.564,22.58,22.541,22.557,22.518,22.557,22.518,22.541,22.541,22.541,22.534,22.564,22.541,22.572,22.58,22.541,22.557,22.557,22.549,22.557,22.564,22.541,22.541,22.541,22.564,22.541,22.534,22.518,22.526,22.518,22.495,22.495,22.479,22.456,22.449,22.441,22.472,22.472,22.479,22.472,22.487,22.518,22.487,22.503,22.51,22.487,22.487,22.479,22.526,22.51,22.503,22.503,22.51,22.51,22.503,22.503,22.418,22.526,22.464,22.479,22.441,22.472,22.503,22.495,22.518,22.51,22.51,22.495,22.487,22.503,22.495,22.51,22.495,22.526,22.51,22.51,22.518,22.534,22.541,22.564,22.564,22.549
,22.332,22.371,22.34,22.356,22.356,22.34,22.34,22.332,22.348,22.332,22.363,22.363,22.379,22.394,22.402,22.402,22.394,22.379,22.387,22.402,22.41,22.418,22.402,22.371,22.402,22.363,22.356,22.363,22.356,22.325,22.363,22.387,22.394,22.387,22.387,22.356,22.379,22.379,22.394,22.379,22.394,22.379,22.379,22.379,22.379,22.41,22.425,22.433,22.441,22.433,22.41,22.402,22.41,22.433,22.441,22.456,22.472,22.464,22.487,22.479,22.51,22.503,22.51,22.534,22.541,22.541,22.557,22.58,22.595,22.549,22.564,22.549,22.564,22.541,22.534,22.534,22.534,22.541,22.557,22.564,22.572,22.58,22.588,22.588,22.611,22.619,22.626,22.619,22.611,22.611,22.611,22.626,22.649,22.665,22.673,22.657,22.673,22.649,22.657,22.68,22.673,22.673,22.68,22.68,22.673,22.673,22.68,22.68,22.688,22.703,22.696,22.688,22.711,22.711,22.711,22.711,22.727,22.727,22.734,22.734,22.719,22.75,22.734,22.75,22.765,22.757,22.742,22.742,22.719,22.719,22.734,22.727,22.734,22.75,22.75,22.773,22.765,22.757,22.757,22.757,22.765,22.765,22.78,22.78,22.78,22.78,22.773,22.773,22.765,22.765,22.773,22.78,22.78,22.757,22.773,22.788,22.78,22.796,22.811,22.804,22.804,22.804,22.804,22.788,22.773,22.819,22.842,22.858,22.873,22.881,22.881,22.873,22.888,22.904,22.927,22.927,22.927,22.934,22.942,22.942,22.965,22.988,22.996,23.019,23.034,23.05,23.065,23.081,23.111,23.15,23.157,23.18,23.203,23.226,23.249,23.272,23.288,23.311,23.349,23.38,23.418,23.418,23.464,23.487,23.564,23.655,23.663,23.762,23.976,24.719,25.165,25.473,25.96,25.945,25.705,25.149,24.946,25.014,25.149,25.24,25.368,25.413,25.66,25.877,25.9,26.064,26.213,26.318,26.526,26.741,27.023,27.207,27.421,27.716,28.075,28.404,28.899,29.132,29.645,30.084,31.072,31.817,32.921,33.828,34.216,34.279,34.348,34.334,34.008,33.863,33.863,33.821,33.724,33.585,33.369,33.264,33.362,33.236,33.236,33.138,33.243,33.299,33.355,33.397,33.404,33.48,33.445,33.452,33.613,33.689,33.793,33.877,33.967,34.029,34.029,34.244,34.265,34.382,34.493,34.486,34.431,34.438,34.361,34.244,34.396,34.341,34.265,34.348,34.327,34.375,34.355,34.424,34.313,34.32,34.161,34.119,34.147,34.078,34.008,33.946,33.96,33.96,34.036,34.32,34.513,34.61,34.665,34.658,34.631,34.562,34.486,34.451,34.424,34.431,34.486,34.493,34.52,34.52,34.548,34.534,34.582,34.465,34.403,34.438,34.424,34.431,34.403,34.368,34.292,34.202,34.105,33.974,33.613,33.376,33.362,33.152,32.746,32.683,32.479,32.254,32.177,32.198,32.275,32.781,33.033,32.991,32.977,32.984,33.082,33.229,33.215,33.32,33.424,33.411,33.508,33.592,33.619,33.786,33.536,33.745,33.613,33.64,33.64,33.64,33.64,33.585,33.55,33.515,33.494,33.445,33.424,33.508,33.522,33.522,33.487,32.648,31.328,29.998,29.008,28.367,27.833,27.34,26.83,26.808,26.198,26.049,25.907,25.713,25.51,25.42,25.36,25.255,25.247,25.202,25.202,25.247,25.48,25.593,25.465,25.465,25.323,25.089,24.47,23.907,23.816,23.755,23.709,23.678,23.64,23.579,23.548,23.541,23.518,23.479,23.456,23.403,23.372,23.341,23.326,23.311,23.28,23.272,23.234,23.226,23.219,23.188,23.188,23.15,23.15,23.134,23.104,23.096,23.096,23.081,23.058,23.027,23.05,23.042,23.027,23.034,23.004,23.011,22.973,22.965,22.981,22.965,22.927,22.942,22.927,22.95,22.95,22.942,22.919,22.904,22.911,22.881,22.873,22.873,22.865,22.865,22.865,22.873,22.819,22.811,22.796,22.811,22.819,22.819,22.819,22.804,22.811,22.796,22.819,22.804,22.827,22.834,22.834,22.819,22.796,22.788,22.804,22.788,22.804,22.811,22.811,22.796,22.78,22.788,22.773,22.757,22.765,22.742,22.727,22.711,22.696,22.673,22.688,22.68,22.696,22.68,22.673,22.665,22.642,22.665,22.657,22.626,22.673,22.649,22.649,22.673,22.665,22.649,22.634,22.634,22.642,22.642,22.619,22.619,22.611,22.58,22.572,22.557,22.58,22.564,22.588,22.572,22.603,22.611,22.619,22.611,22.588,22.58,22.564,22.549,22.557,22.526,22.549,22.549,22.557,22.58,22.58,22.572,22.564,22.564,22.572,22.564,22.557,22.572,22.557,22.58,22.526,22.572,22.534,22.549,22.549,22.549,22.572,22.572,22.58,22.557,22.557,22.541,22.549,22.549,22.564,22.534,22.541,22.541,22.541,22.549,22.549,22.564,22.557,22.557,22.541,22.541,22.541,22.518,22.51,22.541,22.526,22.557,22.557,22.534,22.541,22.51,22.51,22.495,22.487,22.495,22.472,22.503,22.487,22.495,22.472,22.464,22.449,22.464,22.479,22.472,22.487,22.51,22.479,22.464,22.487,22.495,22.495,22.51,22.495,22.503,22.518,22.526,22.518,22.479,22.472,22.464,22.449,22.479,22.464,22.495,22.495,22.503,22.487,22.479,22.487,22.472,22.456,22.503,22.518,22.51,22.51,22.495,22.495,22.503,22.51,22.534,22.541,22.518,22.541,22.564
,22.363,22.387,22.348,22.363,22.302,22.317,22.332,22.34,22.348,22.356,22.356,22.363,22.371,22.379,22.379,22.363,22.363,22.394,22.387,22.379,22.387,22.394,22.394,22.402,22.371,22.371,22.348,22.356,22.332,22.379,22.34,22.402,22.356,22.379,22.379,22.371,22.379,22.394,22.402,22.394,22.394,22.402,22.379,22.379,22.387,22.41,22.418,22.441,22.441,22.418,22.41,22.41,22.379,22.425,22.441,22.456,22.456,22.479,22.487,22.479,22.503,22.526,22.526,22.534,22.51,22.541,22.549,22.557,22.564,22.549,22.549,22.534,22.534,22.518,22.557,22.557,22.534,22.541,22.549,22.557,22.564,22.58,22.588,22.595,22.595,22.603,22.619,22.619,22.603,22.611,22.611,22.642,22.626,22.626,22.649,22.657,22.657,22.649,22.649,22.657,22.642,22.68,22.68,22.688,22.688,22.688,22.696,22.696,22.703,22.711,22.727,22.703,22.703,22.711,22.711,22.719,22.719,22.734,22.734,22.742,22.703,22.711,22.742,22.75,22.765,22.757,22.742,22.75,22.734,22.727,22.734,22.719,22.742,22.742,22.742,22.75,22.757,22.727,22.773,22.75,22.765,22.75,22.75,22.78,22.773,22.78,22.773,22.765,22.757,22.765,22.765,22.773,22.788,22.773,22.773,22.773,22.804,22.796,22.834,22.811,22.796,22.796,22.796,22.78,22.804,22.804,22.827,22.858,22.873,22.881,22.881,22.881,22.896,22.904,22.911,22.927,22.927,22.919,22.927,22.934,22.958,22.981,22.996,23.019,23.034,23.058,23.081,23.088,23.104,23.127,23.142,23.18,23.203,23.234,23.265,23.265,23.288,23.334,23.364,23.387,23.418,23.456,23.479,23.487,23.533,23.586,23.663,23.77,23.892,24.848,25.157,25.653,25.683,25.765,25.27,24.999,24.991,25.021,25.119,25.277,25.375,25.488,25.713,25.825,25.952,26.139,26.273,26.347,26.778,26.897,27.17,27.311,27.392,28.177,28.309,28.732,29.269,29.876,30.615,31.235,32.219,33.005,33.897,34.105,34.154,34.202,34.154,33.904,33.87,33.884,33.856,33.786,33.745,33.654,33.445,33.39,33.271,33.285,33.208,33.215,33.229,33.229,33.194,33.103,32.998,33.04,33.187,33.452,33.585,33.654,33.724,33.759,33.974,33.939,34.119,34.209,34.154,34.251,34.313,34.299,34.285,34.154,34.008,34.029,34.105,34.154,34.182,34.195,34.313,34.272,34.313,34.306,34.285,34.32,34.133,34.092,34.057,34.002,33.96,33.897,33.939,33.897,33.981,34.182,34.396,34.617,34.665,34.631,34.645,34.589,34.527,34.548,34.465,34.493,34.562,34.472,34.507,34.472,34.444,34.438,34.493,34.479,34.41,34.348,34.361,34.41,34.368,34.223,33.925,33.793,33.766,33.647,33.404,33.257,33.145,32.599,32.381,32.057,32.156,32.261,32.795,32.809,33.082,32.991,32.998,33.096,33.856,34.057,34.078,34.189,34.14,33.981,33.849,33.988,33.939,33.863,33.863,33.877,33.828,33.814,33.724,33.745,33.71,33.689,33.675,33.619,33.578,33.557,33.501,33.473,33.501,33.48,33.522,33.55,33.536,33.418,32.683,31.377,30.235,29.414,28.55,27.848,27.303,26.882,26.518,26.347,25.997,25.788,25.713,25.548,25.36,25.255,25.232,25.21,25.202,25.217,25.383,25.495,25.39,25.39,25.27,24.984,24.348,23.892,23.808,23.755,23.747,23.671,23.648,23.594,23.564,23.541,23.51,23.495,23.464,23.418,23.387,23.364,23.334,23.319,23.296,23.28,23.257,23.257,23.196,23.18,23.173,23.165,23.15,23.127,23.127,23.119,23.104,23.065,23.058,23.05,23.042,23.05,23.027,23.011,23.011,22.996,22.996,22.988,22.973,22.958,22.942,22.958,22.919,22.919,22.919,22.95,22.896,22.896,22.873,22.881,22.865,22.865,22.873,22.858,22.865,22.85,22.819,22.804,22.811,22.796,22.811,22.819,22.819,22.804,22.78,22.78,22.842,22.811,22.819,22.819,22.796,22.804,22.788,22.796,22.78,22.804,22.834,22.842,22.819,22.811,22.78,22.765,22.75,22.742,22.75,22.711,22.696,22.68,22.665,22.688,22.665,22.696,22.696,22.673,22.665,22.673,22.649,22.634,22.619,22.68,22.642,22.665,22.688,22.673,22.673,22.642,22.649,22.634,22.642,22.642,22.634,22.619,22.626,22.603,22.595,22.572,22.588,22.572,22.572,22.58,22.58,22.588,22.58,22.588,22.588,22.572,22.557,22.564,22.549,22.549,22.549,22.549,22.557,22.58,22.572,22.572,22.564,22.572,22.572,22.564,22.572,22.564,22.58,22.595,22.58,22.572,22.572,22.541,22.541,22.549,22.534,22.541,22.557,22.564,22.549,22.534,22.526,22.549,22.564,22.58,22.557,22.564,22.549,22.534,22.549,22.564,22.564,22.572,22.572,22.534,22.557,22.541,22.495,22.572,22.51,22.549,22.549,22.541,22.503,22.479,22.495,22.503,22.503,22.495,22.479,22.479,22.464,22.495,22.449,22.449,22.456,22.472,22.51,22.51,22.51,22.472,22.51,22.495,22.503,22.487,22.487,22.518,22.503,22.51,22.503,22.526,22.495,22.495,22.495,22.487,22.472,22.456,22.479,22.495,22.526,22.495,22.472,22.464,22.472,22.487,22.51,22.487,22.51,22.51,22.518,22.503,22.495,22.487,22.495,22.549,22.549,22.557,22.541,22.518
,22.41,22.363,22.325,22.325,22.325,22.317,22.317,22.325,22.34,22.332,22.34,22.34,22.348,22.332,22.34,22.371,22.363,22.379,22.363,22.363,22.371,22.371,22.394,22.363,22.363,22.363,22.363,22.348,22.348,22.379,22.348,22.379,22.394,22.371,22.387,22.379,22.402,22.394,22.394,22.418,22.387,22.387,22.371,22.387,22.387,22.402,22.425,22.425,22.433,22.418,22.41,22.387,22.402,22.41,22.464,22.456,22.464,22.464,22.464,22.472,22.495,22.557,22.534,22.526,22.51,22.526,22.557,22.534,22.557,22.526,22.549,22.534,22.51,22.534,22.541,22.541,22.541,22.541,22.557,22.564,22.564,22.572,22.557,22.58,22.595,22.595,22.603,22.619,22.611,22.603,22.603,22.619,22.619,22.642,22.611,22.642,22.634,22.619,22.649,22.634,22.665,22.665,22.657,22.657,22.703,22.711,22.688,22.688,22.703,22.703,22.696,22.727,22.711,22.711,22.719,22.719,22.727,22.711,22.711,22.711,22.711,22.703,22.734,22.75,22.757,22.75,22.742,22.734,22.711,22.727,22.742,22.727,22.742,22.75,22.734,22.75,22.757,22.757,22.757,22.742,22.75,22.75,22.765,22.773,22.765,22.788,22.773,22.765,22.765,22.757,22.773,22.788,22.788,22.78,22.788,22.788,22.788,22.819,22.819,22.819,22.827,22.796,22.788,22.804,22.78,22.811,22.834,22.858,22.858,22.873,22.873,22.865,22.896,22.911,22.919,22.919,22.927,22.919,22.919,22.942,22.934,22.958,22.996,23.019,23.042,23.065,23.096,23.096,23.127,23.127,23.15,23.196,23.203,23.226,23.257,23.272,23.296,23.319,23.372,23.41,23.441,23.472,23.533,23.495,23.564,23.648,23.686,23.709,23.823,24.128,25.006,25.39,25.69,25.758,25.217,24.984,25.029,25.052,25.24,25.315,25.473,25.683,25.735,25.855,26.042,26.273,26.474,26.593,26.986,27.133,27.333,27.877,27.987,28.273,28.986,29.544,29.969,30.765,31.512,32.451,33.355,33.939,34.05,34.057,34.105,34.105,34.064,33.925,33.897,33.897,33.856,33.766,33.633,33.619,33.487,33.369,33.292,33.243,33.173,33.047,32.936,32.928,32.928,32.928,33.082,33.089,33.292,33.494,33.564,33.55,33.348,33.473,33.599,33.619,33.564,33.592,33.738,33.633,33.668,33.661,33.654,33.884,34.002,33.953,33.939,34.112,34.175,34.168,34.251,34.216,34.195,34.258,34.272,34.195,34.175,34.085,33.981,33.918,33.849,33.842,33.849,33.932,34.008,34.119,34.306,34.603,34.617,34.645,34.679,34.686,34.651,34.582,34.624,34.631,34.589,34.562,34.465,34.444,34.334,34.334,34.355,34.327,34.341,34.313,34.285,34.334,34.133,33.613,33.452,33.438,33.215,33.145,32.879,32.634,32.515,32.233,32.12,32.268,32.515,33.054,33.431,33.522,33.675,33.835,33.974,34.403,34.789,34.589,34.479,34.41,34.355,34.189,34.348,34.14,34.119,34.064,33.904,33.967,33.932,33.828,33.752,33.8,33.738,33.731,33.703,33.654,33.613,33.585,33.529,33.494,33.501,33.515,33.529,33.557,33.564,33.564,33.557,32.767,31.455,30.293,29.37,28.594,27.84,27.185,26.83,26.585,26.37,26.019,25.818,25.6,25.435,25.277,25.217,25.202,25.195,25.202,25.39,25.518,25.458,25.405,25.262,24.636,24.151,23.854,23.831,23.785,23.747,23.716,23.663,23.625,23.571,23.541,23.525,23.502,23.495,23.456,23.426,23.403,23.372,23.349,23.311,23.311,23.265,23.257,23.249,23.203,23.188,23.18,23.173,23.15,23.127,23.127,23.081,23.088,23.073,23.042,23.034,23.034,23.027,23.027,23.011,23.004,23.004,22.981,22.973,22.958,22.95,22.95,22.934,22.896,22.919,22.911,22.896,22.888,22.873,22.881,22.881,22.881,22.881,22.858,22.865,22.834,22.819,22.804,22.796,22.819,22.796,22.819,22.811,22.804,22.804,22.75,22.796,22.819,22.811,22.811,22.804,22.796,22.773,22.78,22.788,22.78,22.804,22.834,22.811,22.804,22.788,22.765,22.75,22.75,22.727,22.727,22.734,22.688,22.703,22.719,22.703,22.703,22.696,22.665,22.649,22.649,22.649,22.642,22.688,22.688,22.649,22.68,22.657,22.657,22.68,22.665,22.665,22.649,22.634,22.634,22.634,22.619,22.634,22.603,22.603,22.588,22.588,22.58,22.572,22.588,22.588,22.572,22.611,22.572,22.58,22.595,22.572,22.541,22.564,22.51,22.549,22.549,22.572,22.572,22.564,22.58,22.564,22.541,22.549,22.549,22.564,22.557,22.572,22.572,22.58,22.58,22.572,22.564,22.526,22.534,22.51,22.541,22.549,22.534,22.541,22.541,22.526,22.557,22.572,22.588,22.549,22.557,22.549,22.534,22.541,22.557,22.526,22.564,22.557,22.549,22.51,22.534,22.479,22.549,22.549,22.534,22.541,22.503,22.487,22.495,22.495,22.479,22.479,22.479,22.464,22.472,22.479,22.456,22.449,22.464,22.456,22.441,22.472,22.549,22.472,22.487,22.479,22.487,22.479,22.487,22.479,22.487,22.479,22.487,22.495,22.503,22.503,22.518,22.487,22.487,22.456,22.479,22.487,22.433,22.449,22.464,22.472,22.449,22.472,22.456,22.503,22.472,22.51,22.495,22.503,22.487,22.495,22.487,22.487,22.541,22.518,22.526,22.564,22.526
,22.356,22.356,22.332,22.325,22.325,22.325,22.317,22.317,22.317,22.325,22.34,22.317,22.302,22.325,22.34,22.356,22.363,22.371,22.363,22.356,22.41,22.356,22.348,22.356,22.348,22.348,22.34,22.363,22.356,22.363,22.379,22.394,22.394,22.371,22.387,22.394,22.433,22.402,22.394,22.402,22.402,22.363,22.379,22.402,22.379,22.41,22.41,22.41,22.425,22.418,22.41,22.402,22.394,22.425,22.41,22.479,22.449,22.464,22.464,22.472,22.503,22.534,22.541,22.534,22.534,22.51,22.557,22.541,22.541,22.58,22.534,22.518,22.549,22.549,22.588,22.572,22.557,22.557,22.572,22.564,22.572,22.58,22.572,22.564,22.58,22.595,22.603,22.611,22.619,22.619,22.611,22.634,22.649,22.626,22.619,22.619,22.634,22.634,22.626,22.642,22.634,22.657,22.688,22.703,22.734,22.757,22.711,22.688,22.688,22.688,22.727,22.727,22.696,22.734,22.734,22.719,22.727,22.734,22.711,22.719,22.703,22.719,22.719,22.742,22.75,22.75,22.742,22.734,22.727,22.727,22.757,22.742,22.75,22.765,22.727,22.742,22.765,22.75,22.75,22.742,22.734,22.757,22.75,22.78,22.78,22.78,22.78,22.765,22.765,22.773,22.78,22.811,22.827,22.804,22.804,22.804,22.804,22.819,22.858,22.842,22.834,22.811,22.804,22.78,22.796,22.811,22.85,22.842,22.858,22.858,22.865,22.873,22.888,22.896,22.919,22.919,22.927,22.919,22.927,22.942,22.934,22.988,22.981,23.004,23.027,23.065,23.088,23.111,23.134,23.165,23.18,23.203,23.211,23.249,23.265,23.288,23.303,23.334,23.372,23.418,23.449,23.449,23.495,23.533,23.586,23.648,23.701,23.755,23.861,24.12,24.991,25.323,25.533,25.743,25.202,25.036,24.984,25.119,25.27,25.315,25.518,25.623,25.81,26.019,26.057,26.377,26.556,26.756,27.163,27.355,27.532,27.899,28.564,28.863,29.37,30.012,30.758,31.569,32.62,33.724,34.022,34.022,34.008,34.043,34.05,34.078,34.057,34.015,33.911,33.87,33.682,33.633,33.438,33.424,33.487,33.48,33.201,33.117,32.907,33.033,32.788,32.634,32.865,33.11,33.292,33.271,33.369,33.383,33.201,33.11,33.173,33.201,33.32,33.152,33.103,33.005,32.95,32.921,32.809,32.851,32.971,33.452,33.71,33.856,34.036,33.953,34.008,34.112,34.237,34.237,34.071,34.195,34.23,34.182,34.043,33.995,33.897,33.891,33.731,33.793,33.821,33.897,33.946,34.099,34.258,34.555,34.651,34.638,34.7,34.713,34.7,34.7,34.679,34.686,34.631,34.596,34.438,34.465,34.334,34.209,33.967,33.932,34.244,34.244,34.189,34.216,34.209,34.147,34.161,33.925,33.606,33.201,32.704,32.676,32.676,32.669,33.075,33.355,33.87,34.479,34.444,34.996,35.154,35.099,35.044,35.03,35.078,34.92,34.624,34.541,34.569,34.638,34.458,34.313,34.272,34.154,34.085,34.036,34.057,33.988,33.87,33.863,33.814,33.8,33.752,33.71,33.661,33.599,33.557,33.536,33.536,33.55,33.571,33.585,33.578,33.64,33.668,33.71,32.9,31.533,30.328,29.327,28.586,27.804,27.303,26.63,26.504,26.169,25.855,25.645,25.533,25.277,25.217,25.225,25.202,25.21,25.232,25.405,25.45,25.375,25.21,24.53,23.945,23.892,23.861,23.8,23.785,23.739,23.693,23.625,23.609,23.556,23.533,23.518,23.487,23.441,23.441,23.426,23.372,23.364,23.341,23.311,23.303,23.28,23.272,23.234,23.226,23.196,23.196,23.165,23.157,23.15,23.119,23.111,23.065,23.073,23.05,23.034,23.042,23.042,23.019,23.011,22.988,22.981,22.973,22.95,22.919,22.919,22.896,22.942,22.919,22.904,22.896,22.873,22.881,22.888,22.881,22.873,22.873,22.865,22.842,22.85,22.827,22.811,22.819,22.796,22.819,22.819,22.819,22.811,22.819,22.788,22.819,22.811,22.819,22.819,22.804,22.796,22.788,22.788,22.796,22.834,22.834,22.811,22.842,22.819,22.819,22.765,22.75,22.757,22.727,22.688,22.688,22.665,22.68,22.719,22.688,22.68,22.703,22.68,22.657,22.657,22.642,22.619,22.626,22.642,22.665,22.703,22.673,22.696,22.696,22.665,22.673,22.634,22.642,22.642,22.649,22.634,22.619,22.611,22.619,22.588,22.58,22.58,22.588,22.58,22.58,22.572,22.595,22.564,22.58,22.564,22.58,22.572,22.549,22.534,22.549,22.557,22.572,22.588,22.564,22.572,22.557,22.564,22.564,22.549,22.557,22.564,22.564,22.572,22.572,22.58,22.588,22.557,22.557,22.549,22.549,22.549,22.549,22.541,22.541,22.534,22.572,22.541,22.549,22.58,22.58,22.58,22.564,22.564,22.557,22.526,22.526,22.549,22.534,22.518,22.541,22.534,22.495,22.51,22.557,22.526,22.518,22.495,22.495,22.487,22.479,22.479,22.472,22.472,22.487,22.503,22.503,22.472,22.464,22.464,22.441,22.441,22.51,22.464,22.495,22.472,22.464,22.487,22.487,22.472,22.472,22.472,22.472,22.487,22.503,22.51,22.51,22.479,22.479,22.479,22.472,22.472,22.464,22.441,22.464,22.441,22.456,22.472,22.449,22.487,22.472,22.449,22.495,22.51,22.503,22.503,22.495,22.487,22.479,22.503,22.503,22.518,22.534,22.541
,22.348,22.363,22.363,22.325,22.325,22.325,22.325,22.325,22.325,22.317,22.317,22.302,22.302,22.317,22.325,22.332,22.356,22.356,22.371,22.363,22.363,22.363,22.379,22.363,22.356,22.363,22.371,22.379,22.371,22.402,22.387,22.379,22.348,22.379,22.394,22.402,22.41,22.433,22.41,22.418,22.379,22.379,22.356,22.394,22.402,22.402,22.41,22.41,22.41,22.418,22.425,22.433,22.425,22.41,22.425,22.456,22.456,22.472,22.472,22.479,22.541,22.526,22.534,22.541,22.541,22.526,22.534,22.541,22.534,22.534,22.549,22.541,22.557,22.503,22.564,22.564,22.588,22.564,22.58,22.564,22.572,22.564,22.564,22.588,22.58,22.588,22.603,22.611,22.619,22.619,22.642,22.626,22.619,22.626,22.619,22.619,22.626,22.619,22.626,22.642,22.649,22.657,22.688,22.711,22.711,22.734,22.688,22.727,22.703,22.719,22.711,22.734,22.727,22.734,22.742,22.734,22.734,22.727,22.68,22.696,22.719,22.711,22.734,22.734,22.742,22.75,22.734,22.734,22.727,22.742,22.75,22.75,22.765,22.78,22.75,22.734,22.765,22.75,22.765,22.742,22.742,22.742,22.757,22.773,22.78,22.788,22.757,22.78,22.75,22.773,22.78,22.804,22.811,22.804,22.819,22.804,22.834,22.842,22.865,22.842,22.858,22.842,22.834,22.834,22.834,22.842,22.865,22.865,22.873,22.873,22.873,22.873,22.881,22.904,22.896,22.919,22.95,22.927,22.934,22.958,22.934,22.958,22.965,23.011,23.042,23.088,23.111,23.134,23.142,23.15,23.18,23.196,23.234,23.272,23.272,23.288,23.311,23.326,23.41,23.433,23.472,23.472,23.518,23.564,23.609,23.617,23.716,23.739,23.831,24.014,24.591,25.165,25.473,25.51,25.119,25.052,25.074,25.187,25.315,25.375,25.63,25.728,25.982,26.191,26.191,26.518,26.682,27,27.318,27.436,27.936,28.324,28.776,29.421,30.005,30.822,31.555,32.69,33.779,34.029,34.029,33.995,34.015,34.043,34.043,34.043,34.036,33.981,33.939,33.863,33.738,33.585,33.529,33.55,33.501,33.473,33.48,33.431,33.306,32.9,32.711,32.395,32.36,32.304,32.437,32.964,33.075,33.138,33.054,33.11,33.075,33.138,33.152,33.138,33.145,33.068,32.991,32.977,32.83,32.788,32.809,32.977,33.201,33.606,33.891,34.05,34.085,34.064,34.202,34.216,34.057,34.182,34.209,34.133,34.029,34.14,34.002,33.897,33.766,33.724,33.779,33.897,33.904,34.126,34.313,34.534,34.631,34.7,34.713,34.755,34.803,34.755,34.755,34.7,34.679,34.589,34.548,34.472,34.389,34.292,33.981,34.071,34.265,34.154,34.154,34.272,34.458,34.258,33.675,33.564,33.522,33.529,33.473,33.64,34.085,34.603,35.044,35.208,35.612,35.592,35.524,35.565,35.599,35.517,35.544,35.277,35.236,35.167,34.947,34.672,34.775,34.624,34.617,34.527,34.382,34.375,34.32,34.209,34.119,34.064,34.002,33.904,33.904,33.884,33.828,33.759,33.675,33.675,33.599,33.564,33.592,33.613,33.606,33.613,33.647,33.633,33.717,33.772,33.974,32.823,31.562,30.436,29.327,28.506,27.532,27.34,26.793,26.444,26.28,25.78,25.555,25.345,25.24,25.21,25.202,25.202,25.142,25.338,25.473,25.3,25.225,24.492,23.96,23.854,23.838,23.846,23.785,23.762,23.701,23.663,23.602,23.579,23.541,23.525,23.518,23.487,23.464,23.456,23.41,23.387,23.357,23.326,23.319,23.296,23.28,23.265,23.226,23.219,23.188,23.18,23.165,23.157,23.111,23.111,23.096,23.073,23.073,23.042,23.034,23.034,23.027,23.011,22.988,22.996,22.958,22.95,22.942,22.95,22.927,22.942,22.95,22.965,22.911,22.896,22.881,22.888,22.888,22.896,22.888,22.865,22.85,22.85,22.827,22.842,22.819,22.827,22.842,22.842,22.827,22.827,22.811,22.827,22.811,22.827,22.827,22.819,22.811,22.796,22.796,22.788,22.788,22.827,22.834,22.834,22.796,22.827,22.788,22.78,22.75,22.757,22.742,22.75,22.719,22.742,22.742,22.703,22.688,22.711,22.696,22.68,22.673,22.673,22.642,22.696,22.657,22.634,22.68,22.719,22.68,22.711,22.649,22.673,22.657,22.657,22.657,22.642,22.634,22.634,22.611,22.611,22.611,22.603,22.611,22.595,22.58,22.603,22.58,22.557,22.541,22.572,22.603,22.603,22.58,22.564,22.58,22.564,22.526,22.564,22.572,22.564,22.588,22.588,22.564,22.564,22.564,22.572,22.58,22.595,22.58,22.595,22.588,22.588,22.588,22.572,22.564,22.572,22.549,22.549,22.557,22.549,22.541,22.541,22.549,22.564,22.557,22.588,22.541,22.58,22.557,22.58,22.541,22.541,22.541,22.549,22.518,22.549,22.534,22.495,22.503,22.518,22.518,22.541,22.51,22.479,22.479,22.479,22.487,22.472,22.479,22.479,22.495,22.503,22.487,22.534,22.51,22.449,22.487,22.464,22.456,22.464,22.456,22.464,22.449,22.487,22.51,22.479,22.479,22.456,22.472,22.495,22.503,22.51,22.487,22.495,22.464,22.479,22.472,22.472,22.464,22.433,22.449,22.495,22.456,22.495,22.464,22.479,22.495,22.487,22.503,22.487,22.495,22.495,22.51,22.503,22.51,22.541,22.526,22.549,22.549,22.557
,22.34,22.348,22.34,22.34,22.34,22.332,22.325,22.325,22.309,22.317,22.309,22.294,22.317,22.332,22.332,22.348,22.348,22.371,22.371,22.371,22.371,22.371,22.379,22.363,22.363,22.371,22.348,22.371,22.394,22.394,22.379,22.363,22.379,22.387,22.387,22.394,22.41,22.425,22.41,22.425,22.394,22.387,22.379,22.418,22.418,22.394,22.402,22.41,22.418,22.425,22.449,22.425,22.425,22.402,22.433,22.456,22.464,22.479,22.479,22.479,22.526,22.518,22.541,22.534,22.541,22.526,22.541,22.526,22.51,22.541,22.526,22.549,22.557,22.58,22.588,22.588,22.564,22.572,22.564,22.58,22.564,22.557,22.564,22.588,22.603,22.611,22.603,22.603,22.619,22.657,22.657,22.657,22.626,22.626,22.619,22.619,22.626,22.619,22.642,22.634,22.642,22.649,22.673,22.68,22.68,22.696,22.688,22.673,22.688,22.727,22.742,22.734,22.719,22.719,22.742,22.734,22.742,22.703,22.703,22.696,22.711,22.711,22.719,22.727,22.734,22.734,22.734,22.734,22.734,22.742,22.75,22.757,22.75,22.788,22.773,22.78,22.773,22.757,22.75,22.75,22.742,22.742,22.765,22.765,22.78,22.773,22.765,22.78,22.788,22.773,22.804,22.811,22.819,22.819,22.834,22.827,22.834,22.85,22.858,22.865,22.85,22.85,22.827,22.834,22.827,22.85,22.873,22.881,22.865,22.896,22.842,22.865,22.881,22.896,22.904,22.919,22.919,22.934,22.942,22.927,22.95,22.973,22.996,23.034,23.034,23.065,23.104,23.134,23.15,23.18,23.165,23.211,23.249,23.257,23.296,23.296,23.319,23.334,23.38,23.433,23.472,23.548,23.556,23.556,23.648,23.655,23.709,23.747,23.838,23.945,24.189,25.112,25.308,25.428,25.172,25.097,25.067,25.277,25.345,25.503,25.69,25.84,25.96,26.243,26.318,26.667,26.815,27.023,27.524,27.833,28.207,28.914,29.349,29.976,30.493,31.533,32.515,33.592,34.043,34.022,34.022,34.008,34.002,34.002,34.022,34.029,34.029,34.008,33.974,33.856,33.766,33.619,33.606,33.599,33.647,33.633,33.668,33.675,33.508,33.501,32.872,32.725,32.472,32.487,32.346,32.346,32.921,33.18,33.103,33.075,33.054,33.103,33.089,33.033,33.075,33.005,32.984,33.019,32.914,32.893,32.964,33.103,33.215,33.292,33.689,33.807,34.078,34.126,34.258,34.216,34.154,34.168,34.202,34.078,34.237,34.334,34.375,34.126,33.793,33.759,33.814,33.995,34.168,34.285,34.403,34.431,34.665,34.734,34.7,34.762,34.817,34.81,34.824,34.762,34.72,34.727,34.762,34.741,34.41,34.431,34.327,34.292,34.341,34.126,34.32,34.493,34.555,34.582,34.603,34.61,34.5,33.904,34.396,35.332,35.729,36.083,36.049,35.974,35.954,35.899,35.851,35.783,35.851,35.701,35.701,35.551,35.359,35.27,35.078,35.167,34.879,34.886,34.755,34.741,34.727,34.631,34.693,34.727,34.589,34.513,34.299,34.258,34.099,33.974,33.897,33.849,33.814,33.717,33.738,33.668,33.759,33.71,33.731,33.668,33.766,33.661,33.814,33.835,34.258,34.119,32.844,31.462,30.3,29.24,28.411,27.495,27.333,26.704,26.213,25.93,25.638,25.435,25.323,25.292,25.247,25.225,25.165,25.225,25.39,25.368,25.18,24.454,24.029,23.899,23.869,23.861,23.831,23.732,23.747,23.663,23.632,23.602,23.571,23.556,23.533,23.518,23.472,23.456,23.426,23.387,23.387,23.349,23.341,23.319,23.288,23.296,23.249,23.234,23.211,23.188,23.18,23.165,23.127,23.111,23.111,23.088,23.088,23.073,23.05,23.042,23.034,23.034,23.011,23.004,22.973,22.965,22.958,22.95,22.934,22.95,22.934,22.927,22.896,22.873,22.911,22.904,22.927,22.888,22.919,22.881,22.873,22.85,22.842,22.858,22.834,22.842,22.865,22.834,22.834,22.842,22.827,22.834,22.834,22.834,22.834,22.827,22.819,22.804,22.804,22.788,22.804,22.811,22.804,22.827,22.827,22.811,22.811,22.811,22.78,22.742,22.75,22.757,22.727,22.734,22.734,22.727,22.711,22.719,22.703,22.673,22.68,22.673,22.642,22.68,22.649,22.68,22.657,22.649,22.68,22.696,22.657,22.673,22.696,22.673,22.673,22.649,22.634,22.634,22.634,22.603,22.634,22.619,22.634,22.611,22.595,22.588,22.595,22.595,22.58,22.58,22.58,22.603,22.595,22.58,22.572,22.564,22.564,22.564,22.572,22.58,22.588,22.58,22.564,22.572,22.572,22.549,22.564,22.572,22.58,22.572,22.557,22.572,22.572,22.572,22.595,22.603,22.588,22.572,22.564,22.557,22.534,22.549,22.564,22.58,22.58,22.564,22.58,22.564,22.564,22.557,22.557,22.526,22.549,22.526,22.541,22.564,22.495,22.503,22.503,22.526,22.526,22.51,22.503,22.487,22.479,22.487,22.479,22.472,22.479,22.472,22.487,22.495,22.51,22.518,22.487,22.472,22.472,22.456,22.487,22.456,22.472,22.487,22.479,22.495,22.479,22.464,22.464,22.472,22.464,22.487,22.534,22.487,22.487,22.472,22.464,22.464,22.449,22.464,22.449,22.449,22.441,22.418,22.441,22.441,22.479,22.472,22.464,22.495,22.495,22.479,22.503,22.479,22.503,22.487,22.518,22.495,22.503,22.557,22.557,22.549
,22.332,22.34,22.348,22.34,22.34,22.317,22.332,22.325,22.325,22.309,22.309,22.317,22.34,22.332,22.34,22.356,22.363,22.371,22.379,22.371,22.379,22.356,22.371,22.371,22.363,22.363,22.348,22.356,22.363,22.363,22.34,22.394,22.387,22.371,22.402,22.394,22.402,22.394,22.418,22.402,22.402,22.387,22.379,22.394,22.402,22.394,22.394,22.41,22.41,22.433,22.449,22.441,22.433,22.456,22.441,22.464,22.456,22.464,22.479,22.51,22.51,22.534,22.541,22.549,22.549,22.541,22.549,22.526,22.518,22.534,22.541,22.534,22.557,22.58,22.549,22.541,22.572,22.58,22.549,22.572,22.564,22.564,22.58,22.603,22.603,22.619,22.611,22.603,22.619,22.634,22.649,22.649,22.619,22.626,22.611,22.626,22.626,22.626,22.634,22.634,22.649,22.649,22.657,22.68,22.657,22.673,22.688,22.696,22.703,22.727,22.734,22.727,22.727,22.719,22.727,22.742,22.711,22.688,22.696,22.696,22.696,22.719,22.719,22.727,22.727,22.734,22.734,22.734,22.734,22.734,22.742,22.75,22.757,22.765,22.78,22.773,22.765,22.757,22.75,22.742,22.742,22.742,22.773,22.773,22.78,22.78,22.78,22.788,22.773,22.773,22.804,22.788,22.827,22.834,22.827,22.834,22.842,22.873,22.865,22.865,22.858,22.842,22.827,22.827,22.842,22.858,22.881,22.881,22.896,22.881,22.873,22.888,22.873,22.888,22.919,22.927,22.942,22.934,22.958,22.965,22.95,22.988,22.988,23.027,23.034,23.065,23.111,23.127,23.142,23.165,23.188,23.203,23.303,23.288,23.28,23.319,23.334,23.38,23.387,23.441,23.479,23.525,23.579,23.594,23.632,23.663,23.709,23.747,23.831,23.854,24.181,24.772,25.225,25.24,25.112,25.104,25.18,25.21,25.375,25.608,25.69,25.922,26.161,26.265,26.496,26.63,27.156,27.296,27.716,28.287,28.623,29.168,29.595,30.479,31.257,32.233,33.138,33.953,33.967,33.988,33.995,33.974,33.988,34.002,34.015,34.029,34.022,34.05,33.967,33.925,33.911,33.807,33.738,33.585,33.619,33.689,33.675,33.703,33.592,33.529,33.424,33.236,33.208,32.858,32.732,32.522,32.943,33.068,32.991,32.977,32.971,32.936,33.054,33.019,33.012,33.033,33.019,33.11,33.04,33.187,33.292,33.571,33.424,33.243,33.271,33.515,33.766,33.953,34.279,34.313,34.237,34.237,34.216,34.472,34.527,34.472,34.341,34.237,34.099,33.967,34.064,34.175,34.251,34.355,34.444,34.548,34.624,34.658,34.769,34.803,34.851,34.858,34.865,34.81,34.734,34.775,34.782,34.81,34.755,34.803,34.617,34.707,34.803,34.844,34.989,34.865,35.359,35.38,35.359,35.4,35.421,35.578,35.981,36.104,36.138,36.104,36.083,36.097,36.083,36.035,35.981,35.954,35.974,35.92,35.735,35.715,35.776,35.667,35.558,35.414,35.298,35.256,35.202,35.105,35.092,35.126,35.119,35.126,35.147,35.167,35.14,35.112,34.886,34.486,34.251,34.002,33.925,33.911,33.891,33.738,33.786,33.745,33.8,33.807,33.745,33.724,33.766,33.925,34.313,34.438,33.752,32.205,30.751,29.631,28.797,28.002,27.37,26.8,26.652,26.258,25.713,25.473,25.383,25.308,25.262,25.187,25.149,25.127,25.089,25.247,25.285,24.757,24.067,23.953,23.877,23.869,23.861,23.777,23.777,23.716,23.648,23.609,23.625,23.571,23.571,23.51,23.51,23.479,23.441,23.426,23.395,23.364,23.334,23.319,23.296,23.28,23.257,23.211,23.203,23.188,23.188,23.142,23.15,23.127,23.119,23.104,23.096,23.088,23.065,23.058,23.034,23.034,23.004,23.004,22.973,22.965,22.973,22.973,22.973,22.958,22.95,22.95,22.934,22.904,22.873,22.904,22.934,22.919,22.911,22.904,22.888,22.881,22.865,22.873,22.873,22.873,22.858,22.858,22.834,22.865,22.842,22.881,22.873,22.85,22.834,22.842,22.827,22.811,22.804,22.804,22.811,22.827,22.827,22.85,22.842,22.827,22.827,22.811,22.788,22.788,22.773,22.765,22.757,22.719,22.734,22.734,22.727,22.711,22.719,22.688,22.688,22.719,22.696,22.68,22.657,22.688,22.68,22.665,22.696,22.68,22.649,22.673,22.673,22.673,22.657,22.688,22.657,22.642,22.634,22.626,22.649,22.634,22.626,22.626,22.611,22.595,22.603,22.595,22.595,22.595,22.595,22.603,22.603,22.588,22.595,22.572,22.557,22.572,22.564,22.58,22.603,22.58,22.58,22.572,22.58,22.572,22.588,22.588,22.588,22.564,22.564,22.557,22.595,22.626,22.619,22.619,22.595,22.572,22.549,22.541,22.58,22.588,22.611,22.603,22.595,22.58,22.534,22.557,22.572,22.549,22.549,22.549,22.534,22.541,22.564,22.541,22.534,22.541,22.534,22.526,22.526,22.51,22.503,22.495,22.479,22.495,22.479,22.479,22.449,22.456,22.479,22.495,22.51,22.503,22.495,22.518,22.472,22.503,22.487,22.479,22.479,22.479,22.487,22.464,22.487,22.464,22.479,22.464,22.456,22.472,22.479,22.549,22.487,22.479,22.456,22.456,22.464,22.456,22.456,22.449,22.433,22.456,22.441,22.456,22.41,22.449,22.433,22.456,22.472,22.518,22.541,22.534,22.534,22.518,22.534,22.541,22.518,22.534,22.549,22.557
,22.325,22.34,22.34,22.332,22.332,22.332,22.325,22.317,22.317,22.309,22.325,22.302,22.356,22.356,22.363,22.379,22.371,22.363,22.363,22.356,22.371,22.379,22.379,22.363,22.379,22.371,22.356,22.379,22.371,22.348,22.356,22.363,22.371,22.394,22.394,22.387,22.402,22.418,22.394,22.394,22.394,22.387,22.371,22.387,22.394,22.402,22.425,22.41,22.425,22.456,22.456,22.449,22.479,22.464,22.449,22.464,22.487,22.503,22.487,22.518,22.526,22.526,22.549,22.541,22.541,22.541,22.526,22.526,22.518,22.526,22.51,22.549,22.572,22.588,22.549,22.518,22.588,22.549,22.541,22.588,22.564,22.572,22.595,22.611,22.619,22.603,22.626,22.603,22.611,22.626,22.642,22.642,22.642,22.634,22.619,22.634,22.619,22.634,22.634,22.649,22.642,22.642,22.649,22.657,22.673,22.673,22.673,22.696,22.727,22.703,22.727,22.734,22.734,22.727,22.719,22.711,22.696,22.696,22.703,22.703,22.711,22.703,22.711,22.719,22.719,22.719,22.727,22.727,22.727,22.734,22.742,22.742,22.742,22.765,22.765,22.773,22.765,22.757,22.757,22.742,22.734,22.742,22.757,22.78,22.78,22.811,22.773,22.773,22.788,22.788,22.796,22.804,22.804,22.827,22.819,22.827,22.834,22.85,22.873,22.858,22.834,22.842,22.827,22.834,22.858,22.873,22.888,22.888,22.904,22.896,22.896,22.888,22.873,22.896,22.904,22.911,22.927,22.942,22.942,22.965,22.965,22.981,23.004,23.011,23.05,23.065,23.104,23.134,23.142,23.173,23.188,23.226,23.257,23.265,23.311,23.326,23.326,23.395,23.41,23.464,23.495,23.525,23.571,23.594,23.64,23.663,23.709,23.762,23.793,23.922,24.014,24.409,25.036,25.089,24.999,25.112,25.217,25.36,25.518,25.683,25.93,26.034,26.28,26.444,26.719,26.978,27.133,27.465,27.936,28.426,28.965,29.768,30.436,31.171,31.795,32.823,33.703,33.995,33.953,33.932,33.932,33.988,33.96,34.002,34.002,33.995,33.995,34.022,33.981,33.925,33.96,33.897,34.092,34.008,34.002,33.71,33.759,33.786,33.738,33.814,33.731,33.578,33.459,33.557,33.292,33.313,33.32,33.341,33.348,33.313,33.278,33.208,33.306,33.208,33.369,33.348,33.592,33.752,33.696,34.029,34.008,34.022,33.946,33.925,33.884,33.738,33.821,34.14,34.306,34.638,34.638,34.693,34.645,34.562,34.472,34.451,34.458,34.382,34.306,34.258,34.258,34.251,34.251,34.306,34.431,34.486,34.534,34.596,34.72,34.906,34.865,34.879,34.831,34.789,34.796,34.796,34.803,34.837,34.844,34.892,35.092,35.284,35.482,35.428,35.674,36.001,36.369,36.443,36.389,36.301,36.246,36.192,36.206,36.206,36.28,36.178,36.314,36.409,36.504,36.525,36.389,36.403,36.206,36.233,36.029,35.831,35.735,35.578,35.469,35.482,35.284,35.236,34.954,34.665,34.672,34.865,34.982,35.071,35.057,35.133,35.133,35.133,35.147,35.112,34.989,34.403,34.161,34.036,34.099,33.918,33.911,33.946,33.835,33.884,33.911,34.05,34.105,34.112,34.306,34.417,34.355,33.145,31.562,30.572,29.53,28.535,27.546,27.429,26.912,26.213,26.019,25.525,25.465,25.338,25.255,25.172,25.119,25.112,25.067,25.074,25.165,24.954,24.424,23.976,23.922,23.877,23.861,23.793,23.739,23.701,23.686,23.663,23.648,23.617,23.602,23.541,23.533,23.495,23.456,23.433,23.395,23.372,23.357,23.326,23.311,23.272,23.257,23.219,23.226,23.196,23.196,23.157,23.15,23.142,23.111,23.104,23.104,23.081,23.065,23.065,23.042,23.034,23.027,23.019,23.004,22.988,22.996,22.981,22.973,22.973,22.973,22.973,22.958,22.927,22.927,22.942,22.934,22.927,22.927,22.904,22.896,22.896,22.881,22.858,22.888,22.858,22.881,22.834,22.85,22.858,22.85,22.834,22.873,22.85,22.842,22.827,22.827,22.811,22.804,22.811,22.804,22.827,22.842,22.842,22.819,22.819,22.819,22.819,22.78,22.78,22.78,22.742,22.711,22.742,22.711,22.734,22.719,22.703,22.703,22.719,22.703,22.688,22.734,22.688,22.673,22.657,22.665,22.665,22.673,22.649,22.665,22.68,22.673,22.688,22.665,22.688,22.649,22.634,22.626,22.634,22.649,22.649,22.634,22.619,22.603,22.626,22.603,22.572,22.595,22.603,22.611,22.611,22.611,22.603,22.572,22.58,22.557,22.572,22.564,22.588,22.603,22.603,22.588,22.564,22.534,22.58,22.564,22.588,22.572,22.557,22.564,22.588,22.588,22.572,22.619,22.588,22.58,22.572,22.58,22.572,22.564,22.611,22.611,22.611,22.588,22.588,22.572,22.549,22.549,22.534,22.541,22.526,22.541,22.534,22.549,22.541,22.534,22.549,22.534,22.541,22.534,22.51,22.495,22.487,22.487,22.464,22.479,22.479,22.456,22.495,22.479,22.464,22.464,22.472,22.472,22.479,22.472,22.487,22.495,22.51,22.464,22.487,22.495,22.464,22.503,22.487,22.487,22.456,22.487,22.487,22.487,22.526,22.541,22.479,22.472,22.464,22.472,22.449,22.449,22.449,22.456,22.433,22.433,22.402,22.433,22.433,22.456,22.472,22.503,22.503,22.51,22.557,22.534,22.526,22.487,22.495,22.51,22.526,22.564,22.564
,22.325,22.332,22.348,22.332,22.325,22.317,22.317,22.309,22.317,22.325,22.348,22.348,22.363,22.387,22.379,22.394,22.394,22.371,22.371,22.371,22.348,22.363,22.363,22.379,22.379,22.356,22.356,22.34,22.332,22.348,22.379,22.394,22.387,22.387,22.394,22.402,22.394,22.41,22.41,22.394,22.379,22.387,22.387,22.387,22.402,22.379,22.394,22.41,22.441,22.441,22.456,22.464,22.464,22.472,22.441,22.464,22.487,22.487,22.479,22.495,22.495,22.495,22.526,22.51,22.541,22.534,22.518,22.526,22.534,22.534,22.541,22.541,22.549,22.572,22.572,22.518,22.541,22.58,22.534,22.564,22.58,22.564,22.611,22.619,22.626,22.611,22.603,22.611,22.611,22.626,22.642,22.634,22.626,22.657,22.634,22.619,22.611,22.619,22.657,22.642,22.642,22.642,22.642,22.649,22.673,22.665,22.688,22.696,22.696,22.703,22.727,22.734,22.734,22.727,22.711,22.703,22.696,22.696,22.703,22.696,22.703,22.703,22.711,22.711,22.711,22.719,22.719,22.727,22.727,22.734,22.734,22.734,22.742,22.757,22.757,22.788,22.765,22.765,22.75,22.734,22.742,22.742,22.765,22.773,22.773,22.796,22.78,22.804,22.796,22.796,22.796,22.804,22.811,22.819,22.819,22.834,22.827,22.842,22.85,22.842,22.819,22.827,22.827,22.834,22.85,22.873,22.881,22.881,22.911,22.881,22.896,22.881,22.911,22.904,22.911,22.919,22.911,22.919,22.958,22.965,22.996,23.019,23.034,23.034,23.058,23.096,23.104,23.134,23.165,23.18,23.203,23.234,23.265,23.296,23.334,23.334,23.334,23.403,23.433,23.472,23.518,23.548,23.594,23.617,23.64,23.709,23.732,23.762,23.808,23.861,23.945,24.227,24.923,25.029,24.969,25.21,25.315,25.48,25.623,25.758,25.9,26.251,26.466,26.6,26.889,27.266,27.34,27.708,28.236,28.71,29.182,29.76,30.565,31.675,32.416,33.522,34.092,33.925,33.703,33.828,33.891,33.995,33.96,33.96,34.036,33.981,34.029,34.008,34.043,33.988,33.946,33.953,34.05,34.043,34.092,34.133,33.828,33.842,33.884,33.967,33.974,34.147,33.946,34.057,34.195,34.085,34.126,34.306,34.375,34.182,34.133,34.105,34.099,34.105,34.105,34.092,34.105,34.05,34.147,34.486,34.748,35.002,35.023,34.989,34.982,34.906,34.899,34.941,35.037,35.071,35.147,34.892,34.796,34.762,34.624,34.541,34.493,34.486,34.341,34.32,34.327,34.299,34.279,34.341,34.355,34.507,34.541,34.631,34.645,34.693,34.831,34.769,34.748,34.741,34.748,34.789,34.837,34.796,34.975,35.112,35.469,35.578,35.763,36.035,36.511,36.511,36.667,36.511,36.443,36.443,36.565,36.43,36.545,36.586,36.714,36.721,36.694,36.708,36.694,36.599,36.43,36.416,36.28,35.96,35.776,35.565,35.524,35.537,35.311,35.147,34.982,34.769,34.14,33.438,34.216,34.292,34.631,34.672,34.72,34.693,34.837,34.906,34.968,35.105,35.229,34.913,34.451,34.265,34.099,34.182,34.14,34.133,34.002,34.105,34.14,34.189,34.265,34.265,34.361,34.431,34.444,33.87,32.311,30.972,29.825,28.921,28.097,27.723,26.845,26.362,26.101,25.892,25.683,25.488,25.3,25.262,25.112,25.097,25.044,25.059,24.976,24.969,24.394,24.173,23.983,23.915,23.861,23.861,23.777,23.732,23.716,23.693,23.671,23.64,23.617,23.586,23.548,23.518,23.479,23.441,23.403,23.387,23.357,23.326,23.311,23.296,23.272,23.242,23.203,23.18,23.18,23.165,23.134,23.15,23.127,23.104,23.111,23.088,23.081,23.081,23.065,23.034,23.019,23.027,23.019,23.011,22.996,22.973,22.973,22.973,22.965,22.973,22.958,22.958,22.958,22.942,22.95,22.942,22.934,22.919,22.904,22.888,22.888,22.881,22.873,22.842,22.858,22.85,22.85,22.896,22.865,22.881,22.834,22.858,22.834,22.834,22.827,22.811,22.804,22.819,22.819,22.834,22.827,22.85,22.85,22.842,22.827,22.819,22.796,22.788,22.757,22.742,22.734,22.742,22.734,22.719,22.727,22.703,22.719,22.719,22.727,22.711,22.673,22.696,22.68,22.665,22.673,22.673,22.673,22.673,22.665,22.665,22.673,22.665,22.657,22.642,22.634,22.619,22.634,22.626,22.649,22.657,22.642,22.634,22.611,22.619,22.611,22.626,22.588,22.603,22.588,22.603,22.619,22.611,22.595,22.595,22.58,22.603,22.611,22.611,22.588,22.603,22.564,22.588,22.557,22.603,22.564,22.58,22.58,22.557,22.557,22.572,22.549,22.588,22.564,22.588,22.588,22.572,22.549,22.588,22.595,22.595,22.634,22.58,22.588,22.534,22.564,22.572,22.572,22.549,22.526,22.518,22.518,22.549,22.534,22.534,22.541,22.534,22.526,22.518,22.518,22.495,22.495,22.479,22.472,22.495,22.479,22.479,22.472,22.464,22.495,22.464,22.472,22.503,22.472,22.472,22.487,22.495,22.518,22.503,22.51,22.503,22.479,22.472,22.487,22.464,22.495,22.449,22.534,22.534,22.51,22.464,22.503,22.464,22.51,22.503,22.472,22.479,22.464,22.472,22.464,22.449,22.394,22.441,22.433,22.464,22.433,22.456,22.51,22.51,22.503,22.518,22.526,22.534,22.503,22.487,22.487,22.464,22.51,22.518
,22.332,22.348,22.348,22.309,22.309,22.325,22.325,22.332,22.317,22.317,22.317,22.34,22.379,22.387,22.379,22.418,22.402,22.394,22.379,22.363,22.356,22.356,22.379,22.387,22.356,22.379,22.379,22.371,22.356,22.371,22.363,22.379,22.379,22.394,22.402,22.394,22.394,22.402,22.402,22.394,22.402,22.379,22.379,22.402,22.394,22.379,22.41,22.394,22.433,22.441,22.456,22.479,22.472,22.479,22.487,22.449,22.479,22.479,22.472,22.495,22.495,22.495,22.518,22.526,22.534,22.549,22.534,22.534,22.534,22.534,22.564,22.557,22.58,22.534,22.588,22.518,22.534,22.557,22.549,22.572,22.595,22.564,22.619,22.611,22.626,22.626,22.619,22.603,22.611,22.626,22.626,22.634,22.642,22.649,22.626,22.642,22.611,22.626,22.657,22.642,22.649,22.665,22.657,22.665,22.657,22.688,22.696,22.696,22.719,22.719,22.75,22.742,22.757,22.719,22.719,22.703,22.696,22.703,22.703,22.696,22.68,22.703,22.711,22.711,22.719,22.719,22.719,22.734,22.734,22.734,22.734,22.734,22.742,22.75,22.75,22.773,22.788,22.757,22.757,22.75,22.757,22.78,22.78,22.78,22.788,22.773,22.78,22.804,22.788,22.796,22.796,22.804,22.819,22.811,22.827,22.834,22.834,22.827,22.842,22.842,22.842,22.796,22.796,22.85,22.858,22.873,22.888,22.896,22.904,22.896,22.881,22.888,22.896,22.896,22.911,22.927,22.942,22.95,22.973,22.996,23.011,23.034,23.05,23.065,23.088,23.104,23.127,23.157,23.165,23.196,23.219,23.242,23.311,23.288,23.334,23.364,23.372,23.426,23.502,23.495,23.518,23.556,23.594,23.632,23.663,23.716,23.755,23.793,23.838,23.899,23.976,24.249,24.56,25.029,25.021,25.217,25.405,25.66,25.78,25.885,26.236,26.414,26.556,26.741,27.185,27.259,27.708,28.265,28.564,29.066,29.739,30.472,31.264,32.036,33.033,34.119,34.161,34.036,33.64,33.731,33.842,33.856,33.932,34.015,34.154,34.216,34.195,34.32,34.334,34.327,34.223,34.251,34.133,34.161,34.112,34.154,34.14,34.099,34.126,34.133,34.251,34.251,34.313,34.424,34.52,34.541,34.603,34.7,34.679,34.899,34.906,34.927,34.989,35.126,35.085,35.099,34.886,34.796,34.961,35.092,35.537,35.619,35.817,35.886,36.008,35.906,35.428,35.899,36.035,35.967,35.81,35.311,35.208,34.879,34.844,34.769,34.555,34.493,34.472,34.382,34.327,34.285,34.279,34.32,34.5,34.576,34.596,34.596,34.589,34.72,34.693,34.679,34.679,34.817,34.81,34.817,34.865,34.886,35.03,35.681,35.756,35.858,36.552,36.681,36.714,36.741,36.809,36.653,36.633,36.559,36.64,36.782,36.769,36.823,36.836,36.823,36.802,36.681,36.701,36.477,36.341,36.219,36.09,35.64,35.448,34.934,35.222,35.112,34.982,34.968,34.52,33.981,33.103,33.166,34.14,34.175,34.168,34.057,34.085,34.043,33.877,33.772,34.182,34.892,35.119,35.154,35.064,34.693,34.444,34.341,34.272,34.285,34.182,34.154,34.251,34.348,34.355,34.334,34.41,34.534,34.465,34.479,33.208,31.356,30.45,29.428,28.623,27.811,27.355,26.793,26.258,26.027,25.773,25.63,25.435,25.277,25.217,25.112,25.082,25.029,24.984,24.908,24.712,24.166,24.006,23.938,23.892,23.884,23.816,23.77,23.724,23.709,23.709,23.686,23.64,23.609,23.586,23.533,23.487,23.472,23.41,23.426,23.387,23.334,23.311,23.288,23.265,23.272,23.211,23.18,23.18,23.165,23.157,23.157,23.134,23.111,23.104,23.088,23.096,23.081,23.073,23.058,23.034,23.019,23.034,23.011,22.996,22.996,22.981,22.973,22.973,22.981,22.981,22.965,22.958,22.95,22.942,22.95,22.934,22.927,22.919,22.911,22.896,22.896,22.881,22.881,22.873,22.888,22.873,22.873,22.896,22.858,22.85,22.827,22.85,22.819,22.827,22.819,22.819,22.842,22.85,22.842,22.85,22.858,22.827,22.834,22.811,22.834,22.796,22.788,22.765,22.757,22.742,22.734,22.734,22.734,22.703,22.711,22.719,22.727,22.727,22.727,22.703,22.688,22.68,22.688,22.688,22.673,22.68,22.673,22.673,22.673,22.673,22.665,22.649,22.642,22.642,22.619,22.619,22.634,22.634,22.642,22.642,22.626,22.611,22.619,22.626,22.626,22.619,22.603,22.626,22.634,22.649,22.626,22.634,22.634,22.603,22.603,22.626,22.588,22.603,22.572,22.611,22.58,22.603,22.595,22.572,22.58,22.572,22.603,22.611,22.564,22.58,22.557,22.626,22.603,22.572,22.603,22.603,22.603,22.603,22.619,22.634,22.619,22.595,22.595,22.58,22.588,22.564,22.557,22.549,22.526,22.534,22.526,22.541,22.518,22.534,22.557,22.518,22.51,22.51,22.51,22.487,22.479,22.479,22.472,22.487,22.456,22.487,22.479,22.464,22.472,22.472,22.472,22.472,22.487,22.487,22.503,22.503,22.487,22.51,22.503,22.503,22.503,22.495,22.487,22.433,22.518,22.456,22.487,22.526,22.518,22.495,22.487,22.503,22.503,22.518,22.495,22.472,22.472,22.472,22.51,22.464,22.472,22.449,22.449,22.472,22.479,22.503,22.549,22.51,22.534,22.595,22.526,22.51,22.495,22.487,22.495,22.503,22.541
,22.387,22.332,22.332,22.332,22.325,22.332,22.348,22.363,22.348,22.371,22.348,22.356,22.348,22.387,22.402,22.425,22.425,22.425,22.379,22.363,22.356,22.356,22.387,22.379,22.402,22.379,22.379,22.371,22.394,22.387,22.371,22.379,22.394,22.394,22.41,22.402,22.41,22.418,22.418,22.41,22.41,22.402,22.402,22.402,22.387,22.371,22.41,22.41,22.418,22.449,22.472,22.479,22.479,22.472,22.456,22.464,22.479,22.479,22.487,22.479,22.51,22.51,22.526,22.534,22.541,22.549,22.541,22.557,22.518,22.549,22.557,22.572,22.58,22.58,22.564,22.564,22.549,22.557,22.564,22.588,22.58,22.595,22.58,22.619,22.619,22.611,22.619,22.634,22.626,22.626,22.649,22.665,22.657,22.673,22.657,22.657,22.665,22.642,22.657,22.665,22.657,22.673,22.673,22.665,22.688,22.711,22.711,22.75,22.734,22.727,22.75,22.757,22.742,22.711,22.719,22.719,22.703,22.727,22.711,22.703,22.711,22.696,22.711,22.703,22.719,22.719,22.727,22.734,22.734,22.742,22.75,22.742,22.734,22.742,22.757,22.78,22.78,22.765,22.765,22.75,22.765,22.757,22.78,22.796,22.788,22.796,22.78,22.804,22.78,22.788,22.804,22.804,22.819,22.827,22.834,22.811,22.834,22.85,22.827,22.796,22.842,22.804,22.834,22.85,22.865,22.888,22.896,22.904,22.896,22.881,22.881,22.904,22.896,22.904,22.911,22.934,22.942,22.973,22.996,22.996,23.019,23.05,23.065,23.081,23.104,23.119,23.142,23.173,23.18,23.226,23.242,23.288,23.326,23.334,23.372,23.372,23.418,23.433,23.456,23.51,23.548,23.586,23.609,23.64,23.701,23.755,23.785,23.816,23.854,23.907,23.983,24.059,24.727,24.991,25.202,25.277,25.428,25.758,25.832,25.877,26.347,26.496,26.726,26.978,27.229,27.686,27.943,28.367,28.892,29.414,30.07,31.036,31.88,32.767,33.856,34.52,34.223,33.932,33.668,33.654,33.821,33.925,33.918,34.168,34.161,34.251,34.32,34.368,34.424,34.341,34.341,34.382,34.389,34.327,34.341,34.279,34.258,34.258,34.161,34.237,34.313,34.292,34.465,34.458,34.603,34.672,34.72,34.796,34.837,35.023,35.023,35.14,35.222,35.277,35.38,35.428,35.441,35.489,35.599,35.865,35.933,35.954,36.069,36.124,36.328,36.246,36.369,36.477,36.484,36.721,36.674,36.382,35.851,35.735,35.503,35.366,34.947,34.727,34.638,34.631,34.438,34.686,34.782,34.775,34.713,34.672,34.617,34.589,34.569,34.562,34.569,34.638,34.72,34.769,34.789,34.837,34.982,34.975,35.708,35.879,35.967,36.565,36.701,36.701,36.708,36.741,36.796,36.809,36.863,36.836,36.85,36.89,36.917,36.883,36.897,36.883,36.721,36.714,36.653,36.301,35.967,35.886,35.715,35.311,35.03,34.727,35.195,35.16,35.057,35.119,34.831,34.645,34.444,34.672,34.14,33.285,33.061,32.809,32.585,32.599,32.585,33.355,33.891,34.279,34.396,35.051,35.202,35.14,34.837,34.624,34.589,34.444,34.341,34.32,34.507,34.444,34.548,34.493,34.507,34.624,34.507,34.541,34.14,32.339,31.164,29.919,29.059,28.411,27.87,26.904,26.63,26.139,26.064,25.743,25.563,25.428,25.247,25.225,25.112,25.036,25.044,24.961,24.712,24.189,24.082,24.014,23.968,23.861,23.823,23.808,23.77,23.739,23.724,23.709,23.686,23.64,23.609,23.571,23.533,23.502,23.464,23.464,23.395,23.349,23.349,23.311,23.303,23.272,23.257,23.211,23.219,23.196,23.188,23.165,23.134,23.111,23.119,23.104,23.104,23.088,23.081,23.058,23.004,23.065,23.019,23.019,23.004,22.988,22.981,22.973,22.988,22.973,22.973,22.965,22.95,22.95,22.95,22.958,22.942,22.942,22.942,22.896,22.911,22.888,22.881,22.888,22.85,22.873,22.881,22.896,22.881,22.858,22.865,22.834,22.842,22.834,22.819,22.827,22.819,22.834,22.842,22.858,22.85,22.842,22.842,22.811,22.85,22.811,22.796,22.796,22.757,22.765,22.75,22.742,22.742,22.727,22.75,22.742,22.727,22.734,22.727,22.711,22.734,22.688,22.696,22.68,22.688,22.703,22.68,22.688,22.673,22.673,22.68,22.657,22.665,22.649,22.634,22.626,22.626,22.649,22.642,22.665,22.642,22.634,22.626,22.626,22.626,22.634,22.642,22.626,22.611,22.673,22.665,22.634,22.626,22.634,22.634,22.626,22.626,22.626,22.619,22.619,22.619,22.603,22.595,22.58,22.603,22.619,22.572,22.58,22.619,22.611,22.564,22.626,22.619,22.626,22.619,22.603,22.58,22.626,22.619,22.626,22.634,22.58,22.58,22.572,22.549,22.588,22.564,22.557,22.549,22.541,22.534,22.534,22.541,22.526,22.534,22.503,22.526,22.51,22.503,22.503,22.495,22.495,22.464,22.487,22.503,22.534,22.479,22.503,22.503,22.464,22.487,22.456,22.472,22.472,22.487,22.51,22.526,22.503,22.518,22.495,22.487,22.503,22.526,22.503,22.495,22.503,22.472,22.557,22.503,22.51,22.495,22.518,22.503,22.526,22.51,22.534,22.534,22.495,22.464,22.487,22.487,22.464,22.472,22.425,22.479,22.51,22.51,22.564,22.495,22.564,22.572,22.564,22.549,22.503,22.503,22.503,22.51,22.534
,22.379,22.371,22.356,22.332,22.317,22.325,22.379,22.379,22.387,22.387,22.387,22.348,22.402,22.394,22.441,22.449,22.433,22.433,22.379,22.371,22.394,22.348,22.371,22.387,22.379,22.379,22.394,22.379,22.379,22.387,22.387,22.394,22.402,22.402,22.402,22.402,22.402,22.418,22.425,22.433,22.41,22.402,22.379,22.394,22.41,22.41,22.402,22.41,22.425,22.464,22.472,22.487,22.472,22.479,22.472,22.472,22.479,22.487,22.487,22.51,22.518,22.534,22.503,22.526,22.549,22.564,22.541,22.541,22.564,22.564,22.603,22.58,22.58,22.572,22.588,22.564,22.557,22.58,22.572,22.572,22.588,22.603,22.588,22.611,22.619,22.626,22.626,22.626,22.642,22.649,22.649,22.649,22.657,22.68,22.673,22.68,22.673,22.657,22.673,22.68,22.68,22.68,22.665,22.688,22.703,22.703,22.703,22.734,22.742,22.75,22.75,22.734,22.742,22.711,22.711,22.696,22.711,22.719,22.719,22.703,22.719,22.703,22.719,22.719,22.727,22.734,22.742,22.742,22.75,22.75,22.757,22.765,22.757,22.78,22.78,22.796,22.788,22.78,22.78,22.765,22.78,22.788,22.78,22.804,22.804,22.804,22.788,22.78,22.78,22.788,22.788,22.796,22.804,22.834,22.804,22.827,22.804,22.834,22.819,22.834,22.85,22.827,22.834,22.865,22.865,22.896,22.904,22.904,22.911,22.904,22.896,22.888,22.896,22.911,22.927,22.942,22.973,22.988,23.004,23.027,23.027,23.058,23.073,23.096,23.127,23.134,23.165,23.18,23.211,23.272,23.265,23.311,23.341,23.372,23.403,23.41,23.433,23.472,23.479,23.541,23.594,23.625,23.655,23.732,23.716,23.77,23.8,23.869,23.899,23.938,23.998,24.295,25.029,25.18,25.262,25.383,25.803,25.862,25.885,26.109,26.437,26.563,27.037,27.156,27.583,27.84,28.251,28.754,29.168,29.746,30.55,31.221,32.071,33.215,34.665,34.879,34.105,33.689,33.606,33.696,33.759,33.974,34.175,34.348,34.382,34.396,34.424,34.431,34.431,34.424,34.417,34.472,34.431,34.424,34.396,34.382,34.355,34.334,34.265,34.306,34.361,34.382,34.431,34.431,34.555,34.679,34.824,34.844,34.968,35.051,35.174,35.222,35.311,35.462,35.489,35.647,35.735,35.694,35.797,35.851,36.015,36.172,36.267,36.233,36.409,36.416,36.464,36.579,36.66,36.681,36.796,36.816,36.735,36.531,36.335,35.886,35.387,35.222,35.112,35.167,34.989,34.934,34.934,34.831,34.734,34.707,34.707,34.651,34.589,34.507,34.562,34.576,34.589,34.631,34.81,34.899,34.934,35.243,35.735,35.92,36.26,36.647,36.694,36.708,36.721,36.782,36.863,36.924,36.931,37.032,36.978,36.978,36.998,36.958,36.897,36.789,36.708,36.721,36.301,35.776,35.647,35.817,35.749,35.647,35.633,35.229,35.208,35.147,35.078,35.051,34.913,34.913,34.844,34.81,34.7,34.14,33.229,32.015,30.708,31.178,31.824,32.515,32.914,33.564,34.071,34.672,35.208,35.256,35.119,34.734,34.769,34.624,34.631,34.596,34.534,34.576,34.589,34.603,34.892,34.899,34.493,34.5,34.596,33.599,31.788,30.543,29.609,28.79,28.229,27.274,26.712,26.622,26.228,25.915,25.638,25.488,25.435,25.315,25.21,25.195,25.029,24.946,24.84,24.409,24.249,24.113,24.021,23.945,23.884,23.869,23.823,23.777,23.77,23.724,23.732,23.655,23.617,23.594,23.571,23.533,23.518,23.502,23.449,23.38,23.357,23.341,23.311,23.28,23.249,23.226,23.211,23.211,23.196,23.188,23.15,23.119,23.119,23.104,23.104,23.111,23.104,23.111,23.065,23.034,23.05,23.004,23.004,23.004,22.988,22.988,22.988,22.988,22.965,22.95,22.95,22.958,22.942,22.95,22.95,22.95,22.934,22.927,22.911,22.904,22.881,22.888,22.881,22.881,22.888,22.881,22.873,22.881,22.858,22.842,22.834,22.827,22.827,22.842,22.834,22.842,22.842,22.85,22.842,22.834,22.842,22.834,22.834,22.804,22.788,22.804,22.804,22.75,22.757,22.742,22.75,22.757,22.757,22.742,22.734,22.734,22.727,22.734,22.719,22.696,22.696,22.68,22.703,22.703,22.68,22.68,22.68,22.68,22.696,22.68,22.634,22.665,22.642,22.634,22.649,22.649,22.649,22.68,22.634,22.626,22.642,22.649,22.626,22.634,22.634,22.626,22.649,22.642,22.649,22.665,22.611,22.634,22.619,22.634,22.649,22.649,22.626,22.626,22.626,22.619,22.619,22.603,22.588,22.603,22.626,22.595,22.603,22.611,22.626,22.619,22.588,22.611,22.626,22.619,22.58,22.611,22.595,22.603,22.603,22.58,22.564,22.588,22.58,22.588,22.564,22.588,22.549,22.541,22.557,22.549,22.572,22.549,22.549,22.51,22.51,22.51,22.503,22.518,22.503,22.495,22.487,22.503,22.495,22.51,22.51,22.518,22.472,22.487,22.479,22.487,22.487,22.503,22.503,22.541,22.526,22.51,22.503,22.526,22.534,22.526,22.526,22.495,22.503,22.503,22.449,22.526,22.503,22.518,22.503,22.495,22.518,22.51,22.526,22.534,22.534,22.541,22.503,22.495,22.479,22.495,22.456,22.503,22.503,22.495,22.51,22.503,22.541,22.518,22.557,22.541,22.526,22.534,22.487,22.487,22.51,22.534
,22.394,22.379,22.34,22.332,22.34,22.34,22.348,22.379,22.371,22.34,22.394,22.332,22.356,22.371,22.402,22.402,22.402,22.387,22.371,22.371,22.363,22.387,22.371,22.387,22.387,22.41,22.418,22.41,22.402,22.394,22.371,22.379,22.402,22.402,22.402,22.394,22.394,22.418,22.425,22.418,22.425,22.402,22.402,22.41,22.41,22.41,22.441,22.425,22.433,22.449,22.472,22.495,22.487,22.487,22.495,22.495,22.487,22.503,22.51,22.503,22.518,22.534,22.541,22.534,22.541,22.572,22.549,22.557,22.557,22.557,22.588,22.58,22.588,22.541,22.572,22.572,22.572,22.58,22.58,22.588,22.595,22.595,22.595,22.595,22.619,22.634,22.634,22.642,22.649,22.649,22.665,22.696,22.688,22.696,22.688,22.696,22.665,22.688,22.688,22.696,22.688,22.688,22.696,22.719,22.727,22.703,22.711,22.734,22.734,22.757,22.757,22.757,22.742,22.727,22.703,22.719,22.703,22.734,22.688,22.727,22.711,22.727,22.734,22.734,22.75,22.742,22.765,22.773,22.757,22.757,22.773,22.788,22.765,22.796,22.788,22.796,22.788,22.78,22.78,22.773,22.78,22.78,22.78,22.796,22.796,22.796,22.788,22.788,22.78,22.773,22.796,22.78,22.819,22.819,22.834,22.842,22.842,22.842,22.827,22.842,22.85,22.842,22.85,22.881,22.881,22.904,22.911,22.911,22.919,22.911,22.904,22.896,22.904,22.919,22.934,22.958,22.988,23.004,23.011,23.034,23.034,23.065,23.081,23.104,23.119,23.142,23.165,23.203,23.242,23.265,23.311,23.341,23.357,23.403,23.426,23.441,23.479,23.525,23.518,23.533,23.617,23.64,23.663,23.747,23.816,23.808,23.838,23.869,23.953,23.976,24.113,24.454,25.134,25.292,25.375,25.563,25.78,25.885,26.161,26.414,26.593,26.912,27.074,27.458,27.701,28.148,28.55,28.943,29.558,30.436,31.164,31.845,33.089,34.279,35.064,34.982,34.043,33.633,33.64,33.752,33.717,34.119,34.341,34.341,34.396,34.472,34.472,34.465,34.451,34.465,34.486,34.493,34.431,34.417,34.424,34.41,34.403,34.389,34.403,34.368,34.403,34.41,34.431,34.548,34.686,34.769,34.831,34.892,34.989,35.105,35.236,35.339,35.455,35.571,35.606,35.749,35.851,35.92,35.954,36.022,36.144,36.219,36.233,36.369,36.443,36.45,36.572,36.626,36.674,36.721,36.789,36.775,36.823,36.769,36.592,36.409,35.954,35.53,35.277,35.222,35.119,35.03,34.968,34.947,34.865,34.81,34.693,34.651,34.569,34.541,34.513,34.589,34.603,34.658,34.81,34.941,34.975,35.482,35.756,36.008,36.592,36.64,36.653,36.66,36.721,36.843,36.904,37.019,37.052,37.025,37.079,37.113,37.046,36.992,36.897,36.802,36.552,36.389,36.015,35.592,35.503,35.749,35.742,35.694,35.551,35.407,35.414,35.195,35.078,35.085,34.975,34.899,34.858,34.824,34.789,34.472,34.341,34.008,33.306,32.606,31.583,31.732,32.753,33.606,33.946,33.981,34.934,35.304,35.256,35.222,34.975,34.803,34.762,34.72,34.727,34.844,34.913,34.837,34.961,34.865,34.507,34.472,34.562,34.582,33.061,31.079,30.012,29.24,28.433,27.62,27.325,26.815,26.34,26.049,25.87,25.698,25.42,25.443,25.398,25.277,25.134,24.961,24.946,24.803,24.356,24.135,24.006,24.014,23.938,23.899,23.854,23.808,23.785,23.755,23.747,23.686,23.625,23.617,23.586,23.556,23.525,23.502,23.449,23.418,23.387,23.341,23.334,23.288,23.257,23.249,23.265,23.234,23.211,23.188,23.157,23.134,23.127,23.127,23.127,23.119,23.111,23.081,23.065,23.073,23.011,23.034,23.019,23.019,23.019,23.004,22.996,22.981,22.965,22.958,22.95,22.95,22.95,22.95,22.958,22.942,22.958,22.934,22.927,22.911,22.919,22.888,22.896,22.896,22.881,22.881,22.888,22.873,22.865,22.842,22.842,22.842,22.842,22.858,22.85,22.834,22.858,22.834,22.85,22.865,22.85,22.827,22.834,22.827,22.819,22.811,22.796,22.78,22.757,22.75,22.765,22.757,22.765,22.75,22.734,22.742,22.719,22.727,22.719,22.665,22.688,22.703,22.68,22.696,22.696,22.711,22.703,22.688,22.703,22.711,22.68,22.673,22.665,22.642,22.673,22.665,22.626,22.673,22.657,22.642,22.634,22.626,22.619,22.642,22.626,22.634,22.626,22.634,22.634,22.611,22.619,22.619,22.642,22.665,22.673,22.634,22.642,22.626,22.626,22.634,22.603,22.611,22.603,22.603,22.619,22.634,22.634,22.619,22.626,22.626,22.603,22.649,22.588,22.603,22.595,22.588,22.588,22.595,22.603,22.588,22.595,22.595,22.603,22.595,22.603,22.611,22.58,22.572,22.588,22.557,22.541,22.549,22.534,22.518,22.503,22.518,22.518,22.526,22.503,22.51,22.526,22.487,22.51,22.518,22.526,22.51,22.51,22.472,22.495,22.495,22.51,22.518,22.503,22.51,22.518,22.526,22.503,22.51,22.503,22.487,22.526,22.495,22.495,22.503,22.503,22.518,22.51,22.518,22.518,22.503,22.503,22.518,22.526,22.526,22.518,22.479,22.51,22.472,22.495,22.526,22.464,22.503,22.495,22.495,22.503,22.503,22.557,22.534,22.518,22.588,22.541,22.534,22.518,22.51,22.534,22.541
,22.387,22.371,22.348,22.363,22.309,22.309,22.332,22.325,22.371,22.363,22.332,22.325,22.34,22.379,22.41,22.379,22.41,22.41,22.34,22.371,22.379,22.425,22.402,22.402,22.402,22.394,22.402,22.41,22.41,22.394,22.402,22.402,22.387,22.41,22.41,22.41,22.41,22.41,22.402,22.449,22.425,22.41,22.418,22.418,22.41,22.425,22.418,22.441,22.449,22.472,22.464,22.487,22.479,22.487,22.495,22.495,22.503,22.495,22.503,22.503,22.534,22.518,22.541,22.534,22.534,22.541,22.541,22.549,22.572,22.564,22.588,22.588,22.58,22.572,22.58,22.58,22.572,22.58,22.588,22.58,22.595,22.595,22.619,22.603,22.619,22.634,22.649,22.649,22.657,22.657,22.665,22.688,22.696,22.711,22.673,22.68,22.703,22.68,22.703,22.688,22.696,22.719,22.711,22.711,22.734,22.734,22.75,22.727,22.734,22.711,22.727,22.711,22.727,22.696,22.696,22.696,22.711,22.711,22.742,22.719,22.734,22.734,22.742,22.727,22.757,22.765,22.773,22.78,22.773,22.78,22.765,22.773,22.788,22.811,22.804,22.804,22.804,22.788,22.796,22.773,22.773,22.796,22.796,22.788,22.796,22.804,22.796,22.78,22.78,22.788,22.788,22.804,22.811,22.819,22.834,22.834,22.858,22.842,22.85,22.85,22.842,22.865,22.888,22.881,22.896,22.904,22.919,22.904,22.911,22.927,22.896,22.911,22.919,22.927,22.965,22.988,23.011,23.019,23.027,23.034,23.05,23.065,23.081,23.104,23.142,23.157,23.196,23.249,23.272,23.311,23.326,23.372,23.387,23.41,23.449,23.495,23.51,23.518,23.556,23.548,23.663,23.678,23.739,23.77,23.793,23.823,23.846,23.93,23.991,24.037,24.379,25.014,25.142,25.383,25.383,25.683,25.832,25.967,26.325,26.645,26.771,26.986,27.37,27.73,28.024,28.346,28.943,29.37,29.933,30.715,31.668,32.282,33.668,35.009,35.099,34.851,33.953,33.682,33.661,33.772,33.87,34.147,34.389,34.465,34.458,34.486,34.507,34.507,34.534,34.541,34.52,34.52,34.493,34.424,34.403,34.389,34.403,34.382,34.403,34.424,34.417,34.438,34.417,34.472,34.562,34.707,34.886,34.968,35.03,35.208,35.291,35.373,35.544,35.612,35.749,35.899,36.172,36.369,36.436,36.457,36.484,36.382,36.314,36.375,36.416,36.552,36.484,36.592,36.647,36.694,36.728,36.762,36.775,36.755,36.694,36.436,36.117,35.633,35.462,35.256,35.126,35.023,34.954,34.927,34.886,34.865,34.734,34.631,34.617,34.5,34.479,34.569,34.603,34.741,34.947,35.03,35.181,35.482,35.838,35.858,36.586,36.633,36.64,36.667,36.701,36.829,36.951,37.039,37.025,37.147,37.14,37.147,37.032,36.883,36.802,36.653,36.301,36.246,35.967,35.81,35.742,35.79,35.783,35.722,35.633,35.455,35.311,35.14,35.078,35.023,34.954,34.92,34.796,34.81,34.741,34.582,34.417,34.154,34.05,33.515,32.62,31.484,30.958,32.325,33.012,33.257,33.995,34.858,35.291,35.229,35.03,34.968,34.858,34.796,34.879,35.023,35.023,35.03,35.002,34.892,34.479,34.341,34.596,34.734,34.14,32.304,30.929,29.825,29.102,28.309,27.546,26.823,26.719,26.422,26.004,25.975,25.668,25.623,25.413,25.33,25.187,25.082,25.21,25.082,24.991,24.333,24.135,24.052,23.976,23.945,23.907,23.854,23.816,23.785,23.747,23.693,23.678,23.625,23.602,23.579,23.533,23.51,23.479,23.456,23.418,23.364,23.364,23.334,23.288,23.296,23.272,23.249,23.242,23.188,23.165,23.134,23.134,23.134,23.127,23.127,23.111,23.104,23.05,23.05,23.042,23.027,23.027,23.034,23.034,23.004,23.011,22.988,22.958,22.973,22.973,22.95,22.958,22.958,22.958,22.95,22.934,22.942,22.927,22.904,22.911,22.881,22.911,22.881,22.873,22.881,22.888,22.881,22.865,22.858,22.858,22.85,22.85,22.85,22.85,22.858,22.85,22.827,22.865,22.842,22.85,22.842,22.819,22.834,22.834,22.811,22.804,22.788,22.773,22.78,22.765,22.765,22.757,22.757,22.75,22.734,22.727,22.719,22.696,22.688,22.703,22.703,22.688,22.68,22.688,22.68,22.703,22.711,22.711,22.696,22.696,22.688,22.657,22.649,22.673,22.657,22.688,22.68,22.649,22.634,22.649,22.642,22.626,22.642,22.642,22.634,22.634,22.619,22.634,22.619,22.642,22.642,22.649,22.665,22.649,22.649,22.649,22.642,22.642,22.626,22.619,22.642,22.626,22.634,22.642,22.626,22.626,22.611,22.588,22.572,22.588,22.611,22.595,22.595,22.595,22.588,22.588,22.572,22.557,22.595,22.572,22.611,22.603,22.58,22.611,22.603,22.564,22.588,22.564,22.588,22.564,22.557,22.549,22.534,22.549,22.549,22.503,22.534,22.541,22.534,22.518,22.526,22.51,22.503,22.503,22.487,22.503,22.479,22.479,22.503,22.495,22.495,22.518,22.518,22.534,22.518,22.503,22.503,22.487,22.541,22.503,22.503,22.518,22.503,22.518,22.526,22.503,22.534,22.518,22.518,22.495,22.495,22.479,22.487,22.464,22.495,22.479,22.472,22.487,22.503,22.495,22.487,22.51,22.51,22.534,22.479,22.503,22.541,22.518,22.557,22.549,22.58,22.503,22.51,22.526,22.564
,22.387,22.348,22.348,22.363,22.34,22.348,22.379,22.317,22.371,22.34,22.348,22.325,22.348,22.379,22.387,22.379,22.41,22.379,22.363,22.387,22.363,22.433,22.418,22.418,22.418,22.41,22.41,22.41,22.402,22.394,22.394,22.394,22.394,22.402,22.379,22.394,22.402,22.394,22.418,22.41,22.402,22.418,22.394,22.394,22.402,22.441,22.441,22.433,22.472,22.464,22.464,22.479,22.495,22.495,22.495,22.51,22.503,22.495,22.503,22.495,22.518,22.518,22.534,22.526,22.534,22.541,22.557,22.549,22.557,22.557,22.572,22.549,22.549,22.549,22.564,22.572,22.58,22.58,22.58,22.58,22.603,22.603,22.619,22.603,22.619,22.634,22.642,22.649,22.649,22.665,22.673,22.703,22.68,22.68,22.688,22.673,22.673,22.673,22.673,22.673,22.696,22.719,22.719,22.734,22.734,22.734,22.742,22.742,22.727,22.742,22.734,22.734,22.757,22.742,22.703,22.696,22.727,22.719,22.734,22.757,22.734,22.757,22.742,22.75,22.742,22.773,22.773,22.773,22.773,22.75,22.78,22.78,22.811,22.811,22.811,22.804,22.804,22.796,22.788,22.765,22.78,22.78,22.773,22.796,22.796,22.788,22.796,22.796,22.788,22.773,22.788,22.78,22.804,22.819,22.842,22.834,22.85,22.858,22.85,22.834,22.858,22.881,22.888,22.896,22.904,22.919,22.919,22.904,22.919,22.919,22.911,22.911,22.919,22.958,22.973,23.004,23.011,23.027,23.034,23.042,23.05,23.073,23.088,23.111,23.157,23.18,23.219,23.28,23.288,23.326,23.349,23.372,23.403,23.433,23.502,23.51,23.51,23.541,23.609,23.594,23.648,23.671,23.747,23.8,23.823,23.869,23.877,23.953,23.983,24.158,24.553,25.39,25.413,25.548,25.705,25.81,25.93,26.236,26.422,26.712,26.971,27.163,27.591,27.745,28.192,28.63,29.168,29.854,30.515,31.214,32.099,33.215,34.472,35.195,35.099,34.5,33.842,33.647,33.752,33.814,34.092,34.251,34.375,34.679,34.672,34.734,34.631,34.665,34.569,34.548,34.576,34.548,34.486,34.438,34.403,34.348,34.382,34.417,34.41,34.403,34.403,34.438,34.368,34.41,34.458,34.534,34.81,34.947,35.085,35.154,35.339,35.565,35.626,35.619,35.742,35.92,36.076,36.212,36.47,36.599,36.681,36.701,36.606,36.504,36.525,36.518,36.62,36.681,36.674,36.714,36.714,36.721,36.741,36.701,36.62,36.47,36.341,35.926,35.674,35.38,35.174,35.002,34.961,34.961,34.892,34.817,34.713,34.582,34.569,34.479,34.431,34.479,34.603,34.755,34.872,35.051,35.112,35.263,35.64,36.124,36.552,36.613,36.592,36.626,36.66,36.782,36.87,37.046,37.019,37.093,37.14,37.052,36.897,36.755,36.653,36.389,36.158,35.906,35.851,35.77,35.715,35.729,35.77,35.77,35.585,35.448,35.318,35.167,35.057,35.016,34.947,34.851,34.775,34.658,34.624,34.555,34.265,34.078,33.988,34.334,33.863,32.69,31.178,30.199,30.206,30.943,32.346,33.682,34.789,35.112,35.071,35.051,34.975,35.023,34.913,35.078,35.085,35.105,35.078,35.016,34.52,34.175,34.638,34.796,34.686,33.229,31.774,30.12,29.558,28.521,28.229,27.34,26.838,26.697,26.146,26.019,25.855,25.63,25.518,25.488,25.323,25.18,25.247,25.405,25.375,25.232,24.485,24.204,24.014,24.021,23.96,23.884,23.823,23.823,23.755,23.739,23.709,23.648,23.617,23.579,23.533,23.564,23.51,23.449,23.449,23.403,23.357,23.326,23.296,23.288,23.28,23.242,23.242,23.188,23.188,23.165,23.134,23.142,23.134,23.111,23.096,23.104,23.088,23.073,23.027,23.058,23.05,23.034,23.027,23.011,23.011,23.011,22.981,22.981,22.95,22.958,22.973,22.958,22.958,22.95,22.942,22.942,22.919,22.911,22.904,22.911,22.858,22.873,22.881,22.888,22.881,22.873,22.865,22.85,22.858,22.865,22.881,22.858,22.873,22.85,22.85,22.834,22.842,22.842,22.834,22.85,22.842,22.842,22.834,22.819,22.811,22.796,22.788,22.788,22.765,22.765,22.78,22.75,22.727,22.742,22.711,22.711,22.727,22.696,22.711,22.703,22.703,22.696,22.703,22.703,22.703,22.696,22.703,22.703,22.703,22.688,22.657,22.634,22.673,22.657,22.68,22.703,22.68,22.696,22.649,22.649,22.649,22.657,22.657,22.649,22.642,22.634,22.619,22.634,22.642,22.619,22.703,22.642,22.673,22.657,22.657,22.649,22.642,22.634,22.619,22.619,22.634,22.68,22.657,22.634,22.626,22.619,22.58,22.58,22.595,22.557,22.58,22.619,22.611,22.58,22.572,22.58,22.588,22.572,22.595,22.603,22.603,22.58,22.58,22.564,22.588,22.595,22.595,22.572,22.58,22.549,22.534,22.549,22.518,22.564,22.557,22.541,22.526,22.51,22.526,22.503,22.518,22.51,22.479,22.472,22.51,22.518,22.495,22.487,22.51,22.503,22.526,22.51,22.51,22.51,22.51,22.51,22.518,22.518,22.464,22.479,22.487,22.503,22.51,22.526,22.541,22.534,22.51,22.526,22.526,22.503,22.518,22.503,22.479,22.449,22.479,22.472,22.503,22.479,22.472,22.479,22.503,22.487,22.526,22.534,22.534,22.526,22.541,22.549,22.549,22.564,22.518,22.495,22.541,22.595
,22.34,22.348,22.348,22.363,22.356,22.371,22.379,22.356,22.356,22.325,22.348,22.317,22.34,22.34,22.356,22.394,22.379,22.394,22.387,22.402,22.418,22.425,22.41,22.433,22.41,22.418,22.41,22.41,22.41,22.394,22.41,22.402,22.394,22.394,22.394,22.402,22.41,22.402,22.418,22.418,22.41,22.418,22.402,22.433,22.418,22.425,22.441,22.464,22.479,22.464,22.472,22.472,22.487,22.487,22.495,22.495,22.487,22.51,22.503,22.495,22.51,22.526,22.526,22.534,22.526,22.534,22.534,22.557,22.549,22.557,22.534,22.549,22.564,22.58,22.58,22.595,22.572,22.588,22.58,22.572,22.588,22.588,22.603,22.626,22.619,22.634,22.634,22.649,22.665,22.657,22.665,22.688,22.673,22.673,22.673,22.68,22.673,22.665,22.688,22.696,22.703,22.711,22.719,22.727,22.727,22.727,22.734,22.727,22.719,22.734,22.727,22.719,22.742,22.742,22.742,22.719,22.719,22.742,22.734,22.742,22.757,22.765,22.765,22.773,22.757,22.788,22.78,22.773,22.75,22.75,22.765,22.773,22.788,22.796,22.796,22.804,22.796,22.788,22.78,22.757,22.773,22.78,22.796,22.788,22.788,22.796,22.788,22.804,22.78,22.765,22.788,22.788,22.804,22.827,22.834,22.842,22.842,22.858,22.858,22.865,22.865,22.881,22.888,22.904,22.904,22.919,22.927,22.919,22.927,22.904,22.919,22.927,22.958,22.973,23.011,23.011,23.034,23.027,23.042,23.058,23.073,23.081,23.104,23.142,23.165,23.196,23.265,23.257,23.311,23.311,23.349,23.395,23.426,23.426,23.487,23.502,23.541,23.556,23.564,23.609,23.64,23.747,23.8,23.823,23.831,23.861,23.938,23.976,24.029,24.379,24.878,25.473,25.645,25.69,25.81,25.832,26.273,26.466,26.548,26.86,27.215,27.635,27.738,28.126,28.36,28.739,29.392,30.077,30.672,31.59,32.879,33.863,35.14,35.222,35.057,34.548,33.863,33.64,33.724,33.828,34.161,34.202,34.493,34.672,34.762,34.741,34.789,34.679,34.603,34.569,34.555,34.548,34.486,34.479,34.403,34.396,34.348,34.41,34.375,34.396,34.5,34.486,34.334,33.981,34.237,34.029,34.396,34.486,34.996,34.961,34.989,35.489,35.626,35.476,35.606,35.967,35.974,36.178,36.382,36.545,36.64,36.647,36.687,36.714,36.687,36.653,36.714,36.714,36.735,36.721,36.735,36.708,36.694,36.66,36.62,36.525,36.233,35.851,35.729,35.524,35.27,35.064,34.961,34.954,34.913,34.865,34.762,34.603,34.5,34.458,34.438,34.5,34.548,34.7,34.913,35.016,35.119,35.38,35.79,36.178,36.586,36.565,36.579,36.599,36.599,36.769,36.951,37.046,36.971,37.086,36.985,36.89,36.755,36.592,36.572,36.389,36.233,36.151,35.851,35.701,35.667,35.783,35.756,35.688,35.455,35.387,35.243,35.126,35.051,34.982,34.92,34.844,34.796,34.741,34.651,34.624,34.209,33.786,33.953,34.638,34.748,34.72,34.755,33.459,31.384,30.879,32.254,33.306,34.085,34.251,34.817,34.982,35.064,35.057,35.181,35.147,35.133,35.119,35.147,35.051,34.61,34.092,34.555,34.672,34.686,34.002,32.914,31.093,30.048,29.269,28.513,27.87,27.458,27.082,26.719,26.295,26.042,26.057,25.758,25.57,25.51,25.48,25.578,25.623,25.847,25.795,25.262,24.348,24.181,24.067,24.014,23.945,23.884,23.831,23.816,23.777,23.716,23.678,23.64,23.602,23.571,23.541,23.518,23.495,23.464,23.418,23.395,23.357,23.311,23.296,23.28,23.265,23.242,23.219,23.196,23.18,23.157,23.134,23.142,23.119,23.119,23.096,23.104,23.104,23.058,23.034,23.073,23.081,23.027,23.027,23.004,22.988,22.988,22.988,22.988,22.973,22.973,22.965,22.973,22.95,22.95,22.95,22.934,22.904,22.888,22.873,22.85,22.904,22.888,22.873,22.865,22.881,22.873,22.881,22.873,22.865,22.881,22.858,22.858,22.873,22.85,22.881,22.881,22.873,22.827,22.858,22.85,22.842,22.834,22.819,22.804,22.796,22.788,22.796,22.78,22.765,22.78,22.773,22.742,22.742,22.734,22.719,22.719,22.703,22.703,22.703,22.68,22.696,22.703,22.703,22.711,22.696,22.703,22.688,22.688,22.688,22.673,22.68,22.665,22.68,22.68,22.688,22.696,22.688,22.665,22.688,22.649,22.673,22.657,22.649,22.649,22.634,22.619,22.642,22.611,22.649,22.642,22.657,22.665,22.673,22.665,22.657,22.665,22.642,22.657,22.649,22.619,22.642,22.688,22.657,22.665,22.626,22.588,22.588,22.58,22.58,22.58,22.58,22.564,22.588,22.588,22.595,22.611,22.603,22.595,22.595,22.603,22.58,22.572,22.541,22.611,22.588,22.588,22.58,22.557,22.541,22.549,22.557,22.572,22.572,22.572,22.557,22.549,22.518,22.518,22.526,22.51,22.526,22.503,22.495,22.503,22.51,22.503,22.51,22.51,22.51,22.51,22.518,22.51,22.518,22.518,22.495,22.495,22.495,22.503,22.464,22.479,22.518,22.518,22.534,22.534,22.526,22.526,22.518,22.549,22.503,22.51,22.503,22.472,22.441,22.472,22.479,22.479,22.495,22.495,22.526,22.503,22.51,22.526,22.526,22.541,22.518,22.541,22.541,22.518,22.557,22.541,22.564,22.58,22.572
,22.332,22.332,22.34,22.371,22.371,22.387,22.394,22.363,22.387,22.332,22.325,22.332,22.34,22.34,22.379,22.402,22.394,22.41,22.41,22.433,22.433,22.441,22.433,22.402,22.41,22.418,22.394,22.402,22.425,22.41,22.418,22.394,22.387,22.402,22.41,22.402,22.394,22.41,22.41,22.425,22.441,22.41,22.418,22.418,22.441,22.425,22.441,22.449,22.449,22.464,22.449,22.479,22.464,22.472,22.487,22.495,22.487,22.495,22.503,22.51,22.526,22.541,22.51,22.534,22.526,22.503,22.557,22.541,22.557,22.549,22.549,22.557,22.58,22.572,22.572,22.588,22.572,22.588,22.58,22.588,22.595,22.588,22.611,22.611,22.619,22.634,22.642,22.634,22.657,22.665,22.657,22.657,22.673,22.673,22.68,22.68,22.665,22.68,22.68,22.696,22.703,22.711,22.696,22.696,22.727,22.711,22.727,22.719,22.711,22.719,22.727,22.719,22.727,22.727,22.719,22.734,22.688,22.742,22.711,22.75,22.75,22.75,22.757,22.757,22.773,22.773,22.765,22.765,22.75,22.75,22.757,22.765,22.773,22.773,22.788,22.788,22.78,22.78,22.773,22.78,22.773,22.78,22.78,22.78,22.788,22.796,22.788,22.796,22.796,22.78,22.796,22.804,22.804,22.834,22.834,22.842,22.85,22.85,22.85,22.858,22.873,22.865,22.888,22.904,22.911,22.927,22.934,22.934,22.927,22.927,22.919,22.904,22.973,22.981,22.996,23.019,23.027,23.042,23.058,23.081,23.088,23.111,23.142,23.15,23.18,23.211,23.242,23.288,23.311,23.341,23.364,23.387,23.418,23.449,23.51,23.533,23.548,23.571,23.594,23.632,23.671,23.732,23.747,23.823,23.861,23.93,23.938,24.014,24.158,24.613,25.473,25.675,25.54,25.87,25.87,26.131,26.407,26.548,26.793,27.148,27.443,27.716,28.192,28.192,28.754,29.407,29.876,30.643,31.498,32.219,33.089,34.507,35.202,35.236,34.782,34.396,33.828,33.64,33.863,34.05,34.161,34.334,34.61,34.741,34.775,34.844,34.831,34.734,34.631,34.603,34.603,34.589,34.541,34.513,34.444,34.451,34.417,34.396,34.368,34.05,34.396,34.368,34.285,33.932,33.96,34.202,34.465,34.975,35.105,35.064,35.126,35.476,35.804,35.626,35.619,35.763,35.735,35.94,36.049,36.341,36.443,36.667,36.667,36.714,36.721,36.694,36.748,36.755,36.769,36.755,36.714,36.708,36.653,36.613,36.559,36.47,36.348,36.076,35.708,35.647,35.51,35.126,35.009,34.941,34.934,34.872,34.817,34.672,34.617,34.582,34.513,34.534,34.686,34.844,34.913,34.968,35.03,35.291,35.824,36.328,36.518,36.538,36.531,36.565,36.552,36.694,36.796,36.944,37.019,36.904,36.897,36.775,36.721,36.681,36.64,36.45,36.28,36.274,36.029,35.831,35.783,35.797,35.776,35.653,35.366,35.339,35.202,35.085,35.009,34.961,34.899,34.789,34.803,34.748,34.651,34.5,34.182,33.87,33.918,34.7,34.824,34.947,35.311,35.503,34.693,31.902,30.865,32.163,33.299,34.099,34.665,34.892,35.071,35.126,35.202,35.25,35.208,35.236,35.25,35.181,34.541,34.057,34.189,34.769,34.824,34.292,33.257,31.979,30.879,29.976,29.226,28.608,28.119,27.488,26.86,26.845,26.444,26.176,26.154,25.803,25.675,25.63,25.803,25.975,26.719,26.674,26.079,25.021,24.234,24.211,24.067,24.006,23.915,23.884,23.846,23.785,23.747,23.686,23.686,23.64,23.602,23.579,23.518,23.502,23.472,23.426,23.395,23.372,23.341,23.303,23.265,23.265,23.249,23.226,23.211,23.188,23.18,23.134,23.127,23.104,23.104,23.111,23.073,23.119,23.15,23.058,23.065,23.042,23.034,23.011,23.004,22.988,22.988,22.988,22.973,22.981,22.981,22.973,22.965,22.965,22.934,22.934,22.919,22.904,22.888,22.904,22.904,22.888,22.881,22.881,22.881,22.873,22.881,22.881,22.873,22.888,22.881,22.85,22.858,22.842,22.865,22.873,22.873,22.873,22.873,22.834,22.85,22.842,22.834,22.811,22.804,22.811,22.788,22.788,22.804,22.796,22.765,22.742,22.757,22.734,22.734,22.75,22.734,22.719,22.703,22.711,22.68,22.719,22.703,22.688,22.696,22.688,22.696,22.696,22.68,22.688,22.68,22.68,22.673,22.673,22.703,22.68,22.719,22.711,22.711,22.703,22.673,22.703,22.665,22.649,22.657,22.649,22.634,22.649,22.626,22.642,22.657,22.665,22.68,22.673,22.665,22.657,22.649,22.634,22.634,22.649,22.626,22.649,22.657,22.688,22.673,22.649,22.603,22.595,22.58,22.58,22.58,22.564,22.603,22.603,22.603,22.626,22.611,22.603,22.603,22.588,22.549,22.549,22.541,22.572,22.595,22.58,22.534,22.564,22.572,22.549,22.557,22.549,22.572,22.595,22.595,22.534,22.549,22.526,22.526,22.534,22.518,22.495,22.503,22.472,22.503,22.487,22.503,22.495,22.503,22.503,22.51,22.526,22.526,22.534,22.526,22.526,22.518,22.487,22.495,22.495,22.495,22.518,22.518,22.534,22.518,22.526,22.526,22.526,22.526,22.526,22.472,22.479,22.464,22.472,22.464,22.464,22.495,22.503,22.487,22.495,22.479,22.51,22.534,22.541,22.541,22.557,22.518,22.51,22.51,22.518,22.549,22.564,22.58,22.557
,22.325,22.34,22.34,22.356,22.363,22.379,22.379,22.387,22.371,22.371,22.402,22.371,22.363,22.379,22.379,22.394,22.41,22.418,22.433,22.441,22.449,22.449,22.402,22.387,22.394,22.387,22.402,22.418,22.425,22.402,22.425,22.425,22.394,22.41,22.402,22.402,22.41,22.425,22.425,22.418,22.418,22.425,22.433,22.441,22.425,22.464,22.464,22.464,22.472,22.472,22.464,22.479,22.479,22.479,22.495,22.495,22.487,22.503,22.503,22.518,22.526,22.526,22.526,22.534,22.518,22.541,22.549,22.557,22.549,22.557,22.549,22.549,22.549,22.557,22.588,22.58,22.58,22.58,22.588,22.58,22.611,22.595,22.611,22.619,22.611,22.611,22.619,22.642,22.649,22.657,22.649,22.665,22.665,22.665,22.673,22.673,22.673,22.696,22.688,22.696,22.703,22.696,22.727,22.703,22.703,22.711,22.727,22.727,22.742,22.719,22.719,22.719,22.703,22.734,22.727,22.719,22.719,22.734,22.742,22.75,22.757,22.75,22.75,22.757,22.773,22.765,22.757,22.75,22.75,22.75,22.75,22.78,22.757,22.773,22.773,22.78,22.765,22.773,22.773,22.765,22.773,22.78,22.788,22.773,22.788,22.796,22.788,22.796,22.804,22.788,22.796,22.834,22.811,22.827,22.834,22.842,22.858,22.858,22.873,22.873,22.865,22.865,22.888,22.904,22.919,22.934,22.942,22.934,22.958,22.934,22.95,22.973,22.973,22.973,22.981,23.011,23.019,23.034,23.05,23.088,23.127,23.142,23.157,23.18,23.219,23.226,23.272,23.272,23.311,23.341,23.357,23.38,23.426,23.479,23.51,23.548,23.571,23.594,23.617,23.663,23.693,23.747,23.785,23.816,23.899,23.922,23.998,24.113,24.325,25.3,25.6,25.84,25.96,25.982,26.109,26.437,26.541,26.963,27.074,27.48,27.539,28.031,28.185,28.645,29.168,29.732,30.486,30.972,31.654,32.837,33.793,34.603,35.222,35.222,34.707,34.133,33.814,33.745,34.05,34.285,34.396,34.479,34.686,34.817,34.837,34.858,34.775,34.693,34.638,34.61,34.61,34.651,34.844,34.872,34.775,34.493,34.348,34.029,33.647,33.376,33.445,33.675,34.444,35.044,35.174,35.407,35.496,35.517,35.565,35.619,35.708,35.933,35.92,35.926,35.797,35.872,35.647,35.647,35.763,36.117,36.246,36.355,36.47,36.653,36.721,36.769,36.755,36.775,36.775,36.775,36.755,36.687,36.66,36.525,36.518,36.457,36.369,35.886,35.599,35.592,35.298,35.229,35.119,34.996,34.934,34.947,34.886,34.824,34.679,34.789,34.769,34.782,34.769,34.941,34.934,34.954,35.03,35.215,35.926,36.423,36.559,36.552,36.511,36.484,36.484,36.491,36.681,36.782,36.789,36.789,36.823,36.708,36.708,36.701,36.66,36.579,36.423,36.375,36.335,35.913,35.886,35.838,35.749,35.715,35.51,35.298,35.208,35.092,34.982,34.941,34.865,34.851,34.789,34.789,34.72,34.679,34.631,34.313,34.665,34.817,35.016,35.16,35.414,35.742,35.489,34.679,33.299,32.142,31.951,32.479,33.71,34.589,35.071,35.25,35.291,35.325,35.318,35.325,35.284,35.147,34.513,33.967,33.995,34.713,34.872,34.327,33.487,32.62,31.803,30.658,29.811,29.088,28.265,27.811,27.569,26.986,26.704,26.28,26.265,26.198,25.975,26.221,26.466,26.719,27.333,27.583,27.473,25.87,24.644,24.287,24.219,24.105,23.998,23.945,23.877,23.823,23.793,23.747,23.732,23.671,23.617,23.609,23.571,23.51,23.479,23.426,23.403,23.38,23.357,23.319,23.296,23.288,23.249,23.234,23.219,23.211,23.165,23.157,23.127,23.111,23.096,23.104,23.096,23.111,23.127,23.096,23.073,23.042,23.019,23.011,23.011,23.004,22.996,22.996,22.988,23.004,22.981,22.965,22.965,22.958,22.95,22.927,22.911,22.904,22.888,22.888,22.896,22.888,22.881,22.865,22.873,22.873,22.881,22.881,22.888,22.888,22.881,22.858,22.842,22.842,22.834,22.873,22.85,22.881,22.858,22.858,22.865,22.85,22.842,22.819,22.804,22.78,22.788,22.796,22.788,22.788,22.796,22.765,22.765,22.757,22.765,22.75,22.75,22.734,22.711,22.688,22.688,22.696,22.719,22.727,22.711,22.703,22.696,22.688,22.696,22.696,22.696,22.696,22.688,22.696,22.688,22.68,22.688,22.68,22.665,22.68,22.665,22.68,22.665,22.665,22.665,22.649,22.657,22.665,22.642,22.626,22.649,22.649,22.673,22.68,22.673,22.665,22.649,22.642,22.634,22.649,22.642,22.619,22.657,22.619,22.626,22.626,22.619,22.603,22.611,22.595,22.611,22.603,22.595,22.619,22.603,22.626,22.626,22.626,22.603,22.572,22.541,22.549,22.595,22.564,22.58,22.58,22.595,22.588,22.557,22.518,22.51,22.541,22.564,22.572,22.572,22.534,22.564,22.526,22.534,22.518,22.526,22.518,22.495,22.472,22.487,22.503,22.503,22.51,22.495,22.495,22.51,22.518,22.526,22.526,22.534,22.526,22.541,22.503,22.495,22.487,22.487,22.51,22.51,22.518,22.518,22.534,22.51,22.495,22.526,22.503,22.456,22.51,22.479,22.479,22.479,22.495,22.495,22.503,22.51,22.487,22.472,22.487,22.51,22.518,22.549,22.518,22.518,22.541,22.518,22.534,22.549,22.534,22.557,22.572
,22.317,22.34,22.356,22.371,22.387,22.371,22.356,22.371,22.363,22.379,22.41,22.356,22.363,22.363,22.379,22.402,22.418,22.41,22.433,22.456,22.441,22.456,22.441,22.41,22.387,22.379,22.41,22.433,22.441,22.425,22.425,22.425,22.418,22.425,22.425,22.418,22.425,22.418,22.41,22.418,22.425,22.433,22.456,22.456,22.449,22.464,22.472,22.441,22.472,22.433,22.479,22.464,22.479,22.479,22.495,22.487,22.495,22.495,22.503,22.51,22.534,22.526,22.534,22.541,22.534,22.557,22.557,22.557,22.572,22.549,22.557,22.557,22.564,22.557,22.572,22.564,22.603,22.603,22.564,22.603,22.595,22.588,22.611,22.595,22.619,22.626,22.626,22.626,22.642,22.657,22.665,22.665,22.688,22.665,22.673,22.688,22.696,22.711,22.711,22.703,22.688,22.719,22.703,22.711,22.703,22.696,22.711,22.734,22.719,22.742,22.719,22.696,22.703,22.696,22.711,22.734,22.727,22.727,22.719,22.727,22.742,22.742,22.75,22.757,22.765,22.765,22.765,22.742,22.757,22.75,22.765,22.757,22.773,22.765,22.773,22.773,22.773,22.773,22.765,22.765,22.773,22.773,22.788,22.796,22.78,22.788,22.796,22.811,22.811,22.804,22.804,22.827,22.834,22.85,22.858,22.858,22.858,22.865,22.858,22.865,22.865,22.873,22.881,22.896,22.919,22.942,22.942,22.942,22.942,22.958,22.981,22.965,22.973,22.996,22.988,23.004,23.011,23.042,23.065,23.088,23.134,23.15,23.165,23.18,23.203,23.234,23.257,23.288,23.311,23.341,23.372,23.418,23.449,23.472,23.548,23.571,23.594,23.609,23.655,23.671,23.716,23.785,23.823,23.869,23.938,24.014,24.09,24.234,24.682,25.795,25.907,25.945,26.124,26.183,26.422,26.496,26.712,26.986,27.185,27.429,27.833,28.17,28.506,28.943,29.537,30.005,30.686,31.498,32.282,33.068,33.877,34.713,35.243,35.174,34.762,34.05,33.835,33.953,34.209,34.444,34.541,34.658,34.817,34.892,34.913,34.954,34.906,34.81,34.679,34.844,34.961,35.195,34.837,34.72,34.624,34.465,33.911,33.613,33.599,34.092,34.472,34.589,35.229,35.393,35.4,35.435,35.496,35.53,35.585,35.619,35.694,35.804,35.92,35.933,36.035,36.069,35.995,35.749,35.96,36.008,36.069,36.138,36.436,36.579,36.64,36.681,36.701,36.769,36.782,36.762,36.735,36.599,36.525,36.47,36.47,36.423,36.362,35.851,35.694,35.414,35.263,35.25,35.181,35.009,35.009,34.961,34.947,34.961,34.899,35.002,34.92,34.996,35.03,35.009,35.009,34.989,35.174,35.304,35.872,36.416,36.559,36.572,36.518,36.389,36.389,36.43,36.586,36.565,36.674,36.681,36.714,36.728,36.714,36.701,36.667,36.633,36.47,36.47,36.328,36.029,35.954,35.824,35.831,35.749,35.441,35.243,35.195,35.064,34.989,34.941,34.906,34.865,34.837,34.817,34.789,34.775,34.7,34.686,34.803,34.968,35.099,35.311,35.4,35.742,35.619,35.469,35.105,34.624,34.064,33.543,33.571,34.05,34.858,35.311,35.387,35.393,35.346,35.366,35.325,35.085,34.465,33.897,34.002,34.617,34.899,34.334,33.557,33.152,32.402,31.1,30.429,29.739,28.957,28.316,27.811,27.517,26.904,26.756,26.533,26.474,26.548,26.808,27.259,27.987,28.543,29.153,28.47,27.111,25.488,24.75,24.318,24.211,24.09,24.12,23.945,23.899,23.846,23.785,23.716,23.693,23.655,23.625,23.579,23.564,23.502,23.472,23.418,23.403,23.357,23.334,23.303,23.28,23.265,23.234,23.226,23.203,23.188,23.15,23.15,23.134,23.111,23.134,23.119,23.119,23.088,23.081,23.081,23.05,23.027,23.027,23.034,23.019,23.004,23.004,22.988,22.996,22.988,22.965,22.973,22.965,22.965,22.942,22.911,22.904,22.904,22.911,22.911,22.888,22.881,22.873,22.881,22.873,22.873,22.881,22.888,22.896,22.881,22.85,22.842,22.842,22.834,22.873,22.881,22.873,22.881,22.858,22.85,22.85,22.842,22.811,22.804,22.788,22.788,22.796,22.788,22.796,22.773,22.78,22.765,22.78,22.742,22.765,22.742,22.727,22.719,22.688,22.688,22.673,22.649,22.734,22.727,22.719,22.711,22.719,22.696,22.696,22.711,22.719,22.703,22.696,22.719,22.719,22.696,22.711,22.68,22.673,22.688,22.68,22.68,22.665,22.665,22.657,22.642,22.642,22.626,22.642,22.634,22.642,22.665,22.665,22.68,22.673,22.649,22.642,22.634,22.626,22.649,22.626,22.68,22.657,22.634,22.619,22.626,22.611,22.619,22.611,22.626,22.603,22.619,22.603,22.619,22.603,22.626,22.611,22.603,22.595,22.58,22.595,22.572,22.58,22.603,22.642,22.603,22.611,22.534,22.534,22.495,22.557,22.541,22.549,22.58,22.564,22.549,22.534,22.534,22.51,22.51,22.51,22.503,22.464,22.479,22.487,22.495,22.487,22.51,22.51,22.503,22.518,22.534,22.557,22.541,22.541,22.526,22.518,22.503,22.495,22.487,22.495,22.495,22.503,22.503,22.518,22.503,22.503,22.495,22.487,22.503,22.495,22.51,22.449,22.479,22.495,22.503,22.487,22.503,22.472,22.503,22.487,22.487,22.487,22.518,22.534,22.534,22.518,22.518,22.534,22.541,22.557,22.557,22.534
,22.294,22.332,22.363,22.387,22.379,22.356,22.348,22.363,22.371,22.363,22.363,22.379,22.371,22.363,22.402,22.418,22.425,22.418,22.425,22.433,22.433,22.402,22.418,22.425,22.402,22.371,22.394,22.441,22.433,22.41,22.41,22.425,22.425,22.425,22.441,22.425,22.425,22.418,22.402,22.418,22.425,22.441,22.456,22.495,22.456,22.464,22.456,22.456,22.456,22.456,22.441,22.479,22.472,22.495,22.495,22.51,22.495,22.487,22.503,22.51,22.526,22.526,22.541,22.549,22.557,22.557,22.564,22.564,22.557,22.557,22.557,22.557,22.549,22.564,22.595,22.572,22.557,22.58,22.572,22.588,22.588,22.595,22.603,22.603,22.619,22.626,22.634,22.649,22.642,22.649,22.657,22.665,22.665,22.673,22.688,22.696,22.703,22.696,22.711,22.711,22.68,22.673,22.696,22.727,22.688,22.719,22.727,22.727,22.719,22.727,22.688,22.696,22.688,22.68,22.703,22.703,22.719,22.688,22.703,22.711,22.742,22.75,22.757,22.757,22.757,22.757,22.757,22.75,22.757,22.742,22.75,22.773,22.75,22.78,22.765,22.765,22.773,22.773,22.765,22.773,22.773,22.773,22.788,22.78,22.796,22.804,22.796,22.804,22.819,22.834,22.842,22.827,22.842,22.85,22.865,22.873,22.865,22.873,22.873,22.865,22.865,22.881,22.873,22.888,22.911,22.927,22.934,22.942,22.958,22.958,22.965,23.004,22.988,22.981,22.988,22.996,23.019,23.027,23.081,23.111,23.111,23.157,23.18,23.196,23.211,23.234,23.257,23.303,23.311,23.349,23.38,23.403,23.472,23.495,23.548,23.586,23.617,23.632,23.678,23.701,23.747,23.785,23.846,23.899,23.976,24.006,24.09,24.265,25.3,26.183,26.362,26.347,26.303,26.422,26.622,26.904,27.023,27.17,27.51,27.892,28.163,28.397,28.725,29.218,29.991,30.386,31.007,31.654,32.774,33.424,33.974,34.782,35.25,35.085,34.617,34.043,33.974,34.057,34.52,34.513,34.651,34.672,34.858,34.975,34.934,34.947,34.886,34.858,34.961,35.188,35.311,35.071,34.334,33.487,33.208,33.054,33.061,33.452,34.327,35.236,35.346,35.366,35.38,35.38,35.373,35.428,35.448,35.496,35.524,35.578,35.64,35.722,35.81,35.933,36.001,36.083,36.076,36.049,36.117,36.178,36.199,36.165,36.416,36.518,36.525,36.572,36.653,36.721,36.735,36.741,36.66,36.443,36.409,36.328,36.341,36.369,36.335,35.933,35.421,35.359,35.27,35.236,35.099,35.023,35.092,35.147,35.071,35.051,34.934,35.044,35.167,35.154,35.119,35.16,35.105,35.14,35.263,35.517,35.797,36.369,36.606,36.579,36.443,36.369,36.341,36.362,36.436,36.47,36.409,36.586,36.721,36.755,36.741,36.755,36.681,36.579,36.518,36.443,36.348,36.104,36.063,35.872,35.892,35.756,35.619,35.359,35.202,35.126,35.023,34.968,34.913,34.886,34.899,34.92,34.913,34.941,35.016,34.92,34.968,35.037,35.339,35.407,35.571,35.66,35.448,35.339,35.195,35.174,34.555,34.424,34.548,34.665,34.899,35.366,35.448,35.387,35.393,35.325,35.339,34.989,34.41,33.884,33.967,34.486,34.906,34.486,33.647,33.131,32.991,31.817,30.736,30.077,29.479,28.921,28.258,27.708,27.627,27.089,27.089,27.178,27.222,28.221,29.284,29.976,30.264,30.048,29.905,29.189,27.95,26.504,25.127,24.507,24.211,24.105,24.029,23.991,23.922,23.831,23.762,23.701,23.648,23.632,23.579,23.533,23.495,23.449,23.418,23.395,23.387,23.357,23.319,23.28,23.257,23.242,23.234,23.203,23.188,23.165,23.15,23.142,23.127,23.127,23.119,23.119,23.111,23.058,23.058,23.05,23.05,23.05,23.042,23.034,23.011,23.011,23.011,22.973,22.965,22.981,22.981,22.965,22.981,22.942,22.927,22.911,22.904,22.888,22.904,22.904,22.888,22.873,22.881,22.865,22.881,22.888,22.881,22.888,22.865,22.858,22.827,22.827,22.834,22.85,22.858,22.85,22.858,22.873,22.873,22.842,22.858,22.811,22.78,22.796,22.78,22.78,22.773,22.773,22.773,22.773,22.765,22.757,22.75,22.75,22.78,22.734,22.719,22.703,22.703,22.703,22.696,22.711,22.734,22.727,22.719,22.719,22.711,22.719,22.711,22.696,22.711,22.703,22.703,22.696,22.696,22.673,22.68,22.673,22.657,22.673,22.673,22.68,22.68,22.68,22.642,22.619,22.619,22.611,22.634,22.634,22.657,22.673,22.665,22.657,22.626,22.642,22.634,22.626,22.626,22.649,22.642,22.649,22.642,22.634,22.626,22.634,22.626,22.619,22.626,22.611,22.603,22.634,22.611,22.611,22.619,22.619,22.611,22.588,22.595,22.595,22.58,22.588,22.611,22.572,22.611,22.541,22.564,22.534,22.487,22.557,22.51,22.534,22.541,22.526,22.518,22.534,22.526,22.534,22.479,22.51,22.495,22.487,22.479,22.479,22.479,22.487,22.503,22.495,22.487,22.51,22.518,22.526,22.557,22.541,22.526,22.518,22.518,22.487,22.487,22.487,22.487,22.503,22.487,22.51,22.479,22.479,22.479,22.503,22.487,22.518,22.487,22.495,22.472,22.495,22.503,22.534,22.479,22.479,22.441,22.503,22.503,22.518,22.51,22.51,22.534,22.534,22.534,22.534,22.541,22.549,22.541,22.534
,22.325,22.348,22.379,22.402,22.379,22.371,22.363,22.356,22.356,22.363,22.371,22.356,22.348,22.371,22.379,22.394,22.418,22.402,22.41,22.433,22.433,22.418,22.394,22.387,22.394,22.379,22.387,22.41,22.402,22.425,22.425,22.418,22.394,22.433,22.433,22.425,22.425,22.433,22.425,22.402,22.418,22.418,22.441,22.449,22.449,22.456,22.449,22.456,22.456,22.464,22.472,22.472,22.472,22.487,22.51,22.518,22.487,22.487,22.495,22.503,22.526,22.534,22.541,22.549,22.557,22.572,22.572,22.572,22.564,22.557,22.557,22.564,22.557,22.557,22.549,22.557,22.557,22.588,22.58,22.595,22.58,22.611,22.603,22.619,22.626,22.626,22.634,22.634,22.642,22.657,22.649,22.657,22.665,22.665,22.696,22.673,22.688,22.688,22.665,22.711,22.711,22.711,22.727,22.719,22.711,22.719,22.719,22.703,22.711,22.711,22.696,22.68,22.696,22.703,22.703,22.711,22.696,22.727,22.688,22.727,22.742,22.75,22.765,22.765,22.765,22.773,22.757,22.757,22.757,22.773,22.765,22.788,22.765,22.788,22.78,22.773,22.78,22.78,22.765,22.773,22.773,22.78,22.796,22.796,22.796,22.804,22.796,22.804,22.827,22.842,22.842,22.85,22.842,22.865,22.873,22.865,22.881,22.865,22.873,22.873,22.881,22.873,22.888,22.896,22.904,22.919,22.934,22.934,22.958,22.973,22.973,23.011,22.981,22.988,23.011,23.004,23.027,23.05,23.088,23.111,23.134,23.157,23.18,23.196,23.219,23.265,23.272,23.296,23.319,23.357,23.372,23.456,23.472,23.525,23.564,23.594,23.632,23.671,23.701,23.724,23.785,23.846,23.899,23.953,24.044,24.067,24.219,24.629,25.96,26.697,26.86,26.778,26.763,26.875,26.949,27,27.207,27.539,27.818,28.177,28.382,28.761,29.255,29.854,30.436,31.015,31.682,32.402,33.334,33.682,33.96,34.879,35.25,34.954,34.382,34.029,33.981,34.327,34.444,34.782,34.713,34.892,35.064,35.044,35.099,35.051,35.064,35.099,35.325,35.414,35.332,34.824,34.14,33.515,33.292,33.445,34.05,35.002,35.571,35.544,35.503,35.455,35.373,35.366,35.352,35.393,35.435,35.435,35.462,35.544,35.578,35.722,35.838,35.92,36.022,36.09,36.144,36.206,36.274,36.369,36.355,36.43,36.423,36.498,36.47,36.552,36.538,36.531,36.586,36.552,36.504,36.321,36.26,36.172,36.192,36.307,36.274,35.913,35.352,35.25,35.25,35.215,35.167,35.208,35.222,35.263,35.277,35.284,35.298,35.256,35.215,35.16,35.222,35.25,35.25,35.27,35.304,35.503,35.701,36.396,36.599,36.572,36.436,36.328,36.294,36.192,36.26,36.219,36.362,36.538,36.687,36.721,36.728,36.66,36.599,36.559,36.491,36.443,36.375,36.287,36.226,36.008,35.92,35.94,35.79,35.565,35.256,35.14,35.044,34.996,35.057,34.982,35.002,34.996,35.037,35.016,35.099,35.085,35.277,35.352,35.428,35.517,35.503,35.325,35.174,35.099,35.236,35.147,35.359,35.435,34.941,34.624,34.858,34.941,35.393,35.421,35.414,35.38,35.215,34.954,34.513,33.863,33.884,34.361,34.824,34.803,33.654,33.201,33.564,32.893,31.76,30.686,30.178,29.255,29.015,28.375,28.273,28.009,28.09,28.44,29.363,30.257,30.558,30.414,30.479,30.45,30.249,30.063,29.739,29.204,28.09,25.96,24.84,24.394,24.12,24.014,23.915,23.877,23.823,23.732,23.686,23.678,23.64,23.564,23.518,23.487,23.449,23.418,23.387,23.387,23.341,23.303,23.311,23.249,23.242,23.211,23.196,23.188,23.15,23.15,23.157,23.142,23.127,23.119,23.111,23.073,23.058,23.058,23.05,23.065,23.065,23.058,23.042,23.042,23.019,22.996,22.981,22.981,22.981,22.981,22.981,22.973,22.942,22.919,22.911,22.927,22.904,22.904,22.881,22.881,22.881,22.865,22.873,22.881,22.881,22.873,22.865,22.842,22.827,22.842,22.834,22.865,22.865,22.858,22.873,22.858,22.858,22.873,22.85,22.811,22.804,22.796,22.78,22.773,22.78,22.765,22.78,22.773,22.765,22.75,22.719,22.719,22.727,22.734,22.734,22.719,22.703,22.703,22.696,22.703,22.734,22.727,22.742,22.734,22.727,22.727,22.734,22.742,22.734,22.734,22.68,22.711,22.688,22.688,22.68,22.68,22.673,22.673,22.673,22.688,22.68,22.657,22.642,22.634,22.626,22.611,22.626,22.634,22.649,22.657,22.665,22.657,22.642,22.626,22.619,22.642,22.642,22.642,22.642,22.642,22.657,22.619,22.619,22.642,22.626,22.642,22.642,22.619,22.611,22.619,22.619,22.611,22.603,22.603,22.619,22.611,22.588,22.603,22.58,22.603,22.626,22.603,22.619,22.588,22.588,22.557,22.549,22.557,22.503,22.526,22.495,22.518,22.534,22.526,22.541,22.518,22.526,22.472,22.487,22.487,22.472,22.472,22.479,22.472,22.487,22.51,22.526,22.51,22.518,22.518,22.518,22.541,22.526,22.526,22.534,22.495,22.487,22.503,22.487,22.487,22.495,22.495,22.503,22.479,22.464,22.449,22.51,22.503,22.541,22.487,22.495,22.495,22.503,22.487,22.487,22.464,22.456,22.518,22.479,22.495,22.495,22.503,22.534,22.541,22.541,22.549,22.526,22.518,22.526,22.549
,22.309,22.371,22.363,22.363,22.387,22.363,22.363,22.348,22.348,22.363,22.356,22.363,22.348,22.356,22.371,22.387,22.402,22.402,22.394,22.394,22.402,22.418,22.394,22.402,22.394,22.379,22.387,22.394,22.394,22.41,22.402,22.394,22.425,22.41,22.418,22.433,22.402,22.441,22.425,22.418,22.41,22.425,22.433,22.433,22.433,22.441,22.449,22.441,22.449,22.472,22.472,22.464,22.487,22.495,22.495,22.503,22.51,22.518,22.503,22.503,22.526,22.518,22.549,22.526,22.564,22.58,22.564,22.564,22.572,22.557,22.564,22.549,22.572,22.557,22.557,22.549,22.549,22.564,22.58,22.572,22.595,22.595,22.588,22.619,22.611,22.619,22.642,22.634,22.634,22.649,22.649,22.665,22.688,22.696,22.688,22.696,22.696,22.688,22.696,22.703,22.719,22.719,22.727,22.711,22.719,22.696,22.688,22.696,22.719,22.727,22.711,22.696,22.719,22.703,22.703,22.703,22.719,22.719,22.719,22.742,22.742,22.757,22.765,22.765,22.773,22.78,22.757,22.78,22.765,22.75,22.788,22.78,22.765,22.788,22.78,22.773,22.788,22.788,22.788,22.773,22.788,22.796,22.796,22.827,22.819,22.796,22.804,22.811,22.819,22.842,22.842,22.858,22.865,22.873,22.881,22.865,22.865,22.858,22.865,22.881,22.881,22.881,22.888,22.888,22.896,22.911,22.927,22.942,22.958,22.996,22.996,23.019,23.027,23.042,23.042,23.027,23.065,23.058,23.081,23.111,23.142,23.157,23.165,23.211,23.257,23.28,23.288,23.319,23.341,23.357,23.38,23.441,23.495,23.502,23.564,23.632,23.64,23.709,23.716,23.762,23.823,23.854,23.922,23.976,24.082,24.287,24.447,24.863,26.674,27.495,27.458,27.37,27.229,27.311,27.303,27.429,27.576,28.126,28.258,28.499,28.928,29.269,29.638,30.336,30.936,31.696,32.402,33.438,33.64,33.613,34.029,34.789,35.215,34.803,34.23,33.988,34.022,34.32,34.5,34.858,34.996,35.078,35.119,35.126,35.105,35.147,35.167,35.188,35.346,35.298,34.782,34.189,33.619,33.236,33.981,34.934,35.469,35.592,35.612,35.51,35.496,35.407,35.359,35.339,35.325,35.318,35.366,35.407,35.435,35.544,35.558,35.694,35.694,35.94,35.974,36.049,36.11,36.253,36.314,36.457,36.491,36.518,36.484,36.538,36.545,36.531,36.491,36.47,36.43,36.355,36.369,36.124,36.076,36.097,36.11,36.212,36.26,35.783,35.222,35.044,35.154,35.105,35.112,35.167,35.202,35.346,35.339,35.346,35.352,35.311,35.243,35.25,35.215,35.243,35.25,35.243,35.27,35.393,35.715,36.301,36.599,36.518,36.416,36.178,35.981,36.008,36.097,36.144,36.246,36.525,36.694,36.674,36.579,36.647,36.586,36.525,36.457,36.423,36.362,36.274,36.233,36.158,36.104,35.974,35.92,35.817,35.462,35.407,35.359,35.202,35.14,35.147,35.03,35.202,35.387,35.263,35.318,35.366,35.346,35.352,35.428,35.373,35.167,35.057,35.051,35.03,35.277,35.571,35.469,35.469,35.592,35.489,35.476,35.462,35.435,35.407,35.421,35.4,35.147,34.831,34.479,33.87,33.863,34.029,34.479,34.576,33.571,33.411,33.731,33.731,32.957,31.788,30.722,30.221,29.645,29.616,29.436,29.479,29.789,30.701,30.772,30.751,30.736,30.651,30.522,30.4,30.3,30.127,30.084,29.998,29.558,28.957,27.2,25.104,24.56,24.082,23.953,23.899,23.892,23.785,23.724,23.602,23.602,23.541,23.518,23.51,23.464,23.441,23.41,23.38,23.349,23.319,23.272,23.257,23.249,23.242,23.203,23.203,23.173,23.173,23.15,23.142,23.127,23.111,23.096,23.088,23.058,23.058,23.058,23.05,23.065,23.065,23.042,23.042,23.042,22.988,22.988,22.973,22.981,22.996,22.981,22.965,22.95,22.942,22.934,22.927,22.911,22.904,22.881,22.896,22.881,22.881,22.873,22.873,22.858,22.888,22.865,22.834,22.858,22.85,22.842,22.865,22.865,22.865,22.888,22.842,22.881,22.834,22.842,22.827,22.85,22.788,22.78,22.765,22.765,22.773,22.773,22.78,22.757,22.757,22.711,22.734,22.734,22.765,22.757,22.742,22.711,22.703,22.688,22.688,22.719,22.734,22.734,22.742,22.742,22.742,22.727,22.719,22.727,22.734,22.719,22.719,22.696,22.688,22.68,22.673,22.673,22.688,22.673,22.688,22.688,22.673,22.657,22.657,22.611,22.619,22.634,22.642,22.642,22.665,22.665,22.665,22.642,22.657,22.626,22.626,22.634,22.642,22.649,22.649,22.642,22.634,22.626,22.626,22.634,22.642,22.634,22.626,22.619,22.626,22.603,22.619,22.611,22.603,22.603,22.595,22.595,22.603,22.619,22.619,22.603,22.588,22.603,22.572,22.588,22.557,22.526,22.526,22.464,22.479,22.51,22.526,22.518,22.534,22.534,22.518,22.526,22.534,22.503,22.503,22.487,22.464,22.464,22.464,22.495,22.518,22.51,22.518,22.503,22.51,22.526,22.534,22.541,22.549,22.518,22.503,22.51,22.495,22.518,22.526,22.487,22.51,22.495,22.495,22.487,22.479,22.479,22.503,22.51,22.518,22.526,22.534,22.495,22.518,22.503,22.479,22.518,22.472,22.479,22.487,22.503,22.51,22.526,22.541,22.541,22.534,22.526,22.526,22.526,22.51
,22.348,22.379,22.379,22.387,22.363,22.363,22.356,22.34,22.325,22.325,22.34,22.332,22.34,22.356,22.363,22.41,22.394,22.433,22.41,22.387,22.387,22.379,22.387,22.394,22.394,22.387,22.379,22.387,22.387,22.379,22.387,22.41,22.41,22.418,22.425,22.441,22.418,22.456,22.418,22.425,22.433,22.418,22.41,22.449,22.433,22.433,22.441,22.456,22.464,22.456,22.487,22.472,22.479,22.487,22.51,22.51,22.503,22.51,22.51,22.526,22.518,22.534,22.526,22.572,22.557,22.572,22.564,22.564,22.58,22.557,22.572,22.564,22.572,22.564,22.564,22.572,22.564,22.557,22.572,22.58,22.588,22.595,22.588,22.634,22.626,22.634,22.642,22.634,22.634,22.642,22.649,22.68,22.68,22.696,22.688,22.696,22.688,22.688,22.696,22.711,22.711,22.703,22.711,22.727,22.711,22.657,22.688,22.688,22.734,22.703,22.719,22.711,22.703,22.688,22.703,22.703,22.719,22.711,22.742,22.757,22.75,22.757,22.765,22.765,22.78,22.788,22.78,22.765,22.765,22.765,22.75,22.788,22.773,22.773,22.773,22.788,22.796,22.773,22.796,22.796,22.796,22.811,22.811,22.811,22.827,22.811,22.819,22.819,22.827,22.834,22.834,22.873,22.873,22.873,22.873,22.873,22.865,22.865,22.865,22.881,22.881,22.888,22.896,22.896,22.911,22.919,22.927,22.958,22.965,23.004,22.988,23.011,23.042,23.042,23.073,23.065,23.065,23.081,23.111,23.119,23.142,23.165,23.196,23.234,23.257,23.272,23.303,23.334,23.349,23.372,23.395,23.479,23.456,23.525,23.564,23.632,23.655,23.701,23.755,23.854,23.831,23.922,23.976,24.059,24.173,24.477,24.591,25.323,27.185,28.44,28.79,28.448,28.316,28.141,28.068,28.09,28.36,28.397,28.725,29.059,29.551,29.724,30.3,30.886,31.703,32.444,33.487,33.633,33.557,33.599,34.064,34.81,35.243,34.541,34.119,33.988,34.14,34.624,34.693,35.023,35.119,35.16,35.202,35.188,35.181,35.215,35.291,35.359,35.298,35.105,34.085,33.306,33.334,34.375,35.387,35.53,35.681,35.66,35.64,35.585,35.476,35.393,35.346,35.332,35.284,35.318,35.339,35.339,35.4,35.428,35.496,35.619,35.783,35.913,35.967,36.001,36.151,36.246,36.341,36.47,36.518,36.518,36.559,36.559,36.552,36.545,36.498,36.436,36.341,36.083,35.995,35.94,35.967,36.042,36.09,36.192,36.117,35.708,35.071,34.982,35.037,35.057,35.105,35.188,35.243,35.332,35.38,35.366,35.366,35.332,35.27,35.236,35.188,35.208,35.215,35.195,35.243,35.352,35.544,36.178,36.504,36.518,36.498,36.212,35.94,35.947,36.008,35.906,36.015,36.246,36.491,36.464,36.518,36.498,36.45,36.436,36.416,36.369,36.362,36.287,36.253,36.199,36.151,36.097,35.906,35.967,35.804,35.585,35.571,35.51,35.565,35.551,35.496,35.517,35.517,35.489,35.421,35.407,35.407,35.346,35.298,35.174,34.954,34.886,34.796,35.03,35.181,35.647,35.701,35.694,35.688,35.647,35.592,35.537,35.455,35.421,35.421,35.359,35.243,34.782,34.534,33.932,33.835,33.891,34.375,34.424,33.731,33.501,33.766,33.953,33.766,33.257,32.501,32.219,32.007,31.597,31.491,31.349,31.391,31.207,31.022,30.979,30.758,30.715,30.658,30.565,30.407,30.379,30.199,30.206,30.099,29.876,29.255,27.178,25.089,24.424,23.983,23.96,23.846,23.846,23.747,23.671,23.64,23.579,23.533,23.533,23.495,23.449,23.426,23.387,23.364,23.334,23.319,23.272,23.242,23.242,23.226,23.226,23.196,23.165,23.165,23.134,23.127,23.104,23.096,23.081,23.065,23.058,23.058,23.058,23.058,23.065,23.058,23.058,23.034,23.019,23.011,22.981,23.004,22.981,22.965,22.95,22.942,22.95,22.95,22.927,22.911,22.904,22.904,22.888,22.896,22.873,22.865,22.873,22.858,22.865,22.873,22.85,22.881,22.896,22.858,22.865,22.881,22.881,22.888,22.904,22.858,22.865,22.842,22.827,22.834,22.788,22.773,22.773,22.765,22.765,22.765,22.78,22.773,22.757,22.711,22.734,22.727,22.757,22.78,22.757,22.757,22.711,22.719,22.703,22.719,22.727,22.742,22.75,22.734,22.75,22.727,22.719,22.719,22.727,22.727,22.727,22.711,22.696,22.688,22.673,22.68,22.68,22.68,22.703,22.703,22.696,22.696,22.673,22.657,22.657,22.649,22.642,22.665,22.673,22.688,22.673,22.657,22.619,22.634,22.649,22.634,22.649,22.68,22.642,22.673,22.642,22.634,22.611,22.649,22.642,22.634,22.642,22.626,22.649,22.619,22.626,22.619,22.611,22.595,22.603,22.595,22.603,22.611,22.595,22.595,22.611,22.564,22.572,22.557,22.588,22.572,22.595,22.557,22.495,22.518,22.51,22.526,22.541,22.526,22.541,22.534,22.526,22.518,22.51,22.503,22.487,22.487,22.472,22.51,22.503,22.518,22.526,22.518,22.518,22.518,22.541,22.526,22.526,22.495,22.51,22.503,22.51,22.534,22.495,22.534,22.51,22.495,22.51,22.503,22.495,22.518,22.503,22.518,22.526,22.518,22.541,22.541,22.503,22.526,22.464,22.534,22.503,22.487,22.518,22.51,22.51,22.526,22.534,22.549,22.518,22.541,22.564,22.564,22.549
,22.356,22.379,22.371,22.363,22.379,22.356,22.356,22.325,22.34,22.332,22.325,22.332,22.332,22.348,22.356,22.387,22.387,22.418,22.41,22.379,22.402,22.394,22.402,22.387,22.394,22.387,22.379,22.363,22.394,22.387,22.402,22.402,22.41,22.387,22.418,22.425,22.425,22.456,22.441,22.433,22.433,22.433,22.425,22.433,22.433,22.433,22.441,22.449,22.464,22.487,22.487,22.487,22.487,22.495,22.495,22.549,22.526,22.518,22.51,22.503,22.518,22.526,22.541,22.541,22.541,22.572,22.572,22.572,22.572,22.541,22.564,22.58,22.572,22.564,22.572,22.557,22.549,22.58,22.557,22.588,22.611,22.58,22.611,22.619,22.626,22.626,22.626,22.626,22.626,22.649,22.657,22.673,22.688,22.696,22.688,22.673,22.688,22.657,22.657,22.696,22.711,22.703,22.711,22.727,22.68,22.688,22.696,22.696,22.711,22.727,22.734,22.727,22.711,22.703,22.703,22.703,22.734,22.742,22.75,22.757,22.757,22.765,22.765,22.773,22.788,22.804,22.78,22.765,22.765,22.765,22.78,22.78,22.78,22.78,22.78,22.804,22.796,22.804,22.811,22.804,22.811,22.827,22.827,22.827,22.811,22.819,22.827,22.811,22.827,22.834,22.85,22.858,22.865,22.865,22.873,22.881,22.858,22.865,22.865,22.881,22.881,22.888,22.904,22.904,22.911,22.927,22.911,22.958,22.973,22.981,23.011,23.019,23.027,23.065,23.081,23.073,23.096,23.104,23.111,23.134,23.15,23.196,23.219,23.234,23.257,23.296,23.303,23.334,23.349,23.426,23.456,23.472,23.518,23.541,23.609,23.663,23.716,23.732,23.785,23.846,23.877,24.044,24.044,24.272,24.545,24.719,25.45,25.997,28.104,30.02,30.285,30.321,30.099,29.472,29.298,29.182,29.226,29.399,29.674,29.847,30.206,30.379,31.086,31.668,32.711,33.411,33.557,33.515,33.724,33.633,33.849,34.817,34.947,34.507,34.112,34.002,34.299,34.693,34.851,35.051,35.105,35.16,35.236,35.229,35.277,35.366,35.421,35.373,35.25,34.672,34.043,33.87,34.527,35.565,35.94,35.804,35.715,35.694,35.653,35.606,35.558,35.455,35.373,35.325,35.325,35.325,35.332,35.352,35.366,35.469,35.482,35.715,35.872,35.96,35.995,36.124,36.212,36.314,36.43,36.47,36.518,36.491,36.545,36.545,36.525,36.545,36.484,36.436,36.26,35.981,35.824,35.81,35.79,35.872,36.035,36.165,36.022,35.229,34.927,34.865,34.941,35.009,35.085,35.229,35.277,35.318,35.359,35.373,35.359,35.298,35.229,35.133,35.188,35.195,35.208,35.126,35.085,35.195,35.393,35.756,36.369,36.518,36.43,36.185,35.981,35.858,35.824,35.77,35.783,35.913,36.206,36.287,36.328,36.226,36.307,36.24,36.28,36.287,36.246,36.226,36.192,36.172,36.185,36.063,36.138,35.974,35.92,35.865,35.722,35.667,35.667,35.619,35.612,35.565,35.544,35.503,35.387,35.346,35.222,35.092,35.14,34.996,34.686,34.748,34.982,34.996,35.202,35.585,35.715,35.681,35.749,35.633,35.606,35.496,35.441,35.421,35.38,35.325,35.188,34.858,34.444,33.932,33.856,33.87,34.265,34.472,33.918,33.585,33.752,34.002,33.835,33.668,33.362,32.964,32.515,32.113,31.993,31.937,31.462,31.257,31.128,30.915,30.801,30.772,30.643,30.622,30.622,30.407,30.357,30.314,30.214,30.127,29.948,29.226,26.712,24.984,24.249,23.945,23.884,23.831,23.793,23.77,23.64,23.579,23.564,23.518,23.487,23.487,23.433,23.403,23.38,23.349,23.326,23.288,23.265,23.257,23.234,23.234,23.203,23.18,23.165,23.15,23.119,23.104,23.088,23.073,23.058,23.058,23.058,23.058,23.065,23.065,23.05,23.042,23.058,23.05,23.019,23.004,23.027,22.981,22.973,22.942,22.942,22.942,22.927,22.934,22.919,22.911,22.904,22.904,22.888,22.873,22.873,22.881,22.881,22.888,22.881,22.873,22.888,22.865,22.865,22.888,22.896,22.896,22.911,22.881,22.881,22.881,22.858,22.842,22.834,22.819,22.788,22.78,22.757,22.765,22.796,22.773,22.788,22.78,22.75,22.757,22.727,22.773,22.765,22.78,22.757,22.727,22.727,22.711,22.727,22.727,22.75,22.75,22.742,22.742,22.734,22.727,22.734,22.719,22.742,22.719,22.711,22.711,22.703,22.703,22.688,22.688,22.696,22.711,22.711,22.727,22.711,22.688,22.657,22.68,22.696,22.649,22.68,22.688,22.68,22.68,22.673,22.649,22.634,22.657,22.619,22.649,22.642,22.665,22.649,22.626,22.619,22.626,22.634,22.634,22.657,22.634,22.603,22.634,22.619,22.619,22.626,22.619,22.619,22.611,22.619,22.603,22.611,22.642,22.634,22.611,22.611,22.588,22.564,22.557,22.634,22.572,22.564,22.541,22.549,22.526,22.518,22.541,22.557,22.518,22.526,22.526,22.534,22.526,22.526,22.487,22.472,22.51,22.51,22.518,22.503,22.534,22.495,22.51,22.495,22.518,22.51,22.503,22.51,22.534,22.518,22.534,22.549,22.549,22.549,22.534,22.534,22.51,22.526,22.503,22.51,22.526,22.503,22.534,22.557,22.572,22.526,22.534,22.541,22.534,22.526,22.526,22.518,22.51,22.518,22.549,22.518,22.526,22.557,22.51,22.487,22.526,22.541,22.534
,22.356,22.356,22.371,22.379,22.379,22.379,22.394,22.371,22.348,22.332,22.325,22.34,22.34,22.356,22.363,22.371,22.379,22.41,22.41,22.394,22.387,22.41,22.394,22.394,22.387,22.371,22.371,22.371,22.387,22.402,22.348,22.41,22.402,22.402,22.425,22.433,22.433,22.449,22.433,22.433,22.449,22.425,22.441,22.433,22.433,22.449,22.449,22.425,22.433,22.503,22.487,22.495,22.503,22.51,22.534,22.495,22.503,22.518,22.549,22.526,22.526,22.534,22.518,22.541,22.557,22.549,22.572,22.564,22.588,22.595,22.572,22.588,22.58,22.58,22.588,22.58,22.58,22.595,22.572,22.588,22.557,22.611,22.603,22.603,22.626,22.626,22.634,22.626,22.626,22.619,22.649,22.68,22.688,22.696,22.68,22.665,22.688,22.673,22.673,22.696,22.688,22.696,22.711,22.688,22.673,22.703,22.673,22.711,22.742,22.742,22.742,22.734,22.719,22.696,22.688,22.727,22.734,22.75,22.765,22.765,22.757,22.757,22.757,22.765,22.78,22.78,22.78,22.788,22.773,22.773,22.773,22.773,22.765,22.78,22.78,22.804,22.819,22.819,22.819,22.819,22.834,22.827,22.819,22.819,22.811,22.819,22.827,22.827,22.834,22.85,22.858,22.865,22.865,22.865,22.865,22.858,22.865,22.858,22.865,22.881,22.888,22.888,22.896,22.911,22.919,22.927,22.958,22.965,22.981,22.973,23.004,23.042,23.05,23.073,23.096,23.081,23.104,23.096,23.119,23.15,23.18,23.203,23.242,23.272,23.288,23.296,23.319,23.364,23.418,23.418,23.464,23.472,23.533,23.594,23.64,23.693,23.739,23.755,23.846,23.907,23.976,24.113,24.318,24.591,25.014,25.818,27.701,29.436,30.414,30.915,31.029,31.107,31.157,31.114,31.107,30.993,30.986,31.015,31.1,31.178,31.448,31.696,32.099,32.795,33.082,33.376,33.404,33.487,33.466,33.557,33.828,34.824,34.879,34.327,34.015,33.995,34.313,34.61,34.941,35.057,35.126,35.174,35.222,35.25,35.346,35.435,35.455,35.277,34.686,34.105,34.195,34.734,35.476,35.954,36.11,35.92,35.81,35.804,35.701,35.64,35.517,35.469,35.407,35.38,35.359,35.38,35.359,35.332,35.455,35.469,35.558,35.831,35.913,35.988,36.056,36.192,36.28,36.335,36.409,36.45,36.498,36.552,36.538,36.498,36.538,36.457,36.43,36.389,35.995,35.817,35.77,35.729,35.735,35.845,36.029,36.097,35.681,35.002,34.81,34.562,34.769,34.961,35.03,35.174,35.236,35.318,35.332,35.27,35.284,35.181,35.167,35.071,35.112,35.16,35.119,35.064,34.941,34.968,35.202,35.647,36.206,36.355,36.321,36.206,35.954,35.804,35.633,35.681,35.681,35.831,35.974,36.008,36.029,36.035,36.131,36.117,36.124,36.104,36.104,36.124,36.063,36.063,35.988,35.933,36.049,35.933,35.831,35.749,35.776,35.647,35.612,35.585,35.558,35.482,35.414,35.352,35.229,35.14,34.996,34.658,34.7,34.831,34.672,34.631,34.872,35.393,35.578,35.469,35.674,35.681,35.674,35.653,35.599,35.462,35.414,35.414,35.332,35.236,35.092,34.934,34.727,34.105,33.849,33.856,33.995,34.348,34.112,33.759,33.71,33.897,33.891,33.619,33.222,32.95,32.543,32.297,32.085,31.788,31.462,31.306,31.136,30.993,30.908,30.829,30.622,30.622,30.565,30.443,30.457,30.242,30.235,30.214,30.163,29.926,28.819,25.623,24.287,24.029,23.953,23.899,23.816,23.724,23.678,23.64,23.564,23.548,23.51,23.502,23.433,23.395,23.38,23.349,23.326,23.303,23.28,23.249,23.249,23.242,23.219,23.196,23.157,23.134,23.157,23.088,23.088,23.073,23.065,23.05,23.058,23.05,23.058,23.065,23.058,23.034,23.027,23.004,23.027,23.019,22.996,22.988,22.958,22.942,22.942,22.934,22.942,22.927,22.911,22.911,22.896,22.888,22.888,22.873,22.873,22.873,22.873,22.896,22.904,22.896,22.858,22.873,22.873,22.873,22.881,22.888,22.911,22.911,22.85,22.896,22.888,22.865,22.834,22.819,22.796,22.773,22.773,22.788,22.796,22.78,22.788,22.788,22.765,22.765,22.757,22.765,22.78,22.765,22.757,22.75,22.727,22.727,22.727,22.727,22.727,22.75,22.742,22.75,22.742,22.727,22.75,22.727,22.734,22.734,22.711,22.711,22.703,22.703,22.727,22.688,22.696,22.711,22.719,22.703,22.742,22.719,22.703,22.688,22.68,22.696,22.703,22.688,22.688,22.68,22.673,22.657,22.642,22.634,22.626,22.657,22.642,22.626,22.626,22.619,22.619,22.626,22.626,22.619,22.611,22.626,22.595,22.595,22.595,22.619,22.634,22.626,22.626,22.619,22.634,22.626,22.626,22.634,22.619,22.634,22.58,22.564,22.595,22.541,22.619,22.58,22.588,22.541,22.549,22.534,22.541,22.549,22.541,22.541,22.541,22.541,22.541,22.534,22.549,22.541,22.503,22.487,22.503,22.503,22.503,22.495,22.495,22.495,22.51,22.51,22.51,22.503,22.503,22.495,22.479,22.503,22.549,22.564,22.541,22.534,22.541,22.51,22.534,22.518,22.503,22.518,22.526,22.534,22.557,22.572,22.58,22.564,22.564,22.534,22.541,22.518,22.534,22.534,22.526,22.534,22.534,22.534,22.495,22.572,22.534,22.503,22.541,22.51
,22.371,22.363,22.371,22.356,22.387,22.387,22.379,22.371,22.363,22.356,22.348,22.34,22.34,22.356,22.348,22.379,22.402,22.402,22.394,22.41,22.418,22.394,22.379,22.41,22.402,22.387,22.371,22.387,22.379,22.402,22.394,22.418,22.41,22.402,22.433,22.425,22.418,22.449,22.425,22.433,22.441,22.456,22.441,22.441,22.449,22.441,22.456,22.433,22.472,22.487,22.503,22.51,22.503,22.51,22.51,22.541,22.58,22.534,22.534,22.526,22.534,22.534,22.534,22.564,22.557,22.588,22.603,22.564,22.595,22.626,22.588,22.588,22.588,22.595,22.595,22.603,22.603,22.603,22.595,22.634,22.588,22.58,22.564,22.603,22.619,22.619,22.634,22.642,22.642,22.657,22.68,22.68,22.688,22.688,22.673,22.657,22.688,22.68,22.649,22.665,22.68,22.688,22.68,22.688,22.68,22.673,22.696,22.703,22.727,22.742,22.727,22.727,22.711,22.711,22.711,22.719,22.742,22.765,22.765,22.757,22.757,22.757,22.765,22.757,22.773,22.78,22.78,22.78,22.788,22.78,22.796,22.773,22.765,22.773,22.78,22.811,22.819,22.819,22.827,22.827,22.827,22.827,22.819,22.827,22.819,22.834,22.827,22.834,22.842,22.85,22.858,22.873,22.873,22.873,22.865,22.865,22.865,22.865,22.873,22.873,22.896,22.896,22.911,22.904,22.911,22.942,22.942,22.965,22.981,22.988,23.019,23.027,23.042,23.081,23.081,23.081,23.088,23.096,23.119,23.173,23.165,23.219,23.242,23.288,23.303,23.311,23.334,23.372,23.395,23.464,23.472,23.502,23.586,23.594,23.632,23.663,23.777,23.808,23.854,23.93,24.006,24.166,24.583,25.134,26.978,29.385,30.558,30.886,30.965,31.007,31.136,31.221,31.228,31.285,31.555,31.618,31.817,31.831,31.88,32.127,32.472,32.648,32.823,32.943,33.306,33.362,33.431,33.411,33.383,33.619,34.029,34.803,34.686,34.327,34.002,33.988,34.375,34.81,34.858,35.133,35.188,35.222,35.263,35.339,35.393,35.435,35.291,34.665,34.424,34.624,35.023,35.215,35.797,35.933,36.063,35.981,35.906,35.797,35.749,35.681,35.585,35.53,35.489,35.455,35.38,35.393,35.428,35.373,35.462,35.565,35.674,35.749,35.906,36.049,36.11,36.219,36.287,36.307,36.362,36.457,36.484,36.362,36.47,36.321,36.464,36.24,36.274,36.09,36.042,35.817,35.756,35.735,35.688,35.77,35.913,35.831,35.503,34.872,34.355,34.396,34.589,34.789,34.927,35.085,35.112,35.277,35.277,35.236,35.154,35.078,34.989,35.016,35.023,35.023,34.982,34.844,34.844,34.81,35.14,35.332,35.571,36.185,36.274,36.178,36.015,35.694,35.551,35.571,35.606,35.681,35.824,35.967,35.947,36.001,36.076,36.063,36.09,36.076,36.09,36.029,36.022,35.954,35.94,35.845,35.851,35.783,35.694,35.653,35.606,35.544,35.51,35.435,35.277,35.256,35.291,35.298,35.195,34.954,34.617,34.7,34.576,34.527,34.645,34.755,35.133,35.366,35.592,35.578,35.674,35.681,35.653,35.578,35.482,35.428,35.393,35.359,35.325,35.284,35.126,34.851,34.596,34.23,34.05,33.849,33.863,34.23,34.355,33.731,33.724,33.967,33.946,33.654,33.327,32.837,32.599,32.17,32,31.661,31.455,31.299,31.221,31.107,30.865,30.815,30.722,30.643,30.536,30.5,30.479,30.3,30.257,30.314,30.271,30.206,29.84,26.8,24.818,24.189,23.998,23.907,23.785,23.755,23.709,23.648,23.594,23.586,23.533,23.548,23.479,23.41,23.387,23.357,23.326,23.311,23.272,23.272,23.249,23.234,23.234,23.211,23.18,23.142,23.127,23.096,23.081,23.073,23.058,23.05,23.05,23.042,23.065,23.058,23.042,23.042,23.011,23.019,23.042,22.981,22.996,22.973,22.942,22.934,22.934,22.927,22.942,22.95,22.904,22.896,22.904,22.873,22.896,22.873,22.873,22.873,22.888,22.904,22.896,22.873,22.881,22.858,22.858,22.858,22.873,22.873,22.896,22.896,22.888,22.888,22.888,22.858,22.842,22.827,22.804,22.788,22.78,22.788,22.796,22.78,22.796,22.78,22.78,22.757,22.765,22.78,22.765,22.78,22.773,22.757,22.75,22.727,22.742,22.719,22.727,22.742,22.742,22.75,22.734,22.742,22.734,22.757,22.757,22.734,22.742,22.719,22.711,22.711,22.719,22.703,22.711,22.719,22.727,22.727,22.75,22.711,22.688,22.696,22.688,22.688,22.68,22.696,22.688,22.688,22.673,22.68,22.642,22.649,22.642,22.642,22.665,22.634,22.634,22.619,22.619,22.619,22.619,22.619,22.634,22.642,22.595,22.588,22.611,22.619,22.626,22.642,22.642,22.634,22.634,22.626,22.665,22.634,22.619,22.595,22.619,22.564,22.595,22.619,22.572,22.572,22.588,22.572,22.557,22.564,22.541,22.557,22.557,22.541,22.526,22.526,22.541,22.549,22.557,22.526,22.518,22.541,22.503,22.526,22.495,22.487,22.487,22.487,22.495,22.495,22.495,22.495,22.503,22.487,22.479,22.541,22.518,22.564,22.503,22.549,22.518,22.534,22.518,22.534,22.503,22.518,22.518,22.549,22.534,22.572,22.541,22.557,22.549,22.534,22.557,22.541,22.518,22.549,22.541,22.549,22.541,22.564,22.541,22.541,22.549,22.503,22.518,22.534
,22.371,22.371,22.356,22.394,22.387,22.387,22.387,22.371,22.348,22.363,22.34,22.356,22.348,22.348,22.356,22.363,22.371,22.371,22.387,22.387,22.402,22.41,22.402,22.379,22.379,22.394,22.371,22.371,22.387,22.387,22.402,22.402,22.41,22.394,22.41,22.418,22.418,22.433,22.418,22.402,22.456,22.402,22.418,22.449,22.449,22.441,22.456,22.464,22.479,22.503,22.51,22.503,22.526,22.518,22.534,22.51,22.541,22.526,22.534,22.51,22.549,22.541,22.526,22.572,22.588,22.564,22.595,22.603,22.595,22.588,22.588,22.588,22.58,22.595,22.588,22.603,22.595,22.595,22.588,22.549,22.572,22.564,22.588,22.595,22.626,22.626,22.642,22.657,22.657,22.657,22.68,22.673,22.673,22.68,22.696,22.68,22.649,22.634,22.649,22.665,22.673,22.665,22.688,22.688,22.68,22.703,22.711,22.719,22.727,22.734,22.719,22.719,22.711,22.711,22.727,22.734,22.75,22.765,22.757,22.757,22.75,22.757,22.75,22.757,22.773,22.78,22.773,22.796,22.796,22.78,22.796,22.773,22.773,22.78,22.788,22.804,22.819,22.827,22.827,22.827,22.827,22.819,22.819,22.804,22.811,22.827,22.819,22.834,22.842,22.858,22.865,22.865,22.873,22.865,22.865,22.865,22.858,22.865,22.881,22.873,22.888,22.896,22.896,22.904,22.919,22.919,22.95,22.981,22.965,22.988,23.011,23.027,23.05,23.081,23.073,23.081,23.096,23.088,23.134,23.173,23.188,23.226,23.272,23.257,23.311,23.326,23.341,23.38,23.433,23.441,23.495,23.51,23.564,23.617,23.686,23.747,23.777,23.854,23.945,24.097,24.204,24.515,25.149,27.414,29.703,30.565,30.865,31,31.022,31.086,31.121,31.15,31.264,31.356,31.626,31.675,31.803,31.852,31.972,32.12,32.311,32.564,32.788,33.005,33.18,33.285,33.32,33.292,33.32,33.494,34.105,34.734,34.693,34.355,33.946,33.967,34.375,34.775,34.975,35.105,35.208,35.243,35.304,35.393,35.366,35.359,34.989,35.078,35.051,35.229,35.256,35.407,35.359,35.558,35.79,36.001,35.879,35.933,35.838,35.804,35.674,35.571,35.612,35.558,35.558,35.51,35.537,35.537,35.619,35.694,35.783,35.913,36.022,36.097,36.172,36.199,36.301,36.287,36.253,36.314,36.335,36.192,36.192,36.117,36.097,36.083,36.069,36.042,35.933,35.81,35.776,35.708,35.729,35.749,35.865,35.633,35.009,34.431,34.334,34.182,34.368,34.707,34.879,34.954,35.099,35.215,35.208,35.112,35.085,35.002,34.996,34.954,34.941,34.934,34.879,34.672,34.748,34.707,34.803,35.044,35.263,35.899,36.124,35.94,35.954,35.742,35.585,35.524,35.53,35.66,35.701,35.831,35.899,35.981,36.022,36.069,36.069,36.069,36.11,36.029,36.001,35.947,35.926,35.831,35.729,35.735,35.66,35.619,35.606,35.256,35.441,35.4,35.085,34.975,35.222,35.243,35.202,34.7,34.5,34.507,34.603,34.562,34.569,35.099,35.469,35.571,35.489,35.66,35.653,35.612,35.592,35.462,35.489,35.38,35.352,35.284,35.202,35.243,35.078,34.824,34.444,34.265,34.036,33.821,33.87,34.085,34.375,34.036,33.696,34.126,33.918,33.696,33.243,32.971,32.69,32.142,31.887,31.611,31.47,31.328,31.235,31.007,30.965,30.829,30.858,30.708,30.572,30.522,30.522,30.465,30.386,30.293,30.328,30.285,30.135,28.492,25.338,24.325,24.12,23.922,23.816,23.816,23.724,23.648,23.594,23.571,23.556,23.51,23.472,23.395,23.38,23.349,23.326,23.311,23.28,23.265,23.249,23.234,23.226,23.219,23.18,23.165,23.119,23.104,23.081,23.081,23.065,23.05,23.058,23.05,23.042,23.042,23.042,23.034,23.011,22.996,22.981,22.988,23.004,22.973,22.958,22.942,22.934,22.942,22.95,22.927,22.904,22.881,22.881,22.881,22.873,22.896,22.865,22.881,22.881,22.881,22.896,22.881,22.873,22.865,22.858,22.858,22.865,22.865,22.888,22.881,22.896,22.881,22.865,22.865,22.842,22.85,22.804,22.796,22.796,22.804,22.78,22.765,22.773,22.773,22.765,22.773,22.773,22.757,22.757,22.757,22.757,22.75,22.727,22.742,22.734,22.719,22.742,22.734,22.734,22.742,22.757,22.75,22.75,22.742,22.734,22.727,22.727,22.719,22.727,22.75,22.727,22.711,22.727,22.711,22.727,22.742,22.719,22.703,22.673,22.68,22.688,22.68,22.688,22.673,22.688,22.68,22.68,22.68,22.665,22.657,22.657,22.657,22.642,22.634,22.626,22.619,22.619,22.611,22.619,22.634,22.634,22.603,22.588,22.603,22.588,22.619,22.626,22.649,22.642,22.642,22.634,22.642,22.642,22.649,22.619,22.595,22.603,22.534,22.557,22.541,22.564,22.588,22.564,22.572,22.572,22.58,22.588,22.588,22.534,22.51,22.564,22.526,22.541,22.541,22.557,22.549,22.549,22.534,22.526,22.503,22.495,22.487,22.487,22.487,22.487,22.487,22.495,22.495,22.503,22.495,22.518,22.541,22.541,22.549,22.526,22.518,22.487,22.526,22.503,22.51,22.503,22.495,22.534,22.495,22.564,22.572,22.557,22.557,22.534,22.557,22.564,22.526,22.549,22.549,22.534,22.572,22.541,22.549,22.541,22.518,22.526,22.518,22.518,22.518
,22.363,22.371,22.387,22.387,22.418,22.379,22.379,22.379,22.371,22.356,22.356,22.356,22.348,22.348,22.34,22.371,22.387,22.387,22.371,22.394,22.356,22.418,22.394,22.402,22.41,22.394,22.394,22.387,22.387,22.394,22.394,22.394,22.402,22.394,22.425,22.41,22.402,22.425,22.418,22.456,22.441,22.41,22.441,22.449,22.449,22.464,22.472,22.449,22.449,22.51,22.51,22.518,22.51,22.518,22.518,22.526,22.526,22.518,22.541,22.549,22.564,22.564,22.595,22.588,22.572,22.588,22.603,22.588,22.595,22.595,22.588,22.572,22.588,22.58,22.588,22.595,22.588,22.58,22.564,22.564,22.572,22.572,22.595,22.611,22.619,22.634,22.642,22.657,22.657,22.665,22.657,22.642,22.673,22.673,22.688,22.696,22.657,22.665,22.657,22.657,22.673,22.665,22.673,22.68,22.703,22.703,22.703,22.711,22.711,22.719,22.711,22.719,22.719,22.719,22.734,22.734,22.75,22.742,22.75,22.75,22.742,22.742,22.757,22.757,22.765,22.78,22.78,22.796,22.804,22.796,22.804,22.804,22.78,22.78,22.788,22.804,22.811,22.827,22.842,22.827,22.819,22.811,22.804,22.804,22.811,22.819,22.834,22.834,22.834,22.865,22.865,22.873,22.873,22.873,22.865,22.865,22.865,22.881,22.881,22.888,22.888,22.896,22.904,22.911,22.927,22.95,22.965,22.988,23.004,23.004,23.019,23.05,23.042,23.088,23.119,23.065,23.119,23.088,23.142,23.188,23.203,23.242,23.265,23.296,23.311,23.334,23.372,23.387,23.433,23.456,23.487,23.533,23.586,23.617,23.716,23.762,23.838,23.861,23.953,24.12,24.477,24.961,26.912,29.681,30.736,30.972,31,31.022,31.079,31.128,31.143,31.221,31.249,31.257,31.526,31.703,31.767,31.887,32.142,32.247,32.353,32.416,32.767,32.9,32.943,33.187,33.124,33.208,33.243,33.571,34.299,34.693,34.555,34.341,34.015,34.05,34.479,34.81,35.037,35.119,35.195,35.263,35.359,35.38,35.4,35.359,35.346,35.284,35.16,35.277,35.298,35.291,35.243,35.332,35.626,35.653,35.858,35.94,35.892,35.831,35.776,35.797,35.701,35.749,35.688,35.694,35.694,35.688,35.756,35.79,35.81,35.92,35.988,36.117,36.178,36.192,36.219,36.144,36.178,36.212,36.138,36.063,35.967,36.069,36.117,36.029,36.042,35.967,35.974,35.858,35.763,35.729,35.756,35.79,35.688,35.133,34.589,34.209,34.078,34.078,34.223,34.589,34.665,34.844,34.927,35.174,35.174,35.112,35.105,34.934,34.927,34.892,34.886,34.858,34.769,34.582,34.52,34.548,34.651,34.824,35.291,35.537,35.92,35.879,35.763,35.804,35.619,35.503,35.482,35.558,35.599,35.783,35.851,35.926,35.988,36.015,36.022,36.042,36.049,36.015,36.001,35.96,35.94,35.817,35.756,35.708,35.674,35.64,35.489,35.428,35.393,35.428,35.27,34.589,35.16,35.243,35.229,35.112,34.617,34.52,34.589,34.892,34.645,35.16,35.551,35.599,35.619,35.633,35.674,35.558,35.551,35.407,35.393,35.339,35.236,35.188,35.16,35.181,35.119,34.906,34.431,34.299,34.23,33.835,33.8,33.967,34.209,33.911,33.647,33.939,33.849,33.438,33.187,32.907,32.515,32.142,31.958,31.675,31.484,31.477,31.391,31.249,31.285,31.235,31.363,31.427,31.427,31.285,31.2,30.986,30.543,30.436,30.364,30.429,30.379,29.443,26.169,24.53,24.105,23.938,23.869,23.785,23.678,23.671,23.632,23.579,23.548,23.518,23.479,23.403,23.387,23.364,23.326,23.303,23.288,23.265,23.249,23.249,23.226,23.226,23.211,23.188,23.134,23.119,23.104,23.088,23.073,23.065,23.042,23.034,23.011,23.027,23.042,23.019,23.027,23.004,22.973,22.981,22.973,22.981,22.965,22.958,22.95,22.934,22.95,22.934,22.896,22.881,22.881,22.873,22.888,22.888,22.873,22.873,22.865,22.865,22.865,22.873,22.873,22.858,22.85,22.858,22.865,22.873,22.881,22.858,22.888,22.865,22.858,22.842,22.834,22.834,22.804,22.827,22.819,22.78,22.78,22.765,22.773,22.765,22.765,22.78,22.757,22.773,22.75,22.757,22.742,22.734,22.742,22.711,22.719,22.727,22.727,22.734,22.719,22.75,22.765,22.75,22.765,22.75,22.819,22.719,22.727,22.734,22.734,22.727,22.742,22.719,22.719,22.727,22.727,22.711,22.727,22.703,22.673,22.673,22.665,22.665,22.688,22.673,22.665,22.68,22.673,22.688,22.688,22.673,22.657,22.665,22.649,22.642,22.634,22.626,22.619,22.611,22.611,22.642,22.611,22.611,22.603,22.603,22.603,22.619,22.634,22.634,22.634,22.626,22.634,22.649,22.626,22.634,22.619,22.611,22.564,22.572,22.557,22.526,22.595,22.595,22.572,22.572,22.595,22.588,22.603,22.603,22.549,22.534,22.564,22.541,22.541,22.541,22.526,22.549,22.541,22.557,22.549,22.534,22.503,22.495,22.487,22.487,22.495,22.495,22.495,22.503,22.495,22.51,22.526,22.534,22.572,22.572,22.557,22.518,22.518,22.495,22.487,22.487,22.495,22.495,22.495,22.503,22.526,22.588,22.572,22.541,22.518,22.534,22.526,22.549,22.564,22.557,22.549,22.564,22.549,22.526,22.518,22.526,22.557,22.518,22.541,22.534
,22.363,22.379,22.379,22.394,22.387,22.363,22.387,22.363,22.356,22.363,22.34,22.348,22.34,22.356,22.363,22.356,22.363,22.379,22.363,22.363,22.363,22.379,22.394,22.387,22.394,22.402,22.387,22.387,22.363,22.387,22.379,22.394,22.387,22.402,22.394,22.41,22.394,22.41,22.418,22.394,22.418,22.418,22.425,22.449,22.464,22.464,22.472,22.472,22.495,22.495,22.503,22.51,22.51,22.534,22.526,22.526,22.526,22.541,22.557,22.526,22.572,22.572,22.58,22.588,22.572,22.595,22.588,22.595,22.588,22.595,22.58,22.58,22.58,22.572,22.572,22.572,22.572,22.564,22.557,22.564,22.58,22.588,22.595,22.611,22.611,22.619,22.642,22.657,22.642,22.657,22.642,22.634,22.657,22.68,22.68,22.68,22.673,22.665,22.665,22.665,22.673,22.665,22.665,22.673,22.673,22.688,22.703,22.719,22.711,22.703,22.703,22.711,22.703,22.719,22.734,22.742,22.742,22.75,22.75,22.727,22.727,22.742,22.757,22.78,22.78,22.773,22.757,22.788,22.796,22.796,22.78,22.78,22.773,22.796,22.796,22.811,22.811,22.827,22.819,22.819,22.819,22.804,22.804,22.796,22.796,22.811,22.834,22.819,22.834,22.85,22.873,22.881,22.873,22.873,22.865,22.858,22.865,22.873,22.881,22.904,22.896,22.911,22.911,22.919,22.934,22.95,22.958,22.981,23.004,23.011,23.019,23.042,23.05,23.042,23.081,23.073,23.088,23.111,23.173,23.188,23.219,23.257,23.272,23.311,23.319,23.341,23.357,23.387,23.426,23.441,23.479,23.533,23.602,23.655,23.693,23.762,23.823,23.869,23.945,24.135,24.606,25.907,29.182,30.636,30.851,30.943,30.986,31.057,31.086,31.136,31.164,31.2,31.242,31.413,31.533,31.682,31.739,31.852,32.043,32.198,32.297,32.564,32.718,32.879,33.005,33.04,32.991,33.18,33.201,33.633,34.368,34.734,34.582,34.119,33.988,34.057,34.417,34.727,34.879,35.03,35.215,35.263,35.332,35.387,35.373,35.366,35.352,35.407,35.524,35.544,35.435,35.27,35.236,35.202,35.112,35.284,35.428,35.619,35.708,35.667,35.701,35.763,35.735,35.729,35.735,35.715,35.742,35.783,35.838,35.865,35.892,35.913,36.029,35.954,36.076,36.029,36.063,35.954,35.954,35.899,35.92,35.906,35.906,35.886,35.94,35.954,35.988,35.967,35.886,35.81,35.735,35.701,35.763,35.797,35.503,34.686,34.182,33.981,33.738,33.911,34.029,34.078,34.292,34.672,34.968,35.016,35.071,35.085,35.016,34.927,34.851,34.837,34.837,34.831,34.796,34.486,34.41,34.527,34.541,34.748,34.92,35.441,35.66,35.756,35.708,35.817,35.824,35.496,35.421,35.476,35.537,35.64,35.797,35.879,35.947,35.974,35.988,35.967,36.029,35.974,35.981,35.954,35.947,35.81,35.729,35.715,35.708,35.653,35.551,35.4,35.435,35.469,35.318,34.961,35.167,35.229,35.229,35.25,35.195,34.651,34.617,34.844,35.14,35.318,35.503,35.606,35.64,35.653,35.633,35.619,35.469,35.387,35.304,35.25,35.105,35.057,35.064,35.154,35.085,34.782,34.465,34.285,34.23,33.842,33.8,33.828,34.008,33.918,33.724,33.87,33.821,33.473,33.033,32.872,33.026,33.019,33.04,32.914,32.795,32.921,32.809,32.858,32.774,32.809,32.83,32.823,32.928,33.068,33.082,32.844,31.562,30.822,30.529,30.593,30.414,29.905,27.259,24.689,24.257,24.075,23.854,23.785,23.686,23.671,23.609,23.594,23.525,23.472,23.464,23.41,23.387,23.349,23.341,23.272,23.296,23.249,23.234,23.234,23.234,23.203,23.188,23.173,23.127,23.119,23.096,23.096,23.081,23.05,23.042,23.011,23.019,23.034,23.034,23.019,23.004,22.988,22.981,22.958,22.981,22.958,22.958,22.927,22.95,22.927,22.934,22.911,22.888,22.881,22.873,22.888,22.896,22.873,22.881,22.873,22.865,22.858,22.858,22.858,22.858,22.858,22.858,22.858,22.858,22.865,22.865,22.865,22.873,22.85,22.85,22.842,22.834,22.834,22.804,22.804,22.796,22.765,22.78,22.765,22.765,22.757,22.765,22.765,22.757,22.765,22.765,22.757,22.75,22.734,22.734,22.734,22.742,22.742,22.742,22.734,22.742,22.75,22.757,22.75,22.742,22.742,22.727,22.719,22.703,22.703,22.742,22.727,22.734,22.711,22.703,22.719,22.703,22.734,22.711,22.711,22.665,22.665,22.665,22.688,22.688,22.688,22.696,22.673,22.703,22.696,22.657,22.649,22.657,22.649,22.657,22.649,22.657,22.634,22.626,22.642,22.626,22.642,22.619,22.634,22.634,22.642,22.642,22.634,22.626,22.603,22.603,22.619,22.611,22.611,22.657,22.603,22.619,22.588,22.588,22.564,22.58,22.595,22.564,22.572,22.557,22.588,22.588,22.588,22.572,22.58,22.557,22.557,22.534,22.534,22.549,22.534,22.526,22.541,22.534,22.549,22.549,22.541,22.557,22.51,22.487,22.487,22.487,22.495,22.495,22.495,22.51,22.518,22.526,22.549,22.58,22.557,22.557,22.518,22.526,22.495,22.487,22.526,22.495,22.495,22.541,22.549,22.541,22.557,22.541,22.541,22.549,22.534,22.541,22.549,22.557,22.557,22.549,22.549,22.549,22.518,22.518,22.526,22.534,22.549,22.58,22.51
,22.356,22.371,22.379,22.379,22.371,22.356,22.34,22.348,22.332,22.332,22.317,22.34,22.348,22.387,22.356,22.387,22.363,22.363,22.348,22.363,22.363,22.371,22.394,22.387,22.387,22.394,22.379,22.379,22.363,22.371,22.363,22.363,22.379,22.394,22.402,22.394,22.394,22.387,22.418,22.41,22.441,22.449,22.441,22.441,22.456,22.472,22.479,22.472,22.487,22.495,22.495,22.495,22.503,22.518,22.518,22.518,22.526,22.526,22.541,22.541,22.557,22.557,22.572,22.595,22.588,22.58,22.588,22.588,22.595,22.58,22.572,22.549,22.549,22.564,22.564,22.557,22.557,22.557,22.549,22.564,22.58,22.588,22.603,22.611,22.626,22.626,22.634,22.634,22.603,22.603,22.626,22.619,22.657,22.673,22.665,22.68,22.68,22.673,22.673,22.657,22.673,22.673,22.665,22.68,22.657,22.696,22.696,22.703,22.703,22.703,22.703,22.711,22.719,22.711,22.719,22.734,22.742,22.75,22.727,22.727,22.727,22.727,22.757,22.765,22.757,22.773,22.773,22.765,22.765,22.773,22.788,22.78,22.788,22.788,22.796,22.804,22.811,22.796,22.804,22.811,22.804,22.796,22.788,22.796,22.804,22.804,22.819,22.827,22.85,22.858,22.842,22.865,22.865,22.865,22.865,22.865,22.873,22.873,22.888,22.911,22.896,22.904,22.919,22.919,22.95,22.973,22.965,22.973,23.004,23.011,23.042,23.042,23.058,23.058,23.05,23.088,23.096,23.157,23.188,23.203,23.234,23.257,23.288,23.311,23.326,23.364,23.372,23.403,23.433,23.456,23.495,23.533,23.64,23.671,23.755,23.793,23.846,23.938,24.029,24.287,24.916,27.488,30.235,30.736,30.95,30.986,31.022,31.064,31.093,31.171,31.2,31.235,31.271,31.37,31.441,31.604,31.668,31.739,31.986,32.149,32.332,32.451,32.641,32.788,32.893,32.914,32.943,33.096,33.082,33.613,34.596,34.72,34.417,34.112,33.995,34.015,34.279,34.775,34.892,34.968,35.222,35.263,35.311,35.346,35.346,35.393,35.421,35.544,35.681,35.612,35.469,35.524,35.263,35.009,34.865,35.147,35.229,35.277,35.346,35.277,35.366,35.599,35.681,35.633,35.633,35.619,35.688,35.681,35.701,35.749,35.701,35.756,35.79,35.81,35.886,35.845,35.851,35.892,35.872,35.913,35.892,35.879,35.872,35.892,35.886,35.858,35.865,35.872,35.838,35.804,35.729,35.79,35.79,35.571,34.982,34.334,33.981,33.87,33.619,33.473,33.626,33.96,34.334,34.513,34.769,34.913,35.009,35.002,34.996,34.865,34.81,34.796,34.796,34.796,34.775,34.507,34.382,34.41,34.438,34.61,34.727,35.133,35.366,35.496,35.592,35.592,35.619,35.544,35.462,35.448,35.455,35.544,35.688,35.776,35.92,35.906,35.892,35.947,35.954,35.947,35.967,35.926,35.906,35.838,35.742,35.722,35.708,35.647,35.606,35.482,35.469,35.503,35.455,35.174,35.215,35.304,35.25,35.263,35.291,35.126,34.872,35.078,35.38,35.428,35.524,35.606,35.626,35.66,35.619,35.565,35.496,35.256,35.174,35.147,35.03,35.105,34.954,35.071,34.982,34.837,34.589,34.334,34.292,33.988,33.807,33.668,33.925,34.05,33.703,33.696,33.745,33.578,33.424,33.967,33.967,33.96,33.793,33.536,33.299,33.208,33.033,32.95,33.019,32.9,32.921,33.075,33.187,33.334,33.327,33.131,32.957,31.618,30.95,30.765,30.636,30.127,28.141,25.21,24.189,24.067,23.861,23.777,23.693,23.655,23.632,23.586,23.571,23.51,23.464,23.403,23.38,23.357,23.319,23.311,23.257,23.257,23.226,23.242,23.219,23.203,23.196,23.157,23.127,23.119,23.096,23.081,23.081,23.073,23.042,23.034,23.027,23.034,23.027,23.027,23.004,22.988,22.981,22.973,22.973,22.965,22.965,22.965,22.927,22.927,22.911,22.911,22.881,22.865,22.896,22.888,22.873,22.881,22.865,22.865,22.85,22.85,22.842,22.842,22.85,22.85,22.858,22.858,22.865,22.865,22.865,22.85,22.834,22.811,22.819,22.819,22.819,22.819,22.804,22.78,22.78,22.78,22.773,22.78,22.765,22.773,22.773,22.765,22.757,22.773,22.734,22.711,22.703,22.727,22.719,22.734,22.742,22.734,22.742,22.719,22.742,22.757,22.773,22.765,22.75,22.703,22.703,22.703,22.696,22.703,22.734,22.734,22.703,22.688,22.696,22.727,22.711,22.719,22.719,22.703,22.688,22.688,22.696,22.703,22.68,22.673,22.68,22.673,22.673,22.703,22.688,22.688,22.665,22.68,22.665,22.665,22.665,22.649,22.642,22.634,22.642,22.665,22.634,22.649,22.642,22.634,22.657,22.649,22.634,22.626,22.611,22.611,22.619,22.634,22.619,22.58,22.611,22.611,22.58,22.58,22.626,22.541,22.526,22.572,22.572,22.572,22.588,22.595,22.611,22.611,22.572,22.541,22.534,22.541,22.541,22.534,22.526,22.541,22.534,22.541,22.549,22.549,22.549,22.534,22.51,22.503,22.495,22.495,22.503,22.503,22.503,22.518,22.51,22.518,22.534,22.534,22.549,22.518,22.503,22.518,22.503,22.495,22.526,22.51,22.526,22.495,22.518,22.534,22.541,22.518,22.526,22.518,22.51,22.518,22.549,22.534,22.534,22.51,22.518,22.518,22.51,22.526,22.526,22.526,22.549,22.534
,22.363,22.379,22.363,22.371,22.363,22.371,22.371,22.356,22.34,22.325,22.332,22.356,22.356,22.363,22.387,22.394,22.387,22.363,22.356,22.348,22.371,22.363,22.402,22.387,22.394,22.379,22.371,22.363,22.371,22.356,22.356,22.379,22.379,22.379,22.387,22.394,22.402,22.41,22.418,22.433,22.433,22.441,22.449,22.449,22.456,22.472,22.456,22.433,22.479,22.472,22.487,22.495,22.51,22.495,22.51,22.518,22.518,22.526,22.534,22.541,22.549,22.564,22.549,22.572,22.588,22.58,22.588,22.58,22.588,22.603,22.572,22.549,22.564,22.541,22.549,22.549,22.549,22.549,22.549,22.557,22.58,22.595,22.611,22.611,22.634,22.619,22.626,22.619,22.619,22.626,22.619,22.642,22.642,22.665,22.673,22.688,22.688,22.688,22.68,22.688,22.673,22.68,22.657,22.665,22.657,22.673,22.703,22.703,22.711,22.711,22.719,22.719,22.719,22.727,22.711,22.719,22.734,22.734,22.711,22.719,22.719,22.727,22.742,22.757,22.773,22.757,22.757,22.765,22.765,22.78,22.773,22.78,22.78,22.788,22.796,22.78,22.842,22.804,22.811,22.788,22.819,22.796,22.796,22.804,22.811,22.811,22.819,22.842,22.819,22.881,22.858,22.865,22.865,22.865,22.873,22.858,22.881,22.896,22.911,22.911,22.904,22.911,22.942,22.934,22.958,22.965,22.996,23.011,23.019,23.019,23.05,23.034,23.05,23.05,23.088,23.111,23.15,23.188,23.18,23.211,23.234,23.249,23.296,23.303,23.319,23.364,23.38,23.41,23.449,23.487,23.51,23.556,23.625,23.693,23.747,23.823,23.838,23.945,24.151,24.462,25.315,28.513,30.629,30.893,30.958,30.936,31.043,31.121,31.192,31.178,31.207,31.257,31.328,31.399,31.491,31.59,31.654,31.725,31.838,32.071,32.297,32.36,32.508,32.781,32.844,32.936,32.936,32.9,33.082,34.008,34.7,34.72,34.368,34.161,34.015,34.195,34.251,34.824,34.899,35.009,35.147,35.208,35.291,35.346,35.387,35.393,35.503,35.585,35.66,35.701,35.606,35.619,35.298,35.126,35.112,35.236,35.202,35.174,35.188,35.174,35.202,35.147,35.318,35.318,35.229,35.366,35.578,35.565,35.571,35.606,35.64,35.694,35.667,35.599,35.749,35.817,35.838,35.838,35.851,35.886,35.858,35.851,35.838,35.797,35.817,35.858,35.776,35.804,35.79,35.77,35.763,35.783,35.66,35.387,34.686,34.133,33.752,33.571,33.529,33.459,33.592,33.897,33.96,34.527,34.734,34.892,35.002,34.961,34.996,34.851,34.796,34.769,34.789,34.769,34.727,34.596,34.403,34.361,34.389,34.465,34.541,34.858,35.085,35.023,35.414,35.571,35.571,35.558,35.462,35.448,35.435,35.441,35.606,35.681,35.701,35.681,35.619,35.729,35.879,35.865,35.858,35.913,35.913,35.817,35.77,35.756,35.701,35.708,35.674,35.633,35.571,35.537,35.51,35.428,35.407,35.38,35.332,35.332,35.332,35.318,35.27,35.318,35.4,35.476,35.496,35.599,35.599,35.599,35.606,35.537,35.243,35.208,35.112,35.037,34.989,34.913,34.92,34.865,34.954,34.851,34.624,34.486,34.299,34.078,33.772,33.654,33.786,34.022,33.835,33.738,33.759,33.766,33.932,34.008,34.002,33.981,33.925,33.661,33.487,33.418,33.215,33.201,33.089,32.971,33.096,33.222,33.313,33.355,33.341,33.299,33.103,32.543,31.377,31.007,30.679,30.271,28.163,25.202,24.341,24.059,23.922,23.77,23.724,23.678,23.625,23.617,23.548,23.541,23.502,23.441,23.387,23.38,23.349,23.311,23.288,23.265,23.226,23.234,23.219,23.211,23.196,23.157,23.127,23.127,23.104,23.111,23.096,23.065,23.05,23.034,23.034,23.034,23.034,23.027,23.019,22.988,22.973,22.981,22.95,22.973,22.958,22.95,22.95,22.896,22.911,22.904,22.888,22.888,22.888,22.881,22.888,22.888,22.888,22.865,22.858,22.85,22.842,22.85,22.85,22.842,22.858,22.858,22.873,22.865,22.858,22.85,22.827,22.819,22.796,22.804,22.819,22.796,22.804,22.804,22.78,22.78,22.765,22.773,22.78,22.78,22.765,22.773,22.773,22.742,22.757,22.734,22.734,22.75,22.734,22.742,22.742,22.742,22.734,22.742,22.75,22.773,22.765,22.757,22.742,22.75,22.711,22.688,22.703,22.711,22.727,22.742,22.742,22.696,22.688,22.719,22.734,22.734,22.727,22.719,22.688,22.688,22.703,22.711,22.711,22.727,22.711,22.727,22.711,22.703,22.688,22.673,22.68,22.688,22.68,22.657,22.68,22.673,22.673,22.673,22.68,22.642,22.673,22.665,22.649,22.665,22.665,22.634,22.626,22.626,22.619,22.626,22.603,22.626,22.649,22.649,22.611,22.634,22.611,22.595,22.572,22.572,22.557,22.564,22.58,22.58,22.564,22.619,22.549,22.572,22.564,22.549,22.549,22.549,22.557,22.534,22.518,22.534,22.526,22.534,22.557,22.549,22.557,22.541,22.534,22.495,22.503,22.503,22.495,22.495,22.503,22.503,22.503,22.51,22.51,22.541,22.518,22.503,22.503,22.518,22.503,22.534,22.518,22.51,22.526,22.518,22.518,22.549,22.526,22.526,22.495,22.503,22.51,22.503,22.557,22.526,22.541,22.534,22.526,22.51,22.518,22.518,22.541,22.534,22.534,22.564
,22.34,22.371,22.356,22.34,22.348,22.332,22.371,22.356,22.34,22.348,22.34,22.34,22.348,22.371,22.387,22.387,22.394,22.387,22.379,22.356,22.356,22.363,22.371,22.371,22.371,22.356,22.348,22.356,22.356,22.348,22.363,22.379,22.387,22.379,22.402,22.394,22.41,22.418,22.418,22.449,22.441,22.449,22.433,22.449,22.425,22.433,22.456,22.472,22.456,22.456,22.456,22.479,22.479,22.51,22.503,22.51,22.518,22.51,22.526,22.541,22.541,22.541,22.564,22.572,22.564,22.572,22.595,22.557,22.603,22.572,22.572,22.58,22.549,22.564,22.549,22.549,22.549,22.557,22.557,22.564,22.58,22.588,22.611,22.626,22.619,22.634,22.619,22.588,22.611,22.611,22.626,22.634,22.665,22.657,22.673,22.673,22.688,22.688,22.68,22.688,22.673,22.665,22.665,22.657,22.657,22.665,22.68,22.688,22.711,22.719,22.719,22.742,22.719,22.711,22.711,22.719,22.719,22.734,22.727,22.719,22.719,22.719,22.734,22.757,22.765,22.757,22.765,22.773,22.765,22.773,22.757,22.765,22.757,22.765,22.796,22.827,22.819,22.788,22.796,22.804,22.804,22.796,22.796,22.796,22.804,22.811,22.85,22.834,22.842,22.85,22.858,22.858,22.865,22.865,22.873,22.888,22.904,22.904,22.888,22.911,22.911,22.911,22.942,22.919,22.934,22.973,22.988,22.981,23.034,23.019,23.042,23.042,23.042,23.081,23.088,23.104,23.142,23.173,23.196,23.211,23.234,23.249,23.272,23.311,23.326,23.364,23.403,23.433,23.472,23.502,23.533,23.556,23.625,23.739,23.747,23.899,23.816,23.976,24.166,24.553,25.525,29.189,30.55,30.858,30.936,31.007,31.1,31.157,31.221,31.228,31.235,31.335,31.342,31.399,31.462,31.548,31.618,31.696,31.817,31.944,32.219,32.43,32.592,32.697,32.788,32.809,32.809,32.802,33.187,34.313,34.672,34.534,34.32,34.105,34.105,34.161,34.285,34.741,34.879,34.92,35.126,35.174,35.229,35.291,35.311,35.421,35.489,35.599,35.626,35.66,35.619,35.585,35.373,35.236,35.222,35.222,35.154,35.174,35.208,35.195,35.126,35.078,35.16,35.154,35.009,35.154,35.407,35.462,35.496,35.517,35.606,35.599,35.619,35.571,35.681,35.756,35.81,35.817,35.817,35.824,35.824,35.804,35.817,35.79,35.776,35.783,35.742,35.701,35.735,35.66,35.715,35.722,35.578,35.002,34.244,33.793,33.682,33.452,33.473,33.473,33.613,33.897,34.008,34.424,34.803,34.927,34.941,34.927,34.899,34.879,34.796,34.769,34.748,34.762,34.713,34.562,34.389,34.361,34.361,34.389,34.479,34.603,34.755,34.989,35.243,35.455,35.455,35.469,35.462,35.428,35.393,35.373,35.318,35.407,35.496,35.524,35.53,35.599,35.626,35.79,35.804,35.831,35.783,35.763,35.81,35.749,35.694,35.694,35.647,35.626,35.606,35.558,35.551,35.517,35.462,35.448,35.366,35.359,35.318,35.311,35.318,35.318,35.346,35.387,35.496,35.571,35.565,35.619,35.565,35.441,35.147,35.119,35.051,35.057,34.989,34.789,34.837,34.769,34.775,34.734,34.727,34.41,34.348,34.258,33.946,33.619,33.599,33.981,33.675,33.654,33.696,33.759,33.849,34.022,34.057,34.071,33.932,33.828,33.599,33.571,33.445,33.243,33.124,33.18,33.215,33.271,33.383,33.487,33.48,33.383,33.208,32.388,31.795,31.05,30.701,30.249,28.119,25.18,24.401,24.021,23.854,23.8,23.716,23.678,23.648,23.609,23.564,23.518,23.472,23.433,23.387,23.357,23.341,23.296,23.272,23.226,23.203,23.219,23.211,23.203,23.18,23.15,23.134,23.104,23.104,23.104,23.088,23.073,23.065,23.065,23.042,23.034,23.027,23.019,23.011,22.958,22.981,22.973,22.942,22.95,22.95,22.934,22.927,22.888,22.904,22.896,22.881,22.888,22.881,22.881,22.896,22.873,22.865,22.858,22.858,22.858,22.85,22.842,22.842,22.842,22.858,22.865,22.865,22.865,22.842,22.85,22.827,22.811,22.796,22.811,22.78,22.819,22.804,22.796,22.788,22.78,22.78,22.78,22.78,22.78,22.757,22.773,22.78,22.773,22.757,22.757,22.734,22.742,22.734,22.742,22.75,22.734,22.75,22.757,22.757,22.757,22.757,22.75,22.734,22.727,22.711,22.68,22.703,22.727,22.703,22.734,22.742,22.703,22.68,22.703,22.688,22.727,22.711,22.711,22.734,22.68,22.703,22.696,22.711,22.68,22.727,22.727,22.657,22.688,22.703,22.688,22.688,22.68,22.68,22.673,22.688,22.688,22.696,22.68,22.665,22.673,22.688,22.665,22.673,22.68,22.665,22.673,22.626,22.611,22.603,22.603,22.611,22.603,22.642,22.595,22.619,22.603,22.626,22.603,22.611,22.564,22.549,22.58,22.557,22.595,22.526,22.534,22.541,22.541,22.541,22.557,22.564,22.557,22.549,22.541,22.534,22.526,22.526,22.541,22.564,22.572,22.549,22.564,22.534,22.526,22.495,22.487,22.487,22.487,22.503,22.495,22.472,22.518,22.487,22.456,22.526,22.503,22.503,22.503,22.503,22.518,22.526,22.534,22.534,22.518,22.51,22.51,22.495,22.518,22.495,22.495,22.518,22.51,22.534,22.464,22.564,22.487,22.503,22.487,22.51,22.526,22.557,22.549,22.549,22.572
,22.348,22.332,22.332,22.34,22.325,22.325,22.34,22.348,22.356,22.356,22.371,22.34,22.332,22.371,22.387,22.394,22.394,22.387,22.363,22.371,22.371,22.363,22.371,22.34,22.363,22.363,22.348,22.34,22.356,22.371,22.371,22.394,22.371,22.402,22.394,22.402,22.418,22.433,22.456,22.456,22.433,22.433,22.425,22.433,22.425,22.449,22.472,22.464,22.433,22.464,22.456,22.464,22.479,22.479,22.479,22.503,22.51,22.518,22.526,22.526,22.526,22.557,22.564,22.572,22.557,22.58,22.595,22.564,22.526,22.58,22.572,22.557,22.58,22.541,22.557,22.557,22.564,22.572,22.572,22.58,22.58,22.588,22.603,22.619,22.626,22.619,22.588,22.595,22.588,22.611,22.626,22.657,22.657,22.657,22.657,22.673,22.673,22.657,22.68,22.68,22.665,22.665,22.657,22.657,22.657,22.665,22.688,22.703,22.711,22.734,22.727,22.727,22.703,22.719,22.696,22.703,22.727,22.727,22.734,22.727,22.727,22.742,22.742,22.734,22.757,22.757,22.765,22.773,22.773,22.765,22.765,22.75,22.765,22.757,22.796,22.765,22.796,22.788,22.796,22.796,22.804,22.788,22.804,22.811,22.796,22.827,22.842,22.873,22.842,22.827,22.827,22.865,22.865,22.873,22.888,22.896,22.904,22.919,22.927,22.927,22.919,22.904,22.911,22.911,22.927,22.958,23.011,23.004,23.027,23.034,23.05,23.05,23.058,23.073,23.088,23.096,23.15,23.165,23.188,23.219,23.226,23.234,23.257,23.296,23.326,23.364,23.41,23.464,23.479,23.502,23.564,23.548,23.655,23.724,23.678,23.831,23.899,23.998,24.234,24.598,25.39,29.153,30.758,30.893,30.993,31.072,31.271,31.47,31.739,31.944,31.902,31.873,31.569,31.526,31.505,31.555,31.611,31.675,31.739,32.029,32.177,32.374,32.487,32.669,32.725,32.732,32.725,32.753,33.243,34.32,34.707,34.493,34.279,34.14,34.161,34.209,34.396,34.734,34.748,34.851,35.037,35.099,35.202,35.277,35.346,35.435,35.524,35.578,35.612,35.633,35.592,35.585,35.476,35.318,35.332,35.263,35.195,35.208,35.202,35.181,35.16,35.126,35.167,35.078,35.044,35.325,35.38,35.421,35.455,35.482,35.551,35.592,35.612,35.606,35.64,35.715,35.79,35.783,35.783,35.824,35.804,35.756,35.756,35.749,35.708,35.708,35.708,35.701,35.735,35.681,35.633,35.565,35.346,34.603,33.974,33.731,33.585,33.48,33.431,33.501,33.606,33.988,34.306,34.596,34.741,34.899,34.947,34.927,34.906,34.872,34.81,34.755,34.72,34.748,34.713,34.582,34.389,34.375,34.375,34.382,34.41,34.562,34.707,34.775,34.954,35.311,35.25,35.352,35.448,35.441,35.38,35.346,35.243,35.277,35.346,35.373,35.455,35.51,35.544,35.633,35.592,35.688,35.722,35.715,35.701,35.701,35.674,35.653,35.599,35.633,35.606,35.551,35.503,35.455,35.448,35.421,35.366,35.339,35.304,35.284,35.304,35.304,35.325,35.366,35.441,35.503,35.462,35.489,35.435,35.195,35.092,35.044,35.016,34.941,34.817,34.775,34.762,34.741,34.734,34.713,34.617,34.41,34.389,34.161,34.078,33.849,33.592,33.814,33.745,33.585,33.71,33.71,33.925,34.071,34.036,34.036,33.946,33.863,33.752,33.592,33.515,33.452,33.292,33.236,33.187,33.264,33.404,33.543,33.522,33.438,33.264,32.592,31.633,31.093,30.643,30.35,27.994,24.878,24.47,24.037,23.922,23.8,23.732,23.686,23.663,23.602,23.579,23.533,23.479,23.433,23.441,23.364,23.334,23.296,23.257,23.242,23.211,23.211,23.211,23.203,23.188,23.15,23.134,23.119,23.119,23.104,23.104,23.088,23.058,23.065,23.042,23.042,23.034,23.011,23.011,22.988,22.996,22.981,22.942,22.958,22.942,22.934,22.942,22.904,22.904,22.904,22.881,22.888,22.873,22.873,22.873,22.888,22.865,22.865,22.842,22.858,22.85,22.834,22.834,22.858,22.865,22.873,22.873,22.865,22.85,22.834,22.834,22.804,22.811,22.796,22.811,22.804,22.796,22.788,22.811,22.788,22.796,22.788,22.78,22.78,22.765,22.796,22.842,22.757,22.757,22.734,22.727,22.734,22.734,22.75,22.742,22.734,22.734,22.734,22.757,22.75,22.757,22.742,22.742,22.727,22.719,22.711,22.734,22.719,22.734,22.734,22.742,22.688,22.696,22.727,22.727,22.742,22.711,22.711,22.68,22.742,22.703,22.68,22.703,22.711,22.696,22.696,22.696,22.68,22.711,22.68,22.703,22.696,22.696,22.673,22.688,22.68,22.688,22.673,22.688,22.688,22.673,22.673,22.68,22.665,22.642,22.642,22.634,22.634,22.626,22.603,22.595,22.595,22.626,22.634,22.619,22.595,22.611,22.58,22.595,22.549,22.541,22.58,22.541,22.526,22.518,22.518,22.518,22.534,22.549,22.549,22.572,22.58,22.549,22.557,22.526,22.51,22.541,22.51,22.541,22.541,22.549,22.549,22.526,22.526,22.51,22.495,22.495,22.487,22.495,22.479,22.495,22.495,22.456,22.503,22.479,22.495,22.503,22.487,22.526,22.534,22.526,22.534,22.526,22.518,22.487,22.479,22.518,22.479,22.487,22.472,22.51,22.487,22.51,22.503,22.479,22.495,22.503,22.541,22.557,22.51,22.503,22.503,22.541,22.518
,22.348,22.348,22.325,22.356,22.34,22.348,22.34,22.371,22.371,22.363,22.363,22.363,22.348,22.363,22.363,22.394,22.387,22.371,22.356,22.363,22.356,22.387,22.356,22.348,22.348,22.34,22.356,22.363,22.356,22.379,22.387,22.394,22.402,22.402,22.41,22.418,22.433,22.441,22.449,22.449,22.433,22.433,22.418,22.418,22.441,22.441,22.464,22.425,22.472,22.464,22.449,22.464,22.472,22.464,22.503,22.495,22.503,22.518,22.518,22.534,22.549,22.557,22.572,22.572,22.58,22.58,22.588,22.549,22.58,22.564,22.564,22.58,22.549,22.549,22.564,22.572,22.58,22.58,22.588,22.588,22.588,22.595,22.595,22.611,22.611,22.619,22.626,22.642,22.619,22.649,22.642,22.657,22.649,22.665,22.657,22.649,22.673,22.665,22.68,22.68,22.68,22.665,22.649,22.649,22.657,22.665,22.673,22.711,22.727,22.734,22.727,22.711,22.719,22.703,22.703,22.719,22.719,22.727,22.727,22.734,22.719,22.734,22.75,22.734,22.757,22.765,22.765,22.773,22.765,22.765,22.757,22.75,22.75,22.773,22.78,22.773,22.78,22.804,22.788,22.788,22.804,22.796,22.804,22.788,22.796,22.842,22.858,22.858,22.888,22.881,22.873,22.865,22.881,22.888,22.904,22.904,22.919,22.927,22.942,22.934,22.911,22.911,22.919,22.911,22.934,22.958,22.988,23.042,23.027,23.042,23.05,23.081,23.073,23.073,23.104,23.119,23.157,23.173,23.188,23.203,23.219,23.242,23.265,23.296,23.319,23.357,23.372,23.472,23.487,23.487,23.564,23.602,23.609,23.701,23.77,23.854,23.938,24.021,24.363,24.689,26.004,29.414,30.808,30.915,31.257,31.498,32.078,33.033,33.243,33.362,33.411,33.313,33.327,33.18,33.061,33.033,33.103,32.795,32.543,32.494,32.423,32.381,32.564,32.669,32.746,32.739,32.732,32.781,33.494,34.486,34.658,34.465,34.272,34.14,34.202,34.258,34.507,34.748,34.775,34.837,35.037,35.092,35.167,35.318,35.284,35.435,35.496,35.551,35.565,35.592,35.565,35.551,35.517,35.435,35.435,35.339,35.304,35.359,35.27,35.202,35.236,35.215,35.25,35.119,35.215,35.352,35.4,35.435,35.448,35.496,35.558,35.571,35.599,35.619,35.626,35.729,35.742,35.77,35.77,35.729,35.722,35.694,35.667,35.66,35.688,35.647,35.66,35.66,35.66,35.53,35.366,35.407,34.892,34.327,33.974,33.647,33.585,33.459,33.431,33.529,33.717,33.981,34.444,34.624,34.7,34.892,34.858,34.872,34.858,34.886,34.796,34.789,34.762,34.727,34.693,34.562,34.527,34.458,34.417,34.389,34.389,34.513,34.645,34.775,34.789,34.831,35.105,35.277,35.352,35.373,35.352,35.318,35.208,35.208,35.167,35.215,35.346,35.387,35.469,35.524,35.565,35.647,35.688,35.653,35.653,35.653,35.64,35.66,35.619,35.612,35.619,35.496,35.489,35.435,35.414,35.387,35.366,35.318,35.277,35.256,35.277,35.256,35.284,35.325,35.4,35.38,35.38,35.4,35.332,35.25,35.105,35.016,34.92,34.892,34.817,34.748,34.72,34.727,34.672,34.672,34.638,34.417,34.382,34.292,34.237,33.724,33.626,33.759,33.772,33.369,33.341,33.626,34.022,34.299,34.279,34.251,34.092,33.995,33.932,33.766,33.626,33.418,33.362,33.292,33.215,33.306,33.515,33.515,33.543,33.473,33.369,32.592,31.838,31.2,30.715,30.084,27.804,24.825,24.439,24.052,23.922,23.838,23.755,23.762,23.663,23.617,23.571,23.541,23.51,23.464,23.433,23.357,23.349,23.296,23.272,23.257,23.234,23.219,23.211,23.203,23.188,23.165,23.127,23.134,23.134,23.134,23.119,23.104,23.081,23.081,23.027,23.05,23.034,23.004,22.988,22.996,23.019,22.981,22.988,22.958,22.95,22.927,22.934,22.934,22.904,22.911,22.873,22.888,22.881,22.881,22.888,22.881,22.865,22.865,22.858,22.865,22.865,22.85,22.858,22.85,22.865,22.873,22.865,22.865,22.85,22.842,22.85,22.796,22.827,22.811,22.827,22.834,22.811,22.811,22.819,22.811,22.796,22.78,22.773,22.788,22.78,22.796,22.773,22.78,22.765,22.734,22.75,22.734,22.719,22.742,22.742,22.727,22.734,22.734,22.75,22.757,22.742,22.75,22.734,22.734,22.734,22.742,22.734,22.75,22.75,22.734,22.734,22.734,22.75,22.727,22.719,22.719,22.734,22.711,22.696,22.703,22.696,22.68,22.703,22.703,22.711,22.727,22.68,22.696,22.703,22.711,22.688,22.696,22.696,22.688,22.688,22.696,22.703,22.688,22.68,22.665,22.688,22.68,22.696,22.657,22.642,22.626,22.619,22.611,22.619,22.603,22.611,22.588,22.595,22.626,22.611,22.611,22.595,22.572,22.58,22.564,22.557,22.564,22.541,22.526,22.518,22.526,22.51,22.518,22.557,22.557,22.588,22.58,22.58,22.534,22.534,22.51,22.564,22.534,22.588,22.534,22.534,22.541,22.526,22.518,22.51,22.487,22.479,22.472,22.518,22.495,22.534,22.472,22.495,22.526,22.487,22.495,22.487,22.518,22.518,22.518,22.518,22.526,22.518,22.51,22.51,22.479,22.503,22.479,22.479,22.541,22.495,22.518,22.495,22.503,22.51,22.557,22.572,22.518,22.557,22.572,22.541,22.526,22.541,22.503
,22.34,22.332,22.317,22.325,22.309,22.332,22.348,22.332,22.371,22.317,22.371,22.363,22.363,22.363,22.363,22.394,22.402,22.379,22.387,22.371,22.348,22.363,22.356,22.363,22.332,22.332,22.332,22.348,22.363,22.363,22.363,22.41,22.394,22.41,22.402,22.41,22.441,22.456,22.425,22.456,22.456,22.425,22.425,22.441,22.433,22.456,22.456,22.464,22.464,22.464,22.464,22.464,22.456,22.487,22.487,22.479,22.487,22.51,22.518,22.534,22.564,22.572,22.595,22.557,22.595,22.572,22.564,22.588,22.588,22.564,22.541,22.564,22.549,22.541,22.564,22.572,22.588,22.595,22.595,22.595,22.588,22.595,22.588,22.611,22.595,22.603,22.611,22.626,22.619,22.642,22.657,22.657,22.649,22.634,22.634,22.619,22.642,22.657,22.657,22.665,22.665,22.649,22.649,22.649,22.649,22.665,22.68,22.688,22.711,22.742,22.711,22.696,22.703,22.696,22.719,22.719,22.711,22.719,22.727,22.734,22.711,22.727,22.734,22.734,22.734,22.765,22.757,22.757,22.757,22.765,22.757,22.757,22.765,22.773,22.757,22.78,22.788,22.78,22.78,22.788,22.796,22.796,22.804,22.796,22.788,22.819,22.842,22.85,22.865,22.827,22.827,22.819,22.85,22.881,22.896,22.904,22.919,22.927,22.927,22.927,22.911,22.904,22.911,22.927,22.942,22.973,22.996,23.011,23.034,23.042,23.05,23.065,23.073,23.081,23.088,23.119,23.134,23.165,23.18,23.203,23.226,23.249,23.272,23.296,23.326,23.403,23.41,23.441,23.464,23.518,23.525,23.594,23.64,23.701,23.732,23.762,23.93,24.067,24.477,24.719,26.057,29.998,30.936,31.178,31.526,32.599,33.068,33.236,33.418,33.501,33.543,33.487,33.501,33.55,33.571,33.772,33.891,33.981,34.05,34.002,34.071,33.87,33.703,33.759,33.369,33.201,32.746,32.907,33.724,34.41,34.431,34.334,34.182,34.154,34.189,34.348,34.576,34.651,34.693,34.81,34.941,35.044,35.092,35.126,35.208,35.4,35.441,35.51,35.496,35.537,35.53,35.51,35.489,35.476,35.428,35.393,35.373,35.393,35.346,35.277,35.332,35.346,35.325,35.298,35.352,35.428,35.462,35.469,35.476,35.496,35.537,35.565,35.592,35.619,35.606,35.653,35.674,35.681,35.674,35.653,35.633,35.578,35.585,35.565,35.606,35.599,35.647,35.599,35.462,35.318,35.298,35.167,34.831,34.237,33.96,33.633,33.536,33.48,33.494,33.633,33.863,34.112,34.361,34.569,34.762,34.831,34.803,34.851,34.796,34.803,34.796,34.769,34.762,34.741,34.7,34.61,34.624,34.576,34.486,34.41,34.424,34.527,34.624,34.645,34.762,34.796,34.851,34.941,35.016,35.236,35.277,35.277,35.229,35.195,35.16,35.14,35.14,35.195,35.332,35.428,35.428,35.517,35.571,35.592,35.612,35.606,35.578,35.578,35.565,35.558,35.565,35.482,35.441,35.4,35.393,35.352,35.284,35.27,35.222,35.236,35.236,35.222,35.215,35.243,35.304,35.298,35.318,35.27,35.284,35.188,34.961,34.941,34.886,34.824,34.796,34.713,34.713,34.665,34.631,34.638,34.534,34.41,34.306,34.306,34.272,33.772,33.48,33.64,33.752,33.397,33.411,33.807,34.375,34.617,34.382,34.389,34.168,34.099,33.932,33.856,33.717,33.487,33.411,33.208,33.306,33.327,33.383,33.543,33.522,33.487,33.369,32.655,32,31.214,30.701,29.869,27.185,24.719,24.416,24.044,23.968,23.823,23.77,23.716,23.663,23.632,23.586,23.556,23.502,23.472,23.433,23.387,23.334,23.303,23.265,23.234,23.203,23.226,23.219,23.196,23.173,23.157,23.142,23.127,23.134,23.111,23.119,23.096,23.096,23.073,23.065,23.042,23.027,22.988,23.004,22.988,22.996,22.988,22.973,22.965,22.942,22.942,22.927,22.904,22.911,22.911,22.888,22.896,22.888,22.873,22.873,22.896,22.858,22.865,22.858,22.834,22.85,22.842,22.858,22.858,22.865,22.865,22.865,22.865,22.865,22.85,22.842,22.827,22.834,22.827,22.811,22.827,22.788,22.811,22.819,22.804,22.804,22.788,22.773,22.773,22.788,22.796,22.78,22.788,22.78,22.765,22.742,22.734,22.742,22.75,22.734,22.734,22.727,22.734,22.734,22.742,22.727,22.734,22.727,22.734,22.734,22.711,22.719,22.75,22.734,22.734,22.727,22.742,22.719,22.719,22.711,22.719,22.711,22.711,22.711,22.711,22.68,22.68,22.696,22.673,22.703,22.703,22.657,22.688,22.688,22.703,22.696,22.696,22.688,22.688,22.68,22.68,22.673,22.68,22.688,22.665,22.68,22.665,22.665,22.657,22.626,22.611,22.595,22.595,22.603,22.634,22.595,22.58,22.588,22.595,22.588,22.595,22.572,22.572,22.564,22.572,22.572,22.557,22.541,22.541,22.526,22.541,22.518,22.534,22.541,22.564,22.572,22.595,22.564,22.549,22.51,22.518,22.51,22.51,22.51,22.51,22.518,22.526,22.518,22.51,22.495,22.495,22.503,22.495,22.472,22.557,22.503,22.526,22.51,22.487,22.479,22.541,22.495,22.472,22.51,22.534,22.534,22.534,22.526,22.51,22.487,22.503,22.487,22.449,22.464,22.464,22.472,22.472,22.449,22.449,22.518,22.526,22.564,22.588,22.495,22.557,22.549,22.541,22.564,22.541
,22.348,22.34,22.332,22.332,22.348,22.363,22.34,22.325,22.325,22.387,22.379,22.371,22.348,22.363,22.379,22.387,22.402,22.394,22.356,22.371,22.356,22.356,22.363,22.348,22.34,22.356,22.348,22.371,22.379,22.371,22.379,22.394,22.402,22.41,22.402,22.433,22.425,22.449,22.456,22.441,22.441,22.387,22.425,22.433,22.456,22.449,22.456,22.487,22.479,22.479,22.495,22.487,22.487,22.456,22.479,22.495,22.495,22.51,22.534,22.541,22.572,22.595,22.572,22.595,22.564,22.564,22.58,22.572,22.588,22.549,22.526,22.541,22.557,22.549,22.572,22.588,22.603,22.611,22.611,22.611,22.603,22.595,22.595,22.595,22.619,22.634,22.642,22.634,22.657,22.649,22.665,22.657,22.657,22.642,22.634,22.619,22.634,22.649,22.665,22.657,22.649,22.657,22.649,22.634,22.657,22.665,22.696,22.719,22.727,22.727,22.711,22.711,22.696,22.696,22.719,22.719,22.711,22.727,22.734,22.734,22.727,22.711,22.742,22.757,22.75,22.757,22.75,22.765,22.757,22.765,22.765,22.773,22.773,22.773,22.765,22.796,22.78,22.78,22.78,22.788,22.796,22.796,22.811,22.827,22.804,22.858,22.827,22.842,22.865,22.858,22.85,22.842,22.873,22.896,22.896,22.911,22.927,22.934,22.919,22.934,22.934,22.911,22.927,22.934,22.95,22.988,22.988,23.019,23.042,23.058,23.058,23.081,23.081,23.096,23.096,23.119,23.134,23.18,23.196,23.211,23.226,23.257,23.28,23.349,23.341,23.387,23.456,23.456,23.502,23.548,23.564,23.594,23.64,23.678,23.793,23.892,23.968,24.006,24.052,24.893,26.094,30.285,31.029,31.512,32.353,32.95,33.152,33.334,33.508,33.619,33.668,33.55,33.592,33.647,33.745,33.821,33.974,34.036,34.105,34.133,34.099,34.133,34.368,34.334,34.133,33.313,32.823,33.145,34.057,34.534,34.534,34.272,34.105,34.195,34.189,34.306,34.562,34.61,34.665,34.741,34.913,34.982,35.085,35.174,35.229,35.332,35.352,35.414,35.469,35.503,35.496,35.496,35.489,35.496,35.476,35.455,35.441,35.482,35.448,35.4,35.462,35.435,35.462,35.448,35.441,35.448,35.476,35.489,35.489,35.544,35.524,35.578,35.592,35.592,35.619,35.592,35.626,35.612,35.585,35.626,35.606,35.565,35.544,35.517,35.571,35.537,35.633,35.476,35.311,35.195,35.236,34.968,34.665,34.154,33.759,33.661,33.578,33.599,33.668,33.682,33.988,34.195,34.555,34.645,34.658,34.762,34.741,34.782,34.782,34.789,34.775,34.762,34.782,34.782,34.782,34.762,34.741,34.624,34.562,34.513,34.486,34.596,34.624,34.72,34.748,34.796,34.824,34.851,34.927,35.105,35.284,35.284,35.208,35.174,35.133,35.133,35.154,35.16,35.208,35.359,35.414,35.489,35.558,35.565,35.585,35.606,35.606,35.585,35.599,35.592,35.537,35.476,35.421,35.4,35.352,35.298,35.222,35.208,35.195,35.167,35.16,35.16,35.16,35.105,35.195,35.147,35.133,35.208,35.236,35.133,35.037,34.954,34.837,34.817,34.796,34.72,34.679,34.686,34.651,34.589,34.513,34.424,34.306,34.306,34.32,33.87,33.606,33.578,33.71,33.529,33.613,34.189,34.782,34.844,34.727,34.624,34.431,34.237,34.147,33.891,33.724,33.647,33.411,33.341,33.243,33.257,33.369,33.522,33.543,33.536,33.418,32.634,32.064,31.441,30.779,29.876,26.563,24.689,24.295,24.052,24.006,23.846,23.739,23.709,23.663,23.625,23.602,23.548,23.51,23.479,23.426,23.403,23.364,23.311,23.288,23.265,23.242,23.242,23.234,23.226,23.188,23.18,23.157,23.142,23.142,23.127,23.119,23.111,23.096,23.088,23.058,23.05,23.027,23.019,22.996,22.996,23.004,22.996,22.981,22.996,22.95,22.965,22.965,22.942,22.911,22.927,22.904,22.904,22.904,22.888,22.888,22.881,22.873,22.888,22.865,22.858,22.858,22.834,22.858,22.858,22.865,22.873,22.865,22.865,22.865,22.865,22.85,22.858,22.842,22.834,22.811,22.788,22.811,22.811,22.819,22.811,22.796,22.788,22.78,22.765,22.788,22.78,22.773,22.804,22.75,22.742,22.773,22.75,22.75,22.75,22.727,22.727,22.734,22.719,22.727,22.719,22.727,22.727,22.727,22.711,22.719,22.734,22.719,22.719,22.719,22.75,22.742,22.734,22.727,22.734,22.711,22.703,22.719,22.727,22.703,22.696,22.696,22.688,22.696,22.696,22.68,22.719,22.688,22.703,22.696,22.688,22.673,22.688,22.688,22.688,22.68,22.688,22.673,22.68,22.688,22.688,22.673,22.688,22.649,22.642,22.642,22.595,22.611,22.603,22.619,22.634,22.588,22.58,22.603,22.588,22.595,22.588,22.588,22.588,22.564,22.572,22.564,22.564,22.572,22.564,22.572,22.572,22.541,22.534,22.541,22.541,22.557,22.58,22.564,22.572,22.541,22.518,22.526,22.503,22.495,22.495,22.503,22.518,22.51,22.526,22.503,22.534,22.526,22.526,22.541,22.534,22.51,22.534,22.51,22.503,22.503,22.472,22.541,22.518,22.549,22.534,22.518,22.534,22.526,22.518,22.557,22.503,22.449,22.472,22.472,22.479,22.479,22.495,22.503,22.479,22.495,22.526,22.557,22.564,22.595,22.564,22.526,22.572,22.541,22.534
,22.348,22.348,22.325,22.332,22.332,22.348,22.356,22.348,22.356,22.34,22.356,22.363,22.332,22.34,22.348,22.363,22.394,22.379,22.317,22.356,22.356,22.356,22.34,22.332,22.356,22.332,22.356,22.363,22.363,22.363,22.371,22.379,22.387,22.394,22.394,22.402,22.41,22.41,22.433,22.418,22.441,22.441,22.433,22.441,22.433,22.441,22.464,22.472,22.479,22.472,22.479,22.472,22.456,22.495,22.495,22.487,22.479,22.51,22.518,22.549,22.572,22.572,22.588,22.564,22.564,22.564,22.557,22.564,22.58,22.564,22.572,22.549,22.549,22.564,22.572,22.572,22.603,22.611,22.611,22.611,22.595,22.588,22.603,22.595,22.619,22.634,22.626,22.649,22.642,22.657,22.657,22.649,22.642,22.634,22.626,22.634,22.642,22.642,22.649,22.657,22.642,22.649,22.626,22.642,22.649,22.665,22.696,22.703,22.719,22.719,22.719,22.719,22.688,22.696,22.688,22.696,22.711,22.719,22.734,22.719,22.727,22.719,22.727,22.742,22.757,22.727,22.742,22.703,22.757,22.757,22.765,22.765,22.765,22.773,22.765,22.765,22.804,22.78,22.804,22.78,22.78,22.796,22.796,22.796,22.788,22.788,22.834,22.842,22.85,22.858,22.858,22.858,22.865,22.881,22.904,22.904,22.911,22.919,22.927,22.934,22.927,22.934,22.934,22.934,22.965,22.988,23.011,23.011,23.042,23.042,23.05,23.042,23.081,23.073,23.104,23.111,23.127,23.134,23.165,23.188,23.219,23.257,23.296,23.326,23.38,23.418,23.426,23.487,23.51,23.533,23.556,23.586,23.671,23.701,23.755,23.838,23.922,24.067,24.447,24.651,26.541,30.386,31.604,31.81,32.627,33.089,33.264,33.424,33.613,33.668,33.626,33.592,33.64,33.689,33.766,33.884,33.967,34.099,34.057,34.105,34.23,34.382,34.396,34.361,33.995,33.271,32.858,33.11,34.14,34.534,34.479,34.147,34.112,34.154,34.195,34.451,34.513,34.624,34.651,34.796,34.899,34.982,35.002,35.057,35.133,35.202,35.277,35.325,35.407,35.435,35.455,35.476,35.476,35.482,35.455,35.476,35.482,35.503,35.503,35.496,35.489,35.476,35.482,35.441,35.435,35.462,35.455,35.496,35.489,35.51,35.53,35.517,35.517,35.53,35.51,35.537,35.537,35.551,35.524,35.53,35.544,35.524,35.524,35.51,35.517,35.524,35.476,35.298,35.222,35.222,35.133,34.927,34.672,34.14,33.911,33.668,33.647,33.731,33.766,33.946,33.988,34.562,34.631,34.672,34.672,34.686,34.72,34.782,34.782,34.789,34.81,34.789,34.769,34.817,34.817,34.844,34.803,34.741,34.672,34.61,34.589,34.576,34.651,34.707,34.72,34.775,34.782,34.789,34.831,35.009,35.105,35.167,35.195,35.174,35.119,35.099,35.105,35.119,35.188,35.304,35.38,35.435,35.469,35.565,35.565,35.612,35.612,35.612,35.585,35.585,35.544,35.482,35.387,35.359,35.291,35.256,35.208,35.16,35.133,35.078,35.064,35.051,35.03,35.03,35.105,35.064,35.099,35.085,35.16,35.071,35.009,34.858,34.837,34.796,34.769,34.693,34.645,34.624,34.61,34.582,34.555,34.424,34.299,34.313,34.292,33.925,33.571,33.522,33.619,33.536,33.759,33.988,34.803,34.982,34.837,34.81,34.61,34.341,34.209,34.002,33.731,33.599,33.348,33.264,33.208,33.236,33.257,33.473,33.515,33.564,33.376,32.95,32.029,31.391,30.858,29.652,25.788,24.538,24.158,23.998,23.884,23.838,23.77,23.724,23.648,23.632,23.594,23.564,23.487,23.472,23.426,23.38,23.357,23.311,23.296,23.288,23.265,23.257,23.242,23.219,23.188,23.173,23.157,23.15,23.15,23.134,23.119,23.104,23.088,23.073,23.058,23.034,23.034,23.019,23.011,22.988,22.981,22.973,22.981,22.988,22.981,22.965,22.965,22.934,22.934,22.911,22.911,22.904,22.911,22.888,22.927,22.881,22.904,22.865,22.842,22.858,22.842,22.834,22.858,22.85,22.888,22.858,22.865,22.881,22.865,22.881,22.858,22.865,22.827,22.788,22.78,22.811,22.811,22.788,22.811,22.796,22.788,22.773,22.757,22.773,22.788,22.796,22.78,22.773,22.788,22.796,22.75,22.75,22.75,22.757,22.742,22.734,22.727,22.727,22.734,22.734,22.734,22.734,22.727,22.727,22.711,22.727,22.711,22.719,22.719,22.727,22.757,22.75,22.734,22.734,22.719,22.711,22.711,22.711,22.696,22.696,22.703,22.696,22.696,22.688,22.673,22.719,22.68,22.68,22.688,22.688,22.696,22.688,22.696,22.696,22.688,22.68,22.688,22.68,22.696,22.68,22.696,22.673,22.649,22.634,22.588,22.595,22.603,22.611,22.619,22.595,22.595,22.603,22.626,22.595,22.603,22.588,22.595,22.564,22.595,22.572,22.572,22.58,22.564,22.557,22.564,22.572,22.549,22.557,22.549,22.557,22.541,22.564,22.557,22.572,22.526,22.526,22.51,22.495,22.495,22.487,22.495,22.51,22.51,22.518,22.495,22.487,22.518,22.518,22.564,22.534,22.518,22.557,22.51,22.526,22.51,22.518,22.472,22.456,22.518,22.518,22.518,22.518,22.526,22.503,22.487,22.51,22.464,22.495,22.472,22.495,22.503,22.479,22.51,22.456,22.51,22.534,22.534,22.526,22.557,22.557,22.572,22.557,22.564,22.534
,22.332,22.325,22.332,22.325,22.348,22.348,22.371,22.309,22.363,22.325,22.348,22.363,22.325,22.348,22.356,22.418,22.402,22.402,22.371,22.387,22.348,22.34,22.348,22.332,22.332,22.34,22.363,22.356,22.356,22.363,22.363,22.379,22.371,22.379,22.387,22.402,22.418,22.418,22.425,22.456,22.441,22.441,22.441,22.441,22.449,22.456,22.456,22.456,22.479,22.487,22.503,22.487,22.479,22.487,22.479,22.503,22.487,22.503,22.541,22.534,22.557,22.564,22.549,22.572,22.564,22.564,22.58,22.557,22.572,22.564,22.557,22.541,22.541,22.557,22.572,22.58,22.595,22.603,22.634,22.626,22.603,22.595,22.588,22.603,22.626,22.634,22.626,22.626,22.642,22.642,22.649,22.642,22.642,22.642,22.626,22.626,22.642,22.657,22.657,22.642,22.626,22.626,22.626,22.649,22.665,22.68,22.703,22.711,22.719,22.727,22.727,22.719,22.703,22.703,22.711,22.703,22.727,22.734,22.734,22.734,22.727,22.734,22.765,22.742,22.742,22.742,22.742,22.742,22.757,22.788,22.78,22.773,22.765,22.765,22.773,22.796,22.78,22.796,22.788,22.788,22.796,22.804,22.811,22.796,22.804,22.804,22.811,22.834,22.85,22.85,22.858,22.858,22.858,22.873,22.888,22.896,22.904,22.927,22.927,22.934,22.942,22.95,22.95,22.95,22.973,22.988,23.004,23.034,23.042,23.05,23.05,23.058,23.05,23.088,23.096,23.119,23.134,23.142,23.165,23.211,23.234,23.249,23.288,23.334,23.372,23.418,23.449,23.487,23.51,23.548,23.556,23.594,23.64,23.724,23.785,23.877,23.991,24.067,24.47,24.878,26.541,30.586,31.76,32.339,32.83,33.068,33.355,33.508,33.647,33.696,33.675,33.613,33.64,33.689,33.766,33.793,33.884,33.995,34.064,34.348,34.444,34.472,34.5,34.52,34.105,33.32,32.928,33.25,34.265,34.479,34.299,34.14,34.105,34.147,34.265,34.458,34.541,34.651,34.665,34.72,34.858,34.837,34.968,34.996,35.085,35.112,35.188,35.202,35.304,35.38,35.428,35.421,35.428,35.441,35.469,35.476,35.51,35.524,35.517,35.524,35.517,35.476,35.455,35.448,35.421,35.441,35.441,35.462,35.469,35.448,35.414,35.4,35.421,35.4,35.482,35.414,35.489,35.448,35.476,35.517,35.51,35.503,35.496,35.476,35.51,35.482,35.352,35.277,35.181,35.188,35.14,34.968,34.596,34.299,34.154,33.835,33.897,34.147,34.216,34.202,34.576,34.713,34.81,34.672,34.686,34.672,34.713,34.755,34.775,34.803,34.837,34.81,34.831,34.837,34.892,34.886,34.865,34.858,34.824,34.762,34.638,34.686,34.679,34.727,34.769,34.789,34.817,34.837,34.844,34.872,34.968,35.051,35.154,35.133,35.126,35.133,35.112,35.133,35.188,35.25,35.311,35.421,35.455,35.558,35.599,35.66,35.64,35.647,35.626,35.585,35.551,35.51,35.387,35.318,35.304,35.236,35.208,35.167,35.099,35.023,34.954,34.954,34.961,34.927,35.016,34.975,35.064,35.14,35.071,35.057,34.954,34.865,34.789,34.775,34.72,34.7,34.665,34.596,34.576,34.589,34.541,34.424,34.313,34.334,34.216,34.112,33.557,33.522,33.585,33.522,33.529,34.244,34.748,35.002,34.996,34.844,34.81,34.444,34.32,34.202,33.745,33.64,33.494,33.271,33.208,33.215,33.334,33.487,33.459,33.48,33.236,32.641,32.007,31.491,30.9,28.433,25.21,24.432,24.128,24.021,23.915,23.816,23.777,23.747,23.655,23.632,23.586,23.564,23.525,23.479,23.403,23.372,23.357,23.349,23.303,23.288,23.28,23.265,23.265,23.234,23.226,23.188,23.173,23.15,23.142,23.134,23.119,23.104,23.073,23.058,23.042,23.042,23.019,23.011,23.004,23.004,22.981,22.973,22.973,22.996,22.988,22.996,22.973,22.942,22.919,22.904,22.904,22.911,22.911,22.919,22.927,22.881,22.873,22.865,22.865,22.865,22.834,22.865,22.881,22.834,22.896,22.881,22.881,22.881,22.873,22.865,22.873,22.827,22.842,22.827,22.834,22.827,22.804,22.804,22.804,22.773,22.796,22.788,22.765,22.773,22.742,22.78,22.788,22.765,22.765,22.765,22.757,22.75,22.757,22.75,22.75,22.742,22.734,22.727,22.734,22.727,22.727,22.719,22.719,22.727,22.734,22.727,22.734,22.719,22.711,22.727,22.75,22.734,22.75,22.734,22.727,22.711,22.719,22.719,22.703,22.711,22.711,22.727,22.719,22.688,22.673,22.719,22.665,22.711,22.727,22.68,22.688,22.696,22.703,22.703,22.703,22.68,22.68,22.673,22.688,22.688,22.696,22.657,22.619,22.611,22.595,22.619,22.603,22.626,22.588,22.619,22.642,22.595,22.603,22.595,22.603,22.603,22.595,22.564,22.588,22.572,22.572,22.572,22.572,22.595,22.572,22.572,22.58,22.572,22.564,22.557,22.564,22.564,22.564,22.557,22.541,22.526,22.518,22.51,22.495,22.495,22.495,22.479,22.51,22.495,22.503,22.541,22.549,22.541,22.58,22.549,22.534,22.518,22.541,22.503,22.495,22.526,22.518,22.526,22.534,22.534,22.51,22.526,22.51,22.51,22.51,22.495,22.487,22.479,22.472,22.472,22.472,22.495,22.51,22.51,22.503,22.518,22.549,22.549,22.534,22.557,22.572,22.557,22.541,22.534
,22.348,22.348,22.34,22.356,22.363,22.356,22.356,22.34,22.356,22.356,22.394,22.34,22.34,22.332,22.356,22.379,22.387,22.394,22.387,22.387,22.34,22.348,22.34,22.34,22.356,22.348,22.356,22.371,22.363,22.363,22.356,22.363,22.356,22.394,22.394,22.41,22.394,22.418,22.441,22.425,22.441,22.433,22.441,22.441,22.449,22.449,22.472,22.479,22.503,22.495,22.51,22.518,22.503,22.495,22.503,22.487,22.518,22.51,22.503,22.549,22.549,22.541,22.549,22.549,22.541,22.572,22.572,22.572,22.58,22.595,22.557,22.557,22.557,22.564,22.58,22.588,22.595,22.611,22.611,22.595,22.603,22.58,22.595,22.611,22.619,22.626,22.634,22.642,22.642,22.649,22.642,22.642,22.634,22.634,22.642,22.634,22.649,22.642,22.642,22.642,22.634,22.626,22.611,22.642,22.673,22.688,22.703,22.727,22.727,22.734,22.734,22.711,22.711,22.696,22.688,22.673,22.727,22.742,22.742,22.742,22.742,22.734,22.742,22.742,22.734,22.75,22.757,22.773,22.773,22.804,22.788,22.773,22.773,22.765,22.788,22.773,22.773,22.773,22.773,22.796,22.804,22.804,22.819,22.804,22.796,22.804,22.827,22.834,22.858,22.858,22.873,22.881,22.865,22.873,22.873,22.896,22.911,22.919,22.934,22.95,22.958,22.965,22.981,22.973,22.95,23.004,23.027,23.058,23.058,23.058,23.065,23.027,23.065,23.073,23.096,23.142,23.134,23.134,23.165,23.188,23.226,23.272,23.311,23.349,23.372,23.41,23.456,23.495,23.518,23.541,23.571,23.586,23.64,23.701,23.816,23.877,23.991,24.105,24.447,24.901,26.37,30.55,31.753,32.29,32.844,33.061,33.341,33.536,33.647,33.675,33.668,33.585,33.529,33.592,33.724,33.828,33.932,34.313,34.472,34.444,34.562,34.658,34.672,34.479,33.849,33.173,33.012,33.362,34.348,34.472,34.237,34.099,34.085,34.133,34.292,34.417,34.431,34.548,34.527,34.72,34.796,34.865,34.954,34.975,35.016,35.03,35.147,35.147,35.229,35.291,35.332,35.387,35.387,35.428,35.448,35.476,35.503,35.53,35.524,35.503,35.482,35.435,35.435,35.352,35.339,35.393,35.4,35.428,35.448,35.393,35.339,35.346,35.325,35.359,35.346,35.38,35.441,35.435,35.455,35.51,35.51,35.496,35.496,35.462,35.476,35.4,35.256,35.25,35.202,35.181,35.16,34.996,34.569,34.382,34.334,34.154,34.209,34.41,34.651,34.755,34.824,34.92,34.892,34.72,34.713,34.713,34.769,34.782,34.81,34.837,34.865,34.872,34.892,34.899,34.892,34.899,34.913,34.947,34.941,34.941,34.872,34.748,34.734,34.741,34.789,34.789,34.817,34.824,34.824,34.851,34.927,34.989,35.071,35.078,35.112,35.133,35.154,35.126,35.147,35.126,35.256,35.428,35.503,35.585,35.715,35.715,35.715,35.701,35.66,35.612,35.578,35.537,35.421,35.4,35.27,35.236,35.181,35.133,35.037,35.009,34.975,34.927,34.892,34.865,34.947,35.037,35.037,35.071,35.057,34.996,34.906,34.851,34.796,34.748,34.748,34.665,34.658,34.589,34.534,34.555,34.52,34.424,34.368,34.348,34.299,34.154,33.619,33.543,33.557,33.508,33.473,33.522,34.279,35.105,35.112,35.044,34.858,34.569,34.458,34.244,33.8,33.647,33.515,33.313,33.222,33.187,33.229,33.431,33.543,33.55,33.089,32.529,32.05,31.47,30.586,26.963,24.871,24.371,24.166,24.006,23.854,23.808,23.739,23.732,23.678,23.64,23.586,23.579,23.525,23.472,23.426,23.38,23.364,23.334,23.311,23.296,23.288,23.272,23.265,23.242,23.226,23.203,23.18,23.165,23.15,23.134,23.111,23.127,23.088,23.065,23.05,23.027,23.027,23.034,23.011,23.011,22.996,22.965,23.004,22.988,23.019,23.004,22.973,22.958,22.95,22.934,22.919,22.934,22.927,22.934,22.934,22.911,22.896,22.873,22.865,22.858,22.873,22.873,22.904,22.911,22.896,22.888,22.881,22.888,22.873,22.888,22.819,22.85,22.865,22.827,22.804,22.827,22.819,22.834,22.819,22.834,22.804,22.804,22.804,22.765,22.773,22.773,22.78,22.742,22.796,22.75,22.765,22.75,22.75,22.757,22.75,22.75,22.742,22.742,22.742,22.719,22.734,22.742,22.719,22.734,22.742,22.734,22.734,22.734,22.734,22.734,22.734,22.719,22.75,22.719,22.727,22.742,22.75,22.719,22.727,22.719,22.711,22.719,22.734,22.711,22.703,22.696,22.711,22.688,22.711,22.711,22.703,22.696,22.711,22.711,22.719,22.696,22.68,22.673,22.696,22.68,22.696,22.68,22.657,22.634,22.611,22.642,22.611,22.619,22.642,22.619,22.642,22.611,22.595,22.595,22.603,22.611,22.603,22.595,22.572,22.58,22.588,22.572,22.58,22.588,22.572,22.588,22.58,22.564,22.564,22.564,22.557,22.549,22.557,22.557,22.557,22.541,22.526,22.518,22.526,22.503,22.495,22.518,22.518,22.51,22.51,22.526,22.518,22.51,22.557,22.534,22.518,22.549,22.549,22.534,22.51,22.526,22.503,22.518,22.518,22.487,22.526,22.518,22.51,22.479,22.503,22.487,22.526,22.51,22.51,22.526,22.51,22.526,22.518,22.526,22.541,22.549,22.541,22.534,22.541,22.564,22.58,22.572,22.549,22.518
,22.317,22.325,22.34,22.309,22.363,22.34,22.379,22.363,22.348,22.387,22.356,22.363,22.348,22.363,22.363,22.379,22.387,22.394,22.387,22.371,22.363,22.332,22.325,22.325,22.356,22.356,22.363,22.371,22.379,22.363,22.356,22.356,22.363,22.363,22.379,22.387,22.402,22.418,22.441,22.433,22.441,22.433,22.449,22.449,22.449,22.456,22.472,22.479,22.495,22.495,22.495,22.51,22.503,22.495,22.487,22.479,22.526,22.51,22.541,22.549,22.549,22.541,22.572,22.526,22.564,22.564,22.58,22.588,22.588,22.572,22.572,22.557,22.564,22.572,22.58,22.588,22.595,22.595,22.588,22.611,22.588,22.588,22.595,22.595,22.611,22.619,22.626,22.626,22.626,22.611,22.634,22.649,22.642,22.642,22.642,22.626,22.626,22.642,22.634,22.626,22.626,22.626,22.642,22.657,22.665,22.68,22.703,22.711,22.727,22.734,22.727,22.719,22.711,22.703,22.703,22.703,22.703,22.734,22.742,22.75,22.75,22.734,22.727,22.75,22.742,22.75,22.765,22.78,22.78,22.788,22.788,22.78,22.765,22.765,22.773,22.765,22.765,22.773,22.78,22.773,22.788,22.804,22.811,22.819,22.804,22.811,22.827,22.842,22.85,22.858,22.865,22.865,22.904,22.873,22.881,22.888,22.904,22.919,22.934,22.942,22.958,22.95,22.95,22.988,23.004,23.027,23.034,23.058,23.058,23.05,23.042,23.042,23.042,23.073,23.104,23.134,23.15,23.127,23.188,23.203,23.211,23.288,23.311,23.372,23.387,23.426,23.449,23.487,23.51,23.533,23.579,23.594,23.64,23.678,23.785,23.938,23.991,24.189,24.386,24.772,26.221,30.507,31.831,32.339,32.837,33.25,33.39,33.571,33.626,33.647,33.599,33.661,33.8,33.842,33.891,34.23,34.368,34.348,34.479,34.603,34.651,34.72,34.7,34.382,34.029,33.39,33.033,33.362,34.23,34.424,34.202,34.092,34.099,34.092,34.285,34.382,34.493,34.513,34.513,34.686,34.734,34.844,34.899,34.934,34.968,35.016,35.03,34.982,35.03,35.023,35.099,35.215,35.311,35.38,35.393,35.462,35.496,35.517,35.517,35.476,35.441,35.4,35.352,35.325,35.339,35.325,35.325,35.332,35.318,35.277,35.284,35.291,35.291,35.311,35.332,35.38,35.393,35.428,35.496,35.503,35.482,35.496,35.489,35.462,35.4,35.298,35.229,35.236,35.208,35.167,35.147,35.071,34.906,34.658,34.417,34.389,34.665,34.775,35.064,35.078,35.03,34.975,35.092,34.989,34.775,34.775,34.755,34.796,34.824,34.858,34.865,34.886,34.858,34.892,34.886,34.899,34.913,34.906,34.975,35.051,35.009,34.886,34.844,34.748,34.748,34.837,34.803,34.796,34.81,34.817,34.899,34.927,34.982,35.037,35.051,35.085,35.078,35.14,35.167,35.188,35.229,35.332,35.565,35.585,35.783,35.783,35.79,35.783,35.701,35.64,35.585,35.537,35.414,35.373,35.298,35.202,35.16,35.126,35.051,34.968,34.906,34.886,34.865,34.872,34.934,35.009,35.037,35.023,35.016,34.975,34.858,34.775,34.741,34.693,34.679,34.645,34.61,34.52,34.5,34.5,34.479,34.451,34.438,34.375,34.327,34.175,33.633,33.494,33.501,33.557,33.487,33.585,33.585,35.085,35.291,35.119,34.954,34.913,34.803,34.237,33.897,33.835,33.473,33.285,33.187,33.229,33.271,33.341,33.438,33.348,32.984,32.282,31.859,31.391,29.146,25.518,24.742,24.394,24.128,23.968,23.907,23.846,23.747,23.732,23.678,23.632,23.632,23.586,23.533,23.502,23.456,23.403,23.357,23.341,23.334,23.303,23.288,23.272,23.265,23.249,23.234,23.203,23.188,23.173,23.15,23.142,23.119,23.096,23.073,23.058,23.042,23.027,23.019,23.034,23.011,22.988,22.996,22.981,22.973,22.988,23.004,22.996,23.019,22.988,22.958,22.942,22.919,22.919,22.95,22.95,22.927,22.942,22.904,22.888,22.858,22.865,22.865,22.873,22.911,22.896,22.904,22.888,22.881,22.873,22.881,22.858,22.85,22.834,22.842,22.858,22.842,22.842,22.834,22.85,22.827,22.804,22.811,22.804,22.788,22.788,22.788,22.773,22.788,22.757,22.773,22.75,22.727,22.773,22.757,22.773,22.757,22.765,22.765,22.75,22.742,22.742,22.75,22.734,22.734,22.734,22.734,22.742,22.742,22.719,22.75,22.75,22.734,22.742,22.734,22.711,22.719,22.734,22.719,22.734,22.711,22.727,22.727,22.734,22.711,22.719,22.719,22.727,22.696,22.696,22.696,22.703,22.711,22.711,22.711,22.719,22.703,22.719,22.688,22.665,22.673,22.68,22.68,22.68,22.68,22.642,22.611,22.626,22.649,22.657,22.634,22.634,22.626,22.619,22.603,22.611,22.603,22.603,22.595,22.588,22.588,22.572,22.58,22.572,22.564,22.588,22.564,22.58,22.564,22.564,22.564,22.557,22.549,22.557,22.557,22.557,22.557,22.549,22.534,22.51,22.503,22.503,22.495,22.503,22.51,22.518,22.51,22.495,22.526,22.518,22.549,22.549,22.526,22.541,22.534,22.518,22.534,22.518,22.503,22.51,22.503,22.518,22.51,22.503,22.51,22.495,22.495,22.503,22.518,22.526,22.526,22.503,22.441,22.541,22.503,22.526,22.541,22.526,22.549,22.557,22.557,22.564,22.58,22.588,22.534,22.526
,22.325,22.309,22.34,22.363,22.348,22.332,22.371,22.379,22.363,22.394,22.348,22.363,22.356,22.356,22.356,22.363,22.394,22.371,22.379,22.363,22.34,22.348,22.356,22.356,22.356,22.379,22.371,22.371,22.371,22.363,22.363,22.356,22.356,22.356,22.379,22.363,22.418,22.425,22.464,22.433,22.433,22.425,22.449,22.456,22.456,22.479,22.456,22.456,22.472,22.495,22.51,22.51,22.503,22.503,22.503,22.472,22.518,22.557,22.526,22.557,22.564,22.564,22.557,22.564,22.572,22.58,22.58,22.58,22.58,22.588,22.541,22.572,22.58,22.58,22.588,22.588,22.588,22.58,22.588,22.603,22.588,22.58,22.595,22.595,22.603,22.626,22.619,22.603,22.619,22.58,22.634,22.649,22.649,22.642,22.649,22.634,22.634,22.626,22.626,22.634,22.626,22.626,22.634,22.649,22.665,22.68,22.688,22.703,22.727,22.727,22.727,22.719,22.711,22.711,22.711,22.703,22.727,22.696,22.757,22.719,22.75,22.734,22.719,22.734,22.742,22.75,22.765,22.788,22.788,22.811,22.796,22.78,22.788,22.773,22.788,22.78,22.765,22.78,22.773,22.78,22.804,22.811,22.819,22.819,22.827,22.834,22.827,22.85,22.85,22.865,22.865,22.873,22.865,22.881,22.881,22.881,22.896,22.911,22.934,22.942,22.958,22.95,22.958,22.981,23.004,23.019,23.05,23.05,23.065,23.058,23.058,23.058,23.065,23.088,23.096,23.127,23.157,23.173,23.219,23.211,23.257,23.288,23.334,23.341,23.387,23.418,23.441,23.479,23.51,23.548,23.579,23.609,23.648,23.732,23.793,23.938,24.021,24.082,24.265,24.78,25.72,30.407,31.788,32.402,32.83,33.222,33.452,33.578,33.619,33.619,33.599,33.633,33.71,33.96,34.147,34.375,34.458,34.507,34.617,34.693,34.775,34.858,34.748,34.624,34.424,33.424,33.047,33.494,34.389,34.368,34.119,34.043,34.036,34.126,34.182,34.375,34.458,34.493,34.548,34.686,34.7,34.817,34.858,34.899,34.92,34.961,34.954,34.927,34.954,34.996,35.016,35.16,35.195,35.304,35.284,35.38,35.489,35.503,35.482,35.414,35.407,35.366,35.332,35.304,35.27,35.256,35.284,35.263,35.25,35.25,35.256,35.263,35.291,35.325,35.359,35.414,35.428,35.462,35.517,35.51,35.517,35.524,35.496,35.352,35.339,35.284,35.222,35.222,35.222,35.181,35.14,35.112,35.078,34.927,34.906,34.892,34.975,35.057,35.044,35.119,35.167,35.105,35.112,35.057,34.81,34.769,34.775,34.803,34.831,34.831,34.844,34.844,34.844,34.851,34.872,34.858,34.872,34.961,34.947,35.064,35.064,35.037,34.927,34.817,34.796,34.81,34.817,34.803,34.789,34.824,34.851,34.865,34.934,34.954,35.002,35.057,35.105,35.126,35.174,35.188,35.195,35.339,35.435,35.612,35.763,35.797,35.77,35.776,35.701,35.653,35.626,35.544,35.441,35.352,35.298,35.215,35.167,35.03,35.009,34.927,34.906,34.851,34.844,34.858,34.92,35.009,35.002,35.009,34.989,34.913,34.789,34.824,34.7,34.651,34.651,34.61,34.555,34.507,34.458,34.472,34.458,34.438,34.438,34.375,34.334,34.223,34.036,33.543,33.508,33.508,33.487,34.306,33.661,34.5,35.387,35.325,35.112,34.968,34.831,34.348,34.057,33.717,33.599,33.397,33.278,33.271,33.306,33.418,33.411,33.306,32.851,32.24,31.555,30.672,27.141,25.014,24.439,24.166,24.067,23.976,23.938,23.846,23.785,23.724,23.678,23.64,23.617,23.571,23.541,23.479,23.456,23.433,23.41,23.426,23.326,23.296,23.288,23.28,23.272,23.265,23.249,23.226,23.203,23.18,23.157,23.15,23.142,23.119,23.088,23.058,23.058,23.034,23.011,23.034,23.019,23.019,23.011,23.004,23.019,23.019,23.011,23.027,23.011,22.988,22.958,22.95,22.942,22.95,22.942,22.95,22.95,22.934,22.919,22.881,22.888,22.865,22.873,22.881,22.888,22.896,22.904,22.881,22.888,22.858,22.881,22.881,22.85,22.881,22.85,22.881,22.858,22.85,22.834,22.865,22.85,22.842,22.819,22.827,22.834,22.796,22.788,22.78,22.796,22.765,22.765,22.75,22.765,22.773,22.765,22.773,22.773,22.757,22.757,22.742,22.75,22.75,22.734,22.719,22.727,22.75,22.757,22.742,22.75,22.75,22.734,22.765,22.727,22.734,22.734,22.742,22.75,22.75,22.711,22.719,22.719,22.719,22.734,22.727,22.727,22.719,22.727,22.727,22.711,22.727,22.688,22.68,22.688,22.688,22.703,22.696,22.696,22.711,22.688,22.673,22.673,22.68,22.642,22.673,22.626,22.626,22.619,22.649,22.626,22.619,22.649,22.634,22.634,22.619,22.595,22.619,22.611,22.603,22.588,22.595,22.595,22.588,22.588,22.58,22.58,22.572,22.564,22.564,22.572,22.549,22.549,22.549,22.557,22.557,22.557,22.549,22.557,22.541,22.534,22.518,22.503,22.51,22.495,22.51,22.534,22.518,22.495,22.518,22.534,22.526,22.549,22.541,22.549,22.557,22.526,22.541,22.526,22.526,22.51,22.518,22.51,22.503,22.51,22.503,22.51,22.51,22.526,22.518,22.526,22.541,22.541,22.541,22.526,22.534,22.534,22.572,22.549,22.588,22.564,22.572,22.572,22.588,22.564,22.588,22.549,22.51
,22.332,22.332,22.34,22.309,22.325,22.332,22.348,22.387,22.387,22.394,22.387,22.371,22.356,22.363,22.379,22.348,22.363,22.348,22.356,22.34,22.348,22.332,22.348,22.34,22.348,22.363,22.387,22.379,22.356,22.371,22.356,22.363,22.348,22.356,22.371,22.387,22.418,22.418,22.441,22.433,22.449,22.425,22.449,22.456,22.456,22.472,22.456,22.441,22.464,22.472,22.51,22.51,22.518,22.526,22.518,22.51,22.534,22.534,22.526,22.557,22.572,22.58,22.549,22.557,22.564,22.564,22.58,22.58,22.588,22.572,22.58,22.572,22.572,22.588,22.595,22.58,22.58,22.58,22.588,22.564,22.572,22.58,22.595,22.603,22.603,22.626,22.611,22.619,22.626,22.611,22.626,22.642,22.657,22.657,22.657,22.626,22.619,22.611,22.603,22.619,22.619,22.626,22.634,22.634,22.634,22.649,22.688,22.696,22.703,22.719,22.719,22.719,22.711,22.711,22.711,22.719,22.734,22.742,22.742,22.75,22.719,22.727,22.727,22.734,22.742,22.75,22.773,22.796,22.788,22.796,22.804,22.796,22.788,22.765,22.773,22.773,22.788,22.78,22.788,22.788,22.804,22.811,22.811,22.827,22.827,22.827,22.85,22.858,22.858,22.858,22.858,22.865,22.881,22.873,22.888,22.888,22.904,22.911,22.927,22.934,22.942,22.958,22.95,22.973,22.988,23.019,23.027,23.058,23.05,23.058,23.065,23.073,23.096,23.096,23.088,23.111,23.15,23.173,23.196,23.219,23.272,23.288,23.311,23.341,23.364,23.403,23.426,23.479,23.525,23.548,23.579,23.625,23.671,23.716,23.762,23.884,23.983,24.09,24.249,24.712,25.638,29.269,31.682,32.24,32.732,33.152,33.431,33.536,33.557,33.557,33.585,33.682,33.814,34.043,34.258,34.424,34.458,34.603,34.775,34.81,34.899,34.906,34.755,34.886,34.05,33.564,33.131,33.508,34.396,34.327,34.092,34.043,34.036,34.147,34.209,34.313,34.396,34.41,34.534,34.651,34.72,34.769,34.81,34.858,34.851,34.844,34.906,34.879,34.858,34.892,34.961,34.989,35.085,35.208,35.188,35.291,35.318,35.414,35.407,35.414,35.387,35.346,35.284,35.263,35.256,35.236,35.229,35.236,35.243,35.243,35.243,35.27,35.298,35.318,35.339,35.393,35.441,35.476,35.517,35.537,35.551,35.537,35.469,35.393,35.298,35.27,35.25,35.236,35.298,35.263,35.188,35.188,35.188,35.078,35.002,35.105,35.208,35.222,35.181,35.188,35.167,35.154,35.126,34.906,34.796,34.789,34.782,34.796,34.81,34.81,34.803,34.789,34.775,34.81,34.803,34.775,34.755,34.899,34.961,35.078,35.085,35.078,35.044,34.913,34.858,34.824,34.824,34.796,34.796,34.782,34.837,34.851,34.886,34.906,34.927,34.961,35.009,35.071,35.126,35.167,35.208,35.318,35.38,35.565,35.701,35.79,35.763,35.776,35.715,35.653,35.626,35.551,35.448,35.373,35.304,35.195,35.126,35.071,35.002,34.961,34.899,34.872,34.886,34.913,34.961,34.975,35.016,34.954,34.947,34.81,34.789,34.665,34.645,34.631,34.603,34.582,34.513,34.458,34.458,34.431,34.424,34.438,34.424,34.41,34.368,34.099,33.772,33.606,33.459,33.522,33.04,33.11,34.465,34.589,35.366,35.428,35.25,34.989,34.975,34.451,34.057,33.884,33.452,33.376,33.278,33.222,33.313,33.348,33.341,33.306,32.76,32.064,31.477,29.421,25.638,24.492,24.265,24.196,24.029,23.96,23.892,23.854,23.77,23.716,23.686,23.663,23.617,23.571,23.548,23.479,23.449,23.41,23.418,23.372,23.341,23.319,23.303,23.296,23.288,23.272,23.257,23.234,23.226,23.188,23.165,23.142,23.134,23.134,23.104,23.065,23.073,23.042,23.034,23.042,23.011,23.019,23.019,23.004,23.004,23.004,23.019,23.019,23.004,22.981,22.965,22.973,22.95,22.95,22.958,22.942,22.95,22.927,22.896,22.896,22.873,22.873,22.873,22.896,22.896,22.888,22.888,22.85,22.873,22.865,22.865,22.827,22.858,22.865,22.865,22.865,22.85,22.865,22.865,22.865,22.865,22.85,22.858,22.842,22.827,22.827,22.796,22.804,22.788,22.765,22.773,22.765,22.78,22.765,22.788,22.78,22.765,22.773,22.773,22.773,22.757,22.75,22.742,22.75,22.757,22.773,22.727,22.734,22.75,22.75,22.75,22.757,22.757,22.727,22.75,22.742,22.727,22.742,22.719,22.719,22.719,22.711,22.719,22.711,22.727,22.719,22.703,22.711,22.727,22.68,22.688,22.688,22.688,22.688,22.703,22.703,22.696,22.711,22.688,22.688,22.688,22.665,22.673,22.657,22.642,22.611,22.603,22.611,22.634,22.634,22.649,22.626,22.649,22.626,22.603,22.611,22.595,22.603,22.603,22.595,22.619,22.572,22.588,22.572,22.595,22.572,22.557,22.557,22.549,22.549,22.541,22.541,22.549,22.549,22.534,22.557,22.541,22.534,22.549,22.51,22.503,22.487,22.526,22.526,22.503,22.526,22.518,22.503,22.526,22.518,22.549,22.526,22.518,22.541,22.541,22.549,22.534,22.541,22.518,22.51,22.503,22.503,22.495,22.495,22.518,22.503,22.518,22.518,22.541,22.549,22.557,22.557,22.526,22.534,22.526,22.526,22.564,22.564,22.557,22.557,22.58,22.557,22.564,22.58,22.541,22.611
,22.294,22.302,22.317,22.325,22.34,22.348,22.371,22.371,22.379,22.363,22.371,22.371,22.363,22.348,22.325,22.363,22.34,22.356,22.332,22.34,22.332,22.325,22.309,22.356,22.34,22.363,22.356,22.356,22.387,22.363,22.356,22.348,22.34,22.348,22.356,22.379,22.379,22.433,22.418,22.425,22.425,22.433,22.456,22.456,22.464,22.464,22.464,22.456,22.449,22.487,22.503,22.51,22.503,22.518,22.51,22.518,22.534,22.541,22.503,22.549,22.518,22.549,22.534,22.541,22.557,22.564,22.564,22.564,22.564,22.58,22.572,22.603,22.595,22.619,22.603,22.572,22.572,22.58,22.557,22.58,22.58,22.588,22.58,22.611,22.611,22.595,22.611,22.603,22.611,22.611,22.626,22.634,22.649,22.665,22.657,22.642,22.603,22.603,22.603,22.611,22.603,22.619,22.619,22.626,22.626,22.642,22.673,22.673,22.696,22.719,22.719,22.711,22.719,22.711,22.719,22.727,22.734,22.727,22.727,22.727,22.711,22.727,22.734,22.734,22.75,22.757,22.757,22.788,22.78,22.796,22.788,22.788,22.78,22.773,22.78,22.773,22.796,22.811,22.765,22.773,22.804,22.804,22.788,22.827,22.827,22.842,22.85,22.85,22.858,22.858,22.85,22.858,22.873,22.888,22.881,22.881,22.896,22.904,22.911,22.942,22.95,22.95,22.958,22.973,22.988,22.996,23.027,23.019,23.042,23.05,23.073,23.073,23.096,23.119,23.104,23.134,23.15,23.157,23.211,23.211,23.234,23.28,23.319,23.357,23.372,23.41,23.426,23.464,23.495,23.548,23.586,23.625,23.663,23.732,23.785,23.838,23.976,24.059,24.227,24.56,25.488,27.804,31.576,32.282,32.62,32.921,33.397,33.522,33.543,33.501,33.522,33.675,33.828,34.092,34.209,34.382,34.513,34.7,34.707,34.886,34.947,34.934,34.865,34.672,34.265,33.578,33.019,33.613,34.355,34.209,34.05,33.96,33.953,34.099,34.195,34.341,34.382,34.493,34.534,34.631,34.658,34.727,34.755,34.762,34.796,34.796,34.837,34.837,34.837,34.851,34.906,34.913,35.009,35.092,35.078,35.147,35.229,35.277,35.393,35.38,35.346,35.325,35.291,35.263,35.243,35.236,35.229,35.243,35.25,35.243,35.27,35.284,35.311,35.346,35.38,35.441,35.51,35.524,35.551,35.599,35.578,35.537,35.448,35.407,35.359,35.284,35.263,35.256,35.325,35.339,35.311,35.318,35.236,35.202,35.188,35.188,35.256,35.304,35.256,35.202,35.195,35.188,35.14,34.941,34.817,34.775,34.831,34.789,34.782,34.81,34.796,34.775,34.727,34.734,34.72,34.707,34.755,34.851,34.906,35.023,35.071,35.085,35.078,35.002,34.934,34.865,34.817,34.803,34.782,34.775,34.796,34.817,34.844,34.886,34.865,34.92,34.996,35.009,35.099,35.154,35.174,35.25,35.352,35.4,35.489,35.701,35.708,35.749,35.619,35.653,35.578,35.476,35.435,35.393,35.263,35.195,35.112,35.044,34.975,34.947,34.92,34.879,34.899,34.927,34.947,34.961,34.961,34.906,34.824,34.734,34.707,34.617,34.61,34.582,34.555,34.527,34.479,34.438,34.41,34.403,34.396,34.424,34.417,34.41,34.32,34.14,33.654,33.515,33.452,33.466,33.047,32.964,34.403,34.237,35.421,35.366,35.352,35.188,34.886,34.741,34.251,33.932,33.613,33.39,33.271,33.201,33.292,33.369,33.313,32.851,32.184,31.951,31.2,27.348,25.157,24.432,24.227,24.105,24.014,23.945,23.884,23.838,23.77,23.732,23.693,23.648,23.632,23.579,23.556,23.51,23.487,23.456,23.441,23.403,23.372,23.334,23.319,23.311,23.296,23.288,23.28,23.242,23.219,23.203,23.18,23.142,23.134,23.142,23.119,23.096,23.088,23.073,23.05,23.065,23.027,23.034,23.034,23.004,23.019,23.004,23.011,23.011,22.988,22.973,22.981,22.958,22.958,22.958,22.95,22.958,22.965,22.942,22.896,22.888,22.873,22.85,22.865,22.881,22.858,22.873,22.858,22.881,22.865,22.858,22.865,22.842,22.858,22.881,22.85,22.873,22.865,22.881,22.858,22.834,22.827,22.842,22.834,22.827,22.819,22.827,22.811,22.796,22.78,22.773,22.78,22.773,22.78,22.78,22.788,22.804,22.796,22.765,22.765,22.78,22.757,22.757,22.75,22.75,22.757,22.742,22.734,22.742,22.75,22.75,22.773,22.742,22.742,22.757,22.742,22.757,22.719,22.75,22.734,22.734,22.703,22.703,22.696,22.711,22.727,22.711,22.703,22.711,22.688,22.703,22.703,22.688,22.68,22.665,22.665,22.657,22.673,22.696,22.696,22.696,22.711,22.665,22.642,22.649,22.619,22.611,22.611,22.619,22.619,22.642,22.642,22.634,22.619,22.619,22.619,22.611,22.626,22.603,22.595,22.595,22.603,22.588,22.588,22.58,22.572,22.572,22.572,22.572,22.534,22.549,22.572,22.534,22.534,22.51,22.549,22.557,22.557,22.541,22.541,22.503,22.51,22.503,22.495,22.541,22.495,22.503,22.518,22.518,22.518,22.534,22.549,22.541,22.526,22.534,22.503,22.557,22.526,22.534,22.534,22.487,22.518,22.487,22.495,22.526,22.51,22.518,22.518,22.518,22.549,22.557,22.557,22.534,22.588,22.541,22.518,22.549,22.534,22.549,22.549,22.564,22.557,22.557,22.588,22.58,22.58,22.572
,22.286,22.325,22.317,22.356,22.348,22.363,22.356,22.34,22.356,22.379,22.348,22.379,22.363,22.325,22.34,22.325,22.332,22.332,22.332,22.34,22.34,22.302,22.332,22.348,22.348,22.356,22.363,22.363,22.356,22.332,22.356,22.34,22.34,22.356,22.363,22.379,22.41,22.418,22.402,22.418,22.394,22.41,22.418,22.449,22.479,22.456,22.441,22.449,22.456,22.456,22.503,22.487,22.51,22.526,22.526,22.526,22.51,22.541,22.549,22.526,22.557,22.541,22.557,22.564,22.557,22.549,22.564,22.564,22.564,22.572,22.572,22.588,22.603,22.588,22.588,22.58,22.541,22.541,22.557,22.564,22.564,22.58,22.588,22.572,22.595,22.603,22.611,22.611,22.611,22.611,22.626,22.619,22.649,22.657,22.642,22.634,22.611,22.603,22.611,22.611,22.595,22.626,22.626,22.626,22.611,22.634,22.665,22.657,22.688,22.703,22.719,22.719,22.719,22.719,22.727,22.727,22.727,22.727,22.719,22.719,22.742,22.727,22.734,22.742,22.742,22.75,22.757,22.78,22.78,22.773,22.78,22.765,22.773,22.757,22.78,22.796,22.804,22.804,22.811,22.804,22.796,22.804,22.819,22.827,22.827,22.834,22.842,22.827,22.881,22.865,22.842,22.85,22.858,22.881,22.881,22.881,22.881,22.911,22.927,22.927,22.95,22.95,22.95,22.973,22.973,22.981,23.019,23.011,23.042,23.058,23.081,23.088,23.104,23.111,23.119,23.134,23.142,23.15,23.165,23.211,23.234,23.28,23.296,23.334,23.357,23.387,23.426,23.479,23.51,23.556,23.617,23.617,23.678,23.724,23.762,23.823,23.907,24.044,24.128,24.583,24.682,26.608,30.586,32.071,32.634,32.936,33.327,33.487,33.508,33.445,33.515,33.696,33.772,34.071,34.182,34.451,34.61,34.748,34.879,34.941,35.057,34.879,35.119,34.769,34.734,34.015,33.201,33.661,34.368,34.099,33.939,33.856,33.884,33.939,34.209,34.348,34.396,34.486,34.569,34.596,34.665,34.707,34.679,34.707,34.727,34.72,34.762,34.782,34.803,34.796,34.851,34.865,34.968,35.002,35.037,35.092,35.215,35.277,35.291,35.339,35.325,35.284,35.284,35.243,35.229,35.243,35.25,35.263,35.27,35.277,35.298,35.304,35.352,35.4,35.435,35.476,35.53,35.544,35.565,35.578,35.585,35.565,35.462,35.421,35.346,35.332,35.339,35.352,35.318,35.339,35.373,35.387,35.284,35.25,35.181,35.298,35.346,35.256,35.25,35.174,35.208,35.16,35.119,34.968,34.803,34.796,34.789,34.775,34.789,34.81,34.775,34.72,34.624,34.472,34.41,34.458,34.631,34.769,34.879,34.982,35.051,35.071,35.112,35.044,34.954,34.886,34.858,34.824,34.803,34.782,34.803,34.824,34.831,34.844,34.858,34.892,34.941,34.996,35.051,35.105,35.188,35.25,35.298,35.352,35.51,35.599,35.633,35.633,35.592,35.544,35.53,35.448,35.414,35.4,35.298,35.222,35.154,35.064,35.044,34.989,34.941,34.906,34.934,34.961,34.954,34.954,34.886,34.872,34.713,34.672,34.638,34.61,34.596,34.555,34.507,34.451,34.41,34.41,34.389,34.389,34.382,34.431,34.417,34.368,34.361,34.202,33.564,33.619,33.459,33.452,33.089,33.012,34.202,34.596,35.496,35.462,35.359,35.126,34.886,34.7,34.154,33.863,33.508,33.306,33.229,33.173,33.257,33.264,33.264,32.753,32.191,31.937,29.638,25.825,24.908,24.28,24.189,24.09,24.029,23.938,23.884,23.846,23.77,23.732,23.686,23.671,23.625,23.594,23.556,23.51,23.487,23.472,23.441,23.395,23.349,23.341,23.334,23.319,23.319,23.311,23.288,23.265,23.211,23.219,23.173,23.15,23.134,23.15,23.134,23.111,23.088,23.081,23.065,23.058,23.042,23.042,23.011,22.996,22.988,23.011,23.011,22.981,23.011,22.981,22.958,22.973,22.942,22.958,22.958,22.958,22.942,22.942,22.896,22.896,22.873,22.873,22.881,22.865,22.858,22.881,22.873,22.865,22.865,22.865,22.858,22.873,22.881,22.865,22.858,22.858,22.858,22.858,22.858,22.827,22.834,22.827,22.804,22.804,22.834,22.827,22.811,22.804,22.788,22.78,22.78,22.773,22.773,22.804,22.811,22.765,22.804,22.78,22.773,22.773,22.765,22.773,22.757,22.773,22.773,22.727,22.757,22.75,22.757,22.75,22.742,22.742,22.742,22.765,22.773,22.757,22.757,22.742,22.727,22.711,22.719,22.711,22.719,22.711,22.719,22.727,22.719,22.727,22.696,22.68,22.657,22.649,22.642,22.649,22.665,22.703,22.68,22.688,22.703,22.696,22.727,22.657,22.665,22.634,22.619,22.588,22.588,22.595,22.619,22.634,22.642,22.634,22.626,22.634,22.619,22.619,22.619,22.611,22.595,22.588,22.588,22.58,22.572,22.611,22.572,22.58,22.572,22.572,22.549,22.588,22.557,22.534,22.541,22.526,22.526,22.541,22.549,22.549,22.503,22.51,22.534,22.51,22.526,22.526,22.549,22.526,22.51,22.518,22.518,22.526,22.526,22.564,22.557,22.557,22.518,22.503,22.564,22.526,22.534,22.518,22.549,22.526,22.534,22.51,22.495,22.503,22.534,22.534,22.58,22.564,22.564,22.526,22.557,22.526,22.526,22.541,22.549,22.549,22.564,22.549,22.541,22.557,22.588,22.588,22.588,22.564
,22.34,22.302,22.34,22.363,22.34,22.363,22.348,22.325,22.34,22.363,22.363,22.371,22.371,22.356,22.348,22.348,22.348,22.34,22.332,22.332,22.34,22.317,22.317,22.317,22.325,22.34,22.317,22.34,22.332,22.332,22.317,22.332,22.34,22.356,22.363,22.379,22.363,22.387,22.371,22.402,22.418,22.41,22.425,22.456,22.456,22.472,22.456,22.433,22.456,22.464,22.487,22.487,22.503,22.518,22.526,22.534,22.526,22.534,22.503,22.518,22.549,22.557,22.549,22.541,22.549,22.541,22.549,22.549,22.564,22.58,22.58,22.595,22.603,22.595,22.58,22.557,22.557,22.549,22.549,22.564,22.588,22.572,22.595,22.595,22.611,22.603,22.611,22.619,22.619,22.626,22.619,22.634,22.642,22.634,22.642,22.626,22.603,22.611,22.603,22.603,22.634,22.603,22.595,22.611,22.619,22.634,22.649,22.665,22.688,22.688,22.711,22.719,22.711,22.719,22.719,22.719,22.727,22.734,22.734,22.727,22.734,22.727,22.734,22.742,22.742,22.742,22.734,22.757,22.765,22.765,22.773,22.757,22.765,22.757,22.757,22.804,22.804,22.827,22.819,22.78,22.811,22.796,22.804,22.819,22.827,22.834,22.834,22.842,22.85,22.858,22.85,22.873,22.858,22.873,22.888,22.881,22.888,22.896,22.911,22.919,22.958,22.95,22.965,22.965,22.958,22.965,23.004,22.981,23.034,23.05,23.073,23.088,23.111,23.127,23.119,23.119,23.127,23.165,23.188,23.188,23.219,23.257,23.311,23.319,23.357,23.387,23.426,23.472,23.51,23.556,23.602,23.632,23.678,23.701,23.755,23.8,23.861,23.968,24.09,24.28,24.621,25.555,29.233,31.866,32.557,32.984,33.334,33.452,33.48,33.459,33.459,33.619,33.835,33.988,34.23,34.458,34.775,34.796,34.954,35.023,35.002,35.064,35.222,35.188,35.229,34.796,33.271,33.55,34.334,34.161,33.884,33.8,33.8,33.946,34.036,34.327,34.348,34.472,34.555,34.589,34.645,34.658,34.645,34.679,34.693,34.713,34.741,34.727,34.769,34.782,34.734,34.727,34.879,34.934,34.982,35.009,35.112,35.222,35.263,35.284,35.284,35.25,35.229,35.229,35.229,35.243,35.277,35.284,35.311,35.339,35.339,35.4,35.421,35.435,35.476,35.53,35.558,35.599,35.599,35.626,35.606,35.558,35.489,35.435,35.4,35.407,35.38,35.346,35.393,35.441,35.455,35.414,35.366,35.304,35.346,35.311,35.393,35.243,35.236,35.126,35.14,35.112,34.996,34.865,34.803,34.796,34.789,34.775,34.769,34.796,34.796,34.755,34.617,34.382,34.299,34.355,34.355,34.5,34.748,34.755,34.879,35.057,35.051,35.071,35.009,34.968,34.996,34.913,34.899,34.817,34.803,34.817,34.817,34.824,34.858,34.872,34.906,34.947,34.996,35.016,35.085,35.195,35.202,35.339,35.441,35.544,35.571,35.585,35.537,35.496,35.476,35.448,35.393,35.339,35.284,35.215,35.133,35.078,35.023,34.961,34.941,34.927,34.941,34.961,34.934,34.934,34.879,34.789,34.734,34.624,34.61,34.576,34.548,34.534,34.479,34.451,34.424,34.396,34.375,34.382,34.375,34.375,34.396,34.368,34.292,33.821,33.557,33.557,33.501,33.445,32.711,32.508,33.215,35.25,35.489,35.441,35.311,35.147,34.803,34.569,34.119,33.891,33.536,33.236,33.124,33.159,33.145,33.201,33.026,32.76,32.099,31.15,27.576,25.029,24.727,24.265,24.196,24.105,24.021,23.96,23.907,23.838,23.8,23.739,23.701,23.671,23.64,23.625,23.564,23.502,23.495,23.479,23.433,23.41,23.372,23.357,23.349,23.334,23.334,23.311,23.296,23.249,23.234,23.196,23.165,23.15,23.15,23.15,23.134,23.15,23.134,23.119,23.104,23.081,23.058,23.019,23.019,23.019,23.011,22.981,22.988,23.004,23.004,22.981,22.958,22.965,22.965,22.965,22.965,22.942,22.95,22.927,22.904,22.896,22.888,22.881,22.881,22.873,22.865,22.865,22.865,22.865,22.865,22.873,22.873,22.881,22.881,22.881,22.865,22.873,22.865,22.865,22.85,22.819,22.804,22.811,22.804,22.827,22.819,22.811,22.811,22.804,22.788,22.773,22.78,22.788,22.78,22.788,22.796,22.811,22.78,22.78,22.765,22.773,22.788,22.765,22.78,22.757,22.727,22.75,22.773,22.773,22.765,22.765,22.773,22.727,22.719,22.742,22.757,22.78,22.727,22.757,22.734,22.719,22.711,22.711,22.696,22.719,22.719,22.727,22.711,22.711,22.711,22.696,22.673,22.649,22.68,22.673,22.688,22.688,22.696,22.696,22.68,22.703,22.688,22.665,22.68,22.634,22.626,22.595,22.588,22.595,22.611,22.642,22.619,22.634,22.611,22.619,22.611,22.619,22.58,22.595,22.595,22.564,22.58,22.564,22.58,22.58,22.572,22.572,22.557,22.541,22.541,22.564,22.534,22.526,22.526,22.518,22.534,22.549,22.541,22.534,22.518,22.534,22.526,22.549,22.564,22.557,22.534,22.51,22.495,22.495,22.503,22.526,22.526,22.549,22.526,22.572,22.541,22.557,22.51,22.526,22.541,22.534,22.526,22.518,22.51,22.518,22.503,22.518,22.518,22.549,22.534,22.564,22.564,22.549,22.534,22.51,22.518,22.51,22.526,22.526,22.518,22.526,22.534,22.557,22.588,22.549,22.541,22.564
,22.332,22.332,22.356,22.348,22.363,22.363,22.34,22.356,22.363,22.348,22.356,22.379,22.356,22.356,22.356,22.348,22.348,22.356,22.34,22.348,22.348,22.332,22.325,22.332,22.325,22.309,22.332,22.332,22.302,22.309,22.325,22.317,22.34,22.348,22.363,22.332,22.379,22.387,22.379,22.394,22.402,22.41,22.402,22.449,22.441,22.464,22.456,22.472,22.456,22.472,22.479,22.464,22.51,22.526,22.51,22.541,22.518,22.534,22.534,22.518,22.503,22.526,22.541,22.549,22.549,22.588,22.557,22.564,22.534,22.572,22.572,22.603,22.588,22.564,22.572,22.541,22.549,22.557,22.549,22.564,22.564,22.564,22.564,22.572,22.588,22.588,22.595,22.611,22.603,22.611,22.619,22.626,22.649,22.649,22.642,22.642,22.626,22.611,22.649,22.603,22.619,22.595,22.595,22.619,22.626,22.634,22.649,22.68,22.673,22.696,22.688,22.703,22.703,22.696,22.711,22.719,22.719,22.727,22.734,22.727,22.742,22.742,22.734,22.742,22.75,22.765,22.765,22.75,22.75,22.742,22.757,22.757,22.75,22.734,22.78,22.773,22.78,22.811,22.827,22.819,22.819,22.811,22.819,22.819,22.811,22.811,22.827,22.811,22.842,22.865,22.873,22.873,22.858,22.85,22.865,22.873,22.881,22.888,22.911,22.911,22.927,22.942,22.965,22.958,22.958,22.973,22.996,23.019,23.004,23.05,23.058,23.088,23.104,23.104,23.111,23.119,23.15,23.165,23.18,23.18,23.234,23.257,23.288,23.319,23.349,23.357,23.426,23.456,23.472,23.525,23.586,23.625,23.663,23.709,23.739,23.785,23.861,23.983,24.052,24.348,24.507,25.315,27.502,31.292,32.522,32.823,33.236,33.473,33.459,33.39,33.459,33.661,33.821,34.05,34.279,34.396,34.72,34.865,34.92,35.057,35.044,35.215,35.304,35.202,35.229,34.603,33.159,33.564,34.209,34.064,33.8,33.731,33.668,33.897,34.064,34.368,34.444,34.479,34.541,34.569,34.603,34.582,34.645,34.61,34.672,34.672,34.645,34.693,34.7,34.727,34.686,34.748,34.81,34.913,34.927,35.002,35.105,35.167,35.208,35.243,35.243,35.222,35.215,35.229,35.256,35.284,35.311,35.339,35.366,35.387,35.393,35.414,35.489,35.496,35.503,35.544,35.585,35.592,35.612,35.612,35.606,35.578,35.551,35.462,35.455,35.489,35.414,35.428,35.462,35.489,35.503,35.489,35.455,35.414,35.428,35.4,35.346,35.366,35.14,35.078,35.051,35.085,34.982,34.865,34.81,34.775,34.741,34.748,34.748,34.824,34.769,34.748,34.638,34.431,34.348,34.32,34.285,34.272,34.389,34.713,34.858,34.968,35.03,35.064,35.078,34.996,35.03,35.044,34.886,34.858,34.817,34.844,34.831,34.844,34.831,34.851,34.886,34.913,34.954,34.989,35.03,35.16,35.208,35.27,35.304,35.441,35.496,35.469,35.441,35.448,35.414,35.387,35.366,35.311,35.263,35.215,35.147,35.099,35.057,35.009,34.941,34.947,34.954,34.927,34.941,34.906,34.837,34.624,34.603,34.513,34.548,34.548,34.507,34.458,34.451,34.424,34.41,34.403,34.375,34.361,34.348,34.348,34.444,34.299,34.251,33.925,33.606,33.571,33.515,33.424,32.479,32.325,33.068,35.208,35.332,35.318,35.222,34.92,34.762,34.424,34.099,33.779,33.445,33.124,33.047,33.082,33.152,33.11,32.907,32.36,31.88,29.717,25.975,24.81,24.492,24.234,24.097,24.067,24.052,23.938,23.899,23.831,23.785,23.739,23.709,23.671,23.64,23.617,23.571,23.541,23.495,23.479,23.441,23.441,23.403,23.372,23.357,23.341,23.349,23.326,23.288,23.272,23.219,23.219,23.188,23.173,23.173,23.165,23.165,23.15,23.15,23.111,23.096,23.073,23.081,23.034,23.019,23.004,23.004,22.996,23.004,22.996,22.973,22.973,22.973,22.973,22.965,22.958,22.973,22.958,22.965,22.95,22.919,22.911,22.904,22.896,22.904,22.881,22.881,22.873,22.873,22.873,22.881,22.888,22.888,22.888,22.881,22.865,22.858,22.865,22.85,22.858,22.842,22.842,22.819,22.811,22.827,22.811,22.819,22.811,22.811,22.796,22.78,22.773,22.788,22.757,22.811,22.811,22.796,22.773,22.773,22.78,22.765,22.765,22.78,22.788,22.773,22.78,22.788,22.757,22.773,22.78,22.788,22.796,22.773,22.719,22.757,22.727,22.811,22.75,22.773,22.742,22.742,22.734,22.734,22.711,22.719,22.727,22.727,22.719,22.719,22.696,22.711,22.68,22.68,22.68,22.665,22.688,22.688,22.673,22.688,22.696,22.703,22.727,22.696,22.696,22.673,22.649,22.626,22.619,22.595,22.611,22.611,22.634,22.626,22.642,22.619,22.611,22.619,22.603,22.58,22.595,22.564,22.595,22.557,22.572,22.603,22.588,22.572,22.557,22.549,22.557,22.557,22.572,22.549,22.526,22.518,22.51,22.526,22.526,22.534,22.557,22.534,22.526,22.564,22.58,22.564,22.549,22.541,22.534,22.518,22.495,22.503,22.526,22.549,22.526,22.564,22.541,22.51,22.534,22.518,22.541,22.534,22.526,22.518,22.51,22.51,22.549,22.51,22.518,22.534,22.526,22.541,22.518,22.518,22.557,22.518,22.526,22.534,22.549,22.549,22.541,22.534,22.534,22.526,22.564,22.549,22.58,22.564,22.564
,22.41,22.379,22.41,22.394,22.356,22.363,22.332,22.332,22.356,22.332,22.363,22.34,22.356,22.356,22.356,22.356,22.348,22.356,22.348,22.348,22.363,22.348,22.34,22.332,22.309,22.332,22.332,22.317,22.302,22.309,22.302,22.332,22.34,22.348,22.356,22.363,22.363,22.363,22.379,22.402,22.41,22.402,22.425,22.418,22.402,22.456,22.456,22.464,22.464,22.449,22.479,22.51,22.518,22.534,22.534,22.534,22.518,22.526,22.518,22.495,22.526,22.526,22.588,22.557,22.588,22.58,22.58,22.58,22.564,22.588,22.572,22.588,22.595,22.557,22.564,22.564,22.549,22.549,22.549,22.557,22.564,22.572,22.572,22.572,22.58,22.564,22.572,22.603,22.611,22.611,22.619,22.619,22.642,22.626,22.642,22.649,22.626,22.603,22.657,22.58,22.611,22.595,22.619,22.619,22.619,22.642,22.657,22.665,22.68,22.68,22.68,22.688,22.688,22.703,22.703,22.711,22.719,22.719,22.727,22.75,22.75,22.742,22.75,22.742,22.727,22.742,22.742,22.727,22.742,22.742,22.734,22.75,22.734,22.734,22.757,22.765,22.78,22.804,22.804,22.819,22.811,22.804,22.819,22.811,22.811,22.811,22.811,22.827,22.842,22.858,22.865,22.873,22.865,22.873,22.858,22.881,22.858,22.904,22.904,22.911,22.95,22.95,22.95,22.958,22.973,22.958,22.988,23.011,23.042,23.042,23.073,23.081,23.096,23.096,23.104,23.134,23.157,23.18,23.203,23.226,23.257,23.272,23.288,23.296,23.319,23.372,23.418,23.449,23.487,23.533,23.579,23.602,23.655,23.693,23.732,23.793,23.877,23.915,24.052,24.166,24.576,24.704,26.176,30.393,32.092,32.718,33.166,33.431,33.424,33.39,33.411,33.557,33.828,34.099,34.334,34.555,34.686,34.851,34.968,35.071,35.133,35.291,35.311,35.202,35.243,34.651,33.236,33.327,34.195,33.856,33.717,33.745,33.703,33.849,34.119,34.41,34.472,34.507,34.548,34.582,34.534,34.52,34.576,34.534,34.582,34.617,34.624,34.672,34.679,34.645,34.7,34.693,34.769,34.851,34.892,34.947,35.016,35.092,35.16,35.215,35.202,35.195,35.195,35.222,35.256,35.304,35.332,35.38,35.393,35.407,35.482,35.462,35.53,35.524,35.537,35.571,35.578,35.585,35.612,35.599,35.626,35.599,35.578,35.537,35.551,35.503,35.455,35.517,35.524,35.524,35.524,35.51,35.469,35.448,35.441,35.366,35.407,35.14,35.119,35.051,35.064,35.044,34.982,34.851,34.803,34.775,34.686,34.693,34.707,34.775,34.769,34.817,34.707,34.617,34.396,34.355,34.272,34.189,34.292,34.368,34.851,35.051,35.044,35.016,35.064,35.167,35.174,35.099,35.099,35.03,34.954,34.906,34.858,34.858,34.844,34.858,34.865,34.892,34.941,34.975,35.009,35.112,35.188,35.195,35.27,35.393,35.318,35.393,35.352,35.346,35.352,35.352,35.339,35.325,35.318,35.195,35.154,35.16,35.085,35.03,34.982,34.961,34.913,34.941,34.906,34.851,34.693,34.576,34.458,34.444,34.486,34.472,34.465,34.41,34.417,34.41,34.403,34.403,34.403,34.368,34.368,34.355,34.341,34.272,34.168,33.821,33.64,33.557,33.522,33.487,32.536,32.205,33.194,35.016,35.229,35.181,35.092,34.817,34.679,34.424,33.96,33.772,33.32,32.977,32.851,32.943,33.103,33.005,32.655,31.993,31.228,27.826,25.435,24.712,24.386,24.219,24.181,24.082,23.968,23.945,23.884,23.808,23.785,23.724,23.701,23.663,23.64,23.617,23.556,23.502,23.487,23.456,23.449,23.38,23.395,23.357,23.364,23.349,23.341,23.311,23.288,23.272,23.257,23.226,23.211,23.18,23.188,23.173,23.165,23.165,23.15,23.127,23.127,23.104,23.065,23.034,23.019,23.004,23.004,23.019,23.004,22.981,22.973,22.988,22.965,22.973,22.958,22.958,22.965,22.965,22.95,22.927,22.927,22.942,22.934,22.904,22.896,22.888,22.881,22.881,22.888,22.881,22.888,22.896,22.896,22.888,22.888,22.881,22.873,22.873,22.858,22.85,22.834,22.842,22.842,22.827,22.811,22.811,22.819,22.804,22.819,22.796,22.796,22.788,22.788,22.796,22.796,22.796,22.788,22.773,22.757,22.78,22.773,22.773,22.78,22.773,22.788,22.773,22.765,22.78,22.773,22.788,22.788,22.788,22.804,22.804,22.765,22.788,22.796,22.773,22.765,22.727,22.757,22.742,22.742,22.719,22.734,22.734,22.734,22.734,22.711,22.711,22.703,22.688,22.703,22.68,22.688,22.696,22.688,22.703,22.688,22.719,22.688,22.696,22.688,22.68,22.665,22.657,22.642,22.634,22.611,22.611,22.642,22.611,22.619,22.619,22.619,22.619,22.611,22.58,22.595,22.58,22.588,22.58,22.595,22.603,22.557,22.595,22.572,22.557,22.549,22.541,22.557,22.526,22.541,22.534,22.518,22.526,22.51,22.557,22.541,22.549,22.549,22.564,22.541,22.541,22.572,22.549,22.557,22.541,22.495,22.487,22.518,22.534,22.572,22.534,22.588,22.557,22.495,22.518,22.534,22.534,22.518,22.534,22.51,22.51,22.518,22.51,22.518,22.526,22.526,22.518,22.526,22.541,22.541,22.503,22.549,22.518,22.541,22.541,22.518,22.549,22.526,22.541,22.541,22.534,22.564,22.58,22.534,22.564
,22.425,22.41,22.387,22.394,22.379,22.379,22.348,22.34,22.379,22.371,22.34,22.325,22.34,22.348,22.356,22.379,22.363,22.363,22.348,22.356,22.34,22.34,22.332,22.325,22.325,22.34,22.34,22.325,22.325,22.302,22.317,22.325,22.332,22.356,22.356,22.348,22.348,22.356,22.379,22.425,22.402,22.394,22.433,22.456,22.418,22.456,22.456,22.449,22.472,22.456,22.503,22.479,22.549,22.51,22.51,22.526,22.518,22.518,22.51,22.518,22.518,22.518,22.549,22.549,22.58,22.572,22.58,22.572,22.572,22.564,22.572,22.588,22.588,22.588,22.595,22.534,22.549,22.534,22.557,22.557,22.557,22.572,22.564,22.549,22.58,22.572,22.557,22.58,22.58,22.603,22.626,22.634,22.634,22.649,22.642,22.634,22.649,22.649,22.634,22.634,22.595,22.588,22.603,22.619,22.619,22.649,22.649,22.657,22.657,22.665,22.673,22.688,22.657,22.696,22.703,22.673,22.719,22.719,22.719,22.727,22.742,22.742,22.75,22.75,22.75,22.734,22.719,22.727,22.742,22.742,22.742,22.742,22.727,22.75,22.75,22.757,22.773,22.788,22.804,22.819,22.811,22.804,22.804,22.804,22.811,22.811,22.827,22.85,22.85,22.85,22.881,22.881,22.881,22.865,22.873,22.865,22.873,22.881,22.904,22.927,22.95,22.95,22.958,22.958,22.965,22.981,22.988,23.011,23.034,23.05,23.073,23.073,23.081,23.096,23.104,23.134,23.157,23.18,23.203,23.234,23.249,23.265,23.288,23.341,23.349,23.38,23.41,23.441,23.472,23.518,23.571,23.586,23.648,23.686,23.739,23.785,23.854,23.945,24.021,24.166,24.432,24.56,25.42,28.659,31.88,32.641,33.096,33.334,33.383,33.362,33.397,33.424,33.884,34.105,34.341,34.465,34.707,34.789,34.913,35.14,35.202,35.291,35.346,35.291,35.318,34.81,33.536,33.124,33.995,33.786,33.71,33.752,33.626,33.779,34.112,34.458,34.486,34.5,34.555,34.527,34.527,34.513,34.52,34.5,34.5,34.548,34.576,34.61,34.603,34.582,34.631,34.665,34.762,34.755,34.851,34.872,34.975,35.051,35.133,35.154,35.174,35.188,35.188,35.229,35.27,35.311,35.359,35.428,35.407,35.469,35.496,35.544,35.551,35.551,35.551,35.558,35.571,35.578,35.585,35.599,35.606,35.592,35.571,35.585,35.571,35.565,35.544,35.578,35.565,35.571,35.592,35.565,35.476,35.455,35.462,35.38,35.38,35.277,35.119,35.078,35.03,35.03,34.941,34.803,34.727,34.748,34.665,34.645,34.665,34.7,34.858,34.844,34.775,34.789,34.582,34.438,34.368,34.209,34.202,34.431,34.886,35.057,35.078,35.092,35.14,35.195,35.229,35.291,35.188,35.154,35.078,35.016,34.947,34.913,34.906,34.858,34.886,34.892,34.954,35.057,35.051,35.112,35.174,35.181,35.188,35.208,35.167,35.126,35.112,35.14,35.256,35.236,35.291,35.291,35.277,35.208,35.16,35.133,35.078,35.03,34.982,34.975,34.913,34.899,34.858,34.707,34.555,34.438,34.431,34.361,34.341,34.341,34.348,34.361,34.382,34.396,34.41,34.417,34.41,34.375,34.341,34.313,34.299,34.189,34.043,33.863,33.619,33.626,33.592,33.431,32.465,32.177,33.39,35.037,35.147,35.112,35.023,34.741,34.472,34.285,34.05,33.557,33.355,33.047,32.774,32.753,32.683,32.472,32.416,31.824,30.35,26.191,24.901,24.553,24.613,24.151,24.09,24.044,24.021,23.907,23.854,23.816,23.77,23.732,23.701,23.663,23.655,23.617,23.533,23.51,23.495,23.472,23.449,23.418,23.403,23.364,23.364,23.349,23.341,23.303,23.311,23.28,23.265,23.234,23.226,23.203,23.188,23.188,23.18,23.157,23.134,23.15,23.111,23.088,23.073,23.042,23.042,23.019,22.996,23.011,23.019,22.996,22.996,22.973,22.981,22.981,22.965,22.973,22.965,22.958,22.958,22.958,22.934,22.934,22.927,22.904,22.896,22.904,22.896,22.888,22.888,22.888,22.904,22.904,22.896,22.888,22.888,22.888,22.865,22.873,22.85,22.858,22.858,22.834,22.85,22.842,22.834,22.827,22.819,22.788,22.811,22.796,22.788,22.804,22.788,22.819,22.796,22.796,22.78,22.773,22.757,22.765,22.765,22.773,22.773,22.765,22.78,22.757,22.757,22.765,22.78,22.788,22.796,22.788,22.788,22.827,22.85,22.827,22.796,22.773,22.75,22.742,22.742,22.742,22.742,22.742,22.727,22.742,22.727,22.734,22.696,22.688,22.688,22.68,22.688,22.696,22.68,22.688,22.688,22.68,22.696,22.703,22.696,22.703,22.688,22.688,22.649,22.642,22.634,22.626,22.626,22.657,22.611,22.595,22.619,22.634,22.626,22.634,22.603,22.603,22.603,22.58,22.588,22.572,22.588,22.58,22.603,22.572,22.572,22.572,22.541,22.572,22.588,22.541,22.526,22.534,22.518,22.549,22.564,22.549,22.564,22.526,22.541,22.526,22.534,22.58,22.541,22.549,22.541,22.526,22.51,22.495,22.487,22.518,22.541,22.534,22.564,22.541,22.534,22.549,22.526,22.51,22.526,22.526,22.518,22.503,22.51,22.518,22.518,22.534,22.518,22.526,22.51,22.503,22.51,22.503,22.487,22.472,22.549,22.518,22.526,22.557,22.526,22.526,22.541,22.541,22.534,22.549,22.564,22.549
,22.41,22.394,22.387,22.379,22.379,22.348,22.348,22.348,22.363,22.34,22.363,22.325,22.332,22.332,22.363,22.379,22.356,22.379,22.363,22.356,22.348,22.325,22.34,22.332,22.332,22.332,22.332,22.332,22.34,22.34,22.356,22.309,22.348,22.363,22.356,22.356,22.348,22.371,22.371,22.379,22.418,22.41,22.418,22.418,22.433,22.456,22.449,22.425,22.449,22.472,22.51,22.456,22.479,22.503,22.518,22.526,22.503,22.51,22.51,22.503,22.526,22.503,22.518,22.564,22.557,22.58,22.58,22.572,22.572,22.572,22.572,22.572,22.588,22.58,22.557,22.526,22.534,22.534,22.526,22.541,22.557,22.564,22.557,22.564,22.557,22.557,22.564,22.572,22.588,22.595,22.619,22.626,22.634,22.642,22.634,22.649,22.642,22.657,22.634,22.626,22.626,22.611,22.626,22.611,22.619,22.634,22.642,22.657,22.657,22.657,22.657,22.673,22.703,22.696,22.711,22.696,22.696,22.703,22.719,22.727,22.742,22.742,22.757,22.773,22.75,22.727,22.734,22.727,22.742,22.75,22.742,22.75,22.757,22.734,22.75,22.765,22.765,22.78,22.788,22.804,22.804,22.796,22.811,22.804,22.811,22.804,22.827,22.85,22.858,22.873,22.881,22.865,22.873,22.873,22.865,22.873,22.881,22.881,22.888,22.927,22.934,22.958,22.958,22.965,22.973,22.988,23.004,23.019,23.042,23.042,23.058,23.073,23.081,23.104,23.127,23.142,23.157,23.18,23.203,23.234,23.265,23.272,23.303,23.311,23.326,23.387,23.403,23.433,23.456,23.51,23.541,23.617,23.655,23.686,23.701,23.785,23.854,23.922,23.983,24.113,24.295,24.538,24.833,26.66,31.242,32.529,32.964,33.327,33.376,33.327,33.397,33.431,33.849,34.029,34.258,34.444,34.631,34.796,35.037,35.119,35.277,35.346,35.332,35.339,35.359,34.996,33.278,33.166,33.807,33.821,33.668,33.633,33.626,33.793,34.182,34.486,34.479,34.507,34.5,34.493,34.52,34.5,34.486,34.472,34.486,34.507,34.486,34.527,34.548,34.541,34.569,34.61,34.631,34.672,34.762,34.865,34.934,35.037,35.119,35.147,35.126,35.167,35.188,35.236,35.291,35.332,35.366,35.407,35.469,35.476,35.476,35.517,35.537,35.53,35.537,35.537,35.537,35.551,35.565,35.585,35.585,35.599,35.606,35.606,35.612,35.565,35.585,35.619,35.592,35.619,35.626,35.633,35.565,35.53,35.448,35.393,35.359,35.222,35.064,35.051,35.002,34.927,34.741,34.672,34.645,34.651,34.638,34.617,34.672,34.789,34.899,34.899,34.872,34.824,34.658,34.638,34.341,34.279,34.195,34.382,34.934,35.078,35.119,35.099,35.167,35.195,35.304,35.325,35.352,35.366,35.174,35.154,35.078,35.023,34.927,34.947,34.899,34.941,35.016,35.037,35.099,35.16,35.195,35.215,35.195,35.167,35.133,35.112,35.099,35.14,35.154,35.188,35.27,35.243,35.263,35.236,35.174,35.147,35.112,35.057,34.968,34.927,34.865,34.727,34.755,34.631,34.465,34.396,34.368,34.285,34.279,34.272,34.292,34.313,34.348,34.368,34.389,34.396,34.417,34.375,34.299,34.258,34.216,34.105,33.807,33.619,33.578,33.578,33.501,33.404,32.374,32.212,34.112,34.996,35.078,35.037,35.023,34.672,34.389,34.223,33.856,33.494,32.984,32.802,32.571,32.725,32.62,32.346,31.965,31.604,28.95,25.63,24.825,24.439,24.341,24.151,24.113,23.998,23.953,23.922,23.854,23.8,23.755,23.716,23.693,23.655,23.625,23.602,23.533,23.518,23.479,23.472,23.449,23.426,23.387,23.403,23.38,23.372,23.349,23.326,23.319,23.296,23.296,23.249,23.219,23.203,23.188,23.188,23.157,23.15,23.15,23.134,23.111,23.104,23.065,23.042,23.019,23.027,23.004,23.027,23.011,23.011,22.988,22.981,22.973,22.965,22.973,22.95,22.965,22.95,22.958,22.934,22.942,22.958,22.919,22.942,22.942,22.904,22.904,22.896,22.896,22.904,22.919,22.927,22.934,22.896,22.881,22.873,22.873,22.865,22.873,22.873,22.858,22.85,22.85,22.834,22.834,22.834,22.819,22.811,22.796,22.804,22.804,22.804,22.78,22.796,22.811,22.796,22.78,22.773,22.757,22.773,22.78,22.804,22.78,22.773,22.734,22.742,22.757,22.765,22.78,22.78,22.796,22.788,22.788,22.827,22.796,22.78,22.773,22.75,22.765,22.75,22.773,22.757,22.757,22.75,22.742,22.734,22.734,22.719,22.711,22.673,22.665,22.673,22.68,22.696,22.696,22.688,22.68,22.665,22.696,22.68,22.68,22.688,22.68,22.649,22.642,22.619,22.634,22.642,22.626,22.626,22.634,22.642,22.619,22.649,22.649,22.626,22.619,22.595,22.603,22.603,22.611,22.549,22.634,22.564,22.58,22.588,22.572,22.588,22.572,22.564,22.572,22.549,22.534,22.549,22.518,22.549,22.541,22.549,22.588,22.572,22.564,22.549,22.549,22.518,22.534,22.534,22.534,22.549,22.526,22.51,22.51,22.541,22.526,22.557,22.541,22.51,22.534,22.503,22.526,22.534,22.526,22.526,22.51,22.51,22.487,22.51,22.503,22.541,22.534,22.526,22.526,22.503,22.541,22.526,22.549,22.564,22.51,22.58,22.526,22.541,22.541,22.541,22.541,22.541,22.541,22.541,22.557,22.572
,22.418,22.387,22.371,22.356,22.363,22.325,22.332,22.363,22.348,22.332,22.332,22.325,22.325,22.332,22.348,22.356,22.356,22.363,22.348,22.34,22.34,22.332,22.34,22.332,22.332,22.325,22.332,22.332,22.348,22.332,22.34,22.348,22.325,22.332,22.356,22.34,22.379,22.363,22.394,22.387,22.394,22.387,22.394,22.41,22.433,22.433,22.441,22.425,22.441,22.418,22.479,22.495,22.479,22.495,22.503,22.503,22.495,22.495,22.495,22.51,22.526,22.503,22.526,22.58,22.557,22.572,22.564,22.572,22.572,22.572,22.564,22.58,22.572,22.549,22.541,22.564,22.518,22.518,22.518,22.526,22.549,22.541,22.557,22.549,22.549,22.564,22.58,22.58,22.588,22.603,22.603,22.611,22.626,22.619,22.626,22.626,22.626,22.626,22.626,22.619,22.619,22.619,22.619,22.611,22.626,22.626,22.634,22.642,22.649,22.673,22.657,22.665,22.665,22.68,22.703,22.688,22.688,22.68,22.688,22.742,22.75,22.734,22.75,22.742,22.727,22.711,22.719,22.734,22.742,22.734,22.75,22.765,22.765,22.742,22.742,22.75,22.75,22.78,22.788,22.788,22.804,22.796,22.796,22.796,22.796,22.842,22.834,22.858,22.858,22.865,22.865,22.865,22.865,22.865,22.865,22.873,22.881,22.888,22.904,22.919,22.934,22.95,22.958,22.965,22.981,22.988,23.011,23.034,23.042,23.05,23.058,23.073,23.081,23.104,23.127,23.142,23.173,23.188,23.203,23.219,23.257,23.272,23.296,23.326,23.349,23.364,23.403,23.433,23.464,23.495,23.541,23.594,23.64,23.671,23.739,23.793,23.808,23.899,24.052,24.067,24.189,24.477,24.825,25.698,29.681,32.022,32.55,33.082,33.299,33.278,33.278,33.334,33.501,33.967,34.154,34.361,34.665,34.899,35.002,35.25,35.325,35.38,35.4,35.352,35.332,34.879,33.32,33.145,33.793,33.759,33.661,33.613,33.557,33.863,34.251,34.451,34.5,34.486,34.493,34.5,34.493,34.486,34.479,34.465,34.444,34.472,34.438,34.493,34.479,34.472,34.507,34.541,34.534,34.61,34.651,34.803,34.879,34.934,35.057,35.112,35.133,35.154,35.195,35.25,35.291,35.332,35.359,35.414,35.421,35.407,35.441,35.476,35.524,35.524,35.503,35.51,35.524,35.53,35.551,35.558,35.578,35.612,35.606,35.626,35.626,35.626,35.612,35.64,35.619,35.79,35.797,35.81,35.708,35.606,35.441,35.346,35.318,35.25,35.112,34.982,34.989,34.906,34.686,34.645,34.617,34.631,34.61,34.603,34.7,34.796,34.879,34.858,34.865,34.831,34.789,34.693,34.472,34.306,34.244,34.375,34.961,35.071,35.126,35.147,35.174,35.256,35.318,35.38,35.455,35.51,35.421,35.284,35.27,35.044,35.016,34.968,34.947,34.954,35.092,35.112,35.126,35.181,35.181,35.208,35.208,35.154,35.119,35.078,35.064,35.03,35.057,35.064,35.14,35.202,35.195,35.202,35.215,35.14,35.085,35.044,34.961,34.899,34.796,34.734,34.7,34.541,34.382,34.313,34.237,34.237,34.23,34.23,34.237,34.258,34.272,34.32,34.375,34.389,34.41,34.355,34.279,34.209,34.216,33.925,33.738,33.557,33.473,33.557,33.473,33.376,32.43,32,34.133,34.982,35.002,34.982,34.968,34.707,34.334,34.126,33.654,33.201,32.774,32.564,32.487,32.522,32.43,32.078,31.15,31.007,27.325,25.082,24.629,24.348,24.242,24.158,24.059,24.052,23.945,23.907,23.838,23.793,23.77,23.724,23.678,23.663,23.609,23.594,23.556,23.518,23.502,23.472,23.456,23.464,23.403,23.387,23.38,23.372,23.357,23.341,23.326,23.303,23.28,23.242,23.226,23.203,23.173,23.165,23.165,23.134,23.15,23.127,23.104,23.104,23.081,23.065,23.05,23.034,23.019,23.034,23.011,23.011,23.027,22.996,22.988,22.973,22.942,22.95,22.911,22.942,22.95,22.95,22.934,22.919,22.911,22.942,22.911,22.888,22.911,22.904,22.896,22.919,22.927,22.911,22.927,22.904,22.881,22.873,22.873,22.888,22.881,22.873,22.858,22.834,22.811,22.811,22.827,22.827,22.811,22.827,22.788,22.842,22.804,22.804,22.804,22.788,22.796,22.765,22.78,22.765,22.773,22.773,22.773,22.78,22.788,22.765,22.757,22.757,22.765,22.773,22.78,22.788,22.788,22.788,22.788,22.811,22.796,22.796,22.773,22.773,22.757,22.757,22.757,22.757,22.757,22.757,22.742,22.742,22.734,22.703,22.696,22.673,22.665,22.665,22.673,22.68,22.696,22.696,22.673,22.657,22.68,22.657,22.665,22.657,22.649,22.626,22.626,22.611,22.634,22.619,22.642,22.626,22.634,22.634,22.626,22.649,22.634,22.657,22.626,22.619,22.611,22.611,22.626,22.595,22.611,22.58,22.564,22.58,22.572,22.58,22.58,22.588,22.557,22.564,22.541,22.557,22.557,22.572,22.58,22.588,22.564,22.549,22.572,22.526,22.572,22.518,22.518,22.51,22.526,22.534,22.526,22.549,22.518,22.503,22.518,22.526,22.526,22.541,22.518,22.518,22.518,22.495,22.526,22.51,22.51,22.526,22.518,22.456,22.487,22.526,22.495,22.534,22.534,22.51,22.51,22.487,22.518,22.503,22.51,22.526,22.541,22.518,22.549,22.534,22.541,22.549,22.541,22.541,22.564,22.611
,22.394,22.363,22.371,22.356,22.356,22.332,22.348,22.363,22.332,22.348,22.317,22.302,22.317,22.34,22.356,22.363,22.394,22.363,22.34,22.325,22.317,22.325,22.332,22.332,22.332,22.34,22.332,22.332,22.325,22.34,22.356,22.34,22.356,22.356,22.34,22.379,22.348,22.394,22.402,22.379,22.387,22.394,22.402,22.425,22.425,22.425,22.441,22.433,22.441,22.456,22.433,22.51,22.479,22.479,22.495,22.503,22.495,22.479,22.487,22.51,22.503,22.534,22.541,22.549,22.549,22.557,22.549,22.541,22.564,22.564,22.557,22.58,22.564,22.557,22.541,22.526,22.526,22.51,22.518,22.518,22.526,22.534,22.564,22.58,22.572,22.588,22.588,22.603,22.588,22.611,22.611,22.588,22.603,22.619,22.611,22.619,22.611,22.619,22.603,22.619,22.619,22.619,22.619,22.619,22.642,22.626,22.634,22.657,22.642,22.657,22.649,22.696,22.688,22.688,22.688,22.68,22.696,22.696,22.688,22.711,22.742,22.742,22.75,22.727,22.727,22.719,22.719,22.719,22.727,22.757,22.773,22.78,22.78,22.757,22.757,22.742,22.742,22.788,22.804,22.796,22.804,22.804,22.796,22.78,22.804,22.827,22.819,22.834,22.858,22.858,22.85,22.858,22.85,22.85,22.858,22.873,22.911,22.896,22.904,22.934,22.927,22.934,22.95,22.958,22.981,22.988,23.011,23.034,23.034,23.058,23.073,23.073,23.096,23.119,23.119,23.157,23.18,23.188,23.196,23.234,23.234,23.288,23.303,23.334,23.364,23.372,23.41,23.41,23.449,23.518,23.533,23.586,23.625,23.663,23.732,23.762,23.831,23.899,23.96,24.113,24.113,24.401,24.515,25.473,27.694,31.739,32.472,33.019,33.18,33.285,33.229,33.348,33.362,33.863,34.14,34.382,34.576,34.713,35.099,35.291,35.373,35.435,35.428,35.407,35.208,33.891,33.124,33.068,33.647,33.633,33.606,33.578,33.592,33.828,34.112,34.52,34.479,34.5,34.479,34.486,34.486,34.472,34.472,34.451,34.444,34.417,34.417,34.417,34.417,34.417,34.424,34.424,34.431,34.589,34.679,34.658,34.796,34.927,35.009,35.037,35.112,35.16,35.174,35.243,35.27,35.339,35.366,35.414,35.421,35.428,35.393,35.366,35.352,35.359,35.448,35.496,35.503,35.517,35.53,35.551,35.571,35.599,35.612,35.626,35.64,35.653,35.66,35.722,35.77,35.865,35.906,35.845,35.749,35.626,35.558,35.359,35.346,35.25,35.133,35.051,34.961,34.865,34.769,34.631,34.638,34.658,34.651,34.707,34.713,34.892,34.865,34.899,34.879,34.879,34.851,34.81,34.534,34.451,34.299,34.389,34.961,35.126,35.174,35.215,35.27,35.277,35.448,35.421,35.558,35.66,35.66,35.64,35.469,35.27,35.16,35.147,35.174,35.229,35.174,35.174,35.188,35.215,35.229,35.215,35.215,35.14,35.147,35.057,35.051,35.03,35.03,35.057,35.078,35.112,35.14,35.16,35.174,35.105,35.099,35.023,34.961,34.892,34.803,34.651,34.624,34.451,34.306,34.272,34.223,34.195,34.168,34.168,34.189,34.195,34.251,34.32,34.327,34.368,34.348,34.32,34.292,34.202,34.168,33.981,33.633,33.494,33.473,33.522,33.487,33.39,32.304,32.106,34.182,34.975,34.961,34.947,34.934,34.486,34.258,33.891,33.466,33.089,32.802,32.395,32.332,32.36,32.156,31.569,31.064,29.436,26.004,24.825,24.591,24.416,24.234,24.128,24.037,23.976,23.953,23.922,23.838,23.793,23.732,23.709,23.671,23.64,23.64,23.64,23.579,23.533,23.51,23.502,23.479,23.449,23.441,23.403,23.38,23.38,23.364,23.341,23.334,23.303,23.296,23.265,23.211,23.188,23.196,23.165,23.157,23.15,23.15,23.134,23.111,23.104,23.073,23.065,23.058,23.019,23.042,23.042,23.027,23.027,23.019,23.004,22.996,22.981,22.973,22.958,22.919,22.942,22.95,22.95,22.965,22.942,22.942,22.934,22.919,22.919,22.911,22.911,22.896,22.919,22.934,22.934,22.95,22.927,22.896,22.881,22.888,22.888,22.873,22.865,22.842,22.827,22.819,22.827,22.827,22.819,22.819,22.804,22.796,22.827,22.811,22.811,22.796,22.804,22.827,22.804,22.788,22.765,22.765,22.788,22.804,22.796,22.811,22.788,22.773,22.78,22.773,22.78,22.796,22.788,22.788,22.788,22.796,22.788,22.804,22.804,22.773,22.78,22.78,22.773,22.78,22.765,22.757,22.757,22.75,22.734,22.719,22.703,22.688,22.673,22.649,22.657,22.665,22.68,22.665,22.665,22.68,22.665,22.649,22.68,22.673,22.688,22.642,22.634,22.619,22.619,22.619,22.634,22.634,22.649,22.649,22.626,22.603,22.619,22.642,22.642,22.649,22.603,22.626,22.626,22.588,22.595,22.595,22.588,22.572,22.58,22.58,22.58,22.588,22.572,22.564,22.626,22.58,22.572,22.549,22.557,22.564,22.588,22.595,22.549,22.588,22.603,22.557,22.588,22.541,22.518,22.526,22.541,22.541,22.526,22.534,22.518,22.518,22.526,22.51,22.503,22.51,22.487,22.503,22.495,22.51,22.526,22.51,22.51,22.51,22.518,22.518,22.51,22.541,22.534,22.518,22.503,22.534,22.534,22.526,22.526,22.557,22.549,22.534,22.564,22.549,22.557,22.549,22.549,22.564,22.557,22.588,22.619
,22.379,22.363,22.34,22.363,22.363,22.332,22.325,22.348,22.317,22.332,22.325,22.317,22.317,22.325,22.363,22.363,22.348,22.34,22.302,22.356,22.34,22.348,22.34,22.34,22.34,22.325,22.332,22.325,22.309,22.332,22.34,22.332,22.332,22.325,22.325,22.348,22.363,22.371,22.371,22.379,22.387,22.387,22.402,22.418,22.394,22.402,22.418,22.425,22.433,22.449,22.464,22.503,22.503,22.495,22.495,22.479,22.487,22.503,22.487,22.503,22.503,22.526,22.557,22.534,22.534,22.549,22.557,22.549,22.572,22.549,22.564,22.557,22.534,22.549,22.534,22.518,22.503,22.51,22.51,22.51,22.526,22.541,22.541,22.557,22.557,22.58,22.603,22.595,22.588,22.588,22.58,22.603,22.619,22.611,22.634,22.595,22.611,22.603,22.611,22.619,22.611,22.619,22.611,22.619,22.649,22.634,22.657,22.657,22.657,22.68,22.665,22.673,22.68,22.68,22.673,22.68,22.703,22.696,22.742,22.773,22.757,22.773,22.711,22.742,22.696,22.727,22.711,22.727,22.719,22.742,22.742,22.773,22.78,22.75,22.75,22.75,22.742,22.757,22.773,22.811,22.804,22.796,22.804,22.796,22.788,22.811,22.811,22.834,22.85,22.842,22.842,22.834,22.842,22.842,22.865,22.888,22.888,22.904,22.919,22.919,22.919,22.942,22.942,22.95,22.973,22.996,23.011,23.027,23.034,23.042,23.065,23.081,23.081,23.119,23.127,23.15,23.157,23.18,23.188,23.211,23.226,23.249,23.311,23.341,23.357,23.372,23.403,23.433,23.456,23.495,23.571,23.579,23.625,23.671,23.701,23.793,23.846,23.907,23.922,24.082,24.113,24.272,24.492,24.84,26.377,30.765,32.149,32.606,33.082,33.208,33.243,33.243,33.445,33.779,34.064,34.209,34.624,34.824,35.071,35.393,35.435,35.462,35.435,35.489,35.38,34.651,33.096,33.033,33.536,33.599,33.578,33.557,33.557,33.772,34.341,34.507,34.479,34.486,34.458,34.486,34.479,34.472,34.451,34.438,34.424,34.403,34.396,34.368,34.382,34.361,34.375,34.389,34.438,34.458,34.562,34.665,34.748,34.837,34.947,34.947,35.064,35.133,35.188,35.208,35.27,35.325,35.352,35.387,35.393,35.38,35.38,35.428,35.414,35.448,35.469,35.482,35.503,35.524,35.53,35.537,35.565,35.619,35.64,35.653,35.701,35.701,35.66,35.865,35.981,36.022,35.96,35.892,35.817,35.64,35.496,35.393,35.359,35.298,35.25,35.092,35.009,34.899,34.72,34.624,34.679,34.686,34.707,34.755,34.796,34.899,34.927,34.954,34.934,34.906,34.899,34.831,34.782,34.686,34.403,34.465,34.975,35.16,35.099,35.208,35.27,35.284,35.339,35.435,35.565,35.749,35.742,35.694,35.674,35.496,35.387,35.311,35.291,35.311,35.318,35.236,35.243,35.277,35.256,35.25,35.256,35.229,35.188,35.099,35.051,35.037,35.023,35.057,35.057,35.099,35.14,35.119,35.133,35.112,35.016,34.996,34.934,34.858,34.72,34.624,34.507,34.444,34.334,34.258,34.161,34.126,34.119,34.119,34.154,34.175,34.161,34.244,34.265,34.292,34.306,34.313,34.189,34.119,34.14,33.967,33.55,33.376,33.369,33.487,33.473,33.306,32.219,31.76,33.383,34.748,34.865,34.837,34.658,34.444,34.105,33.828,33.411,32.865,32.515,32.36,32.311,32.219,31.774,31.335,30.893,27.745,25.405,24.682,24.485,24.356,24.234,24.173,24.097,24.029,23.976,23.915,23.892,23.793,23.777,23.709,23.678,23.648,23.632,23.594,23.571,23.548,23.541,23.502,23.479,23.456,23.418,23.403,23.395,23.364,23.364,23.357,23.341,23.326,23.303,23.249,23.226,23.188,23.188,23.18,23.165,23.157,23.15,23.127,23.111,23.104,23.104,23.065,23.073,23.073,23.081,23.058,23.027,23.042,23.027,23.004,23.004,22.973,22.942,22.965,22.95,22.942,22.958,22.958,22.942,22.927,22.934,22.919,22.927,22.904,22.927,22.927,22.904,22.919,22.927,22.942,22.942,22.911,22.927,22.911,22.896,22.888,22.865,22.834,22.827,22.819,22.811,22.827,22.834,22.834,22.819,22.85,22.819,22.804,22.819,22.834,22.819,22.819,22.788,22.788,22.742,22.788,22.765,22.788,22.804,22.811,22.804,22.788,22.788,22.788,22.78,22.796,22.811,22.788,22.788,22.773,22.773,22.796,22.78,22.773,22.765,22.78,22.78,22.78,22.773,22.765,22.757,22.75,22.734,22.734,22.727,22.703,22.68,22.657,22.665,22.657,22.657,22.673,22.673,22.657,22.703,22.665,22.688,22.665,22.657,22.649,22.642,22.619,22.634,22.611,22.619,22.611,22.626,22.634,22.642,22.642,22.619,22.588,22.619,22.619,22.649,22.595,22.673,22.665,22.619,22.626,22.603,22.588,22.58,22.58,22.58,22.572,22.572,22.58,22.564,22.58,22.588,22.572,22.549,22.572,22.572,22.588,22.595,22.588,22.557,22.564,22.557,22.541,22.541,22.526,22.564,22.557,22.526,22.526,22.534,22.526,22.518,22.549,22.541,22.518,22.518,22.51,22.503,22.526,22.526,22.526,22.534,22.518,22.503,22.526,22.526,22.518,22.526,22.503,22.541,22.518,22.51,22.541,22.534,22.541,22.534,22.557,22.534,22.549,22.557,22.534,22.541,22.549,22.564,22.549,22.58,22.603
,22.371,22.363,22.356,22.348,22.325,22.34,22.348,22.325,22.317,22.325,22.34,22.348,22.356,22.34,22.34,22.356,22.356,22.332,22.325,22.325,22.348,22.332,22.332,22.34,22.325,22.317,22.317,22.309,22.317,22.294,22.309,22.332,22.317,22.332,22.34,22.348,22.363,22.379,22.394,22.379,22.394,22.379,22.394,22.41,22.418,22.425,22.433,22.418,22.433,22.441,22.472,22.479,22.495,22.503,22.495,22.479,22.495,22.495,22.503,22.51,22.518,22.526,22.549,22.572,22.557,22.541,22.534,22.541,22.557,22.526,22.534,22.51,22.549,22.526,22.518,22.526,22.526,22.51,22.503,22.518,22.526,22.534,22.549,22.564,22.549,22.588,22.588,22.603,22.588,22.572,22.58,22.58,22.588,22.611,22.603,22.595,22.611,22.603,22.611,22.611,22.611,22.611,22.619,22.611,22.642,22.665,22.688,22.665,22.642,22.696,22.68,22.727,22.665,22.673,22.665,22.673,22.711,22.711,22.734,22.75,22.742,22.773,22.703,22.688,22.719,22.688,22.727,22.711,22.727,22.75,22.742,22.765,22.75,22.757,22.742,22.75,22.75,22.742,22.796,22.796,22.796,22.796,22.796,22.796,22.796,22.811,22.811,22.811,22.819,22.827,22.819,22.819,22.827,22.834,22.858,22.888,22.881,22.919,22.919,22.919,22.927,22.927,22.927,22.958,22.973,23.004,23.011,23.034,23.042,23.034,23.05,23.073,23.058,23.127,23.111,23.142,23.15,23.188,23.173,23.234,23.219,23.265,23.296,23.334,23.349,23.364,23.41,23.433,23.464,23.502,23.548,23.579,23.609,23.655,23.709,23.724,23.808,23.907,23.907,24.014,24.067,24.272,24.432,24.666,25.78,28.652,31.781,32.465,32.746,33.11,33.124,33.145,33.243,33.619,33.995,34.119,34.41,34.755,34.954,35.373,35.414,35.476,35.503,35.496,35.421,34.223,33.082,33.033,33.369,33.613,33.529,33.522,33.515,33.647,34.112,34.507,34.5,34.465,34.486,34.479,34.486,34.486,34.444,34.431,34.396,34.382,34.368,34.327,34.306,34.327,34.313,34.341,34.375,34.438,34.513,34.589,34.707,34.837,34.899,34.947,35.016,35.057,35.147,35.16,35.229,35.291,35.318,35.325,35.359,35.4,35.414,35.524,35.496,35.455,35.421,35.53,35.524,35.524,35.53,35.558,35.571,35.606,35.681,35.694,35.79,35.838,35.899,35.988,36.09,36.042,35.967,35.886,35.858,35.633,35.524,35.393,35.407,35.414,35.298,35.092,35.002,34.824,34.713,34.645,34.707,34.803,34.982,34.879,34.941,35.064,34.989,35.016,34.934,34.927,34.879,34.769,34.658,34.727,34.465,34.458,34.831,35.064,35.243,35.256,35.222,35.284,35.311,35.311,35.421,35.626,35.851,35.872,35.79,35.66,35.51,35.496,35.448,35.407,35.4,35.352,35.311,35.311,35.325,35.373,35.346,35.277,35.222,35.167,35.105,35.057,35.037,35.057,35.057,35.085,35.099,35.099,35.099,35.071,35.03,34.989,34.906,34.762,34.61,34.548,34.472,34.389,34.306,34.216,34.154,34.112,34.092,34.078,34.099,34.105,34.126,34.189,34.237,34.306,34.292,34.23,34.175,34.126,34.071,33.995,33.571,33.292,33.334,33.424,33.418,33.327,32.191,31.54,33.033,34.665,34.72,34.651,34.368,34.244,33.897,33.64,33.243,32.816,32.522,31.852,31.76,31.711,31.689,31.221,29.955,26.169,24.976,24.757,24.379,24.295,24.189,24.151,24.075,24.014,23.953,23.907,23.846,23.823,23.762,23.709,23.701,23.655,23.648,23.632,23.594,23.586,23.525,23.518,23.472,23.464,23.426,23.41,23.395,23.372,23.349,23.349,23.326,23.303,23.311,23.265,23.265,23.242,23.18,23.188,23.173,23.157,23.15,23.142,23.127,23.111,23.088,23.058,23.073,23.065,23.05,23.058,23.05,23.019,23.027,23.027,23.004,22.981,22.965,22.958,22.973,22.965,22.965,22.95,22.95,22.942,22.934,22.942,22.934,22.927,22.911,22.927,22.942,22.919,22.927,22.934,22.95,22.942,22.95,22.919,22.896,22.896,22.85,22.827,22.834,22.819,22.834,22.827,22.827,22.834,22.811,22.804,22.804,22.85,22.834,22.842,22.842,22.819,22.811,22.765,22.773,22.765,22.75,22.788,22.796,22.804,22.811,22.819,22.796,22.796,22.804,22.811,22.804,22.788,22.78,22.788,22.773,22.78,22.788,22.773,22.788,22.773,22.78,22.78,22.78,22.765,22.765,22.75,22.742,22.727,22.711,22.703,22.688,22.665,22.665,22.649,22.649,22.657,22.673,22.68,22.68,22.68,22.665,22.673,22.642,22.642,22.626,22.626,22.619,22.619,22.619,22.634,22.634,22.634,22.634,22.611,22.572,22.588,22.603,22.634,22.642,22.626,22.611,22.588,22.611,22.611,22.603,22.603,22.588,22.58,22.58,22.572,22.572,22.58,22.58,22.58,22.58,22.534,22.58,22.564,22.58,22.557,22.588,22.564,22.58,22.588,22.557,22.572,22.564,22.58,22.572,22.534,22.495,22.534,22.51,22.534,22.518,22.541,22.526,22.518,22.503,22.495,22.51,22.51,22.541,22.549,22.541,22.518,22.464,22.503,22.503,22.487,22.526,22.534,22.51,22.51,22.534,22.526,22.534,22.534,22.534,22.518,22.541,22.564,22.534,22.541,22.549,22.549,22.541,22.557,22.595,22.572
,22.371,22.363,22.363,22.356,22.34,22.348,22.34,22.325,22.325,22.34,22.34,22.34,22.34,22.348,22.363,22.363,22.379,22.379,22.34,22.348,22.356,22.332,22.348,22.332,22.325,22.309,22.309,22.302,22.309,22.325,22.317,22.302,22.309,22.317,22.325,22.363,22.363,22.387,22.387,22.402,22.387,22.402,22.379,22.449,22.425,22.41,22.425,22.441,22.449,22.464,22.472,22.487,22.518,22.495,22.495,22.495,22.487,22.495,22.495,22.51,22.526,22.534,22.549,22.557,22.549,22.534,22.534,22.534,22.549,22.549,22.557,22.534,22.541,22.526,22.526,22.534,22.526,22.526,22.51,22.51,22.526,22.534,22.541,22.572,22.572,22.572,22.58,22.603,22.588,22.611,22.588,22.58,22.603,22.619,22.595,22.611,22.619,22.611,22.611,22.619,22.619,22.611,22.626,22.634,22.665,22.673,22.673,22.649,22.665,22.696,22.696,22.711,22.673,22.673,22.68,22.688,22.688,22.711,22.719,22.727,22.742,22.734,22.688,22.703,22.703,22.727,22.727,22.727,22.734,22.734,22.742,22.757,22.742,22.757,22.765,22.75,22.757,22.78,22.765,22.796,22.804,22.788,22.788,22.788,22.788,22.796,22.811,22.804,22.811,22.804,22.804,22.811,22.819,22.842,22.858,22.888,22.904,22.911,22.919,22.919,22.919,22.919,22.942,22.95,22.973,22.988,23.011,23.027,23.027,23.034,23.05,23.034,23.065,23.104,23.127,23.134,23.165,23.188,23.18,23.188,23.226,23.249,23.296,23.319,23.341,23.38,23.41,23.433,23.464,23.495,23.548,23.564,23.594,23.625,23.716,23.747,23.823,23.823,23.922,23.998,24.021,24.227,24.416,24.583,24.916,27.141,30.908,32.346,32.501,32.781,33.103,33.082,33.222,33.578,33.974,34.057,34.209,34.789,34.81,35.105,35.387,35.448,35.482,35.476,35.373,34.313,33.341,33.103,33.522,33.661,33.529,33.522,33.515,33.661,34.23,34.507,34.472,34.479,34.479,34.507,34.493,34.5,34.444,34.41,34.403,34.368,34.348,34.32,34.279,34.272,34.299,34.306,34.348,34.396,34.444,34.493,34.665,34.762,34.886,34.899,35.002,35.092,35.119,35.167,35.208,35.298,35.298,35.339,35.387,35.51,35.462,35.524,35.503,35.592,35.578,35.585,35.585,35.578,35.558,35.558,35.578,35.633,35.701,35.756,35.831,35.899,36.138,36.069,36.117,36.076,36.015,35.947,35.694,35.626,35.571,35.469,35.496,35.469,35.236,34.947,34.906,34.851,34.803,34.762,34.858,34.92,35.037,35.037,35.14,35.126,35.078,35.009,34.975,34.961,34.899,34.817,34.817,34.762,34.589,34.555,34.617,35.037,35.256,35.236,35.25,35.229,35.057,35.03,35.202,35.346,35.694,35.96,35.886,35.845,35.742,35.633,35.565,35.626,35.592,35.469,35.373,35.387,35.373,35.346,35.318,35.311,35.263,35.229,35.202,35.133,35.105,35.112,35.092,35.092,35.092,35.078,35.078,35.057,35.03,34.989,34.892,34.851,34.665,34.527,34.41,34.32,34.299,34.223,34.175,34.092,34.043,34.05,34.043,34.085,34.099,34.161,34.237,34.244,34.265,34.209,34.202,34.099,34.064,33.828,33.362,33.313,33.39,33.362,33.397,33.194,31.866,31.711,32.907,34.438,34.479,34.348,34.285,34.092,33.828,33.25,33.089,32.487,32.078,31.795,31.696,31.725,31.597,30.915,28.594,25.51,24.886,24.629,24.348,24.303,24.196,24.082,24.037,23.998,23.968,23.915,23.869,23.823,23.77,23.732,23.693,23.671,23.655,23.625,23.602,23.579,23.525,23.502,23.495,23.449,23.433,23.403,23.38,23.364,23.357,23.349,23.341,23.334,23.296,23.296,23.28,23.257,23.219,23.188,23.173,23.157,23.173,23.157,23.134,23.111,23.096,23.081,23.088,23.065,23.065,23.05,23.065,23.034,23.042,23.019,23.034,22.996,22.973,22.996,22.981,22.965,22.965,22.973,22.95,22.958,22.934,22.942,22.942,22.934,22.934,22.942,22.95,22.927,22.927,22.958,22.95,22.965,22.942,22.927,22.888,22.881,22.858,22.865,22.858,22.842,22.85,22.834,22.858,22.834,22.834,22.804,22.834,22.85,22.842,22.834,22.842,22.834,22.811,22.788,22.796,22.788,22.796,22.788,22.819,22.811,22.811,22.827,22.827,22.811,22.819,22.819,22.796,22.796,22.796,22.788,22.804,22.804,22.804,22.796,22.796,22.796,22.788,22.796,22.78,22.765,22.75,22.75,22.734,22.727,22.719,22.703,22.688,22.665,22.634,22.649,22.642,22.657,22.68,22.68,22.696,22.688,22.673,22.673,22.657,22.642,22.649,22.619,22.626,22.611,22.626,22.634,22.642,22.642,22.642,22.619,22.58,22.595,22.595,22.626,22.588,22.603,22.595,22.58,22.611,22.634,22.595,22.611,22.588,22.572,22.572,22.564,22.595,22.588,22.572,22.603,22.58,22.564,22.526,22.58,22.572,22.572,22.572,22.557,22.595,22.564,22.588,22.572,22.557,22.541,22.557,22.549,22.51,22.518,22.51,22.518,22.557,22.541,22.526,22.526,22.503,22.503,22.518,22.526,22.534,22.541,22.549,22.534,22.526,22.526,22.518,22.534,22.518,22.51,22.526,22.518,22.549,22.534,22.541,22.518,22.51,22.526,22.549,22.549,22.549,22.557,22.549,22.557,22.564,22.557,22.572,22.58
,22.363,22.379,22.371,22.317,22.325,22.325,22.332,22.356,22.348,22.348,22.356,22.34,22.34,22.348,22.34,22.348,22.387,22.356,22.379,22.348,22.371,22.348,22.317,22.325,22.309,22.317,22.309,22.309,22.309,22.317,22.302,22.317,22.325,22.317,22.332,22.348,22.371,22.387,22.379,22.394,22.41,22.402,22.387,22.394,22.41,22.441,22.441,22.441,22.456,22.472,22.472,22.487,22.479,22.487,22.479,22.472,22.51,22.495,22.503,22.518,22.526,22.549,22.526,22.549,22.534,22.534,22.541,22.526,22.526,22.557,22.557,22.518,22.518,22.518,22.526,22.534,22.541,22.518,22.503,22.51,22.541,22.549,22.557,22.557,22.557,22.564,22.572,22.588,22.564,22.588,22.564,22.611,22.603,22.619,22.611,22.619,22.626,22.611,22.634,22.611,22.611,22.611,22.619,22.626,22.634,22.665,22.688,22.68,22.673,22.688,22.688,22.696,22.696,22.688,22.68,22.673,22.68,22.703,22.711,22.711,22.727,22.696,22.696,22.719,22.727,22.719,22.734,22.734,22.734,22.734,22.742,22.757,22.742,22.757,22.773,22.734,22.742,22.765,22.788,22.804,22.788,22.788,22.788,22.773,22.788,22.788,22.788,22.796,22.804,22.796,22.788,22.796,22.827,22.834,22.865,22.873,22.888,22.896,22.904,22.904,22.919,22.919,22.934,22.95,22.965,22.988,23.004,23.011,23.034,23.027,23.027,23.042,23.065,23.096,23.119,23.119,23.188,23.134,23.173,23.196,23.219,23.265,23.296,23.334,23.349,23.372,23.403,23.433,23.464,23.51,23.556,23.586,23.625,23.671,23.693,23.709,23.777,23.846,23.892,23.953,24.021,24.181,24.287,24.568,24.871,25.945,29.623,32.015,32.325,32.599,32.886,32.964,33.145,33.362,33.724,33.939,34.209,34.603,34.803,35.057,35.346,35.359,35.489,35.469,35.462,34.292,33.278,33.068,33.362,33.654,33.473,33.487,33.508,33.633,33.918,34.417,34.472,34.5,34.52,34.513,34.513,34.493,34.451,34.396,34.368,34.348,34.327,34.306,34.265,34.258,34.258,34.306,34.348,34.382,34.41,34.5,34.582,34.803,34.892,34.92,35.002,35.078,35.085,35.14,35.215,35.208,35.277,35.38,35.393,35.482,35.517,35.599,35.64,35.653,35.667,35.688,35.64,35.606,35.585,35.585,35.619,35.653,35.722,35.797,35.872,35.906,36.24,36.287,36.199,36.097,35.81,35.585,35.517,35.489,35.469,35.469,35.489,35.469,35.051,34.961,34.886,34.886,34.851,34.899,34.934,35.092,35.154,35.147,35.133,35.181,35.147,35.044,35.037,34.968,34.906,34.837,34.81,34.741,34.693,34.527,34.562,34.892,35.03,35.099,34.968,35.037,34.927,34.534,34.493,34.672,35.51,35.865,35.974,36.042,35.974,35.879,35.96,35.715,35.715,35.503,35.448,35.448,35.462,35.387,35.352,35.366,35.325,35.311,35.236,35.215,35.188,35.195,35.181,35.119,35.092,35.078,35.064,35.057,35.002,34.947,34.879,34.817,34.693,34.555,34.403,34.368,34.292,34.23,34.14,34.112,34.029,34.022,34.015,34.036,34.092,34.133,34.216,34.216,34.237,34.209,34.168,34.112,34.05,33.835,33.376,33.292,33.32,33.201,33.348,32.823,31.703,31.47,32.746,34.119,34.092,33.995,33.967,33.766,33.536,33.026,32.655,32.381,32.078,31.866,31.718,31.512,31.427,30.565,27.082,25.247,24.659,24.447,24.333,24.196,24.189,24.075,24.044,23.991,23.953,23.907,23.877,23.823,23.816,23.732,23.709,23.671,23.648,23.632,23.594,23.571,23.564,23.518,23.487,23.464,23.449,23.403,23.387,23.372,23.349,23.341,23.326,23.311,23.303,23.326,23.28,23.234,23.211,23.196,23.188,23.18,23.18,23.15,23.134,23.104,23.104,23.088,23.073,23.073,23.05,23.027,23.042,23.019,23.058,23.042,23.011,23.011,23.004,23.004,23.004,22.973,22.988,22.958,22.958,22.965,22.927,22.927,22.934,22.919,22.95,22.973,22.965,22.958,22.934,22.927,22.95,22.958,22.934,22.919,22.904,22.896,22.873,22.85,22.873,22.85,22.842,22.873,22.858,22.842,22.858,22.834,22.827,22.85,22.865,22.865,22.858,22.834,22.804,22.804,22.788,22.811,22.796,22.811,22.796,22.834,22.827,22.796,22.827,22.819,22.811,22.811,22.819,22.819,22.811,22.796,22.796,22.788,22.796,22.796,22.773,22.796,22.788,22.788,22.773,22.773,22.757,22.742,22.727,22.734,22.711,22.696,22.696,22.688,22.657,22.657,22.642,22.642,22.703,22.696,22.688,22.68,22.673,22.665,22.665,22.649,22.619,22.634,22.619,22.619,22.634,22.642,22.642,22.642,22.619,22.626,22.595,22.595,22.603,22.611,22.595,22.626,22.603,22.603,22.626,22.626,22.634,22.619,22.603,22.572,22.572,22.572,22.588,22.572,22.588,22.603,22.564,22.572,22.557,22.557,22.603,22.572,22.572,22.572,22.549,22.564,22.572,22.564,22.557,22.549,22.557,22.503,22.518,22.495,22.526,22.51,22.549,22.549,22.549,22.549,22.534,22.51,22.518,22.526,22.541,22.541,22.541,22.541,22.534,22.526,22.51,22.518,22.495,22.534,22.518,22.534,22.557,22.51,22.564,22.549,22.534,22.51,22.534,22.564,22.534,22.541,22.541,22.534,22.526,22.557,22.534,22.588
,22.371,22.379,22.332,22.332,22.34,22.332,22.356,22.371,22.332,22.332,22.356,22.348,22.34,22.356,22.348,22.348,22.387,22.371,22.394,22.356,22.379,22.34,22.317,22.317,22.302,22.317,22.317,22.317,22.294,22.309,22.317,22.309,22.317,22.34,22.34,22.348,22.356,22.371,22.371,22.394,22.387,22.41,22.387,22.402,22.418,22.433,22.433,22.449,22.456,22.472,22.503,22.479,22.487,22.472,22.479,22.456,22.479,22.495,22.51,22.51,22.518,22.526,22.534,22.526,22.526,22.534,22.526,22.526,22.541,22.541,22.541,22.518,22.534,22.503,22.534,22.526,22.534,22.534,22.51,22.526,22.526,22.549,22.564,22.564,22.572,22.58,22.541,22.58,22.572,22.557,22.58,22.595,22.603,22.611,22.611,22.619,22.611,22.634,22.634,22.626,22.626,22.626,22.626,22.611,22.649,22.665,22.673,22.665,22.68,22.688,22.68,22.703,22.696,22.688,22.68,22.68,22.68,22.688,22.688,22.688,22.696,22.711,22.696,22.711,22.711,22.703,22.727,22.727,22.727,22.727,22.742,22.757,22.75,22.765,22.75,22.734,22.78,22.765,22.757,22.796,22.796,22.788,22.78,22.78,22.788,22.78,22.78,22.796,22.796,22.78,22.796,22.804,22.811,22.827,22.85,22.865,22.888,22.881,22.888,22.904,22.911,22.934,22.934,22.95,22.981,22.988,23.004,23.019,23.019,23.042,23.042,23.058,23.073,23.088,23.15,23.157,23.165,23.196,23.18,23.242,23.188,23.265,23.28,23.326,23.349,23.38,23.395,23.441,23.456,23.487,23.533,23.579,23.602,23.655,23.686,23.716,23.777,23.854,23.892,23.976,23.991,24.196,24.242,24.333,24.712,25.277,27.451,31.264,32.233,32.529,32.823,32.865,32.984,33.222,33.647,33.779,34.119,34.355,34.534,34.789,35.174,35.291,35.421,35.469,35.441,34.486,33.313,33.089,33.334,33.779,33.494,33.473,33.508,33.668,33.946,34.431,34.472,34.513,34.534,34.541,34.527,34.479,34.472,34.382,34.361,34.334,34.299,34.285,34.258,34.237,34.265,34.279,34.313,34.444,34.493,34.541,34.596,34.748,34.92,34.934,35.009,35.071,35.112,35.174,35.208,35.27,35.318,35.352,35.482,35.524,35.599,35.619,35.701,35.708,35.715,35.708,35.681,35.653,35.626,35.612,35.633,35.749,35.735,35.899,35.94,36.158,36.355,36.307,36.253,36.049,35.51,35.441,35.243,35.037,35.304,35.435,35.428,35.181,34.961,34.872,34.892,34.92,34.892,34.906,34.961,35.03,35.16,35.188,35.236,35.229,35.154,35.044,35.009,34.954,34.913,34.879,34.817,34.707,34.679,34.576,34.472,34.61,34.975,35.037,34.658,34.493,34.341,34.382,34.299,34.382,34.548,35.558,35.967,36.104,36.056,36.029,35.92,35.838,35.783,35.681,35.653,35.503,35.476,35.448,35.387,35.4,35.387,35.346,35.346,35.325,35.284,35.256,35.174,35.14,35.126,35.099,35.051,35.044,35.009,34.961,34.892,34.824,34.727,34.569,34.431,34.382,34.292,34.265,34.189,34.092,34.015,34.008,34.002,34.015,34.078,34.133,34.182,34.244,34.23,34.216,34.189,34.126,34.036,33.543,33.39,33.236,33.264,33.411,33.473,32.872,31.548,31.845,32.423,33.424,33.313,33.264,33.271,33.187,33.243,32.907,32.599,32.099,32.029,31.753,31.555,31.406,30.843,29.414,25.937,24.946,24.576,24.416,24.333,24.219,24.143,24.105,24.029,23.976,23.968,23.907,23.838,23.808,23.777,23.724,23.693,23.671,23.648,23.632,23.594,23.579,23.541,23.525,23.502,23.479,23.456,23.418,23.403,23.38,23.357,23.349,23.341,23.334,23.303,23.319,23.28,23.272,23.249,23.226,23.203,23.196,23.18,23.165,23.134,23.119,23.096,23.088,23.073,23.065,23.065,23.05,23.05,23.065,23.05,23.042,23.034,23.042,23.011,23.019,23.011,22.996,22.996,22.988,22.958,22.958,22.934,22.95,22.934,22.919,22.973,22.981,22.981,22.988,22.965,22.958,22.942,22.927,22.934,22.927,22.904,22.888,22.873,22.888,22.881,22.881,22.873,22.873,22.873,22.865,22.858,22.873,22.858,22.858,22.858,22.865,22.865,22.858,22.842,22.85,22.842,22.804,22.827,22.819,22.811,22.819,22.842,22.842,22.834,22.819,22.842,22.811,22.827,22.796,22.811,22.819,22.811,22.819,22.796,22.804,22.804,22.773,22.78,22.78,22.773,22.773,22.757,22.75,22.75,22.727,22.719,22.711,22.68,22.727,22.673,22.642,22.657,22.696,22.68,22.688,22.696,22.68,22.68,22.68,22.665,22.688,22.634,22.642,22.634,22.626,22.634,22.642,22.649,22.657,22.626,22.619,22.619,22.588,22.58,22.595,22.595,22.595,22.603,22.58,22.603,22.603,22.595,22.58,22.603,22.564,22.58,22.564,22.572,22.603,22.588,22.588,22.549,22.557,22.572,22.58,22.572,22.58,22.549,22.526,22.564,22.557,22.549,22.557,22.557,22.541,22.51,22.557,22.51,22.51,22.503,22.518,22.541,22.549,22.541,22.541,22.526,22.534,22.541,22.518,22.526,22.549,22.51,22.518,22.534,22.503,22.518,22.51,22.495,22.526,22.51,22.541,22.541,22.572,22.534,22.541,22.526,22.541,22.518,22.541,22.564,22.58,22.572,22.564,22.58,22.588,22.557,22.588
,22.394,22.402,22.371,22.356,22.34,22.348,22.356,22.348,22.348,22.348,22.34,22.34,22.332,22.332,22.34,22.363,22.348,22.387,22.394,22.356,22.363,22.332,22.294,22.317,22.317,22.317,22.325,22.317,22.302,22.302,22.317,22.317,22.325,22.317,22.332,22.348,22.34,22.387,22.387,22.379,22.379,22.371,22.387,22.394,22.402,22.418,22.425,22.441,22.441,22.441,22.449,22.487,22.464,22.441,22.456,22.479,22.472,22.464,22.495,22.495,22.51,22.503,22.51,22.518,22.518,22.518,22.518,22.534,22.518,22.534,22.518,22.51,22.518,22.526,22.526,22.51,22.495,22.526,22.495,22.526,22.518,22.534,22.549,22.557,22.564,22.572,22.58,22.58,22.588,22.557,22.557,22.564,22.58,22.588,22.611,22.611,22.619,22.642,22.642,22.634,22.619,22.626,22.611,22.611,22.642,22.642,22.649,22.665,22.665,22.68,22.68,22.688,22.696,22.688,22.688,22.68,22.68,22.673,22.673,22.665,22.68,22.68,22.703,22.711,22.703,22.719,22.727,22.719,22.75,22.75,22.734,22.75,22.75,22.757,22.75,22.742,22.765,22.773,22.765,22.788,22.788,22.78,22.788,22.773,22.773,22.773,22.788,22.78,22.78,22.804,22.788,22.788,22.811,22.834,22.85,22.865,22.873,22.881,22.888,22.904,22.911,22.919,22.958,22.958,22.965,22.996,22.988,23.019,23.027,23.011,23.05,23.058,23.073,23.111,23.134,23.15,23.173,23.18,23.157,23.226,23.219,23.249,23.288,23.319,23.334,23.357,23.395,23.418,23.449,23.51,23.51,23.533,23.594,23.609,23.64,23.686,23.747,23.816,23.899,23.983,23.998,24.135,24.189,24.31,24.765,24.991,26.034,29.897,31.838,32.325,32.501,32.662,32.928,32.921,33.327,33.689,33.925,34.112,34.438,34.748,35.03,35.25,35.298,35.366,35.387,35.105,33.738,33.04,33.278,33.821,33.529,33.515,33.571,33.606,34.043,34.403,34.507,34.52,34.548,34.541,34.52,34.493,34.444,34.382,34.361,34.334,34.313,34.292,34.265,34.258,34.272,34.265,34.382,34.472,34.513,34.589,34.707,34.831,34.899,34.954,35.023,35.126,35.133,35.202,35.243,35.284,35.325,35.428,35.455,35.558,35.667,35.715,35.729,35.742,35.756,35.749,35.715,35.66,35.64,35.647,35.674,35.763,35.749,35.947,36.056,36.28,36.348,36.403,36.11,35.53,35.051,34.851,34.824,34.817,34.941,35.126,35.119,34.996,34.762,34.879,34.899,34.92,34.913,34.906,34.989,35.085,35.181,35.222,35.298,35.298,35.147,35.071,34.941,34.968,34.954,34.858,34.817,34.762,34.72,34.631,34.507,34.527,34.52,34.5,34.285,34.244,34.078,34.036,33.835,34.099,34.099,34.596,35.462,36.083,36.097,36.083,35.995,35.933,35.851,35.817,35.701,35.544,35.476,35.462,35.366,35.414,35.407,35.359,35.407,35.38,35.304,35.291,35.256,35.222,35.14,35.188,35.16,35.092,35.023,34.968,34.92,34.824,34.727,34.555,34.458,34.368,34.375,34.251,34.216,34.119,34.008,34.008,34.002,34.008,34.057,34.112,34.154,34.189,34.209,34.195,34.161,34.092,33.974,33.494,33.32,33.215,33.243,33.376,33.508,32.522,31.207,31.647,32.964,33.026,32.991,32.788,32.683,32.746,32.83,32.767,32.219,32,31.81,31.611,31.484,31.342,30.679,27.804,25.383,24.689,24.576,24.386,24.242,24.151,24.105,24.021,23.998,23.976,23.922,23.877,23.846,23.8,23.762,23.724,23.693,23.663,23.648,23.625,23.579,23.564,23.541,23.518,23.502,23.464,23.449,23.426,23.403,23.38,23.364,23.357,23.349,23.334,23.319,23.311,23.28,23.234,23.211,23.234,23.196,23.196,23.173,23.165,23.157,23.096,23.096,23.073,23.065,23.073,23.081,23.088,23.081,23.088,23.081,23.05,23.034,23.042,23.034,23.042,23.027,23.004,22.996,22.981,22.973,22.973,22.958,22.919,22.942,22.973,22.973,22.934,22.981,22.973,22.981,22.95,22.934,22.919,22.927,22.896,22.904,22.904,22.873,22.881,22.873,22.873,22.873,22.881,22.881,22.85,22.865,22.858,22.85,22.85,22.865,22.873,22.881,22.865,22.842,22.858,22.858,22.858,22.842,22.858,22.819,22.842,22.834,22.827,22.819,22.819,22.819,22.834,22.834,22.804,22.788,22.819,22.819,22.819,22.811,22.804,22.773,22.788,22.773,22.773,22.773,22.765,22.757,22.75,22.742,22.734,22.719,22.703,22.711,22.68,22.688,22.673,22.642,22.657,22.657,22.696,22.688,22.68,22.68,22.688,22.696,22.696,22.688,22.665,22.634,22.649,22.642,22.642,22.657,22.649,22.642,22.649,22.611,22.595,22.58,22.588,22.603,22.588,22.611,22.595,22.595,22.595,22.58,22.588,22.58,22.541,22.557,22.557,22.572,22.564,22.564,22.619,22.541,22.588,22.557,22.564,22.572,22.58,22.557,22.534,22.526,22.495,22.534,22.541,22.564,22.541,22.564,22.526,22.51,22.518,22.503,22.503,22.495,22.518,22.526,22.541,22.534,22.534,22.549,22.503,22.526,22.503,22.534,22.541,22.526,22.534,22.518,22.51,22.51,22.549,22.595,22.588,22.58,22.572,22.564,22.564,22.534,22.518,22.526,22.534,22.564,22.572,22.564,22.611,22.518,22.557,22.588,22.611
,22.371,22.332,22.332,22.356,22.34,22.356,22.379,22.379,22.363,22.325,22.34,22.34,22.34,22.348,22.34,22.348,22.356,22.363,22.363,22.348,22.34,22.309,22.309,22.34,22.325,22.332,22.325,22.325,22.317,22.309,22.317,22.325,22.325,22.332,22.34,22.332,22.356,22.363,22.379,22.379,22.371,22.356,22.379,22.387,22.402,22.418,22.418,22.41,22.433,22.449,22.449,22.449,22.472,22.456,22.464,22.456,22.464,22.479,22.503,22.495,22.518,22.503,22.51,22.503,22.51,22.503,22.518,22.503,22.518,22.549,22.51,22.549,22.549,22.518,22.495,22.495,22.487,22.479,22.503,22.51,22.51,22.526,22.541,22.549,22.564,22.564,22.572,22.557,22.557,22.549,22.541,22.557,22.58,22.588,22.588,22.595,22.611,22.619,22.626,22.619,22.619,22.603,22.595,22.619,22.611,22.665,22.642,22.634,22.665,22.665,22.673,22.688,22.673,22.688,22.68,22.688,22.68,22.68,22.673,22.68,22.688,22.696,22.703,22.719,22.719,22.703,22.703,22.734,22.719,22.719,22.727,22.742,22.742,22.75,22.765,22.711,22.773,22.78,22.727,22.757,22.765,22.78,22.78,22.78,22.804,22.773,22.78,22.78,22.796,22.78,22.796,22.788,22.804,22.827,22.842,22.85,22.858,22.873,22.888,22.888,22.919,22.919,22.934,22.95,22.973,22.996,22.996,23.011,23.019,23.034,23.058,23.065,23.096,23.165,23.142,23.157,23.157,23.157,23.196,23.18,23.203,23.265,23.296,23.319,23.341,23.349,23.387,23.418,23.449,23.464,23.487,23.525,23.548,23.617,23.655,23.701,23.762,23.77,23.838,23.915,23.998,24.09,24.128,24.287,24.416,24.704,25.255,28.258,31.306,32.219,32.451,32.557,32.634,32.921,33.117,33.501,33.738,34.154,34.375,34.555,34.837,34.989,35.229,35.236,35.222,35.325,34.112,32.971,33.096,33.772,33.745,33.522,33.654,33.738,34.036,34.431,34.541,34.555,34.562,34.596,34.548,34.5,34.424,34.396,34.375,34.32,34.313,34.306,34.299,34.299,34.299,34.313,34.41,34.5,34.603,34.713,34.789,34.824,34.913,35.023,35.051,35.105,35.167,35.215,35.243,35.291,35.373,35.435,35.503,35.612,35.64,35.701,35.77,35.756,35.756,35.735,35.729,35.688,35.66,35.667,35.722,35.749,35.899,35.981,36.301,36.362,36.362,36.301,35.558,35.009,34.837,34.41,34.507,34.417,34.548,34.727,34.996,34.686,34.837,34.851,34.92,34.975,34.968,34.975,35.044,35.078,35.195,35.298,35.318,35.263,35.243,35.078,34.961,34.934,34.913,34.824,34.817,34.796,34.741,34.576,34.486,34.486,34.41,34.175,34.078,34.008,33.619,33.264,33.215,33.369,33.32,33.613,34.624,36.035,36.151,36.165,36.069,36.056,36.015,35.838,35.694,35.626,35.469,35.455,35.4,35.428,35.428,35.4,35.414,35.421,35.421,35.38,35.298,35.25,35.263,35.188,35.188,35.105,35.023,34.947,34.927,34.899,34.672,34.693,34.472,34.444,34.389,34.327,34.237,34.078,34.057,33.988,34.002,34.002,34.05,34.105,34.14,34.154,34.182,34.168,34.161,34.036,33.828,33.557,33.271,33.138,33.145,33.39,33.459,32.297,30.979,32.332,32.936,32.851,32.571,32.367,32.437,32.451,32.683,32.444,32.198,31.916,31.654,31.477,31.207,30.743,29.696,26.399,24.923,24.629,24.545,24.379,24.249,24.196,24.082,24.037,23.991,23.945,23.93,23.861,23.831,23.785,23.755,23.732,23.701,23.663,23.64,23.609,23.579,23.556,23.541,23.502,23.502,23.472,23.456,23.433,23.426,23.403,23.395,23.357,23.341,23.341,23.326,23.311,23.296,23.28,23.249,23.234,23.203,23.203,23.188,23.18,23.142,23.111,23.096,23.073,23.073,23.073,23.088,23.088,23.088,23.088,23.058,23.05,23.042,23.042,23.027,23.027,23.019,23.011,22.996,22.988,22.981,22.988,22.973,22.981,22.927,22.958,22.973,22.973,22.973,22.973,22.965,22.95,22.927,22.919,22.919,22.919,22.896,22.904,22.881,22.896,22.888,22.881,22.865,22.873,22.911,22.911,22.904,22.858,22.873,22.881,22.865,22.858,22.873,22.865,22.865,22.827,22.858,22.85,22.865,22.881,22.865,22.85,22.834,22.842,22.827,22.827,22.819,22.827,22.834,22.827,22.819,22.827,22.819,22.819,22.804,22.811,22.796,22.78,22.773,22.75,22.75,22.765,22.742,22.742,22.742,22.727,22.719,22.696,22.711,22.696,22.673,22.657,22.649,22.657,22.657,22.657,22.673,22.665,22.673,22.688,22.68,22.665,22.665,22.649,22.657,22.626,22.657,22.634,22.642,22.649,22.649,22.673,22.603,22.595,22.595,22.611,22.603,22.611,22.611,22.626,22.611,22.595,22.619,22.58,22.557,22.572,22.58,22.572,22.572,22.564,22.549,22.588,22.557,22.564,22.58,22.572,22.557,22.564,22.557,22.534,22.541,22.534,22.541,22.557,22.572,22.526,22.541,22.541,22.526,22.503,22.487,22.487,22.503,22.518,22.526,22.534,22.541,22.526,22.549,22.503,22.541,22.51,22.495,22.534,22.534,22.503,22.495,22.518,22.503,22.557,22.526,22.557,22.557,22.518,22.534,22.541,22.534,22.541,22.526,22.564,22.557,22.572,22.557,22.58,22.603,22.588,22.541,22.603
,22.371,22.371,22.34,22.363,22.363,22.356,22.356,22.371,22.363,22.356,22.325,22.317,22.332,22.34,22.356,22.348,22.348,22.371,22.356,22.332,22.363,22.302,22.317,22.348,22.34,22.325,22.317,22.317,22.302,22.302,22.294,22.302,22.325,22.309,22.348,22.356,22.363,22.387,22.371,22.363,22.356,22.363,22.371,22.402,22.41,22.402,22.402,22.394,22.433,22.41,22.449,22.449,22.449,22.464,22.456,22.464,22.472,22.479,22.487,22.487,22.495,22.51,22.487,22.503,22.495,22.487,22.503,22.503,22.503,22.526,22.51,22.526,22.534,22.51,22.518,22.51,22.495,22.472,22.479,22.495,22.487,22.503,22.526,22.541,22.549,22.564,22.564,22.557,22.549,22.541,22.541,22.557,22.564,22.572,22.58,22.58,22.603,22.626,22.626,22.634,22.603,22.595,22.603,22.649,22.626,22.649,22.657,22.634,22.657,22.665,22.665,22.68,22.688,22.688,22.696,22.688,22.688,22.673,22.68,22.673,22.68,22.688,22.688,22.719,22.703,22.703,22.711,22.719,22.711,22.734,22.719,22.742,22.757,22.765,22.773,22.757,22.788,22.788,22.757,22.757,22.75,22.78,22.78,22.773,22.796,22.773,22.78,22.811,22.788,22.804,22.796,22.804,22.819,22.819,22.834,22.842,22.85,22.873,22.881,22.896,22.904,22.911,22.919,22.973,22.988,22.981,23.004,23.004,23.019,23.042,23.073,23.081,23.119,23.157,23.15,23.15,23.157,23.157,23.165,23.203,23.234,23.265,23.28,23.311,23.334,23.357,23.418,23.41,23.433,23.479,23.525,23.525,23.541,23.556,23.671,23.709,23.747,23.77,23.861,23.884,23.945,24.075,24.158,24.272,24.31,24.576,24.954,26.674,30.163,31.788,32.275,32.515,32.508,32.809,33.047,33.494,33.689,33.828,34.195,34.32,34.424,34.555,34.638,35.023,35.298,35.202,35.064,33.047,32.844,33.703,33.877,33.564,33.578,33.786,33.856,34.327,34.555,34.569,34.603,34.631,34.582,34.541,34.479,34.438,34.41,34.368,34.327,34.327,34.306,34.306,34.341,34.348,34.479,34.624,34.645,34.707,34.782,34.879,34.954,35.037,35.078,35.174,35.222,35.263,35.291,35.318,35.4,35.455,35.544,35.612,35.715,35.722,35.756,35.77,35.742,35.729,35.688,35.667,35.681,35.701,35.735,35.79,35.96,36.144,36.294,36.362,36.355,36.144,35.057,34.658,34.279,34.292,34.202,34.299,34.382,34.486,34.52,34.672,34.817,34.927,35.016,35.092,35.078,35.051,35.092,35.133,35.325,35.332,35.387,35.352,35.318,35.085,34.968,34.934,34.886,34.831,34.803,34.858,34.769,34.61,34.52,34.479,34.327,34.078,33.828,33.675,33.243,33.04,33.047,32.998,33.075,33.026,33.689,35.393,36.117,36.172,36.104,36.063,35.981,35.879,35.831,35.701,35.544,35.455,35.414,35.421,35.441,35.441,35.455,35.455,35.435,35.441,35.4,35.339,35.352,35.373,35.298,35.229,35.208,35.112,34.968,34.899,34.734,34.651,34.596,34.52,34.382,34.375,34.299,34.182,34.022,34.002,34.015,34.022,34.029,34.078,34.119,34.147,34.14,34.126,34.161,34.05,33.87,33.578,33.173,33.103,33.208,33.564,33.376,32.007,32.064,32.564,32.886,32.879,32.325,32.212,32.353,32.374,32.508,32.374,32.127,31.746,31.647,31.292,30.929,30.608,28.338,25.585,24.682,24.485,24.424,24.318,24.211,24.151,24.075,24.044,23.998,23.945,23.899,23.854,23.823,23.777,23.762,23.739,23.701,23.678,23.64,23.632,23.564,23.556,23.525,23.518,23.495,23.487,23.464,23.441,23.426,23.403,23.395,23.387,23.364,23.357,23.341,23.319,23.303,23.296,23.28,23.242,23.211,23.219,23.173,23.226,23.157,23.134,23.111,23.081,23.088,23.073,23.073,23.088,23.081,23.058,23.096,23.05,23.05,23.042,23.034,23.034,23.034,23.011,23.011,23.004,23.004,23.004,22.973,23.011,22.981,22.958,22.988,22.981,22.981,22.973,22.981,22.965,22.942,22.958,22.958,22.888,22.927,22.904,22.904,22.896,22.896,22.896,22.896,22.865,22.888,22.888,22.919,22.911,22.896,22.881,22.873,22.881,22.888,22.881,22.842,22.85,22.834,22.834,22.865,22.896,22.881,22.873,22.834,22.834,22.834,22.85,22.865,22.819,22.842,22.804,22.811,22.819,22.827,22.827,22.819,22.819,22.804,22.765,22.757,22.757,22.742,22.757,22.742,22.742,22.734,22.727,22.734,22.711,22.696,22.703,22.696,22.68,22.649,22.657,22.657,22.649,22.68,22.673,22.665,22.665,22.68,22.68,22.68,22.649,22.657,22.649,22.626,22.657,22.649,22.642,22.649,22.634,22.619,22.595,22.603,22.603,22.611,22.634,22.611,22.626,22.58,22.588,22.588,22.588,22.619,22.588,22.557,22.557,22.557,22.588,22.541,22.557,22.58,22.572,22.58,22.595,22.557,22.603,22.564,22.534,22.549,22.526,22.534,22.541,22.557,22.588,22.58,22.564,22.526,22.487,22.464,22.472,22.503,22.51,22.541,22.526,22.541,22.541,22.518,22.526,22.503,22.495,22.534,22.534,22.503,22.503,22.487,22.503,22.503,22.557,22.595,22.588,22.595,22.549,22.557,22.564,22.518,22.526,22.564,22.541,22.58,22.518,22.572,22.572,22.572,22.58,22.588,22.595
,22.356,22.371,22.371,22.332,22.325,22.34,22.371,22.34,22.348,22.325,22.325,22.332,22.348,22.332,22.371,22.356,22.363,22.348,22.348,22.325,22.363,22.325,22.325,22.34,22.325,22.325,22.325,22.332,22.302,22.294,22.294,22.302,22.302,22.325,22.332,22.332,22.379,22.402,22.371,22.371,22.363,22.363,22.363,22.379,22.402,22.41,22.402,22.394,22.418,22.449,22.425,22.449,22.441,22.449,22.456,22.464,22.464,22.487,22.472,22.495,22.503,22.503,22.503,22.495,22.472,22.487,22.503,22.487,22.495,22.503,22.51,22.541,22.51,22.518,22.495,22.503,22.503,22.495,22.487,22.487,22.503,22.503,22.526,22.51,22.534,22.541,22.541,22.534,22.526,22.526,22.526,22.541,22.549,22.564,22.588,22.588,22.595,22.611,22.619,22.595,22.588,22.58,22.642,22.619,22.642,22.619,22.649,22.634,22.657,22.657,22.642,22.688,22.68,22.688,22.688,22.688,22.68,22.68,22.673,22.68,22.696,22.703,22.703,22.711,22.719,22.719,22.727,22.711,22.719,22.719,22.727,22.742,22.742,22.757,22.75,22.78,22.773,22.75,22.757,22.773,22.757,22.773,22.78,22.765,22.78,22.757,22.78,22.788,22.796,22.804,22.804,22.811,22.811,22.827,22.834,22.85,22.865,22.873,22.881,22.904,22.904,22.911,22.927,22.958,22.973,22.981,22.996,22.996,23.019,23.034,23.058,23.05,23.111,23.134,23.119,23.142,23.15,23.15,23.165,23.196,23.203,23.249,23.288,23.288,23.326,23.357,23.395,23.418,23.426,23.441,23.479,23.51,23.586,23.571,23.594,23.701,23.716,23.724,23.808,23.877,23.96,24.029,24.105,24.128,24.257,24.553,24.636,25.66,28.426,31.299,32.064,32.24,32.416,32.543,32.865,33.152,33.599,33.849,33.953,33.967,34.071,33.988,34.099,34.313,34.603,34.879,35.03,33.578,32.732,33.619,34.036,33.675,33.626,33.724,33.988,34.285,34.555,34.541,34.638,34.707,34.665,34.617,34.534,34.465,34.424,34.382,34.382,34.375,34.355,34.355,34.375,34.438,34.513,34.679,34.727,34.769,34.824,34.913,34.961,35.03,35.126,35.174,35.236,35.27,35.298,35.346,35.428,35.489,35.524,35.626,35.694,35.735,35.749,35.742,35.715,35.688,35.653,35.647,35.667,35.715,35.708,35.804,35.96,36.069,36.226,36.274,36.274,35.592,34.548,34.119,33.759,33.675,33.786,33.8,34.05,34.403,34.486,34.534,34.679,34.968,35.092,35.181,35.229,35.387,35.298,35.346,35.414,35.414,35.428,35.4,35.339,35.147,34.947,34.879,34.892,34.879,34.858,34.824,34.775,34.589,34.472,34.486,34.279,33.897,33.786,33.334,33.117,32.971,32.851,32.83,32.809,32.676,33.152,34.651,36.144,36.165,36.172,36.158,36.117,35.981,35.906,35.77,35.633,35.503,35.448,35.435,35.441,35.455,35.469,35.482,35.462,35.469,35.455,35.496,35.441,35.4,35.359,35.339,35.263,35.16,35.133,35.009,34.775,34.651,34.658,34.527,34.507,34.451,34.327,34.154,34.043,34.064,34.036,34.029,34.05,34.064,34.064,34.092,34.112,34.057,34.092,33.911,33.738,33.592,33.159,33.11,33.243,33.431,33.278,31.951,32.508,32.851,32.374,32.374,32.275,32.177,32.113,32.191,32.282,32.275,31.93,31.781,31.675,31.15,30.693,29.768,26.615,24.81,24.666,24.523,24.325,24.265,24.189,24.12,24.059,24.014,23.976,23.93,23.861,23.869,23.816,23.8,23.762,23.739,23.709,23.686,23.64,23.617,23.571,23.548,23.548,23.51,23.502,23.472,23.464,23.426,23.426,23.41,23.403,23.387,23.372,23.364,23.334,23.319,23.288,23.296,23.272,23.242,23.242,23.219,23.219,23.203,23.18,23.142,23.119,23.111,23.096,23.088,23.081,23.081,23.081,23.065,23.058,23.034,23.034,23.073,23.034,23.027,23.042,23.004,23.011,22.981,22.988,22.996,23.011,22.996,22.996,22.996,22.973,22.973,22.988,22.958,22.988,23.004,22.958,22.973,22.919,22.927,22.927,22.927,22.911,22.904,22.904,22.873,22.888,22.896,22.904,22.927,22.927,22.927,22.888,22.904,22.888,22.881,22.873,22.858,22.865,22.85,22.842,22.827,22.858,22.873,22.873,22.881,22.873,22.85,22.827,22.834,22.842,22.85,22.796,22.804,22.804,22.811,22.819,22.827,22.819,22.804,22.811,22.773,22.765,22.757,22.742,22.773,22.742,22.742,22.727,22.719,22.703,22.719,22.719,22.703,22.711,22.68,22.657,22.649,22.665,22.657,22.657,22.657,22.673,22.665,22.665,22.649,22.657,22.665,22.673,22.68,22.673,22.673,22.649,22.649,22.642,22.634,22.626,22.626,22.611,22.603,22.611,22.611,22.649,22.626,22.611,22.588,22.611,22.595,22.58,22.588,22.557,22.564,22.557,22.572,22.564,22.588,22.564,22.572,22.572,22.626,22.564,22.619,22.549,22.541,22.557,22.541,22.541,22.572,22.588,22.503,22.549,22.51,22.503,22.51,22.479,22.487,22.51,22.479,22.534,22.541,22.541,22.541,22.526,22.526,22.464,22.518,22.51,22.541,22.541,22.51,22.464,22.487,22.495,22.564,22.572,22.572,22.588,22.549,22.541,22.557,22.534,22.588,22.541,22.557,22.572,22.549,22.534,22.541,22.549,22.572,22.572,22.572
,22.34,22.332,22.332,22.332,22.356,22.332,22.348,22.356,22.363,22.325,22.356,22.332,22.325,22.34,22.363,22.363,22.356,22.356,22.332,22.348,22.325,22.348,22.348,22.332,22.317,22.309,22.317,22.309,22.325,22.302,22.286,22.325,22.317,22.332,22.34,22.34,22.371,22.371,22.387,22.356,22.34,22.348,22.363,22.425,22.394,22.425,22.433,22.41,22.41,22.425,22.441,22.441,22.449,22.449,22.456,22.479,22.472,22.479,22.503,22.495,22.503,22.495,22.487,22.503,22.487,22.495,22.479,22.479,22.479,22.495,22.495,22.503,22.534,22.518,22.526,22.503,22.503,22.495,22.487,22.503,22.503,22.526,22.503,22.518,22.526,22.526,22.526,22.518,22.51,22.518,22.534,22.541,22.588,22.58,22.611,22.611,22.595,22.611,22.611,22.595,22.595,22.595,22.603,22.603,22.626,22.634,22.642,22.634,22.642,22.634,22.657,22.665,22.673,22.68,22.68,22.688,22.696,22.68,22.68,22.696,22.696,22.696,22.711,22.727,22.719,22.727,22.719,22.711,22.711,22.703,22.727,22.727,22.742,22.757,22.75,22.78,22.765,22.765,22.765,22.765,22.757,22.765,22.773,22.765,22.765,22.773,22.773,22.796,22.804,22.819,22.811,22.819,22.834,22.842,22.842,22.85,22.858,22.865,22.888,22.911,22.904,22.911,22.942,22.958,22.973,22.981,22.996,22.996,23.011,23.042,23.05,23.065,23.104,23.119,23.127,23.134,23.165,23.15,23.173,23.188,23.211,23.242,23.28,23.326,23.357,23.364,23.395,23.395,23.418,23.441,23.479,23.487,23.556,23.625,23.602,23.64,23.678,23.739,23.762,23.816,23.861,23.953,24.09,24.113,24.318,24.447,24.53,25.112,26.697,30.4,31.37,32.029,32.134,32.444,32.746,32.746,33.271,33.633,33.766,33.738,33.543,33.759,33.891,34.119,34.285,34.368,34.465,33.689,32.739,33.494,34.14,33.717,33.675,33.717,33.925,34.327,34.5,34.582,34.734,34.727,34.713,34.693,34.638,34.569,34.458,34.424,34.41,34.41,34.375,34.396,34.444,34.465,34.548,34.651,34.748,34.824,34.831,34.879,35.009,35.037,35.126,35.195,35.236,35.318,35.366,35.435,35.496,35.517,35.558,35.64,35.701,35.708,35.735,35.722,35.688,35.674,35.64,35.619,35.66,35.701,35.79,35.851,36.056,36.11,36.26,36.206,36.076,34.879,34.147,33.668,33.418,33.494,33.515,33.606,33.87,34.265,34.472,34.527,34.762,34.927,35.002,35.188,35.256,35.414,35.414,35.441,35.482,35.455,35.428,35.393,35.277,35.092,34.899,34.92,34.968,34.927,34.899,34.872,34.707,34.7,34.417,34.32,34.112,33.766,33.194,33.145,32.977,32.795,32.592,32.536,32.606,32.451,32.739,33.863,35.817,36.192,36.199,36.165,36.138,36.029,35.967,35.879,35.688,35.571,35.476,35.462,35.476,35.476,35.482,35.489,35.503,35.51,35.496,35.503,35.496,35.496,35.489,35.407,35.339,35.256,35.215,35.181,34.81,34.81,34.837,34.603,34.541,34.5,34.424,34.306,34.182,34.112,34.015,34.085,34.057,34.057,34.05,34.057,34.022,34.002,33.96,33.877,33.786,33.369,33.145,33.096,33.229,33.661,33.047,32.515,32.515,32.346,32.177,32.311,32.268,32.142,31.979,32.106,32.212,32.261,32.071,31.788,31.526,31.029,30.493,28.002,25.69,24.75,24.568,24.341,24.303,24.242,24.173,24.105,24.075,24.029,23.976,23.915,23.884,23.838,23.8,23.8,23.755,23.716,23.693,23.678,23.655,23.648,23.602,23.579,23.579,23.541,23.51,23.502,23.472,23.449,23.441,23.418,23.418,23.403,23.38,23.364,23.341,23.319,23.303,23.28,23.288,23.265,23.257,23.196,23.242,23.226,23.196,23.157,23.15,23.119,23.096,23.081,23.081,23.058,23.058,23.042,23.073,23.058,23.042,23.042,23.011,23.027,23.019,23.004,23.011,23.004,23.004,22.988,22.988,23.004,22.973,22.981,22.988,22.996,22.973,22.988,22.996,22.981,22.934,22.95,22.942,22.965,22.927,22.919,22.919,22.911,22.904,22.911,22.896,22.911,22.919,22.911,22.927,22.934,22.919,22.919,22.904,22.881,22.881,22.858,22.858,22.834,22.827,22.858,22.85,22.858,22.881,22.865,22.881,22.842,22.834,22.858,22.834,22.827,22.804,22.796,22.796,22.819,22.827,22.834,22.842,22.819,22.773,22.765,22.757,22.75,22.75,22.719,22.773,22.742,22.734,22.727,22.727,22.719,22.719,22.696,22.688,22.696,22.68,22.665,22.642,22.673,22.665,22.665,22.665,22.657,22.68,22.68,22.657,22.68,22.665,22.657,22.688,22.649,22.649,22.657,22.649,22.673,22.626,22.626,22.611,22.611,22.611,22.611,22.642,22.619,22.588,22.588,22.595,22.572,22.572,22.572,22.564,22.564,22.58,22.572,22.58,22.588,22.588,22.588,22.588,22.595,22.58,22.603,22.557,22.534,22.534,22.526,22.557,22.58,22.572,22.58,22.534,22.534,22.503,22.526,22.487,22.51,22.518,22.549,22.534,22.549,22.534,22.549,22.549,22.518,22.487,22.51,22.479,22.51,22.495,22.495,22.487,22.495,22.51,22.518,22.549,22.549,22.58,22.549,22.58,22.564,22.541,22.572,22.564,22.572,22.58,22.534,22.58,22.518,22.564,22.564,22.549,22.456
,22.34,22.348,22.332,22.356,22.356,22.332,22.363,22.348,22.332,22.356,22.317,22.34,22.332,22.348,22.348,22.356,22.371,22.363,22.363,22.356,22.332,22.325,22.317,22.317,22.325,22.309,22.302,22.286,22.302,22.294,22.286,22.34,22.325,22.332,22.356,22.356,22.379,22.394,22.356,22.348,22.348,22.34,22.379,22.363,22.418,22.418,22.418,22.418,22.433,22.433,22.433,22.449,22.449,22.449,22.449,22.464,22.479,22.472,22.503,22.495,22.479,22.487,22.495,22.495,22.479,22.433,22.472,22.456,22.479,22.487,22.487,22.503,22.518,22.534,22.51,22.487,22.51,22.503,22.495,22.495,22.479,22.503,22.518,22.51,22.503,22.503,22.495,22.518,22.503,22.51,22.518,22.564,22.564,22.603,22.603,22.58,22.572,22.611,22.595,22.595,22.588,22.588,22.611,22.626,22.611,22.626,22.657,22.626,22.657,22.642,22.673,22.673,22.665,22.68,22.68,22.68,22.688,22.688,22.696,22.696,22.703,22.696,22.711,22.703,22.727,22.734,22.719,22.711,22.719,22.711,22.727,22.734,22.727,22.757,22.773,22.757,22.75,22.742,22.757,22.757,22.75,22.742,22.75,22.765,22.765,22.757,22.773,22.788,22.811,22.819,22.834,22.827,22.834,22.842,22.85,22.865,22.888,22.881,22.881,22.904,22.904,22.919,22.95,22.942,22.958,22.981,22.988,23.004,23.004,23.034,23.05,23.065,23.088,23.073,23.104,23.104,23.134,23.142,23.157,23.211,23.226,23.249,23.28,23.311,23.319,23.357,23.372,23.41,23.418,23.441,23.487,23.518,23.556,23.548,23.602,23.632,23.671,23.739,23.777,23.8,23.861,23.892,23.983,24.052,24.158,24.341,24.492,24.931,25.758,28.55,31.335,31.88,32.099,32.388,32.543,32.893,33.159,33.418,33.369,33.369,33.313,33.431,33.661,33.766,34.154,34.32,34.368,33.967,32.718,32.83,33.953,34.043,33.654,33.661,33.87,34.285,34.368,34.582,34.741,34.803,34.872,34.851,34.679,34.617,34.52,34.5,34.465,34.458,34.458,34.417,34.472,34.527,34.603,34.658,34.748,34.782,34.81,34.947,35.016,35.071,35.222,35.325,35.359,35.346,35.407,35.482,35.496,35.612,35.633,35.653,35.688,35.722,35.722,35.708,35.694,35.64,35.612,35.633,35.66,35.735,35.81,35.913,36.056,36.165,36.206,36.178,35.565,34.548,33.668,33.424,33.313,33.278,33.383,33.592,33.821,34.112,34.403,34.555,34.782,35.009,35.064,35.208,35.27,35.448,35.482,35.482,35.496,35.455,35.373,35.291,34.996,34.968,35.009,35.002,35.037,34.996,34.996,34.906,34.7,34.493,34.424,34.092,33.891,33.599,33.04,32.83,32.627,32.627,32.501,32.479,32.423,32.388,32.458,33.292,35.174,36.192,36.185,36.192,36.165,36.083,35.94,35.865,35.804,35.742,35.537,35.517,35.489,35.496,35.503,35.51,35.517,35.53,35.517,35.558,35.544,35.524,35.53,35.4,35.448,35.339,35.25,35.215,35.03,34.927,34.762,34.679,34.686,34.52,34.458,34.313,34.265,34.189,34.133,34.092,34.05,34.022,34.008,33.995,33.995,33.939,33.918,33.807,33.619,33.278,33.131,33.054,33.508,33.626,33.152,33.187,33.005,32.83,32.585,32.311,32.085,31.965,31.909,31.979,32.17,32.092,31.972,31.618,31.114,30.915,29.023,26.087,24.787,24.613,24.53,24.386,24.28,24.211,24.143,24.113,24.052,24.014,23.983,23.915,23.869,23.854,23.8,23.777,23.724,23.709,23.701,23.671,23.663,23.625,23.625,23.571,23.564,23.533,23.51,23.502,23.487,23.456,23.441,23.426,23.41,23.395,23.387,23.349,23.334,23.319,23.296,23.28,23.28,23.265,23.249,23.226,23.196,23.226,23.203,23.173,23.134,23.119,23.111,23.096,23.081,23.065,23.058,23.05,23.05,23.065,23.042,23.027,23.027,23.027,23.011,23.027,23.004,22.996,22.996,23.011,23.011,22.988,22.988,22.996,22.981,22.981,22.981,22.973,22.973,22.973,22.988,23.004,22.965,22.965,22.942,22.927,22.927,22.911,22.911,22.911,22.896,22.904,22.919,22.919,22.919,22.919,22.919,22.911,22.911,22.896,22.888,22.873,22.85,22.842,22.827,22.827,22.834,22.842,22.858,22.858,22.873,22.858,22.834,22.811,22.819,22.811,22.804,22.788,22.804,22.811,22.834,22.804,22.85,22.819,22.796,22.773,22.78,22.765,22.75,22.727,22.75,22.757,22.75,22.734,22.742,22.742,22.696,22.711,22.673,22.673,22.696,22.696,22.696,22.68,22.68,22.68,22.673,22.649,22.673,22.673,22.665,22.696,22.696,22.673,22.696,22.688,22.673,22.642,22.626,22.649,22.611,22.619,22.595,22.595,22.595,22.611,22.58,22.642,22.595,22.564,22.572,22.564,22.557,22.534,22.564,22.564,22.564,22.58,22.588,22.588,22.595,22.626,22.595,22.611,22.541,22.595,22.557,22.541,22.51,22.518,22.526,22.541,22.557,22.572,22.534,22.526,22.495,22.51,22.518,22.495,22.51,22.51,22.549,22.526,22.534,22.534,22.518,22.526,22.495,22.487,22.51,22.526,22.51,22.495,22.479,22.487,22.495,22.518,22.549,22.534,22.564,22.572,22.564,22.572,22.541,22.541,22.541,22.58,22.572,22.557,22.534,22.51,22.526,22.541,22.51,22.534
,22.356,22.332,22.34,22.356,22.325,22.332,22.325,22.302,22.348,22.309,22.34,22.348,22.348,22.356,22.356,22.402,22.394,22.418,22.356,22.356,22.348,22.356,22.325,22.317,22.317,22.317,22.317,22.309,22.294,22.309,22.325,22.309,22.332,22.332,22.332,22.356,22.379,22.363,22.363,22.348,22.332,22.286,22.325,22.356,22.379,22.418,22.456,22.433,22.456,22.464,22.456,22.449,22.449,22.456,22.456,22.449,22.456,22.472,22.503,22.487,22.487,22.472,22.472,22.487,22.456,22.487,22.472,22.479,22.472,22.479,22.479,22.503,22.526,22.503,22.51,22.51,22.503,22.495,22.503,22.503,22.487,22.495,22.503,22.503,22.518,22.51,22.51,22.534,22.503,22.51,22.557,22.541,22.588,22.58,22.595,22.611,22.588,22.58,22.611,22.595,22.595,22.588,22.595,22.588,22.611,22.649,22.642,22.649,22.642,22.665,22.665,22.642,22.665,22.665,22.68,22.68,22.688,22.688,22.696,22.68,22.688,22.703,22.696,22.711,22.711,22.719,22.727,22.719,22.711,22.727,22.734,22.719,22.742,22.757,22.742,22.734,22.742,22.742,22.75,22.757,22.742,22.75,22.734,22.742,22.757,22.773,22.78,22.788,22.796,22.819,22.834,22.827,22.834,22.85,22.858,22.873,22.896,22.904,22.919,22.919,22.904,22.927,22.95,22.95,22.965,22.973,22.973,22.996,22.996,23.019,23.05,23.05,23.065,23.088,23.065,23.096,23.119,23.142,23.173,23.211,23.249,23.257,23.272,23.311,23.326,23.349,23.364,23.38,23.41,23.456,23.487,23.502,23.541,23.586,23.594,23.663,23.663,23.724,23.762,23.808,23.854,23.915,23.96,24.021,24.181,24.31,24.424,24.576,25.112,26.66,30.249,31.42,31.979,32.268,32.437,32.753,33.124,33.201,33.229,33.005,33.131,33.257,33.411,33.613,33.932,34.168,34.382,34.112,32.851,32.872,33.696,34.161,33.668,33.675,33.828,34.23,34.555,34.734,34.803,34.899,34.837,34.872,34.803,34.7,34.631,34.576,34.507,34.61,34.465,34.472,34.507,34.61,34.679,34.686,34.762,34.817,34.858,34.989,35.085,35.092,35.222,35.304,35.4,35.428,35.462,35.599,35.66,35.626,35.66,35.681,35.694,35.701,35.708,35.694,35.653,35.64,35.619,35.626,35.688,35.742,35.824,35.995,35.988,36.178,36.246,36.151,35.51,33.849,33.466,33.438,33.264,33.243,33.278,33.299,33.48,33.96,34.327,34.507,34.782,34.968,34.989,35.167,35.311,35.428,35.482,35.482,35.462,35.435,35.359,35.03,34.975,34.968,34.996,35.064,35.085,35.044,35.023,34.989,34.769,34.5,34.161,33.981,33.626,33.222,33.04,32.641,32.592,32.437,32.381,32.325,32.247,32.247,32.346,33.194,35.14,36.185,36.185,36.172,36.158,36.104,35.94,35.851,35.763,35.681,35.578,35.558,35.53,35.524,35.503,35.524,35.544,35.578,35.578,35.571,35.585,35.592,35.551,35.565,35.517,35.53,35.346,35.298,35.188,34.954,34.899,34.886,34.603,34.638,34.603,34.465,34.375,34.285,34.189,34.126,34.057,34.022,34.002,33.967,33.96,33.897,33.877,33.745,33.668,33.355,33.103,33.047,33.675,33.696,33.257,33.404,33.411,33.194,32.697,32.184,31.965,31.944,31.873,31.859,32.092,32.099,31.703,31.128,30.95,29.789,26.852,25.127,24.75,24.576,24.432,24.379,24.295,24.189,24.143,24.097,24.044,23.998,23.983,23.922,23.892,23.823,23.8,23.785,23.755,23.724,23.686,23.671,23.625,23.625,23.586,23.586,23.579,23.564,23.533,23.51,23.495,23.472,23.449,23.426,23.403,23.387,23.38,23.357,23.326,23.311,23.288,23.288,23.272,23.272,23.249,23.211,23.226,23.203,23.188,23.15,23.15,23.134,23.134,23.104,23.088,23.081,23.073,23.058,23.065,23.05,23.042,23.019,23.019,23.019,23.019,23.004,23.011,22.988,23.011,23.019,22.996,22.996,23.004,22.988,22.988,22.981,22.981,22.973,22.988,22.973,22.981,22.988,22.973,22.973,22.934,22.942,22.927,22.919,22.911,22.904,22.911,22.919,22.927,22.927,22.919,22.896,22.919,22.934,22.896,22.896,22.888,22.873,22.873,22.858,22.85,22.834,22.834,22.85,22.858,22.834,22.858,22.873,22.827,22.827,22.827,22.804,22.804,22.811,22.78,22.804,22.827,22.796,22.865,22.811,22.804,22.78,22.811,22.796,22.765,22.78,22.75,22.742,22.75,22.765,22.757,22.719,22.688,22.696,22.688,22.696,22.68,22.68,22.688,22.696,22.696,22.673,22.688,22.649,22.665,22.688,22.68,22.696,22.688,22.673,22.68,22.673,22.696,22.665,22.649,22.611,22.603,22.619,22.634,22.595,22.595,22.603,22.619,22.572,22.588,22.58,22.557,22.549,22.549,22.557,22.549,22.564,22.557,22.557,22.588,22.603,22.603,22.611,22.634,22.595,22.649,22.619,22.572,22.526,22.51,22.51,22.518,22.541,22.51,22.549,22.549,22.541,22.526,22.534,22.534,22.572,22.549,22.51,22.526,22.534,22.549,22.541,22.51,22.487,22.51,22.518,22.518,22.526,22.526,22.51,22.487,22.51,22.51,22.549,22.549,22.564,22.541,22.541,22.564,22.557,22.58,22.557,22.564,22.557,22.557,22.557,22.549,22.572,22.557,22.541,22.51,22.588
,22.348,22.325,22.317,22.317,22.332,22.348,22.294,22.332,22.356,22.332,22.332,22.34,22.348,22.379,22.379,22.387,22.379,22.379,22.418,22.379,22.402,22.325,22.325,22.325,22.325,22.332,22.317,22.309,22.309,22.332,22.294,22.317,22.309,22.34,22.356,22.363,22.379,22.356,22.325,22.34,22.286,22.309,22.394,22.371,22.41,22.418,22.433,22.41,22.441,22.449,22.441,22.456,22.456,22.449,22.449,22.479,22.479,22.464,22.472,22.464,22.464,22.456,22.449,22.441,22.487,22.472,22.495,22.472,22.464,22.472,22.472,22.487,22.503,22.51,22.503,22.518,22.51,22.487,22.503,22.487,22.503,22.487,22.456,22.534,22.518,22.472,22.526,22.51,22.534,22.557,22.541,22.541,22.557,22.595,22.588,22.595,22.588,22.595,22.588,22.595,22.603,22.611,22.588,22.595,22.603,22.611,22.626,22.657,22.649,22.673,22.649,22.657,22.68,22.673,22.673,22.688,22.688,22.696,22.696,22.711,22.703,22.703,22.711,22.703,22.711,22.719,22.734,22.719,22.719,22.719,22.734,22.742,22.742,22.742,22.734,22.727,22.734,22.742,22.742,22.742,22.742,22.719,22.742,22.734,22.757,22.765,22.773,22.788,22.796,22.819,22.819,22.827,22.811,22.85,22.873,22.896,22.896,22.888,22.911,22.919,22.904,22.919,22.95,22.958,22.958,22.973,22.973,22.973,22.988,23.004,23.019,23.058,23.073,23.073,23.088,23.096,23.134,23.142,23.18,23.203,23.226,23.257,23.272,23.288,23.319,23.334,23.357,23.387,23.418,23.441,23.479,23.495,23.533,23.564,23.586,23.632,23.693,23.739,23.762,23.816,23.831,23.907,23.96,23.991,24.067,24.181,24.272,24.462,24.833,25.48,27.877,31.278,31.767,32.078,32.325,32.578,32.879,33.096,32.998,32.893,32.943,33.068,33.208,33.564,33.918,34.147,34.258,34.258,33.012,32.893,33.64,34.216,33.682,33.654,33.779,34.043,34.41,34.755,34.851,34.899,34.92,34.899,34.865,34.769,34.775,34.686,34.679,34.713,34.603,34.541,34.61,34.589,34.7,34.748,34.817,34.865,34.961,35.037,35.119,35.195,35.202,35.435,35.524,35.524,35.565,35.647,35.694,35.681,35.674,35.674,35.688,35.708,35.688,35.688,35.647,35.66,35.66,35.653,35.647,35.77,35.817,35.906,36.083,36.185,36.233,36.165,35.126,33.606,33.348,33.215,33.124,33.138,33.18,33.257,33.355,33.668,34.057,34.465,34.713,34.796,35.051,35.291,35.435,35.448,35.517,35.476,35.414,35.407,35.243,34.968,34.796,34.947,35.071,35.051,35.044,35.002,34.941,34.947,34.624,34.444,33.995,33.856,33.536,33.124,32.957,32.844,32.571,32.409,32.311,32.177,32.233,32.191,32.226,33.012,35.009,36.158,36.165,36.151,36.131,36.097,35.974,35.879,35.817,35.735,35.653,35.585,35.565,35.53,35.517,35.53,35.544,35.578,35.606,35.633,35.619,35.626,35.619,35.612,35.606,35.53,35.441,35.332,35.277,35.119,34.989,34.865,34.81,34.672,34.638,34.424,34.479,34.279,34.244,34.189,34.078,34.036,34.022,33.967,33.946,33.897,33.807,33.717,33.564,33.285,32.984,33.173,33.682,33.619,33.613,33.578,33.397,33.068,32.655,32.254,31.902,31.986,31.753,31.682,31.718,31.781,31.555,30.95,30.443,27.95,25.877,24.931,24.682,24.523,24.348,24.363,24.204,24.204,24.158,24.082,24.037,24.006,23.96,23.938,23.899,23.861,23.816,23.793,23.739,23.716,23.655,23.648,23.64,23.617,23.594,23.564,23.564,23.556,23.548,23.518,23.487,23.464,23.441,23.433,23.418,23.395,23.372,23.357,23.326,23.319,23.296,23.288,23.272,23.257,23.242,23.242,23.219,23.211,23.18,23.18,23.157,23.134,23.127,23.127,23.088,23.096,23.058,23.058,23.081,23.004,23.019,23.034,23.027,23.019,23.019,23.027,23.019,23.019,23.004,23.011,23.011,23.011,22.996,22.996,22.988,22.996,22.981,22.981,22.988,22.981,22.981,22.981,22.973,22.965,22.942,22.934,22.896,22.927,22.904,22.896,22.919,22.919,22.927,22.927,22.927,22.934,22.919,22.911,22.896,22.904,22.904,22.888,22.881,22.896,22.842,22.865,22.858,22.865,22.865,22.85,22.865,22.842,22.827,22.819,22.819,22.811,22.811,22.804,22.804,22.811,22.804,22.811,22.804,22.804,22.796,22.804,22.827,22.788,22.765,22.773,22.757,22.765,22.734,22.742,22.78,22.727,22.696,22.696,22.673,22.688,22.696,22.696,22.711,22.703,22.696,22.68,22.696,22.68,22.673,22.68,22.696,22.68,22.688,22.665,22.673,22.68,22.688,22.673,22.642,22.619,22.611,22.595,22.595,22.58,22.603,22.634,22.611,22.572,22.58,22.564,22.557,22.557,22.541,22.557,22.549,22.557,22.58,22.564,22.588,22.595,22.595,22.634,22.642,22.634,22.603,22.588,22.526,22.526,22.518,22.526,22.518,22.534,22.549,22.549,22.534,22.534,22.51,22.526,22.526,22.518,22.526,22.526,22.526,22.526,22.51,22.526,22.534,22.51,22.495,22.518,22.526,22.534,22.518,22.518,22.51,22.51,22.549,22.557,22.549,22.549,22.572,22.572,22.58,22.595,22.572,22.619,22.549,22.572,22.557,22.549,22.541,22.541,22.549,22.557,22.534,22.503
,22.34,22.325,22.325,22.325,22.317,22.34,22.332,22.332,22.325,22.325,22.332,22.34,22.356,22.387,22.371,22.387,22.356,22.379,22.394,22.387,22.402,22.332,22.325,22.317,22.325,22.325,22.325,22.325,22.325,22.317,22.286,22.286,22.34,22.325,22.348,22.309,22.356,22.332,22.332,22.34,22.325,22.317,22.332,22.41,22.363,22.41,22.41,22.41,22.418,22.433,22.449,22.449,22.456,22.456,22.472,22.464,22.456,22.456,22.449,22.441,22.449,22.479,22.464,22.464,22.464,22.495,22.495,22.495,22.479,22.464,22.472,22.487,22.495,22.51,22.51,22.503,22.487,22.479,22.479,22.495,22.487,22.487,22.534,22.503,22.541,22.534,22.534,22.518,22.518,22.541,22.549,22.534,22.549,22.564,22.549,22.588,22.588,22.58,22.595,22.619,22.611,22.588,22.603,22.588,22.611,22.642,22.634,22.642,22.657,22.642,22.673,22.673,22.68,22.703,22.688,22.688,22.688,22.703,22.696,22.696,22.688,22.657,22.688,22.696,22.711,22.719,22.711,22.711,22.727,22.727,22.734,22.75,22.742,22.727,22.734,22.719,22.727,22.742,22.734,22.727,22.711,22.719,22.727,22.734,22.75,22.765,22.773,22.773,22.78,22.804,22.819,22.834,22.811,22.834,22.85,22.881,22.896,22.904,22.888,22.911,22.919,22.919,22.942,22.95,22.973,22.973,22.973,22.965,22.981,22.988,22.996,23.011,23.042,23.073,23.104,23.104,23.119,23.157,23.173,23.188,23.211,23.226,23.249,23.272,23.303,23.334,23.364,23.387,23.41,23.426,23.479,23.51,23.533,23.564,23.548,23.632,23.678,23.693,23.739,23.808,23.838,23.892,23.953,23.998,24.113,24.082,24.242,24.303,24.598,24.908,26.064,29.501,31.399,31.916,32.191,32.458,32.543,32.907,32.95,32.795,32.823,33.054,33.159,33.222,33.543,34.064,34.216,34.133,33.786,32.893,33.026,34.05,33.918,33.724,33.849,34.064,34.355,34.603,34.913,34.941,34.961,34.968,34.941,34.879,34.844,34.831,34.879,34.831,34.803,34.72,34.7,34.755,34.707,34.741,34.872,34.886,35.009,35.092,35.147,35.298,35.373,35.476,35.51,35.653,35.742,35.735,35.735,35.715,35.701,35.688,35.674,35.694,35.694,35.681,35.674,35.667,35.681,35.715,35.715,35.81,35.865,35.892,35.96,36.104,36.24,36.158,35.133,33.501,33.096,33.103,33.054,33.089,33.124,33.208,33.306,33.578,33.807,34.064,34.458,34.727,34.996,35.373,35.373,35.455,35.503,35.503,35.393,35.284,35.222,35.057,34.934,34.961,35.037,35.064,34.906,34.913,34.906,34.755,34.486,34.099,33.884,33.897,33.856,34.078,34.237,34.126,33.995,33.082,32.367,32.142,32.149,32.163,32.212,33.061,35.112,36.09,36.131,36.117,35.995,36.049,35.899,35.838,35.79,35.708,35.653,35.619,35.578,35.53,35.51,35.53,35.565,35.599,35.633,35.647,35.647,35.653,35.64,35.633,35.647,35.606,35.578,35.53,35.4,35.229,35.092,34.899,34.831,34.7,34.603,34.61,34.458,34.361,34.23,34.209,34.175,34.078,34.043,34.015,33.918,33.897,33.814,33.724,33.515,33.047,32.914,33.299,33.654,33.675,33.613,33.578,33.39,33.201,32.585,32.374,31.64,31.633,31.696,31.484,31.37,31.285,30.858,30.436,28.696,25.862,24.976,24.818,24.545,24.409,24.363,24.303,24.211,24.151,24.113,24.09,24.021,23.991,23.945,23.922,23.877,23.838,23.793,23.777,23.739,23.716,23.693,23.64,23.64,23.602,23.579,23.556,23.556,23.548,23.518,23.518,23.487,23.456,23.441,23.426,23.418,23.395,23.372,23.349,23.341,23.319,23.303,23.311,23.28,23.265,23.265,23.226,23.211,23.203,23.196,23.165,23.157,23.15,23.134,23.134,23.111,23.104,23.096,23.088,23.088,23.05,23.065,23.05,23.042,23.034,23.027,23.019,23.027,23.019,23.004,23.011,23.004,23.011,23.027,22.996,22.996,22.996,22.981,22.965,22.973,22.988,22.981,22.958,22.973,22.958,22.95,22.934,22.919,22.888,22.896,22.904,22.934,22.927,22.934,22.927,22.911,22.927,22.896,22.904,22.911,22.904,22.911,22.919,22.888,22.873,22.858,22.858,22.865,22.842,22.865,22.865,22.85,22.842,22.819,22.811,22.811,22.811,22.804,22.811,22.827,22.827,22.804,22.819,22.827,22.804,22.842,22.842,22.819,22.804,22.78,22.765,22.757,22.757,22.757,22.742,22.727,22.696,22.711,22.696,22.68,22.688,22.688,22.688,22.711,22.703,22.696,22.68,22.696,22.665,22.711,22.68,22.657,22.703,22.673,22.665,22.665,22.665,22.657,22.649,22.634,22.611,22.611,22.588,22.603,22.588,22.595,22.611,22.603,22.58,22.572,22.572,22.549,22.549,22.557,22.557,22.58,22.588,22.549,22.557,22.549,22.58,22.603,22.634,22.619,22.603,22.549,22.549,22.518,22.526,22.541,22.526,22.526,22.549,22.503,22.518,22.534,22.526,22.518,22.487,22.526,22.534,22.51,22.51,22.518,22.518,22.51,22.495,22.518,22.51,22.51,22.518,22.526,22.534,22.541,22.51,22.526,22.503,22.549,22.549,22.534,22.557,22.557,22.58,22.557,22.564,22.557,22.619,22.58,22.564,22.564,22.557,22.549,22.557,22.541,22.572,22.58,22.534
,22.34,22.332,22.317,22.332,22.332,22.325,22.309,22.302,22.348,22.348,22.34,22.356,22.356,22.379,22.387,22.379,22.387,22.348,22.41,22.371,22.379,22.348,22.332,22.309,22.332,22.34,22.332,22.325,22.348,22.363,22.356,22.332,22.332,22.278,22.332,22.317,22.317,22.348,22.332,22.34,22.34,22.332,22.371,22.387,22.418,22.402,22.394,22.41,22.418,22.425,22.433,22.441,22.449,22.441,22.449,22.472,22.449,22.456,22.441,22.456,22.456,22.449,22.456,22.449,22.479,22.495,22.495,22.487,22.487,22.472,22.456,22.487,22.479,22.487,22.495,22.472,22.472,22.487,22.464,22.472,22.495,22.503,22.503,22.51,22.534,22.534,22.557,22.557,22.541,22.534,22.557,22.549,22.541,22.557,22.572,22.572,22.595,22.603,22.603,22.619,22.603,22.611,22.595,22.611,22.611,22.634,22.642,22.657,22.649,22.673,22.68,22.703,22.703,22.703,22.673,22.696,22.703,22.68,22.688,22.696,22.696,22.703,22.711,22.711,22.711,22.719,22.703,22.703,22.727,22.727,22.734,22.757,22.75,22.734,22.719,22.742,22.742,22.742,22.742,22.75,22.727,22.742,22.727,22.734,22.75,22.742,22.75,22.765,22.765,22.788,22.811,22.804,22.819,22.85,22.85,22.873,22.888,22.904,22.904,22.911,22.927,22.911,22.958,22.95,22.942,22.965,22.965,22.973,22.996,22.996,23.011,23.042,23.065,23.088,23.104,23.119,23.15,23.173,23.196,23.203,23.211,23.234,23.257,23.272,23.303,23.326,23.341,23.38,23.418,23.449,23.479,23.502,23.525,23.541,23.579,23.625,23.678,23.671,23.762,23.8,23.838,23.877,23.945,23.983,24.097,24.135,24.211,24.303,24.47,24.704,25.585,27.451,30.307,31.498,31.937,32.282,32.501,32.711,32.69,32.62,32.718,32.936,33.124,33.285,33.529,33.759,33.995,34.168,34.008,33.033,33.061,33.828,34.161,33.793,33.786,33.932,34.133,34.748,34.947,34.975,34.975,34.996,35.002,34.968,34.941,34.968,34.975,34.92,34.886,34.748,34.817,34.782,34.796,34.858,34.934,35.023,35.105,35.147,35.243,35.373,35.387,35.674,35.708,35.742,35.79,35.797,35.763,35.715,35.735,35.701,35.708,35.694,35.694,35.681,35.681,35.653,35.729,35.729,35.776,35.851,35.872,35.933,36.049,36.124,36.274,36.131,35.188,33.362,33.005,32.998,32.977,33.054,33.075,33.278,33.647,33.856,33.897,34.209,34.389,34.541,34.947,35.346,35.387,35.469,35.524,35.469,35.421,35.332,35.311,35.14,35.037,35.002,35.071,35.051,34.954,34.886,34.796,34.465,34.036,33.967,34.126,35.057,34.996,35.037,35.057,35.002,34.534,33.988,33.061,32.367,32.113,32.156,32.374,33.39,35.366,36.049,36.001,36.042,36.001,35.933,35.831,35.831,35.776,35.715,35.694,35.626,35.599,35.551,35.517,35.537,35.558,35.585,35.619,35.653,35.667,35.66,35.653,35.653,35.64,35.626,35.619,35.612,35.51,35.359,35.352,35.092,34.886,34.741,34.651,34.61,34.52,34.465,34.313,34.272,34.189,34.161,34.099,34.036,33.988,33.849,33.779,33.626,33.529,33.18,32.914,33.334,33.668,33.626,33.585,33.452,33.117,32.879,32.606,32.36,32.282,31.1,31.533,31.47,30.95,30.786,30.643,29.342,26.466,25.029,24.712,24.583,24.553,24.386,24.28,24.265,24.242,24.189,24.105,24.082,24.021,23.976,23.938,23.892,23.877,23.823,23.793,23.77,23.732,23.724,23.678,23.64,23.625,23.579,23.579,23.556,23.548,23.541,23.525,23.525,23.502,23.479,23.449,23.433,23.403,23.395,23.387,23.364,23.341,23.319,23.319,23.296,23.296,23.272,23.234,23.234,23.234,23.203,23.203,23.188,23.173,23.165,23.15,23.134,23.104,23.096,23.088,23.096,23.081,23.088,23.073,23.034,23.058,23.042,23.027,23.019,23.019,23.019,23.019,23.011,23.011,23.011,23.019,23.004,23.004,22.996,22.996,22.996,22.981,22.981,22.981,22.965,22.95,22.958,22.95,22.927,22.904,22.911,22.919,22.919,22.934,22.95,22.95,22.934,22.927,22.919,22.911,22.911,22.942,22.919,22.888,22.911,22.881,22.911,22.896,22.896,22.888,22.881,22.873,22.842,22.842,22.85,22.85,22.827,22.827,22.819,22.819,22.819,22.834,22.811,22.834,22.811,22.819,22.834,22.827,22.819,22.842,22.827,22.804,22.788,22.757,22.765,22.742,22.727,22.811,22.727,22.711,22.703,22.68,22.673,22.673,22.696,22.688,22.711,22.68,22.696,22.696,22.688,22.703,22.665,22.696,22.649,22.673,22.657,22.657,22.665,22.649,22.642,22.634,22.619,22.619,22.611,22.595,22.588,22.595,22.611,22.603,22.588,22.595,22.58,22.564,22.564,22.58,22.564,22.603,22.564,22.595,22.564,22.564,22.58,22.595,22.595,22.611,22.58,22.518,22.549,22.518,22.518,22.549,22.549,22.564,22.564,22.549,22.549,22.51,22.518,22.518,22.541,22.487,22.526,22.518,22.526,22.518,22.541,22.51,22.526,22.518,22.518,22.518,22.518,22.51,22.526,22.51,22.518,22.534,22.534,22.541,22.549,22.564,22.541,22.564,22.564,22.572,22.564,22.564,22.564,22.58,22.564,22.572,22.564,22.564,22.58,22.595,22.588,22.58,22.595
,22.356,22.34,22.363,22.317,22.317,22.332,22.325,22.317,22.332,22.317,22.379,22.356,22.387,22.379,22.379,22.371,22.363,22.371,22.363,22.371,22.332,22.394,22.348,22.332,22.34,22.348,22.348,22.34,22.34,22.325,22.317,22.387,22.332,22.309,22.317,22.348,22.348,22.348,22.325,22.332,22.34,22.348,22.348,22.394,22.402,22.387,22.371,22.387,22.402,22.41,22.41,22.41,22.41,22.418,22.441,22.449,22.433,22.441,22.441,22.479,22.495,22.441,22.441,22.464,22.472,22.472,22.479,22.495,22.487,22.479,22.479,22.464,22.479,22.479,22.464,22.464,22.472,22.464,22.487,22.472,22.503,22.503,22.51,22.495,22.526,22.534,22.549,22.541,22.549,22.526,22.51,22.549,22.564,22.549,22.557,22.572,22.588,22.588,22.588,22.595,22.595,22.595,22.588,22.595,22.619,22.603,22.626,22.642,22.649,22.673,22.696,22.696,22.711,22.719,22.711,22.657,22.673,22.688,22.688,22.688,22.696,22.696,22.711,22.711,22.696,22.711,22.711,22.711,22.719,22.727,22.727,22.75,22.742,22.742,22.742,22.742,22.742,22.757,22.734,22.742,22.742,22.727,22.742,22.75,22.742,22.742,22.75,22.757,22.773,22.788,22.796,22.804,22.819,22.842,22.865,22.858,22.873,22.865,22.904,22.904,22.911,22.927,22.919,22.95,22.958,22.965,22.981,22.973,22.988,22.996,23.027,23.011,23.065,23.05,23.104,23.127,23.127,23.173,23.188,23.196,23.211,23.249,23.257,23.265,23.296,23.326,23.349,23.387,23.41,23.449,23.487,23.502,23.533,23.571,23.586,23.602,23.64,23.701,23.739,23.755,23.831,23.846,23.96,23.976,24.052,24.097,24.151,24.28,24.416,24.636,24.954,25.892,28.513,31.022,31.902,32.106,32.353,32.529,32.479,32.627,32.83,32.936,33.18,33.369,33.557,33.759,33.995,34.119,34.14,33.647,33.557,33.731,34.237,33.745,33.682,33.995,34.438,34.769,34.941,34.975,34.996,35.009,35.023,35.051,35.057,35.03,35.085,34.989,34.954,34.886,34.851,34.906,34.899,34.927,35.064,35.16,35.119,35.25,35.414,35.469,35.653,35.749,35.79,35.817,35.824,35.851,35.817,35.776,35.735,35.722,35.701,35.715,35.674,35.715,35.715,35.729,35.77,35.804,35.838,35.913,35.913,35.981,36.076,36.233,36.233,36.172,35.4,33.501,32.95,32.936,32.971,33.033,33.229,33.911,34.527,34.658,34.741,34.927,34.879,34.872,34.989,35.181,35.236,35.352,35.462,35.373,35.325,35.263,35.229,35.222,35.154,35.154,35.154,35.085,34.996,34.645,34.341,33.383,32.9,34.071,34.92,35.215,35.25,35.202,35.016,34.982,34.789,33.995,33.369,32.844,32.55,32.458,33.061,34.458,35.756,35.906,35.865,35.831,35.858,35.858,35.694,35.722,35.756,35.722,35.647,35.619,35.571,35.537,35.537,35.524,35.558,35.585,35.592,35.647,35.647,35.66,35.667,35.66,35.66,35.647,35.66,35.612,35.606,35.51,35.469,35.16,34.996,34.775,34.727,34.645,34.576,34.451,34.382,34.341,34.216,34.14,34.119,34.064,33.981,33.759,33.766,33.703,33.48,33.082,32.943,33.55,33.619,33.633,33.585,33.243,32.879,32.844,32.662,32.451,32.113,31.242,31.1,31.221,30.879,30.457,29.472,26.963,25.285,24.886,24.659,24.56,24.454,24.386,24.287,24.219,24.173,24.166,24.113,24.067,24.044,23.983,23.93,23.884,23.854,23.823,23.8,23.762,23.755,23.724,23.663,23.655,23.602,23.594,23.579,23.556,23.548,23.548,23.533,23.525,23.495,23.479,23.464,23.441,23.418,23.403,23.395,23.364,23.334,23.326,23.311,23.296,23.303,23.257,23.242,23.242,23.234,23.234,23.211,23.188,23.196,23.18,23.157,23.134,23.134,23.111,23.096,23.111,23.096,23.081,23.104,23.065,23.042,23.058,23.05,23.027,23.034,23.019,23.011,23.019,23.004,23.027,23.011,23.019,23.027,23.011,23.004,22.981,22.996,22.981,22.973,22.965,22.988,22.958,22.95,22.95,22.904,22.942,22.927,22.942,22.942,22.95,22.958,22.942,22.927,22.934,22.934,22.934,22.942,22.927,22.95,22.911,22.919,22.896,22.904,22.881,22.896,22.919,22.888,22.85,22.858,22.85,22.842,22.842,22.827,22.827,22.834,22.819,22.842,22.834,22.827,22.842,22.827,22.819,22.842,22.834,22.827,22.834,22.811,22.78,22.78,22.765,22.734,22.734,22.75,22.727,22.75,22.711,22.657,22.665,22.657,22.68,22.673,22.703,22.688,22.703,22.696,22.703,22.688,22.657,22.696,22.68,22.657,22.649,22.649,22.657,22.634,22.634,22.642,22.642,22.642,22.611,22.603,22.611,22.603,22.588,22.595,22.603,22.603,22.603,22.595,22.58,22.58,22.595,22.603,22.595,22.588,22.572,22.572,22.58,22.588,22.595,22.572,22.549,22.526,22.526,22.526,22.541,22.549,22.557,22.549,22.572,22.534,22.526,22.526,22.495,22.518,22.479,22.526,22.541,22.526,22.518,22.534,22.534,22.534,22.518,22.526,22.495,22.526,22.518,22.51,22.518,22.534,22.541,22.51,22.518,22.526,22.541,22.549,22.564,22.557,22.564,22.58,22.549,22.564,22.564,22.572,22.595,22.541,22.557,22.564,22.58,22.588,22.588,22.595,22.619
,22.371,22.348,22.34,22.34,22.348,22.34,22.317,22.325,22.34,22.332,22.379,22.371,22.356,22.363,22.356,22.356,22.356,22.363,22.363,22.363,22.387,22.356,22.332,22.348,22.34,22.34,22.348,22.34,22.348,22.332,22.371,22.34,22.34,22.387,22.371,22.348,22.34,22.348,22.332,22.317,22.363,22.34,22.379,22.363,22.363,22.387,22.379,22.394,22.394,22.394,22.387,22.402,22.387,22.41,22.41,22.433,22.425,22.433,22.418,22.449,22.464,22.464,22.456,22.449,22.456,22.464,22.487,22.487,22.487,22.479,22.472,22.472,22.464,22.464,22.464,22.456,22.456,22.464,22.487,22.487,22.51,22.51,22.503,22.526,22.534,22.534,22.534,22.518,22.526,22.541,22.534,22.541,22.557,22.549,22.557,22.572,22.541,22.572,22.595,22.588,22.595,22.603,22.595,22.634,22.619,22.619,22.642,22.642,22.649,22.657,22.665,22.696,22.703,22.703,22.703,22.68,22.665,22.657,22.688,22.696,22.703,22.711,22.711,22.711,22.696,22.696,22.703,22.703,22.711,22.719,22.719,22.734,22.727,22.734,22.727,22.727,22.75,22.757,22.75,22.757,22.742,22.75,22.75,22.734,22.734,22.734,22.742,22.75,22.757,22.78,22.796,22.819,22.85,22.85,22.85,22.85,22.865,22.881,22.865,22.888,22.904,22.919,22.934,22.95,22.965,22.965,22.981,23.011,22.988,23.004,23.004,23.042,23.058,23.073,23.096,23.119,23.127,23.173,23.196,23.203,23.211,23.242,23.249,23.28,23.288,23.311,23.326,23.38,23.41,23.449,23.487,23.495,23.525,23.548,23.564,23.602,23.632,23.655,23.732,23.777,23.8,23.861,23.915,23.968,24.037,24.052,24.128,24.227,24.341,24.5,24.636,25.112,26.66,29.905,31.37,31.909,32.219,32.402,32.444,32.515,32.697,32.907,33.145,33.334,33.459,33.592,33.849,34.105,34.147,33.932,33.842,33.939,34.161,33.703,33.613,33.703,34.002,34.713,34.92,34.954,35.002,34.996,35.057,35.099,35.147,35.202,35.195,35.174,35.071,35.044,34.947,35.057,35.154,35.099,35.195,35.188,35.25,35.4,35.469,35.667,35.735,35.851,35.892,35.933,35.899,35.879,35.865,35.817,35.77,35.756,35.742,35.722,35.729,35.763,35.79,35.831,35.81,35.851,35.913,35.967,36.022,36.056,36.151,36.212,36.24,36.212,35.694,34.265,32.984,32.957,32.964,32.998,33.585,33.974,34.61,34.831,35.099,35.174,35.195,35.147,35.174,34.824,34.631,35.174,35.291,35.38,35.27,35.256,35.243,35.243,35.202,35.208,35.16,35.105,34.72,34.251,33.431,32.725,33.424,34.334,34.934,35.318,35.311,35.229,35.092,34.989,34.782,34.064,33.536,33.18,33.089,33.236,34.105,35.606,35.763,35.804,35.722,35.722,35.633,35.694,35.722,35.599,35.688,35.653,35.619,35.626,35.565,35.537,35.51,35.517,35.524,35.571,35.571,35.626,35.64,35.647,35.647,35.647,35.653,35.66,35.647,35.64,35.626,35.592,35.476,35.346,35.03,34.796,34.72,34.686,34.603,34.507,34.431,34.396,34.334,34.292,34.119,34.105,33.856,33.842,33.766,33.508,33.327,33.117,33.047,33.424,33.613,33.522,33.362,33.103,32.802,32.711,32.458,32.409,32,31.306,31.136,30.993,30.722,29.558,27.686,25.555,24.893,24.787,24.659,24.485,24.416,24.325,24.31,24.189,24.204,24.143,24.097,24.059,24.006,23.945,23.907,23.877,23.854,23.823,23.793,23.777,23.747,23.716,23.678,23.648,23.609,23.594,23.571,23.564,23.548,23.541,23.548,23.525,23.51,23.479,23.441,23.433,23.433,23.403,23.364,23.357,23.341,23.319,23.326,23.303,23.28,23.272,23.257,23.242,23.234,23.226,23.211,23.196,23.203,23.196,23.173,23.173,23.15,23.096,23.096,23.119,23.111,23.088,23.081,23.073,23.065,23.05,23.034,23.034,23.034,23.011,23.011,23.004,23.019,22.996,23.019,23.019,23.034,23.019,23.011,23.004,22.988,22.988,22.988,22.981,22.981,22.958,22.95,22.942,22.95,22.942,22.927,22.965,22.95,22.95,22.958,22.942,22.927,22.934,22.927,22.965,22.942,22.934,22.927,22.927,22.927,22.911,22.888,22.911,22.865,22.927,22.896,22.896,22.865,22.865,22.858,22.865,22.834,22.827,22.865,22.804,22.834,22.819,22.827,22.827,22.819,22.827,22.834,22.834,22.811,22.811,22.811,22.811,22.796,22.742,22.757,22.75,22.757,22.734,22.719,22.68,22.665,22.626,22.642,22.657,22.68,22.703,22.696,22.711,22.711,22.688,22.703,22.711,22.688,22.688,22.673,22.657,22.649,22.634,22.642,22.642,22.619,22.649,22.634,22.634,22.619,22.619,22.611,22.603,22.619,22.626,22.619,22.611,22.595,22.595,22.58,22.588,22.572,22.588,22.572,22.572,22.572,22.572,22.588,22.58,22.549,22.541,22.518,22.534,22.541,22.541,22.564,22.557,22.557,22.526,22.51,22.503,22.526,22.526,22.518,22.503,22.526,22.526,22.518,22.541,22.534,22.557,22.572,22.526,22.549,22.541,22.534,22.526,22.51,22.51,22.51,22.51,22.479,22.549,22.526,22.541,22.549,22.526,22.564,22.549,22.564,22.58,22.564,22.572,22.557,22.572,22.58,22.572,22.572,22.572,22.595,22.603,22.634,22.626
,22.356,22.348,22.34,22.34,22.325,22.34,22.356,22.325,22.332,22.317,22.363,22.356,22.348,22.363,22.348,22.34,22.348,22.363,22.356,22.363,22.363,22.348,22.356,22.348,22.348,22.348,22.348,22.356,22.356,22.363,22.348,22.363,22.34,22.348,22.371,22.356,22.348,22.34,22.325,22.348,22.348,22.371,22.356,22.363,22.348,22.356,22.332,22.325,22.394,22.379,22.402,22.387,22.394,22.371,22.41,22.41,22.433,22.418,22.433,22.464,22.449,22.456,22.456,22.441,22.456,22.456,22.472,22.479,22.487,22.495,22.479,22.479,22.456,22.464,22.464,22.464,22.479,22.51,22.518,22.479,22.518,22.495,22.518,22.534,22.518,22.534,22.526,22.526,22.526,22.526,22.541,22.549,22.557,22.541,22.564,22.572,22.572,22.572,22.588,22.588,22.595,22.595,22.595,22.611,22.603,22.611,22.634,22.626,22.642,22.657,22.68,22.688,22.688,22.703,22.696,22.696,22.688,22.68,22.68,22.688,22.688,22.703,22.703,22.68,22.711,22.696,22.703,22.696,22.711,22.727,22.727,22.757,22.734,22.742,22.75,22.742,22.757,22.757,22.757,22.765,22.765,22.75,22.757,22.742,22.742,22.757,22.734,22.75,22.757,22.773,22.78,22.811,22.819,22.865,22.85,22.858,22.85,22.865,22.881,22.873,22.896,22.911,22.942,22.934,22.965,22.996,22.988,22.996,23.027,23.019,23.011,23.042,23.058,23.073,23.065,23.142,23.173,23.196,23.196,23.203,23.226,23.249,23.257,23.28,23.288,23.319,23.319,23.364,23.403,23.433,23.487,23.502,23.533,23.564,23.548,23.602,23.625,23.64,23.693,23.755,23.777,23.831,23.877,23.968,23.991,24.029,24.135,24.158,24.287,24.447,24.553,24.787,25.952,27.958,30.565,31.604,31.979,32.078,32.247,32.494,32.676,32.858,33.173,33.341,33.376,33.626,33.877,34.099,34.14,34.182,34.008,34.002,34.175,33.939,33.647,33.599,33.988,34.631,34.782,34.865,34.954,34.982,35.051,35.071,35.208,35.256,35.298,35.298,35.222,35.236,35.243,35.044,35.174,35.208,35.284,35.284,35.482,35.571,35.64,35.715,35.851,35.947,35.974,36.001,35.967,35.94,35.886,35.824,35.79,35.776,35.749,35.763,35.776,35.804,35.824,35.872,35.879,35.947,36.001,36.042,36.117,36.138,36.185,36.246,36.199,36.253,36.192,34.927,33.32,32.998,33.005,33.061,33.466,33.891,34.541,34.775,35.119,35.332,35.4,35.414,35.346,34.665,34.389,34.382,34.596,35.181,35.229,35.208,35.215,35.208,35.167,35.181,35.14,34.989,34.5,33.543,33.592,33.828,34.279,34.472,34.734,34.989,35.167,35.167,35.167,35.002,34.996,34.209,34.092,34.085,34.071,34.527,35.537,35.633,35.688,35.742,35.606,35.551,35.517,35.612,35.633,35.592,35.571,35.571,35.524,35.517,35.565,35.524,35.496,35.469,35.51,35.53,35.517,35.592,35.599,35.626,35.647,35.647,35.66,35.647,35.66,35.647,35.619,35.585,35.441,35.222,35.188,34.92,34.789,34.762,34.693,34.555,34.438,34.403,34.375,34.279,34.14,34.105,33.96,33.897,33.689,33.543,33.299,32.998,33.061,33.411,33.592,33.501,33.292,32.781,32.795,32.599,32.311,32.198,31.838,31.335,31.185,30.443,30.493,28.258,25.915,25.036,24.765,24.636,24.477,24.416,24.394,24.333,24.272,24.196,24.166,24.075,24.059,24.037,23.991,23.968,23.907,23.877,23.854,23.831,23.793,23.77,23.747,23.709,23.709,23.671,23.609,23.586,23.571,23.571,23.556,23.564,23.541,23.548,23.518,23.472,23.441,23.418,23.418,23.395,23.387,23.372,23.334,23.319,23.319,23.303,23.28,23.28,23.272,23.272,23.242,23.234,23.219,23.211,23.203,23.211,23.18,23.15,23.142,23.127,23.111,23.111,23.081,23.096,23.081,23.065,23.073,23.065,23.058,23.042,23.042,23.042,23.034,23.004,22.996,23.011,23.019,23.034,23.034,23.034,23.027,23.019,23.004,23.004,22.981,22.981,22.958,22.981,22.973,22.958,22.942,22.942,22.95,22.95,22.965,22.965,22.965,22.95,22.95,22.95,22.958,22.95,22.95,22.95,22.95,22.942,22.934,22.934,22.904,22.919,22.934,22.934,22.927,22.919,22.888,22.858,22.842,22.873,22.865,22.873,22.834,22.85,22.842,22.804,22.804,22.834,22.819,22.834,22.827,22.819,22.811,22.804,22.804,22.796,22.796,22.788,22.78,22.757,22.757,22.757,22.719,22.703,22.657,22.665,22.634,22.673,22.68,22.696,22.703,22.711,22.703,22.711,22.734,22.719,22.696,22.657,22.673,22.649,22.649,22.649,22.657,22.649,22.649,22.649,22.619,22.619,22.649,22.619,22.626,22.619,22.634,22.634,22.634,22.634,22.611,22.603,22.603,22.603,22.603,22.595,22.634,22.588,22.58,22.58,22.572,22.564,22.549,22.534,22.534,22.526,22.541,22.572,22.557,22.557,22.541,22.534,22.51,22.518,22.557,22.518,22.503,22.534,22.526,22.518,22.534,22.526,22.541,22.557,22.549,22.549,22.534,22.534,22.526,22.526,22.503,22.534,22.518,22.456,22.564,22.541,22.518,22.541,22.557,22.541,22.557,22.549,22.541,22.58,22.541,22.58,22.572,22.564,22.572,22.564,22.557,22.58,22.588,22.603,22.603,22.626
,22.356,22.348,22.348,22.332,22.332,22.325,22.309,22.302,22.302,22.332,22.332,22.348,22.356,22.356,22.348,22.325,22.332,22.356,22.356,22.363,22.356,22.348,22.34,22.34,22.348,22.356,22.34,22.363,22.348,22.34,22.348,22.332,22.371,22.348,22.363,22.363,22.348,22.34,22.332,22.332,22.34,22.34,22.356,22.356,22.363,22.356,22.348,22.387,22.363,22.34,22.371,22.363,22.387,22.387,22.402,22.402,22.387,22.41,22.433,22.433,22.456,22.449,22.441,22.441,22.441,22.441,22.449,22.479,22.503,22.456,22.487,22.487,22.464,22.456,22.464,22.449,22.456,22.503,22.526,22.526,22.518,22.456,22.526,22.518,22.534,22.518,22.518,22.518,22.51,22.518,22.503,22.541,22.541,22.557,22.541,22.572,22.557,22.572,22.58,22.58,22.588,22.595,22.603,22.611,22.588,22.595,22.603,22.603,22.642,22.626,22.657,22.673,22.657,22.68,22.688,22.657,22.688,22.673,22.68,22.696,22.68,22.68,22.696,22.68,22.711,22.703,22.696,22.711,22.703,22.727,22.727,22.727,22.734,22.727,22.734,22.734,22.734,22.757,22.757,22.765,22.757,22.75,22.727,22.727,22.734,22.727,22.765,22.75,22.765,22.78,22.796,22.804,22.827,22.827,22.873,22.85,22.85,22.858,22.881,22.873,22.888,22.911,22.942,22.934,22.95,22.958,22.988,23.019,23.011,23.004,23.019,23.042,23.042,23.065,23.088,23.111,23.127,23.15,23.142,23.211,23.219,23.211,23.242,23.265,23.28,23.296,23.341,23.372,23.395,23.418,23.449,23.495,23.518,23.548,23.525,23.571,23.594,23.632,23.693,23.739,23.77,23.823,23.869,23.93,23.976,24.014,24.067,24.158,24.257,24.341,24.492,24.591,25.172,25.982,28.521,30.843,31.427,31.42,31.767,32.332,32.641,32.816,33.124,33.18,33.124,33.424,33.647,33.932,34.112,34.119,34.015,34.008,34.022,33.981,33.661,33.501,33.613,34.292,34.7,34.803,34.879,34.989,34.996,35.051,35.174,35.284,35.332,35.298,35.325,35.325,35.202,35.318,35.291,35.284,35.373,35.38,35.571,35.585,35.729,35.701,35.926,35.995,36.022,35.995,35.974,35.94,35.913,35.858,35.824,35.79,35.797,35.797,35.845,35.851,35.892,35.913,35.933,36.001,35.981,36.063,36.124,36.11,36.117,36.124,36.172,36.199,36.185,35.756,34.5,33.578,33.173,33.299,33.557,34.043,34.582,34.913,35.202,35.339,35.448,35.462,35.229,34.451,34.589,34.279,34.479,34.306,34.589,34.603,34.775,34.989,34.679,34.534,34.52,34.417,33.918,33.654,34.175,34.769,34.707,33.981,33.953,33.529,33.327,34.189,34.975,35.195,35.154,35.064,35.002,35.092,35.105,35.517,35.592,35.619,35.578,35.565,35.489,35.435,35.517,35.38,35.393,35.325,35.366,35.448,35.455,35.489,35.489,35.476,35.428,35.462,35.435,35.462,35.51,35.524,35.558,35.585,35.606,35.64,35.647,35.647,35.66,35.64,35.612,35.565,35.496,35.352,35.222,35.092,34.906,34.789,34.713,34.665,34.465,34.479,34.389,34.361,34.195,34.112,34.002,33.863,33.633,33.543,33.152,32.957,33.236,33.564,33.543,33.355,32.711,32.655,32.571,32.367,32.17,32.015,31.633,31.264,30.993,30.565,29.768,27.141,25.398,24.818,24.712,24.53,24.454,24.394,24.356,24.31,24.272,24.196,24.143,24.082,24.044,24.044,23.991,23.93,23.899,23.877,23.854,23.816,23.793,23.77,23.747,23.716,23.701,23.632,23.632,23.602,23.571,23.564,23.571,23.564,23.548,23.525,23.495,23.472,23.433,23.418,23.403,23.395,23.38,23.38,23.341,23.334,23.326,23.311,23.303,23.288,23.272,23.257,23.249,23.226,23.234,23.211,23.196,23.196,23.18,23.18,23.15,23.119,23.127,23.119,23.096,23.096,23.088,23.073,23.065,23.065,23.05,23.081,23.058,23.05,23.05,23.042,23.011,23.019,23.027,23.042,23.05,23.042,23.034,23.027,23.011,23.011,23.011,23.004,23.004,22.973,22.973,22.965,22.958,22.942,22.95,22.965,22.965,22.973,22.958,22.958,22.965,22.942,22.95,22.958,22.95,22.934,22.942,22.95,22.927,22.919,22.919,22.927,22.904,22.927,22.904,22.919,22.904,22.888,22.881,22.873,22.85,22.827,22.834,22.834,22.804,22.811,22.904,22.827,22.834,22.834,22.827,22.827,22.811,22.804,22.788,22.788,22.78,22.78,22.78,22.765,22.757,22.727,22.719,22.711,22.673,22.665,22.68,22.68,22.68,22.696,22.711,22.703,22.711,22.727,22.703,22.688,22.703,22.68,22.649,22.657,22.657,22.649,22.657,22.649,22.657,22.642,22.634,22.634,22.611,22.603,22.611,22.642,22.634,22.634,22.634,22.634,22.619,22.611,22.603,22.595,22.603,22.634,22.619,22.611,22.611,22.588,22.564,22.549,22.526,22.541,22.526,22.557,22.557,22.557,22.572,22.557,22.549,22.526,22.541,22.51,22.526,22.534,22.541,22.534,22.526,22.526,22.534,22.549,22.557,22.541,22.557,22.557,22.549,22.541,22.534,22.541,22.541,22.479,22.526,22.464,22.51,22.526,22.51,22.534,22.534,22.541,22.557,22.557,22.534,22.564,22.572,22.572,22.557,22.564,22.572,22.557,22.564,22.564,22.58,22.588,22.58,22.595
,22.34,22.34,22.34,22.34,22.332,22.325,22.34,22.286,22.286,22.309,22.332,22.34,22.332,22.325,22.34,22.34,22.34,22.348,22.363,22.371,22.356,22.348,22.379,22.371,22.34,22.34,22.348,22.363,22.348,22.363,22.356,22.34,22.332,22.356,22.356,22.356,22.34,22.34,22.348,22.325,22.332,22.348,22.34,22.356,22.363,22.379,22.356,22.348,22.332,22.348,22.356,22.402,22.394,22.394,22.387,22.418,22.387,22.433,22.418,22.441,22.441,22.441,22.433,22.441,22.433,22.441,22.487,22.456,22.495,22.495,22.503,22.503,22.487,22.464,22.464,22.487,22.449,22.534,22.51,22.534,22.503,22.51,22.51,22.526,22.518,22.518,22.518,22.503,22.51,22.503,22.518,22.51,22.534,22.572,22.518,22.564,22.557,22.564,22.58,22.58,22.603,22.603,22.603,22.595,22.603,22.611,22.603,22.642,22.634,22.649,22.649,22.657,22.642,22.665,22.649,22.68,22.673,22.665,22.68,22.696,22.642,22.657,22.657,22.688,22.696,22.688,22.68,22.711,22.703,22.719,22.734,22.742,22.742,22.727,22.734,22.711,22.719,22.742,22.75,22.75,22.75,22.757,22.75,22.742,22.727,22.727,22.75,22.765,22.773,22.788,22.788,22.811,22.819,22.819,22.858,22.858,22.842,22.85,22.865,22.858,22.896,22.911,22.927,22.934,22.95,22.965,22.981,22.988,23.019,23.011,23.034,23.034,23.05,23.065,23.081,23.111,23.142,23.127,23.165,23.173,23.203,23.219,23.234,23.265,23.288,23.296,23.326,23.349,23.364,23.41,23.418,23.456,23.51,23.525,23.541,23.556,23.564,23.632,23.678,23.755,23.793,23.846,23.869,23.907,23.953,23.998,24.029,24.143,24.143,24.348,24.439,24.5,24.704,25.195,26.414,29.153,30.801,31.555,31.852,32.346,32.62,32.676,32.781,32.858,32.964,33.341,33.487,33.897,34.002,34.064,34.092,33.988,34.015,33.953,33.661,33.445,33.529,34.071,34.638,34.769,34.769,34.858,34.913,35.002,35.208,35.27,35.435,35.469,35.51,35.517,35.428,35.455,35.366,35.407,35.455,35.517,35.606,35.66,35.715,35.756,35.913,35.995,36.001,36.029,35.981,35.954,35.913,35.886,35.845,35.817,35.817,35.851,35.872,35.892,35.94,35.96,35.988,36.042,36.056,36.049,36.063,36.124,36.165,36.076,36.117,36.09,36.185,36.09,35.79,34.769,34.05,33.807,33.911,34.348,34.727,35.023,35.243,35.414,35.414,35.352,34.562,34.665,34.762,34.41,34.658,34.32,34.182,34.154,34.251,34.541,34.541,34.548,34.465,34.182,34.008,34.251,34.576,34.686,34.72,33.974,33.515,33.061,32.458,32.367,34.147,35.119,35.236,35.435,35.455,35.517,35.537,35.544,35.53,35.496,35.482,35.421,35.366,35.346,35.318,35.243,35.229,35.366,35.291,35.311,35.4,35.469,35.441,35.393,35.38,35.421,35.4,35.428,35.448,35.503,35.544,35.578,35.571,35.612,35.626,35.64,35.66,35.626,35.585,35.53,35.462,35.366,35.243,35.195,34.982,34.824,34.734,34.769,34.582,34.562,34.458,34.299,34.244,34.078,33.96,33.835,33.619,33.452,33.145,33.11,33.39,33.515,33.522,33.411,32.634,32.346,32.254,31.923,31.972,31.838,31.335,31.036,30.936,30.364,28.732,25.93,25.021,24.833,24.712,24.462,24.477,24.386,24.341,24.31,24.257,24.196,24.135,24.12,24.044,24.021,23.968,23.922,23.907,23.877,23.846,23.823,23.785,23.762,23.724,23.709,23.678,23.64,23.625,23.602,23.586,23.579,23.571,23.541,23.564,23.518,23.495,23.479,23.433,23.433,23.403,23.387,23.372,23.372,23.349,23.372,23.334,23.326,23.311,23.303,23.288,23.257,23.257,23.234,23.219,23.234,23.188,23.219,23.188,23.18,23.15,23.134,23.127,23.104,23.111,23.081,23.081,23.073,23.065,23.081,23.081,23.081,23.05,23.05,23.058,23.05,23.034,23.027,23.034,23.042,23.05,23.05,23.034,23.034,23.027,23.019,23.027,23.011,23.004,22.996,22.981,22.965,22.958,22.95,22.958,22.965,22.965,22.973,22.965,22.958,22.958,22.95,22.942,22.934,22.927,22.942,22.934,22.942,22.927,22.927,22.911,22.911,22.911,22.904,22.911,22.919,22.904,22.888,22.888,22.842,22.842,22.827,22.834,22.819,22.834,22.834,22.827,22.827,22.842,22.827,22.834,22.819,22.811,22.788,22.788,22.796,22.788,22.773,22.773,22.75,22.757,22.742,22.719,22.719,22.703,22.696,22.68,22.68,22.688,22.696,22.696,22.703,22.703,22.696,22.734,22.703,22.673,22.673,22.657,22.657,22.665,22.665,22.657,22.657,22.657,22.642,22.619,22.619,22.619,22.619,22.642,22.634,22.626,22.642,22.634,22.642,22.634,22.611,22.603,22.603,22.611,22.634,22.611,22.611,22.595,22.58,22.541,22.534,22.541,22.541,22.541,22.557,22.572,22.595,22.595,22.58,22.557,22.549,22.549,22.541,22.526,22.541,22.549,22.541,22.549,22.549,22.541,22.541,22.549,22.572,22.564,22.549,22.549,22.541,22.534,22.534,22.526,22.487,22.518,22.495,22.518,22.503,22.51,22.526,22.541,22.549,22.541,22.549,22.572,22.572,22.595,22.619,22.572,22.564,22.572,22.564,22.564,22.58,22.564,22.572,22.572,22.557
,22.317,22.317,22.332,22.348,22.325,22.302,22.302,22.302,22.302,22.309,22.325,22.317,22.325,22.348,22.34,22.332,22.371,22.379,22.356,22.371,22.356,22.348,22.325,22.34,22.332,22.348,22.348,22.348,22.394,22.34,22.332,22.332,22.348,22.356,22.348,22.348,22.348,22.325,22.325,22.317,22.34,22.34,22.356,22.363,22.363,22.379,22.34,22.356,22.34,22.34,22.371,22.371,22.394,22.425,22.433,22.41,22.394,22.418,22.425,22.425,22.449,22.441,22.433,22.425,22.425,22.433,22.472,22.464,22.518,22.487,22.51,22.51,22.487,22.472,22.464,22.441,22.51,22.472,22.487,22.449,22.464,22.51,22.51,22.534,22.526,22.526,22.518,22.495,22.534,22.503,22.526,22.51,22.549,22.557,22.549,22.549,22.549,22.572,22.572,22.595,22.595,22.588,22.611,22.58,22.603,22.595,22.603,22.642,22.626,22.657,22.626,22.649,22.634,22.634,22.634,22.634,22.673,22.688,22.68,22.649,22.626,22.657,22.657,22.657,22.68,22.688,22.688,22.688,22.696,22.703,22.719,22.734,22.742,22.75,22.711,22.727,22.703,22.734,22.75,22.75,22.757,22.757,22.757,22.757,22.742,22.75,22.75,22.765,22.78,22.804,22.796,22.804,22.811,22.842,22.842,22.842,22.834,22.834,22.85,22.873,22.904,22.904,22.911,22.911,22.934,22.95,22.973,22.981,22.996,23.011,23.004,23.034,23.034,23.058,23.081,23.081,23.111,23.134,23.157,23.173,23.196,23.203,23.226,23.257,23.288,23.296,23.334,23.349,23.357,23.387,23.433,23.472,23.502,23.51,23.548,23.579,23.586,23.663,23.693,23.724,23.762,23.793,23.892,23.892,23.976,23.976,24.052,24.166,24.181,24.196,24.356,24.454,24.56,25.082,25.705,27.451,29.825,31.328,31.831,32.374,32.472,32.487,32.69,32.767,32.977,33.159,33.299,33.424,33.932,33.995,33.995,33.967,34.029,33.981,33.835,33.487,33.445,33.536,34.582,34.686,34.748,34.707,34.837,34.927,35.071,35.181,35.421,35.517,35.537,35.578,35.51,35.537,35.496,35.517,35.524,35.578,35.647,35.674,35.756,35.872,35.96,36.001,35.974,35.988,36.008,35.974,35.94,35.913,35.851,35.851,35.858,35.879,35.926,35.981,35.988,35.995,36.049,36.056,36.049,36.001,36.063,36.056,35.947,35.933,35.967,35.988,36.056,36.069,35.995,35.926,35.38,34.741,34.741,34.7,35.078,35.311,35.441,35.4,35.428,35.119,34.672,34.334,34.092,34.327,34.7,34.458,34.32,34.147,34.189,34.479,34.527,34.52,34.493,34.424,34.202,34.002,33.988,33.946,33.891,33.939,33.096,32.353,31.654,31.505,31.484,33.054,34.161,34.927,35.195,35.119,35.057,35.25,35.373,35.428,35.414,35.352,35.202,35.208,35.181,35.133,35.181,35.236,35.263,35.346,35.346,35.38,35.38,35.366,35.366,35.359,35.359,35.414,35.435,35.462,35.503,35.537,35.551,35.592,35.599,35.612,35.612,35.612,35.558,35.482,35.476,35.393,35.236,35.14,35.037,34.961,34.817,34.789,34.672,34.534,34.5,34.313,34.126,34.015,33.974,33.821,33.633,33.438,33.222,33.222,33.494,33.543,33.473,32.781,32.388,32.092,31.902,31.611,31.427,31.342,31.164,30.965,30.686,29.984,27.421,25.353,24.984,24.765,24.606,24.462,24.416,24.341,24.318,24.287,24.234,24.211,24.105,24.052,24.006,23.983,23.96,23.915,23.892,23.869,23.831,23.808,23.777,23.755,23.724,23.724,23.671,23.663,23.625,23.617,23.594,23.586,23.548,23.548,23.51,23.495,23.495,23.464,23.449,23.441,23.418,23.395,23.387,23.387,23.364,23.349,23.349,23.334,23.319,23.311,23.296,23.272,23.272,23.249,23.226,23.226,23.203,23.211,23.203,23.188,23.157,23.142,23.119,23.119,23.119,23.096,23.073,23.073,23.065,23.065,23.065,23.065,23.081,23.073,23.058,23.042,23.058,23.05,23.065,23.042,23.05,23.042,23.042,23.034,23.034,23.019,23.042,23.05,23.004,23.004,22.988,22.973,22.965,22.958,22.958,22.965,22.973,22.973,22.981,22.965,22.965,22.965,22.95,22.934,22.927,22.927,22.934,22.942,22.934,22.934,22.896,22.881,22.896,22.896,22.896,22.904,22.904,22.896,22.858,22.834,22.858,22.834,22.834,22.85,22.827,22.842,22.819,22.834,22.834,22.834,22.827,22.827,22.804,22.78,22.773,22.765,22.773,22.757,22.757,22.75,22.742,22.727,22.727,22.727,22.711,22.703,22.696,22.68,22.688,22.688,22.68,22.688,22.688,22.665,22.68,22.665,22.657,22.649,22.657,22.673,22.665,22.673,22.657,22.642,22.642,22.626,22.619,22.58,22.611,22.588,22.611,22.634,22.626,22.642,22.634,22.619,22.619,22.603,22.611,22.611,22.619,22.611,22.619,22.626,22.603,22.588,22.534,22.549,22.541,22.557,22.549,22.58,22.588,22.572,22.588,22.572,22.564,22.557,22.541,22.526,22.572,22.526,22.526,22.534,22.557,22.549,22.541,22.541,22.564,22.572,22.541,22.549,22.549,22.541,22.534,22.51,22.518,22.526,22.51,22.541,22.51,22.518,22.534,22.534,22.526,22.541,22.564,22.557,22.572,22.572,22.58,22.588,22.564,22.588,22.619,22.564,22.595,22.58,22.58,22.564,22.549,22.503
,22.325,22.317,22.309,22.317,22.317,22.317,22.294,22.302,22.294,22.309,22.309,22.317,22.325,22.356,22.348,22.356,22.363,22.363,22.363,22.363,22.363,22.332,22.34,22.317,22.325,22.325,22.363,22.363,22.356,22.325,22.348,22.332,22.332,22.371,22.34,22.332,22.332,22.317,22.317,22.309,22.325,22.317,22.325,22.356,22.356,22.379,22.348,22.332,22.348,22.356,22.371,22.379,22.418,22.402,22.402,22.425,22.402,22.41,22.418,22.41,22.433,22.441,22.425,22.425,22.425,22.456,22.456,22.472,22.503,22.41,22.479,22.503,22.495,22.464,22.464,22.433,22.433,22.456,22.464,22.464,22.495,22.472,22.518,22.526,22.526,22.534,22.518,22.495,22.503,22.487,22.51,22.518,22.51,22.541,22.541,22.541,22.549,22.564,22.58,22.58,22.588,22.58,22.572,22.603,22.603,22.603,22.626,22.634,22.657,22.649,22.634,22.642,22.634,22.642,22.626,22.642,22.665,22.649,22.649,22.649,22.657,22.634,22.68,22.665,22.68,22.688,22.665,22.68,22.665,22.696,22.719,22.734,22.742,22.727,22.719,22.711,22.703,22.703,22.727,22.742,22.742,22.727,22.75,22.734,22.742,22.757,22.765,22.788,22.78,22.796,22.811,22.804,22.827,22.827,22.834,22.834,22.858,22.85,22.896,22.881,22.904,22.904,22.896,22.927,22.927,22.942,22.919,22.965,22.981,22.996,23.004,23.027,23.042,23.073,23.081,23.081,23.104,23.119,23.127,23.18,23.173,23.203,23.219,23.242,23.272,23.311,23.341,23.349,23.326,23.403,23.41,23.464,23.495,23.518,23.548,23.586,23.586,23.617,23.693,23.709,23.755,23.793,23.838,23.892,23.922,23.976,24.006,24.09,24.128,24.181,24.325,24.348,24.439,24.644,25.097,26.459,28.521,31.178,31.696,32.007,32.346,32.543,32.585,32.648,32.823,32.928,33.271,33.362,33.578,33.904,33.918,33.946,33.96,33.925,33.87,33.633,33.424,33.585,34.417,34.582,34.686,34.72,34.775,34.831,34.906,35.208,35.373,35.517,35.571,35.585,35.571,35.544,35.517,35.565,35.571,35.66,35.715,35.742,35.79,35.879,35.954,36.008,36.035,35.933,35.995,35.967,35.947,35.92,35.906,35.886,35.913,35.899,35.933,36.022,36.083,36.131,36.097,36.056,36.042,35.988,35.967,35.967,35.899,35.899,35.879,35.974,35.96,35.988,35.974,35.94,35.892,35.729,35.688,35.571,35.51,35.469,35.435,35.387,35.25,34.534,33.877,33.243,34.327,34.727,34.7,34.534,34.493,34.465,34.513,34.272,34.493,34.486,34.493,34.32,33.925,33.201,33.124,33.647,33.068,32.914,32.964,32.494,31.363,30.922,30.758,31.043,32.261,32.991,34.126,34.202,34.244,34.906,35.325,35.393,35.366,35.229,35.099,35.023,35.078,35.085,35.16,35.154,35.215,35.215,35.284,35.304,35.352,35.352,35.359,35.366,35.373,35.38,35.421,35.469,35.496,35.524,35.565,35.585,35.619,35.626,35.626,35.599,35.578,35.496,35.469,35.366,35.263,35.174,35.051,34.975,34.92,34.851,34.734,34.686,34.52,34.431,34.258,34.099,33.995,33.863,33.689,33.39,33.208,33.348,33.501,33.522,33.411,32.823,32.254,31.689,31.618,31.37,30.993,31.093,30.829,30.479,30.185,28.717,25.922,25.082,24.825,24.613,24.485,24.492,24.379,24.333,24.303,24.265,24.211,24.181,24.143,24.067,24.014,23.968,23.938,23.907,23.892,23.861,23.823,23.8,23.777,23.739,23.724,23.701,23.693,23.663,23.64,23.625,23.602,23.579,23.541,23.533,23.502,23.472,23.487,23.464,23.449,23.433,23.403,23.387,23.38,23.372,23.364,23.372,23.357,23.341,23.311,23.311,23.303,23.265,23.28,23.234,23.234,23.226,23.226,23.211,23.196,23.203,23.173,23.165,23.15,23.142,23.127,23.119,23.096,23.081,23.05,23.058,23.058,23.058,23.065,23.065,23.081,23.088,23.081,23.065,23.058,23.05,23.05,23.042,23.042,23.034,23.019,23.042,23.027,23.027,23.034,23.019,23.011,22.988,22.981,22.965,22.965,22.965,22.973,22.973,22.973,22.958,22.958,22.95,22.942,22.934,22.927,22.927,22.919,22.919,22.95,22.904,22.896,22.888,22.888,22.896,22.919,22.904,22.904,22.888,22.834,22.858,22.834,22.827,22.827,22.834,22.827,22.85,22.858,22.819,22.858,22.85,22.842,22.827,22.811,22.78,22.773,22.742,22.742,22.75,22.734,22.75,22.75,22.719,22.734,22.734,22.703,22.68,22.703,22.68,22.68,22.68,22.68,22.665,22.665,22.649,22.657,22.649,22.642,22.657,22.657,22.649,22.657,22.665,22.642,22.673,22.642,22.619,22.611,22.611,22.619,22.626,22.626,22.626,22.611,22.619,22.603,22.611,22.611,22.603,22.603,22.611,22.611,22.603,22.619,22.564,22.51,22.557,22.58,22.534,22.526,22.534,22.557,22.58,22.572,22.588,22.572,22.58,22.58,22.557,22.549,22.534,22.541,22.549,22.526,22.541,22.549,22.564,22.564,22.557,22.557,22.549,22.564,22.564,22.541,22.534,22.541,22.51,22.518,22.518,22.487,22.534,22.503,22.479,22.518,22.534,22.564,22.564,22.564,22.572,22.564,22.564,22.572,22.595,22.595,22.58,22.564,22.603,22.595,22.603,22.58,22.572,22.541,22.51
,22.278,22.317,22.309,22.309,22.309,22.309,22.294,22.325,22.325,22.309,22.302,22.317,22.325,22.332,22.332,22.363,22.356,22.356,22.348,22.34,22.34,22.34,22.317,22.325,22.325,22.325,22.363,22.34,22.379,22.363,22.325,22.332,22.332,22.348,22.348,22.325,22.317,22.309,22.309,22.309,22.325,22.332,22.332,22.34,22.348,22.363,22.348,22.34,22.34,22.363,22.387,22.394,22.387,22.402,22.41,22.41,22.425,22.418,22.41,22.418,22.41,22.418,22.418,22.425,22.449,22.456,22.425,22.472,22.472,22.487,22.472,22.472,22.464,22.464,22.441,22.449,22.441,22.418,22.441,22.472,22.472,22.479,22.503,22.541,22.534,22.526,22.518,22.518,22.503,22.503,22.518,22.534,22.541,22.541,22.526,22.534,22.534,22.549,22.572,22.58,22.572,22.564,22.588,22.595,22.58,22.611,22.619,22.626,22.657,22.673,22.642,22.619,22.642,22.626,22.642,22.634,22.642,22.649,22.642,22.642,22.688,22.626,22.703,22.665,22.68,22.696,22.68,22.665,22.68,22.68,22.711,22.727,22.734,22.734,22.719,22.719,22.696,22.711,22.711,22.703,22.757,22.75,22.757,22.757,22.765,22.773,22.757,22.788,22.788,22.804,22.819,22.811,22.834,22.811,22.85,22.865,22.834,22.85,22.881,22.888,22.911,22.896,22.911,22.919,22.934,22.95,22.958,22.958,22.973,22.981,23.004,23.027,23.05,23.065,23.088,23.088,23.096,23.119,23.142,23.157,23.173,23.188,23.211,23.249,23.288,23.326,23.341,23.349,23.357,23.387,23.418,23.456,23.51,23.525,23.556,23.602,23.625,23.663,23.709,23.716,23.77,23.808,23.816,23.877,23.915,23.976,24.021,24.059,24.105,24.173,24.249,24.356,24.447,24.651,25.006,25.69,27.671,30.736,31.569,31.93,32.261,32.458,32.494,32.522,32.69,32.795,33.012,33.159,33.362,33.842,33.953,33.953,33.925,33.974,33.759,33.64,33.48,33.55,34.182,34.52,34.665,34.72,34.769,34.762,34.879,35.03,35.352,35.544,35.592,35.571,35.565,35.571,35.571,35.578,35.633,35.701,35.701,35.776,35.81,35.892,35.954,36.001,35.995,35.988,35.995,35.981,35.954,35.94,35.92,35.899,35.92,35.94,35.967,36.042,36.076,36.165,36.172,36.083,36.029,35.967,35.906,35.899,35.872,35.845,35.886,35.92,35.926,35.954,35.954,35.92,35.865,35.824,35.804,35.53,35.387,35.099,34.548,34.119,33.974,33.925,33.208,33.918,34.672,34.679,34.237,34.237,34.313,34.451,33.967,33.675,34.022,34.064,34.306,34.244,33.939,33.117,32.346,33.089,33.019,32.472,33.047,33.026,31.505,30.843,30.765,30.07,31.192,31.285,32.254,32.914,32.998,34.382,35.202,35.304,35.311,35.154,35.085,35.016,35.016,35.057,35.099,35.119,35.126,35.147,35.181,35.25,35.277,35.318,35.366,35.359,35.366,35.346,35.393,35.448,35.489,35.53,35.558,35.585,35.592,35.606,35.606,35.606,35.565,35.517,35.503,35.414,35.284,35.181,35.119,35.057,34.982,34.961,34.858,34.734,34.624,34.41,34.375,34.105,33.96,33.918,33.759,33.445,33.48,33.473,33.543,33.494,33.355,32.746,32.029,31.725,31.356,31.036,30.851,30.643,30.543,30.206,29.146,26.689,25.345,24.931,24.682,24.583,24.492,24.379,24.348,24.325,24.295,24.242,24.227,24.181,24.128,24.052,23.998,23.953,23.938,23.915,23.884,23.861,23.823,23.8,23.77,23.747,23.724,23.693,23.671,23.655,23.632,23.609,23.571,23.571,23.548,23.541,23.525,23.495,23.472,23.464,23.456,23.426,23.41,23.387,23.38,23.38,23.364,23.364,23.364,23.319,23.311,23.303,23.288,23.288,23.265,23.249,23.226,23.234,23.226,23.196,23.203,23.18,23.18,23.157,23.15,23.119,23.134,23.119,23.096,23.081,23.05,23.073,23.058,23.065,23.081,23.065,23.073,23.073,23.073,23.088,23.073,23.05,23.042,23.042,23.034,23.042,23.027,23.034,23.019,23.042,23.027,23.034,22.988,22.988,22.973,22.965,22.973,22.981,22.973,22.981,22.965,22.958,22.927,22.95,22.934,22.934,22.927,22.919,22.919,22.927,22.942,22.904,22.904,22.911,22.896,22.927,22.911,22.896,22.904,22.911,22.881,22.85,22.85,22.842,22.834,22.827,22.811,22.834,22.834,22.858,22.865,22.834,22.827,22.819,22.788,22.765,22.75,22.765,22.719,22.742,22.734,22.742,22.742,22.719,22.773,22.696,22.673,22.703,22.673,22.68,22.68,22.688,22.665,22.665,22.657,22.634,22.642,22.642,22.649,22.657,22.657,22.665,22.665,22.665,22.657,22.642,22.611,22.603,22.611,22.595,22.619,22.626,22.626,22.619,22.603,22.619,22.611,22.603,22.619,22.595,22.619,22.619,22.595,22.595,22.595,22.572,22.564,22.549,22.549,22.557,22.549,22.541,22.564,22.564,22.58,22.58,22.572,22.588,22.564,22.564,22.534,22.518,22.51,22.518,22.534,22.541,22.557,22.564,22.557,22.572,22.557,22.557,22.557,22.557,22.557,22.534,22.51,22.503,22.518,22.495,22.495,22.503,22.518,22.518,22.541,22.557,22.564,22.572,22.564,22.58,22.595,22.572,22.58,22.58,22.619,22.595,22.626,22.626,22.619,22.619,22.595,22.58,22.588,22.541
,22.302,22.309,22.302,22.302,22.302,22.302,22.309,22.286,22.317,22.309,22.317,22.332,22.34,22.34,22.332,22.332,22.34,22.34,22.348,22.348,22.332,22.325,22.317,22.294,22.294,22.294,22.309,22.348,22.332,22.317,22.317,22.317,22.325,22.325,22.332,22.325,22.309,22.317,22.294,22.302,22.309,22.317,22.317,22.332,22.302,22.325,22.332,22.348,22.371,22.356,22.387,22.394,22.387,22.387,22.402,22.402,22.41,22.425,22.425,22.425,22.402,22.402,22.418,22.425,22.418,22.464,22.433,22.479,22.456,22.449,22.464,22.456,22.479,22.456,22.441,22.456,22.402,22.418,22.441,22.456,22.479,22.479,22.495,22.526,22.549,22.541,22.526,22.503,22.503,22.534,22.526,22.549,22.541,22.541,22.518,22.534,22.541,22.541,22.549,22.564,22.572,22.549,22.588,22.564,22.58,22.595,22.611,22.634,22.626,22.634,22.634,22.657,22.634,22.634,22.634,22.619,22.626,22.626,22.634,22.649,22.642,22.688,22.649,22.673,22.665,22.688,22.673,22.657,22.665,22.665,22.703,22.719,22.719,22.719,22.696,22.696,22.711,22.688,22.703,22.719,22.734,22.757,22.75,22.757,22.765,22.773,22.773,22.78,22.78,22.796,22.788,22.811,22.819,22.858,22.834,22.827,22.842,22.842,22.873,22.881,22.896,22.904,22.919,22.896,22.919,22.942,22.95,22.973,22.981,22.973,22.996,23.011,23.042,23.065,23.073,23.081,23.096,23.104,23.119,23.15,23.173,23.196,23.219,23.242,23.303,23.326,23.341,23.357,23.372,23.372,23.41,23.433,23.479,23.518,23.556,23.594,23.617,23.663,23.686,23.716,23.747,23.793,23.823,23.877,23.922,23.945,24.014,24.052,24.113,24.166,24.234,24.31,24.432,24.454,24.75,25.413,26.986,29.905,31.228,31.661,32.043,32.085,32.12,32.346,32.402,32.669,32.823,32.971,33.222,33.613,33.842,33.904,33.897,33.897,33.786,33.613,33.515,33.564,33.849,34.355,34.569,34.658,34.72,34.7,34.817,34.989,35.277,35.51,35.592,35.571,35.571,35.585,35.592,35.592,35.653,35.722,35.715,35.776,35.824,35.892,35.954,35.967,35.974,35.974,35.967,35.96,35.947,35.954,35.94,35.913,35.913,35.96,36.042,36.035,36.124,36.138,36.097,36.035,36.001,35.913,35.845,35.804,35.735,35.838,35.858,35.879,35.899,35.92,35.886,35.865,35.845,35.81,35.373,34.693,34.396,33.925,33.786,33.925,33.884,33.187,33.166,33.967,34.272,33.647,33.411,33.626,33.515,33.075,32.149,32.409,33.48,33.946,34.348,34.078,33.55,33.145,32.05,32.318,32.444,31.732,31.986,33.159,32.487,31.178,30.113,29.804,30.751,30.701,30.5,31.171,32.957,34.431,35.092,35.236,35.208,35.112,35.044,35.002,35.03,35.009,35.057,35.064,35.085,35.085,35.119,35.147,35.284,35.318,35.346,35.352,35.332,35.359,35.373,35.441,35.462,35.489,35.53,35.537,35.578,35.592,35.592,35.592,35.558,35.51,35.435,35.366,35.318,35.284,35.277,35.14,35.051,34.941,34.947,34.803,34.651,34.534,34.334,34.237,34.092,34.008,33.766,33.564,33.494,33.578,33.633,33.55,33.187,32.479,31.831,31.242,31.114,30.808,30.558,30.493,30.027,29.782,27.811,25.6,24.991,24.772,24.591,24.636,24.454,24.394,24.341,24.325,24.295,24.249,24.181,24.158,24.113,24.059,24.021,23.953,23.915,23.869,23.854,23.831,23.816,23.8,23.77,23.747,23.724,23.686,23.671,23.64,23.625,23.609,23.586,23.571,23.556,23.548,23.502,23.502,23.487,23.456,23.433,23.433,23.403,23.38,23.395,23.372,23.349,23.349,23.326,23.319,23.303,23.296,23.28,23.265,23.28,23.257,23.242,23.219,23.219,23.211,23.196,23.188,23.165,23.173,23.157,23.142,23.142,23.127,23.111,23.065,23.058,23.058,23.058,23.058,23.081,23.073,23.081,23.073,23.065,23.073,23.073,23.073,23.065,23.058,23.034,23.034,23.027,23.034,23.034,23.027,23.027,23.011,23.011,22.996,22.981,22.981,22.973,22.965,22.965,22.965,22.95,22.965,22.934,22.958,22.95,22.934,22.942,22.927,22.911,22.934,22.911,22.919,22.919,22.904,22.896,22.911,22.919,22.911,22.904,22.888,22.873,22.858,22.834,22.811,22.842,22.834,22.819,22.811,22.788,22.773,22.827,22.834,22.811,22.811,22.804,22.765,22.742,22.719,22.727,22.734,22.719,22.727,22.734,22.719,22.711,22.665,22.68,22.696,22.703,22.696,22.673,22.696,22.657,22.665,22.665,22.649,22.657,22.649,22.642,22.657,22.642,22.649,22.673,22.634,22.619,22.626,22.626,22.603,22.564,22.603,22.603,22.619,22.626,22.619,22.603,22.603,22.595,22.595,22.603,22.603,22.603,22.603,22.595,22.595,22.572,22.557,22.572,22.557,22.541,22.549,22.541,22.557,22.549,22.557,22.58,22.564,22.564,22.564,22.557,22.549,22.526,22.51,22.526,22.503,22.518,22.557,22.564,22.58,22.557,22.572,22.549,22.557,22.549,22.549,22.564,22.549,22.534,22.495,22.503,22.503,22.495,22.503,22.518,22.541,22.487,22.572,22.58,22.564,22.595,22.58,22.588,22.572,22.595,22.603,22.58,22.595,22.619,22.619,22.611,22.626,22.603,22.58,22.564,22.564
,22.309,22.294,22.302,22.302,22.309,22.309,22.278,22.294,22.271,22.302,22.325,22.34,22.325,22.325,22.317,22.325,22.34,22.325,22.332,22.332,22.332,22.325,22.317,22.309,22.309,22.294,22.294,22.317,22.325,22.309,22.325,22.34,22.325,22.325,22.332,22.317,22.309,22.309,22.309,22.325,22.332,22.271,22.309,22.332,22.317,22.34,22.332,22.325,22.379,22.363,22.379,22.379,22.371,22.363,22.371,22.394,22.41,22.41,22.418,22.418,22.41,22.425,22.418,22.425,22.449,22.449,22.464,22.456,22.449,22.433,22.464,22.456,22.456,22.456,22.464,22.441,22.433,22.456,22.449,22.464,22.479,22.479,22.495,22.541,22.534,22.526,22.534,22.518,22.534,22.541,22.549,22.549,22.549,22.534,22.518,22.51,22.534,22.526,22.534,22.564,22.58,22.564,22.564,22.58,22.588,22.603,22.611,22.603,22.603,22.626,22.619,22.611,22.642,22.619,22.626,22.626,22.634,22.657,22.642,22.657,22.619,22.634,22.649,22.696,22.665,22.673,22.665,22.657,22.673,22.665,22.703,22.719,22.711,22.711,22.688,22.688,22.68,22.688,22.719,22.711,22.719,22.727,22.757,22.757,22.757,22.773,22.765,22.765,22.78,22.78,22.773,22.804,22.811,22.827,22.819,22.85,22.85,22.865,22.873,22.896,22.896,22.904,22.904,22.927,22.919,22.934,22.95,22.965,22.973,22.981,22.981,23.019,23.019,23.065,23.073,23.096,23.096,23.104,23.134,23.157,23.18,23.219,23.226,23.257,23.296,23.326,23.341,23.357,23.38,23.38,23.418,23.441,23.479,23.518,23.556,23.602,23.602,23.648,23.655,23.716,23.747,23.793,23.831,23.854,23.899,23.938,23.991,24.059,24.097,24.151,24.257,24.318,24.348,24.47,24.613,24.833,25.69,27.745,30.565,31.271,31.718,31.866,31.845,31.859,32.007,32.416,32.613,32.837,32.957,33.411,33.786,33.821,33.849,33.884,33.807,33.731,33.592,33.459,33.661,34.251,34.438,34.603,34.679,34.679,34.769,34.851,35.25,35.503,35.544,35.565,35.578,35.592,35.606,35.66,35.688,35.756,35.797,35.838,35.858,35.899,35.96,35.967,35.96,35.954,35.947,35.954,35.94,35.933,35.913,35.913,35.92,35.933,36.022,36.056,36.083,36.124,36.117,35.988,35.886,35.845,35.749,35.756,35.729,35.79,35.838,35.865,35.872,35.865,35.879,35.838,35.81,35.756,35.448,35.243,34.817,34.002,33.592,33.925,33.131,33.152,33.48,33.863,33.564,32.62,32.781,33.376,32.149,31.136,31.121,32.071,33.661,34.493,34.741,34.32,33.264,32.515,31.958,32.007,32.388,31.923,31.377,32.606,33.082,31.824,31.143,30.048,30.522,30.743,30.679,31.448,33.005,34.168,34.396,34.244,35.009,34.679,34.775,35.009,34.996,35.002,35.016,35.009,35.009,35.064,35.092,35.16,35.215,35.284,35.325,35.366,35.373,35.387,35.407,35.414,35.448,35.476,35.53,35.544,35.565,35.585,35.585,35.592,35.524,35.53,35.455,35.4,35.352,35.284,35.256,35.215,35.105,35.044,34.968,34.879,34.7,34.465,34.327,34.133,34.078,34.064,33.828,33.696,33.501,33.661,33.571,33.362,33.11,32.24,31.696,31.143,30.936,30.55,30.429,30.106,29.789,28.199,25.892,25.082,24.878,24.689,24.576,24.492,24.424,24.371,24.333,24.325,24.287,24.257,24.204,24.135,24.113,24.082,24.021,23.953,23.945,23.915,23.869,23.838,23.816,23.8,23.77,23.755,23.724,23.693,23.655,23.625,23.609,23.602,23.586,23.571,23.548,23.533,23.533,23.502,23.472,23.449,23.433,23.426,23.395,23.387,23.364,23.349,23.341,23.326,23.319,23.303,23.288,23.28,23.272,23.265,23.257,23.272,23.242,23.211,23.219,23.203,23.196,23.203,23.18,23.142,23.127,23.157,23.134,23.119,23.111,23.088,23.065,23.073,23.081,23.088,23.096,23.081,23.073,23.088,23.073,23.096,23.088,23.073,23.073,23.065,23.05,23.042,23.042,23.042,23.034,23.034,23.027,23.027,23.034,23.011,22.988,22.965,22.981,22.973,22.965,22.973,22.942,22.965,22.95,22.934,22.95,22.942,22.942,22.927,22.934,22.919,22.896,22.927,22.919,22.904,22.911,22.911,22.904,22.911,22.911,22.888,22.873,22.858,22.834,22.819,22.834,22.827,22.819,22.811,22.819,22.773,22.834,22.827,22.811,22.811,22.796,22.788,22.757,22.719,22.711,22.719,22.734,22.734,22.719,22.703,22.703,22.688,22.68,22.68,22.665,22.688,22.703,22.68,22.665,22.665,22.665,22.673,22.657,22.642,22.642,22.642,22.649,22.642,22.657,22.642,22.634,22.611,22.588,22.603,22.619,22.58,22.611,22.619,22.619,22.611,22.611,22.595,22.603,22.595,22.611,22.611,22.611,22.611,22.58,22.58,22.595,22.557,22.549,22.549,22.534,22.549,22.557,22.549,22.557,22.549,22.557,22.564,22.564,22.572,22.549,22.549,22.549,22.503,22.495,22.51,22.518,22.541,22.564,22.564,22.58,22.557,22.557,22.541,22.541,22.557,22.557,22.549,22.534,22.526,22.518,22.518,22.495,22.526,22.526,22.518,22.503,22.534,22.572,22.611,22.557,22.611,22.611,22.611,22.626,22.619,22.564,22.595,22.588,22.611,22.634,22.595,22.626,22.588,22.58,22.588
,22.325,22.309,22.317,22.317,22.302,22.302,22.309,22.286,22.286,22.317,22.348,22.34,22.332,22.325,22.34,22.325,22.325,22.325,22.325,22.34,22.332,22.332,22.325,22.302,22.325,22.309,22.309,22.325,22.348,22.325,22.325,22.356,22.34,22.34,22.348,22.317,22.325,22.325,22.325,22.317,22.34,22.309,22.317,22.317,22.309,22.325,22.309,22.309,22.356,22.356,22.371,22.371,22.363,22.356,22.387,22.394,22.418,22.425,22.425,22.418,22.41,22.441,22.441,22.41,22.464,22.464,22.433,22.479,22.472,22.464,22.464,22.456,22.472,22.464,22.456,22.433,22.441,22.456,22.472,22.472,22.479,22.51,22.518,22.526,22.541,22.534,22.541,22.534,22.534,22.541,22.549,22.549,22.541,22.526,22.51,22.51,22.534,22.51,22.534,22.572,22.564,22.58,22.588,22.588,22.595,22.58,22.588,22.588,22.58,22.603,22.626,22.634,22.626,22.626,22.642,22.626,22.649,22.665,22.657,22.649,22.665,22.665,22.696,22.673,22.673,22.673,22.673,22.665,22.665,22.665,22.665,22.696,22.688,22.711,22.688,22.711,22.703,22.696,22.711,22.727,22.727,22.742,22.75,22.757,22.765,22.757,22.773,22.788,22.757,22.796,22.788,22.819,22.827,22.819,22.85,22.85,22.865,22.873,22.888,22.888,22.896,22.904,22.911,22.911,22.934,22.942,22.973,22.965,22.981,22.988,22.981,23.019,23.034,23.073,23.088,23.081,23.119,23.119,23.142,23.165,23.203,23.211,23.257,23.265,23.303,23.326,23.349,23.364,23.38,23.403,23.426,23.441,23.479,23.525,23.571,23.602,23.625,23.663,23.671,23.724,23.747,23.785,23.816,23.854,23.915,23.945,23.968,24.044,24.059,24.135,24.173,24.257,24.272,24.462,24.598,24.818,25.187,26.37,28.389,30.722,31.32,31.626,31.498,31.711,31.732,32.057,32.29,32.423,32.872,33.124,33.752,33.786,33.821,33.877,33.793,33.696,33.578,33.452,33.585,34.182,34.396,34.569,34.651,34.7,34.72,34.796,35.071,35.38,35.558,35.571,35.599,35.592,35.619,35.688,35.729,35.81,35.865,35.879,35.92,35.94,35.954,35.947,35.954,35.933,35.933,35.947,35.933,35.92,35.933,35.892,35.865,35.926,35.96,36.008,36.11,35.995,35.92,35.92,35.817,35.749,35.667,35.619,35.688,35.81,35.817,35.851,35.872,35.858,35.851,35.81,35.742,35.496,35.222,35.154,34.361,33.633,33.159,32.893,32.627,33.369,33.682,33.397,32.627,32.036,32.599,32.057,30.9,30.686,30.843,32.487,33.717,34.803,34.906,34.555,33.327,31.965,30.95,31.993,31.668,31.384,31.377,31.59,32.662,32.732,31.951,31.136,31.455,31.384,31.121,31.455,32.879,32.472,32.809,32.964,33.466,33.508,34.41,34.679,34.899,34.947,34.92,34.947,34.954,34.906,35.023,35.092,35.154,35.208,35.27,35.284,35.366,35.38,35.4,35.428,35.441,35.448,35.482,35.53,35.558,35.565,35.565,35.551,35.524,35.482,35.441,35.38,35.339,35.318,35.298,35.215,35.105,35.03,34.92,34.844,34.713,34.527,34.41,34.285,34.244,34.133,33.918,33.856,33.953,33.925,33.682,33.278,33.026,32.318,31.711,31.015,30.808,30.429,29.969,29.595,28.251,25.93,25.074,24.938,24.697,24.598,24.553,24.477,24.424,24.371,24.333,24.31,24.28,24.204,24.173,24.128,24.097,24.067,23.998,23.976,23.938,23.884,23.877,23.869,23.831,23.808,23.77,23.755,23.732,23.686,23.655,23.632,23.602,23.586,23.571,23.564,23.548,23.533,23.51,23.472,23.495,23.456,23.433,23.418,23.403,23.38,23.372,23.349,23.349,23.334,23.319,23.303,23.288,23.28,23.272,23.265,23.257,23.265,23.249,23.242,23.234,23.203,23.196,23.188,23.165,23.165,23.15,23.157,23.142,23.134,23.111,23.111,23.096,23.096,23.104,23.096,23.096,23.088,23.104,23.081,23.096,23.104,23.088,23.081,23.088,23.058,23.058,23.073,23.034,23.042,23.042,23.034,23.042,23.027,23.027,23.019,23.011,23.004,22.981,22.973,22.958,22.965,22.942,22.942,22.942,22.958,22.95,22.958,22.95,22.958,22.958,22.95,22.965,22.95,22.896,22.919,22.911,22.919,22.904,22.904,22.896,22.873,22.881,22.865,22.85,22.842,22.85,22.819,22.819,22.827,22.819,22.804,22.827,22.804,22.796,22.811,22.788,22.773,22.75,22.742,22.711,22.75,22.788,22.742,22.719,22.711,22.688,22.688,22.673,22.688,22.711,22.703,22.696,22.68,22.696,22.688,22.688,22.696,22.673,22.642,22.649,22.657,22.665,22.657,22.649,22.642,22.595,22.611,22.588,22.626,22.603,22.619,22.619,22.626,22.642,22.642,22.611,22.611,22.588,22.603,22.619,22.603,22.626,22.619,22.603,22.595,22.564,22.51,22.595,22.549,22.588,22.557,22.564,22.557,22.541,22.526,22.564,22.549,22.541,22.557,22.549,22.541,22.518,22.518,22.503,22.518,22.526,22.541,22.557,22.564,22.572,22.549,22.534,22.549,22.541,22.526,22.541,22.541,22.534,22.541,22.526,22.549,22.549,22.534,22.526,22.518,22.479,22.51,22.503,22.58,22.564,22.603,22.619,22.595,22.611,22.557,22.572,22.595,22.595,22.603,22.619,22.588,22.58,22.595,22.58,22.588
,22.34,22.332,22.34,22.317,22.294,22.325,22.317,22.317,22.325,22.332,22.325,22.332,22.34,22.332,22.34,22.317,22.34,22.34,22.356,22.348,22.34,22.332,22.332,22.302,22.317,22.317,22.325,22.363,22.348,22.325,22.348,22.34,22.356,22.348,22.34,22.286,22.294,22.317,22.325,22.332,22.34,22.325,22.317,22.309,22.317,22.317,22.309,22.325,22.348,22.332,22.356,22.363,22.363,22.371,22.387,22.394,22.425,22.425,22.425,22.425,22.441,22.418,22.449,22.433,22.441,22.456,22.441,22.464,22.464,22.464,22.464,22.464,22.472,22.479,22.472,22.479,22.472,22.456,22.472,22.472,22.503,22.487,22.51,22.526,22.526,22.541,22.549,22.557,22.541,22.541,22.541,22.534,22.518,22.534,22.51,22.503,22.541,22.526,22.557,22.588,22.58,22.595,22.58,22.58,22.588,22.58,22.572,22.588,22.588,22.603,22.611,22.634,22.626,22.634,22.626,22.642,22.657,22.657,22.665,22.673,22.703,22.673,22.68,22.688,22.657,22.649,22.665,22.657,22.657,22.657,22.68,22.673,22.703,22.696,22.696,22.711,22.696,22.696,22.711,22.727,22.734,22.742,22.742,22.742,22.75,22.765,22.75,22.75,22.765,22.773,22.811,22.827,22.819,22.834,22.85,22.881,22.873,22.881,22.888,22.888,22.896,22.896,22.904,22.904,22.927,22.942,22.95,22.965,23.004,22.973,22.996,23.019,23.011,23.058,23.073,23.096,23.119,23.127,23.15,23.188,23.18,23.188,23.257,23.28,23.311,23.334,23.349,23.364,23.38,23.395,23.418,23.449,23.472,23.518,23.541,23.594,23.609,23.64,23.693,23.724,23.755,23.808,23.8,23.846,23.899,23.93,24.006,24.037,24.067,24.128,24.204,24.219,24.265,24.401,24.485,24.689,24.886,25.036,26.392,29.37,30.736,31.114,31.214,31.32,31.484,31.859,32.029,32.092,32.451,32.837,33.397,33.661,33.752,33.814,33.759,33.71,33.592,33.487,33.55,33.911,34.299,34.541,34.624,34.686,34.734,34.782,34.941,35.147,35.476,35.537,35.558,35.612,35.606,35.667,35.742,35.831,35.879,35.913,35.933,35.947,35.94,35.933,35.926,35.926,35.92,35.926,35.94,35.926,35.933,35.892,35.851,35.899,35.892,35.933,35.988,35.933,35.96,35.845,35.708,35.667,35.612,35.64,35.708,35.797,35.831,35.858,35.879,35.831,35.797,35.729,35.339,35.154,34.582,34.389,33.668,32.767,32.571,32.078,32.739,33.229,33.313,33.18,32.064,31.817,31.732,30.801,30.829,30.829,30.979,32.683,33.731,34.996,35.092,34.507,34.078,33.089,31.306,31.128,31.007,30.321,30.271,30.278,31.533,32.613,31.604,31.533,32.071,31.519,31.171,32.134,32.76,32.339,32.24,31.47,32.057,32.029,33.026,33.348,33.814,34.5,34.375,34.306,34.299,34.41,34.555,34.831,35.112,35.174,35.181,35.346,35.38,35.414,35.428,35.421,35.441,35.441,35.462,35.51,35.551,35.53,35.551,35.51,35.469,35.421,35.4,35.373,35.346,35.332,35.318,35.263,35.099,35.051,34.947,34.837,34.734,34.513,34.438,34.355,34.223,34.092,34.015,33.904,33.974,34.002,33.807,33.11,32.921,31.767,31.05,30.751,30.422,29.976,29.269,27.928,25.907,25.104,25.006,24.757,24.666,24.545,24.492,24.439,24.424,24.379,24.356,24.287,24.265,24.196,24.166,24.135,24.075,24.044,24.021,23.983,23.93,23.915,23.877,23.846,23.831,23.823,23.785,23.747,23.724,23.686,23.648,23.632,23.594,23.579,23.571,23.548,23.525,23.533,23.51,23.487,23.479,23.464,23.441,23.418,23.403,23.395,23.357,23.341,23.341,23.319,23.311,23.296,23.288,23.288,23.28,23.296,23.288,23.265,23.28,23.265,23.234,23.211,23.211,23.203,23.188,23.157,23.15,23.157,23.142,23.134,23.127,23.119,23.119,23.104,23.111,23.096,23.104,23.096,23.104,23.104,23.088,23.119,23.104,23.096,23.073,23.073,23.081,23.065,23.058,23.058,23.042,23.05,23.042,23.042,23.034,23.034,23.019,23.004,22.981,22.981,22.965,22.958,22.95,22.942,22.958,22.95,22.958,22.958,22.973,22.927,22.911,22.942,22.958,22.927,22.934,22.919,22.911,22.904,22.888,22.888,22.881,22.873,22.873,22.858,22.85,22.858,22.842,22.834,22.819,22.827,22.804,22.804,22.811,22.834,22.819,22.804,22.788,22.757,22.757,22.734,22.727,22.734,22.719,22.727,22.757,22.703,22.703,22.696,22.688,22.696,22.703,22.734,22.711,22.68,22.688,22.688,22.68,22.68,22.68,22.673,22.657,22.649,22.634,22.634,22.68,22.626,22.619,22.626,22.626,22.619,22.595,22.619,22.626,22.634,22.642,22.634,22.634,22.619,22.619,22.619,22.611,22.611,22.626,22.611,22.595,22.588,22.572,22.588,22.588,22.611,22.611,22.549,22.564,22.549,22.541,22.526,22.51,22.526,22.534,22.534,22.534,22.549,22.541,22.534,22.51,22.518,22.541,22.541,22.541,22.549,22.534,22.541,22.557,22.526,22.534,22.526,22.526,22.541,22.541,22.526,22.541,22.557,22.572,22.534,22.487,22.503,22.51,22.526,22.549,22.588,22.58,22.619,22.58,22.564,22.564,22.564,22.557,22.564,22.58,22.58,22.58,22.595,22.557,22.564,22.595,22.588
,22.34,22.34,22.325,22.325,22.332,22.294,22.325,22.317,22.332,22.325,22.34,22.348,22.325,22.332,22.317,22.332,22.348,22.356,22.363,22.356,22.348,22.34,22.325,22.309,22.325,22.356,22.332,22.356,22.363,22.348,22.363,22.363,22.379,22.348,22.34,22.309,22.325,22.325,22.325,22.332,22.325,22.325,22.325,22.317,22.302,22.317,22.317,22.317,22.309,22.34,22.348,22.363,22.363,22.356,22.379,22.394,22.418,22.418,22.433,22.425,22.433,22.449,22.456,22.472,22.441,22.441,22.449,22.464,22.479,22.464,22.464,22.456,22.472,22.472,22.479,22.479,22.472,22.472,22.464,22.472,22.472,22.503,22.503,22.503,22.541,22.549,22.541,22.549,22.549,22.534,22.534,22.534,22.518,22.526,22.503,22.51,22.549,22.541,22.564,22.58,22.572,22.595,22.588,22.58,22.588,22.58,22.588,22.564,22.588,22.611,22.611,22.634,22.626,22.619,22.619,22.642,22.649,22.665,22.673,22.673,22.673,22.665,22.673,22.665,22.642,22.649,22.649,22.634,22.649,22.657,22.665,22.68,22.696,22.703,22.688,22.711,22.719,22.703,22.703,22.719,22.719,22.742,22.734,22.757,22.75,22.742,22.742,22.75,22.765,22.78,22.788,22.811,22.827,22.858,22.858,22.865,22.881,22.881,22.881,22.896,22.888,22.911,22.904,22.911,22.934,22.95,22.942,22.981,22.988,22.981,22.988,22.996,23.05,23.027,23.065,23.096,23.111,23.111,23.157,23.188,23.18,23.196,23.265,23.272,23.311,23.326,23.349,23.372,23.387,23.395,23.418,23.441,23.479,23.51,23.548,23.579,23.571,23.632,23.632,23.678,23.724,23.777,23.816,23.816,23.869,23.922,23.96,24.021,24.052,24.105,24.196,24.181,24.257,24.287,24.53,24.545,24.674,24.848,25.3,27.126,29.789,30.357,30.829,31.121,31.264,31.519,31.711,31.916,32.416,32.592,33.292,33.626,33.752,33.779,33.779,33.64,33.654,33.487,33.606,33.904,34.175,34.472,34.624,34.658,34.672,34.762,34.879,35.078,35.373,35.428,35.482,35.551,35.578,35.606,35.763,35.851,35.899,35.926,35.926,35.94,35.954,35.933,35.913,35.899,35.899,35.92,35.92,35.906,35.906,35.879,35.831,35.865,35.872,35.892,35.865,35.858,35.824,35.742,35.729,35.647,35.681,35.694,35.729,35.804,35.838,35.845,35.824,35.783,35.66,35.592,34.996,34.755,34.216,33.508,32.409,32.311,32.149,32.451,32.774,32.711,33.11,33.152,32.085,31.015,30.943,30.422,30.715,30.936,32.05,33.445,34.569,35.448,35.057,34.886,34.202,33.32,31.633,30.643,30.149,30.278,29.926,29.327,31.1,32.43,31.604,32.409,32.472,31.76,31.406,31.718,32.501,32.346,32.163,31.242,30.048,31.221,31.626,31.767,32.921,33.033,33.362,33.026,33.236,33.856,33.689,33.64,34.486,35.105,35.188,35.222,35.291,35.448,35.476,35.435,35.448,35.435,35.448,35.476,35.524,35.51,35.53,35.53,35.428,35.407,35.38,35.366,35.359,35.352,35.346,35.304,35.126,35.03,34.906,34.865,34.624,34.534,34.451,34.403,34.279,34.195,34.161,34.002,34.099,34.057,33.654,33.152,32.465,31.604,30.836,30.379,29.854,29.088,27.524,25.713,25.104,24.938,24.84,24.75,24.636,24.576,24.477,24.439,24.401,24.371,24.318,24.295,24.265,24.204,24.166,24.128,24.067,24.044,24.006,23.976,23.953,23.915,23.899,23.869,23.846,23.823,23.777,23.747,23.747,23.686,23.632,23.625,23.586,23.571,23.556,23.556,23.541,23.51,23.464,23.495,23.464,23.456,23.418,23.418,23.41,23.38,23.364,23.357,23.326,23.319,23.303,23.288,23.288,23.28,23.296,23.257,23.288,23.28,23.28,23.265,23.249,23.234,23.226,23.196,23.188,23.165,23.157,23.157,23.157,23.142,23.142,23.127,23.127,23.111,23.119,23.119,23.119,23.096,23.096,23.096,23.096,23.096,23.096,23.073,23.073,23.088,23.088,23.081,23.073,23.065,23.058,23.058,23.05,23.05,23.042,23.027,23.027,23.011,23.004,22.981,22.981,22.981,22.973,22.965,22.973,22.965,22.958,22.965,22.919,22.973,22.973,22.958,22.927,22.95,22.919,22.919,22.904,22.919,22.881,22.873,22.888,22.873,22.888,22.865,22.865,22.865,22.858,22.85,22.858,22.819,22.819,22.804,22.804,22.819,22.811,22.811,22.804,22.78,22.773,22.734,22.742,22.75,22.742,22.727,22.765,22.703,22.703,22.711,22.696,22.696,22.703,22.719,22.711,22.711,22.703,22.68,22.68,22.68,22.696,22.657,22.642,22.626,22.642,22.634,22.68,22.665,22.642,22.642,22.611,22.626,22.619,22.619,22.634,22.634,22.626,22.688,22.665,22.649,22.626,22.626,22.619,22.611,22.611,22.603,22.603,22.595,22.549,22.58,22.619,22.619,22.634,22.58,22.572,22.534,22.534,22.526,22.518,22.526,22.51,22.534,22.549,22.549,22.557,22.549,22.541,22.518,22.526,22.534,22.534,22.534,22.534,22.541,22.541,22.534,22.526,22.495,22.526,22.534,22.534,22.518,22.503,22.549,22.51,22.564,22.534,22.549,22.51,22.518,22.541,22.557,22.564,22.588,22.564,22.557,22.572,22.534,22.588,22.557,22.557,22.557,22.549,22.549,22.572,22.58,22.588,22.588
,22.356,22.34,22.325,22.332,22.309,22.34,22.309,22.317,22.348,22.348,22.34,22.325,22.325,22.325,22.317,22.332,22.356,22.356,22.379,22.363,22.363,22.363,22.34,22.356,22.356,22.371,22.41,22.379,22.379,22.371,22.371,22.379,22.371,22.363,22.363,22.34,22.286,22.332,22.317,22.325,22.317,22.302,22.309,22.309,22.317,22.317,22.317,22.325,22.325,22.325,22.332,22.34,22.348,22.379,22.379,22.41,22.402,22.418,22.402,22.418,22.418,22.433,22.433,22.456,22.449,22.425,22.418,22.449,22.464,22.441,22.449,22.449,22.464,22.472,22.479,22.487,22.472,22.479,22.464,22.464,22.487,22.479,22.503,22.418,22.549,22.526,22.541,22.541,22.534,22.526,22.518,22.518,22.51,22.526,22.503,22.503,22.526,22.526,22.564,22.572,22.564,22.564,22.572,22.572,22.572,22.572,22.572,22.572,22.588,22.611,22.619,22.626,22.626,22.619,22.619,22.626,22.626,22.649,22.642,22.665,22.665,22.649,22.657,22.626,22.634,22.665,22.642,22.642,22.626,22.634,22.657,22.688,22.696,22.703,22.696,22.703,22.696,22.719,22.719,22.711,22.727,22.734,22.75,22.757,22.757,22.742,22.742,22.734,22.75,22.78,22.796,22.804,22.834,22.834,22.85,22.881,22.881,22.881,22.881,22.888,22.896,22.904,22.911,22.896,22.934,22.95,22.958,22.996,22.981,23.011,23.019,22.988,23.034,23.05,23.065,23.081,23.096,23.127,23.165,23.18,23.188,23.219,23.242,23.288,23.303,23.334,23.357,23.38,23.387,23.403,23.41,23.449,23.472,23.502,23.541,23.556,23.579,23.609,23.663,23.709,23.747,23.793,23.816,23.831,23.884,23.899,23.93,24.029,24.059,24.12,24.143,24.143,24.211,24.272,24.454,24.523,24.56,24.742,25.014,25.54,27.767,29.84,30.199,30.751,31.029,31.264,31.413,31.76,32.17,32.599,32.872,33.32,33.675,33.766,33.724,33.64,33.668,33.557,33.606,33.682,34.036,34.175,34.431,34.61,34.686,34.741,34.879,34.968,35.181,35.304,35.373,35.359,35.462,35.565,35.647,35.838,35.858,35.906,35.94,35.933,35.913,35.899,35.886,35.872,35.865,35.872,35.892,35.899,35.906,35.865,35.831,35.831,35.804,35.735,35.681,35.612,35.742,35.551,35.558,35.599,35.701,35.735,35.735,35.776,35.756,35.797,35.708,35.66,35.496,35.304,34.789,34.092,33.25,32.346,31.633,32.127,32.134,32.879,32.599,32.071,32.957,33.075,32.057,31.072,30.793,30.386,31.072,31.689,32.43,33.64,34.748,35.524,35.517,35.14,34.272,33.313,32.297,31.597,30.629,30.307,30.314,30.199,31.526,32.494,31.562,32.837,33.033,31.873,31.654,31.647,32.142,31.803,32.353,31.2,29.789,30.199,31.299,31.107,31.767,32.099,31.753,32.472,31.703,32.522,33.145,33.48,33.647,34.52,35.119,35.167,35.229,35.414,35.476,35.441,35.435,35.414,35.407,35.476,35.462,35.524,35.489,35.482,35.407,35.387,35.38,35.38,35.38,35.387,35.352,35.236,35.105,35.057,34.941,34.865,34.624,34.589,34.5,34.41,34.375,34.327,34.133,34.085,34.209,34.147,33.682,33.026,31.859,30.765,30.407,29.298,27.76,26.295,25.608,25.097,24.901,24.893,24.81,24.697,24.583,24.56,24.53,24.447,24.401,24.356,24.31,24.28,24.242,24.196,24.158,24.105,24.067,24.021,23.983,23.968,23.96,23.915,23.915,23.846,23.831,23.785,23.762,23.724,23.724,23.671,23.671,23.64,23.571,23.579,23.548,23.518,23.518,23.487,23.495,23.487,23.456,23.456,23.441,23.426,23.41,23.395,23.372,23.38,23.341,23.341,23.319,23.296,23.303,23.296,23.288,23.28,23.296,23.272,23.272,23.272,23.249,23.242,23.203,23.188,23.173,23.18,23.165,23.173,23.173,23.142,23.15,23.134,23.127,23.127,23.119,23.111,23.111,23.104,23.104,23.119,23.081,23.073,23.088,23.058,23.111,23.073,23.081,23.081,23.081,23.081,23.073,23.058,23.058,23.05,23.042,23.034,23.027,23.019,22.981,22.981,22.965,22.973,22.958,22.95,22.958,22.958,22.958,22.934,22.965,22.965,22.95,22.942,22.934,22.942,22.942,22.95,22.904,22.904,22.881,22.881,22.881,22.881,22.888,22.881,22.896,22.904,22.858,22.834,22.85,22.804,22.796,22.796,22.796,22.811,22.827,22.788,22.788,22.765,22.773,22.765,22.765,22.75,22.742,22.757,22.75,22.719,22.711,22.703,22.696,22.703,22.688,22.703,22.68,22.711,22.68,22.673,22.688,22.673,22.673,22.665,22.649,22.649,22.649,22.642,22.649,22.673,22.649,22.634,22.634,22.619,22.619,22.649,22.611,22.649,22.665,22.657,22.665,22.649,22.634,22.634,22.603,22.603,22.603,22.603,22.603,22.611,22.58,22.58,22.588,22.611,22.603,22.557,22.557,22.534,22.549,22.526,22.534,22.51,22.541,22.526,22.549,22.534,22.534,22.534,22.541,22.549,22.549,22.549,22.518,22.518,22.518,22.518,22.518,22.526,22.518,22.518,22.51,22.526,22.526,22.541,22.557,22.557,22.526,22.549,22.526,22.495,22.518,22.526,22.526,22.549,22.557,22.541,22.549,22.588,22.58,22.549,22.572,22.564,22.549,22.541,22.541,22.572,22.564,22.572,22.572,22.588
,22.34,22.332,22.325,22.309,22.309,22.332,22.317,22.317,22.34,22.34,22.34,22.317,22.317,22.302,22.325,22.332,22.356,22.371,22.371,22.371,22.379,22.371,22.356,22.371,22.379,22.371,22.41,22.402,22.379,22.394,22.371,22.356,22.356,22.348,22.325,22.332,22.332,22.332,22.325,22.317,22.317,22.309,22.294,22.309,22.309,22.302,22.317,22.317,22.325,22.332,22.332,22.332,22.348,22.363,22.387,22.387,22.402,22.402,22.402,22.402,22.41,22.425,22.433,22.425,22.456,22.464,22.441,22.449,22.433,22.441,22.433,22.441,22.456,22.464,22.487,22.487,22.487,22.487,22.472,22.456,22.464,22.472,22.495,22.51,22.534,22.534,22.549,22.549,22.534,22.526,22.518,22.51,22.518,22.518,22.518,22.51,22.564,22.572,22.549,22.557,22.564,22.557,22.557,22.588,22.572,22.557,22.58,22.603,22.595,22.619,22.619,22.619,22.619,22.619,22.611,22.611,22.619,22.634,22.642,22.642,22.649,22.642,22.657,22.657,22.642,22.665,22.611,22.619,22.634,22.642,22.673,22.688,22.703,22.688,22.703,22.703,22.711,22.711,22.719,22.734,22.75,22.75,22.773,22.75,22.742,22.727,22.734,22.727,22.742,22.773,22.796,22.819,22.834,22.858,22.865,22.873,22.865,22.881,22.904,22.888,22.896,22.896,22.896,22.881,22.904,22.95,22.973,22.95,22.988,23.019,23.011,23.027,23.034,23.042,23.065,23.088,23.104,23.119,23.142,23.157,23.211,23.226,23.28,23.296,23.326,23.326,23.341,23.364,23.372,23.403,23.418,23.433,23.479,23.502,23.533,23.556,23.564,23.602,23.655,23.732,23.732,23.777,23.831,23.831,23.854,23.915,23.93,24.006,24.037,24.082,24.12,24.143,24.173,24.234,24.295,24.371,24.507,24.719,24.878,24.916,25.795,27.774,29.768,30.264,30.822,30.95,31.221,31.427,31.944,32.36,32.943,33.236,33.557,33.703,33.682,33.599,33.731,33.675,33.647,33.925,34.064,34.147,34.348,34.451,34.651,34.707,34.81,34.92,35.112,35.181,35.332,35.291,35.435,35.503,35.66,35.756,35.886,35.879,35.926,35.906,35.886,35.858,35.824,35.831,35.838,35.824,35.865,35.851,35.865,35.838,35.804,35.763,35.722,35.64,35.592,35.565,35.524,35.4,35.4,35.612,35.653,35.722,35.729,35.742,35.694,35.729,35.524,35.441,35.277,34.555,34.119,33.327,32.928,32.332,31.866,32.529,32.472,32.592,31.618,31.626,33.166,33.32,32.683,31.548,30.801,31.05,32.092,32.395,33.487,34.555,35.373,35.558,35.585,35.578,34.927,34.161,33.891,33.348,33.096,32.367,32.564,32.83,33.341,33.159,32.508,33.285,34.569,33.8,32.282,31.845,31.902,32.212,32.592,31.136,30.493,30.113,31.185,31.192,31.2,31.604,30.851,30.808,31.526,30.708,31.923,32.43,33.424,33.55,34.202,34.824,35.071,35.25,35.421,35.476,35.435,35.393,35.4,35.387,35.359,35.469,35.482,35.428,35.393,35.38,35.38,35.38,35.38,35.387,35.291,35.236,35.154,35.071,34.968,34.796,34.672,34.569,34.5,34.438,34.389,34.355,34.244,34.244,34.417,34.112,33.626,32.374,29.71,27.877,27.436,26.288,25.832,25.18,25.142,24.984,24.863,24.803,24.742,24.644,24.583,24.553,24.47,24.424,24.379,24.341,24.31,24.272,24.242,24.204,24.166,24.113,24.075,24.029,23.991,23.968,23.945,23.915,23.892,23.869,23.816,23.823,23.77,23.724,23.709,23.678,23.648,23.625,23.594,23.579,23.556,23.533,23.51,23.502,23.487,23.479,23.464,23.456,23.433,23.41,23.418,23.387,23.349,23.38,23.357,23.326,23.334,23.311,23.311,23.288,23.288,23.28,23.288,23.288,23.28,23.272,23.265,23.234,23.219,23.203,23.18,23.18,23.188,23.173,23.165,23.15,23.15,23.127,23.119,23.119,23.127,23.127,23.119,23.111,23.111,23.104,23.088,23.088,23.065,23.081,23.081,23.096,23.088,23.096,23.111,23.096,23.073,23.073,23.065,23.058,23.05,23.019,23.027,23.004,23.004,22.981,22.988,22.981,22.973,22.973,22.958,22.95,22.965,22.973,22.973,22.973,22.958,22.95,22.927,22.934,22.888,22.927,22.927,22.919,22.896,22.911,22.881,22.881,22.888,22.881,22.873,22.85,22.842,22.811,22.834,22.827,22.796,22.796,22.788,22.811,22.811,22.796,22.796,22.773,22.773,22.773,22.75,22.742,22.742,22.727,22.765,22.711,22.719,22.727,22.719,22.703,22.696,22.696,22.688,22.688,22.68,22.696,22.688,22.68,22.665,22.665,22.649,22.642,22.626,22.642,22.657,22.665,22.649,22.657,22.626,22.634,22.626,22.603,22.626,22.642,22.673,22.665,22.68,22.673,22.642,22.611,22.634,22.58,22.595,22.595,22.588,22.588,22.58,22.611,22.595,22.588,22.603,22.564,22.572,22.557,22.549,22.541,22.541,22.534,22.549,22.557,22.564,22.549,22.534,22.549,22.549,22.572,22.518,22.549,22.51,22.518,22.51,22.549,22.557,22.549,22.534,22.534,22.526,22.549,22.518,22.549,22.541,22.526,22.534,22.526,22.549,22.51,22.526,22.541,22.534,22.549,22.534,22.534,22.549,22.534,22.58,22.572,22.518,22.549,22.541,22.557,22.534,22.541,22.549,22.495,22.58,22.588
,22.34,22.317,22.317,22.317,22.302,22.34,22.278,22.325,22.332,22.332,22.325,22.317,22.309,22.309,22.317,22.332,22.363,22.371,22.371,22.387,22.356,22.356,22.348,22.371,22.379,22.371,22.379,22.379,22.394,22.356,22.363,22.363,22.371,22.34,22.348,22.348,22.332,22.325,22.325,22.317,22.317,22.294,22.294,22.294,22.294,22.294,22.286,22.294,22.317,22.34,22.325,22.348,22.332,22.356,22.356,22.387,22.387,22.387,22.394,22.402,22.41,22.41,22.418,22.441,22.433,22.433,22.449,22.441,22.433,22.425,22.425,22.441,22.456,22.464,22.487,22.464,22.464,22.456,22.472,22.456,22.456,22.479,22.487,22.503,22.534,22.534,22.534,22.534,22.518,22.518,22.51,22.503,22.503,22.495,22.51,22.503,22.526,22.572,22.557,22.557,22.541,22.541,22.541,22.549,22.549,22.603,22.588,22.611,22.619,22.626,22.619,22.619,22.611,22.611,22.611,22.611,22.611,22.619,22.626,22.626,22.657,22.649,22.657,22.642,22.649,22.634,22.626,22.642,22.611,22.634,22.657,22.673,22.688,22.703,22.719,22.719,22.703,22.696,22.711,22.727,22.75,22.742,22.765,22.757,22.742,22.727,22.734,22.719,22.742,22.765,22.796,22.811,22.834,22.85,22.873,22.881,22.881,22.873,22.888,22.896,22.881,22.904,22.896,22.904,22.896,22.942,22.973,22.988,22.988,23.004,22.996,23.027,23.019,23.042,23.065,23.081,23.111,23.111,23.142,23.18,23.211,23.234,23.272,23.296,23.311,23.334,23.341,23.357,23.372,23.403,23.418,23.441,23.472,23.495,23.525,23.548,23.564,23.586,23.602,23.655,23.716,23.762,23.823,23.854,23.854,23.907,23.915,23.96,24.006,24.067,24.105,24.143,24.166,24.211,24.341,24.333,24.356,24.515,24.697,24.84,25.225,25.975,27.936,29.775,30.307,30.743,30.829,31.214,31.448,32.134,32.508,32.858,33.418,33.689,33.626,33.473,33.654,33.752,33.668,33.877,34.057,34.182,34.237,34.534,34.548,34.72,34.775,35.03,35.064,35.112,35.188,35.27,35.325,35.455,35.476,35.612,35.81,35.879,35.879,35.872,35.845,35.797,35.776,35.776,35.776,35.804,35.824,35.831,35.824,35.824,35.79,35.701,35.606,35.585,35.558,35.476,35.38,35.256,35.291,35.53,35.551,35.448,35.626,35.626,35.263,35.071,34.624,34.872,34.451,34.272,33.243,33.208,33.005,32.402,32.395,32.936,32.851,32.191,31.618,31.597,33.026,33.362,33.236,32.732,32.134,32.339,33.647,34.002,34.693,35.318,35.53,35.558,35.571,35.619,35.578,35.27,35.208,35.195,34.892,34.465,34.762,34.913,34.851,34.879,34.803,34.865,35.25,35.064,33.967,33.828,33.39,33.089,33.529,32.261,30.958,30.651,31.689,31.937,31.128,30.235,30.149,29.912,29.94,29.399,29.796,31.746,32.529,33.32,33.061,33.772,34.444,34.872,35.14,35.435,35.4,35.229,35.195,35.298,35.373,35.387,35.38,35.366,35.387,35.366,35.366,35.38,35.373,35.428,35.332,35.243,35.154,35.051,34.954,34.782,34.713,34.569,34.507,34.424,34.424,34.348,34.348,34.382,34.5,34.444,33.752,32.085,27.862,26.131,25.683,25.42,25.165,25.029,24.938,24.878,24.75,24.735,24.644,24.613,24.576,24.507,24.462,24.416,24.379,24.318,24.303,24.257,24.227,24.196,24.166,24.12,24.082,24.052,24.021,23.998,23.938,23.907,23.884,23.854,23.823,23.785,23.739,23.724,23.701,23.671,23.617,23.648,23.609,23.571,23.571,23.556,23.525,23.533,23.495,23.487,23.464,23.449,23.433,23.41,23.403,23.387,23.372,23.38,23.364,23.364,23.326,23.311,23.319,23.296,23.28,23.296,23.288,23.288,23.28,23.272,23.249,23.242,23.219,23.196,23.196,23.173,23.18,23.188,23.165,23.15,23.119,23.119,23.119,23.119,23.127,23.119,23.119,23.119,23.119,23.104,23.088,23.081,23.065,23.081,23.073,23.073,23.088,23.104,23.088,23.088,23.088,23.088,23.073,23.058,23.042,23.027,23.027,23.004,22.996,22.996,22.996,22.996,22.973,22.973,22.965,22.958,22.973,22.973,22.965,22.965,22.95,22.927,22.881,22.888,22.888,22.95,22.911,22.919,22.911,22.904,22.896,22.896,22.904,22.896,22.896,22.842,22.858,22.85,22.804,22.827,22.796,22.796,22.804,22.788,22.819,22.796,22.788,22.773,22.773,22.765,22.757,22.75,22.727,22.719,22.719,22.742,22.742,22.711,22.703,22.703,22.719,22.688,22.688,22.688,22.68,22.688,22.673,22.703,22.657,22.649,22.626,22.634,22.649,22.649,22.657,22.665,22.657,22.649,22.657,22.634,22.626,22.603,22.619,22.619,22.649,22.673,22.688,22.688,22.673,22.642,22.626,22.572,22.603,22.588,22.588,22.588,22.58,22.588,22.572,22.572,22.572,22.58,22.58,22.557,22.549,22.534,22.534,22.557,22.58,22.588,22.58,22.564,22.541,22.534,22.534,22.534,22.549,22.534,22.503,22.51,22.518,22.518,22.526,22.541,22.534,22.534,22.518,22.526,22.534,22.534,22.534,22.534,22.541,22.534,22.518,22.534,22.526,22.534,22.534,22.534,22.495,22.518,22.51,22.518,22.549,22.541,22.549,22.557,22.526,22.534,22.503,22.549,22.51,22.549,22.564,22.572
,22.325,22.325,22.309,22.294,22.294,22.294,22.309,22.309,22.332,22.332,22.325,22.317,22.302,22.302,22.325,22.332,22.356,22.363,22.363,22.363,22.363,22.371,22.371,22.387,22.387,22.379,22.348,22.363,22.387,22.379,22.363,22.371,22.363,22.34,22.34,22.325,22.325,22.332,22.332,22.309,22.302,22.286,22.286,22.271,22.294,22.286,22.286,22.309,22.309,22.317,22.34,22.325,22.356,22.34,22.356,22.371,22.371,22.387,22.387,22.371,22.387,22.402,22.41,22.433,22.425,22.425,22.433,22.433,22.433,22.433,22.425,22.441,22.464,22.464,22.472,22.472,22.472,22.472,22.472,22.472,22.472,22.472,22.464,22.495,22.518,22.534,22.534,22.518,22.51,22.503,22.503,22.503,22.51,22.503,22.518,22.51,22.534,22.526,22.541,22.541,22.549,22.541,22.557,22.534,22.549,22.595,22.595,22.611,22.603,22.611,22.619,22.611,22.603,22.603,22.603,22.611,22.611,22.611,22.619,22.626,22.626,22.634,22.642,22.657,22.649,22.649,22.665,22.649,22.673,22.673,22.673,22.68,22.688,22.696,22.688,22.703,22.703,22.711,22.719,22.734,22.75,22.765,22.757,22.757,22.734,22.727,22.727,22.734,22.742,22.773,22.788,22.819,22.827,22.85,22.85,22.865,22.873,22.873,22.881,22.888,22.896,22.881,22.881,22.896,22.934,22.942,22.965,22.988,22.996,23.004,23.011,23.019,23.034,23.042,23.058,23.088,23.096,23.134,23.142,23.173,23.203,23.249,23.265,23.28,23.326,23.326,23.326,23.364,23.387,23.41,23.426,23.456,23.479,23.502,23.525,23.541,23.564,23.594,23.625,23.678,23.732,23.762,23.8,23.838,23.854,23.892,23.938,23.976,24.006,24.044,24.09,24.113,24.151,24.181,24.257,24.318,24.394,24.515,24.507,24.621,24.78,24.916,26.049,27.965,29.71,30.249,30.693,30.779,31.342,31.866,32.198,32.697,33.173,33.508,33.592,33.411,33.661,33.752,33.752,33.856,34.057,34.189,34.348,34.444,34.486,34.665,34.803,34.817,34.954,35.119,35.202,35.222,35.25,35.428,35.551,35.592,35.701,35.831,35.858,35.858,35.81,35.783,35.749,35.742,35.735,35.756,35.79,35.81,35.817,35.783,35.783,35.633,35.633,35.558,35.503,35.469,35.359,35.263,35.215,35.229,35.167,35.167,35.099,35.105,34.968,34.334,34.465,34.527,33.96,33.619,33.159,33.647,33.285,32.865,32.83,32.964,33.068,32.092,32.163,32.163,33.383,34.348,34.368,34.126,33.995,34.451,34.954,35.243,35.346,35.414,35.565,35.565,35.51,35.565,35.53,35.421,35.393,35.339,35.25,35.27,35.229,35.359,35.38,35.476,35.482,35.503,35.599,35.537,35.311,35.243,34.824,34.7,34.624,33.529,32.564,31.944,33.299,33.397,31.972,30.743,30.615,29.724,29.645,29.146,29.197,30.586,31.526,32.297,32.774,32.788,33.313,33.877,34.147,35.03,35.208,35.167,35.236,35.229,35.243,35.346,35.284,35.318,35.318,35.332,35.346,35.366,35.387,35.387,35.387,35.25,35.181,35.085,34.975,34.886,34.72,34.624,34.493,34.424,34.41,34.348,34.348,34.355,34.5,34.417,33.32,31.2,26.741,25.698,25.33,25.172,25.082,24.991,24.916,24.871,24.795,24.697,24.613,24.598,24.553,24.485,24.447,24.401,24.371,24.318,24.272,24.242,24.219,24.204,24.166,24.113,24.097,24.059,24.021,23.968,23.945,23.907,23.869,23.831,23.8,23.762,23.739,23.716,23.693,23.655,23.64,23.648,23.617,23.586,23.564,23.556,23.541,23.51,23.502,23.479,23.464,23.449,23.426,23.41,23.395,23.395,23.395,23.395,23.372,23.357,23.341,23.326,23.311,23.303,23.303,23.296,23.288,23.288,23.272,23.272,23.242,23.211,23.188,23.203,23.196,23.196,23.203,23.142,23.18,23.142,23.119,23.119,23.134,23.119,23.127,23.119,23.127,23.134,23.119,23.088,23.088,23.065,23.065,23.073,23.073,23.088,23.096,23.081,23.104,23.104,23.096,23.088,23.065,23.058,23.05,23.034,23.011,23.011,23.011,22.973,22.981,22.973,22.981,22.973,22.958,22.958,22.965,22.958,22.958,22.958,22.942,22.934,22.927,22.927,22.927,22.911,22.934,22.919,22.904,22.911,22.911,22.896,22.881,22.865,22.865,22.858,22.842,22.85,22.827,22.819,22.811,22.804,22.796,22.796,22.796,22.788,22.78,22.773,22.765,22.75,22.75,22.742,22.727,22.734,22.734,22.711,22.727,22.711,22.673,22.696,22.719,22.68,22.688,22.673,22.665,22.688,22.68,22.673,22.649,22.642,22.634,22.642,22.649,22.657,22.657,22.657,22.657,22.657,22.649,22.649,22.634,22.611,22.626,22.642,22.634,22.665,22.665,22.649,22.649,22.634,22.634,22.595,22.549,22.58,22.572,22.58,22.572,22.564,22.572,22.564,22.564,22.572,22.572,22.557,22.557,22.549,22.572,22.595,22.58,22.611,22.564,22.526,22.518,22.526,22.534,22.541,22.58,22.541,22.518,22.51,22.526,22.51,22.51,22.541,22.534,22.526,22.518,22.534,22.487,22.518,22.534,22.541,22.518,22.526,22.534,22.51,22.534,22.526,22.503,22.51,22.495,22.51,22.495,22.534,22.564,22.541,22.564,22.541,22.534,22.534,22.557,22.541,22.549,22.541,22.549,22.557
,22.294,22.325,22.302,22.317,22.317,22.302,22.317,22.317,22.286,22.302,22.309,22.309,22.302,22.302,22.317,22.332,22.363,22.356,22.348,22.348,22.348,22.34,22.356,22.379,22.348,22.356,22.363,22.348,22.363,22.363,22.363,22.371,22.348,22.356,22.325,22.317,22.325,22.325,22.332,22.332,22.317,22.294,22.278,22.278,22.278,22.263,22.278,22.325,22.286,22.332,22.348,22.325,22.332,22.317,22.348,22.387,22.363,22.402,22.371,22.371,22.387,22.394,22.41,22.418,22.425,22.441,22.441,22.449,22.441,22.441,22.433,22.449,22.449,22.449,22.479,22.464,22.464,22.472,22.464,22.472,22.472,22.472,22.472,22.479,22.51,22.518,22.526,22.557,22.51,22.51,22.518,22.518,22.487,22.51,22.503,22.51,22.51,22.534,22.557,22.564,22.534,22.557,22.541,22.534,22.588,22.588,22.595,22.611,22.603,22.611,22.611,22.611,22.603,22.603,22.603,22.603,22.611,22.603,22.611,22.626,22.626,22.634,22.649,22.649,22.657,22.657,22.665,22.665,22.68,22.657,22.68,22.688,22.68,22.68,22.703,22.703,22.703,22.734,22.734,22.727,22.757,22.75,22.757,22.757,22.734,22.734,22.734,22.734,22.765,22.78,22.811,22.811,22.819,22.858,22.858,22.865,22.865,22.881,22.888,22.888,22.888,22.911,22.888,22.904,22.927,22.942,22.965,22.981,22.988,22.988,23.004,23.011,23.034,23.042,23.058,23.081,23.111,23.127,23.127,23.18,23.196,23.234,23.28,23.288,23.296,23.319,23.349,23.357,23.372,23.441,23.426,23.449,23.479,23.502,23.51,23.541,23.564,23.594,23.625,23.686,23.716,23.762,23.785,23.823,23.854,23.907,23.93,23.945,24.006,24.014,24.075,24.097,24.151,24.204,24.257,24.295,24.363,24.439,24.485,24.629,24.772,25.052,25.3,25.84,27.089,28.914,29.753,30.472,30.879,31.413,31.803,32.085,32.501,33.201,33.508,33.459,33.696,33.849,33.877,33.932,34.064,34.189,34.23,34.306,34.396,34.52,34.631,34.865,34.954,35.099,35.133,35.256,35.304,35.469,35.565,35.578,35.688,35.81,35.81,35.804,35.797,35.735,35.708,35.708,35.688,35.735,35.749,35.797,35.797,35.783,35.722,35.708,35.606,35.571,35.503,35.4,35.222,35.071,34.899,34.741,34.631,34.548,34.417,34.41,34.237,34.008,34.085,34.112,33.599,33.424,32.571,33.585,33.64,33.39,33.033,33.047,33.668,33.285,33.431,33.606,34.7,35.105,35.25,35.202,35.174,35.291,35.304,35.325,35.339,35.373,35.435,35.462,35.489,35.448,35.393,35.428,35.38,35.373,35.332,35.325,35.387,35.524,35.544,35.558,35.606,35.612,35.633,35.585,35.585,35.551,35.524,35.524,35.482,34.892,34.327,34.022,34.057,34.182,33.369,32.177,31.42,30.536,29.696,29.544,29.32,30.543,30.493,30.486,31.661,32.233,32.205,32.795,33.515,34.279,34.651,34.941,35.133,35.181,35.195,35.208,35.229,35.236,35.298,35.291,35.332,35.339,35.366,35.339,35.359,35.263,35.202,35.092,35.002,34.947,34.775,34.555,34.493,34.424,34.41,34.417,34.424,34.438,34.465,34.334,33.271,30.636,26.303,25.6,25.277,25.082,25.052,24.969,24.938,24.863,24.75,24.712,24.636,24.576,24.553,24.485,24.432,24.394,24.371,24.31,24.265,24.234,24.227,24.189,24.151,24.105,24.09,24.037,24.021,23.976,23.96,23.892,23.869,23.816,23.808,23.785,23.747,23.716,23.709,23.671,23.655,23.617,23.625,23.602,23.571,23.564,23.541,23.51,23.502,23.479,23.456,23.441,23.418,23.41,23.418,23.403,23.41,23.395,23.372,23.349,23.349,23.326,23.326,23.319,23.311,23.303,23.311,23.288,23.288,23.257,23.242,23.219,23.203,23.211,23.196,23.203,23.188,23.165,23.157,23.142,23.142,23.134,23.142,23.127,23.165,23.15,23.134,23.134,23.096,23.111,23.088,23.081,23.065,23.088,23.104,23.081,23.119,23.088,23.119,23.088,23.096,23.104,23.096,23.073,23.05,23.027,23.011,23.004,22.988,22.981,23.004,22.973,22.981,22.981,22.973,22.988,22.973,22.958,22.958,22.958,22.942,22.934,22.934,22.919,22.919,22.919,22.919,22.927,22.911,22.904,22.896,22.888,22.881,22.842,22.85,22.842,22.85,22.858,22.842,22.842,22.827,22.804,22.819,22.827,22.804,22.804,22.773,22.765,22.773,22.75,22.719,22.727,22.703,22.719,22.742,22.734,22.711,22.734,22.703,22.696,22.68,22.68,22.688,22.665,22.665,22.673,22.68,22.657,22.673,22.649,22.657,22.649,22.642,22.665,22.649,22.657,22.642,22.649,22.649,22.657,22.657,22.611,22.619,22.634,22.642,22.665,22.649,22.642,22.634,22.642,22.634,22.564,22.58,22.564,22.557,22.572,22.572,22.564,22.564,22.572,22.564,22.564,22.564,22.564,22.564,22.564,22.564,22.588,22.58,22.541,22.534,22.518,22.534,22.557,22.541,22.58,22.549,22.541,22.549,22.479,22.526,22.534,22.534,22.549,22.534,22.526,22.518,22.503,22.495,22.503,22.526,22.526,22.541,22.541,22.534,22.549,22.526,22.541,22.534,22.549,22.534,22.487,22.479,22.464,22.564,22.534,22.534,22.541,22.549,22.526,22.534,22.534,22.51,22.526,22.534,22.541
,22.317,22.317,22.302,22.294,22.294,22.309,22.302,22.302,22.317,22.294,22.325,22.332,22.309,22.325,22.325,22.332,22.356,22.348,22.34,22.387,22.348,22.34,22.379,22.363,22.379,22.363,22.34,22.363,22.34,22.371,22.356,22.348,22.317,22.356,22.317,22.309,22.317,22.309,22.332,22.317,22.309,22.278,22.278,22.286,22.286,22.286,22.278,22.294,22.302,22.325,22.325,22.332,22.325,22.325,22.356,22.348,22.379,22.394,22.379,22.371,22.379,22.387,22.394,22.418,22.425,22.433,22.441,22.449,22.441,22.449,22.441,22.456,22.456,22.456,22.479,22.472,22.472,22.472,22.479,22.479,22.479,22.479,22.479,22.472,22.487,22.479,22.503,22.495,22.503,22.526,22.51,22.51,22.495,22.479,22.487,22.487,22.503,22.534,22.541,22.549,22.557,22.541,22.549,22.557,22.572,22.557,22.603,22.603,22.603,22.611,22.603,22.611,22.611,22.595,22.611,22.611,22.603,22.611,22.619,22.619,22.626,22.634,22.634,22.634,22.657,22.665,22.665,22.68,22.657,22.673,22.657,22.673,22.711,22.688,22.727,22.719,22.711,22.711,22.719,22.734,22.742,22.75,22.75,22.734,22.742,22.742,22.75,22.757,22.757,22.78,22.78,22.804,22.811,22.834,22.865,22.858,22.865,22.873,22.881,22.881,22.904,22.896,22.904,22.904,22.934,22.965,22.965,22.981,22.988,22.996,23.019,23.019,23.05,23.05,23.05,23.065,23.088,23.096,23.142,23.165,23.203,23.234,23.257,23.272,23.303,23.319,23.349,23.364,23.38,23.41,23.441,23.464,23.487,23.495,23.525,23.533,23.564,23.586,23.64,23.686,23.716,23.739,23.785,23.823,23.854,23.877,23.922,23.96,23.983,24.021,24.059,24.097,24.135,24.196,24.249,24.295,24.325,24.394,24.424,24.568,24.644,24.923,25.247,25.668,26.027,26.094,26.882,28.265,28.907,30.027,30.113,29.71,29.052,31.845,33.32,33.348,33.731,33.918,34.002,34.064,34.105,34.161,34.237,34.299,34.451,34.486,34.596,34.817,34.961,35.057,35.222,35.181,35.298,35.421,35.51,35.619,35.722,35.742,35.735,35.735,35.79,35.735,35.701,35.667,35.674,35.694,35.756,35.756,35.783,35.783,35.722,35.681,35.653,35.558,35.414,35.202,35.037,34.479,33.995,34.064,34.064,33.724,33.779,33.911,33.675,33.647,34.036,34.085,33.494,33.131,32.437,33.334,33.738,33.661,33.772,34.513,34.713,34.92,35.023,35.489,35.578,35.599,35.578,35.476,35.462,35.414,35.373,35.318,35.393,35.373,35.387,35.387,35.428,35.4,35.414,35.393,35.428,35.441,35.482,35.469,35.517,35.619,35.735,35.783,35.742,35.715,35.688,35.585,35.592,35.585,35.578,35.537,35.585,35.599,35.359,35.071,34.934,34.368,33.738,33.313,32.325,30.715,29.933,29.89,29.645,30.479,30.142,30.185,30.429,31.448,31.711,31.611,31.803,33.173,34.258,34.355,34.548,35.126,35.174,35.174,35.202,35.202,35.222,35.277,35.277,35.325,35.352,35.346,35.332,35.318,35.304,35.154,35.057,34.996,34.831,34.693,34.534,34.493,34.438,34.444,34.424,34.444,34.458,34.396,33.173,29.595,25.96,25.563,25.255,25.074,25.029,24.946,24.878,24.787,24.735,24.697,24.621,24.583,24.523,24.485,24.439,24.371,24.341,24.333,24.265,24.227,24.204,24.196,24.158,24.128,24.067,24.059,23.998,23.991,23.953,23.907,23.854,23.823,23.777,23.77,23.762,23.724,23.701,23.663,23.648,23.625,23.617,23.579,23.579,23.556,23.533,23.533,23.51,23.479,23.464,23.449,23.441,23.433,23.41,23.403,23.41,23.403,23.372,23.349,23.326,23.334,23.334,23.326,23.319,23.303,23.311,23.303,23.272,23.249,23.234,23.226,23.211,23.219,23.188,23.196,23.188,23.165,23.173,23.15,23.15,23.15,23.15,23.15,23.157,23.142,23.142,23.134,23.127,23.104,23.104,23.073,23.081,23.096,23.081,23.104,23.088,23.088,23.073,23.088,23.088,23.088,23.073,23.05,23.058,23.027,23.004,23.011,22.988,22.996,22.996,22.981,22.973,22.973,22.965,22.942,22.958,22.95,22.942,22.95,22.942,22.934,22.927,22.919,22.927,22.904,22.896,22.911,22.911,22.911,22.896,22.888,22.858,22.842,22.858,22.842,22.842,22.85,22.842,22.834,22.819,22.827,22.827,22.827,22.811,22.788,22.773,22.757,22.757,22.734,22.727,22.719,22.727,22.727,22.727,22.742,22.719,22.703,22.727,22.711,22.68,22.703,22.657,22.673,22.657,22.68,22.68,22.68,22.673,22.642,22.649,22.649,22.649,22.657,22.642,22.642,22.634,22.626,22.642,22.634,22.611,22.626,22.619,22.642,22.634,22.634,22.649,22.619,22.649,22.626,22.649,22.572,22.603,22.549,22.564,22.564,22.564,22.564,22.557,22.564,22.549,22.557,22.557,22.549,22.557,22.564,22.572,22.603,22.58,22.564,22.549,22.518,22.526,22.534,22.534,22.557,22.541,22.534,22.557,22.526,22.51,22.549,22.549,22.541,22.534,22.526,22.51,22.503,22.487,22.503,22.51,22.51,22.464,22.526,22.541,22.534,22.534,22.541,22.518,22.526,22.503,22.495,22.518,22.479,22.503,22.541,22.557,22.526,22.518,22.541,22.557,22.526,22.518,22.495,22.534,22.518
,22.309,22.317,22.309,22.309,22.302,22.302,22.294,22.278,22.286,22.286,22.278,22.309,22.309,22.34,22.34,22.332,22.348,22.34,22.317,22.34,22.348,22.332,22.379,22.371,22.348,22.34,22.34,22.348,22.356,22.356,22.34,22.348,22.34,22.34,22.34,22.325,22.363,22.34,22.309,22.302,22.309,22.309,22.286,22.302,22.294,22.286,22.294,22.278,22.294,22.317,22.317,22.332,22.325,22.325,22.371,22.371,22.402,22.379,22.371,22.371,22.371,22.387,22.394,22.402,22.441,22.418,22.433,22.441,22.464,22.441,22.441,22.449,22.441,22.472,22.456,22.464,22.472,22.487,22.472,22.479,22.472,22.472,22.472,22.464,22.479,22.472,22.472,22.472,22.51,22.51,22.503,22.51,22.495,22.479,22.495,22.495,22.495,22.51,22.534,22.541,22.541,22.541,22.541,22.557,22.58,22.564,22.58,22.588,22.603,22.603,22.611,22.611,22.611,22.603,22.595,22.603,22.603,22.611,22.619,22.619,22.619,22.634,22.626,22.634,22.649,22.649,22.665,22.68,22.688,22.688,22.711,22.696,22.727,22.688,22.734,22.711,22.711,22.711,22.719,22.727,22.742,22.742,22.75,22.75,22.742,22.75,22.765,22.765,22.773,22.773,22.788,22.788,22.804,22.834,22.842,22.858,22.858,22.865,22.881,22.881,22.896,22.919,22.919,22.927,22.95,22.965,22.981,22.988,22.988,22.996,23.011,23.027,23.027,23.058,23.065,23.081,23.081,23.104,23.15,23.157,23.173,23.211,23.249,23.28,23.311,23.319,23.334,23.364,23.364,23.395,23.418,23.449,23.479,23.502,23.518,23.541,23.579,23.579,23.648,23.678,23.701,23.732,23.762,23.793,23.838,23.884,23.899,23.96,23.991,24.014,24.052,24.09,24.128,24.189,24.234,24.295,24.318,24.394,24.462,24.523,24.772,24.886,25.067,25.63,25.9,26.012,25.952,25.75,25.728,25.832,25.945,26.094,27.082,30.4,33.215,33.32,33.779,33.988,34.085,34.133,34.14,34.14,34.195,34.368,34.424,34.513,34.617,34.748,34.789,34.989,35.202,35.208,35.332,35.489,35.551,35.585,35.653,35.688,35.735,35.729,35.688,35.674,35.66,35.647,35.667,35.674,35.701,35.776,35.783,35.763,35.715,35.715,35.64,35.558,35.421,34.961,34.355,33.772,33.404,33.731,33.55,33.452,33.48,33.696,32.998,33.313,34.341,34.105,33.529,33.466,32.655,33.39,34.32,34.7,35.126,35.831,35.92,35.845,35.647,35.688,35.667,35.653,35.647,35.606,35.537,35.482,35.455,35.38,35.4,35.435,35.393,35.414,35.428,35.414,35.407,35.414,35.469,35.53,35.64,35.674,35.797,35.824,35.879,36.015,35.899,35.92,35.913,35.838,35.681,35.626,35.619,35.578,35.578,35.592,35.612,35.599,35.53,34.996,34.334,33.911,32.816,31.647,30.772,30.772,30.077,30.077,30.3,30.264,29.912,29.933,31.064,31.278,31.1,31.057,32.078,33.452,34.368,35.099,35.119,35.078,35.174,35.202,35.208,35.215,35.284,35.318,35.339,35.366,35.359,35.352,35.277,35.202,35.085,34.996,34.817,34.769,34.576,34.479,34.486,34.5,34.451,34.472,34.458,34.348,32.998,28.63,25.758,25.368,25.134,25.052,24.984,24.954,24.855,24.765,24.742,24.666,24.613,24.576,24.507,24.485,24.416,24.386,24.356,24.287,24.265,24.227,24.204,24.158,24.12,24.082,24.044,24.006,24.006,23.953,23.953,23.922,23.869,23.846,23.785,23.777,23.762,23.739,23.709,23.671,23.648,23.617,23.602,23.594,23.571,23.548,23.533,23.51,23.495,23.479,23.472,23.456,23.441,23.441,23.426,23.41,23.418,23.395,23.38,23.349,23.341,23.326,23.326,23.319,23.326,23.326,23.311,23.288,23.272,23.242,23.242,23.226,23.203,23.203,23.219,23.203,23.203,23.188,23.196,23.173,23.18,23.142,23.196,23.15,23.18,23.165,23.15,23.119,23.119,23.111,23.104,23.088,23.081,23.088,23.088,23.111,23.104,23.104,23.096,23.081,23.081,23.088,23.088,23.05,23.034,23.034,23.027,22.996,22.996,22.988,22.965,22.965,22.942,22.958,22.95,22.965,22.934,22.958,22.95,22.942,22.942,22.942,22.934,22.919,22.919,22.904,22.881,22.904,22.896,22.888,22.888,22.896,22.873,22.858,22.865,22.834,22.85,22.842,22.834,22.827,22.827,22.819,22.834,22.804,22.819,22.834,22.765,22.765,22.765,22.734,22.734,22.75,22.734,22.734,22.734,22.75,22.742,22.719,22.703,22.703,22.696,22.703,22.657,22.68,22.665,22.657,22.68,22.68,22.673,22.657,22.649,22.657,22.649,22.657,22.649,22.634,22.634,22.611,22.626,22.619,22.595,22.642,22.611,22.642,22.626,22.634,22.611,22.634,22.619,22.611,22.626,22.588,22.564,22.557,22.541,22.564,22.572,22.557,22.572,22.549,22.541,22.549,22.549,22.549,22.572,22.564,22.58,22.557,22.541,22.518,22.518,22.51,22.534,22.541,22.549,22.572,22.58,22.541,22.526,22.526,22.541,22.487,22.518,22.541,22.549,22.541,22.503,22.503,22.487,22.503,22.487,22.534,22.503,22.534,22.557,22.541,22.534,22.541,22.549,22.526,22.534,22.534,22.487,22.51,22.549,22.534,22.534,22.518,22.518,22.549,22.51,22.549,22.526,22.518,22.518,22.51
,22.317,22.302,22.309,22.317,22.302,22.286,22.294,22.271,22.278,22.286,22.302,22.286,22.286,22.332,22.348,22.34,22.34,22.325,22.317,22.302,22.317,22.332,22.387,22.363,22.363,22.363,22.363,22.34,22.34,22.348,22.348,22.34,22.34,22.34,22.325,22.325,22.325,22.309,22.309,22.309,22.309,22.317,22.309,22.302,22.309,22.309,22.309,22.325,22.309,22.317,22.309,22.317,22.34,22.34,22.348,22.41,22.379,22.387,22.363,22.356,22.356,22.379,22.387,22.402,22.418,22.433,22.441,22.441,22.449,22.449,22.472,22.472,22.449,22.441,22.441,22.464,22.479,22.479,22.479,22.479,22.472,22.472,22.464,22.472,22.472,22.464,22.479,22.472,22.487,22.487,22.495,22.487,22.487,22.479,22.472,22.472,22.503,22.503,22.526,22.534,22.534,22.534,22.518,22.549,22.557,22.549,22.572,22.588,22.595,22.611,22.611,22.603,22.611,22.595,22.595,22.603,22.603,22.611,22.611,22.619,22.626,22.626,22.634,22.634,22.626,22.626,22.649,22.665,22.68,22.657,22.68,22.657,22.711,22.727,22.719,22.703,22.719,22.711,22.711,22.727,22.719,22.75,22.742,22.734,22.757,22.765,22.757,22.773,22.765,22.75,22.78,22.796,22.819,22.827,22.834,22.85,22.865,22.865,22.873,22.888,22.904,22.911,22.919,22.927,22.927,22.95,22.981,22.988,22.988,22.996,23.004,23.042,23.05,23.05,23.088,23.096,23.096,23.111,23.134,23.157,23.18,23.226,23.242,23.28,23.28,23.341,23.326,23.357,23.372,23.387,23.403,23.41,23.456,23.495,23.51,23.533,23.548,23.571,23.594,23.64,23.693,23.724,23.747,23.785,23.831,23.869,23.884,23.93,23.976,24.029,24.044,24.09,24.082,24.181,24.211,24.242,24.303,24.379,24.416,24.47,24.78,25.014,25.375,25.608,25.975,26.027,25.997,25.795,25.608,25.578,25.608,25.6,26.198,29.443,33.089,33.152,33.431,34.071,34.14,34.14,34.182,34.216,34.272,34.334,34.431,34.527,34.631,34.672,34.734,34.941,35.167,35.208,35.366,35.421,35.524,35.592,35.606,35.66,35.667,35.667,35.64,35.653,35.633,35.626,35.633,35.626,35.694,35.708,35.722,35.729,35.708,35.674,35.496,35.263,35.14,34.493,33.703,32.928,32.788,33.592,32.893,33.075,32.781,32.83,32.907,33.779,34.403,34.015,34.133,34.022,33.11,34.299,35.352,36.008,36.226,36.307,36.151,36.172,35.804,35.967,35.797,35.831,35.776,35.838,35.783,35.578,35.482,35.51,35.435,35.476,35.448,35.455,35.421,35.428,35.421,35.462,35.482,35.674,35.899,35.872,35.913,35.981,36.144,36.144,36.029,35.995,36.151,35.913,35.899,35.749,35.715,35.66,35.612,35.619,35.606,35.626,35.64,35.592,35.496,35.105,34.272,32.809,31.788,31.739,31.072,30.386,30.529,30.822,30.522,29.969,30.235,31.164,30.908,31.072,30.643,32.057,33.369,34.147,35.002,35.057,35.092,35.126,35.14,35.195,35.208,35.332,35.339,35.352,35.359,35.332,35.277,35.181,35.044,34.927,34.782,34.789,34.61,34.534,34.548,34.513,34.493,34.472,34.41,33.891,32.346,27.429,25.653,25.36,25.165,25.052,24.954,24.916,24.848,24.75,24.704,24.666,24.613,24.538,24.477,24.447,24.424,24.371,24.341,24.325,24.303,24.242,24.189,24.166,24.128,24.082,24.037,23.998,23.96,23.945,23.899,23.877,23.846,23.823,23.816,23.8,23.77,23.716,23.709,23.663,23.64,23.625,23.594,23.579,23.556,23.556,23.525,23.518,23.502,23.495,23.472,23.472,23.433,23.449,23.426,23.41,23.41,23.395,23.387,23.349,23.349,23.341,23.341,23.326,23.334,23.326,23.303,23.311,23.272,23.249,23.242,23.219,23.234,23.226,23.211,23.211,23.219,23.203,23.203,23.188,23.165,23.15,23.165,23.165,23.142,23.15,23.15,23.119,23.127,23.127,23.111,23.111,23.096,23.096,23.088,23.104,23.119,23.073,23.088,23.096,23.088,23.096,23.05,23.058,23.073,23.034,23.011,22.988,22.988,22.981,22.973,22.965,22.95,22.95,22.934,22.934,22.927,22.942,22.942,22.927,22.934,22.919,22.927,22.911,22.896,22.904,22.896,22.888,22.896,22.888,22.85,22.881,22.865,22.858,22.858,22.858,22.85,22.834,22.819,22.834,22.834,22.827,22.834,22.834,22.819,22.85,22.788,22.788,22.765,22.75,22.734,22.734,22.742,22.734,22.742,22.727,22.742,22.711,22.711,22.711,22.711,22.649,22.649,22.634,22.649,22.68,22.665,22.665,22.68,22.649,22.642,22.673,22.642,22.649,22.626,22.619,22.626,22.595,22.595,22.572,22.619,22.611,22.649,22.626,22.626,22.657,22.626,22.626,22.626,22.603,22.626,22.572,22.58,22.564,22.564,22.564,22.572,22.564,22.58,22.541,22.534,22.572,22.549,22.549,22.557,22.564,22.557,22.58,22.534,22.487,22.518,22.526,22.549,22.564,22.564,22.572,22.588,22.534,22.549,22.541,22.534,22.549,22.518,22.572,22.557,22.541,22.534,22.518,22.51,22.51,22.526,22.51,22.526,22.549,22.549,22.526,22.549,22.518,22.526,22.526,22.51,22.487,22.495,22.534,22.51,22.526,22.541,22.503,22.534,22.464,22.518,22.503,22.503,22.51,22.503,22.526
,22.317,22.309,22.309,22.317,22.294,22.294,22.286,22.278,22.286,22.294,22.294,22.302,22.309,22.309,22.332,22.34,22.332,22.348,22.325,22.34,22.309,22.34,22.379,22.371,22.371,22.371,22.371,22.348,22.332,22.34,22.348,22.348,22.34,22.34,22.34,22.348,22.317,22.317,22.325,22.317,22.332,22.332,22.332,22.325,22.34,22.309,22.325,22.317,22.317,22.34,22.332,22.363,22.356,22.348,22.41,22.394,22.379,22.379,22.356,22.363,22.356,22.363,22.402,22.425,22.418,22.41,22.433,22.425,22.433,22.433,22.449,22.479,22.464,22.449,22.433,22.449,22.464,22.479,22.479,22.479,22.479,22.472,22.456,22.464,22.456,22.472,22.472,22.464,22.472,22.479,22.479,22.487,22.479,22.479,22.472,22.472,22.487,22.495,22.503,22.51,22.518,22.526,22.526,22.526,22.541,22.549,22.549,22.58,22.58,22.595,22.595,22.588,22.595,22.611,22.603,22.603,22.611,22.619,22.611,22.626,22.619,22.634,22.634,22.626,22.626,22.626,22.634,22.649,22.657,22.68,22.665,22.711,22.719,22.711,22.727,22.711,22.719,22.711,22.719,22.727,22.719,22.742,22.75,22.75,22.75,22.757,22.757,22.757,22.757,22.773,22.78,22.804,22.819,22.834,22.842,22.85,22.865,22.865,22.873,22.888,22.911,22.927,22.934,22.942,22.95,22.973,22.973,22.988,22.996,23.019,23.011,23.034,23.065,23.073,23.081,23.111,23.119,23.127,23.15,23.142,23.18,23.211,23.249,23.288,23.296,23.334,23.341,23.341,23.349,23.349,23.387,23.41,23.456,23.487,23.502,23.533,23.541,23.564,23.625,23.678,23.701,23.716,23.739,23.793,23.816,23.884,23.892,23.945,23.976,23.998,24.037,24.067,24.09,24.135,24.204,24.287,24.303,24.333,24.416,24.659,24.908,25.24,25.555,25.862,26.027,26.019,26.027,25.989,25.638,25.488,25.593,25.66,26.087,28.331,32.669,33.159,33.48,34.147,34.133,34.168,34.202,34.223,34.292,34.382,34.493,34.562,34.596,34.686,34.789,34.961,35.085,35.243,35.414,35.435,35.517,35.558,35.612,35.633,35.653,35.674,35.653,35.633,35.599,35.585,35.592,35.619,35.647,35.688,35.715,35.688,35.681,35.606,35.448,35.256,34.5,33.536,32.529,31.803,32.627,32.697,32.669,32.423,32.078,32.36,32.914,33.932,34.341,33.807,34.451,34.824,34.734,35.366,36.131,36.498,36.45,36.416,36.335,36.287,36.158,36.131,36.015,36.056,35.947,35.872,35.94,35.858,35.858,35.763,35.776,35.592,35.633,35.482,35.455,35.482,35.524,35.701,35.578,35.776,35.817,36.029,36.029,36.199,36.301,36.301,36.335,36.335,36.26,36.097,36.063,36.022,35.845,35.783,35.708,35.694,35.694,35.633,35.681,35.633,35.606,35.612,35.421,34.755,33.661,32.858,32.007,31.292,31.1,30.851,30.851,30.829,30.214,30.264,30.364,30.486,31.1,31.114,33.362,34.23,34.258,34.947,35.064,35.078,35.099,35.147,35.27,35.339,35.339,35.346,35.346,35.325,35.291,35.229,35.071,35.023,34.824,34.686,34.631,34.576,34.541,34.5,34.493,34.479,34.444,33.731,31.965,27.465,25.51,25.353,25.074,25.014,24.916,24.923,24.818,24.78,24.697,24.629,24.568,24.553,24.507,24.462,24.386,24.371,24.341,24.318,24.272,24.265,24.219,24.166,24.113,24.09,24.052,24.029,23.991,23.938,23.915,23.854,23.861,23.838,23.838,23.8,23.755,23.716,23.701,23.678,23.648,23.625,23.609,23.571,23.556,23.548,23.525,23.518,23.51,23.487,23.479,23.472,23.456,23.441,23.418,23.41,23.41,23.403,23.387,23.364,23.349,23.334,23.326,23.319,23.326,23.311,23.319,23.296,23.288,23.272,23.249,23.234,23.242,23.242,23.226,23.234,23.226,23.211,23.211,23.211,23.18,23.157,23.165,23.157,23.157,23.134,23.134,23.134,23.127,23.134,23.142,23.134,23.104,23.096,23.104,23.096,23.104,23.096,23.104,23.088,23.081,23.081,23.058,23.05,23.042,23.042,23.019,22.996,22.988,23.004,22.988,22.973,22.958,22.934,22.934,22.919,22.919,22.934,22.927,22.927,22.911,22.911,22.911,22.896,22.911,22.896,22.896,22.888,22.888,22.896,22.888,22.873,22.865,22.873,22.873,22.873,22.865,22.858,22.85,22.834,22.842,22.834,22.85,22.858,22.85,22.834,22.819,22.78,22.78,22.765,22.757,22.765,22.757,22.75,22.757,22.742,22.734,22.742,22.719,22.711,22.673,22.68,22.642,22.665,22.673,22.665,22.68,22.665,22.688,22.673,22.649,22.626,22.634,22.649,22.626,22.642,22.634,22.619,22.595,22.595,22.603,22.626,22.642,22.665,22.665,22.68,22.603,22.626,22.619,22.634,22.611,22.595,22.557,22.58,22.557,22.588,22.595,22.564,22.557,22.557,22.549,22.549,22.564,22.557,22.564,22.557,22.557,22.564,22.549,22.518,22.518,22.51,22.557,22.549,22.557,22.595,22.541,22.564,22.557,22.541,22.541,22.557,22.549,22.549,22.564,22.549,22.541,22.518,22.51,22.518,22.503,22.495,22.549,22.526,22.518,22.534,22.503,22.518,22.518,22.526,22.479,22.495,22.526,22.526,22.518,22.541,22.534,22.526,22.534,22.464,22.526,22.503,22.51,22.518,22.526,22.534
,22.294,22.317,22.317,22.317,22.309,22.294,22.294,22.271,22.278,22.278,22.278,22.294,22.278,22.286,22.325,22.325,22.34,22.356,22.332,22.348,22.356,22.34,22.348,22.371,22.356,22.371,22.356,22.348,22.363,22.356,22.348,22.348,22.348,22.34,22.348,22.34,22.34,22.309,22.34,22.309,22.325,22.325,22.34,22.332,22.348,22.325,22.34,22.325,22.325,22.325,22.34,22.348,22.379,22.363,22.371,22.387,22.402,22.394,22.379,22.371,22.371,22.371,22.371,22.41,22.41,22.441,22.41,22.449,22.449,22.456,22.464,22.464,22.449,22.449,22.449,22.449,22.456,22.472,22.472,22.472,22.479,22.464,22.456,22.449,22.449,22.464,22.472,22.464,22.487,22.479,22.487,22.479,22.479,22.487,22.472,22.479,22.487,22.487,22.503,22.503,22.518,22.518,22.518,22.518,22.549,22.549,22.557,22.572,22.572,22.588,22.588,22.588,22.588,22.595,22.603,22.603,22.611,22.611,22.619,22.626,22.626,22.634,22.642,22.634,22.634,22.649,22.619,22.626,22.657,22.665,22.68,22.719,22.688,22.711,22.703,22.719,22.711,22.711,22.711,22.734,22.719,22.727,22.742,22.742,22.742,22.75,22.765,22.765,22.765,22.757,22.796,22.788,22.811,22.842,22.85,22.85,22.865,22.881,22.881,22.896,22.904,22.911,22.919,22.934,22.942,22.965,22.973,22.981,23.004,23.011,23.011,23.05,23.058,23.088,23.111,23.127,23.134,23.15,23.142,23.157,23.188,23.219,23.265,23.288,23.296,23.326,23.334,23.326,23.334,23.364,23.38,23.41,23.441,23.479,23.495,23.533,23.541,23.571,23.617,23.632,23.701,23.716,23.747,23.777,23.816,23.854,23.877,23.884,23.968,24.006,24.029,24.067,24.105,24.113,24.196,24.242,24.265,24.356,24.485,24.886,25.089,25.277,25.653,26.004,26.049,26.101,26.072,26.064,26.019,25.765,25.555,25.608,25.93,27.488,31.852,33.138,33.355,34.071,34.189,34.216,34.223,34.279,34.313,34.361,34.569,34.651,34.631,34.713,34.789,34.92,35.071,35.167,35.366,35.462,35.537,35.544,35.565,35.619,35.64,35.653,35.633,35.612,35.592,35.565,35.53,35.558,35.571,35.626,35.653,35.653,35.653,35.558,34.968,34.348,33.236,31.824,31.604,31.647,32.127,32.332,32.113,31.986,31.972,32.662,33.508,34.396,34.105,34.015,34.748,35.626,35.776,36.369,36.477,36.518,36.592,36.45,36.423,36.396,36.348,36.335,36.26,36.287,36.226,36.029,35.933,35.845,35.886,35.954,35.715,35.64,35.592,35.722,35.674,35.715,35.81,35.783,35.851,35.872,36.015,36.076,36.178,36.321,36.464,36.423,36.45,36.375,36.314,36.226,36.104,36.104,36.083,36.042,35.981,35.831,35.851,35.763,35.674,35.688,35.626,35.688,35.558,35.448,34.707,33.995,33.383,33.11,32.24,32.17,31.249,31.207,31.128,31.242,30.135,29.933,30.328,30.608,32.374,34.431,34.582,34.858,35.002,35.044,35.071,35.057,35.229,35.284,35.318,35.318,35.304,35.284,35.256,35.188,35.119,35.078,34.851,34.755,34.686,34.596,34.555,34.5,34.465,34.355,34.382,33.696,31.59,26.778,25.51,25.338,25.029,24.961,24.931,24.893,24.833,24.742,24.689,24.629,24.576,24.507,24.492,24.447,24.401,24.356,24.318,24.31,24.287,24.227,24.219,24.166,24.128,24.09,24.052,24.029,23.968,23.968,23.907,23.869,23.854,23.846,23.846,23.808,23.762,23.732,23.701,23.678,23.663,23.64,23.609,23.586,23.564,23.556,23.533,23.533,23.495,23.472,23.479,23.456,23.456,23.449,23.441,23.426,23.426,23.41,23.395,23.395,23.38,23.357,23.326,23.334,23.319,23.311,23.303,23.296,23.296,23.28,23.272,23.257,23.28,23.272,23.226,23.234,23.249,23.234,23.242,23.226,23.196,23.165,23.165,23.142,23.127,23.119,23.134,23.127,23.119,23.134,23.127,23.119,23.111,23.096,23.096,23.088,23.088,23.096,23.119,23.104,23.096,23.065,23.073,23.073,23.088,23.042,23.034,23.011,22.996,22.996,22.981,22.973,22.965,22.942,22.942,22.95,22.942,22.934,22.95,22.934,22.942,22.919,22.919,22.927,22.919,22.904,22.904,22.911,22.904,22.896,22.888,22.873,22.881,22.888,22.881,22.873,22.85,22.865,22.873,22.834,22.827,22.858,22.85,22.85,22.85,22.834,22.827,22.811,22.796,22.788,22.773,22.765,22.765,22.765,22.765,22.757,22.742,22.742,22.719,22.719,22.719,22.673,22.68,22.657,22.665,22.688,22.688,22.68,22.673,22.665,22.626,22.634,22.649,22.649,22.649,22.649,22.657,22.642,22.611,22.611,22.595,22.634,22.657,22.673,22.673,22.665,22.665,22.626,22.634,22.619,22.626,22.588,22.564,22.588,22.588,22.58,22.588,22.603,22.572,22.588,22.549,22.572,22.588,22.595,22.58,22.572,22.58,22.557,22.534,22.526,22.518,22.557,22.541,22.572,22.595,22.588,22.557,22.572,22.557,22.541,22.541,22.526,22.564,22.58,22.572,22.541,22.557,22.541,22.549,22.518,22.51,22.51,22.51,22.51,22.526,22.526,22.534,22.541,22.549,22.51,22.526,22.572,22.541,22.518,22.564,22.541,22.534,22.541,22.557,22.534,22.503,22.51,22.526,22.526,22.541,22.572
,22.302,22.317,22.317,22.325,22.325,22.294,22.271,22.263,22.286,22.286,22.278,22.278,22.286,22.278,22.317,22.332,22.348,22.348,22.34,22.34,22.348,22.363,22.34,22.363,22.371,22.356,22.363,22.34,22.356,22.356,22.356,22.363,22.356,22.356,22.34,22.332,22.325,22.325,22.332,22.387,22.348,22.363,22.348,22.348,22.363,22.34,22.34,22.34,22.34,22.325,22.348,22.363,22.363,22.356,22.387,22.379,22.387,22.387,22.371,22.363,22.387,22.387,22.402,22.425,22.394,22.456,22.425,22.441,22.464,22.449,22.456,22.464,22.449,22.441,22.464,22.456,22.479,22.479,22.479,22.479,22.464,22.464,22.464,22.464,22.479,22.479,22.503,22.479,22.479,22.479,22.479,22.479,22.487,22.479,22.487,22.487,22.464,22.487,22.487,22.51,22.541,22.534,22.51,22.526,22.526,22.534,22.564,22.58,22.572,22.588,22.595,22.58,22.588,22.595,22.611,22.611,22.619,22.626,22.626,22.634,22.634,22.642,22.642,22.642,22.649,22.634,22.634,22.626,22.649,22.665,22.68,22.696,22.711,22.711,22.711,22.703,22.703,22.703,22.727,22.711,22.727,22.742,22.742,22.742,22.757,22.75,22.742,22.742,22.765,22.78,22.796,22.819,22.827,22.827,22.834,22.842,22.865,22.888,22.888,22.896,22.896,22.904,22.919,22.927,22.934,22.942,22.958,22.981,22.988,23.004,23.019,23.042,23.042,23.073,23.104,23.173,23.142,23.127,23.142,23.142,23.165,23.203,23.249,23.272,23.288,23.303,23.319,23.334,23.334,23.372,23.38,23.387,23.433,23.449,23.495,23.518,23.541,23.579,23.594,23.663,23.701,23.724,23.739,23.762,23.777,23.816,23.838,23.915,23.96,23.983,24.029,24.059,24.067,24.113,24.166,24.249,24.257,24.394,24.629,24.863,25.285,25.638,25.72,26.019,26.161,26.407,26.355,26.116,26.034,26.042,25.96,25.735,25.877,26.838,31.746,33.089,33.473,34.064,34.168,34.272,34.285,34.299,34.348,34.465,34.5,34.665,34.707,34.727,34.803,34.892,34.989,35.154,35.332,35.373,35.51,35.537,35.585,35.606,35.619,35.619,35.647,35.612,35.578,35.496,35.524,35.524,35.578,35.599,35.592,35.606,35.51,34.693,34.147,33.096,31.831,31.703,31.647,31.519,31.739,31.965,32.064,31.923,32.092,32.83,34.195,34.892,34.555,34.858,35.585,36.246,36.321,36.355,36.545,36.599,36.606,36.572,36.647,36.504,36.355,36.389,36.396,36.335,36.307,36.287,36.015,35.995,35.981,35.981,35.94,35.906,35.845,35.817,35.742,35.838,35.858,35.865,35.988,36.069,36.117,36.287,36.267,36.477,36.531,36.498,36.464,36.477,36.335,36.274,36.24,36.172,36.144,36.11,36.049,36.008,35.967,35.81,35.756,35.715,35.66,35.681,35.626,35.612,35.565,35.215,34.769,34.617,33.626,33.452,33.103,32.254,31.448,32.395,30.579,29.876,30.536,30.515,32.465,34.258,34.824,34.913,34.989,35.016,35.016,35.092,35.119,35.202,35.263,35.277,35.27,35.27,35.236,35.215,35.195,35.057,34.81,34.7,34.651,34.569,34.5,34.472,34.424,34.368,34.223,33.654,31.328,26.325,25.413,25.24,25.006,24.969,24.946,24.855,24.818,24.712,24.629,24.613,24.583,24.53,24.485,24.447,24.394,24.363,24.333,24.303,24.265,24.249,24.211,24.173,24.143,24.097,24.059,24.037,23.991,23.976,23.93,23.899,23.861,23.846,23.846,23.808,23.77,23.739,23.701,23.709,23.671,23.632,23.617,23.602,23.586,23.556,23.525,23.51,23.495,23.479,23.487,23.464,23.472,23.456,23.441,23.433,23.433,23.418,23.418,23.403,23.395,23.357,23.357,23.341,23.326,23.319,23.303,23.319,23.303,23.288,23.28,23.28,23.257,23.257,23.242,23.249,23.242,23.249,23.249,23.226,23.203,23.196,23.18,23.15,23.142,23.127,23.111,23.104,23.119,23.119,23.127,23.111,23.111,23.104,23.134,23.104,23.096,23.081,23.088,23.119,23.073,23.088,23.088,23.073,23.088,23.058,23.019,23.027,23.004,22.996,23.004,23.004,22.981,22.981,22.934,22.934,22.95,22.973,22.942,22.942,22.927,22.919,22.927,22.911,22.911,22.904,22.904,22.919,22.911,22.896,22.896,22.896,22.888,22.896,22.873,22.888,22.881,22.881,22.896,22.881,22.865,22.858,22.85,22.85,22.858,22.842,22.842,22.827,22.804,22.804,22.796,22.773,22.773,22.773,22.765,22.75,22.75,22.75,22.719,22.719,22.703,22.696,22.688,22.696,22.688,22.696,22.696,22.673,22.657,22.68,22.626,22.634,22.634,22.649,22.657,22.657,22.657,22.649,22.649,22.649,22.642,22.634,22.68,22.68,22.673,22.665,22.665,22.603,22.649,22.619,22.649,22.588,22.564,22.588,22.58,22.611,22.595,22.572,22.557,22.564,22.58,22.588,22.603,22.588,22.58,22.572,22.572,22.557,22.541,22.541,22.541,22.549,22.58,22.534,22.595,22.58,22.541,22.588,22.549,22.557,22.541,22.549,22.557,22.541,22.541,22.572,22.534,22.534,22.541,22.534,22.526,22.526,22.526,22.503,22.518,22.503,22.534,22.479,22.51,22.503,22.51,22.549,22.503,22.534,22.518,22.541,22.534,22.549,22.534,22.534,22.51,22.479,22.51,22.526,22.58,22.603
,22.34,22.332,22.356,22.348,22.325,22.278,22.278,22.278,22.294,22.286,22.302,22.294,22.309,22.309,22.363,22.317,22.348,22.356,22.363,22.356,22.348,22.348,22.348,22.356,22.34,22.348,22.348,22.34,22.348,22.34,22.348,22.356,22.363,22.356,22.356,22.332,22.332,22.348,22.325,22.332,22.348,22.363,22.356,22.348,22.348,22.348,22.332,22.325,22.325,22.332,22.34,22.348,22.356,22.371,22.371,22.363,22.379,22.387,22.402,22.402,22.394,22.379,22.394,22.394,22.394,22.394,22.425,22.433,22.464,22.449,22.464,22.472,22.464,22.456,22.472,22.456,22.479,22.456,22.464,22.472,22.449,22.472,22.464,22.449,22.479,22.449,22.472,22.495,22.472,22.479,22.479,22.487,22.479,22.487,22.479,22.464,22.472,22.464,22.479,22.503,22.51,22.495,22.51,22.526,22.518,22.549,22.564,22.58,22.58,22.58,22.58,22.588,22.595,22.611,22.619,22.619,22.626,22.626,22.619,22.634,22.626,22.642,22.649,22.649,22.649,22.642,22.626,22.634,22.657,22.665,22.688,22.719,22.703,22.703,22.703,22.703,22.696,22.703,22.719,22.711,22.719,22.734,22.734,22.734,22.757,22.757,22.757,22.757,22.765,22.78,22.796,22.819,22.827,22.827,22.842,22.873,22.881,22.888,22.888,22.888,22.896,22.904,22.911,22.911,22.934,22.942,22.95,22.965,22.996,22.996,23.027,23.042,23.042,23.073,23.096,23.127,23.119,23.134,23.119,23.134,23.18,23.173,23.219,23.265,23.265,23.28,23.296,23.311,23.334,23.364,23.387,23.41,23.433,23.456,23.495,23.525,23.548,23.586,23.609,23.64,23.701,23.724,23.747,23.755,23.785,23.808,23.838,23.899,23.938,23.983,24.021,24.037,24.082,24.128,24.173,24.272,24.287,24.409,24.689,25.127,25.3,25.638,25.84,26.049,26.385,26.377,26.548,26.526,26.265,26.124,26.139,26.087,26.101,26.815,31.114,32.907,33.222,34.029,34.119,34.306,34.279,34.348,34.361,34.361,34.61,34.624,34.741,34.796,34.879,34.844,35.044,35.092,35.291,35.414,35.462,35.544,35.592,35.599,35.606,35.612,35.592,35.619,35.517,35.482,35.428,35.462,35.462,35.462,35.462,35.476,34.679,33.578,32.991,32.078,31.767,31.916,31.533,31.192,31.958,32.318,32.367,32.064,32.24,33.418,34.796,35.304,35.147,35.524,35.892,36.301,36.396,36.416,36.538,36.667,36.687,36.701,36.728,36.728,36.762,36.491,36.552,36.484,36.436,36.43,36.355,36.192,36.28,36.11,36.138,36.069,35.954,36.001,35.892,35.94,36.09,36.069,36.117,36.151,36.212,36.301,36.409,36.626,36.592,36.62,36.552,36.511,36.423,36.287,36.246,36.199,36.28,36.185,36.144,36.069,36.063,36.001,35.926,35.763,35.831,35.776,35.667,35.735,35.701,35.633,35.469,35.119,34.748,34.596,34.078,33.501,33.418,33.012,31.313,29.955,30.743,30.822,32.592,34.313,34.81,34.879,34.989,35.009,35.016,35.002,35.085,35.167,35.243,35.243,35.208,35.25,35.229,35.215,35.188,35.099,34.803,34.686,34.576,34.555,34.493,34.438,34.368,34.403,34.154,33.445,30.572,26.258,25.405,25.292,25.044,24.938,24.901,24.878,24.81,24.727,24.704,24.613,24.568,24.538,24.507,24.47,24.401,24.379,24.295,24.28,24.257,24.242,24.227,24.196,24.151,24.113,24.082,24.037,23.998,23.96,23.915,23.899,23.877,23.877,23.846,23.816,23.785,23.747,23.724,23.686,23.671,23.648,23.64,23.602,23.571,23.564,23.541,23.525,23.495,23.479,23.487,23.487,23.479,23.479,23.464,23.456,23.433,23.433,23.426,23.403,23.395,23.38,23.372,23.341,23.319,23.326,23.319,23.311,23.288,23.303,23.288,23.28,23.265,23.272,23.257,23.257,23.257,23.249,23.249,23.219,23.211,23.196,23.18,23.165,23.157,23.134,23.119,23.111,23.119,23.127,23.111,23.104,23.111,23.096,23.111,23.104,23.096,23.088,23.081,23.088,23.088,23.065,23.088,23.065,23.073,23.058,23.027,23.034,23.034,23.027,23.011,23.019,22.965,22.942,22.988,22.965,22.988,22.981,22.965,22.973,22.934,22.934,22.927,22.927,22.919,22.919,22.904,22.911,22.904,22.904,22.896,22.888,22.881,22.881,22.888,22.881,22.896,22.881,22.888,22.881,22.873,22.85,22.842,22.85,22.85,22.842,22.85,22.85,22.819,22.796,22.796,22.78,22.773,22.773,22.765,22.773,22.765,22.773,22.757,22.703,22.703,22.711,22.688,22.703,22.68,22.688,22.696,22.688,22.688,22.642,22.642,22.649,22.657,22.657,22.665,22.665,22.665,22.665,22.665,22.657,22.649,22.649,22.657,22.657,22.649,22.657,22.657,22.657,22.642,22.634,22.595,22.58,22.611,22.58,22.572,22.588,22.588,22.572,22.564,22.557,22.572,22.588,22.58,22.595,22.595,22.58,22.572,22.557,22.541,22.557,22.534,22.572,22.564,22.549,22.572,22.549,22.588,22.611,22.541,22.541,22.549,22.549,22.526,22.557,22.541,22.557,22.549,22.526,22.526,22.518,22.518,22.534,22.51,22.503,22.526,22.503,22.518,22.541,22.503,22.51,22.526,22.495,22.495,22.518,22.572,22.541,22.549,22.557,22.541,22.518,22.518,22.518,22.487,22.526,22.549,22.619
,22.317,22.34,22.348,22.34,22.317,22.302,22.278,22.278,22.278,22.286,22.286,22.271,22.302,22.332,22.356,22.325,22.332,22.348,22.348,22.348,22.356,22.34,22.348,22.348,22.34,22.34,22.332,22.348,22.332,22.356,22.348,22.363,22.363,22.363,22.34,22.34,22.317,22.325,22.325,22.332,22.332,22.356,22.356,22.348,22.332,22.325,22.332,22.325,22.325,22.317,22.317,22.325,22.356,22.356,22.356,22.356,22.371,22.394,22.402,22.41,22.402,22.394,22.387,22.379,22.379,22.41,22.425,22.441,22.456,22.464,22.449,22.464,22.456,22.456,22.464,22.433,22.433,22.418,22.433,22.449,22.456,22.464,22.449,22.479,22.503,22.487,22.479,22.495,22.503,22.479,22.479,22.479,22.479,22.487,22.479,22.472,22.479,22.479,22.479,22.487,22.495,22.495,22.503,22.526,22.541,22.58,22.549,22.58,22.572,22.58,22.58,22.588,22.603,22.611,22.619,22.619,22.619,22.634,22.611,22.642,22.626,22.634,22.649,22.642,22.642,22.642,22.634,22.642,22.642,22.657,22.688,22.703,22.711,22.696,22.688,22.688,22.688,22.688,22.711,22.703,22.719,22.719,22.719,22.727,22.734,22.75,22.75,22.765,22.765,22.788,22.804,22.811,22.827,22.842,22.834,22.858,22.873,22.896,22.896,22.896,22.888,22.888,22.896,22.911,22.919,22.927,22.958,22.95,22.988,22.988,23.011,23.027,23.034,23.073,23.073,23.096,23.127,23.119,23.096,23.111,23.15,23.173,23.234,23.211,23.257,23.249,23.28,23.303,23.311,23.364,23.38,23.41,23.418,23.464,23.487,23.541,23.548,23.579,23.609,23.648,23.678,23.709,23.724,23.732,23.755,23.793,23.816,23.877,23.899,23.968,23.998,24.052,24.059,24.09,24.135,24.204,24.242,24.53,24.916,25.157,25.285,25.593,25.892,26.087,26.34,26.533,26.6,26.719,26.407,26.251,26.109,26.251,26.823,27.333,30.407,32.872,33.229,33.856,34.126,34.348,34.403,34.361,34.389,34.389,34.576,34.686,34.762,34.782,34.886,34.961,35.071,35.174,35.298,35.38,35.448,35.537,35.551,35.578,35.592,35.578,35.606,35.544,35.496,35.387,35.38,35.339,35.346,35.332,35.318,34.789,33.159,32.177,31.972,32.142,32.015,32.099,31.626,32.007,32.865,32.648,32.837,32.613,32.977,34.237,35.304,35.544,35.653,35.933,35.981,36.328,36.375,36.484,36.728,36.85,36.796,36.809,36.843,36.829,36.775,36.694,36.66,36.816,36.62,36.565,36.47,36.457,36.375,36.565,36.396,36.138,36.131,36.172,36.144,36.172,36.178,36.28,36.416,36.592,36.423,36.64,36.714,36.735,36.674,36.64,36.572,36.531,36.464,36.409,36.314,36.307,36.375,36.436,36.206,36.253,36.015,36.192,36.035,35.879,35.947,35.858,35.947,35.79,35.886,35.879,35.879,35.667,35.448,35.346,34.831,34.237,33.717,33.25,32.29,30.95,30.479,30.651,32.437,34.306,34.831,34.899,34.954,35.03,34.961,34.996,35.051,35.044,35.147,35.119,35.16,35.181,35.181,35.202,35.174,35.057,34.872,34.713,34.582,34.562,34.424,34.431,34.389,34.327,33.849,32.977,29.732,26.087,25.353,25.21,25.036,25.006,24.893,24.84,24.787,24.697,24.644,24.613,24.553,24.53,24.462,24.447,24.401,24.356,24.31,24.303,24.287,24.257,24.196,24.181,24.151,24.113,24.052,24.021,23.976,23.953,23.93,23.892,23.884,23.869,23.846,23.831,23.793,23.755,23.709,23.686,23.678,23.671,23.64,23.609,23.586,23.564,23.541,23.525,23.502,23.487,23.487,23.487,23.495,23.479,23.464,23.456,23.403,23.433,23.426,23.418,23.403,23.38,23.372,23.349,23.341,23.334,23.326,23.319,23.296,23.272,23.296,23.288,23.28,23.272,23.257,23.249,23.257,23.257,23.242,23.234,23.211,23.196,23.18,23.173,23.157,23.142,23.119,23.119,23.119,23.111,23.119,23.134,23.127,23.119,23.119,23.104,23.088,23.096,23.081,23.088,23.088,23.081,23.073,23.058,23.058,23.058,23.058,23.027,23.019,23.027,23.027,23.019,22.996,23.034,22.973,22.965,23.011,22.981,22.981,22.973,22.958,22.942,22.919,22.911,22.927,22.911,22.934,22.927,22.911,22.896,22.896,22.896,22.888,22.881,22.873,22.881,22.896,22.881,22.85,22.858,22.85,22.85,22.85,22.858,22.842,22.834,22.85,22.827,22.827,22.811,22.804,22.788,22.773,22.773,22.773,22.765,22.765,22.75,22.734,22.719,22.703,22.703,22.696,22.703,22.711,22.711,22.68,22.673,22.665,22.673,22.642,22.642,22.649,22.657,22.665,22.665,22.665,22.657,22.68,22.665,22.649,22.649,22.642,22.634,22.657,22.649,22.642,22.642,22.634,22.611,22.588,22.58,22.588,22.58,22.549,22.58,22.572,22.549,22.557,22.564,22.572,22.588,22.588,22.595,22.58,22.572,22.564,22.541,22.549,22.541,22.549,22.564,22.564,22.572,22.572,22.564,22.557,22.549,22.541,22.557,22.534,22.526,22.557,22.526,22.526,22.534,22.534,22.526,22.557,22.526,22.495,22.526,22.518,22.534,22.503,22.51,22.549,22.503,22.526,22.51,22.495,22.479,22.479,22.51,22.564,22.534,22.549,22.557,22.534,22.526,22.51,22.518,22.51,22.495,22.588,22.619
,22.278,22.317,22.332,22.348,22.34,22.309,22.286,22.278,22.286,22.278,22.278,22.309,22.34,22.356,22.34,22.34,22.34,22.356,22.348,22.356,22.348,22.348,22.34,22.356,22.348,22.332,22.325,22.34,22.332,22.348,22.356,22.356,22.363,22.356,22.348,22.34,22.317,22.309,22.317,22.332,22.317,22.34,22.348,22.34,22.332,22.332,22.34,22.356,22.34,22.348,22.317,22.34,22.332,22.348,22.348,22.348,22.387,22.394,22.394,22.41,22.394,22.402,22.402,22.394,22.402,22.41,22.41,22.441,22.464,22.479,22.456,22.464,22.456,22.449,22.479,22.449,22.456,22.456,22.441,22.456,22.456,22.456,22.479,22.487,22.51,22.487,22.51,22.51,22.479,22.503,22.464,22.472,22.472,22.472,22.479,22.479,22.479,22.472,22.479,22.495,22.479,22.495,22.495,22.495,22.534,22.549,22.564,22.564,22.572,22.572,22.58,22.588,22.595,22.626,22.634,22.634,22.619,22.634,22.642,22.642,22.626,22.611,22.619,22.619,22.642,22.634,22.626,22.649,22.649,22.673,22.696,22.696,22.703,22.696,22.68,22.68,22.68,22.68,22.696,22.696,22.711,22.719,22.742,22.75,22.765,22.757,22.765,22.773,22.788,22.804,22.804,22.827,22.827,22.819,22.842,22.85,22.881,22.896,22.896,22.896,22.881,22.888,22.896,22.911,22.919,22.934,22.95,22.965,22.981,22.988,23.004,23.019,23.042,23.05,23.073,23.081,23.104,23.111,23.104,23.119,23.127,23.188,23.211,23.211,23.257,23.249,23.272,23.296,23.326,23.357,23.387,23.403,23.426,23.449,23.51,23.518,23.533,23.586,23.617,23.632,23.678,23.693,23.716,23.732,23.77,23.777,23.816,23.869,23.907,23.945,23.983,24.029,24.052,24.105,24.135,24.204,24.379,24.682,24.795,25.157,25.292,25.593,25.87,26.019,26.265,26.518,26.667,26.697,26.682,26.466,26.333,26.176,26.637,27.037,30.142,32.914,33.201,33.863,34.071,34.403,34.451,34.375,34.41,34.444,34.527,34.72,34.775,34.851,34.947,34.982,35.064,35.195,35.277,35.325,35.393,35.469,35.524,35.571,35.585,35.571,35.571,35.537,35.462,35.407,35.339,35.346,35.277,35.195,35.133,33.619,31.852,31.916,32.718,32.648,32,32.184,32.085,32.718,32.83,33.082,33.11,33.995,34.624,35.428,35.872,35.995,36.022,36.151,36.301,36.369,36.457,36.66,36.802,36.883,36.877,36.944,36.938,36.985,36.836,36.802,36.91,36.863,36.856,36.816,36.775,36.721,36.626,36.714,36.613,36.586,36.538,36.443,36.47,36.464,36.47,36.504,36.579,36.714,36.883,36.856,37.012,37.079,36.965,36.877,36.748,36.687,36.728,36.531,36.721,36.62,36.457,36.626,36.443,36.328,36.335,36.226,36.144,36.117,36.178,36.199,36.165,36.158,36.151,36.185,36.267,36.001,35.906,35.633,35.243,34.831,34.112,33.613,33.236,31.824,30.45,30.515,32.212,34.085,34.837,34.851,34.872,34.941,34.982,34.975,35.002,35.044,35.044,35.112,35.133,35.16,35.16,35.188,35.14,35.133,34.92,34.755,34.631,34.507,34.396,34.396,34.375,34.279,33.779,32.886,29.24,26.049,25.315,25.247,25.104,24.938,24.901,24.818,24.772,24.712,24.659,24.613,24.591,24.545,24.492,24.454,24.379,24.363,24.295,24.272,24.257,24.242,24.204,24.166,24.128,24.082,24.044,24.006,23.983,23.953,23.938,23.907,23.899,23.861,23.846,23.823,23.8,23.747,23.716,23.724,23.686,23.663,23.648,23.625,23.586,23.571,23.556,23.541,23.518,23.495,23.487,23.495,23.487,23.479,23.479,23.456,23.426,23.441,23.426,23.418,23.403,23.395,23.38,23.357,23.372,23.341,23.311,23.326,23.319,23.303,23.288,23.296,23.28,23.272,23.257,23.257,23.249,23.242,23.242,23.219,23.211,23.196,23.196,23.173,23.157,23.134,23.142,23.119,23.142,23.119,23.134,23.15,23.142,23.127,23.127,23.104,23.088,23.088,23.096,23.096,23.088,23.088,23.065,23.065,23.05,23.05,23.034,23.027,23.019,23.027,23.042,23.034,23.034,23.027,23.011,23.011,23.011,22.981,23.004,23.004,22.958,22.934,22.911,22.911,22.911,22.919,22.911,22.919,22.919,22.911,22.896,22.888,22.888,22.888,22.873,22.888,22.881,22.888,22.896,22.865,22.858,22.858,22.858,22.858,22.85,22.865,22.85,22.85,22.842,22.827,22.804,22.788,22.78,22.773,22.773,22.773,22.757,22.757,22.765,22.734,22.719,22.719,22.688,22.696,22.703,22.688,22.688,22.673,22.657,22.649,22.657,22.665,22.657,22.665,22.665,22.665,22.665,22.673,22.657,22.673,22.657,22.649,22.634,22.634,22.619,22.634,22.649,22.634,22.626,22.619,22.603,22.572,22.58,22.58,22.588,22.588,22.564,22.564,22.549,22.58,22.572,22.572,22.588,22.595,22.588,22.595,22.549,22.541,22.541,22.541,22.541,22.564,22.541,22.557,22.549,22.549,22.541,22.549,22.557,22.541,22.534,22.526,22.541,22.526,22.549,22.534,22.534,22.541,22.534,22.549,22.479,22.51,22.518,22.51,22.518,22.541,22.51,22.518,22.479,22.495,22.495,22.487,22.541,22.526,22.526,22.557,22.541,22.557,22.541,22.518,22.518,22.51,22.487,22.534,22.503,22.51
,22.286,22.348,22.356,22.348,22.348,22.309,22.302,22.302,22.302,22.302,22.302,22.286,22.309,22.356,22.348,22.325,22.34,22.348,22.356,22.356,22.356,22.356,22.356,22.348,22.356,22.348,22.332,22.34,22.34,22.34,22.348,22.348,22.348,22.34,22.34,22.317,22.317,22.309,22.317,22.325,22.332,22.332,22.332,22.325,22.332,22.309,22.332,22.317,22.34,22.332,22.34,22.325,22.34,22.325,22.348,22.363,22.371,22.387,22.371,22.387,22.41,22.394,22.394,22.402,22.402,22.394,22.418,22.433,22.449,22.464,22.456,22.472,22.449,22.449,22.449,22.441,22.441,22.418,22.456,22.441,22.449,22.464,22.479,22.479,22.487,22.503,22.51,22.487,22.479,22.464,22.472,22.472,22.472,22.479,22.487,22.479,22.479,22.479,22.479,22.456,22.464,22.479,22.495,22.518,22.518,22.564,22.557,22.564,22.557,22.564,22.572,22.619,22.603,22.611,22.626,22.626,22.634,22.619,22.603,22.603,22.619,22.611,22.611,22.611,22.619,22.634,22.634,22.634,22.642,22.665,22.68,22.688,22.696,22.688,22.68,22.68,22.665,22.665,22.68,22.688,22.696,22.727,22.727,22.75,22.757,22.757,22.804,22.788,22.796,22.804,22.819,22.811,22.834,22.827,22.873,22.881,22.881,22.888,22.881,22.873,22.881,22.888,22.896,22.911,22.927,22.942,22.958,22.973,22.981,22.996,23.004,23.011,23.027,23.042,23.058,23.065,23.081,23.088,23.088,23.073,23.165,23.165,23.196,23.203,23.226,23.249,23.28,23.288,23.303,23.357,23.38,23.403,23.433,23.449,23.472,23.502,23.525,23.579,23.609,23.632,23.663,23.693,23.709,23.724,23.747,23.762,23.8,23.831,23.892,23.922,23.968,23.991,24.029,24.059,24.12,24.211,24.371,24.704,24.931,25.104,25.277,25.51,25.892,26.116,26.37,26.578,26.622,26.83,26.771,26.689,26.548,26.466,26.8,27.067,28.513,32.732,33.089,33.668,34.064,34.375,34.451,34.41,34.396,34.486,34.562,34.707,34.789,34.879,34.961,35.002,35.071,35.195,35.263,35.339,35.332,35.435,35.517,35.558,35.592,35.585,35.565,35.592,35.469,35.393,35.318,35.263,35.236,34.996,33.821,32.381,31.803,32.529,33.075,32.297,32.198,32.585,32.76,32.774,32.844,33.884,34.119,34.975,35.551,35.776,35.981,36.063,36.165,36.294,36.389,36.525,36.721,36.782,36.877,36.944,36.985,36.992,37.052,37.032,36.924,36.992,37.019,36.938,36.843,36.856,36.843,36.836,36.917,37.005,36.938,36.91,36.958,36.91,36.938,36.951,37.073,37.052,37.046,37.194,37.16,37.221,37.147,37.174,37.133,37.194,37.012,37.079,37.012,36.985,36.883,36.877,36.843,36.714,36.559,36.504,36.403,36.45,36.484,36.362,36.559,36.531,36.538,36.586,36.491,36.43,36.28,36.144,35.981,35.817,35.708,35.558,34.879,33.995,33.32,32.332,31.228,30.636,32.416,34.043,34.755,34.81,34.837,34.886,34.947,34.947,34.961,34.968,35.044,35.092,35.119,35.154,35.154,35.174,35.147,35.057,34.865,34.603,34.534,34.41,34.389,34.306,34.175,34.119,33.633,32.753,28.972,25.862,25.285,25.134,25.082,24.931,24.855,24.803,24.757,24.727,24.644,24.598,24.576,24.53,24.485,24.462,24.371,24.333,24.287,24.272,24.249,24.219,24.196,24.166,24.105,24.075,24.044,23.991,23.976,23.945,23.93,23.907,23.884,23.861,23.838,23.816,23.785,23.755,23.732,23.709,23.686,23.663,23.64,23.602,23.594,23.579,23.556,23.541,23.51,23.51,23.487,23.487,23.502,23.479,23.464,23.464,23.464,23.433,23.426,23.426,23.41,23.395,23.387,23.364,23.341,23.334,23.319,23.311,23.303,23.296,23.296,23.288,23.288,23.272,23.265,23.249,23.234,23.234,23.226,23.219,23.211,23.196,23.188,23.18,23.173,23.157,23.119,23.142,23.142,23.142,23.142,23.142,23.15,23.142,23.119,23.104,23.088,23.096,23.088,23.096,23.096,23.096,23.073,23.065,23.05,23.05,23.042,23.027,23.027,23.027,23.019,23.027,23.042,23.011,23.011,22.988,22.973,22.965,23.011,22.996,22.95,22.919,22.919,22.911,22.911,22.95,22.934,22.942,22.927,22.919,22.904,22.888,22.881,22.881,22.881,22.873,22.873,22.888,22.888,22.873,22.865,22.865,22.858,22.858,22.858,22.85,22.858,22.834,22.85,22.827,22.796,22.788,22.796,22.788,22.78,22.765,22.78,22.75,22.742,22.734,22.742,22.734,22.696,22.68,22.703,22.719,22.688,22.68,22.673,22.688,22.68,22.673,22.657,22.665,22.665,22.649,22.657,22.642,22.649,22.649,22.634,22.657,22.649,22.626,22.634,22.626,22.634,22.634,22.626,22.619,22.603,22.58,22.564,22.595,22.58,22.58,22.58,22.58,22.564,22.58,22.564,22.572,22.572,22.588,22.588,22.564,22.557,22.557,22.549,22.549,22.564,22.564,22.557,22.526,22.503,22.518,22.549,22.541,22.534,22.526,22.526,22.534,22.557,22.557,22.541,22.541,22.541,22.557,22.534,22.541,22.526,22.503,22.472,22.518,22.503,22.487,22.503,22.518,22.503,22.495,22.526,22.51,22.495,22.557,22.518,22.534,22.549,22.549,22.557,22.549,22.526,22.51,22.51,22.51,22.495,22.487
,22.271,22.294,22.286,22.34,22.302,22.302,22.302,22.302,22.294,22.294,22.302,22.278,22.317,22.325,22.34,22.34,22.332,22.34,22.356,22.356,22.371,22.348,22.379,22.356,22.363,22.34,22.348,22.348,22.348,22.348,22.332,22.34,22.348,22.34,22.356,22.325,22.317,22.309,22.317,22.325,22.325,22.332,22.325,22.294,22.332,22.317,22.348,22.34,22.332,22.348,22.34,22.332,22.325,22.34,22.356,22.363,22.363,22.371,22.371,22.371,22.394,22.402,22.418,22.41,22.394,22.425,22.402,22.394,22.441,22.449,22.456,22.456,22.433,22.449,22.449,22.441,22.456,22.449,22.449,22.441,22.456,22.464,22.472,22.495,22.487,22.495,22.487,22.487,22.472,22.479,22.464,22.472,22.479,22.495,22.487,22.479,22.479,22.479,22.464,22.472,22.487,22.472,22.487,22.495,22.518,22.549,22.541,22.549,22.549,22.572,22.58,22.588,22.595,22.603,22.619,22.611,22.634,22.657,22.595,22.619,22.595,22.588,22.595,22.603,22.603,22.619,22.611,22.649,22.649,22.665,22.673,22.673,22.688,22.673,22.68,22.665,22.665,22.665,22.68,22.673,22.711,22.757,22.742,22.75,22.75,22.765,22.78,22.796,22.804,22.819,22.819,22.827,22.842,22.858,22.873,22.858,22.873,22.888,22.873,22.881,22.881,22.888,22.896,22.911,22.927,22.942,22.958,22.965,23.004,22.996,22.988,23.011,23.019,23.027,23.042,23.065,23.042,23.104,23.127,23.127,23.15,23.18,23.196,23.226,23.219,23.234,23.257,23.257,23.296,23.326,23.341,23.364,23.41,23.426,23.456,23.495,23.51,23.564,23.594,23.632,23.663,23.693,23.709,23.709,23.732,23.724,23.785,23.854,23.861,23.907,23.938,23.953,24.006,24.067,24.097,24.227,24.523,24.742,24.901,25.142,25.292,25.525,25.855,26.012,26.318,26.459,26.778,26.852,26.875,26.815,26.882,26.763,26.83,27.037,28.112,31.986,32.971,33.452,33.863,34.438,34.465,34.396,34.424,34.465,34.569,34.686,34.782,34.886,34.947,35.023,35.126,35.16,35.243,35.291,35.346,35.387,35.482,35.489,35.571,35.578,35.585,35.571,35.544,35.346,35.291,35.311,35.064,34.658,33.48,33.124,31.909,32.55,32.795,32.774,32.844,32.984,33.313,33.229,33.766,34.472,35.119,35.565,35.845,35.933,36.11,36.212,36.403,36.409,36.586,36.687,36.782,36.87,36.931,36.992,37.025,37.086,37.14,37.113,37.14,37.14,37.167,37.201,37.1,37.066,37.248,37.261,37.349,37.477,37.342,37.396,37.483,37.564,37.591,37.645,37.631,37.544,37.45,37.349,37.261,37.335,37.329,37.275,37.241,37.221,37.086,37.187,37.1,37.073,37.059,37.005,36.931,36.735,36.606,36.647,36.647,36.653,36.626,36.613,36.64,36.701,36.708,36.748,36.748,36.687,36.572,36.301,36.097,36.042,35.824,35.838,35.715,35.167,33.835,32.732,32.085,31.164,32.437,33.703,34.741,34.769,34.789,34.824,34.92,34.941,34.934,35.002,34.954,35.085,35.119,35.16,35.167,35.14,35.133,35.051,34.899,34.638,34.486,34.403,34.361,34.272,34.119,33.967,33.48,32.55,28.382,25.84,25.315,25.119,25.036,24.954,24.878,24.81,24.742,24.704,24.651,24.613,24.56,24.515,24.462,24.416,24.386,24.341,24.303,24.272,24.242,24.211,24.196,24.143,24.09,24.082,24.006,23.991,23.968,23.96,23.938,23.899,23.892,23.861,23.838,23.808,23.785,23.724,23.724,23.709,23.686,23.663,23.64,23.625,23.609,23.586,23.564,23.548,23.525,23.502,23.495,23.495,23.479,23.487,23.479,23.441,23.441,23.433,23.441,23.418,23.41,23.395,23.38,23.364,23.349,23.341,23.326,23.341,23.288,23.319,23.296,23.303,23.288,23.272,23.272,23.257,23.242,23.234,23.234,23.226,23.219,23.203,23.18,23.165,23.157,23.142,23.142,23.15,23.157,23.157,23.142,23.142,23.142,23.127,23.127,23.111,23.088,23.096,23.096,23.104,23.111,23.104,23.081,23.073,23.065,23.05,23.034,23.027,23.027,23.027,23.027,23.042,23.019,23.019,23.004,23.004,22.996,22.965,22.981,23.011,22.927,22.95,22.919,22.911,22.927,22.95,22.942,22.942,22.934,22.919,22.919,22.896,22.881,22.888,22.873,22.865,22.881,22.888,22.888,22.881,22.881,22.873,22.881,22.873,22.873,22.865,22.873,22.842,22.858,22.811,22.842,22.811,22.819,22.773,22.78,22.796,22.78,22.765,22.75,22.75,22.719,22.773,22.688,22.696,22.673,22.696,22.696,22.696,22.696,22.688,22.688,22.665,22.665,22.657,22.642,22.634,22.649,22.619,22.642,22.665,22.665,22.688,22.642,22.626,22.626,22.634,22.634,22.626,22.619,22.603,22.603,22.588,22.588,22.557,22.564,22.595,22.595,22.588,22.58,22.564,22.588,22.557,22.603,22.564,22.564,22.572,22.564,22.541,22.541,22.541,22.557,22.572,22.526,22.534,22.51,22.51,22.518,22.51,22.526,22.526,22.557,22.495,22.495,22.541,22.557,22.572,22.572,22.572,22.549,22.534,22.526,22.503,22.51,22.503,22.503,22.549,22.534,22.503,22.51,22.503,22.487,22.503,22.479,22.503,22.495,22.534,22.549,22.534,22.541,22.526,22.534,22.526,22.549,22.503,22.479,22.472
,22.232,22.294,22.294,22.294,22.302,22.286,22.302,22.309,22.302,22.309,22.302,22.332,22.302,22.317,22.332,22.34,22.34,22.348,22.348,22.348,22.34,22.325,22.356,22.356,22.348,22.348,22.348,22.34,22.332,22.317,22.325,22.348,22.363,22.363,22.332,22.294,22.309,22.309,22.309,22.317,22.332,22.332,22.309,22.309,22.332,22.332,22.332,22.34,22.348,22.356,22.34,22.356,22.34,22.34,22.348,22.363,22.363,22.356,22.371,22.371,22.394,22.402,22.394,22.41,22.402,22.41,22.394,22.41,22.418,22.441,22.449,22.441,22.441,22.433,22.449,22.433,22.449,22.472,22.464,22.456,22.449,22.456,22.472,22.472,22.472,22.479,22.472,22.464,22.472,22.464,22.464,22.479,22.479,22.487,22.487,22.487,22.495,22.472,22.479,22.472,22.456,22.456,22.472,22.464,22.518,22.526,22.534,22.549,22.549,22.564,22.572,22.588,22.588,22.603,22.611,22.603,22.611,22.649,22.603,22.626,22.611,22.58,22.588,22.588,22.588,22.588,22.603,22.642,22.642,22.657,22.665,22.665,22.665,22.673,22.673,22.673,22.665,22.657,22.657,22.673,22.703,22.727,22.711,22.727,22.75,22.757,22.788,22.804,22.811,22.827,22.827,22.827,22.842,22.842,22.85,22.858,22.873,22.881,22.881,22.881,22.873,22.873,22.904,22.904,22.934,22.95,22.95,22.981,22.988,22.981,22.988,23.004,23.011,23.019,23.027,23.042,23.058,23.088,23.119,23.134,23.15,23.18,23.203,23.211,23.226,23.234,23.242,23.272,23.303,23.303,23.341,23.372,23.38,23.418,23.449,23.479,23.495,23.525,23.564,23.602,23.655,23.678,23.693,23.709,23.739,23.747,23.793,23.831,23.838,23.892,23.899,23.922,23.945,24.021,24.151,24.287,24.454,24.576,24.855,25.097,25.33,25.608,25.788,25.892,26.31,26.496,26.823,27.015,27.008,26.926,27.052,27.008,26.971,27.111,28.075,31.689,32.872,33.529,33.8,34.361,34.389,34.375,34.389,34.424,34.582,34.645,34.769,34.879,34.954,35.064,35.119,35.188,35.236,35.277,35.311,35.373,35.448,35.571,35.599,35.612,35.544,35.571,35.496,35.325,35.318,35.243,35.16,34.796,34.596,33.208,32.057,32.219,32.921,33.25,33.173,33.48,33.647,33.654,34.555,35.243,35.845,35.81,36.035,36.042,36.253,36.443,36.572,36.613,36.728,36.769,36.877,36.91,37.019,37.012,37.133,37.167,37.268,37.376,37.369,37.376,37.342,37.436,37.45,37.416,37.49,37.598,37.584,37.578,37.584,37.618,37.631,37.638,37.766,37.692,37.678,37.625,37.551,37.497,37.43,37.315,37.329,37.248,37.261,37.228,37.127,37.066,37.093,37.052,37.005,36.992,36.958,36.829,36.728,36.701,36.687,36.647,36.701,36.64,36.721,36.769,36.816,36.823,36.843,36.653,36.389,36.246,36.131,36.069,35.913,35.879,35.797,35.647,34.954,33.779,33.054,32.142,33.599,34.458,34.734,34.72,34.755,34.844,34.865,34.886,34.934,34.934,35.009,35.14,35.174,35.195,35.181,35.195,35.16,35.078,34.947,34.589,34.486,34.361,34.279,34.154,33.967,33.619,33.438,32.29,27.98,25.705,25.292,25.082,25.014,24.954,24.863,24.81,24.75,24.712,24.644,24.598,24.545,24.515,24.462,24.432,24.379,24.341,24.287,24.242,24.234,24.196,24.189,24.143,24.082,24.059,24.006,24.006,23.968,23.96,23.945,23.907,23.899,23.877,23.816,23.777,23.762,23.739,23.716,23.709,23.701,23.648,23.648,23.625,23.625,23.594,23.579,23.556,23.518,23.518,23.502,23.479,23.479,23.487,23.464,23.464,23.464,23.441,23.433,23.418,23.403,23.403,23.372,23.38,23.349,23.311,23.341,23.311,23.303,23.303,23.296,23.319,23.288,23.272,23.265,23.249,23.242,23.234,23.234,23.226,23.219,23.203,23.188,23.173,23.165,23.173,23.165,23.157,23.142,23.157,23.15,23.134,23.142,23.111,23.119,23.111,23.081,23.104,23.088,23.104,23.096,23.104,23.096,23.088,23.065,23.034,23.027,23.027,23.019,23.019,23.034,23.034,23.034,23.011,22.996,22.965,22.973,22.996,22.996,22.981,22.95,22.934,22.911,22.927,22.911,22.934,22.934,22.934,22.934,22.919,22.911,22.896,22.896,22.881,22.881,22.881,22.888,22.888,22.881,22.888,22.873,22.873,22.873,22.85,22.873,22.873,22.865,22.827,22.827,22.819,22.819,22.834,22.827,22.811,22.78,22.796,22.796,22.78,22.757,22.75,22.727,22.719,22.703,22.688,22.696,22.688,22.688,22.696,22.703,22.696,22.703,22.68,22.68,22.665,22.634,22.626,22.626,22.626,22.649,22.673,22.673,22.673,22.657,22.649,22.642,22.626,22.619,22.619,22.619,22.588,22.611,22.588,22.572,22.564,22.58,22.572,22.588,22.595,22.595,22.572,22.572,22.58,22.619,22.58,22.58,22.58,22.557,22.557,22.549,22.549,22.541,22.534,22.518,22.495,22.495,22.487,22.495,22.51,22.518,22.526,22.541,22.503,22.564,22.588,22.572,22.572,22.564,22.564,22.549,22.534,22.503,22.495,22.479,22.487,22.503,22.518,22.526,22.518,22.518,22.51,22.487,22.479,22.51,22.479,22.503,22.472,22.495,22.51,22.526,22.534,22.534,22.541,22.534,22.51,22.495,22.456
,22.286,22.302,22.294,22.302,22.325,22.325,22.325,22.317,22.302,22.309,22.309,22.317,22.309,22.302,22.309,22.317,22.309,22.34,22.34,22.348,22.356,22.348,22.34,22.34,22.348,22.34,22.332,22.348,22.309,22.332,22.309,22.332,22.34,22.332,22.294,22.302,22.317,22.309,22.309,22.325,22.332,22.302,22.309,22.294,22.309,22.325,22.371,22.34,22.363,22.363,22.356,22.332,22.348,22.325,22.356,22.363,22.348,22.363,22.356,22.363,22.402,22.402,22.418,22.41,22.402,22.41,22.394,22.41,22.418,22.425,22.418,22.433,22.433,22.425,22.433,22.441,22.449,22.456,22.456,22.472,22.456,22.449,22.464,22.464,22.472,22.472,22.464,22.479,22.472,22.472,22.487,22.479,22.487,22.487,22.487,22.479,22.479,22.479,22.464,22.472,22.464,22.441,22.464,22.472,22.479,22.503,22.526,22.549,22.557,22.534,22.564,22.58,22.588,22.588,22.595,22.603,22.603,22.603,22.603,22.595,22.595,22.595,22.595,22.588,22.588,22.588,22.595,22.626,22.634,22.649,22.657,22.649,22.657,22.657,22.657,22.642,22.649,22.649,22.657,22.68,22.673,22.696,22.719,22.727,22.757,22.75,22.788,22.804,22.811,22.811,22.827,22.842,22.827,22.85,22.85,22.865,22.865,22.865,22.881,22.865,22.865,22.873,22.873,22.904,22.911,22.942,22.95,22.958,22.973,22.981,22.973,23.011,23.004,23.019,23.027,23.019,23.065,23.05,23.111,23.127,23.157,23.173,23.188,23.203,23.226,23.242,23.249,23.265,23.272,23.303,23.319,23.349,23.372,23.403,23.418,23.456,23.479,23.502,23.564,23.594,23.632,23.671,23.701,23.732,23.732,23.739,23.762,23.77,23.808,23.831,23.846,23.899,23.922,23.991,24.143,24.31,24.545,24.492,24.75,24.954,25.036,25.435,25.578,25.847,26.303,26.295,26.756,27.015,27.089,27.067,27.148,27.215,27.156,27.185,27.488,30.629,32.774,33.306,33.807,34.355,34.355,34.396,34.375,34.431,34.472,34.617,34.693,34.796,34.92,35.044,35.126,35.202,35.229,35.27,35.304,35.393,35.462,35.537,35.619,35.612,35.606,35.565,35.435,35.38,35.304,35.256,35.202,34.954,34.582,33.278,32.395,32.522,33.306,33.418,33.599,33.647,33.918,34.782,35.524,35.995,35.995,36.069,36.151,36.362,36.586,36.667,36.748,36.782,36.782,36.843,36.89,36.965,37.032,37.241,37.288,37.322,37.47,37.457,37.43,37.457,37.457,37.443,37.436,37.49,37.564,37.611,37.598,37.598,37.604,37.618,37.604,37.698,37.766,37.745,37.685,37.631,37.51,37.315,37.356,37.315,37.234,37.214,37.073,36.971,36.978,36.755,36.775,36.91,36.748,36.586,36.748,36.701,36.653,36.681,36.667,36.708,36.667,36.681,36.762,36.775,36.843,36.823,36.85,36.762,36.436,36.26,36.165,36.178,36.069,36.008,35.804,35.64,35.078,34.679,34.119,33.64,34.465,34.775,34.707,34.762,34.748,34.803,34.886,34.886,34.92,34.934,34.947,35.154,35.263,35.263,35.25,35.236,35.215,34.961,34.975,34.672,34.472,34.334,34.251,34.071,33.918,33.647,33.166,31.753,26.771,25.488,25.262,25.217,24.969,24.938,24.863,24.803,24.787,24.704,24.651,24.583,24.545,24.5,24.454,24.416,24.371,24.318,24.272,24.257,24.227,24.196,24.181,24.143,24.09,24.037,24.037,24.006,23.991,23.953,23.93,23.915,23.892,23.846,23.823,23.823,23.762,23.739,23.716,23.693,23.671,23.64,23.648,23.625,23.625,23.64,23.564,23.533,23.541,23.525,23.51,23.502,23.495,23.479,23.472,23.472,23.456,23.433,23.433,23.418,23.41,23.418,23.387,23.395,23.334,23.311,23.311,23.303,23.311,23.326,23.326,23.311,23.303,23.272,23.28,23.265,23.257,23.257,23.242,23.226,23.211,23.196,23.188,23.173,23.196,23.165,23.157,23.157,23.15,23.165,23.15,23.142,23.134,23.104,23.104,23.096,23.096,23.104,23.096,23.088,23.088,23.096,23.096,23.088,23.065,23.042,23.019,23.019,23.019,23.011,23.019,23.019,23.011,23.004,22.981,22.973,22.973,22.973,23.004,22.981,22.965,22.934,22.934,22.919,22.934,22.934,22.942,22.934,22.927,22.919,22.904,22.896,22.873,22.881,22.888,22.873,22.888,22.873,22.881,22.881,22.865,22.873,22.881,22.873,22.896,22.834,22.842,22.834,22.819,22.804,22.834,22.819,22.819,22.811,22.788,22.796,22.78,22.804,22.773,22.765,22.765,22.734,22.703,22.727,22.703,22.688,22.688,22.696,22.703,22.711,22.711,22.68,22.688,22.673,22.665,22.626,22.626,22.626,22.665,22.665,22.68,22.657,22.657,22.649,22.626,22.634,22.634,22.619,22.603,22.611,22.58,22.564,22.572,22.58,22.564,22.588,22.572,22.595,22.588,22.588,22.611,22.595,22.611,22.588,22.58,22.564,22.541,22.549,22.557,22.549,22.549,22.557,22.534,22.526,22.518,22.526,22.534,22.518,22.518,22.526,22.526,22.549,22.564,22.58,22.564,22.572,22.564,22.564,22.549,22.526,22.518,22.464,22.479,22.503,22.526,22.503,22.526,22.534,22.564,22.51,22.479,22.487,22.472,22.495,22.51,22.495,22.503,22.495,22.518,22.526,22.557,22.534,22.534,22.464,22.487,22.464
,22.255,22.294,22.302,22.302,22.317,22.317,22.302,22.317,22.294,22.271,22.286,22.294,22.271,22.294,22.278,22.294,22.317,22.34,22.348,22.356,22.363,22.34,22.332,22.332,22.348,22.325,22.317,22.325,22.325,22.317,22.302,22.317,22.34,22.332,22.309,22.325,22.302,22.309,22.34,22.348,22.278,22.332,22.309,22.294,22.309,22.317,22.332,22.356,22.371,22.348,22.356,22.348,22.356,22.348,22.356,22.348,22.363,22.356,22.356,22.371,22.394,22.394,22.41,22.41,22.41,22.41,22.41,22.41,22.394,22.41,22.418,22.433,22.425,22.433,22.433,22.441,22.441,22.464,22.472,22.495,22.479,22.456,22.456,22.464,22.479,22.479,22.479,22.456,22.495,22.464,22.472,22.479,22.487,22.487,22.472,22.472,22.464,22.479,22.495,22.441,22.456,22.472,22.449,22.479,22.487,22.518,22.541,22.526,22.549,22.557,22.564,22.58,22.588,22.58,22.588,22.588,22.595,22.603,22.611,22.619,22.603,22.595,22.58,22.58,22.572,22.58,22.588,22.603,22.626,22.665,22.657,22.642,22.642,22.642,22.634,22.665,22.642,22.657,22.657,22.665,22.673,22.703,22.711,22.727,22.727,22.75,22.765,22.78,22.811,22.811,22.827,22.834,22.85,22.842,22.85,22.858,22.865,22.865,22.881,22.873,22.865,22.865,22.888,22.896,22.904,22.934,22.958,22.973,22.942,22.942,22.973,22.996,22.996,23.004,23.011,23.042,23.065,23.073,23.111,23.127,23.15,23.165,23.18,23.203,23.219,23.234,23.242,23.249,23.28,23.296,23.326,23.349,23.38,23.403,23.441,23.449,23.487,23.525,23.548,23.586,23.609,23.678,23.678,23.716,23.739,23.732,23.755,23.77,23.785,23.808,23.8,23.838,23.915,24.021,24.128,24.303,24.424,24.613,24.765,24.825,25.172,25.383,25.533,25.615,25.81,26.37,26.622,26.875,27.097,27.133,27.274,27.429,27.583,27.465,27.664,29.854,32.683,33.327,34.002,34.313,34.348,34.348,34.341,34.368,34.472,34.562,34.707,34.796,34.92,34.989,35.105,35.167,35.215,35.256,35.284,35.359,35.462,35.619,35.633,35.633,35.619,35.476,35.352,35.332,35.311,35.243,35.208,35.085,34.879,33.633,32.851,33.236,33.348,33.856,34.036,34.161,35.064,35.763,36.015,36.131,36.253,36.633,36.769,36.883,36.856,36.816,36.762,36.809,36.796,36.883,36.998,37.073,37.14,37.295,37.275,37.389,37.483,37.409,37.43,37.436,37.436,37.416,37.16,37.174,37.329,37.497,37.551,37.557,37.544,37.591,37.557,37.625,37.772,37.759,37.524,37.463,37.288,37.234,37.154,37.234,37.113,36.951,36.728,36.66,36.43,36.538,36.572,36.511,36.382,36.348,36.423,36.47,36.389,36.545,36.653,36.62,36.626,36.714,36.741,36.809,36.809,36.843,36.823,36.755,36.403,36.219,36.233,36.11,36.063,35.974,35.94,35.612,35.578,35.236,34.989,34.596,34.837,34.769,34.748,34.713,34.769,34.796,34.837,34.899,34.927,34.961,35.057,35.25,35.298,35.311,35.325,35.25,35.174,35.002,34.879,34.707,34.589,34.375,34.202,34.099,33.932,33.564,33.124,31.328,26.526,25.555,25.262,25.172,24.999,24.886,24.848,24.81,24.75,24.651,24.613,24.576,24.523,24.477,24.447,24.401,24.348,24.318,24.287,24.249,24.227,24.204,24.166,24.143,24.105,24.075,24.037,23.998,23.991,23.968,23.938,23.907,23.854,23.884,23.838,23.808,23.762,23.739,23.739,23.716,23.686,23.64,23.64,23.64,23.625,23.625,23.594,23.579,23.518,23.525,23.495,23.502,23.495,23.479,23.472,23.464,23.456,23.441,23.418,23.418,23.403,23.403,23.38,23.395,23.372,23.341,23.326,23.326,23.326,23.326,23.349,23.319,23.311,23.296,23.288,23.272,23.265,23.257,23.249,23.234,23.203,23.203,23.203,23.188,23.165,23.173,23.173,23.165,23.165,23.157,23.15,23.142,23.119,23.119,23.111,23.096,23.081,23.088,23.073,23.073,23.065,23.088,23.073,23.096,23.073,23.042,23.027,23.011,23.011,23.027,23.027,23.019,23.011,22.988,22.988,22.973,22.973,22.996,22.958,22.958,22.95,22.942,22.95,22.95,22.942,22.927,22.934,22.927,22.919,22.911,22.896,22.888,22.888,22.873,22.888,22.881,22.873,22.881,22.881,22.881,22.865,22.873,22.865,22.881,22.919,22.881,22.865,22.85,22.834,22.834,22.819,22.827,22.811,22.804,22.827,22.788,22.811,22.804,22.788,22.765,22.742,22.727,22.711,22.703,22.696,22.696,22.696,22.68,22.696,22.673,22.696,22.703,22.68,22.68,22.665,22.634,22.642,22.665,22.673,22.688,22.68,22.673,22.657,22.642,22.642,22.626,22.619,22.603,22.603,22.611,22.588,22.588,22.572,22.58,22.588,22.58,22.58,22.588,22.564,22.572,22.572,22.595,22.611,22.619,22.588,22.572,22.557,22.549,22.549,22.564,22.541,22.526,22.572,22.557,22.526,22.549,22.526,22.549,22.549,22.526,22.534,22.549,22.557,22.58,22.572,22.541,22.549,22.549,22.541,22.541,22.541,22.503,22.51,22.495,22.518,22.51,22.526,22.518,22.534,22.503,22.503,22.472,22.479,22.479,22.495,22.487,22.479,22.472,22.534,22.557,22.526,22.541,22.549,22.487,22.495,22.472
,22.294,22.317,22.325,22.34,22.34,22.332,22.309,22.294,22.286,22.286,22.271,22.271,22.302,22.317,22.34,22.302,22.317,22.332,22.34,22.363,22.348,22.34,22.348,22.332,22.332,22.309,22.317,22.325,22.325,22.317,22.294,22.34,22.325,22.325,22.325,22.325,22.309,22.302,22.317,22.325,22.34,22.325,22.302,22.294,22.332,22.317,22.332,22.34,22.356,22.394,22.356,22.348,22.34,22.348,22.348,22.348,22.363,22.356,22.363,22.363,22.371,22.394,22.41,22.41,22.41,22.433,22.41,22.425,22.418,22.41,22.418,22.425,22.418,22.418,22.433,22.441,22.449,22.464,22.487,22.472,22.472,22.456,22.449,22.464,22.464,22.479,22.479,22.472,22.464,22.449,22.487,22.479,22.456,22.472,22.472,22.472,22.464,22.449,22.495,22.449,22.449,22.464,22.449,22.472,22.464,22.51,22.495,22.526,22.549,22.557,22.58,22.572,22.588,22.588,22.588,22.588,22.588,22.595,22.595,22.595,22.595,22.58,22.58,22.572,22.572,22.58,22.595,22.603,22.673,22.657,22.634,22.634,22.634,22.626,22.626,22.626,22.642,22.642,22.657,22.657,22.68,22.696,22.703,22.719,22.734,22.742,22.757,22.773,22.796,22.811,22.819,22.811,22.85,22.85,22.842,22.858,22.85,22.85,22.881,22.873,22.873,22.865,22.888,22.888,22.896,22.919,22.927,22.942,22.942,22.958,22.973,22.981,23.011,23.004,23.019,23.019,23.034,23.058,23.065,23.104,23.142,23.165,23.18,23.203,23.211,23.234,23.234,23.257,23.28,23.311,23.319,23.372,23.38,23.403,23.433,23.426,23.487,23.525,23.533,23.586,23.617,23.648,23.693,23.709,23.724,23.739,23.716,23.732,23.732,23.747,23.77,23.808,23.892,24.037,24.196,24.348,24.371,24.606,24.689,24.863,24.954,25.21,25.398,25.42,25.593,25.773,26.333,26.704,26.971,27.17,27.259,27.51,27.723,27.686,27.818,28.848,32.571,33.243,33.515,34.237,34.292,34.299,34.389,34.389,34.444,34.507,34.672,34.789,34.837,34.947,35.044,35.14,35.195,35.256,35.304,35.346,35.428,35.558,35.64,35.64,35.592,35.524,35.352,35.38,35.298,35.243,35.195,35.154,34.927,34.216,33.334,33.327,33.752,34.209,34.589,35.037,35.817,35.94,36.144,36.443,36.687,36.917,36.944,37.012,36.931,36.856,36.802,36.782,36.829,36.91,36.978,37.073,37.194,37.261,37.288,37.376,37.423,37.436,37.443,37.369,37.127,36.897,36.992,37.019,37.046,37.335,37.497,37.241,37.234,37.416,37.383,37.578,37.564,37.531,37.261,37.18,37.046,37.012,36.91,36.924,36.951,36.816,36.667,36.525,36.28,36.348,36.274,36.178,36.341,36.226,36.138,36.083,36.015,36.301,36.335,36.633,36.498,36.464,36.64,36.674,36.66,36.64,36.586,36.43,36.274,36.144,36.097,35.974,35.763,35.776,35.824,35.742,35.571,35.346,35.188,35.174,34.92,34.789,34.734,34.782,34.72,34.831,34.865,34.934,34.947,34.961,35.112,35.373,35.373,35.359,35.38,35.277,35.174,35.023,34.872,34.755,34.658,34.355,34.099,33.981,33.772,33.292,33.026,30.608,26.176,25.383,25.142,25.112,25.021,24.893,24.84,24.787,24.719,24.682,24.598,24.56,24.515,24.47,24.416,24.401,24.348,24.325,24.272,24.249,24.227,24.189,24.166,24.135,24.12,24.105,24.044,24.014,23.983,23.953,23.938,23.907,23.884,23.907,23.854,23.8,23.77,23.762,23.716,23.716,23.701,23.655,23.632,23.632,23.625,23.64,23.602,23.556,23.541,23.533,23.525,23.502,23.487,23.479,23.479,23.464,23.456,23.449,23.433,23.418,23.41,23.403,23.395,23.403,23.38,23.357,23.326,23.326,23.319,23.326,23.334,23.326,23.334,23.296,23.28,23.28,23.265,23.257,23.249,23.219,23.226,23.203,23.188,23.203,23.196,23.196,23.188,23.165,23.165,23.15,23.157,23.15,23.134,23.119,23.104,23.096,23.081,23.073,23.065,23.073,23.081,23.073,23.05,23.065,23.042,23.058,23.042,23.027,23.019,23.019,23.019,22.996,23.004,22.996,22.988,22.973,22.981,22.973,22.965,22.973,22.958,22.958,22.95,22.95,22.942,22.911,22.934,22.927,22.919,22.904,22.896,22.888,22.896,22.911,22.904,22.881,22.896,22.888,22.873,22.881,22.85,22.858,22.881,22.865,22.888,22.865,22.881,22.85,22.819,22.811,22.804,22.819,22.811,22.827,22.827,22.796,22.804,22.78,22.773,22.765,22.742,22.727,22.711,22.727,22.696,22.703,22.696,22.688,22.688,22.696,22.68,22.703,22.696,22.688,22.68,22.665,22.665,22.642,22.673,22.68,22.673,22.665,22.649,22.642,22.634,22.626,22.611,22.619,22.611,22.58,22.603,22.572,22.588,22.58,22.595,22.572,22.588,22.564,22.557,22.58,22.595,22.588,22.603,22.619,22.572,22.58,22.564,22.557,22.541,22.564,22.549,22.549,22.541,22.564,22.549,22.549,22.557,22.534,22.595,22.549,22.541,22.541,22.549,22.564,22.549,22.564,22.534,22.526,22.557,22.503,22.487,22.495,22.495,22.479,22.518,22.518,22.541,22.541,22.549,22.518,22.503,22.495,22.487,22.51,22.503,22.534,22.495,22.534,22.503,22.541,22.534,22.549,22.534,22.518,22.526,22.464
,22.302,22.317,22.348,22.356,22.325,22.348,22.317,22.294,22.286,22.278,22.271,22.278,22.271,22.325,22.302,22.317,22.325,22.317,22.34,22.348,22.348,22.356,22.332,22.348,22.317,22.332,22.325,22.325,22.325,22.34,22.309,22.317,22.332,22.348,22.332,22.325,22.348,22.356,22.34,22.34,22.332,22.34,22.317,22.317,22.309,22.317,22.317,22.332,22.325,22.34,22.34,22.332,22.325,22.332,22.348,22.348,22.356,22.356,22.363,22.379,22.387,22.394,22.41,22.41,22.41,22.418,22.418,22.418,22.418,22.402,22.41,22.425,22.441,22.433,22.441,22.441,22.441,22.433,22.441,22.472,22.464,22.441,22.449,22.479,22.472,22.479,22.464,22.479,22.479,22.456,22.456,22.472,22.456,22.464,22.464,22.464,22.487,22.479,22.472,22.464,22.449,22.456,22.449,22.464,22.549,22.518,22.495,22.541,22.541,22.549,22.564,22.58,22.58,22.588,22.588,22.595,22.588,22.588,22.588,22.58,22.58,22.58,22.572,22.572,22.572,22.58,22.619,22.603,22.611,22.649,22.642,22.642,22.642,22.642,22.634,22.634,22.642,22.619,22.649,22.665,22.68,22.68,22.719,22.703,22.727,22.742,22.75,22.75,22.78,22.796,22.811,22.834,22.834,22.858,22.858,22.858,22.85,22.858,22.865,22.865,22.865,22.865,22.888,22.881,22.904,22.911,22.919,22.95,22.958,22.958,22.965,22.981,22.996,23.004,23.011,23.019,23.042,23.058,23.104,23.096,23.127,23.15,23.18,23.196,23.211,23.226,23.226,23.257,23.296,23.311,23.334,23.372,23.372,23.426,23.441,23.472,23.495,23.502,23.556,23.579,23.602,23.64,23.663,23.686,23.724,23.709,23.724,23.701,23.693,23.724,23.762,23.793,23.93,24.037,24.128,24.257,24.492,24.636,24.666,24.923,24.991,25.27,25.353,25.42,25.473,25.615,26.057,26.504,26.734,27.015,27.414,27.679,27.877,28.082,27.98,28.331,31.689,33.054,33.431,34.133,34.272,34.223,34.334,34.368,34.438,34.5,34.631,34.734,34.837,34.879,34.941,35.105,35.202,35.236,35.284,35.38,35.476,35.599,35.626,35.674,35.606,35.476,35.4,35.38,35.256,35.215,35.222,35.188,35.099,34.741,34.175,33.814,34.306,34.831,35.352,35.804,36.001,35.974,36.178,36.423,36.559,36.802,36.944,36.998,36.843,36.775,36.681,36.762,36.741,36.829,36.897,37.025,37.14,37.039,37.248,37.295,37.315,37.403,37.342,37.066,36.829,36.775,36.829,36.769,36.829,37.025,36.998,37.066,37.1,37.046,37.073,37.322,37.416,37.356,37.18,36.985,36.978,36.904,36.796,36.809,36.823,36.687,36.531,36.28,36.158,36.138,36.097,36.069,36.008,35.995,35.817,35.824,35.995,35.913,36.165,36.206,36.206,36.375,36.464,36.348,36.199,36.301,36.24,36.301,36.192,36.144,36.049,35.845,35.79,35.824,35.913,35.742,35.51,35.359,35.202,35.071,34.982,34.81,34.81,34.734,34.769,34.831,34.886,34.961,34.975,35.009,35.277,35.387,35.462,35.428,35.428,35.311,35.222,35.119,34.879,34.831,34.645,34.341,34.085,34.071,33.793,33.654,33.103,30.005,25.989,25.428,25.142,25.052,24.984,24.855,24.825,24.75,24.719,24.644,24.636,24.538,24.5,24.462,24.432,24.379,24.341,24.303,24.272,24.242,24.219,24.189,24.166,24.143,24.113,24.067,24.029,24.029,23.976,23.945,23.93,23.907,23.877,23.869,23.854,23.823,23.8,23.777,23.732,23.709,23.686,23.648,23.655,23.64,23.609,23.602,23.579,23.571,23.533,23.518,23.51,23.495,23.487,23.479,23.472,23.456,23.456,23.472,23.464,23.426,23.418,23.403,23.395,23.38,23.372,23.349,23.349,23.334,23.341,23.334,23.334,23.334,23.326,23.319,23.296,23.28,23.272,23.257,23.242,23.234,23.226,23.226,23.211,23.219,23.188,23.188,23.196,23.18,23.173,23.15,23.15,23.134,23.142,23.119,23.088,23.104,23.065,23.081,23.073,23.073,23.073,23.058,23.058,23.05,23.065,23.058,23.042,23.034,23.019,23.027,23.011,22.996,22.996,22.996,22.981,22.981,22.958,22.958,22.965,22.965,22.973,22.973,22.965,22.958,22.942,22.95,22.942,22.934,22.919,22.911,22.904,22.904,22.896,22.896,22.911,22.904,22.911,22.888,22.881,22.896,22.873,22.858,22.881,22.873,22.888,22.881,22.865,22.873,22.834,22.834,22.819,22.804,22.827,22.811,22.827,22.804,22.804,22.788,22.773,22.757,22.742,22.719,22.711,22.719,22.711,22.727,22.703,22.68,22.696,22.688,22.688,22.703,22.696,22.696,22.688,22.673,22.68,22.665,22.68,22.673,22.649,22.665,22.642,22.642,22.626,22.626,22.595,22.603,22.603,22.595,22.58,22.588,22.564,22.572,22.58,22.572,22.549,22.564,22.572,22.557,22.564,22.557,22.58,22.572,22.564,22.534,22.549,22.564,22.58,22.564,22.564,22.564,22.603,22.572,22.557,22.572,22.557,22.557,22.549,22.557,22.541,22.541,22.549,22.541,22.541,22.541,22.541,22.541,22.51,22.51,22.51,22.51,22.541,22.503,22.51,22.526,22.541,22.557,22.534,22.51,22.503,22.487,22.479,22.503,22.487,22.487,22.518,22.51,22.541,22.541,22.541,22.557,22.541,22.549,22.503,22.51
,22.332,22.317,22.348,22.356,22.387,22.371,22.302,22.317,22.278,22.278,22.278,22.309,22.309,22.294,22.317,22.332,22.332,22.34,22.332,22.325,22.332,22.332,22.34,22.34,22.317,22.332,22.325,22.317,22.332,22.317,22.348,22.332,22.302,22.325,22.34,22.34,22.332,22.34,22.348,22.34,22.317,22.325,22.309,22.302,22.309,22.317,22.325,22.317,22.317,22.332,22.325,22.325,22.348,22.325,22.34,22.348,22.363,22.363,22.371,22.363,22.379,22.387,22.387,22.394,22.402,22.387,22.433,22.425,22.425,22.41,22.402,22.418,22.418,22.449,22.464,22.418,22.472,22.464,22.441,22.441,22.449,22.441,22.456,22.456,22.456,22.464,22.456,22.472,22.464,22.449,22.425,22.449,22.441,22.456,22.449,22.472,22.464,22.464,22.472,22.456,22.464,22.464,22.503,22.464,22.495,22.503,22.518,22.526,22.526,22.557,22.572,22.572,22.58,22.58,22.588,22.58,22.588,22.588,22.572,22.58,22.572,22.572,22.541,22.557,22.564,22.588,22.603,22.611,22.626,22.634,22.657,22.649,22.642,22.626,22.642,22.634,22.634,22.657,22.642,22.657,22.673,22.696,22.719,22.727,22.719,22.727,22.734,22.757,22.757,22.765,22.811,22.819,22.827,22.842,22.85,22.858,22.842,22.85,22.858,22.865,22.873,22.873,22.881,22.896,22.896,22.927,22.95,22.95,22.965,22.958,22.973,22.973,22.973,22.988,22.996,23.027,23.034,23.058,23.065,23.065,23.111,23.134,23.173,23.196,23.203,23.219,23.226,23.257,23.288,23.326,23.349,23.357,23.387,23.387,23.426,23.456,23.502,23.518,23.541,23.564,23.586,23.625,23.648,23.655,23.693,23.671,23.625,23.648,23.632,23.671,23.724,23.808,23.953,24.075,24.166,24.333,24.477,24.651,24.886,24.855,25.172,25.247,25.368,25.383,25.458,25.518,25.735,25.937,26.347,26.66,27.222,27.694,27.928,28.185,28.324,28.112,30.515,32.977,33.397,34.022,34.175,34.168,34.202,34.403,34.479,34.5,34.596,34.713,34.775,34.865,34.989,35.105,35.147,35.229,35.298,35.346,35.387,35.537,35.653,35.688,35.64,35.476,35.455,35.4,35.277,35.25,35.215,35.202,35.208,35.236,35.222,35.099,34.886,35.311,35.824,35.886,35.981,36.069,36.069,36.219,36.531,36.829,36.823,36.823,36.823,36.687,36.708,36.681,36.674,36.741,36.714,36.769,36.863,36.91,37.025,36.978,36.91,36.965,36.931,36.708,36.721,36.62,36.647,36.748,36.721,36.762,36.782,36.904,37.019,37.012,37.052,37.059,37.282,37.201,37.019,36.985,36.85,36.728,36.762,36.687,36.606,36.498,36.267,36.069,35.92,35.886,35.94,35.879,35.892,35.79,35.667,35.653,35.599,35.749,35.872,36.219,36.151,36.124,36.144,36.008,36.131,36.104,36.124,36.138,36.117,36.049,36.015,35.913,35.858,35.831,35.838,35.599,35.51,35.448,35.14,35.14,34.927,34.796,34.727,34.741,34.72,34.775,34.892,34.996,35.044,35.078,35.154,35.462,35.482,35.455,35.414,35.359,35.208,35.064,34.941,34.782,34.658,34.272,34.112,34.043,33.696,33.571,33.019,29.102,25.9,25.232,25.165,25.029,24.984,24.893,24.795,24.75,24.719,24.629,24.613,24.576,24.477,24.454,24.424,24.379,24.333,24.31,24.257,24.249,24.219,24.196,24.166,24.143,24.105,24.09,24.075,24.014,23.983,23.953,23.922,23.907,23.877,23.854,23.861,23.846,23.785,23.762,23.739,23.709,23.686,23.678,23.655,23.64,23.617,23.602,23.571,23.548,23.518,23.525,23.51,23.51,23.487,23.479,23.487,23.456,23.456,23.449,23.449,23.433,23.418,23.41,23.395,23.38,23.372,23.357,23.349,23.349,23.341,23.341,23.334,23.326,23.319,23.303,23.296,23.28,23.265,23.257,23.249,23.226,23.249,23.219,23.211,23.203,23.196,23.196,23.196,23.196,23.18,23.157,23.15,23.134,23.134,23.111,23.104,23.096,23.073,23.088,23.081,23.05,23.05,23.073,23.058,23.058,23.081,23.065,23.042,23.042,23.034,23.027,22.996,23.004,23.019,22.988,22.996,22.973,22.965,22.965,22.965,22.958,22.973,22.965,22.958,22.965,22.958,22.95,22.942,22.934,22.919,22.919,22.896,22.896,22.896,22.904,22.919,22.911,22.919,22.911,22.896,22.904,22.865,22.865,22.881,22.865,22.873,22.881,22.865,22.873,22.827,22.827,22.827,22.811,22.819,22.819,22.819,22.811,22.796,22.788,22.765,22.757,22.734,22.727,22.719,22.719,22.719,22.734,22.711,22.703,22.711,22.68,22.703,22.711,22.703,22.696,22.703,22.696,22.673,22.696,22.68,22.688,22.649,22.657,22.649,22.642,22.634,22.611,22.595,22.611,22.595,22.595,22.564,22.58,22.572,22.564,22.588,22.588,22.557,22.557,22.564,22.58,22.572,22.557,22.564,22.572,22.549,22.557,22.557,22.564,22.564,22.603,22.572,22.572,22.564,22.549,22.549,22.549,22.541,22.549,22.534,22.534,22.534,22.541,22.549,22.526,22.541,22.526,22.534,22.564,22.541,22.495,22.564,22.503,22.479,22.534,22.541,22.534,22.526,22.518,22.518,22.503,22.51,22.503,22.487,22.449,22.456,22.495,22.503,22.526,22.549,22.541,22.518,22.549,22.534,22.534,22.51,22.487
,22.294,22.294,22.302,22.348,22.379,22.332,22.309,22.294,22.294,22.278,22.309,22.302,22.317,22.302,22.325,22.325,22.325,22.325,22.317,22.309,22.317,22.332,22.34,22.34,22.34,22.34,22.34,22.332,22.325,22.325,22.325,22.332,22.309,22.348,22.332,22.34,22.325,22.34,22.317,22.325,22.325,22.332,22.325,22.317,22.317,22.309,22.317,22.317,22.332,22.325,22.34,22.325,22.332,22.348,22.356,22.356,22.371,22.387,22.371,22.402,22.402,22.394,22.371,22.363,22.379,22.41,22.402,22.425,22.418,22.418,22.41,22.418,22.41,22.418,22.464,22.425,22.456,22.441,22.441,22.433,22.441,22.433,22.449,22.464,22.456,22.472,22.472,22.449,22.449,22.456,22.441,22.433,22.441,22.456,22.456,22.464,22.472,22.472,22.472,22.472,22.472,22.456,22.464,22.503,22.472,22.51,22.495,22.526,22.518,22.541,22.557,22.572,22.58,22.58,22.58,22.58,22.58,22.572,22.572,22.549,22.549,22.549,22.572,22.572,22.58,22.603,22.619,22.611,22.626,22.642,22.642,22.649,22.642,22.657,22.642,22.657,22.634,22.657,22.665,22.665,22.68,22.703,22.719,22.727,22.719,22.727,22.727,22.742,22.75,22.757,22.788,22.796,22.811,22.819,22.827,22.842,22.842,22.85,22.85,22.865,22.873,22.881,22.881,22.896,22.919,22.934,22.95,22.958,22.965,22.965,22.95,22.965,22.981,22.981,22.988,23.027,23.027,23.058,23.081,23.081,23.104,23.134,23.134,23.188,23.18,23.196,23.234,23.265,23.28,23.326,23.326,23.341,23.357,23.387,23.433,23.464,23.487,23.51,23.533,23.556,23.586,23.609,23.609,23.655,23.655,23.617,23.609,23.609,23.602,23.648,23.709,23.869,23.976,24.12,24.272,24.371,24.462,24.735,25.029,25.097,25.21,25.285,25.323,25.368,25.413,25.48,25.615,25.75,26.116,26.258,26.541,27.318,27.921,28.265,28.367,28.535,29.818,32.725,33.222,33.793,34.015,34.119,34.223,34.285,34.389,34.52,34.603,34.734,34.803,34.817,34.92,35.016,35.147,35.202,35.25,35.332,35.441,35.66,35.667,35.735,35.722,35.517,35.476,35.4,35.359,35.25,35.236,35.215,35.229,35.25,35.318,35.373,35.435,35.633,35.858,35.974,36.029,36.09,36.063,36.294,36.47,36.538,36.647,36.782,36.681,36.653,36.667,36.606,36.565,36.66,36.687,36.653,36.701,36.674,36.802,36.755,36.735,36.653,36.653,36.681,36.525,36.525,36.559,36.599,36.518,36.592,36.64,36.843,36.91,36.965,36.965,37.005,37.052,37.066,36.985,36.85,36.714,36.647,36.511,36.423,36.348,36.294,36.321,36.035,35.845,35.831,35.77,35.585,35.647,35.551,35.606,35.619,35.435,35.51,35.851,36.104,35.954,35.913,35.824,35.879,35.92,36.049,36.117,36.076,36.063,36.035,35.995,35.892,35.879,35.817,35.756,35.653,35.517,35.304,35.215,35.03,34.858,34.734,34.727,34.707,34.713,34.727,34.913,34.968,34.989,35.085,35.311,35.517,35.53,35.496,35.441,35.359,35.256,35.14,34.968,34.72,34.403,34.272,34.161,34.002,33.724,33.619,32.69,28.053,25.832,25.24,25.127,25.044,24.984,24.84,24.795,24.75,24.697,24.644,24.613,24.576,24.5,24.462,24.424,24.394,24.348,24.287,24.272,24.249,24.219,24.189,24.158,24.12,24.105,24.075,24.059,24.006,23.976,23.93,23.915,23.907,23.884,23.884,23.846,23.816,23.755,23.762,23.747,23.732,23.709,23.671,23.64,23.625,23.625,23.609,23.564,23.556,23.548,23.525,23.533,23.518,23.502,23.495,23.472,23.464,23.472,23.464,23.464,23.441,23.441,23.426,23.395,23.387,23.372,23.364,23.349,23.349,23.341,23.341,23.334,23.334,23.319,23.303,23.288,23.272,23.257,23.257,23.249,23.242,23.219,23.234,23.211,23.203,23.211,23.203,23.196,23.188,23.188,23.165,23.165,23.157,23.134,23.127,23.088,23.127,23.096,23.088,23.081,23.073,23.073,23.088,23.073,23.058,23.065,23.065,23.058,23.034,23.027,23.027,23.019,23.004,22.996,23.019,23.004,22.996,22.973,22.981,22.958,22.981,22.973,22.973,22.965,22.965,22.965,22.942,22.95,22.942,22.95,22.927,22.919,22.919,22.904,22.904,22.927,22.927,22.927,22.919,22.904,22.888,22.881,22.888,22.873,22.858,22.888,22.858,22.865,22.873,22.827,22.842,22.842,22.827,22.827,22.811,22.819,22.811,22.804,22.796,22.773,22.75,22.734,22.734,22.734,22.742,22.757,22.75,22.727,22.719,22.719,22.703,22.719,22.703,22.711,22.719,22.696,22.696,22.703,22.696,22.68,22.68,22.673,22.642,22.642,22.649,22.634,22.626,22.611,22.603,22.595,22.58,22.564,22.557,22.58,22.58,22.572,22.588,22.549,22.58,22.549,22.541,22.603,22.557,22.58,22.557,22.557,22.549,22.564,22.572,22.572,22.534,22.58,22.611,22.564,22.564,22.564,22.549,22.557,22.557,22.549,22.541,22.549,22.534,22.534,22.549,22.541,22.534,22.557,22.541,22.51,22.503,22.503,22.479,22.503,22.557,22.479,22.51,22.503,22.51,22.518,22.518,22.534,22.487,22.472,22.464,22.464,22.503,22.495,22.487,22.534,22.518,22.503,22.526,22.526,22.526,22.526,22.503
,22.294,22.271,22.309,22.325,22.332,22.348,22.317,22.309,22.302,22.294,22.317,22.317,22.317,22.325,22.34,22.302,22.332,22.286,22.332,22.302,22.309,22.317,22.325,22.34,22.332,22.348,22.34,22.34,22.348,22.325,22.317,22.325,22.325,22.317,22.348,22.34,22.332,22.34,22.317,22.317,22.325,22.309,22.317,22.332,22.317,22.317,22.325,22.332,22.325,22.34,22.317,22.317,22.34,22.332,22.356,22.356,22.356,22.371,22.394,22.402,22.387,22.402,22.363,22.379,22.371,22.371,22.402,22.449,22.425,22.418,22.402,22.418,22.41,22.418,22.449,22.433,22.449,22.456,22.425,22.425,22.433,22.425,22.456,22.456,22.441,22.464,22.456,22.449,22.441,22.441,22.418,22.441,22.425,22.441,22.456,22.449,22.464,22.472,22.472,22.472,22.456,22.464,22.456,22.464,22.503,22.495,22.503,22.503,22.503,22.534,22.541,22.557,22.557,22.564,22.564,22.564,22.572,22.564,22.572,22.549,22.557,22.564,22.557,22.595,22.541,22.603,22.603,22.611,22.603,22.626,22.634,22.634,22.657,22.642,22.657,22.649,22.649,22.657,22.657,22.673,22.68,22.696,22.719,22.711,22.719,22.711,22.711,22.727,22.734,22.75,22.773,22.78,22.811,22.834,22.834,22.842,22.85,22.85,22.858,22.85,22.85,22.842,22.873,22.896,22.919,22.934,22.958,22.965,22.958,22.965,22.965,22.973,22.965,22.973,23.011,23.019,23.042,23.05,23.058,23.058,23.065,23.104,23.111,23.15,23.18,23.188,23.226,23.242,23.272,23.311,23.319,23.334,23.357,23.387,23.418,23.433,23.479,23.487,23.525,23.548,23.548,23.579,23.602,23.648,23.609,23.518,23.564,23.586,23.602,23.678,23.716,23.846,24.006,24.158,24.31,24.379,24.621,25.006,25.014,25.134,25.187,25.225,25.323,25.33,25.353,25.435,25.533,25.615,25.728,26.236,26.206,26.63,27.598,28.302,28.477,28.71,29.037,32.29,33.054,33.731,33.967,34.105,34.195,34.32,34.458,34.513,34.679,34.782,34.762,34.865,34.913,34.961,35.112,35.202,35.27,35.298,35.421,35.64,35.674,35.77,35.763,35.633,35.51,35.435,35.352,35.298,35.215,35.222,35.222,35.256,35.359,35.524,35.612,35.694,35.831,35.995,36.042,36.131,36.151,36.321,36.457,36.464,36.436,36.545,36.565,36.559,36.579,36.498,36.498,36.565,36.552,36.572,36.579,36.647,36.484,36.457,36.403,36.464,36.477,36.389,36.43,36.477,36.477,36.464,36.498,36.498,36.511,36.633,36.762,36.863,36.971,36.938,36.992,36.958,36.775,36.701,36.423,36.43,36.294,36.24,36.069,36.199,36.029,36.015,35.653,35.51,35.441,35.455,35.585,35.441,35.407,35.366,35.4,35.51,35.79,35.865,35.77,35.715,35.79,35.804,35.879,36.001,36.049,36.063,36.035,35.974,35.899,35.872,35.845,35.715,35.633,35.565,35.428,35.311,35.16,34.879,34.762,34.734,34.713,34.707,34.727,34.748,34.872,34.989,35.023,35.078,35.352,35.476,35.51,35.441,35.455,35.318,35.298,35.154,34.851,34.707,34.417,34.279,34.147,34.05,33.64,33.452,32.501,27.126,25.72,25.202,25.142,25.074,24.991,24.871,24.787,24.735,24.704,24.666,24.591,24.53,24.485,24.477,24.401,24.379,24.31,24.287,24.265,24.249,24.219,24.189,24.151,24.113,24.082,24.059,24.037,23.983,23.976,23.945,23.922,23.884,23.854,23.838,23.831,23.785,23.8,23.755,23.762,23.716,23.701,23.671,23.663,23.632,23.625,23.586,23.594,23.548,23.564,23.541,23.525,23.518,23.502,23.487,23.479,23.472,23.472,23.464,23.456,23.449,23.433,23.426,23.395,23.387,23.38,23.364,23.364,23.357,23.349,23.349,23.349,23.326,23.311,23.303,23.296,23.28,23.265,23.257,23.249,23.234,23.242,23.226,23.203,23.18,23.18,23.188,23.188,23.188,23.18,23.18,23.165,23.157,23.134,23.134,23.134,23.134,23.111,23.096,23.081,23.081,23.073,23.065,23.088,23.088,23.081,23.081,23.058,23.058,23.042,23.004,23.011,23.027,23.004,22.996,23.004,22.996,22.988,22.988,22.965,22.958,22.958,22.973,22.965,22.965,22.95,22.95,22.95,22.942,22.942,22.934,22.934,22.927,22.911,22.896,22.919,22.927,22.927,22.927,22.927,22.911,22.896,22.873,22.888,22.865,22.858,22.85,22.858,22.827,22.819,22.85,22.858,22.858,22.827,22.819,22.827,22.811,22.811,22.796,22.773,22.757,22.757,22.742,22.757,22.75,22.734,22.734,22.742,22.727,22.727,22.734,22.711,22.719,22.703,22.711,22.696,22.696,22.68,22.673,22.673,22.665,22.673,22.634,22.634,22.611,22.642,22.634,22.611,22.619,22.603,22.595,22.588,22.572,22.572,22.58,22.58,22.557,22.572,22.58,22.588,22.572,22.58,22.564,22.564,22.526,22.549,22.541,22.549,22.549,22.526,22.626,22.557,22.564,22.564,22.557,22.549,22.549,22.518,22.534,22.526,22.564,22.541,22.541,22.557,22.58,22.534,22.557,22.549,22.557,22.541,22.534,22.51,22.495,22.526,22.495,22.51,22.503,22.503,22.495,22.487,22.487,22.51,22.472,22.487,22.479,22.456,22.503,22.518,22.479,22.541,22.526,22.503,22.495,22.526,22.526,22.526,22.503
,22.294,22.302,22.278,22.294,22.325,22.294,22.302,22.332,22.309,22.309,22.317,22.317,22.309,22.317,22.302,22.325,22.302,22.302,22.278,22.317,22.286,22.317,22.325,22.348,22.348,22.363,22.348,22.34,22.332,22.302,22.294,22.302,22.302,22.317,22.317,22.317,22.317,22.332,22.332,22.317,22.302,22.317,22.302,22.317,22.325,22.325,22.34,22.348,22.348,22.34,22.309,22.332,22.34,22.348,22.348,22.363,22.363,22.387,22.387,22.379,22.371,22.371,22.356,22.356,22.356,22.371,22.418,22.418,22.418,22.418,22.41,22.418,22.41,22.41,22.449,22.433,22.456,22.433,22.418,22.425,22.418,22.425,22.456,22.449,22.456,22.456,22.456,22.449,22.425,22.425,22.418,22.425,22.425,22.449,22.433,22.441,22.456,22.456,22.472,22.479,22.472,22.441,22.464,22.479,22.495,22.487,22.479,22.518,22.518,22.541,22.541,22.541,22.549,22.549,22.557,22.564,22.564,22.564,22.564,22.564,22.58,22.557,22.588,22.588,22.58,22.588,22.611,22.588,22.595,22.619,22.634,22.634,22.649,22.649,22.649,22.665,22.673,22.665,22.673,22.673,22.688,22.703,22.703,22.711,22.719,22.719,22.719,22.727,22.734,22.757,22.765,22.796,22.811,22.819,22.819,22.827,22.85,22.85,22.842,22.842,22.85,22.85,22.881,22.896,22.904,22.919,22.942,22.942,22.942,22.973,22.95,22.958,22.965,22.981,22.988,23.019,23.027,23.034,23.05,23.058,23.058,23.081,23.119,23.15,23.173,23.203,23.219,23.234,23.28,23.288,23.303,23.334,23.349,23.372,23.403,23.426,23.456,23.479,23.51,23.525,23.548,23.579,23.571,23.625,23.556,23.449,23.518,23.518,23.571,23.648,23.831,23.938,24.037,24.219,24.341,24.576,24.772,24.954,25.059,25.104,25.127,25.172,25.277,25.285,25.308,25.42,25.45,25.608,25.69,25.915,26.146,26.63,27.399,28.229,28.594,28.747,28.797,31.845,33.054,33.703,33.849,34.008,34.202,34.292,34.382,34.645,34.707,34.748,34.851,34.879,34.899,35.002,35.071,35.174,35.291,35.298,35.318,35.64,35.688,35.831,35.817,35.66,35.517,35.435,35.393,35.332,35.25,35.236,35.243,35.27,35.4,35.53,35.619,35.722,35.879,35.974,36.192,36.253,36.274,36.362,36.396,36.348,36.369,36.294,36.396,36.314,36.335,36.396,36.443,36.47,36.382,36.253,36.219,36.396,36.403,36.26,36.274,36.321,36.321,36.287,36.274,36.375,36.274,36.294,36.321,36.43,36.464,36.484,36.464,36.681,36.85,36.823,36.89,36.681,36.606,36.45,36.267,36.246,36.24,36.015,35.947,36.001,35.954,35.81,35.393,35.393,35.318,35.304,35.304,35.243,35.359,35.428,35.448,35.482,35.565,35.688,35.667,35.708,35.749,35.817,35.858,35.933,36.001,36.042,35.974,35.913,35.817,35.838,35.742,35.681,35.551,35.489,35.339,35.202,35.071,34.941,34.803,34.741,34.7,34.7,34.727,34.755,34.872,34.961,35.002,35.181,35.304,35.448,35.455,35.407,35.373,35.325,35.256,34.989,34.769,34.541,34.361,34.265,34.126,33.925,33.731,33.306,31.59,26.437,25.443,25.24,25.104,25.029,25.006,24.886,24.787,24.742,24.712,24.629,24.576,24.545,24.507,24.462,24.432,24.386,24.341,24.303,24.265,24.242,24.219,24.196,24.143,24.12,24.075,24.059,24.044,23.998,23.945,23.953,23.915,23.899,23.854,23.869,23.808,23.793,23.77,23.732,23.739,23.724,23.701,23.701,23.655,23.648,23.617,23.602,23.579,23.571,23.564,23.533,23.533,23.525,23.502,23.487,23.495,23.479,23.472,23.456,23.456,23.456,23.449,23.433,23.418,23.403,23.387,23.372,23.372,23.372,23.357,23.357,23.341,23.319,23.311,23.303,23.28,23.288,23.265,23.257,23.265,23.249,23.242,23.226,23.203,23.203,23.18,23.196,23.18,23.18,23.18,23.165,23.173,23.157,23.15,23.142,23.142,23.127,23.127,23.111,23.096,23.088,23.081,23.088,23.058,23.096,23.088,23.058,23.065,23.065,23.058,23.058,23.042,23.042,23.034,23.011,23.004,23.004,22.996,22.996,23.004,22.965,22.958,22.973,22.958,22.95,22.942,22.95,22.95,22.958,22.95,22.958,22.934,22.927,22.942,22.927,22.904,22.934,22.927,22.927,22.919,22.911,22.896,22.888,22.881,22.873,22.865,22.865,22.827,22.811,22.834,22.796,22.78,22.811,22.796,22.827,22.819,22.811,22.819,22.819,22.796,22.765,22.765,22.742,22.75,22.75,22.757,22.757,22.757,22.711,22.719,22.719,22.734,22.742,22.703,22.703,22.696,22.688,22.688,22.696,22.68,22.68,22.665,22.657,22.642,22.619,22.657,22.665,22.657,22.634,22.619,22.595,22.58,22.588,22.58,22.572,22.58,22.557,22.572,22.564,22.564,22.588,22.58,22.572,22.557,22.557,22.557,22.557,22.564,22.564,22.549,22.619,22.588,22.526,22.557,22.58,22.549,22.534,22.534,22.534,22.541,22.526,22.557,22.564,22.549,22.557,22.549,22.534,22.534,22.564,22.526,22.534,22.503,22.503,22.487,22.495,22.487,22.487,22.472,22.41,22.464,22.464,22.495,22.487,22.472,22.472,22.464,22.503,22.495,22.518,22.503,22.51,22.534,22.51,22.495,22.51,22.526,22.526
,22.271,22.286,22.255,22.271,22.294,22.302,22.309,22.332,22.317,22.317,22.317,22.302,22.317,22.317,22.302,22.309,22.317,22.325,22.302,22.286,22.317,22.294,22.34,22.371,22.356,22.363,22.34,22.325,22.302,22.309,22.302,22.317,22.325,22.332,22.348,22.325,22.317,22.348,22.34,22.325,22.332,22.325,22.332,22.325,22.332,22.325,22.332,22.356,22.317,22.348,22.332,22.348,22.34,22.34,22.356,22.363,22.387,22.41,22.41,22.371,22.379,22.371,22.356,22.379,22.371,22.402,22.418,22.441,22.425,22.433,22.41,22.425,22.402,22.433,22.433,22.449,22.425,22.425,22.402,22.41,22.425,22.41,22.433,22.449,22.449,22.449,22.456,22.441,22.433,22.433,22.441,22.449,22.441,22.456,22.449,22.441,22.456,22.449,22.456,22.464,22.464,22.464,22.464,22.456,22.487,22.495,22.503,22.526,22.51,22.541,22.549,22.534,22.549,22.549,22.549,22.564,22.572,22.572,22.572,22.58,22.595,22.603,22.603,22.626,22.595,22.595,22.595,22.603,22.603,22.626,22.611,22.642,22.642,22.626,22.665,22.649,22.665,22.68,22.696,22.696,22.696,22.711,22.703,22.711,22.719,22.719,22.719,22.727,22.75,22.765,22.78,22.796,22.796,22.827,22.827,22.842,22.842,22.85,22.842,22.842,22.834,22.842,22.858,22.888,22.896,22.904,22.919,22.934,22.934,22.973,22.958,22.958,22.981,22.973,22.996,23.004,23.019,23.034,23.042,23.05,23.073,23.081,23.127,23.157,23.173,23.196,23.219,23.234,23.257,23.288,23.303,23.326,23.349,23.364,23.395,23.426,23.441,23.479,23.479,23.548,23.548,23.556,23.617,23.548,23.502,23.41,23.41,23.533,23.571,23.678,23.869,24.128,24.151,24.28,24.492,24.727,24.908,24.961,24.999,25.052,25.119,25.119,25.232,25.202,25.247,25.383,25.42,25.563,25.645,25.93,26.392,27.089,27.605,28.367,28.725,28.885,28.957,30.972,33.04,33.654,33.863,34.085,34.195,34.327,34.52,34.582,34.631,34.796,34.879,34.947,35.002,35.051,35.119,35.133,35.215,35.304,35.387,35.462,35.708,35.763,35.783,35.667,35.537,35.53,35.414,35.38,35.263,35.284,35.27,35.229,35.441,35.503,35.701,35.756,35.906,36.029,36.124,36.226,36.233,36.335,36.382,36.321,36.28,36.26,36.253,36.233,36.246,36.192,36.314,36.294,36.138,36.165,36.172,36.226,36.117,36.117,36.151,36.246,36.287,36.172,36.138,36.029,36.056,36.097,36.158,36.301,36.274,36.341,36.423,36.545,36.64,36.796,36.762,36.62,36.341,36.022,36.056,35.94,35.824,35.79,35.729,35.647,35.606,35.393,35.256,35.208,35.188,35.202,35.243,35.25,35.332,35.256,35.4,35.489,35.558,35.619,35.626,35.756,35.831,35.858,35.926,35.926,35.954,35.92,35.92,35.817,35.708,35.701,35.688,35.599,35.407,35.291,35.215,35.071,35.002,34.892,34.796,34.72,34.7,34.707,34.713,34.769,34.831,34.941,35.002,35.167,35.352,35.393,35.435,35.38,35.393,35.352,35.208,35.051,34.713,34.541,34.327,34.272,34.112,33.995,33.814,33.418,30.786,26.228,25.518,25.21,25.134,25.044,25.006,24.886,24.878,24.75,24.697,24.674,24.591,24.553,24.515,24.47,24.401,24.386,24.31,24.287,24.265,24.257,24.227,24.181,24.135,24.113,24.082,24.067,24.044,23.998,23.983,23.93,23.915,23.892,23.877,23.823,23.823,23.777,23.762,23.747,23.755,23.716,23.701,23.678,23.663,23.655,23.625,23.586,23.594,23.571,23.548,23.556,23.556,23.518,23.495,23.487,23.495,23.495,23.479,23.479,23.472,23.456,23.441,23.441,23.426,23.41,23.395,23.387,23.387,23.387,23.387,23.357,23.349,23.341,23.311,23.319,23.288,23.288,23.288,23.265,23.257,23.242,23.234,23.234,23.211,23.226,23.203,23.188,23.18,23.18,23.188,23.173,23.173,23.165,23.165,23.165,23.15,23.18,23.157,23.127,23.119,23.104,23.104,23.096,23.081,23.088,23.104,23.081,23.058,23.042,23.065,23.05,23.05,23.034,23.058,23.019,23.019,23.019,23.019,23.019,23.004,22.996,22.996,22.911,22.965,22.958,22.942,22.958,22.95,22.965,22.958,22.95,22.958,22.934,22.942,22.934,22.934,22.942,22.927,22.934,22.927,22.911,22.896,22.881,22.881,22.881,22.873,22.865,22.85,22.827,22.811,22.842,22.858,22.788,22.834,22.811,22.827,22.827,22.834,22.819,22.819,22.796,22.773,22.757,22.765,22.765,22.757,22.765,22.757,22.742,22.742,22.734,22.742,22.727,22.711,22.711,22.727,22.703,22.696,22.696,22.696,22.673,22.665,22.649,22.665,22.642,22.673,22.657,22.649,22.634,22.634,22.603,22.588,22.595,22.588,22.572,22.588,22.572,22.58,22.588,22.58,22.619,22.572,22.595,22.588,22.572,22.564,22.549,22.564,22.603,22.557,22.572,22.572,22.572,22.564,22.557,22.541,22.549,22.534,22.557,22.541,22.534,22.564,22.564,22.557,22.557,22.534,22.541,22.549,22.534,22.557,22.518,22.503,22.503,22.503,22.534,22.518,22.51,22.487,22.503,22.518,22.518,22.51,22.479,22.479,22.503,22.495,22.518,22.51,22.518,22.557,22.495,22.526,22.518,22.518,22.495,22.518,22.541
,22.317,22.278,22.294,22.294,22.302,22.286,22.325,22.309,22.325,22.325,22.317,22.317,22.317,22.309,22.309,22.309,22.332,22.278,22.286,22.286,22.294,22.302,22.34,22.363,22.363,22.363,22.356,22.34,22.309,22.286,22.309,22.302,22.309,22.325,22.34,22.325,22.34,22.348,22.363,22.317,22.325,22.325,22.302,22.317,22.34,22.34,22.348,22.34,22.325,22.348,22.356,22.348,22.34,22.34,22.363,22.371,22.363,22.371,22.394,22.379,22.387,22.387,22.394,22.394,22.402,22.402,22.418,22.441,22.433,22.418,22.433,22.433,22.418,22.433,22.433,22.418,22.433,22.425,22.394,22.394,22.402,22.402,22.425,22.425,22.449,22.449,22.449,22.449,22.449,22.441,22.464,22.449,22.464,22.456,22.441,22.433,22.425,22.433,22.456,22.456,22.449,22.464,22.464,22.449,22.487,22.487,22.495,22.51,22.534,22.541,22.557,22.549,22.549,22.549,22.557,22.572,22.572,22.58,22.588,22.595,22.611,22.611,22.611,22.595,22.595,22.58,22.58,22.595,22.603,22.626,22.611,22.626,22.642,22.642,22.665,22.673,22.68,22.688,22.703,22.711,22.703,22.711,22.711,22.719,22.719,22.727,22.734,22.742,22.75,22.773,22.78,22.788,22.811,22.819,22.85,22.842,22.85,22.85,22.842,22.834,22.834,22.834,22.858,22.858,22.881,22.888,22.904,22.904,22.927,22.942,22.965,22.958,22.981,22.988,22.996,23.011,23.019,23.042,23.05,23.058,23.065,23.096,23.111,23.157,23.165,23.196,23.226,23.249,23.272,23.288,23.296,23.326,23.334,23.364,23.387,23.395,23.441,23.441,23.479,23.51,23.51,23.51,23.533,23.449,23.395,23.464,23.472,23.533,23.693,23.793,23.884,24.12,24.265,24.439,24.629,24.644,24.757,24.923,24.954,25.014,25.052,25.089,25.097,25.202,25.21,25.292,25.368,25.495,25.683,26.131,26.563,27.333,27.943,28.36,28.739,28.877,28.986,29.883,32.676,33.626,33.759,34.002,34.189,34.285,34.458,34.679,34.782,34.817,34.954,34.968,35.044,35.126,35.147,35.188,35.222,35.263,35.298,35.489,35.715,35.756,35.77,35.729,35.551,35.496,35.428,35.359,35.284,35.263,35.277,35.332,35.359,35.551,35.66,35.756,35.851,36.056,36.069,36.172,36.192,36.301,36.355,36.294,36.287,36.233,36.206,36.178,36.151,36.069,36.015,36.104,36.008,36.015,36.042,36.042,35.947,35.933,36.049,35.947,35.886,35.77,35.797,35.913,35.824,35.899,35.906,36.09,36.029,36.083,36.246,36.355,36.457,36.403,36.355,36.144,36.022,35.872,35.729,35.742,35.694,35.592,35.558,35.524,35.462,35.27,35.126,35.119,35.078,35.126,35.119,35.14,35.174,35.25,35.277,35.435,35.558,35.688,35.715,35.776,35.879,35.926,35.954,35.92,35.872,35.845,35.824,35.763,35.701,35.544,35.551,35.387,35.277,35.311,35.147,35.112,35.009,34.892,34.831,34.762,34.727,34.72,34.769,34.789,34.879,34.92,34.975,35.284,35.352,35.476,35.414,35.393,35.387,35.284,35.147,34.672,34.534,34.493,34.313,34.195,34.071,33.932,33.766,33.04,29.703,26.124,25.443,25.172,25.119,25.097,24.976,24.931,24.833,24.757,24.682,24.613,24.613,24.568,24.507,24.47,24.401,24.386,24.341,24.295,24.265,24.242,24.219,24.181,24.143,24.113,24.09,24.067,24.044,24.006,23.983,23.953,23.922,23.899,23.838,23.838,23.808,23.8,23.785,23.777,23.732,23.732,23.716,23.693,23.671,23.64,23.609,23.617,23.586,23.564,23.556,23.541,23.541,23.502,23.487,23.495,23.487,23.479,23.487,23.479,23.464,23.456,23.441,23.441,23.426,23.41,23.403,23.395,23.395,23.387,23.387,23.372,23.326,23.341,23.319,23.303,23.311,23.296,23.296,23.28,23.272,23.272,23.249,23.242,23.226,23.226,23.203,23.196,23.196,23.18,23.165,23.18,23.165,23.157,23.188,23.165,23.18,23.196,23.165,23.15,23.127,23.142,23.127,23.134,23.096,23.096,23.096,23.088,23.081,23.073,23.058,23.065,23.05,23.042,23.034,23.019,23.011,23.019,23.011,23.027,23.027,23.004,23.004,22.981,22.981,22.965,22.965,22.965,22.958,22.965,22.973,22.965,22.965,22.934,22.927,22.942,22.95,22.934,22.958,22.934,22.919,22.919,22.904,22.888,22.873,22.873,22.865,22.865,22.858,22.85,22.858,22.85,22.858,22.834,22.827,22.827,22.819,22.842,22.827,22.819,22.819,22.811,22.78,22.765,22.757,22.757,22.757,22.773,22.727,22.765,22.742,22.75,22.742,22.742,22.719,22.711,22.734,22.703,22.688,22.703,22.711,22.696,22.688,22.673,22.665,22.673,22.657,22.657,22.657,22.649,22.642,22.634,22.626,22.588,22.58,22.595,22.572,22.58,22.572,22.572,22.572,22.588,22.58,22.572,22.572,22.557,22.58,22.549,22.58,22.564,22.549,22.626,22.541,22.588,22.564,22.541,22.557,22.526,22.549,22.557,22.557,22.564,22.557,22.564,22.557,22.549,22.549,22.534,22.526,22.549,22.534,22.526,22.503,22.51,22.51,22.518,22.51,22.495,22.487,22.51,22.487,22.534,22.518,22.487,22.495,22.441,22.472,22.487,22.518,22.557,22.503,22.526,22.541,22.51,22.534,22.518,22.51,22.534
,22.302,22.309,22.302,22.278,22.302,22.302,22.302,22.34,22.309,22.302,22.309,22.325,22.325,22.317,22.317,22.309,22.309,22.317,22.286,22.302,22.286,22.302,22.332,22.356,22.356,22.356,22.356,22.325,22.309,22.294,22.294,22.309,22.332,22.332,22.34,22.363,22.348,22.317,22.302,22.302,22.317,22.309,22.317,22.332,22.34,22.332,22.348,22.34,22.325,22.325,22.371,22.356,22.371,22.348,22.356,22.387,22.363,22.371,22.394,22.387,22.387,22.387,22.402,22.41,22.402,22.41,22.418,22.433,22.425,22.41,22.418,22.41,22.425,22.441,22.425,22.425,22.425,22.418,22.394,22.387,22.387,22.394,22.394,22.41,22.433,22.433,22.449,22.441,22.441,22.433,22.441,22.472,22.456,22.449,22.441,22.441,22.441,22.425,22.464,22.464,22.464,22.464,22.464,22.472,22.479,22.487,22.518,22.518,22.534,22.557,22.549,22.557,22.549,22.564,22.572,22.572,22.58,22.58,22.588,22.595,22.611,22.619,22.595,22.611,22.595,22.58,22.595,22.603,22.611,22.619,22.626,22.634,22.626,22.626,22.665,22.649,22.688,22.688,22.703,22.703,22.703,22.719,22.719,22.719,22.734,22.734,22.742,22.75,22.765,22.765,22.788,22.804,22.827,22.811,22.834,22.842,22.85,22.85,22.842,22.842,22.834,22.834,22.85,22.858,22.881,22.896,22.904,22.904,22.919,22.927,22.95,22.965,22.988,22.988,22.996,23.004,23.004,23.027,23.042,23.05,23.058,23.134,23.104,23.15,23.18,23.196,23.219,23.249,23.265,23.296,23.296,23.326,23.349,23.349,23.387,23.418,23.41,23.456,23.479,23.487,23.495,23.464,23.418,23.349,23.38,23.395,23.464,23.617,23.686,23.709,23.983,24.067,24.401,24.447,24.576,24.689,24.75,24.81,24.901,24.991,24.984,25.021,25.089,25.149,25.18,25.21,25.39,25.503,25.728,26.169,27.008,27.237,27.914,28.455,28.776,28.856,28.994,29.724,32.522,33.564,33.821,33.995,34.237,34.327,34.465,34.658,34.762,34.872,35.051,35.167,35.174,35.154,35.208,35.236,35.243,35.263,35.304,35.421,35.619,35.694,35.701,35.694,35.619,35.421,35.482,35.366,35.263,35.243,35.277,35.277,35.428,35.571,35.626,35.742,35.783,35.933,36.035,36.124,36.185,36.219,36.267,36.267,36.26,36.226,36.212,36.165,36.104,36.015,36.008,35.981,35.94,35.94,35.954,35.967,35.845,35.858,35.851,35.947,35.763,35.742,35.708,35.763,35.715,35.715,35.729,35.804,35.722,35.899,35.926,35.96,36.253,36.26,36.117,35.858,35.845,35.749,35.633,35.592,35.51,35.441,35.4,35.352,35.304,35.229,35.14,35.051,35.085,35.119,35.112,35.147,35.126,35.229,35.373,35.441,35.482,35.674,35.947,35.926,36.022,36.015,35.954,35.906,35.879,35.783,35.77,35.694,35.619,35.414,35.373,35.222,35.202,35.174,35.147,35.009,34.927,34.892,34.844,34.762,34.741,34.734,34.727,34.796,34.886,34.941,34.989,35.215,35.298,35.346,35.325,35.325,35.325,35.284,34.968,34.734,34.569,34.403,34.244,34.147,34.002,33.828,33.668,32.984,28.513,25.84,25.323,25.247,25.119,25.044,24.916,24.855,24.803,24.742,24.712,24.666,24.613,24.553,24.515,24.477,24.447,24.363,24.318,24.28,24.272,24.249,24.211,24.166,24.143,24.135,24.082,24.09,24.059,24.014,23.991,23.945,23.93,23.892,23.877,23.838,23.823,23.8,23.793,23.762,23.755,23.724,23.701,23.686,23.663,23.64,23.625,23.602,23.579,23.586,23.571,23.556,23.533,23.502,23.518,23.533,23.502,23.502,23.51,23.479,23.456,23.449,23.441,23.441,23.433,23.418,23.418,23.403,23.387,23.403,23.357,23.395,23.364,23.326,23.311,23.296,23.303,23.311,23.311,23.288,23.272,23.265,23.257,23.257,23.249,23.234,23.226,23.211,23.203,23.188,23.18,23.203,23.157,23.18,23.173,23.165,23.188,23.203,23.165,23.165,23.142,23.134,23.111,23.127,23.119,23.088,23.088,23.081,23.058,23.05,23.058,23.073,23.042,23.042,23.05,23.004,23.019,23.034,23.027,23.027,23.027,23.011,22.988,22.988,22.981,22.973,22.981,22.973,22.965,22.965,22.981,22.973,22.965,22.95,22.934,22.942,22.973,22.95,22.958,22.942,22.919,22.919,22.904,22.896,22.873,22.865,22.865,22.865,22.858,22.858,22.865,22.85,22.865,22.796,22.842,22.842,22.827,22.827,22.858,22.842,22.827,22.804,22.796,22.788,22.773,22.765,22.773,22.765,22.765,22.765,22.75,22.734,22.757,22.734,22.75,22.734,22.727,22.711,22.703,22.703,22.696,22.703,22.696,22.696,22.673,22.665,22.673,22.673,22.665,22.642,22.619,22.634,22.611,22.588,22.603,22.588,22.518,22.588,22.58,22.588,22.572,22.572,22.588,22.58,22.572,22.564,22.58,22.564,22.572,22.611,22.611,22.603,22.549,22.595,22.595,22.564,22.564,22.541,22.518,22.564,22.557,22.564,22.564,22.557,22.557,22.549,22.541,22.534,22.534,22.541,22.51,22.534,22.518,22.526,22.503,22.541,22.503,22.495,22.51,22.518,22.503,22.51,22.503,22.472,22.479,22.449,22.51,22.51,22.479,22.51,22.495,22.526,22.495,22.495,22.518,22.503,22.534,22.534
,22.263,22.317,22.294,22.302,22.302,22.294,22.317,22.332,22.302,22.294,22.309,22.302,22.302,22.309,22.309,22.317,22.317,22.309,22.309,22.286,22.294,22.317,22.325,22.356,22.363,22.356,22.348,22.34,22.325,22.309,22.294,22.302,22.317,22.332,22.34,22.363,22.363,22.317,22.317,22.302,22.309,22.309,22.317,22.332,22.348,22.34,22.379,22.348,22.325,22.348,22.325,22.356,22.363,22.34,22.363,22.371,22.379,22.402,22.387,22.387,22.387,22.387,22.402,22.394,22.41,22.425,22.433,22.425,22.441,22.425,22.425,22.433,22.425,22.441,22.441,22.433,22.425,22.425,22.394,22.41,22.402,22.394,22.418,22.394,22.433,22.441,22.449,22.449,22.441,22.449,22.456,22.456,22.472,22.456,22.456,22.449,22.464,22.464,22.456,22.464,22.449,22.456,22.456,22.479,22.495,22.495,22.487,22.526,22.526,22.541,22.549,22.557,22.564,22.557,22.58,22.564,22.572,22.588,22.595,22.588,22.603,22.611,22.603,22.634,22.603,22.603,22.595,22.611,22.611,22.626,22.611,22.626,22.642,22.626,22.649,22.688,22.68,22.68,22.68,22.696,22.703,22.719,22.734,22.727,22.719,22.742,22.75,22.757,22.757,22.773,22.78,22.78,22.788,22.819,22.85,22.842,22.85,22.85,22.85,22.834,22.834,22.834,22.858,22.85,22.881,22.881,22.888,22.888,22.919,22.927,22.95,22.973,22.988,22.988,22.996,23.027,23.019,23.058,23.042,23.05,23.096,23.073,23.111,23.142,23.173,23.196,23.219,23.242,23.28,23.288,23.319,23.326,23.326,23.349,23.387,23.41,23.403,23.426,23.441,23.449,23.479,23.387,23.319,23.357,23.357,23.418,23.502,23.586,23.709,23.747,24.044,24.318,24.416,24.5,24.621,24.666,24.765,24.825,24.848,24.878,24.961,24.991,25.029,25.082,25.142,25.172,25.24,25.353,25.713,26.094,26.912,27.502,27.627,28.433,28.637,28.921,29.023,29.472,31.803,33.578,33.891,34.119,34.251,34.361,34.527,34.658,34.858,34.947,35.14,35.215,35.215,35.222,35.243,35.291,35.298,35.339,35.325,35.366,35.544,35.66,35.701,35.66,35.578,35.441,35.441,35.318,35.236,35.243,35.284,35.311,35.373,35.503,35.626,35.715,35.756,35.913,35.933,36.049,36.131,36.185,36.26,36.26,36.233,36.233,36.226,36.24,36.117,36.09,36.022,35.947,35.974,35.926,35.947,35.824,35.804,35.79,35.783,35.77,35.763,35.708,35.715,35.66,35.66,35.681,35.776,35.708,35.667,35.694,35.708,35.735,35.735,35.804,35.783,35.66,35.64,35.476,35.448,35.421,35.421,35.339,35.38,35.277,35.263,35.167,35.078,35.051,35.105,35.105,35.167,35.167,35.243,35.435,35.681,35.667,35.756,35.906,35.96,36.022,36.029,36.022,35.988,35.92,35.858,35.756,35.681,35.626,35.606,35.263,35.243,35.167,35.147,35.126,35.044,35.051,34.975,34.913,34.872,34.803,34.782,34.734,34.775,34.879,34.886,35.009,35.202,35.243,35.27,35.243,35.277,35.298,35.284,35.236,34.831,34.582,34.534,34.424,34.223,33.953,33.939,33.682,33.689,32.177,27.2,25.533,25.27,25.195,25.067,25.029,24.901,24.84,24.81,24.765,24.689,24.697,24.644,24.583,24.515,24.485,24.409,24.394,24.318,24.295,24.295,24.257,24.242,24.189,24.173,24.135,24.113,24.082,24.052,24.021,23.976,23.96,23.922,23.899,23.869,23.846,23.823,23.8,23.808,23.77,23.755,23.755,23.709,23.701,23.671,23.625,23.617,23.602,23.571,23.571,23.548,23.556,23.541,23.525,23.502,23.518,23.541,23.533,23.487,23.479,23.464,23.449,23.433,23.418,23.426,23.433,23.426,23.41,23.387,23.395,23.387,23.395,23.38,23.357,23.334,23.319,23.319,23.311,23.319,23.288,23.28,23.272,23.265,23.272,23.265,23.249,23.234,23.234,23.211,23.211,23.188,23.18,23.188,23.196,23.196,23.196,23.188,23.196,23.173,23.157,23.15,23.134,23.119,23.157,23.127,23.111,23.088,23.073,23.034,23.034,23.042,23.05,23.042,23.034,23.034,23.019,23.004,23.027,23.019,23.034,23.027,23.011,22.996,22.981,22.981,22.973,22.981,22.981,22.981,22.981,22.973,22.973,22.95,22.95,22.95,22.942,22.958,22.958,22.965,22.942,22.927,22.919,22.904,22.888,22.881,22.858,22.865,22.873,22.865,22.858,22.858,22.858,22.85,22.873,22.842,22.834,22.834,22.834,22.85,22.811,22.85,22.811,22.819,22.804,22.78,22.796,22.796,22.773,22.78,22.757,22.742,22.757,22.742,22.765,22.765,22.75,22.734,22.742,22.734,22.727,22.703,22.703,22.703,22.688,22.688,22.665,22.68,22.673,22.642,22.634,22.642,22.611,22.642,22.611,22.619,22.595,22.58,22.557,22.588,22.572,22.557,22.549,22.595,22.58,22.572,22.572,22.572,22.58,22.588,22.572,22.572,22.588,22.572,22.588,22.572,22.564,22.572,22.541,22.557,22.549,22.557,22.564,22.557,22.557,22.564,22.534,22.526,22.549,22.557,22.534,22.541,22.534,22.526,22.51,22.51,22.495,22.518,22.487,22.464,22.487,22.495,22.456,22.495,22.449,22.503,22.464,22.51,22.526,22.51,22.503,22.541,22.503,22.541,22.487,22.518,22.534,22.526,22.526
,22.286,22.294,22.302,22.309,22.286,22.317,22.278,22.309,22.302,22.271,22.302,22.294,22.317,22.309,22.309,22.325,22.309,22.302,22.294,22.302,22.302,22.317,22.325,22.34,22.332,22.348,22.356,22.34,22.325,22.309,22.317,22.317,22.309,22.317,22.325,22.348,22.332,22.34,22.302,22.302,22.317,22.325,22.325,22.332,22.348,22.363,22.348,22.356,22.34,22.34,22.332,22.34,22.34,22.325,22.348,22.34,22.371,22.394,22.394,22.387,22.41,22.394,22.387,22.387,22.41,22.418,22.425,22.425,22.418,22.418,22.418,22.41,22.441,22.433,22.433,22.433,22.425,22.418,22.418,22.394,22.371,22.363,22.394,22.402,22.418,22.425,22.449,22.449,22.441,22.449,22.449,22.456,22.456,22.456,22.472,22.449,22.464,22.464,22.456,22.456,22.456,22.464,22.487,22.464,22.472,22.495,22.503,22.518,22.518,22.534,22.549,22.564,22.541,22.572,22.588,22.588,22.58,22.588,22.588,22.564,22.603,22.588,22.595,22.595,22.611,22.588,22.619,22.619,22.619,22.626,22.634,22.634,22.619,22.642,22.642,22.665,22.657,22.688,22.688,22.719,22.703,22.719,22.719,22.742,22.727,22.742,22.75,22.75,22.765,22.757,22.765,22.78,22.788,22.796,22.827,22.834,22.842,22.865,22.842,22.842,22.827,22.85,22.858,22.858,22.888,22.881,22.888,22.911,22.919,22.927,22.95,22.965,22.981,23.004,23.019,23.019,23.042,23.042,23.058,23.05,23.081,23.073,23.096,23.165,23.173,23.196,23.219,23.257,23.265,23.288,23.303,23.326,23.326,23.357,23.364,23.387,23.418,23.426,23.441,23.418,23.387,23.249,23.28,23.334,23.357,23.464,23.479,23.609,23.785,23.884,23.922,24.227,24.371,24.485,24.576,24.636,24.712,24.742,24.795,24.818,24.871,24.916,24.999,25.052,25.112,25.149,25.225,25.315,25.578,26.019,27.045,27.443,27.635,28.397,28.535,28.856,29.044,29.472,30.993,33.452,33.877,34.244,34.32,34.396,34.534,34.7,34.837,35.064,35.16,35.263,35.311,35.38,35.332,35.359,35.346,35.325,35.38,35.387,35.524,35.592,35.633,35.653,35.619,35.448,35.339,35.291,35.222,35.215,35.263,35.27,35.236,35.428,35.592,35.681,35.722,35.756,35.913,36.015,36.11,36.124,36.192,36.206,36.24,36.253,36.246,36.246,36.199,36.104,36.035,36.001,35.96,35.899,35.838,35.845,35.79,35.79,35.797,35.742,35.749,35.729,35.674,35.667,35.66,35.647,35.64,35.688,35.633,35.633,35.626,35.653,35.633,35.674,35.558,35.53,35.476,35.435,35.393,35.393,35.346,35.346,35.352,35.298,35.222,35.167,35.215,35.407,35.469,35.729,35.783,35.845,35.899,35.92,35.892,35.879,35.954,35.981,36.022,36.035,36.029,36.001,35.974,35.879,35.817,35.653,35.64,35.421,35.236,35.25,35.188,35.154,35.133,35.099,35.002,34.968,34.947,34.906,34.865,34.837,34.775,34.775,34.803,34.837,34.886,34.941,35.215,35.263,35.243,35.243,35.236,35.25,35.181,35.078,34.927,34.638,34.479,34.368,34.071,33.863,33.835,33.682,33.166,30.608,26.481,25.465,25.262,25.119,25.044,24.969,24.923,24.863,24.825,24.757,24.712,24.666,24.598,24.56,24.523,24.47,24.432,24.386,24.333,24.295,24.272,24.242,24.242,24.196,24.189,24.151,24.105,24.075,24.059,24.021,23.991,23.953,23.907,23.899,23.861,23.861,23.823,23.8,23.793,23.77,23.77,23.739,23.732,23.693,23.671,23.632,23.617,23.594,23.586,23.579,23.548,23.525,23.51,23.518,23.502,23.51,23.51,23.533,23.518,23.479,23.449,23.433,23.433,23.418,23.433,23.418,23.449,23.418,23.418,23.395,23.372,23.357,23.38,23.311,23.319,23.334,23.319,23.319,23.326,23.311,23.296,23.288,23.28,23.28,23.272,23.257,23.249,23.226,23.219,23.203,23.203,23.211,23.188,23.203,23.203,23.188,23.188,23.18,23.188,23.165,23.165,23.142,23.134,23.157,23.119,23.134,23.073,23.05,23.034,23.027,23.05,23.05,23.05,23.034,23.019,23.011,22.996,23.042,22.996,23.011,23.011,23.004,22.988,22.988,22.988,22.981,22.981,22.981,22.988,22.973,22.981,22.958,22.934,22.958,22.958,22.958,22.958,22.965,22.95,22.934,22.919,22.919,22.904,22.896,22.888,22.881,22.873,22.858,22.858,22.865,22.85,22.85,22.842,22.842,22.842,22.842,22.827,22.842,22.819,22.834,22.804,22.827,22.796,22.811,22.796,22.788,22.773,22.75,22.765,22.773,22.765,22.757,22.78,22.75,22.765,22.742,22.742,22.734,22.734,22.727,22.727,22.719,22.68,22.711,22.673,22.665,22.665,22.673,22.642,22.634,22.642,22.603,22.626,22.603,22.611,22.603,22.588,22.595,22.58,22.572,22.595,22.564,22.572,22.564,22.588,22.572,22.564,22.588,22.572,22.58,22.572,22.564,22.572,22.572,22.564,22.572,22.541,22.534,22.549,22.541,22.549,22.557,22.557,22.549,22.541,22.518,22.534,22.557,22.549,22.557,22.534,22.534,22.526,22.51,22.51,22.495,22.479,22.503,22.472,22.503,22.479,22.487,22.487,22.464,22.479,22.487,22.495,22.479,22.51,22.449,22.479,22.503,22.472,22.526,22.534,22.51,22.549,22.534
,22.278,22.286,22.286,22.286,22.278,22.286,22.286,22.278,22.286,22.286,22.278,22.286,22.309,22.309,22.302,22.317,22.302,22.302,22.309,22.294,22.309,22.317,22.325,22.34,22.34,22.348,22.332,22.286,22.317,22.286,22.302,22.302,22.302,22.302,22.309,22.317,22.332,22.309,22.317,22.325,22.317,22.332,22.325,22.34,22.34,22.348,22.356,22.363,22.34,22.34,22.332,22.34,22.332,22.34,22.332,22.394,22.363,22.402,22.418,22.387,22.394,22.394,22.371,22.387,22.394,22.402,22.441,22.433,22.418,22.41,22.387,22.41,22.418,22.425,22.433,22.441,22.425,22.402,22.41,22.41,22.394,22.387,22.402,22.41,22.418,22.425,22.425,22.433,22.433,22.425,22.433,22.433,22.433,22.449,22.456,22.456,22.456,22.464,22.456,22.456,22.441,22.464,22.472,22.472,22.495,22.495,22.503,22.518,22.526,22.541,22.549,22.557,22.564,22.572,22.564,22.58,22.58,22.588,22.588,22.58,22.58,22.603,22.603,22.603,22.611,22.595,22.603,22.611,22.619,22.634,22.626,22.634,22.626,22.642,22.649,22.649,22.68,22.696,22.688,22.688,22.696,22.688,22.696,22.727,22.696,22.742,22.757,22.742,22.757,22.757,22.765,22.773,22.788,22.788,22.819,22.827,22.834,22.842,22.85,22.842,22.85,22.858,22.85,22.842,22.896,22.888,22.911,22.904,22.919,22.927,22.927,22.958,22.973,22.988,23.004,23.004,23.019,23.05,23.065,23.081,23.096,23.111,23.119,23.15,23.157,23.18,23.211,23.234,23.249,23.288,23.311,23.326,23.341,23.341,23.372,23.395,23.403,23.403,23.395,23.349,23.234,23.203,23.272,23.334,23.38,23.464,23.564,23.716,23.77,23.922,23.945,24.151,24.394,24.47,24.5,24.613,24.644,24.659,24.757,24.765,24.863,24.893,24.969,24.999,25.044,25.074,25.225,25.285,25.63,26.012,27.015,27.274,27.605,28.382,28.696,28.834,29.073,29.349,29.998,32.886,34.092,34.272,34.375,34.417,34.493,34.741,35.002,35.119,35.229,35.304,35.359,35.4,35.455,35.435,35.407,35.366,35.373,35.352,35.428,35.53,35.544,35.606,35.599,35.421,35.38,35.236,35.229,35.208,35.208,35.284,35.263,35.414,35.551,35.606,35.64,35.735,35.886,35.899,35.947,35.995,36.076,36.165,36.192,36.172,36.24,36.233,36.233,36.199,36.11,36.097,35.96,35.995,35.933,35.886,35.817,35.776,35.749,35.756,35.722,35.694,35.681,35.626,35.667,35.653,35.619,35.619,35.64,35.626,35.633,35.599,35.592,35.633,35.599,35.592,35.448,35.4,35.441,35.565,35.537,35.578,35.872,35.872,36.029,36.056,36.172,36.178,36.199,36.287,36.104,36.172,36.11,36.035,35.967,36.029,36.022,36.008,36.001,36.001,36.008,36.008,35.947,35.92,35.797,35.606,35.558,35.38,35.284,35.215,35.174,35.133,35.092,35.064,34.961,34.927,34.941,34.913,34.886,34.851,34.803,34.796,34.879,34.886,34.865,35.023,35.25,35.277,35.243,35.25,35.25,35.181,35.16,35.078,34.769,34.7,34.458,34.327,34.029,33.877,33.87,33.522,33.117,28.36,25.645,25.375,25.187,25.104,25.014,24.969,24.893,24.84,24.803,24.765,24.719,24.644,24.591,24.56,24.507,24.462,24.432,24.371,24.31,24.295,24.265,24.249,24.242,24.204,24.166,24.135,24.113,24.082,24.052,24.006,23.983,23.953,23.93,23.915,23.869,23.877,23.816,23.816,23.777,23.762,23.77,23.739,23.724,23.693,23.655,23.64,23.64,23.617,23.594,23.571,23.556,23.518,23.525,23.495,23.51,23.541,23.51,23.533,23.502,23.456,23.441,23.441,23.426,23.426,23.426,23.41,23.426,23.449,23.41,23.387,23.387,23.349,23.357,23.349,23.357,23.334,23.319,23.319,23.311,23.334,23.303,23.272,23.288,23.288,23.272,23.265,23.249,23.242,23.219,23.203,23.203,23.196,23.211,23.211,23.203,23.188,23.18,23.188,23.196,23.173,23.165,23.157,23.142,23.134,23.119,23.088,23.081,23.05,23.034,23.05,23.042,23.065,23.073,23.042,23.05,23.019,22.996,23.011,22.988,22.996,22.988,22.973,22.973,22.973,22.958,22.973,22.973,22.965,22.981,22.981,22.981,22.958,22.942,22.95,22.95,22.958,22.95,22.958,22.958,22.934,22.927,22.919,22.896,22.888,22.896,22.896,22.896,22.873,22.881,22.858,22.85,22.827,22.827,22.827,22.804,22.819,22.834,22.819,22.85,22.834,22.796,22.819,22.819,22.834,22.788,22.804,22.796,22.757,22.78,22.757,22.78,22.765,22.78,22.773,22.742,22.78,22.742,22.757,22.75,22.757,22.711,22.688,22.673,22.665,22.673,22.665,22.665,22.657,22.665,22.642,22.634,22.603,22.634,22.619,22.595,22.611,22.603,22.58,22.588,22.603,22.588,22.572,22.557,22.58,22.58,22.564,22.572,22.557,22.557,22.572,22.564,22.549,22.534,22.541,22.549,22.564,22.549,22.526,22.503,22.549,22.549,22.549,22.534,22.557,22.495,22.549,22.534,22.526,22.549,22.534,22.526,22.526,22.518,22.51,22.503,22.472,22.495,22.479,22.479,22.479,22.456,22.472,22.449,22.479,22.464,22.503,22.51,22.472,22.487,22.472,22.464,22.518,22.487,22.526,22.626,22.534,22.549,22.534
,22.278,22.278,22.286,22.271,22.271,22.271,22.294,22.286,22.278,22.286,22.278,22.286,22.309,22.309,22.309,22.317,22.302,22.294,22.294,22.309,22.309,22.325,22.325,22.332,22.332,22.325,22.317,22.309,22.317,22.325,22.317,22.302,22.294,22.286,22.286,22.302,22.325,22.317,22.348,22.332,22.317,22.317,22.325,22.332,22.34,22.34,22.348,22.348,22.34,22.325,22.317,22.325,22.309,22.325,22.348,22.371,22.379,22.402,22.402,22.394,22.394,22.387,22.356,22.394,22.394,22.41,22.418,22.425,22.418,22.402,22.394,22.394,22.41,22.425,22.433,22.433,22.425,22.418,22.441,22.41,22.433,22.394,22.371,22.394,22.402,22.41,22.402,22.425,22.425,22.441,22.441,22.441,22.425,22.425,22.433,22.449,22.456,22.441,22.441,22.441,22.441,22.449,22.472,22.472,22.487,22.503,22.518,22.534,22.518,22.541,22.534,22.541,22.541,22.541,22.541,22.572,22.58,22.58,22.58,22.58,22.58,22.58,22.595,22.595,22.588,22.595,22.611,22.611,22.626,22.634,22.634,22.642,22.634,22.634,22.673,22.634,22.665,22.68,22.696,22.68,22.696,22.68,22.711,22.703,22.719,22.719,22.765,22.742,22.75,22.742,22.75,22.773,22.788,22.78,22.804,22.811,22.834,22.842,22.858,22.85,22.85,22.858,22.858,22.873,22.881,22.896,22.911,22.904,22.904,22.904,22.934,22.958,22.965,22.981,23.004,23.019,23.042,23.05,23.073,23.081,23.111,23.104,23.111,23.142,23.157,23.188,23.203,23.226,23.257,23.288,23.288,23.319,23.334,23.349,23.357,23.364,23.395,23.38,23.395,23.288,23.219,23.211,23.257,23.341,23.418,23.51,23.594,23.709,23.8,23.983,24.082,24.143,24.333,24.432,24.515,24.583,24.591,24.644,24.704,24.727,24.81,24.871,24.938,24.991,25.029,25.112,25.187,25.323,25.518,26.042,26.793,27.281,27.649,28.367,28.513,28.659,28.914,29.124,29.493,31.831,33.613,34.334,34.431,34.548,34.755,34.851,35.071,35.078,35.256,35.387,35.524,35.53,35.51,35.407,35.462,35.38,35.366,35.352,35.393,35.441,35.571,35.606,35.571,35.407,35.236,35.215,35.215,35.195,35.222,35.236,35.263,35.407,35.469,35.544,35.51,35.674,35.742,35.817,35.831,35.879,35.817,36.022,36.09,36.199,36.212,36.219,36.335,36.287,36.274,36.178,36.199,36.097,36.097,36.049,36.11,36.063,36.124,36.131,36.042,35.892,35.817,35.824,35.804,35.79,35.974,35.933,35.831,35.756,35.77,35.858,35.824,35.913,35.831,35.899,35.913,35.776,36.008,36.362,36.538,36.579,36.484,36.457,36.464,36.491,36.416,36.484,36.477,36.382,36.341,36.26,36.192,36.09,36.09,36.063,36.029,36.015,35.981,35.974,35.974,35.926,35.831,35.81,35.763,35.681,35.592,35.441,35.311,35.236,35.188,35.119,35.064,34.996,34.927,34.92,34.927,34.906,34.906,34.872,34.934,34.954,34.913,34.824,34.817,35.023,35.236,35.277,35.256,35.256,35.25,35.25,35.195,34.996,34.865,34.7,34.472,34.313,34.002,33.738,33.585,33.557,32.268,27.089,25.608,25.39,25.187,25.134,25.074,24.999,24.916,24.863,24.818,24.75,24.712,24.666,24.576,24.56,24.523,24.492,24.394,24.363,24.31,24.303,24.295,24.249,24.249,24.204,24.181,24.143,24.105,24.067,24.059,24.006,23.976,23.938,23.953,23.938,23.907,23.823,23.816,23.8,23.77,23.762,23.739,23.732,23.716,23.686,23.671,23.655,23.632,23.617,23.602,23.579,23.579,23.533,23.495,23.518,23.518,23.518,23.533,23.525,23.479,23.456,23.426,23.426,23.433,23.441,23.433,23.418,23.441,23.418,23.41,23.403,23.364,23.372,23.372,23.372,23.349,23.334,23.341,23.334,23.334,23.311,23.326,23.288,23.296,23.28,23.272,23.272,23.242,23.234,23.211,23.219,23.219,23.211,23.226,23.211,23.203,23.196,23.196,23.188,23.196,23.188,23.188,23.165,23.142,23.15,23.104,23.088,23.073,23.065,23.058,23.073,23.058,23.081,23.073,23.042,23.05,23.065,23.019,22.996,22.988,23.019,22.973,22.973,22.958,22.958,22.958,22.958,22.973,22.973,22.981,22.965,22.973,22.95,22.942,22.958,22.942,22.958,22.95,22.95,22.958,22.927,22.942,22.911,22.904,22.888,22.896,22.896,22.911,22.904,22.865,22.888,22.858,22.873,22.85,22.85,22.834,22.827,22.819,22.819,22.819,22.827,22.827,22.834,22.834,22.842,22.796,22.78,22.773,22.765,22.773,22.773,22.773,22.788,22.773,22.757,22.804,22.765,22.773,22.75,22.734,22.75,22.719,22.673,22.657,22.665,22.657,22.665,22.68,22.68,22.657,22.626,22.642,22.626,22.657,22.603,22.611,22.603,22.588,22.603,22.595,22.595,22.58,22.58,22.595,22.588,22.58,22.557,22.564,22.564,22.557,22.557,22.541,22.534,22.541,22.549,22.541,22.526,22.541,22.518,22.518,22.534,22.541,22.534,22.534,22.534,22.534,22.534,22.557,22.51,22.526,22.487,22.51,22.503,22.487,22.487,22.479,22.487,22.464,22.495,22.456,22.472,22.464,22.456,22.449,22.464,22.479,22.472,22.487,22.487,22.472,22.472,22.503,22.487,22.487,22.472,22.51,22.549,22.541,22.534
,22.278,22.286,22.278,22.286,22.278,22.271,22.278,22.278,22.325,22.278,22.278,22.278,22.294,22.309,22.34,22.379,22.278,22.286,22.286,22.302,22.309,22.317,22.325,22.332,22.309,22.302,22.309,22.309,22.286,22.325,22.317,22.302,22.302,22.294,22.286,22.294,22.294,22.325,22.348,22.332,22.332,22.332,22.332,22.34,22.348,22.348,22.34,22.34,22.332,22.34,22.317,22.317,22.317,22.317,22.356,22.371,22.371,22.402,22.402,22.394,22.387,22.379,22.363,22.371,22.394,22.394,22.433,22.418,22.41,22.394,22.394,22.387,22.394,22.394,22.402,22.41,22.441,22.418,22.41,22.394,22.41,22.41,22.371,22.379,22.394,22.402,22.402,22.425,22.433,22.449,22.425,22.394,22.441,22.449,22.433,22.441,22.441,22.433,22.425,22.425,22.441,22.441,22.464,22.495,22.503,22.51,22.503,22.526,22.534,22.526,22.541,22.549,22.549,22.549,22.541,22.557,22.58,22.572,22.572,22.572,22.564,22.58,22.564,22.619,22.58,22.58,22.603,22.611,22.626,22.634,22.634,22.642,22.642,22.642,22.649,22.657,22.657,22.68,22.68,22.673,22.68,22.703,22.68,22.711,22.734,22.742,22.734,22.742,22.734,22.75,22.765,22.773,22.773,22.788,22.796,22.804,22.811,22.842,22.858,22.865,22.865,22.85,22.865,22.881,22.888,22.904,22.896,22.919,22.896,22.919,22.927,22.95,22.965,22.981,23.004,23.019,23.034,23.065,23.081,23.081,23.104,23.088,23.127,23.134,23.165,23.196,23.196,23.219,23.242,23.272,23.303,23.326,23.334,23.349,23.364,23.357,23.364,23.372,23.288,23.219,23.165,23.226,23.211,23.326,23.38,23.525,23.686,23.755,23.854,23.93,24.143,24.135,24.303,24.447,24.454,24.545,24.553,24.621,24.666,24.735,24.81,24.886,24.931,24.969,25.059,25.112,25.225,25.24,25.525,25.975,26.867,27.037,27.796,28.229,28.557,28.645,28.747,29.11,29.24,31,33.494,34.272,34.493,34.775,34.831,34.968,35.071,35.099,35.256,35.462,35.64,35.64,35.585,35.503,35.441,35.414,35.387,35.311,35.38,35.435,35.537,35.565,35.517,35.455,35.208,35.195,35.188,35.174,35.202,35.236,35.243,35.4,35.428,35.448,35.462,35.578,35.647,35.694,35.722,35.708,35.797,35.94,36.015,36.117,36.185,36.274,36.28,36.321,36.362,36.375,36.369,36.26,36.199,36.151,36.267,36.294,36.301,36.389,36.348,36.274,36.382,36.477,36.47,36.375,36.47,36.416,36.403,36.409,36.403,36.436,36.43,36.511,36.538,36.518,36.328,36.369,36.43,36.559,36.599,36.592,36.518,36.47,36.491,36.457,36.43,36.511,36.511,36.47,36.348,36.267,36.178,36.144,36.097,36.056,36.049,36.015,35.988,35.974,35.947,35.838,35.715,35.619,35.599,35.537,35.441,35.38,35.304,35.263,35.208,35.112,35.023,34.996,34.941,34.934,34.934,34.92,34.92,35.037,35.112,34.947,34.824,34.844,34.824,34.989,35.291,35.311,35.284,35.277,35.277,35.263,35.14,35.044,34.968,34.803,34.5,34.334,33.911,33.752,33.647,33.376,30.443,26.429,25.548,25.292,25.308,25.112,25.052,24.976,24.916,24.833,24.787,24.75,24.697,24.636,24.598,24.545,24.523,24.462,24.386,24.363,24.31,24.28,24.272,24.249,24.242,24.211,24.181,24.135,24.105,24.075,24.044,23.983,23.983,23.976,23.938,23.915,23.861,23.838,23.816,23.793,23.777,23.762,23.739,23.716,23.709,23.686,23.678,23.663,23.648,23.632,23.632,23.617,23.579,23.533,23.51,23.518,23.51,23.51,23.479,23.479,23.479,23.449,23.426,23.418,23.456,23.441,23.441,23.418,23.418,23.426,23.403,23.41,23.38,23.372,23.364,23.372,23.357,23.357,23.326,23.349,23.334,23.334,23.311,23.311,23.288,23.272,23.288,23.28,23.257,23.226,23.211,23.219,23.196,23.219,23.219,23.226,23.211,23.196,23.188,23.203,23.203,23.211,23.196,23.18,23.157,23.134,23.111,23.088,23.073,23.073,23.081,23.073,23.073,23.05,23.073,23.065,23.05,23.027,23.034,23.019,23.004,22.988,22.973,22.981,22.95,22.981,22.965,22.958,22.973,22.973,22.965,22.942,22.942,22.95,22.95,22.95,22.95,22.958,22.965,22.958,22.95,22.934,22.927,22.904,22.904,22.904,22.896,22.904,22.911,22.911,22.896,22.858,22.85,22.842,22.873,22.834,22.827,22.834,22.842,22.827,22.811,22.819,22.811,22.827,22.804,22.827,22.819,22.811,22.773,22.78,22.773,22.773,22.78,22.78,22.765,22.773,22.773,22.75,22.75,22.75,22.742,22.734,22.696,22.68,22.688,22.657,22.657,22.673,22.673,22.665,22.665,22.665,22.634,22.619,22.603,22.626,22.603,22.603,22.595,22.595,22.595,22.595,22.595,22.588,22.588,22.557,22.595,22.572,22.557,22.549,22.549,22.549,22.518,22.534,22.534,22.526,22.534,22.526,22.526,22.526,22.526,22.541,22.549,22.526,22.526,22.495,22.503,22.51,22.503,22.472,22.495,22.479,22.479,22.472,22.503,22.487,22.487,22.503,22.487,22.479,22.503,22.472,22.472,22.472,22.472,22.464,22.472,22.487,22.487,22.487,22.472,22.487,22.495,22.479,22.487,22.518,22.526,22.549,22.518,22.549
,22.278,22.271,22.271,22.278,22.271,22.278,22.286,22.278,22.286,22.286,22.294,22.294,22.294,22.325,22.309,22.302,22.271,22.325,22.294,22.309,22.317,22.325,22.332,22.317,22.309,22.309,22.294,22.302,22.294,22.332,22.325,22.317,22.317,22.317,22.278,22.302,22.309,22.34,22.348,22.348,22.34,22.34,22.34,22.332,22.34,22.348,22.348,22.348,22.34,22.34,22.34,22.325,22.332,22.34,22.34,22.356,22.387,22.387,22.418,22.402,22.371,22.379,22.371,22.387,22.394,22.418,22.441,22.41,22.418,22.402,22.394,22.387,22.394,22.41,22.41,22.418,22.425,22.433,22.402,22.441,22.402,22.418,22.402,22.387,22.394,22.394,22.402,22.425,22.41,22.425,22.464,22.41,22.433,22.425,22.425,22.418,22.433,22.418,22.418,22.433,22.433,22.449,22.449,22.472,22.472,22.503,22.534,22.518,22.541,22.541,22.549,22.557,22.549,22.549,22.534,22.549,22.572,22.564,22.572,22.572,22.572,22.58,22.58,22.603,22.588,22.588,22.588,22.611,22.611,22.634,22.634,22.634,22.626,22.626,22.649,22.665,22.688,22.665,22.665,22.696,22.673,22.68,22.703,22.719,22.719,22.719,22.719,22.727,22.765,22.734,22.75,22.765,22.788,22.78,22.788,22.804,22.811,22.827,22.842,22.85,22.858,22.865,22.865,22.873,22.888,22.911,22.904,22.911,22.919,22.896,22.927,22.958,22.965,22.988,23.004,23.011,23.05,23.073,23.088,23.096,23.096,23.104,23.127,23.142,23.15,23.18,23.203,23.226,23.257,23.265,23.311,23.311,23.326,23.349,23.364,23.364,23.334,23.303,23.257,23.173,23.15,23.242,23.234,23.372,23.487,23.594,23.762,23.793,23.861,24.006,24.12,24.204,24.272,24.386,24.454,24.538,24.568,24.621,24.674,24.765,24.81,24.855,24.946,25.006,25.059,25.18,25.262,25.435,25.578,25.907,26.674,27.037,27.818,28.177,28.477,28.645,29.001,29.24,29.291,30.3,32.879,34.029,34.576,34.872,35.051,35.105,35.057,35.229,35.565,35.633,35.742,35.715,35.701,35.585,35.544,35.435,35.414,35.373,35.359,35.407,35.496,35.537,35.482,35.414,35.256,35.222,35.181,35.174,35.208,35.256,35.284,35.346,35.38,35.421,35.469,35.462,35.565,35.667,35.606,35.626,35.749,35.817,35.967,36.069,36.144,36.226,36.321,36.409,36.423,36.464,36.484,36.491,36.403,36.253,36.43,36.382,36.375,36.498,36.47,36.47,36.586,36.667,36.674,36.64,36.599,36.545,36.504,36.484,36.504,36.511,36.491,36.518,36.498,36.498,36.47,36.484,36.457,36.552,36.565,36.552,36.538,36.47,36.43,36.403,36.369,36.464,36.464,36.43,36.382,36.294,36.212,36.144,36.138,36.097,36.083,36.022,35.974,35.947,35.926,35.838,35.578,35.517,35.387,35.4,35.359,35.346,35.318,35.291,35.263,35.195,35.099,34.947,34.927,34.927,34.941,34.913,34.934,35.016,35.023,34.927,34.865,34.817,34.913,35.078,35.27,35.332,35.325,35.318,35.311,35.27,35.208,35.188,34.968,34.775,34.451,34.209,33.793,33.64,33.536,32.879,28.594,25.713,25.488,25.262,25.18,25.097,25.052,24.999,24.901,24.886,24.818,24.742,24.697,24.629,24.598,24.56,24.515,24.5,24.424,24.379,24.31,24.318,24.28,24.265,24.257,24.204,24.158,24.143,24.097,24.075,24.037,24.006,23.991,23.976,23.953,23.907,23.877,23.869,23.816,23.808,23.777,23.762,23.739,23.724,23.716,23.693,23.678,23.671,23.648,23.64,23.648,23.625,23.564,23.571,23.518,23.51,23.541,23.502,23.502,23.456,23.487,23.479,23.464,23.441,23.426,23.449,23.449,23.418,23.418,23.418,23.41,23.418,23.395,23.387,23.372,23.364,23.372,23.395,23.38,23.349,23.341,23.334,23.319,23.303,23.303,23.288,23.28,23.257,23.249,23.234,23.226,23.196,23.226,23.226,23.226,23.203,23.226,23.203,23.219,23.219,23.211,23.211,23.203,23.188,23.165,23.142,23.111,23.088,23.096,23.088,23.104,23.096,23.096,23.088,23.096,23.088,23.065,23.058,23.034,23.027,23.019,23.027,22.988,22.973,23.004,22.973,22.988,22.988,22.988,22.973,22.981,22.981,22.973,22.965,22.973,22.95,22.965,22.965,22.973,22.965,22.95,22.95,22.934,22.911,22.888,22.888,22.896,22.911,22.911,22.904,22.904,22.896,22.888,22.904,22.888,22.858,22.865,22.842,22.842,22.811,22.827,22.819,22.819,22.834,22.834,22.804,22.78,22.827,22.788,22.811,22.773,22.78,22.788,22.78,22.773,22.765,22.75,22.742,22.75,22.75,22.719,22.727,22.719,22.68,22.688,22.665,22.665,22.665,22.665,22.665,22.665,22.657,22.649,22.634,22.611,22.634,22.603,22.603,22.588,22.595,22.603,22.595,22.595,22.603,22.588,22.58,22.572,22.564,22.549,22.557,22.557,22.541,22.534,22.526,22.526,22.534,22.526,22.534,22.518,22.541,22.541,22.526,22.534,22.51,22.534,22.534,22.487,22.495,22.479,22.449,22.464,22.51,22.464,22.495,22.495,22.51,22.495,22.487,22.472,22.487,22.503,22.456,22.464,22.464,22.472,22.472,22.495,22.472,22.487,22.487,22.479,22.479,22.487,22.495,22.495,22.495,22.541,22.557,22.518,22.518
,22.286,22.286,22.278,22.278,22.263,22.278,22.278,22.271,22.286,22.302,22.286,22.278,22.294,22.302,22.309,22.332,22.325,22.332,22.302,22.317,22.317,22.332,22.325,22.309,22.294,22.286,22.294,22.286,22.325,22.332,22.348,22.332,22.332,22.317,22.309,22.317,22.309,22.34,22.363,22.34,22.356,22.356,22.356,22.356,22.356,22.356,22.348,22.356,22.356,22.356,22.34,22.34,22.34,22.325,22.348,22.348,22.356,22.387,22.387,22.41,22.387,22.402,22.387,22.387,22.41,22.425,22.433,22.433,22.418,22.394,22.394,22.41,22.394,22.394,22.402,22.387,22.394,22.402,22.402,22.402,22.41,22.41,22.41,22.387,22.394,22.394,22.41,22.425,22.418,22.456,22.456,22.456,22.418,22.425,22.441,22.41,22.418,22.41,22.418,22.441,22.433,22.449,22.464,22.487,22.472,22.51,22.518,22.526,22.541,22.541,22.549,22.541,22.549,22.534,22.549,22.534,22.557,22.557,22.564,22.564,22.564,22.572,22.58,22.58,22.588,22.595,22.595,22.603,22.619,22.634,22.642,22.626,22.626,22.634,22.626,22.649,22.657,22.657,22.673,22.673,22.68,22.696,22.703,22.719,22.711,22.719,22.719,22.727,22.734,22.75,22.75,22.757,22.78,22.78,22.788,22.788,22.796,22.811,22.827,22.827,22.85,22.858,22.865,22.873,22.881,22.881,22.881,22.927,22.934,22.927,22.958,22.973,22.981,23.004,23.019,23.042,23.058,23.073,23.088,23.088,23.096,23.096,23.096,23.119,23.142,23.196,23.211,23.234,23.242,23.272,23.303,23.303,23.319,23.334,23.341,23.357,23.326,23.28,23.119,23.134,23.173,23.219,23.303,23.364,23.479,23.709,23.762,23.968,23.991,24.067,24.151,24.242,24.272,24.394,24.454,24.538,24.583,24.636,24.742,24.772,24.795,24.848,24.976,25.067,25.104,25.157,25.262,25.435,25.488,25.877,26.325,26.882,27.723,27.98,28.484,28.696,28.863,29.059,29.197,29.631,31.972,33.599,34.438,34.865,35.051,35.105,35.126,35.181,35.359,35.667,35.776,35.797,35.694,35.708,35.612,35.544,35.462,35.414,35.441,35.455,35.448,35.53,35.51,35.441,35.366,35.188,35.14,35.16,35.229,35.229,35.284,35.318,35.318,35.359,35.387,35.448,35.517,35.496,35.517,35.599,35.831,35.817,35.967,36.049,36.144,36.26,36.335,36.396,36.491,36.531,36.552,36.565,36.538,36.504,36.416,36.457,36.525,36.531,36.565,36.579,36.66,36.701,36.694,36.66,36.613,36.552,36.525,36.511,36.498,36.511,36.498,36.43,36.491,36.498,36.477,36.443,36.43,36.531,36.477,36.436,36.375,36.375,36.362,36.355,36.328,36.457,36.491,36.396,36.301,36.26,36.206,36.158,36.09,36.09,36.022,36.015,35.954,35.879,35.865,35.763,35.359,35.393,35.359,35.304,35.332,35.346,35.332,35.318,35.291,35.263,35.154,35.126,34.954,34.934,34.899,34.913,34.92,35.002,34.975,34.941,34.851,34.879,34.879,35.167,35.277,35.352,35.325,35.359,35.318,35.311,35.284,35.256,35.03,34.803,34.486,34.105,33.745,33.696,33.327,31.178,26.882,25.645,25.578,25.323,25.165,25.097,25.044,25.006,24.893,24.878,24.772,24.772,24.735,24.651,24.613,24.568,24.56,24.477,24.439,24.424,24.371,24.318,24.287,24.28,24.265,24.196,24.173,24.135,24.097,24.075,24.037,24.006,23.968,23.953,23.93,23.922,23.877,23.846,23.816,23.8,23.777,23.762,23.747,23.724,23.716,23.693,23.686,23.671,23.655,23.64,23.625,23.571,23.533,23.548,23.518,23.541,23.518,23.495,23.487,23.495,23.472,23.449,23.472,23.433,23.441,23.449,23.449,23.441,23.426,23.418,23.426,23.426,23.418,23.387,23.372,23.395,23.38,23.387,23.372,23.349,23.341,23.334,23.334,23.319,23.311,23.303,23.296,23.265,23.265,23.226,23.226,23.219,23.226,23.226,23.234,23.226,23.234,23.211,23.211,23.203,23.203,23.211,23.203,23.196,23.18,23.157,23.119,23.111,23.096,23.111,23.088,23.088,23.104,23.088,23.088,23.104,23.096,23.104,23.05,23.042,23.058,23.034,23.011,23.042,23.011,22.996,22.996,23.004,22.996,22.988,22.988,22.988,22.965,22.965,22.988,22.965,22.988,22.981,22.965,22.958,22.958,22.927,22.927,22.919,22.896,22.896,22.896,22.896,22.896,22.904,22.888,22.896,22.873,22.873,22.858,22.865,22.888,22.865,22.842,22.842,22.827,22.819,22.819,22.819,22.827,22.788,22.85,22.858,22.827,22.834,22.804,22.796,22.796,22.78,22.773,22.742,22.75,22.727,22.734,22.727,22.711,22.719,22.696,22.688,22.696,22.649,22.657,22.642,22.649,22.673,22.657,22.68,22.665,22.657,22.634,22.626,22.603,22.595,22.588,22.595,22.58,22.588,22.611,22.588,22.603,22.564,22.541,22.572,22.564,22.564,22.564,22.541,22.526,22.534,22.541,22.534,22.526,22.534,22.526,22.526,22.526,22.534,22.526,22.526,22.534,22.503,22.464,22.487,22.487,22.495,22.51,22.51,22.495,22.495,22.503,22.503,22.518,22.518,22.51,22.503,22.503,22.479,22.472,22.472,22.464,22.433,22.464,22.464,22.464,22.479,22.479,22.456,22.479,22.495,22.495,22.541,22.51,22.534,22.526,22.526
,22.278,22.278,22.278,22.271,22.247,22.278,22.294,22.294,22.302,22.263,22.286,22.278,22.278,22.286,22.309,22.325,22.332,22.34,22.317,22.325,22.325,22.309,22.317,22.286,22.278,22.278,22.286,22.294,22.302,22.325,22.348,22.34,22.356,22.325,22.356,22.348,22.356,22.348,22.348,22.363,22.363,22.363,22.363,22.379,22.371,22.371,22.356,22.34,22.371,22.379,22.356,22.371,22.34,22.34,22.356,22.363,22.34,22.371,22.41,22.387,22.41,22.402,22.387,22.394,22.402,22.425,22.425,22.418,22.425,22.418,22.387,22.387,22.402,22.402,22.394,22.379,22.402,22.387,22.41,22.402,22.402,22.41,22.418,22.394,22.41,22.402,22.41,22.418,22.418,22.441,22.433,22.441,22.449,22.456,22.449,22.402,22.418,22.41,22.425,22.456,22.479,22.464,22.456,22.472,22.472,22.518,22.518,22.526,22.534,22.549,22.549,22.557,22.549,22.541,22.541,22.549,22.564,22.564,22.557,22.557,22.564,22.572,22.572,22.572,22.58,22.588,22.619,22.619,22.619,22.626,22.634,22.634,22.634,22.634,22.642,22.649,22.665,22.68,22.673,22.688,22.688,22.711,22.711,22.727,22.727,22.719,22.727,22.719,22.727,22.757,22.765,22.796,22.765,22.78,22.788,22.796,22.796,22.796,22.819,22.819,22.834,22.85,22.865,22.873,22.873,22.904,22.911,22.927,22.934,22.95,22.958,22.965,23.019,23.011,23.019,23.05,23.065,23.081,23.081,23.088,23.088,23.104,23.104,23.142,23.188,23.196,23.211,23.234,23.265,23.257,23.272,23.303,23.326,23.326,23.319,23.319,23.242,23.203,23.088,23.111,23.15,23.272,23.257,23.456,23.602,23.747,23.816,23.899,23.998,24.09,24.28,24.249,24.318,24.485,24.523,24.598,24.629,24.682,24.742,24.863,24.916,25.006,25.029,25.119,25.217,25.262,25.42,25.42,25.495,25.705,26.243,26.749,27.818,28.038,28.346,28.615,28.921,29.124,29.247,29.378,30.965,33.424,34.078,34.748,35.057,35.119,35.119,35.188,35.304,35.77,35.817,35.831,35.824,35.77,35.681,35.688,35.524,35.448,35.441,35.489,35.489,35.524,35.496,35.496,35.359,35.229,35.167,35.147,35.284,35.332,35.298,35.291,35.284,35.263,35.318,35.366,35.435,35.435,35.455,35.53,35.708,35.729,35.899,36.029,36.138,36.219,36.321,36.423,36.531,36.538,36.62,36.653,36.592,36.538,36.565,36.552,36.613,36.626,36.653,36.681,36.667,36.708,36.694,36.653,36.606,36.531,36.511,36.416,36.484,36.491,36.484,36.457,36.457,36.416,36.321,36.26,36.375,36.389,36.409,36.328,36.335,36.301,36.26,36.199,36.233,36.287,36.307,36.287,36.212,36.206,36.165,36.117,36.104,36.042,36.035,35.974,35.913,35.886,35.783,35.619,35.428,35.277,35.304,35.346,35.339,35.332,35.339,35.325,35.325,35.27,35.277,35.236,35.078,35.002,34.906,34.892,34.941,34.913,34.947,34.879,34.81,34.906,34.886,35.051,35.25,35.304,35.346,35.366,35.359,35.373,35.414,35.256,35.112,34.645,34.431,33.953,33.793,33.675,32.781,28.499,26.131,25.495,25.292,25.195,25.165,25.097,25.029,24.984,24.946,24.84,24.772,24.765,24.719,24.682,24.644,24.576,24.553,24.591,24.583,24.447,24.371,24.356,24.303,24.28,24.234,24.151,24.151,24.113,24.082,24.052,24.029,23.998,23.976,23.953,23.915,23.869,23.861,23.831,23.823,23.8,23.777,23.762,23.747,23.732,23.709,23.701,23.686,23.671,23.655,23.663,23.617,23.602,23.564,23.564,23.541,23.541,23.525,23.518,23.518,23.479,23.456,23.456,23.441,23.472,23.464,23.433,23.441,23.441,23.441,23.433,23.441,23.433,23.418,23.395,23.387,23.387,23.387,23.403,23.395,23.372,23.372,23.349,23.341,23.326,23.319,23.311,23.303,23.288,23.28,23.265,23.249,23.242,23.219,23.234,23.234,23.226,23.219,23.219,23.211,23.219,23.211,23.211,23.211,23.188,23.188,23.188,23.134,23.111,23.111,23.104,23.111,23.096,23.096,23.096,23.111,23.104,23.096,23.111,23.081,23.073,23.065,23.05,23.042,23.019,23.027,23.019,23.019,23.034,23.004,22.996,23.004,22.981,22.988,22.988,22.988,22.973,22.988,22.973,22.973,22.965,22.942,22.942,22.927,22.927,22.919,22.919,22.927,22.904,22.904,22.896,22.881,22.881,22.873,22.858,22.873,22.85,22.873,22.873,22.842,22.842,22.827,22.811,22.811,22.819,22.827,22.827,22.858,22.834,22.827,22.85,22.834,22.804,22.788,22.78,22.773,22.757,22.742,22.719,22.727,22.711,22.703,22.696,22.703,22.688,22.688,22.665,22.696,22.649,22.68,22.673,22.673,22.657,22.665,22.611,22.611,22.642,22.595,22.588,22.595,22.58,22.58,22.595,22.595,22.595,22.603,22.588,22.572,22.549,22.564,22.549,22.557,22.518,22.534,22.534,22.534,22.549,22.534,22.549,22.541,22.534,22.526,22.518,22.51,22.495,22.51,22.534,22.487,22.503,22.495,22.503,22.518,22.51,22.503,22.534,22.526,22.526,22.541,22.534,22.534,22.526,22.51,22.495,22.487,22.479,22.449,22.449,22.449,22.456,22.479,22.472,22.472,22.472,22.472,22.464,22.495,22.503,22.518,22.534,22.541,22.51
,22.271,22.255,22.255,22.247,22.255,22.271,22.263,22.286,22.286,22.278,22.271,22.24,22.271,22.286,22.317,22.332,22.332,22.325,22.302,22.263,22.325,22.286,22.294,22.286,22.278,22.278,22.294,22.294,22.309,22.325,22.34,22.348,22.348,22.348,22.325,22.34,22.348,22.348,22.356,22.379,22.371,22.363,22.371,22.371,22.387,22.363,22.371,22.348,22.387,22.402,22.387,22.387,22.363,22.356,22.356,22.348,22.356,22.371,22.363,22.387,22.425,22.418,22.402,22.41,22.41,22.418,22.41,22.394,22.402,22.394,22.387,22.402,22.41,22.402,22.402,22.387,22.394,22.394,22.379,22.394,22.371,22.379,22.402,22.418,22.425,22.418,22.41,22.418,22.433,22.433,22.433,22.433,22.433,22.425,22.433,22.418,22.418,22.418,22.433,22.464,22.479,22.472,22.472,22.472,22.479,22.495,22.51,22.518,22.541,22.541,22.549,22.541,22.534,22.557,22.549,22.549,22.564,22.564,22.549,22.564,22.564,22.572,22.58,22.58,22.603,22.603,22.611,22.634,22.642,22.626,22.642,22.626,22.626,22.634,22.642,22.649,22.657,22.68,22.665,22.696,22.68,22.703,22.711,22.727,22.727,22.727,22.727,22.734,22.727,22.765,22.757,22.757,22.78,22.773,22.796,22.804,22.804,22.804,22.811,22.804,22.827,22.834,22.858,22.873,22.881,22.896,22.904,22.934,22.942,22.958,22.958,22.981,22.981,23.034,23.034,23.058,23.065,23.065,23.081,23.088,23.088,23.088,23.104,23.119,23.165,23.196,23.211,23.234,23.249,23.257,23.265,23.272,23.311,23.303,23.319,23.234,23.226,23.096,23.058,23.073,23.211,23.257,23.418,23.433,23.617,23.785,23.869,23.976,24.09,24.257,24.287,24.401,24.47,24.523,24.53,24.644,24.659,24.735,24.795,24.878,24.961,24.969,25.149,25.217,25.277,25.368,25.405,25.473,25.645,25.967,26.385,26.919,27.723,27.855,28.338,28.528,28.885,29.081,29.139,29.218,29.883,32.529,33.856,34.465,35.037,35.112,35.133,35.215,35.325,35.653,35.81,35.831,35.872,35.858,35.763,35.756,35.592,35.496,35.524,35.503,35.517,35.524,35.517,35.489,35.462,35.346,35.181,35.195,35.208,35.243,35.27,35.27,35.263,35.243,35.284,35.304,35.346,35.373,35.435,35.462,35.592,35.804,35.851,36.022,36.069,36.178,36.233,36.436,36.47,36.586,36.66,36.701,36.789,36.789,36.741,36.694,36.755,36.667,36.694,36.687,36.694,36.721,36.681,36.647,36.504,36.477,36.403,36.423,36.409,36.491,36.403,36.382,36.409,36.341,36.246,36.124,36.226,36.274,36.314,36.28,36.178,36.158,36.199,36.131,36.029,36.131,36.124,36.138,36.144,36.11,36.008,36.022,36.029,36.008,35.947,35.92,35.886,35.804,35.776,35.653,35.359,35.311,35.311,35.346,35.339,35.352,35.339,35.346,35.318,35.332,35.311,35.291,35.174,35.064,34.865,34.824,34.831,34.741,34.947,34.975,34.954,34.872,34.954,35.099,35.229,35.298,35.332,35.346,35.291,35.387,35.407,35.346,34.975,34.417,34.078,33.793,33.786,33.585,31.845,27,25.825,25.623,25.323,25.24,25.18,25.112,25.021,24.991,24.954,24.893,24.825,24.787,24.742,24.689,24.719,24.727,25.119,25.187,25.006,24.848,24.75,24.651,24.363,24.31,24.196,24.151,24.128,24.09,24.067,24.044,24.021,23.998,23.983,23.96,23.93,23.877,23.854,23.823,23.816,23.793,23.777,23.762,23.739,23.724,23.709,23.701,23.686,23.671,23.64,23.64,23.632,23.571,23.564,23.571,23.548,23.525,23.533,23.502,23.487,23.495,23.472,23.472,23.449,23.464,23.456,23.449,23.449,23.456,23.456,23.449,23.449,23.433,23.418,23.418,23.395,23.38,23.403,23.41,23.41,23.395,23.349,23.349,23.341,23.341,23.341,23.288,23.311,23.311,23.288,23.257,23.272,23.272,23.249,23.249,23.226,23.211,23.226,23.196,23.211,23.211,23.211,23.203,23.196,23.196,23.196,23.173,23.15,23.157,23.134,23.119,23.111,23.111,23.104,23.111,23.111,23.119,23.104,23.096,23.081,23.088,23.081,23.065,23.065,23.065,23.034,23.042,23.027,23.019,23.034,23.004,23.011,23.011,23.004,23.004,23.011,22.981,22.996,22.973,22.965,22.958,22.942,22.95,22.942,22.934,22.904,22.904,22.904,22.904,22.904,22.911,22.904,22.888,22.904,22.873,22.888,22.858,22.842,22.873,22.842,22.842,22.827,22.819,22.819,22.819,22.827,22.827,22.834,22.842,22.842,22.842,22.827,22.827,22.804,22.78,22.78,22.75,22.734,22.734,22.703,22.711,22.711,22.688,22.688,22.696,22.696,22.688,22.68,22.688,22.673,22.673,22.642,22.673,22.657,22.611,22.665,22.588,22.595,22.588,22.611,22.588,22.603,22.611,22.595,22.603,22.595,22.58,22.572,22.595,22.572,22.557,22.549,22.549,22.534,22.526,22.526,22.534,22.534,22.549,22.526,22.534,22.518,22.534,22.534,22.518,22.518,22.503,22.503,22.487,22.503,22.495,22.534,22.526,22.534,22.518,22.518,22.526,22.518,22.518,22.518,22.479,22.51,22.479,22.456,22.441,22.449,22.441,22.425,22.449,22.472,22.472,22.449,22.464,22.449,22.487,22.495,22.518,22.526,22.503,22.495,22.487
,22.271,22.271,22.224,22.24,22.232,22.247,22.263,22.271,22.263,22.263,22.247,22.247,22.255,22.302,22.309,22.325,22.325,22.309,22.317,22.302,22.302,22.286,22.278,22.271,22.278,22.286,22.294,22.309,22.325,22.332,22.363,22.348,22.356,22.348,22.34,22.332,22.356,22.356,22.363,22.371,22.363,22.363,22.371,22.387,22.394,22.371,22.363,22.394,22.387,22.371,22.379,22.387,22.387,22.363,22.371,22.348,22.348,22.363,22.371,22.394,22.394,22.402,22.418,22.41,22.387,22.41,22.402,22.394,22.402,22.387,22.379,22.41,22.394,22.41,22.402,22.387,22.379,22.379,22.379,22.363,22.371,22.387,22.379,22.41,22.433,22.425,22.433,22.433,22.425,22.433,22.441,22.433,22.433,22.433,22.441,22.418,22.418,22.425,22.441,22.472,22.479,22.487,22.487,22.487,22.479,22.518,22.495,22.526,22.526,22.526,22.518,22.534,22.526,22.534,22.557,22.541,22.557,22.541,22.557,22.557,22.557,22.557,22.588,22.595,22.603,22.619,22.619,22.626,22.634,22.626,22.619,22.626,22.642,22.649,22.657,22.665,22.665,22.665,22.696,22.68,22.703,22.711,22.727,22.734,22.734,22.734,22.719,22.727,22.727,22.734,22.734,22.765,22.757,22.78,22.788,22.804,22.811,22.78,22.811,22.811,22.819,22.842,22.858,22.865,22.881,22.896,22.911,22.934,22.934,22.942,22.965,22.965,23.004,23.034,23.034,23.05,23.058,23.065,23.073,23.081,23.088,23.111,23.104,23.142,23.165,23.188,23.211,23.226,23.234,23.242,23.257,23.249,23.28,23.28,23.257,23.257,23.127,23.05,23.05,23.096,23.173,23.296,23.395,23.571,23.831,23.808,23.93,24.029,24.196,24.318,24.356,24.454,24.576,24.606,24.636,24.712,24.81,24.795,24.908,25.014,25.089,25.149,25.172,25.277,25.315,25.48,25.495,25.63,25.72,26.213,26.459,27.126,27.694,27.818,28.126,28.543,28.856,29.008,29.168,29.175,29.363,31.271,33.487,34.313,34.645,35.071,35.167,35.202,35.291,35.742,35.872,35.926,35.913,35.899,35.879,35.797,35.633,35.612,35.619,35.544,35.537,35.537,35.524,35.524,35.469,35.441,35.25,35.27,35.236,35.229,35.256,35.236,35.229,35.208,35.263,35.277,35.277,35.318,35.393,35.476,35.53,35.804,35.886,35.974,36.063,36.158,36.24,36.328,36.423,36.531,36.667,36.708,36.769,36.802,36.762,36.735,36.769,36.735,36.762,36.741,36.741,36.694,36.647,36.457,36.403,36.335,36.314,36.226,36.301,36.294,36.28,36.26,36.097,36.124,35.981,35.94,35.879,36.001,36.056,35.94,35.886,35.995,35.967,35.926,36.022,35.926,35.988,36.015,35.913,35.886,35.926,35.967,35.947,35.967,35.926,35.899,35.797,35.804,35.742,35.455,35.311,35.311,35.332,35.359,35.387,35.373,35.4,35.38,35.38,35.366,35.332,35.304,35.208,34.996,34.796,34.707,34.7,34.796,34.941,34.975,34.982,34.982,34.996,35.147,35.27,35.284,35.332,35.298,35.359,35.346,35.311,34.886,34.541,34.202,33.988,33.96,33.772,33.243,31.171,26.904,25.818,25.458,25.48,25.315,25.134,25.082,25.036,24.999,24.969,24.916,24.825,24.855,24.765,24.916,24.984,25.683,25.653,25.63,25.217,25.165,25.044,24.742,24.621,24.257,24.097,24.075,24.09,24.052,24.029,24.029,24.014,23.998,23.96,23.96,23.915,23.877,23.846,23.8,23.785,23.777,23.77,23.747,23.732,23.716,23.709,23.693,23.678,23.663,23.648,23.625,23.625,23.594,23.541,23.571,23.556,23.541,23.548,23.518,23.502,23.502,23.479,23.464,23.456,23.472,23.464,23.464,23.464,23.456,23.449,23.464,23.456,23.456,23.433,23.433,23.41,23.403,23.418,23.41,23.387,23.38,23.364,23.357,23.349,23.349,23.341,23.334,23.319,23.311,23.288,23.28,23.265,23.28,23.265,23.249,23.242,23.219,23.211,23.211,23.203,23.219,23.211,23.219,23.203,23.196,23.188,23.188,23.157,23.157,23.119,23.127,23.119,23.111,23.111,23.096,23.096,23.104,23.104,23.104,23.096,23.096,23.081,23.073,23.073,23.042,23.05,23.073,23.027,23.027,23.034,23.027,23.027,23.011,22.996,22.996,23.004,22.996,22.988,22.973,22.973,22.965,22.95,22.965,22.934,22.934,22.919,22.919,22.919,22.919,22.904,22.919,22.919,22.896,22.896,22.865,22.858,22.873,22.865,22.858,22.873,22.834,22.811,22.804,22.804,22.804,22.819,22.827,22.827,22.858,22.834,22.827,22.85,22.865,22.827,22.788,22.827,22.757,22.734,22.75,22.727,22.711,22.688,22.711,22.696,22.703,22.703,22.696,22.688,22.68,22.68,22.696,22.68,22.649,22.665,22.642,22.626,22.603,22.58,22.595,22.588,22.619,22.611,22.619,22.611,22.611,22.611,22.588,22.595,22.572,22.549,22.564,22.541,22.557,22.526,22.518,22.534,22.526,22.549,22.534,22.549,22.564,22.541,22.534,22.534,22.526,22.541,22.479,22.479,22.51,22.526,22.526,22.549,22.526,22.534,22.526,22.51,22.534,22.503,22.503,22.487,22.503,22.503,22.51,22.456,22.464,22.425,22.425,22.441,22.441,22.479,22.479,22.487,22.472,22.456,22.503,22.495,22.51,22.495,22.503,22.479,22.487
,22.247,22.263,22.224,22.216,22.224,22.24,22.247,22.255,22.255,22.255,22.255,22.24,22.263,22.294,22.309,22.317,22.325,22.302,22.294,22.286,22.278,22.278,22.271,22.271,22.286,22.286,22.309,22.317,22.332,22.348,22.356,22.348,22.356,22.356,22.348,22.332,22.356,22.356,22.371,22.356,22.363,22.363,22.371,22.387,22.402,22.394,22.418,22.433,22.394,22.41,22.394,22.394,22.363,22.371,22.379,22.363,22.371,22.371,22.379,22.402,22.402,22.394,22.41,22.402,22.394,22.418,22.394,22.394,22.402,22.387,22.387,22.41,22.41,22.402,22.394,22.394,22.379,22.379,22.371,22.387,22.363,22.363,22.394,22.41,22.418,22.425,22.433,22.425,22.433,22.433,22.441,22.441,22.433,22.425,22.418,22.402,22.418,22.41,22.449,22.456,22.479,22.479,22.487,22.51,22.487,22.557,22.534,22.503,22.51,22.51,22.503,22.526,22.557,22.534,22.557,22.549,22.557,22.557,22.549,22.557,22.557,22.588,22.611,22.603,22.611,22.626,22.619,22.634,22.634,22.634,22.634,22.626,22.642,22.649,22.619,22.688,22.696,22.696,22.711,22.696,22.711,22.719,22.727,22.742,22.75,22.742,22.734,22.727,22.742,22.757,22.734,22.75,22.757,22.765,22.788,22.811,22.819,22.827,22.827,22.788,22.834,22.842,22.858,22.865,22.881,22.896,22.919,22.934,22.942,22.95,22.95,22.973,22.996,22.996,23.011,23.042,23.042,23.065,23.065,23.081,23.081,23.111,23.119,23.165,23.157,23.18,23.203,23.226,23.226,23.242,23.242,23.249,23.272,23.249,23.203,23.196,23.05,23.019,23.081,23.173,23.188,23.372,23.472,23.755,23.838,23.869,24.052,24.257,24.31,24.432,24.454,24.545,24.598,24.666,24.719,24.818,24.855,24.931,24.961,25.036,25.112,25.232,25.39,25.368,25.398,25.57,25.653,25.683,25.735,26.228,26.399,27.2,27.598,27.789,28.17,28.528,28.666,28.965,29.044,29.081,29.102,30.278,33.012,34.022,34.596,34.892,35.119,35.202,35.359,35.667,35.851,35.954,35.974,35.981,35.981,35.947,35.749,35.735,35.688,35.599,35.571,35.578,35.565,35.544,35.51,35.455,35.352,35.263,35.25,35.263,35.229,35.243,35.202,35.202,35.229,35.263,35.263,35.318,35.325,35.373,35.503,35.722,35.804,35.872,35.995,36.056,36.233,36.314,36.504,36.565,36.653,36.741,36.775,36.755,36.789,36.741,36.748,36.741,36.721,36.681,36.674,36.701,36.443,36.375,36.253,36.246,36.124,36.131,36.138,36.049,36.029,35.988,35.933,35.967,35.872,35.701,35.735,35.763,35.735,35.688,35.729,35.694,35.886,35.824,35.715,35.619,35.81,35.742,35.708,35.79,35.804,35.845,35.913,35.947,35.899,35.865,35.797,35.653,35.414,35.346,35.304,35.263,35.332,35.352,35.414,35.441,35.441,35.421,35.387,35.366,35.346,35.229,35.126,34.934,34.762,34.658,34.679,34.713,34.968,35.016,35.044,35.085,35.105,35.195,35.263,35.291,35.311,35.277,35.174,35.263,35.167,34.775,34.313,34.071,33.967,33.974,33.71,33.11,31.185,26.897,25.69,25.54,25.428,25.33,25.225,25.149,25.067,25.021,24.991,24.923,24.938,24.893,25.021,25.728,26.206,26.37,26.333,26.019,25.428,25.292,25.157,24.969,24.735,24.31,24.166,24.067,24.029,24.014,23.983,23.998,23.998,23.983,23.968,23.922,23.892,23.861,23.762,23.77,23.77,23.77,23.77,23.747,23.732,23.716,23.701,23.693,23.686,23.671,23.663,23.64,23.632,23.609,23.586,23.571,23.548,23.548,23.533,23.518,23.51,23.51,23.502,23.479,23.479,23.479,23.479,23.479,23.472,23.464,23.464,23.464,23.456,23.456,23.449,23.426,23.41,23.418,23.403,23.395,23.395,23.38,23.364,23.387,23.357,23.319,23.334,23.303,23.334,23.319,23.303,23.288,23.296,23.288,23.272,23.265,23.242,23.226,23.219,23.219,23.211,23.219,23.234,23.219,23.219,23.211,23.203,23.173,23.165,23.165,23.142,23.134,23.127,23.119,23.119,23.119,23.111,23.104,23.111,23.104,23.104,23.088,23.088,23.058,23.065,23.065,23.073,23.065,23.058,23.042,23.088,23.05,23.034,23.019,23.019,23.019,23.004,22.996,22.981,22.965,22.958,22.965,22.973,22.981,22.965,22.958,22.958,22.942,22.942,22.934,22.927,22.934,22.927,22.911,22.904,22.896,22.911,22.888,22.888,22.873,22.881,22.873,22.834,22.827,22.819,22.819,22.827,22.827,22.827,22.85,22.842,22.834,22.834,22.834,22.819,22.834,22.811,22.796,22.757,22.734,22.734,22.742,22.711,22.696,22.703,22.688,22.711,22.696,22.68,22.688,22.673,22.665,22.696,22.649,22.634,22.626,22.626,22.626,22.595,22.611,22.611,22.611,22.611,22.642,22.626,22.619,22.619,22.603,22.603,22.572,22.564,22.603,22.557,22.541,22.541,22.518,22.503,22.518,22.557,22.549,22.595,22.564,22.534,22.557,22.479,22.549,22.503,22.503,22.51,22.518,22.541,22.518,22.526,22.51,22.495,22.518,22.518,22.526,22.526,22.51,22.503,22.495,22.487,22.518,22.464,22.441,22.425,22.418,22.441,22.464,22.472,22.51,22.51,22.534,22.479,22.472,22.464,22.518,22.534,22.487,22.472,22.51
,22.263,22.255,22.216,22.232,22.209,22.209,22.216,22.24,22.232,22.24,22.286,22.263,22.263,22.309,22.302,22.309,22.302,22.294,22.286,22.294,22.278,22.278,22.286,22.294,22.294,22.286,22.317,22.325,22.34,22.356,22.363,22.356,22.332,22.348,22.332,22.325,22.325,22.363,22.332,22.348,22.379,22.371,22.379,22.387,22.402,22.402,22.394,22.41,22.433,22.41,22.402,22.387,22.363,22.379,22.363,22.363,22.371,22.371,22.387,22.394,22.394,22.418,22.394,22.41,22.402,22.41,22.433,22.394,22.41,22.387,22.379,22.402,22.402,22.402,22.41,22.394,22.387,22.379,22.363,22.363,22.348,22.363,22.379,22.402,22.425,22.433,22.425,22.425,22.433,22.441,22.441,22.441,22.449,22.425,22.418,22.418,22.425,22.433,22.433,22.456,22.464,22.472,22.472,22.495,22.495,22.51,22.534,22.503,22.518,22.518,22.503,22.526,22.518,22.541,22.557,22.534,22.549,22.549,22.541,22.557,22.557,22.58,22.626,22.603,22.619,22.642,22.626,22.634,22.634,22.619,22.619,22.634,22.626,22.649,22.649,22.657,22.696,22.696,22.68,22.696,22.703,22.719,22.727,22.75,22.727,22.711,22.757,22.719,22.734,22.788,22.757,22.75,22.765,22.765,22.796,22.804,22.811,22.827,22.819,22.811,22.834,22.842,22.85,22.865,22.881,22.881,22.911,22.942,22.95,22.95,22.958,22.965,22.973,22.996,23.011,23.011,23.027,23.042,23.065,23.073,23.096,23.104,23.134,23.142,23.157,23.18,23.196,23.219,23.226,23.242,23.242,23.242,23.226,23.234,23.157,22.996,22.996,23.019,23.088,23.203,23.334,23.433,23.548,23.77,23.998,24.059,24.242,24.31,24.341,24.424,24.47,24.56,24.598,24.697,24.765,24.855,24.923,24.991,25.059,25.119,25.24,25.255,25.413,25.473,25.51,25.615,25.713,25.81,25.78,26.251,26.481,27.037,27.141,27.642,27.892,28.44,28.688,28.848,29.001,29.023,29.073,29.566,31.711,33.932,34.057,34.617,34.941,35.25,35.346,35.667,35.824,35.967,36.001,36.035,36.049,36.022,35.886,35.886,35.824,35.633,35.558,35.599,35.565,35.578,35.571,35.51,35.407,35.325,35.236,35.27,35.222,35.208,35.208,35.202,35.195,35.236,35.277,35.284,35.277,35.291,35.366,35.503,35.694,35.77,35.783,36.097,36.151,36.287,36.389,36.491,36.64,36.714,36.741,36.762,36.748,36.728,36.708,36.728,36.694,36.694,36.565,36.606,36.389,36.307,36.212,36.138,36.104,35.995,35.995,35.94,35.906,35.865,35.926,35.824,35.674,35.633,35.599,35.626,35.619,35.551,35.585,35.51,35.565,35.428,35.4,35.448,35.448,35.346,35.441,35.715,35.742,35.783,35.742,35.81,35.845,35.79,35.674,35.428,35.373,35.332,35.284,35.291,35.263,35.38,35.455,35.503,35.551,35.496,35.476,35.441,35.407,35.291,35.057,34.941,34.72,34.582,34.548,34.589,35.002,35.037,35.092,35.119,35.147,35.202,35.229,35.291,35.277,35.188,35.085,34.996,34.886,34.617,34.147,33.96,33.988,33.96,33.515,33.187,31.178,26.971,25.698,25.533,25.42,25.27,25.255,25.142,25.074,25.067,24.999,24.991,24.984,25.645,26.414,26.563,26.645,26.697,26.585,26.585,25.765,25.593,25.443,25.503,25.074,24.5,24.341,24.067,24.029,24.006,23.96,23.991,23.96,23.93,23.938,23.892,23.854,23.732,23.732,23.724,23.747,23.762,23.755,23.755,23.739,23.724,23.716,23.693,23.701,23.678,23.655,23.655,23.64,23.632,23.594,23.571,23.541,23.518,23.533,23.518,23.51,23.525,23.502,23.495,23.502,23.495,23.472,23.479,23.479,23.464,23.441,23.456,23.456,23.449,23.456,23.426,23.426,23.41,23.403,23.395,23.38,23.38,23.364,23.38,23.357,23.334,23.326,23.334,23.334,23.326,23.326,23.334,23.319,23.311,23.28,23.272,23.249,23.226,23.211,23.211,23.203,23.203,23.226,23.226,23.219,23.219,23.196,23.196,23.18,23.157,23.165,23.157,23.15,23.104,23.127,23.111,23.119,23.096,23.111,23.111,23.096,23.088,23.073,23.058,23.065,23.065,23.088,23.088,23.065,23.073,23.065,23.05,23.042,23.034,23.019,23.011,22.996,22.988,22.981,22.973,22.965,22.996,22.973,22.988,22.981,22.973,22.95,22.958,22.942,22.95,22.934,22.942,22.911,22.919,22.934,22.904,22.904,22.888,22.904,22.888,22.888,22.888,22.888,22.819,22.842,22.834,22.834,22.834,22.827,22.842,22.842,22.842,22.834,22.842,22.819,22.804,22.834,22.811,22.796,22.765,22.75,22.727,22.727,22.75,22.696,22.696,22.688,22.703,22.711,22.688,22.719,22.665,22.665,22.657,22.649,22.642,22.619,22.611,22.619,22.619,22.642,22.634,22.626,22.626,22.634,22.603,22.611,22.58,22.58,22.58,22.58,22.588,22.58,22.564,22.541,22.534,22.526,22.541,22.534,22.557,22.564,22.572,22.595,22.58,22.51,22.487,22.487,22.479,22.487,22.51,22.534,22.526,22.51,22.526,22.503,22.518,22.51,22.51,22.518,22.495,22.495,22.479,22.456,22.449,22.449,22.441,22.449,22.433,22.464,22.449,22.41,22.472,22.51,22.526,22.472,22.456,22.518,22.495,22.472,22.518,22.487,22.588
,22.255,22.255,22.24,22.209,22.216,22.209,22.209,22.216,22.263,22.232,22.271,22.271,22.294,22.302,22.263,22.286,22.294,22.294,22.286,22.294,22.286,22.286,22.278,22.294,22.302,22.302,22.332,22.325,22.348,22.294,22.356,22.379,22.348,22.356,22.34,22.332,22.34,22.34,22.34,22.348,22.363,22.356,22.379,22.387,22.387,22.41,22.418,22.387,22.394,22.387,22.371,22.379,22.363,22.371,22.371,22.363,22.363,22.363,22.371,22.394,22.402,22.402,22.41,22.41,22.425,22.441,22.425,22.402,22.41,22.379,22.402,22.425,22.41,22.387,22.394,22.394,22.379,22.379,22.379,22.356,22.356,22.356,22.379,22.402,22.425,22.425,22.433,22.433,22.433,22.441,22.449,22.464,22.464,22.449,22.441,22.441,22.449,22.425,22.433,22.441,22.456,22.472,22.472,22.495,22.518,22.541,22.541,22.518,22.526,22.518,22.526,22.526,22.541,22.518,22.549,22.534,22.541,22.541,22.541,22.557,22.564,22.595,22.611,22.619,22.642,22.642,22.626,22.626,22.634,22.626,22.626,22.642,22.626,22.634,22.665,22.657,22.68,22.696,22.688,22.711,22.711,22.719,22.727,22.734,22.734,22.727,22.719,22.719,22.727,22.75,22.742,22.757,22.757,22.765,22.773,22.788,22.804,22.819,22.827,22.827,22.811,22.842,22.85,22.858,22.873,22.896,22.911,22.942,22.934,22.95,22.95,22.958,22.965,23.011,23.004,23.027,23.034,23.058,23.065,23.081,23.088,23.119,23.134,23.165,23.18,23.18,23.203,23.211,23.226,23.242,23.249,23.234,23.249,23.211,23.019,22.934,22.95,23.027,23.111,23.249,23.387,23.525,23.64,23.93,24.082,24.135,24.249,24.303,24.333,24.454,24.485,24.545,24.666,24.735,24.772,24.855,24.938,25.014,25.142,25.21,25.277,25.353,25.45,25.57,25.623,25.69,25.728,25.75,25.78,26.146,26.303,26.875,27.229,27.436,27.994,28.294,28.586,28.834,28.965,29.052,29.073,29.537,30.271,33.04,34.209,34.831,34.941,35.154,35.304,35.325,35.537,35.954,35.981,36.076,36.11,36.049,35.995,35.974,35.94,35.708,35.633,35.64,35.571,35.612,35.612,35.578,35.448,35.318,35.325,35.325,35.236,35.256,35.202,35.195,35.202,35.222,35.27,35.284,35.284,35.304,35.359,35.51,35.592,35.653,35.906,35.954,36.124,36.233,36.321,36.389,36.491,36.681,36.714,36.714,36.708,36.701,36.681,36.681,36.633,36.579,36.518,36.45,36.362,36.26,36.144,36.042,35.981,35.892,35.865,35.886,35.838,35.797,35.694,35.599,35.571,35.476,35.524,35.544,35.393,35.455,35.359,35.346,35.38,35.222,35.236,35.298,35.256,35.222,35.298,35.407,35.565,35.619,35.722,35.694,35.715,35.681,35.496,35.373,35.277,35.256,35.229,35.215,35.325,35.359,35.476,35.544,35.599,35.558,35.585,35.489,35.373,35.318,35.023,34.831,34.734,34.493,34.486,34.589,34.968,35.009,35.044,35.133,35.195,35.208,35.27,35.229,35.202,35.099,34.982,34.941,34.775,34.375,34.078,34.022,34.008,33.814,33.689,33.187,31.363,27.407,25.847,25.69,25.465,25.292,25.247,25.21,25.119,25.104,25.044,25.029,25.818,26.563,26.993,27.045,27.222,26.912,26.83,26.704,26.66,26.295,25.803,25.915,25.862,24.735,24.348,24.075,24.044,24.006,23.96,23.922,23.892,23.884,23.869,23.816,23.777,23.686,23.64,23.655,23.709,23.739,23.755,23.762,23.739,23.724,23.724,23.693,23.693,23.671,23.663,23.663,23.632,23.602,23.594,23.579,23.556,23.533,23.518,23.518,23.51,23.51,23.51,23.51,23.502,23.502,23.495,23.487,23.456,23.441,23.441,23.441,23.464,23.449,23.441,23.449,23.426,23.41,23.41,23.395,23.372,23.364,23.372,23.38,23.364,23.341,23.341,23.341,23.334,23.334,23.334,23.326,23.326,23.303,23.288,23.28,23.234,23.234,23.211,23.211,23.226,23.234,23.226,23.234,23.226,23.226,23.203,23.196,23.173,23.173,23.165,23.15,23.142,23.142,23.134,23.134,23.127,23.119,23.111,23.104,23.104,23.096,23.058,23.081,23.081,23.073,23.081,23.088,23.065,23.073,23.073,23.058,23.073,23.058,23.034,23.027,23.019,22.988,22.965,22.981,22.965,22.981,22.996,22.988,23.011,22.981,22.973,22.95,22.965,22.95,22.942,22.927,22.942,22.919,22.911,22.904,22.904,22.911,22.904,22.919,22.919,22.919,22.865,22.873,22.858,22.819,22.842,22.834,22.85,22.85,22.834,22.827,22.842,22.858,22.819,22.85,22.858,22.819,22.827,22.796,22.757,22.734,22.75,22.765,22.75,22.719,22.711,22.711,22.696,22.696,22.703,22.665,22.711,22.649,22.642,22.619,22.657,22.657,22.665,22.642,22.649,22.642,22.634,22.626,22.626,22.611,22.58,22.595,22.572,22.58,22.58,22.595,22.58,22.549,22.541,22.534,22.541,22.549,22.572,22.549,22.588,22.603,22.58,22.549,22.526,22.503,22.495,22.464,22.51,22.518,22.541,22.541,22.526,22.526,22.51,22.518,22.518,22.479,22.503,22.479,22.495,22.487,22.495,22.464,22.441,22.456,22.449,22.433,22.487,22.394,22.479,22.526,22.541,22.503,22.487,22.495,22.472,22.472,22.51,22.51,22.503,22.51
,22.232,22.255,22.232,22.209,22.209,22.209,22.216,22.247,22.271,22.271,22.271,22.232,22.278,22.271,22.271,22.302,22.302,22.294,22.302,22.286,22.294,22.286,22.294,22.294,22.317,22.317,22.309,22.317,22.309,22.325,22.348,22.348,22.356,22.34,22.356,22.332,22.332,22.348,22.348,22.371,22.387,22.387,22.363,22.387,22.371,22.371,22.394,22.387,22.387,22.379,22.379,22.387,22.371,22.371,22.348,22.363,22.356,22.371,22.379,22.394,22.394,22.402,22.418,22.402,22.402,22.433,22.418,22.433,22.41,22.387,22.394,22.394,22.387,22.41,22.402,22.402,22.387,22.379,22.371,22.371,22.363,22.363,22.379,22.387,22.402,22.41,22.41,22.425,22.418,22.433,22.456,22.479,22.456,22.472,22.464,22.456,22.464,22.449,22.441,22.433,22.441,22.456,22.449,22.479,22.503,22.518,22.534,22.541,22.518,22.541,22.541,22.526,22.549,22.526,22.534,22.541,22.541,22.549,22.557,22.557,22.549,22.572,22.603,22.611,22.611,22.634,22.611,22.634,22.642,22.626,22.626,22.626,22.626,22.626,22.657,22.665,22.68,22.688,22.696,22.703,22.711,22.711,22.703,22.719,22.703,22.742,22.711,22.734,22.727,22.75,22.75,22.75,22.78,22.757,22.78,22.788,22.804,22.811,22.819,22.819,22.834,22.842,22.858,22.858,22.881,22.896,22.911,22.919,22.942,22.934,22.942,22.958,22.981,22.996,23.019,23.034,23.034,23.027,23.05,23.065,23.088,23.096,23.142,23.157,23.173,23.196,23.211,23.226,23.226,23.234,23.257,23.188,23.188,23.173,22.958,22.904,23.05,23.119,23.226,23.311,23.387,23.632,23.831,23.976,24.09,24.211,24.325,24.348,24.409,24.492,24.515,24.591,24.704,24.78,24.84,24.931,24.969,25.059,25.119,25.165,25.277,25.375,25.488,25.578,25.615,25.683,25.72,25.765,25.75,26.027,26.318,26.882,27.185,27.458,27.877,28.199,28.506,28.725,28.841,28.95,28.965,29.153,29.616,31.696,33.918,34.762,34.975,35.016,35.133,35.167,35.469,35.77,35.845,36.001,36.035,36.104,36.056,35.974,35.906,35.804,35.701,35.701,35.722,35.681,35.688,35.701,35.558,35.428,35.38,35.318,35.298,35.263,35.222,35.215,35.215,35.256,35.263,35.298,35.318,35.318,35.366,35.435,35.585,35.633,35.858,35.92,35.981,36.144,36.192,36.307,36.43,36.511,36.694,36.674,36.674,36.674,36.653,36.62,36.525,36.518,36.423,36.403,36.26,36.172,36.124,36.008,35.981,35.858,35.797,35.838,35.653,35.599,35.585,35.606,35.51,35.421,35.346,35.359,35.359,35.195,35.119,35.133,35.25,35.154,35.099,35.002,35.016,35.064,35.25,35.448,35.27,35.318,35.4,35.393,35.537,35.455,35.373,35.291,35.236,35.14,35.188,35.202,35.277,35.359,35.435,35.51,35.599,35.626,35.592,35.599,35.551,35.352,34.927,34.865,34.596,34.486,34.458,34.513,34.831,35.002,35.078,35.229,35.215,35.25,35.256,35.14,35.085,34.865,34.81,34.851,34.562,34.299,34.14,34.099,33.967,33.87,33.703,33.208,31.37,28.214,27.318,26.392,25.6,25.315,25.255,25.195,25.127,25.134,25.217,25.832,26.778,27.193,27.333,27.488,27.281,27.259,27.156,26.845,26.823,26.719,26.437,26.392,25.952,24.727,24.492,24.265,24.082,24.037,23.953,23.93,23.892,23.823,23.785,23.762,23.732,23.602,23.564,23.609,23.709,23.747,23.747,23.762,23.747,23.747,23.724,23.709,23.686,23.655,23.655,23.648,23.632,23.602,23.594,23.564,23.548,23.541,23.525,23.518,23.518,23.518,23.518,23.51,23.502,23.51,23.51,23.495,23.479,23.472,23.418,23.441,23.449,23.441,23.426,23.426,23.441,23.418,23.403,23.387,23.387,23.387,23.372,23.38,23.357,23.357,23.357,23.341,23.341,23.349,23.349,23.341,23.334,23.319,23.303,23.296,23.242,23.234,23.234,23.226,23.234,23.226,23.234,23.234,23.226,23.234,23.219,23.211,23.196,23.18,23.165,23.15,23.157,23.142,23.157,23.127,23.127,23.104,23.111,23.096,23.073,23.104,23.088,23.073,23.065,23.081,23.088,23.088,23.081,23.088,23.081,23.081,23.081,23.058,23.065,23.019,23.011,23.011,22.988,22.965,22.965,22.965,23.004,22.973,22.996,22.996,22.996,22.988,22.981,22.958,22.95,22.942,22.927,22.919,22.911,22.911,22.904,22.911,22.919,22.919,22.919,22.911,22.919,22.873,22.858,22.85,22.85,22.858,22.85,22.865,22.85,22.834,22.85,22.827,22.804,22.842,22.811,22.842,22.85,22.804,22.78,22.765,22.765,22.727,22.703,22.727,22.742,22.696,22.696,22.688,22.711,22.68,22.688,22.673,22.657,22.673,22.68,22.688,22.673,22.673,22.665,22.665,22.649,22.642,22.611,22.611,22.595,22.557,22.58,22.564,22.611,22.572,22.588,22.564,22.534,22.557,22.564,22.564,22.541,22.595,22.564,22.549,22.58,22.549,22.526,22.51,22.495,22.479,22.449,22.503,22.51,22.518,22.503,22.518,22.503,22.495,22.487,22.503,22.495,22.495,22.479,22.464,22.425,22.472,22.449,22.456,22.449,22.472,22.418,22.456,22.503,22.495,22.495,22.51,22.51,22.534,22.464,22.479,22.518,22.51,22.503,22.472
,22.247,22.247,22.224,22.24,22.209,22.193,22.209,22.216,22.247,22.24,22.271,22.193,22.224,22.247,22.255,22.294,22.294,22.309,22.302,22.302,22.278,22.286,22.286,22.309,22.309,22.309,22.302,22.309,22.309,22.348,22.302,22.325,22.34,22.363,22.34,22.332,22.356,22.363,22.34,22.371,22.371,22.348,22.379,22.363,22.348,22.363,22.387,22.371,22.371,22.379,22.371,22.371,22.387,22.379,22.379,22.363,22.356,22.356,22.379,22.387,22.402,22.402,22.41,22.41,22.418,22.418,22.41,22.441,22.402,22.41,22.394,22.379,22.387,22.387,22.387,22.379,22.379,22.379,22.363,22.363,22.356,22.356,22.371,22.387,22.402,22.402,22.41,22.425,22.418,22.433,22.441,22.449,22.456,22.479,22.479,22.479,22.472,22.464,22.456,22.449,22.449,22.449,22.464,22.464,22.479,22.51,22.51,22.518,22.534,22.541,22.518,22.549,22.541,22.518,22.526,22.541,22.541,22.549,22.541,22.557,22.557,22.564,22.595,22.572,22.572,22.603,22.595,22.626,22.619,22.626,22.649,22.626,22.634,22.634,22.657,22.665,22.696,22.673,22.688,22.688,22.688,22.703,22.719,22.75,22.719,22.688,22.703,22.703,22.703,22.734,22.75,22.75,22.773,22.773,22.78,22.796,22.796,22.811,22.811,22.827,22.827,22.827,22.858,22.865,22.881,22.904,22.911,22.919,22.942,22.927,22.958,22.95,22.973,22.996,23.004,23.019,23.034,23.05,23.058,23.042,23.096,23.104,23.119,23.165,23.188,23.211,23.211,23.203,23.226,23.234,23.249,23.226,23.18,23.027,22.85,22.888,22.95,23.088,23.319,23.357,23.556,23.678,23.998,24.082,24.166,24.242,24.303,24.371,24.416,24.507,24.56,24.591,24.689,24.78,24.863,24.954,25.006,25.067,25.172,25.255,25.285,25.353,25.503,25.578,25.638,25.698,25.713,25.69,25.645,25.847,26.169,26.541,27.008,27.318,27.928,28.053,28.353,28.623,28.768,28.957,28.921,28.957,29.298,30.178,32.809,34.299,34.947,35.037,35.064,35.119,35.428,35.524,35.544,35.92,35.988,36.063,36.008,35.94,35.879,35.797,35.776,35.722,35.708,35.749,35.824,35.77,35.715,35.435,35.38,35.428,35.373,35.318,35.256,35.229,35.256,35.284,35.318,35.325,35.346,35.359,35.4,35.421,35.455,35.701,35.804,35.865,35.906,36.015,36.117,36.219,36.348,36.443,36.586,36.626,36.64,36.626,36.572,36.531,36.457,36.423,36.348,36.314,36.151,36.069,36.056,36.029,35.81,35.756,35.681,35.701,35.558,35.496,35.476,35.441,35.38,35.263,35.236,35.222,35.147,35.064,35.078,35.092,35.099,35.03,34.947,34.975,34.968,35.002,35.057,34.982,35.037,35.332,35.291,35.339,35.304,35.346,35.318,35.215,35.208,35.147,35.181,35.208,35.277,35.366,35.469,35.558,35.612,35.64,35.64,35.647,35.524,35.4,34.927,34.741,34.569,34.403,34.431,34.548,34.824,34.934,35.133,35.236,35.284,35.318,35.27,35.119,35.002,34.748,34.679,34.52,34.368,34.251,34.126,34.071,34.036,34.057,33.71,33.222,31.413,28.353,27.796,27.407,26.712,25.653,25.3,25.217,25.217,25.225,25.698,26.897,27.348,27.679,27.723,27.686,27.62,27.392,27.156,27.082,27.015,26.763,26.548,26.489,25.818,24.818,24.477,24.341,24.173,24.105,24.021,23.93,23.899,23.838,23.777,23.678,23.617,23.564,23.556,23.556,23.709,23.793,23.755,23.755,23.755,23.732,23.716,23.701,23.678,23.648,23.625,23.625,23.594,23.594,23.602,23.541,23.548,23.571,23.518,23.525,23.525,23.51,23.525,23.502,23.525,23.518,23.502,23.541,23.479,23.456,23.479,23.449,23.449,23.433,23.441,23.426,23.41,23.418,23.426,23.387,23.372,23.357,23.364,23.372,23.395,23.364,23.364,23.349,23.349,23.349,23.341,23.334,23.334,23.326,23.311,23.303,23.265,23.249,23.219,23.234,23.234,23.226,23.234,23.234,23.242,23.226,23.219,23.203,23.188,23.188,23.157,23.15,23.157,23.142,23.127,23.134,23.127,23.111,23.111,23.096,23.096,23.081,23.073,23.065,23.073,23.073,23.081,23.088,23.088,23.081,23.073,23.065,23.073,23.096,23.05,23.05,23.05,23.019,23.004,22.973,22.981,22.988,22.996,22.996,22.996,22.981,22.981,22.973,22.973,22.965,22.95,22.965,22.934,22.919,22.911,22.911,22.919,22.919,22.911,22.927,22.919,22.904,22.904,22.888,22.858,22.842,22.865,22.858,22.842,22.873,22.865,22.834,22.796,22.85,22.804,22.865,22.858,22.827,22.834,22.773,22.788,22.788,22.765,22.765,22.75,22.711,22.703,22.696,22.696,22.688,22.711,22.696,22.673,22.68,22.642,22.634,22.696,22.665,22.673,22.68,22.657,22.665,22.626,22.619,22.619,22.595,22.588,22.595,22.572,22.603,22.611,22.588,22.603,22.595,22.549,22.564,22.549,22.58,22.58,22.572,22.58,22.564,22.572,22.549,22.541,22.518,22.479,22.456,22.441,22.51,22.51,22.51,22.518,22.503,22.51,22.503,22.503,22.503,22.479,22.503,22.441,22.425,22.449,22.441,22.433,22.472,22.456,22.433,22.441,22.348,22.402,22.441,22.464,22.557,22.495,22.549,22.51,22.503,22.495,22.479,22.487,22.464
,22.263,22.224,22.232,22.209,22.201,22.209,22.224,22.209,22.224,22.216,22.24,22.209,22.201,22.232,22.271,22.286,22.309,22.309,22.309,22.278,22.286,22.286,22.294,22.302,22.309,22.317,22.309,22.294,22.302,22.278,22.317,22.309,22.332,22.332,22.371,22.332,22.356,22.348,22.363,22.363,22.371,22.317,22.348,22.348,22.348,22.356,22.363,22.363,22.348,22.371,22.387,22.394,22.394,22.387,22.379,22.363,22.356,22.379,22.379,22.387,22.387,22.394,22.41,22.402,22.418,22.418,22.387,22.41,22.402,22.387,22.379,22.363,22.379,22.363,22.363,22.387,22.387,22.379,22.379,22.363,22.371,22.363,22.371,22.379,22.379,22.402,22.402,22.41,22.425,22.425,22.441,22.456,22.472,22.479,22.472,22.479,22.472,22.456,22.449,22.449,22.449,22.441,22.449,22.449,22.456,22.472,22.503,22.51,22.526,22.526,22.534,22.541,22.541,22.534,22.534,22.541,22.557,22.549,22.549,22.572,22.549,22.564,22.557,22.572,22.58,22.588,22.611,22.595,22.619,22.619,22.626,22.642,22.649,22.649,22.665,22.68,22.696,22.696,22.696,22.688,22.696,22.696,22.711,22.727,22.719,22.703,22.703,22.703,22.719,22.734,22.757,22.765,22.773,22.78,22.78,22.796,22.804,22.796,22.827,22.834,22.811,22.858,22.858,22.881,22.888,22.904,22.919,22.927,22.911,22.942,22.919,22.95,22.958,22.996,23.011,23.027,23.034,23.05,23.05,23.065,23.073,23.088,23.134,23.157,23.173,23.196,23.219,23.203,23.211,23.226,23.211,23.211,23.058,22.881,22.834,22.888,23.034,23.188,23.341,23.433,23.487,23.655,23.907,24.052,24.196,24.28,24.325,24.386,24.416,24.538,24.576,24.674,24.75,24.78,24.871,24.976,25.021,25.074,25.119,25.255,25.375,25.398,25.518,25.578,25.66,25.675,25.675,25.63,25.518,25.743,25.922,26.563,26.719,27.259,27.546,28.177,28.346,28.535,28.579,28.747,28.877,28.928,29.211,29.796,31.036,33.696,34.762,35.03,35.064,35.071,35.236,35.373,35.489,35.558,35.763,35.96,35.96,35.94,35.851,35.817,35.783,35.817,35.817,35.865,35.838,35.845,35.776,35.619,35.448,35.38,35.359,35.366,35.311,35.25,35.236,35.352,35.373,35.359,35.359,35.366,35.387,35.407,35.476,35.558,35.742,35.817,35.824,35.947,36.083,36.151,36.172,36.328,36.531,36.511,36.538,36.538,36.525,36.457,36.43,36.355,36.301,36.199,36.097,35.947,35.94,35.851,35.783,35.688,35.592,35.612,35.565,35.441,35.318,35.346,35.236,35.16,35.126,35.092,34.982,34.968,35.023,34.975,34.899,34.879,34.858,34.837,34.858,34.844,34.879,34.892,34.941,34.989,34.989,35.105,35.243,35.174,35.167,35.099,35.154,35.167,35.16,35.208,35.304,35.441,35.503,35.571,35.606,35.647,35.653,35.694,35.667,35.167,35.057,34.789,34.555,34.396,34.431,34.527,34.727,34.941,35.03,35.222,35.304,35.352,35.318,35.174,34.982,34.734,34.548,34.341,34.251,34.237,34.189,34.161,34.285,34.078,33.557,33.25,31.427,28.492,28.112,27.635,27.598,27.052,26.414,25.533,25.435,25.653,26.808,27.384,27.745,27.965,27.767,27.76,27.657,27.495,27.163,27.082,27.045,26.845,26.815,26.6,25.892,24.825,24.538,24.394,24.219,24.181,24.075,23.93,23.846,23.808,23.701,23.617,23.564,23.525,23.518,23.602,23.869,23.907,23.808,23.762,23.739,23.732,23.709,23.693,23.671,23.64,23.625,23.594,23.609,23.602,23.548,23.571,23.564,23.564,23.541,23.533,23.525,23.525,23.525,23.518,23.541,23.533,23.525,23.518,23.518,23.479,23.487,23.449,23.472,23.441,23.433,23.426,23.433,23.433,23.41,23.395,23.395,23.38,23.372,23.372,23.387,23.38,23.372,23.349,23.357,23.341,23.341,23.334,23.319,23.326,23.303,23.303,23.28,23.257,23.257,23.249,23.249,23.234,23.226,23.234,23.219,23.226,23.226,23.219,23.203,23.165,23.165,23.15,23.15,23.134,23.127,23.127,23.119,23.111,23.119,23.104,23.088,23.096,23.088,23.073,23.081,23.073,23.073,23.081,23.088,23.088,23.073,23.058,23.081,23.088,23.081,23.065,23.05,23.05,23.019,23.004,22.996,22.988,23.011,22.965,22.973,22.988,22.981,22.95,22.996,22.981,22.958,22.958,22.942,22.927,22.919,22.911,22.911,22.934,22.911,22.881,22.911,22.896,22.896,22.865,22.858,22.865,22.865,22.858,22.881,22.858,22.85,22.865,22.804,22.819,22.873,22.834,22.85,22.788,22.85,22.78,22.757,22.773,22.742,22.742,22.75,22.727,22.711,22.688,22.688,22.688,22.719,22.711,22.703,22.688,22.657,22.665,22.673,22.673,22.68,22.657,22.642,22.642,22.619,22.665,22.619,22.588,22.603,22.58,22.642,22.619,22.634,22.611,22.541,22.557,22.572,22.572,22.557,22.572,22.526,22.58,22.557,22.58,22.572,22.557,22.541,22.518,22.526,22.456,22.487,22.479,22.503,22.51,22.495,22.503,22.51,22.495,22.51,22.495,22.487,22.472,22.449,22.418,22.441,22.418,22.418,22.464,22.449,22.441,22.456,22.449,22.425,22.441,22.456,22.472,22.479,22.503,22.526,22.518,22.51,22.495,22.487,22.456
,22.278,22.247,22.24,22.232,22.216,22.193,22.216,22.209,22.209,22.185,22.193,22.193,22.224,22.232,22.263,22.294,22.294,22.309,22.294,22.278,22.278,22.278,22.286,22.286,22.309,22.302,22.309,22.294,22.294,22.271,22.286,22.332,22.317,22.332,22.34,22.348,22.348,22.371,22.356,22.379,22.332,22.34,22.332,22.325,22.332,22.332,22.34,22.34,22.371,22.363,22.371,22.379,22.379,22.387,22.387,22.402,22.379,22.363,22.379,22.394,22.41,22.41,22.402,22.41,22.41,22.387,22.387,22.379,22.387,22.371,22.387,22.371,22.363,22.379,22.379,22.394,22.394,22.371,22.363,22.363,22.363,22.371,22.379,22.363,22.371,22.387,22.402,22.394,22.41,22.418,22.433,22.433,22.449,22.479,22.456,22.456,22.464,22.456,22.456,22.449,22.433,22.433,22.441,22.449,22.456,22.472,22.479,22.487,22.495,22.51,22.518,22.534,22.541,22.58,22.564,22.549,22.549,22.564,22.564,22.564,22.549,22.564,22.557,22.549,22.572,22.58,22.588,22.611,22.611,22.619,22.619,22.626,22.634,22.657,22.673,22.696,22.696,22.719,22.703,22.696,22.68,22.703,22.696,22.727,22.703,22.703,22.719,22.719,22.734,22.765,22.742,22.765,22.773,22.773,22.788,22.811,22.804,22.804,22.827,22.834,22.819,22.858,22.873,22.858,22.904,22.904,22.911,22.919,22.927,22.911,22.911,22.942,22.904,22.996,22.996,23.011,23.027,23.034,23.042,23.081,23.088,23.104,23.127,23.15,23.18,23.196,23.219,23.211,23.211,23.142,23.134,23.034,22.896,22.788,22.819,22.934,23.096,23.188,23.349,23.518,23.617,23.816,24.014,24.105,24.211,24.295,24.333,24.401,24.447,24.53,24.621,24.674,24.765,24.84,24.848,24.969,25.044,25.097,25.202,25.262,25.39,25.435,25.57,25.623,25.638,25.668,25.743,25.555,25.195,25.398,25.832,26.511,26.719,27.097,27.539,28.068,28.243,28.462,28.645,28.681,28.703,28.717,29.015,29.189,29.703,31.583,34.444,35.016,35.057,35.092,35.256,35.373,35.441,35.476,35.694,35.77,35.831,35.838,35.845,35.851,35.838,35.858,35.865,35.879,35.886,35.94,35.865,35.578,35.489,35.339,35.387,35.462,35.407,35.373,35.38,35.4,35.4,35.373,35.373,35.373,35.38,35.421,35.455,35.571,35.729,35.763,35.797,35.817,35.926,35.995,36.172,36.253,36.443,36.47,36.477,36.436,36.396,36.396,36.335,36.267,36.144,36.117,35.988,35.892,35.892,35.763,35.722,35.524,35.489,35.428,35.298,35.208,35.14,35.154,35.126,35.071,35.051,35.002,34.975,34.906,34.899,34.851,34.817,34.803,34.769,34.769,34.775,34.803,34.748,34.713,34.762,34.844,34.865,35.071,35.085,35.03,35.071,34.975,35.037,35.126,35.181,35.195,35.346,35.373,35.489,35.551,35.612,35.66,35.694,35.688,35.647,35.277,34.927,34.741,34.486,34.458,34.458,34.603,34.624,34.831,35.133,35.284,35.359,35.373,35.318,35.215,34.769,34.569,34.382,34.237,34.251,34.299,34.237,34.279,34.438,33.981,33.717,33.187,31.526,28.506,28.265,27.965,27.906,27.716,27.473,27.591,26.949,27.126,27.884,27.899,28.031,28.346,27.98,27.76,27.664,27.546,27.133,27.052,27.06,27,26.934,26.726,25.975,24.938,24.659,24.492,24.249,24.158,24.067,23.976,23.854,23.747,23.686,23.655,23.541,23.418,23.464,23.456,24.075,24.097,23.899,23.8,23.724,23.716,23.716,23.686,23.678,23.64,23.625,23.609,23.617,23.609,23.602,23.579,23.579,23.571,23.556,23.571,23.548,23.525,23.541,23.548,23.556,23.564,23.525,23.525,23.525,23.487,23.525,23.472,23.472,23.472,23.456,23.449,23.441,23.441,23.418,23.41,23.395,23.403,23.403,23.403,23.387,23.395,23.364,23.372,23.364,23.349,23.349,23.326,23.334,23.326,23.311,23.303,23.288,23.28,23.28,23.265,23.219,23.234,23.234,23.226,23.234,23.226,23.234,23.219,23.203,23.196,23.18,23.15,23.142,23.134,23.127,23.134,23.119,23.111,23.104,23.104,23.081,23.096,23.096,23.073,23.096,23.088,23.088,23.081,23.081,23.073,23.073,23.073,23.065,23.081,23.081,23.088,23.05,23.05,23.042,23.027,23.004,23.011,22.996,22.973,22.973,22.996,22.973,22.981,22.988,22.973,22.965,22.973,22.95,22.934,22.934,22.927,22.934,22.942,22.919,22.911,22.896,22.888,22.881,22.873,22.858,22.873,22.873,22.865,22.873,22.881,22.85,22.85,22.85,22.819,22.85,22.827,22.85,22.796,22.804,22.788,22.765,22.765,22.742,22.742,22.703,22.719,22.68,22.688,22.703,22.68,22.688,22.703,22.703,22.68,22.68,22.603,22.649,22.649,22.634,22.634,22.634,22.611,22.642,22.611,22.634,22.58,22.603,22.626,22.626,22.649,22.665,22.619,22.572,22.595,22.564,22.588,22.58,22.58,22.572,22.595,22.572,22.58,22.595,22.526,22.557,22.526,22.503,22.464,22.503,22.557,22.456,22.503,22.479,22.479,22.479,22.495,22.487,22.479,22.479,22.495,22.394,22.456,22.433,22.418,22.433,22.418,22.472,22.41,22.449,22.425,22.387,22.472,22.425,22.449,22.464,22.472,22.479,22.495,22.479,22.472,22.472,22.464
,22.271,22.255,22.294,22.286,22.216,22.224,22.209,22.209,22.193,22.17,22.201,22.216,22.232,22.24,22.271,22.286,22.302,22.309,22.278,22.278,22.286,22.286,22.286,22.302,22.317,22.317,22.302,22.309,22.294,22.278,22.294,22.286,22.317,22.317,22.34,22.325,22.379,22.348,22.379,22.371,22.356,22.332,22.317,22.309,22.317,22.325,22.332,22.356,22.356,22.363,22.379,22.379,22.379,22.394,22.394,22.371,22.387,22.387,22.387,22.387,22.387,22.402,22.402,22.41,22.418,22.402,22.387,22.394,22.387,22.394,22.379,22.379,22.371,22.394,22.371,22.394,22.402,22.371,22.394,22.371,22.379,22.371,22.371,22.379,22.387,22.402,22.402,22.41,22.418,22.402,22.425,22.441,22.456,22.449,22.456,22.456,22.449,22.449,22.449,22.441,22.464,22.441,22.464,22.456,22.464,22.464,22.479,22.479,22.495,22.518,22.534,22.534,22.541,22.541,22.549,22.549,22.557,22.557,22.572,22.557,22.557,22.564,22.557,22.557,22.58,22.58,22.603,22.595,22.619,22.626,22.626,22.642,22.649,22.673,22.688,22.696,22.711,22.727,22.711,22.711,22.688,22.696,22.703,22.696,22.703,22.68,22.719,22.696,22.727,22.757,22.765,22.78,22.788,22.773,22.773,22.804,22.804,22.819,22.827,22.819,22.819,22.842,22.865,22.888,22.904,22.911,22.911,22.919,22.919,22.934,22.95,22.95,22.981,22.981,22.996,23.011,23.027,23.042,23.058,23.088,23.096,23.088,23.104,23.15,23.165,23.188,23.203,23.196,23.15,23.18,23.104,22.919,22.873,22.811,22.888,22.988,23.111,23.303,23.495,23.548,23.701,23.884,23.991,24.143,24.219,24.295,24.356,24.409,24.477,24.56,24.591,24.704,24.772,24.833,24.931,25.044,25.059,25.187,25.202,25.308,25.45,25.525,25.593,25.645,25.69,25.705,25.72,25.435,25.187,25.308,25.915,26.444,26.533,27.126,27.311,27.884,28.258,28.477,28.63,28.725,28.666,28.666,28.819,29.11,29.132,29.976,33.48,34.824,35.078,35.188,35.325,35.346,35.469,35.489,35.722,35.715,35.797,35.824,35.838,35.851,35.838,35.838,35.858,35.926,35.933,36.022,35.899,35.749,35.599,35.38,35.51,35.503,35.517,35.476,35.482,35.448,35.407,35.407,35.373,35.352,35.352,35.38,35.496,35.633,35.735,35.77,35.79,35.81,35.804,35.824,36.008,36.212,36.26,36.355,36.314,36.294,36.355,36.246,36.307,36.212,36.117,36.049,35.94,35.838,35.708,35.66,35.517,35.414,35.346,35.202,35.243,35.119,35.119,35.126,35.002,34.975,34.947,34.92,34.906,34.844,34.837,34.769,34.775,34.748,34.734,34.72,34.7,34.672,34.665,34.727,34.658,34.686,34.734,34.775,34.906,34.796,34.879,35.002,35.071,35.154,35.25,35.352,35.407,35.462,35.517,35.578,35.66,35.667,35.701,35.715,35.619,35.373,35.023,34.72,34.431,34.444,34.493,34.61,34.686,34.803,35.154,35.277,35.277,35.346,35.277,34.837,34.513,34.348,34.258,34.223,34.348,34.465,34.582,34.569,34.265,33.946,33.759,33.285,31.845,29.132,28.375,28.251,28.112,28.06,28.002,27.936,27.95,28.009,28.331,28.462,28.47,28.521,28.433,27.958,27.73,27.569,27.193,27.097,27,27.067,27.03,26.897,26.489,25.285,24.659,24.507,24.416,24.249,24.12,23.998,23.884,23.693,23.693,23.602,23.472,23.449,23.418,23.487,24.181,24.151,24.075,23.808,23.739,23.701,23.701,23.693,23.671,23.671,23.663,23.64,23.632,23.609,23.609,23.602,23.586,23.579,23.579,23.586,23.564,23.556,23.556,23.571,23.548,23.571,23.556,23.548,23.564,23.533,23.518,23.495,23.479,23.479,23.464,23.464,23.456,23.441,23.433,23.433,23.433,23.426,23.418,23.41,23.395,23.38,23.38,23.387,23.372,23.349,23.349,23.349,23.341,23.334,23.319,23.326,23.303,23.288,23.296,23.272,23.265,23.265,23.265,23.242,23.265,23.234,23.234,23.211,23.196,23.18,23.173,23.15,23.142,23.142,23.127,23.127,23.119,23.119,23.111,23.104,23.096,23.111,23.104,23.088,23.104,23.096,23.088,23.096,23.081,23.065,23.073,23.065,23.073,23.081,23.065,23.073,23.058,23.065,23.065,23.042,23.034,23.004,23.004,22.988,22.973,22.988,22.981,22.965,22.981,22.981,22.973,22.965,22.965,22.942,22.927,22.927,22.927,22.927,22.934,22.911,22.904,22.896,22.881,22.881,22.865,22.873,22.873,22.865,22.873,22.865,22.865,22.85,22.834,22.842,22.827,22.85,22.834,22.858,22.811,22.796,22.773,22.757,22.75,22.742,22.742,22.711,22.703,22.703,22.68,22.688,22.688,22.696,22.688,22.711,22.703,22.657,22.649,22.657,22.634,22.619,22.603,22.642,22.626,22.603,22.58,22.626,22.657,22.626,22.611,22.649,22.642,22.619,22.626,22.595,22.572,22.58,22.572,22.588,22.595,22.557,22.603,22.572,22.588,22.572,22.572,22.541,22.503,22.549,22.503,22.51,22.518,22.479,22.464,22.495,22.487,22.487,22.495,22.479,22.487,22.456,22.425,22.433,22.418,22.425,22.425,22.449,22.418,22.433,22.418,22.449,22.441,22.449,22.441,22.441,22.441,22.479,22.456,22.487,22.479,22.479,22.479,22.479
,22.271,22.247,22.271,22.247,22.255,22.224,22.216,22.216,22.216,22.201,22.216,22.216,22.247,22.263,22.278,22.309,22.309,22.309,22.286,22.278,22.294,22.294,22.317,22.34,22.317,22.317,22.317,22.309,22.294,22.302,22.278,22.294,22.309,22.325,22.34,22.348,22.371,22.379,22.363,22.348,22.34,22.34,22.332,22.332,22.317,22.309,22.317,22.325,22.379,22.402,22.379,22.363,22.371,22.371,22.363,22.379,22.394,22.379,22.387,22.394,22.387,22.402,22.371,22.41,22.418,22.379,22.371,22.394,22.379,22.379,22.402,22.371,22.379,22.379,22.394,22.402,22.394,22.387,22.394,22.387,22.379,22.371,22.356,22.363,22.402,22.402,22.41,22.41,22.41,22.41,22.41,22.449,22.449,22.464,22.456,22.449,22.441,22.441,22.441,22.441,22.449,22.464,22.456,22.479,22.472,22.479,22.464,22.472,22.487,22.503,22.518,22.518,22.534,22.541,22.541,22.549,22.564,22.549,22.564,22.549,22.557,22.564,22.572,22.572,22.572,22.58,22.58,22.626,22.619,22.626,22.634,22.642,22.665,22.673,22.711,22.711,22.719,22.719,22.703,22.703,22.696,22.696,22.703,22.711,22.68,22.696,22.711,22.719,22.75,22.757,22.773,22.78,22.78,22.78,22.78,22.78,22.796,22.804,22.834,22.834,22.827,22.834,22.858,22.881,22.904,22.904,22.904,22.904,22.911,22.934,22.927,22.942,22.973,22.973,23.004,23.011,23.034,23.042,23.058,23.081,23.088,23.096,23.104,23.134,23.142,23.18,23.188,23.188,23.15,23.104,23.019,22.765,22.842,22.865,22.873,23.027,23.18,23.326,23.525,23.617,23.823,23.869,24.021,24.173,24.196,24.287,24.363,24.424,24.5,24.553,24.621,24.735,24.886,24.848,24.991,25.097,25.187,25.21,25.383,25.45,25.533,25.608,25.623,25.675,25.713,25.743,25.803,25.21,25.157,25.262,25.952,26.459,26.622,26.986,27.465,27.796,28.09,28.36,28.557,28.637,28.564,28.601,28.783,28.928,28.979,29.044,30.343,33.668,35.044,35.325,35.311,35.435,35.551,35.674,35.742,35.77,35.804,35.797,35.81,35.851,35.926,35.913,35.933,36.022,36.083,36.042,36.035,35.872,35.694,35.64,35.612,35.599,35.565,35.537,35.482,35.489,35.428,35.4,35.366,35.332,35.346,35.393,35.517,35.619,35.722,35.77,35.79,35.783,35.776,35.824,36.076,36.158,36.206,36.307,36.28,36.274,36.172,36.192,36.219,36.104,36.083,35.974,35.77,35.66,35.626,35.537,35.373,35.284,35.236,35.208,35.126,35.051,35.023,34.947,34.975,34.941,34.899,34.879,34.81,34.769,34.769,34.727,34.72,34.707,34.693,34.679,34.665,34.651,34.61,34.61,34.596,34.603,34.617,34.672,34.755,34.81,34.81,34.803,34.961,35.147,35.236,35.38,35.441,35.524,35.578,35.558,35.653,35.66,35.681,35.688,35.585,35.346,35.016,34.638,34.472,34.438,34.465,34.576,34.7,35.071,35.147,35.195,35.202,35.25,35.119,34.658,34.223,34.244,34.209,34.292,34.458,34.638,34.741,34.589,34.182,33.946,33.779,33.194,31.781,28.87,28.302,28.287,28.309,28.097,28.053,27.972,28.112,28.126,28.243,28.47,28.608,28.754,28.732,28.732,28.601,27.561,27.052,27.067,27.052,27.067,27.141,27.111,26.897,25.33,24.803,24.515,24.318,24.28,24.151,24.097,23.869,23.785,23.678,23.64,23.495,23.433,23.357,23.403,24.249,24.204,24.166,24.075,23.793,23.701,23.686,23.686,23.678,23.693,23.678,23.663,23.655,23.617,23.625,23.617,23.602,23.594,23.602,23.594,23.586,23.579,23.579,23.579,23.564,23.556,23.556,23.548,23.556,23.541,23.525,23.518,23.495,23.487,23.487,23.472,23.464,23.449,23.456,23.449,23.441,23.449,23.433,23.418,23.41,23.403,23.403,23.395,23.38,23.387,23.357,23.341,23.341,23.341,23.334,23.334,23.311,23.311,23.303,23.296,23.303,23.272,23.257,23.242,23.234,23.265,23.219,23.234,23.203,23.211,23.188,23.157,23.15,23.127,23.142,23.134,23.127,23.127,23.111,23.111,23.111,23.111,23.119,23.127,23.134,23.111,23.111,23.096,23.081,23.073,23.073,23.065,23.081,23.081,23.073,23.073,23.065,23.088,23.058,23.058,23.042,23.011,23.004,22.996,22.988,22.988,22.988,22.988,22.981,22.996,22.988,22.981,22.965,22.95,22.934,22.942,22.911,22.904,22.927,22.904,22.911,22.888,22.888,22.888,22.865,22.858,22.865,22.858,22.873,22.873,22.85,22.834,22.834,22.842,22.788,22.834,22.842,22.827,22.819,22.788,22.765,22.757,22.757,22.727,22.727,22.719,22.711,22.711,22.703,22.673,22.68,22.711,22.703,22.688,22.673,22.673,22.68,22.619,22.634,22.634,22.619,22.611,22.603,22.603,22.595,22.603,22.588,22.611,22.619,22.619,22.603,22.626,22.619,22.603,22.588,22.557,22.557,22.611,22.595,22.595,22.603,22.557,22.611,22.564,22.534,22.526,22.526,22.495,22.503,22.51,22.464,22.456,22.518,22.449,22.464,22.456,22.456,22.456,22.464,22.456,22.433,22.425,22.449,22.449,22.449,22.464,22.456,22.449,22.449,22.441,22.449,22.425,22.425,22.433,22.425,22.441,22.464,22.441,22.456,22.472,22.464,22.472
,22.255,22.255,22.232,22.232,22.24,22.232,22.232,22.232,22.232,22.193,22.232,22.224,22.255,22.271,22.302,22.302,22.302,22.278,22.278,22.302,22.317,22.302,22.294,22.294,22.309,22.325,22.309,22.317,22.278,22.286,22.278,22.309,22.325,22.309,22.317,22.332,22.34,22.34,22.34,22.34,22.34,22.332,22.309,22.332,22.325,22.332,22.325,22.332,22.356,22.379,22.379,22.363,22.363,22.371,22.371,22.371,22.394,22.394,22.379,22.387,22.387,22.394,22.371,22.402,22.402,22.41,22.402,22.41,22.379,22.387,22.387,22.394,22.402,22.402,22.41,22.394,22.394,22.387,22.387,22.356,22.348,22.379,22.387,22.379,22.41,22.418,22.402,22.41,22.418,22.402,22.41,22.433,22.433,22.472,22.449,22.456,22.449,22.449,22.449,22.456,22.487,22.464,22.495,22.503,22.479,22.479,22.479,22.479,22.495,22.503,22.518,22.541,22.526,22.534,22.526,22.549,22.557,22.549,22.564,22.557,22.557,22.572,22.58,22.572,22.588,22.595,22.588,22.626,22.619,22.626,22.657,22.649,22.649,22.68,22.719,22.711,22.734,22.711,22.703,22.711,22.696,22.719,22.703,22.703,22.696,22.703,22.719,22.727,22.757,22.765,22.765,22.773,22.773,22.788,22.796,22.796,22.819,22.796,22.827,22.834,22.819,22.85,22.842,22.888,22.888,22.865,22.896,22.888,22.919,22.927,22.934,22.958,22.988,23.004,23.011,23.027,23.027,23.05,23.073,23.088,23.088,23.104,23.111,23.142,23.157,23.173,23.18,23.173,23.142,23.111,22.873,22.742,22.788,22.881,22.873,23.034,23.142,23.272,23.518,23.64,23.816,23.991,24.059,24.12,24.249,24.295,24.379,24.424,24.515,24.591,24.666,24.81,24.803,24.931,25.059,25.142,25.21,25.262,25.36,25.465,25.548,25.608,25.69,25.713,25.765,25.78,25.795,25.157,25.18,25.42,25.728,26.318,26.6,27.207,27.362,27.502,27.694,28.36,28.44,28.586,28.492,28.557,28.747,28.747,28.805,28.703,28.819,31.391,34.493,35.332,35.414,35.53,35.619,35.749,35.729,35.763,35.845,35.838,35.92,35.899,35.967,35.913,35.92,36.076,36.063,36.124,36.083,35.879,35.729,35.66,35.694,35.667,35.612,35.571,35.524,35.489,35.414,35.366,35.325,35.311,35.332,35.359,35.537,35.626,35.763,35.831,35.81,35.804,35.851,35.845,36.022,36.158,36.233,36.26,36.212,36.124,36.124,35.995,36.083,35.981,35.926,35.913,35.756,35.633,35.551,35.455,35.339,35.298,35.188,35.133,35.092,35.03,34.927,34.879,34.858,34.872,34.858,34.844,34.803,34.741,34.72,34.672,34.672,34.672,34.631,34.631,34.624,34.589,34.589,34.569,34.562,34.582,34.596,34.645,34.665,34.651,34.672,34.831,34.892,35.064,35.208,35.25,35.441,35.517,35.537,35.599,35.647,35.626,35.667,35.606,35.482,35.318,34.803,34.603,34.576,34.562,34.5,34.693,34.7,34.996,35.037,35.085,35.099,35.071,34.72,34.355,34.23,34.23,34.382,34.5,34.679,34.72,34.755,34.562,34.334,33.995,33.355,33.236,31.873,29.421,28.273,28.221,28.353,28.243,28.163,28.258,28.258,28.309,28.433,28.543,28.768,28.819,28.877,28.892,28.637,27.348,26.986,27.008,26.986,27.067,27.156,27.185,27.03,25.9,25.195,24.629,24.507,24.318,24.219,24.082,23.96,23.724,23.693,23.571,23.472,23.341,23.303,23.364,24.348,24.363,24.257,24.059,23.816,23.701,23.686,23.716,23.709,23.693,23.693,23.678,23.671,23.655,23.648,23.64,23.609,23.617,23.617,23.609,23.609,23.602,23.594,23.586,23.571,23.564,23.556,23.548,23.564,23.548,23.541,23.525,23.51,23.502,23.495,23.479,23.487,23.464,23.456,23.464,23.472,23.472,23.449,23.433,23.418,23.41,23.41,23.41,23.41,23.364,23.387,23.364,23.372,23.349,23.326,23.334,23.326,23.334,23.326,23.326,23.296,23.303,23.288,23.257,23.242,23.234,23.257,23.242,23.226,23.188,23.196,23.173,23.173,23.15,23.15,23.165,23.142,23.134,23.119,23.111,23.111,23.104,23.111,23.111,23.111,23.142,23.111,23.111,23.088,23.073,23.081,23.065,23.081,23.081,23.088,23.088,23.081,23.081,23.088,23.073,23.042,23.019,23.004,23.004,22.996,22.996,22.996,22.988,22.996,23.004,22.996,22.996,22.988,22.958,22.934,22.919,22.919,22.911,22.919,22.911,22.919,22.911,22.896,22.911,22.865,22.865,22.858,22.858,22.881,22.865,22.858,22.85,22.834,22.834,22.811,22.796,22.827,22.796,22.788,22.765,22.788,22.773,22.765,22.742,22.757,22.727,22.719,22.703,22.68,22.68,22.703,22.696,22.688,22.68,22.696,22.642,22.657,22.642,22.634,22.649,22.649,22.619,22.619,22.603,22.619,22.588,22.611,22.603,22.611,22.603,22.626,22.603,22.619,22.572,22.588,22.58,22.564,22.557,22.572,22.619,22.619,22.603,22.595,22.58,22.534,22.549,22.503,22.534,22.534,22.495,22.487,22.503,22.479,22.472,22.472,22.472,22.449,22.449,22.464,22.464,22.456,22.464,22.441,22.464,22.472,22.449,22.456,22.479,22.449,22.456,22.449,22.433,22.433,22.425,22.394,22.402,22.418,22.433,22.503,22.487,22.479,22.479
,22.24,22.24,22.247,22.24,22.24,22.247,22.24,22.247,22.24,22.232,22.24,22.247,22.247,22.271,22.294,22.302,22.302,22.286,22.286,22.302,22.286,22.317,22.332,22.325,22.332,22.332,22.348,22.309,22.317,22.294,22.302,22.294,22.317,22.325,22.317,22.34,22.325,22.332,22.332,22.34,22.332,22.325,22.332,22.34,22.332,22.34,22.34,22.348,22.371,22.387,22.387,22.379,22.371,22.371,22.379,22.394,22.387,22.371,22.379,22.371,22.387,22.379,22.387,22.394,22.402,22.41,22.41,22.379,22.402,22.394,22.41,22.418,22.418,22.402,22.402,22.394,22.387,22.387,22.363,22.394,22.379,22.379,22.356,22.379,22.402,22.402,22.418,22.418,22.41,22.425,22.41,22.425,22.433,22.449,22.472,22.449,22.449,22.449,22.441,22.464,22.479,22.487,22.487,22.495,22.479,22.487,22.503,22.495,22.495,22.503,22.518,22.518,22.526,22.526,22.534,22.534,22.534,22.564,22.564,22.557,22.557,22.572,22.58,22.572,22.611,22.595,22.603,22.634,22.649,22.649,22.657,22.673,22.657,22.68,22.696,22.696,22.711,22.719,22.719,22.711,22.711,22.711,22.688,22.696,22.719,22.711,22.727,22.719,22.742,22.765,22.765,22.773,22.773,22.78,22.788,22.811,22.811,22.834,22.85,22.834,22.85,22.85,22.865,22.858,22.881,22.865,22.888,22.911,22.927,22.942,22.965,22.973,22.981,23.011,23.027,23.027,23.042,23.058,23.065,23.081,23.104,23.111,23.127,23.127,23.165,23.173,23.18,23.142,23.111,23.004,22.757,22.719,22.842,22.865,22.965,23.05,23.15,23.387,23.472,23.617,23.762,24.006,24.052,24.135,24.28,24.318,24.394,24.462,24.523,24.606,24.727,24.795,24.871,24.991,25.074,25.157,25.368,25.338,25.48,25.503,25.608,25.69,25.81,25.773,25.84,25.84,25.788,25.172,25.18,25.473,25.975,26.288,26.429,26.993,27.333,27.451,27.708,28.163,28.455,28.506,28.462,28.492,28.63,28.696,28.703,28.499,28.47,29.392,33.473,34.913,35.51,35.578,35.688,35.831,35.933,35.879,35.865,35.967,35.926,35.92,36.076,36.117,36.069,36.083,36.124,36.138,36.022,35.933,35.851,35.742,35.742,35.694,35.735,35.619,35.551,35.503,35.469,35.332,35.291,35.25,35.298,35.277,35.448,35.688,35.77,35.817,35.872,35.872,35.947,36.008,36.097,36.219,36.287,36.274,36.26,36.104,36.008,35.988,35.947,35.947,35.899,35.797,35.64,35.517,35.51,35.332,35.277,35.195,35.085,35.037,34.961,34.941,34.865,34.858,34.81,34.81,34.796,34.789,34.693,34.665,34.665,34.645,34.651,34.624,34.624,34.596,34.589,34.589,34.534,34.527,34.541,34.541,34.562,34.562,34.631,34.686,34.665,34.755,34.775,34.92,35.078,35.167,35.387,35.462,35.53,35.599,35.612,35.647,35.606,35.592,35.387,35.174,34.727,34.603,34.624,34.603,34.624,34.651,34.796,34.886,34.954,35.051,35.057,34.996,34.5,34.313,34.251,34.534,34.72,34.789,34.851,34.879,34.679,34.458,34.417,33.904,33.717,33.173,31.93,29.854,28.455,28.221,28.419,28.564,28.433,28.346,28.324,28.448,28.44,28.586,28.725,28.95,28.994,28.972,28.783,27.392,26.919,26.941,26.956,27.06,27.222,27.193,27.237,26.63,25.345,24.787,24.553,24.356,24.265,24.204,24.059,23.838,23.686,23.556,23.441,23.387,23.326,23.403,24.31,24.507,24.325,24.097,23.915,23.785,23.732,23.709,23.716,23.709,23.709,23.701,23.693,23.678,23.663,23.64,23.64,23.632,23.64,23.64,23.625,23.632,23.602,23.609,23.579,23.571,23.548,23.556,23.556,23.556,23.548,23.548,23.525,23.518,23.502,23.495,23.487,23.479,23.479,23.495,23.472,23.464,23.441,23.433,23.433,23.426,23.418,23.41,23.418,23.41,23.38,23.364,23.372,23.364,23.341,23.349,23.349,23.341,23.334,23.319,23.311,23.311,23.28,23.265,23.272,23.249,23.257,23.257,23.226,23.196,23.203,23.188,23.157,23.165,23.15,23.165,23.165,23.142,23.142,23.134,23.119,23.119,23.127,23.111,23.142,23.157,23.104,23.104,23.088,23.111,23.096,23.073,23.081,23.081,23.096,23.088,23.088,23.111,23.096,23.073,23.05,23.027,23.011,23.004,23.004,23.004,23.004,23.004,23.011,23.004,23.004,23.004,22.996,22.973,22.942,22.927,22.934,22.934,22.95,22.927,22.927,22.927,22.911,22.881,22.873,22.881,22.858,22.881,22.881,22.888,22.881,22.85,22.858,22.834,22.85,22.834,22.819,22.78,22.78,22.765,22.78,22.78,22.757,22.773,22.773,22.742,22.727,22.711,22.703,22.711,22.727,22.727,22.719,22.703,22.673,22.696,22.665,22.68,22.657,22.634,22.642,22.626,22.634,22.611,22.58,22.588,22.619,22.619,22.611,22.595,22.619,22.619,22.634,22.611,22.588,22.58,22.58,22.588,22.595,22.603,22.642,22.564,22.572,22.557,22.557,22.534,22.526,22.526,22.541,22.557,22.541,22.526,22.472,22.495,22.449,22.464,22.449,22.433,22.541,22.472,22.479,22.441,22.449,22.464,22.479,22.495,22.479,22.479,22.449,22.441,22.418,22.441,22.418,22.425,22.418,22.418,22.441,22.433,22.479,22.479,22.464,22.464
,22.224,22.232,22.232,22.24,22.24,22.24,22.263,22.263,22.247,22.263,22.247,22.24,22.247,22.286,22.286,22.302,22.302,22.317,22.278,22.317,22.325,22.325,22.325,22.317,22.302,22.325,22.348,22.294,22.317,22.302,22.294,22.294,22.309,22.302,22.332,22.332,22.325,22.325,22.309,22.309,22.325,22.317,22.332,22.34,22.348,22.325,22.371,22.356,22.379,22.394,22.379,22.379,22.371,22.371,22.371,22.387,22.379,22.41,22.379,22.363,22.379,22.371,22.394,22.387,22.371,22.387,22.394,22.387,22.371,22.379,22.41,22.41,22.418,22.418,22.402,22.394,22.387,22.379,22.379,22.363,22.371,22.387,22.394,22.387,22.394,22.41,22.41,22.41,22.394,22.41,22.402,22.433,22.449,22.456,22.464,22.456,22.456,22.456,22.456,22.472,22.472,22.487,22.479,22.487,22.487,22.51,22.487,22.479,22.51,22.503,22.495,22.51,22.518,22.51,22.534,22.534,22.557,22.557,22.557,22.58,22.557,22.58,22.557,22.603,22.611,22.611,22.619,22.657,22.619,22.603,22.634,22.649,22.673,22.673,22.68,22.688,22.688,22.703,22.703,22.719,22.703,22.719,22.727,22.703,22.703,22.696,22.719,22.719,22.75,22.757,22.765,22.773,22.773,22.788,22.819,22.804,22.819,22.842,22.842,22.85,22.834,22.858,22.865,22.865,22.888,22.881,22.904,22.919,22.927,22.95,22.965,22.981,22.996,23.019,23.034,23.05,23.05,23.058,23.065,23.081,23.104,23.111,23.119,23.134,23.165,23.173,23.157,23.142,23.096,22.842,22.665,22.719,22.78,22.873,23.019,23.096,23.165,23.372,23.564,23.716,23.938,23.998,24.082,24.219,24.295,24.348,24.401,24.5,24.553,24.659,24.75,24.818,24.999,25.074,25.112,25.217,25.292,25.405,25.503,25.54,25.675,25.743,25.773,25.862,25.922,25.945,25.945,25.172,25.202,25.33,25.773,26.124,26.392,26.919,27.333,27.613,27.694,27.774,28.36,28.484,28.433,28.513,28.652,28.703,28.747,28.564,28.207,29.044,32.851,34.285,35.263,35.585,35.64,35.756,35.96,36.029,35.988,36.022,36.076,36.131,36.138,36.212,36.185,36.178,36.138,36.144,36.11,35.947,35.981,35.858,35.845,35.824,35.749,35.66,35.606,35.544,35.435,35.346,35.277,35.229,35.243,35.407,35.455,35.633,35.81,35.817,35.947,36.076,36.056,36.151,36.226,36.287,36.301,36.253,36.124,36.097,35.947,35.906,35.886,35.831,35.681,35.64,35.544,35.496,35.4,35.346,35.208,35.188,35.023,34.934,34.831,34.803,34.81,34.769,34.796,34.775,34.734,34.741,34.624,34.631,34.631,34.61,34.596,34.582,34.582,34.576,34.541,34.569,34.541,34.493,34.444,34.424,34.493,34.527,34.527,34.534,34.513,34.617,34.693,34.769,34.899,35.105,35.222,35.346,35.448,35.524,35.571,35.524,35.421,35.407,35.291,35.112,34.769,34.713,34.631,34.645,34.631,34.645,34.762,34.824,34.92,35.064,34.899,34.7,34.375,34.32,34.582,34.851,35.057,34.941,35.023,34.92,34.748,34.589,34.285,33.932,33.585,33.222,31.817,29.811,28.557,28.207,28.185,28.71,28.732,28.572,28.55,28.652,28.608,28.666,28.841,28.914,28.986,29.073,28.696,27.141,26.838,26.808,26.815,26.963,27.141,27.207,27.2,27.126,25.668,24.818,24.545,24.416,24.394,24.371,24.196,23.968,23.777,23.472,23.403,23.319,23.326,23.364,24.12,24.492,24.303,24.242,23.976,23.869,23.793,23.739,23.732,23.739,23.716,23.724,23.701,23.693,23.686,23.655,23.671,23.655,23.655,23.655,23.648,23.648,23.617,23.625,23.586,23.586,23.571,23.564,23.571,23.571,23.571,23.556,23.548,23.525,23.51,23.495,23.487,23.487,23.495,23.502,23.487,23.464,23.456,23.441,23.433,23.426,23.426,23.426,23.418,23.433,23.41,23.38,23.38,23.357,23.357,23.357,23.357,23.341,23.341,23.326,23.311,23.303,23.28,23.257,23.257,23.265,23.272,23.234,23.226,23.211,23.196,23.196,23.203,23.188,23.165,23.165,23.165,23.173,23.15,23.142,23.127,23.127,23.127,23.111,23.142,23.134,23.111,23.111,23.096,23.096,23.088,23.104,23.096,23.119,23.088,23.111,23.127,23.073,23.081,23.058,23.065,23.05,23.019,23.019,23.011,23.019,23.027,23.019,23.011,23.027,23.011,23.027,23.027,22.973,22.973,22.942,22.927,22.95,22.95,22.934,22.942,22.919,22.904,22.888,22.865,22.858,22.865,22.881,22.873,22.873,22.896,22.881,22.865,22.85,22.78,22.819,22.811,22.75,22.78,22.773,22.78,22.78,22.788,22.804,22.773,22.734,22.773,22.719,22.719,22.719,22.719,22.703,22.734,22.719,22.673,22.688,22.673,22.673,22.657,22.642,22.642,22.634,22.611,22.619,22.595,22.626,22.619,22.611,22.611,22.619,22.611,22.611,22.619,22.634,22.572,22.595,22.588,22.588,22.564,22.588,22.58,22.58,22.595,22.564,22.557,22.534,22.534,22.534,22.526,22.503,22.534,22.549,22.495,22.503,22.464,22.495,22.503,22.456,22.464,22.479,22.433,22.456,22.464,22.479,22.472,22.456,22.449,22.441,22.472,22.433,22.456,22.418,22.418,22.441,22.418,22.449,22.456,22.449,22.487,22.456,22.449,22.441
,22.216,22.224,22.232,22.232,22.24,22.247,22.247,22.255,22.271,22.263,22.247,22.24,22.263,22.278,22.278,22.286,22.278,22.286,22.302,22.317,22.302,22.317,22.325,22.325,22.294,22.309,22.309,22.309,22.294,22.286,22.286,22.286,22.302,22.317,22.309,22.325,22.325,22.325,22.325,22.317,22.317,22.317,22.325,22.332,22.332,22.356,22.379,22.371,22.371,22.387,22.379,22.379,22.371,22.371,22.371,22.371,22.379,22.379,22.363,22.348,22.363,22.356,22.363,22.371,22.387,22.394,22.387,22.394,22.387,22.387,22.402,22.402,22.433,22.425,22.402,22.402,22.387,22.379,22.387,22.402,22.394,22.394,22.387,22.394,22.402,22.394,22.402,22.418,22.402,22.41,22.41,22.441,22.464,22.456,22.479,22.472,22.456,22.456,22.464,22.472,22.472,22.464,22.472,22.487,22.487,22.495,22.51,22.518,22.503,22.503,22.51,22.51,22.503,22.518,22.526,22.541,22.557,22.541,22.572,22.564,22.564,22.549,22.564,22.58,22.611,22.603,22.619,22.642,22.649,22.649,22.619,22.665,22.673,22.673,22.673,22.673,22.688,22.703,22.696,22.727,22.696,22.703,22.688,22.68,22.703,22.703,22.719,22.734,22.75,22.765,22.765,22.773,22.78,22.773,22.788,22.819,22.819,22.834,22.834,22.842,22.842,22.858,22.865,22.873,22.888,22.911,22.904,22.942,22.95,22.973,22.981,22.988,23.011,23.027,23.042,23.05,23.05,23.058,23.058,23.081,23.096,23.111,23.127,23.15,23.157,23.18,23.165,23.134,23.027,22.757,22.657,22.688,22.727,23.004,23.05,23.18,23.326,23.479,23.579,23.716,23.808,24.097,24.158,24.204,24.318,24.371,24.47,24.553,24.606,24.727,24.855,24.878,25.036,25.089,25.18,25.33,25.36,25.555,25.555,25.675,25.803,25.81,25.915,26.087,26.057,26.101,25.892,25.18,25.247,25.353,25.713,26.161,26.28,26.712,27.222,27.62,27.694,27.826,27.936,28.433,28.44,28.513,28.637,28.732,28.71,28.44,28.119,28.557,32.078,34.147,34.486,35.524,35.578,35.626,35.81,36.035,36.063,36.015,36.138,36.138,36.253,36.24,36.26,36.233,36.206,36.212,36.144,36.076,35.988,35.933,35.906,35.879,35.824,35.667,35.619,35.544,35.448,35.339,35.236,35.236,35.263,35.298,35.407,35.537,35.729,35.872,35.981,36.015,36.076,36.219,36.301,36.28,36.294,36.199,36.11,35.995,35.913,35.892,35.865,35.756,35.612,35.612,35.476,35.311,35.263,35.243,35.044,34.941,34.927,34.913,34.81,34.748,34.741,34.734,34.727,34.741,34.679,34.61,34.603,34.603,34.596,34.589,34.589,34.576,34.555,34.541,34.52,34.493,34.486,34.438,34.417,34.382,34.396,34.382,34.424,34.424,34.444,34.5,34.734,34.734,34.817,34.858,35.119,35.27,35.325,35.298,35.311,35.387,35.421,35.325,35.181,34.947,34.775,34.734,34.672,34.624,34.624,34.624,34.707,34.789,34.81,34.886,34.707,34.603,34.555,34.707,35.202,35.16,35.099,35.112,35.202,34.982,34.934,34.603,34.472,34.272,33.689,33.103,31.767,29.804,28.805,28.287,27.987,28.776,29.015,28.761,28.841,28.754,28.703,28.739,28.914,28.885,29.066,29.161,28.652,26.889,26.719,26.682,26.741,26.83,26.941,27.141,27.193,27.17,26.474,25.021,24.591,24.56,24.485,24.477,24.257,24.029,23.945,23.655,23.464,23.334,23.288,23.296,24.09,24.432,24.432,24.424,24.181,24.059,23.861,23.8,23.762,23.762,23.777,23.755,23.732,23.716,23.716,23.693,23.686,23.671,23.678,23.671,23.671,23.655,23.625,23.632,23.602,23.594,23.586,23.571,23.579,23.571,23.579,23.571,23.556,23.548,23.533,23.51,23.495,23.495,23.51,23.464,23.502,23.472,23.464,23.449,23.433,23.426,23.418,23.426,23.441,23.426,23.426,23.41,23.38,23.372,23.349,23.364,23.357,23.357,23.349,23.334,23.319,23.311,23.303,23.288,23.28,23.265,23.249,23.249,23.234,23.196,23.203,23.226,23.196,23.211,23.188,23.196,23.18,23.165,23.173,23.157,23.119,23.127,23.134,23.111,23.119,23.119,23.096,23.127,23.134,23.119,23.127,23.111,23.134,23.127,23.127,23.157,23.134,23.073,23.119,23.073,23.073,23.058,23.034,23.034,23.027,23.027,23.034,23.027,23.027,23.027,23.034,23.027,22.996,22.996,22.981,22.934,22.95,22.934,22.95,22.95,22.95,22.934,22.904,22.881,22.873,22.881,22.881,22.873,22.865,22.858,22.873,22.881,22.873,22.834,22.865,22.819,22.796,22.773,22.773,22.78,22.788,22.788,22.796,22.796,22.796,22.78,22.765,22.75,22.75,22.719,22.719,22.734,22.711,22.719,22.703,22.68,22.68,22.657,22.657,22.673,22.649,22.634,22.634,22.649,22.611,22.619,22.619,22.603,22.611,22.603,22.595,22.626,22.588,22.634,22.588,22.58,22.588,22.595,22.572,22.619,22.557,22.557,22.572,22.557,22.557,22.549,22.549,22.526,22.541,22.564,22.541,22.495,22.487,22.472,22.472,22.495,22.479,22.495,22.518,22.456,22.479,22.479,22.449,22.464,22.479,22.472,22.441,22.456,22.495,22.464,22.449,22.441,22.449,22.425,22.418,22.487,22.464,22.472,22.464,22.472,22.464,22.456
,22.216,22.216,22.224,22.24,22.24,22.247,22.263,22.255,22.255,22.255,22.247,22.271,22.24,22.247,22.263,22.286,22.286,22.278,22.294,22.294,22.325,22.302,22.325,22.325,22.309,22.317,22.309,22.302,22.309,22.278,22.278,22.286,22.278,22.294,22.317,22.332,22.332,22.332,22.317,22.317,22.317,22.309,22.317,22.325,22.309,22.34,22.356,22.348,22.379,22.379,22.387,22.394,22.387,22.363,22.379,22.379,22.387,22.356,22.379,22.394,22.371,22.371,22.348,22.363,22.387,22.402,22.387,22.387,22.387,22.402,22.41,22.441,22.418,22.425,22.394,22.394,22.387,22.379,22.394,22.394,22.41,22.41,22.41,22.402,22.41,22.41,22.433,22.402,22.402,22.41,22.425,22.449,22.472,22.472,22.464,22.464,22.449,22.449,22.456,22.456,22.456,22.449,22.472,22.464,22.472,22.51,22.495,22.495,22.503,22.503,22.495,22.503,22.51,22.518,22.534,22.534,22.564,22.564,22.58,22.58,22.588,22.572,22.557,22.557,22.588,22.588,22.603,22.642,22.649,22.657,22.657,22.649,22.657,22.665,22.68,22.688,22.688,22.696,22.703,22.688,22.696,22.688,22.68,22.711,22.703,22.703,22.719,22.734,22.75,22.773,22.757,22.773,22.773,22.788,22.804,22.811,22.819,22.842,22.834,22.842,22.85,22.858,22.865,22.896,22.904,22.911,22.934,22.965,22.965,22.965,22.981,22.988,23.011,23.034,23.05,23.058,23.058,23.058,23.073,23.073,23.088,23.104,23.142,23.127,23.173,23.142,23.127,23.157,22.965,22.665,22.734,22.78,22.904,22.965,23.157,23.211,23.38,23.541,23.571,23.724,23.899,24.151,24.204,24.257,24.318,24.394,24.462,24.553,24.613,24.742,24.848,24.931,25.082,25.157,25.262,25.375,25.518,25.585,25.66,25.735,25.818,25.915,25.96,26.101,26.116,26.176,25.308,25.24,25.232,25.413,25.915,26.116,26.37,26.882,27.2,27.561,27.76,27.87,28.016,28.448,28.47,28.535,28.703,28.834,28.805,28.389,28.031,28.426,31.249,34.05,34.244,34.727,35.455,35.571,35.612,35.81,36.001,36.076,36.131,36.165,36.253,36.253,36.24,36.233,36.212,36.206,36.178,36.138,36.076,36.015,35.926,35.94,35.838,35.729,35.701,35.626,35.51,35.291,35.243,35.215,35.236,35.256,35.428,35.482,35.797,35.865,35.926,36.069,36.246,36.274,36.294,36.26,36.26,36.192,36.049,36.029,35.926,35.858,35.831,35.708,35.469,35.414,35.387,35.277,35.181,35.016,34.934,34.92,34.879,34.824,34.775,34.775,34.713,34.72,34.707,34.686,34.651,34.603,34.576,34.576,34.569,34.569,34.555,34.562,34.541,34.527,34.507,34.472,34.438,34.389,34.389,34.368,34.355,34.334,34.348,34.341,34.355,34.368,34.507,34.638,34.672,34.824,34.906,35.092,35.133,35.277,35.27,35.311,35.373,35.325,35.044,34.913,34.886,34.831,34.631,34.603,34.589,34.624,34.72,34.72,34.741,34.713,34.679,34.645,34.72,35.27,35.366,35.352,35.298,35.263,35.112,34.996,34.851,34.7,34.327,33.835,33.578,33.089,31.703,29.883,28.827,28.148,27.987,28.097,28.986,29.161,28.928,28.965,28.914,28.907,28.994,29.088,29.153,29.182,27.914,26.778,26.511,26.504,26.578,26.823,26.815,27.111,27.156,27.104,26.682,25.089,24.636,24.576,24.523,24.515,24.379,24.31,23.846,23.579,23.418,23.334,23.272,23.288,24.037,24.901,24.818,24.871,24.863,24.659,24.523,24.371,24.196,24.014,23.899,23.846,23.739,23.747,23.724,23.709,23.693,23.686,23.693,23.709,23.686,23.693,23.648,23.632,23.617,23.602,23.594,23.579,23.586,23.579,23.586,23.586,23.571,23.564,23.548,23.518,23.495,23.495,23.502,23.495,23.502,23.495,23.472,23.472,23.441,23.441,23.441,23.433,23.433,23.426,23.418,23.41,23.395,23.387,23.372,23.364,23.357,23.357,23.349,23.341,23.326,23.319,23.311,23.288,23.288,23.296,23.272,23.257,23.226,23.219,23.219,23.203,23.219,23.211,23.211,23.211,23.211,23.203,23.18,23.203,23.142,23.165,23.165,23.127,23.157,23.127,23.127,23.15,23.157,23.142,23.142,23.134,23.127,23.127,23.104,23.111,23.081,23.058,23.096,23.127,23.096,23.073,23.065,23.042,23.042,23.042,23.042,23.042,23.034,23.042,23.019,23.042,23.019,22.981,22.95,22.965,22.95,22.942,22.95,22.958,22.95,22.934,22.911,22.904,22.888,22.881,22.873,22.873,22.865,22.888,22.85,22.881,22.873,22.888,22.811,22.834,22.819,22.796,22.788,22.804,22.804,22.796,22.804,22.804,22.742,22.773,22.78,22.742,22.75,22.719,22.727,22.696,22.703,22.703,22.696,22.665,22.673,22.68,22.642,22.657,22.649,22.642,22.603,22.634,22.619,22.603,22.619,22.626,22.611,22.603,22.595,22.619,22.611,22.626,22.611,22.619,22.588,22.595,22.588,22.611,22.588,22.541,22.595,22.564,22.557,22.564,22.557,22.549,22.557,22.549,22.549,22.541,22.495,22.487,22.487,22.487,22.479,22.472,22.464,22.425,22.456,22.464,22.456,22.472,22.449,22.487,22.464,22.441,22.464,22.441,22.441,22.472,22.433,22.425,22.441,22.441,22.479,22.503,22.456,22.456,22.479,22.456
,22.216,22.216,22.216,22.232,22.24,22.247,22.247,22.247,22.247,22.263,22.247,22.24,22.224,22.271,22.255,22.263,22.278,22.278,22.278,22.302,22.302,22.302,22.309,22.302,22.309,22.294,22.302,22.294,22.278,22.278,22.271,22.278,22.294,22.309,22.294,22.317,22.317,22.325,22.325,22.317,22.325,22.309,22.309,22.302,22.302,22.332,22.348,22.348,22.348,22.371,22.363,22.363,22.371,22.356,22.363,22.363,22.379,22.379,22.402,22.379,22.387,22.379,22.371,22.371,22.379,22.379,22.387,22.394,22.387,22.379,22.402,22.41,22.394,22.425,22.387,22.379,22.387,22.379,22.387,22.402,22.402,22.41,22.41,22.402,22.41,22.41,22.402,22.41,22.41,22.425,22.441,22.441,22.464,22.472,22.479,22.472,22.449,22.456,22.456,22.449,22.441,22.449,22.441,22.449,22.479,22.487,22.495,22.495,22.503,22.503,22.51,22.51,22.503,22.51,22.526,22.549,22.564,22.564,22.58,22.564,22.557,22.588,22.564,22.603,22.572,22.58,22.603,22.619,22.642,22.642,22.611,22.634,22.642,22.657,22.665,22.673,22.68,22.688,22.688,22.688,22.711,22.688,22.688,22.703,22.711,22.711,22.719,22.75,22.757,22.78,22.773,22.765,22.78,22.78,22.811,22.819,22.834,22.842,22.842,22.85,22.842,22.85,22.85,22.888,22.927,22.95,22.942,22.965,22.973,22.965,22.973,22.988,23.011,23.034,23.05,23.058,23.065,23.065,23.073,23.081,23.088,23.104,23.127,23.134,23.15,23.142,23.096,22.896,22.711,22.734,22.719,22.804,22.858,23.134,23.165,23.234,23.403,23.518,23.663,23.838,23.968,24.151,24.219,24.287,24.333,24.507,24.507,24.644,24.682,24.863,24.878,25.014,25.074,25.225,25.33,25.383,25.51,25.66,25.705,25.773,25.818,26.064,26.169,26.251,26.213,26.206,25.232,25.255,25.308,25.345,25.825,25.952,26.236,26.726,27.015,27.473,27.708,27.877,28.229,28.36,28.499,28.645,28.768,28.921,28.827,28.141,28.134,28.455,30.336,33.696,34.299,34.375,34.603,35.064,35.421,35.619,35.667,35.995,36.104,36.185,36.226,36.24,36.246,36.212,36.206,36.172,36.185,36.172,36.158,36.063,35.981,35.94,35.913,35.865,35.756,35.681,35.578,35.414,35.304,35.263,35.215,35.284,35.346,35.571,35.722,35.776,35.947,36.097,36.226,36.28,36.253,36.219,36.185,36.097,36.076,35.96,35.879,35.858,35.776,35.722,35.448,35.4,35.263,35.181,35.181,35.071,34.927,34.824,34.817,34.796,34.796,34.741,34.72,34.686,34.7,34.672,34.651,34.631,34.582,34.541,34.541,34.541,34.562,34.548,34.534,34.513,34.507,34.472,34.438,34.382,34.375,34.348,34.334,34.327,34.313,34.327,34.348,34.375,34.486,34.596,34.569,34.72,34.824,34.92,34.982,35.181,35.154,35.236,35.215,35.16,35.112,34.975,34.879,34.81,34.576,34.569,34.596,34.651,34.651,34.713,34.741,34.7,34.748,34.824,35.4,35.537,35.435,35.4,35.387,35.298,35.167,35.009,34.865,34.7,34.265,33.891,33.564,33.061,31.668,29.869,28.914,28.097,27.892,27.877,28.265,29.262,29.334,29.204,28.972,29.052,29.11,29.117,29.247,29.168,27.796,26.66,26.206,26.362,26.548,26.608,26.823,26.867,27.015,26.889,26.325,24.78,24.742,24.704,24.598,24.591,24.56,24.492,24.059,23.709,23.433,23.334,23.226,23.272,24.173,25.24,25.458,25.473,25.48,25.255,25.465,25.27,25.157,24.848,24.682,24.704,24.545,24.363,23.823,23.785,23.793,23.777,23.793,23.716,23.709,23.709,23.671,23.663,23.64,23.617,23.594,23.586,23.571,23.564,23.571,23.586,23.586,23.579,23.548,23.533,23.518,23.51,23.487,23.51,23.518,23.502,23.479,23.472,23.449,23.441,23.456,23.449,23.456,23.456,23.449,23.426,23.403,23.403,23.38,23.372,23.372,23.364,23.357,23.349,23.334,23.319,23.319,23.326,23.296,23.28,23.272,23.265,23.249,23.234,23.226,23.242,23.219,23.226,23.219,23.211,23.234,23.211,23.219,23.188,23.165,23.188,23.188,23.157,23.18,23.142,23.127,23.165,23.157,23.18,23.165,23.157,23.15,23.142,23.165,23.142,23.088,23.119,23.111,23.096,23.088,23.081,23.081,23.058,23.058,23.05,23.05,23.05,23.05,23.058,23.034,23.027,23.011,23.004,22.981,22.988,22.973,22.973,22.981,22.934,22.942,22.95,22.919,22.911,22.896,22.888,22.873,22.873,22.858,22.865,22.881,22.888,22.865,22.858,22.858,22.811,22.827,22.804,22.811,22.819,22.796,22.842,22.811,22.796,22.811,22.78,22.773,22.75,22.734,22.727,22.711,22.688,22.703,22.68,22.711,22.665,22.665,22.634,22.649,22.673,22.665,22.619,22.657,22.642,22.642,22.642,22.626,22.603,22.611,22.603,22.595,22.595,22.588,22.588,22.595,22.564,22.595,22.588,22.588,22.595,22.58,22.588,22.564,22.564,22.564,22.564,22.549,22.526,22.534,22.549,22.518,22.518,22.51,22.495,22.503,22.51,22.464,22.472,22.441,22.425,22.441,22.425,22.456,22.518,22.441,22.456,22.441,22.433,22.449,22.464,22.464,22.464,22.433,22.425,22.464,22.441,22.425,22.495,22.441,22.456,22.472,22.464
,22.216,22.209,22.224,22.232,22.24,22.255,22.247,22.232,22.24,22.255,22.216,22.224,22.232,22.247,22.271,22.271,22.278,22.286,22.278,22.286,22.294,22.286,22.302,22.309,22.317,22.325,22.317,22.294,22.294,22.286,22.278,22.286,22.271,22.286,22.294,22.302,22.332,22.325,22.332,22.325,22.317,22.309,22.309,22.302,22.332,22.294,22.294,22.317,22.325,22.356,22.325,22.356,22.356,22.348,22.348,22.41,22.387,22.402,22.394,22.387,22.363,22.356,22.379,22.379,22.379,22.379,22.394,22.394,22.402,22.379,22.402,22.394,22.394,22.387,22.387,22.379,22.371,22.371,22.379,22.394,22.402,22.418,22.41,22.418,22.418,22.41,22.402,22.433,22.402,22.433,22.449,22.456,22.464,22.456,22.487,22.449,22.456,22.441,22.441,22.449,22.441,22.418,22.441,22.456,22.464,22.479,22.487,22.495,22.503,22.503,22.51,22.51,22.51,22.526,22.534,22.541,22.572,22.564,22.588,22.595,22.572,22.58,22.564,22.572,22.595,22.588,22.603,22.634,22.642,22.634,22.657,22.649,22.649,22.642,22.68,22.688,22.696,22.703,22.696,22.696,22.688,22.696,22.696,22.703,22.711,22.719,22.742,22.75,22.773,22.773,22.788,22.788,22.78,22.788,22.788,22.819,22.834,22.842,22.85,22.85,22.865,22.873,22.904,22.904,22.942,22.95,22.95,22.981,22.973,22.981,22.988,23.011,23.019,23.027,23.058,23.081,23.073,23.081,23.073,23.073,23.081,23.111,23.142,23.119,23.104,23.134,23.05,22.811,22.68,22.75,22.804,22.834,23.011,23.081,23.111,23.433,23.456,23.594,23.625,23.907,24.128,24.242,24.303,24.401,24.394,24.47,24.583,24.651,24.78,24.886,24.984,25.165,25.195,25.315,25.458,25.503,25.653,25.84,25.892,26.042,26.191,26.198,26.28,26.37,26.34,26.124,25.232,25.292,25.42,25.48,25.818,25.945,26.251,26.771,27.06,27.296,27.657,27.914,28.199,28.389,28.47,28.681,28.936,29.073,28.819,28.002,28.141,28.477,29.522,33.278,34.313,34.368,34.479,34.72,34.941,35.366,35.414,35.81,36.049,36.138,36.192,36.206,36.185,36.131,36.11,36.124,36.117,36.192,36.206,36.076,36.124,35.96,35.906,35.838,35.763,35.735,35.681,35.565,35.318,35.25,35.263,35.27,35.366,35.578,35.776,35.756,35.967,36.069,36.253,36.24,36.253,36.233,36.192,36.076,36.042,35.995,35.913,35.797,35.776,35.551,35.482,35.291,35.243,35.174,35.092,35.009,34.899,34.817,34.796,34.782,34.782,34.769,34.72,34.7,34.693,34.693,34.672,34.645,34.624,34.582,34.562,34.548,34.534,34.534,34.527,34.507,34.5,34.479,34.458,34.417,34.368,34.355,34.327,34.32,34.306,34.299,34.355,34.403,34.458,34.534,34.603,34.617,34.782,34.817,35.009,35.092,35.167,35.236,35.195,35.222,35.195,34.989,34.934,34.72,34.631,34.603,34.596,34.624,34.734,34.741,34.755,34.858,35.03,35.387,35.537,35.524,35.482,35.448,35.393,35.407,35.181,35.016,34.81,34.451,34.299,34.022,33.578,33.166,31.633,30.056,28.965,28.353,27.899,27.76,27.884,29.305,29.443,29.421,29.284,29.313,29.161,29.291,29.342,29.073,27.569,26.37,26.265,26.094,26.176,26.504,26.645,26.889,26.83,26.838,26.124,24.833,24.81,24.682,24.674,24.629,24.629,24.515,24.082,23.777,23.433,23.326,23.242,23.226,24.409,25.668,25.63,25.615,25.803,25.788,25.75,25.653,25.585,25.443,25.398,25.157,24.795,24.735,24.613,24.553,24.173,24.029,23.816,23.77,23.77,23.739,23.686,23.663,23.648,23.632,23.625,23.586,23.564,23.579,23.571,23.571,23.594,23.594,23.579,23.564,23.525,23.525,23.518,23.502,23.518,23.495,23.487,23.479,23.472,23.464,23.472,23.464,23.464,23.449,23.479,23.433,23.433,23.41,23.395,23.38,23.387,23.372,23.364,23.349,23.341,23.334,23.334,23.326,23.319,23.311,23.28,23.288,23.272,23.265,23.249,23.234,23.242,23.234,23.242,23.257,23.242,23.234,23.226,23.203,23.211,23.203,23.196,23.18,23.196,23.196,23.173,23.18,23.165,23.173,23.157,23.157,23.173,23.173,23.157,23.15,23.104,23.111,23.104,23.104,23.111,23.104,23.088,23.073,23.073,23.065,23.058,23.05,23.058,23.058,23.065,23.05,23.042,23.019,23.011,23.004,22.965,22.988,22.973,22.958,22.958,22.95,22.927,22.904,22.904,22.896,22.881,22.865,22.865,22.865,22.842,22.888,22.881,22.834,22.827,22.827,22.827,22.827,22.804,22.827,22.804,22.788,22.796,22.804,22.773,22.804,22.773,22.742,22.742,22.711,22.719,22.711,22.711,22.688,22.657,22.634,22.665,22.673,22.673,22.673,22.657,22.673,22.626,22.626,22.649,22.619,22.634,22.634,22.619,22.595,22.595,22.611,22.603,22.611,22.603,22.572,22.603,22.603,22.603,22.595,22.588,22.572,22.564,22.58,22.572,22.541,22.549,22.557,22.541,22.541,22.526,22.51,22.518,22.51,22.495,22.503,22.487,22.456,22.441,22.425,22.464,22.433,22.472,22.479,22.449,22.464,22.433,22.449,22.441,22.441,22.441,22.441,22.425,22.449,22.41,22.425,22.449,22.456,22.495,22.487,22.503,22.526
,22.224,22.224,22.24,22.24,22.247,22.232,22.247,22.232,22.247,22.247,22.224,22.216,22.216,22.232,22.255,22.271,22.278,22.286,22.271,22.286,22.286,22.278,22.302,22.317,22.325,22.332,22.302,22.309,22.278,22.309,22.286,22.294,22.286,22.278,22.309,22.302,22.309,22.325,22.317,22.317,22.309,22.309,22.302,22.294,22.309,22.294,22.302,22.317,22.309,22.34,22.363,22.356,22.348,22.356,22.356,22.371,22.387,22.41,22.394,22.387,22.387,22.379,22.363,22.371,22.379,22.387,22.379,22.41,22.402,22.394,22.379,22.394,22.402,22.371,22.348,22.348,22.363,22.356,22.363,22.379,22.394,22.418,22.418,22.41,22.418,22.418,22.41,22.418,22.425,22.433,22.441,22.441,22.449,22.449,22.456,22.425,22.441,22.433,22.433,22.449,22.449,22.441,22.441,22.464,22.456,22.487,22.487,22.495,22.503,22.51,22.51,22.526,22.518,22.518,22.541,22.557,22.572,22.572,22.588,22.58,22.58,22.588,22.58,22.564,22.564,22.595,22.611,22.611,22.626,22.634,22.626,22.634,22.642,22.649,22.673,22.696,22.696,22.711,22.703,22.696,22.696,22.696,22.696,22.719,22.711,22.734,22.742,22.742,22.773,22.788,22.788,22.78,22.796,22.796,22.811,22.827,22.827,22.842,22.85,22.873,22.858,22.858,22.904,22.881,22.919,22.942,22.965,22.973,22.988,22.981,22.988,22.996,23.019,23.034,23.073,23.073,23.073,23.081,23.081,23.088,23.111,23.111,23.127,23.119,23.034,23.065,22.757,22.711,22.703,22.773,22.85,22.934,23.073,23.334,23.288,23.403,23.502,23.564,23.693,23.854,24.181,24.196,24.265,24.394,24.515,24.515,24.568,24.697,24.84,25.082,25.127,25.119,25.217,25.39,25.57,25.585,25.81,25.877,26.019,26.124,26.273,26.362,26.466,26.385,26.392,26.414,25.232,25.345,25.39,25.39,25.81,25.84,26.221,26.667,27.03,27.333,27.465,27.884,28.251,28.426,28.477,28.805,29.11,29.132,28.848,27.994,28.082,28.382,29.044,32.788,34.223,34.368,34.5,34.582,34.748,34.824,35.16,35.448,35.64,35.933,36.083,36.172,36.131,36.083,35.967,35.988,36.069,36.151,36.226,36.185,36.097,36.049,35.94,35.838,35.776,35.722,35.715,35.558,35.393,35.284,35.291,35.298,35.414,35.599,35.708,35.81,35.94,36.063,36.165,36.219,36.199,36.192,36.165,36.097,36.042,35.947,35.906,35.804,35.756,35.482,35.318,35.256,35.181,35.119,35.112,35.023,34.886,34.824,34.803,34.775,34.775,34.741,34.727,34.72,34.707,34.713,34.72,34.686,34.638,34.596,34.541,34.534,34.513,34.52,34.507,34.513,34.493,34.5,34.465,34.458,34.438,34.368,34.348,34.285,34.334,34.341,34.355,34.424,34.465,34.486,34.562,34.534,34.638,34.858,34.865,35.099,35.126,35.174,35.195,35.215,35.154,35.044,34.961,34.817,34.631,34.61,34.707,34.762,34.741,34.775,34.824,35.105,35.352,35.489,35.544,35.51,35.517,35.565,35.524,35.215,35.154,34.934,34.741,34.631,34.189,33.897,33.661,33.131,31.894,30.099,29.001,28.126,27.884,27.855,27.84,28.346,29.768,29.696,29.428,29.558,29.472,29.421,29.428,29.226,27.495,26.228,26.101,26.027,26.079,26.146,26.295,26.474,26.637,26.385,25.713,24.855,24.81,24.742,24.727,24.719,24.682,24.591,24.158,23.77,23.556,23.326,23.265,23.249,24.394,25.645,25.81,25.847,25.937,26.064,26.049,26.027,25.9,25.855,25.555,25.36,25.255,25.225,25.089,25.097,24.871,24.682,24.538,24.432,24.113,23.953,23.732,23.724,23.663,23.655,23.64,23.594,23.579,23.594,23.594,23.594,23.602,23.594,23.594,23.571,23.556,23.541,23.525,23.518,23.51,23.502,23.502,23.487,23.502,23.487,23.479,23.479,23.472,23.472,23.441,23.464,23.441,23.418,23.403,23.418,23.403,23.387,23.38,23.357,23.349,23.341,23.326,23.349,23.341,23.326,23.319,23.296,23.265,23.272,23.28,23.257,23.249,23.265,23.249,23.257,23.272,23.249,23.242,23.234,23.219,23.226,23.203,23.203,23.196,23.196,23.188,23.18,23.165,23.165,23.165,23.18,23.173,23.18,23.165,23.165,23.15,23.111,23.104,23.111,23.104,23.096,23.096,23.081,23.073,23.065,23.058,23.058,23.065,23.058,23.073,23.058,23.05,23.034,23.019,23.011,23.042,23.034,22.988,22.95,22.958,22.95,22.934,22.934,22.919,22.904,22.881,22.888,22.881,22.873,22.881,22.858,22.881,22.865,22.858,22.85,22.827,22.834,22.842,22.834,22.796,22.788,22.773,22.788,22.796,22.78,22.765,22.75,22.727,22.696,22.703,22.703,22.711,22.711,22.68,22.634,22.657,22.657,22.634,22.649,22.642,22.603,22.649,22.634,22.634,22.642,22.626,22.611,22.619,22.611,22.611,22.619,22.603,22.595,22.603,22.603,22.611,22.603,22.595,22.603,22.595,22.588,22.564,22.572,22.564,22.557,22.541,22.549,22.549,22.564,22.51,22.526,22.518,22.503,22.487,22.503,22.449,22.441,22.425,22.433,22.41,22.387,22.449,22.425,22.449,22.433,22.425,22.425,22.433,22.441,22.441,22.425,22.441,22.441,22.425,22.441,22.479,22.449,22.402,22.487,22.464,22.51
,22.24,22.209,22.232,22.232,22.24,22.247,22.24,22.232,22.193,22.247,22.216,22.216,22.209,22.224,22.247,22.255,22.302,22.294,22.278,22.294,22.271,22.286,22.278,22.302,22.317,22.325,22.309,22.302,22.302,22.286,22.317,22.302,22.286,22.286,22.286,22.294,22.309,22.309,22.317,22.317,22.309,22.317,22.302,22.302,22.309,22.286,22.309,22.302,22.294,22.325,22.34,22.34,22.348,22.332,22.356,22.387,22.363,22.371,22.379,22.371,22.371,22.371,22.363,22.371,22.371,22.371,22.394,22.402,22.402,22.41,22.41,22.356,22.379,22.356,22.363,22.348,22.348,22.363,22.363,22.363,22.379,22.394,22.402,22.418,22.418,22.394,22.41,22.402,22.402,22.433,22.441,22.441,22.441,22.433,22.433,22.441,22.441,22.441,22.433,22.441,22.449,22.472,22.456,22.464,22.472,22.487,22.51,22.518,22.534,22.534,22.526,22.526,22.534,22.541,22.526,22.549,22.564,22.564,22.58,22.58,22.572,22.572,22.564,22.58,22.611,22.611,22.611,22.611,22.611,22.634,22.642,22.665,22.649,22.657,22.665,22.688,22.703,22.719,22.711,22.711,22.719,22.696,22.719,22.727,22.719,22.734,22.75,22.757,22.765,22.773,22.78,22.78,22.788,22.804,22.811,22.819,22.827,22.834,22.842,22.858,22.842,22.865,22.865,22.865,22.927,22.958,22.958,22.988,22.988,22.996,22.996,23.004,23.019,23.058,23.058,23.065,23.081,23.081,23.081,23.088,23.104,23.104,23.119,23.096,23.119,22.973,22.742,22.703,22.819,22.811,22.904,23.042,23.242,23.41,23.387,23.441,23.579,23.617,23.838,23.998,24.067,24.272,24.341,24.424,24.523,24.621,24.704,24.75,24.938,25.104,25.172,25.315,25.36,25.503,25.623,25.855,25.975,26.057,26.154,26.258,26.355,26.533,26.452,26.548,26.526,26.459,25.292,25.323,25.368,25.495,25.788,25.81,26.273,26.593,27.023,27.163,27.355,27.767,28.082,28.411,28.55,28.965,29.146,29.153,28.972,28.55,28.484,28.47,29.139,31.725,33.953,34.424,34.368,34.645,34.713,34.748,34.947,35.25,35.455,35.838,36.117,36.117,36.144,36.069,35.954,35.858,35.817,35.892,36.11,36.178,36.253,36.212,36.056,35.981,35.776,35.804,35.715,35.633,35.578,35.38,35.311,35.318,35.428,35.524,35.653,35.783,35.886,35.96,36.172,36.069,36.158,36.151,36.097,36.056,36.063,35.954,35.92,35.688,35.667,35.407,35.298,35.27,35.16,35.105,35.009,34.961,34.906,34.844,34.817,34.796,34.789,34.748,34.727,34.741,34.734,34.755,34.727,34.72,34.707,34.582,34.569,34.541,34.534,34.534,34.527,34.52,34.507,34.507,34.534,34.52,34.52,34.465,34.444,34.403,34.396,34.417,34.424,34.424,34.458,34.479,34.513,34.52,34.61,34.707,34.851,35.071,35.147,35.202,35.222,35.263,35.284,35.133,34.968,34.782,34.651,34.686,34.803,34.782,34.837,34.954,34.961,35.352,35.428,35.476,35.51,35.558,35.592,35.619,35.524,35.243,35.016,34.865,34.7,34.486,34.119,33.87,33.522,33.229,31.746,30.127,29.037,28.119,27.87,27.818,27.818,27.826,29.465,29.789,29.688,29.71,29.688,29.667,29.652,28.972,26.563,26.101,26.042,25.997,25.989,25.997,26.109,26.399,26.459,26.198,25.42,24.916,24.901,24.871,24.795,24.893,24.719,24.659,24.128,23.816,23.556,23.403,23.296,23.28,24.507,25.728,25.885,25.96,25.997,26.146,26.213,26.236,26.154,26.042,26.116,25.69,25.495,25.292,25.323,25.119,25.082,24.954,24.886,24.621,24.659,24.401,24.447,24.196,23.762,23.671,23.716,23.625,23.655,23.579,23.602,23.625,23.625,23.609,23.602,23.586,23.564,23.548,23.533,23.518,23.518,23.502,23.487,23.51,23.495,23.495,23.479,23.479,23.487,23.479,23.487,23.464,23.449,23.433,23.41,23.41,23.41,23.387,23.364,23.372,23.364,23.326,23.387,23.357,23.319,23.334,23.326,23.311,23.319,23.303,23.28,23.28,23.372,23.265,23.257,23.265,23.265,23.257,23.242,23.226,23.219,23.219,23.219,23.226,23.219,23.203,23.188,23.18,23.18,23.173,23.18,23.196,23.188,23.196,23.188,23.18,23.157,23.142,23.173,23.127,23.111,23.111,23.104,23.081,23.081,23.081,23.065,23.073,23.081,23.081,23.096,23.073,23.073,23.042,23.05,23.042,23.011,23.004,22.965,22.973,22.942,22.965,22.942,22.95,22.934,22.919,22.881,22.888,22.896,22.881,22.896,22.873,22.85,22.85,22.827,22.85,22.834,22.827,22.827,22.819,22.788,22.78,22.773,22.78,22.788,22.788,22.773,22.742,22.711,22.711,22.711,22.727,22.734,22.703,22.703,22.665,22.642,22.649,22.642,22.673,22.626,22.611,22.634,22.634,22.634,22.619,22.619,22.626,22.603,22.619,22.626,22.626,22.611,22.611,22.603,22.603,22.611,22.603,22.603,22.588,22.58,22.588,22.58,22.564,22.564,22.549,22.58,22.541,22.564,22.518,22.534,22.518,22.503,22.503,22.495,22.472,22.449,22.464,22.464,22.41,22.449,22.418,22.495,22.433,22.433,22.433,22.425,22.433,22.433,22.441,22.441,22.441,22.441,22.464,22.418,22.449,22.464,22.479,22.487,22.495,22.487,22.503
,22.201,22.209,22.271,22.247,22.247,22.24,22.24,22.24,22.232,22.216,22.216,22.216,22.216,22.232,22.247,22.255,22.271,22.278,22.286,22.278,22.286,22.271,22.278,22.309,22.325,22.325,22.34,22.286,22.302,22.294,22.317,22.271,22.271,22.278,22.278,22.294,22.302,22.302,22.309,22.309,22.309,22.309,22.317,22.309,22.302,22.286,22.278,22.294,22.294,22.317,22.325,22.332,22.356,22.34,22.325,22.363,22.348,22.371,22.379,22.363,22.371,22.356,22.356,22.356,22.363,22.394,22.387,22.41,22.394,22.402,22.379,22.379,22.371,22.363,22.356,22.363,22.356,22.34,22.356,22.34,22.371,22.394,22.387,22.418,22.425,22.41,22.41,22.41,22.41,22.425,22.425,22.433,22.425,22.449,22.441,22.441,22.449,22.441,22.433,22.449,22.433,22.433,22.472,22.479,22.503,22.503,22.495,22.541,22.526,22.541,22.549,22.526,22.534,22.549,22.541,22.557,22.564,22.557,22.564,22.564,22.572,22.58,22.572,22.572,22.58,22.595,22.619,22.619,22.626,22.626,22.634,22.634,22.649,22.649,22.68,22.688,22.703,22.734,22.727,22.703,22.703,22.696,22.719,22.703,22.703,22.742,22.734,22.734,22.742,22.765,22.765,22.773,22.773,22.78,22.796,22.811,22.834,22.842,22.85,22.85,22.85,22.858,22.873,22.896,22.904,22.958,22.973,22.988,22.988,22.996,23.004,22.988,23.004,23.034,23.058,23.073,23.073,23.073,23.081,23.088,23.088,23.104,23.096,23.073,23.073,22.811,22.765,22.757,22.804,22.865,22.996,23.011,23.173,23.372,23.441,23.556,23.724,23.884,23.884,24.029,24.135,24.325,24.379,24.485,24.636,24.719,24.787,24.818,24.969,25.187,25.232,25.405,25.495,25.593,25.825,25.915,25.982,26.198,26.273,26.362,26.518,26.578,26.645,26.637,26.622,25.989,25.21,25.315,25.39,25.533,25.713,25.81,26.273,26.399,26.949,27.097,27.377,27.649,27.972,28.375,28.623,29.044,29.124,29.168,29.182,29.269,29.342,29.457,29.515,31.555,33.772,34.424,34.541,34.534,34.686,34.727,34.817,35.037,35.373,35.722,36.049,36.185,36.124,36.076,35.967,35.838,35.722,35.824,35.865,35.933,36.199,36.26,36.199,36.083,35.933,35.824,35.756,35.742,35.606,35.4,35.428,35.339,35.4,35.496,35.64,35.742,35.886,35.886,36.063,36.151,36.117,36.09,36.09,36.015,36.008,35.947,35.865,35.735,35.578,35.346,35.256,35.181,35.154,35.078,35.016,34.989,34.892,34.879,34.851,34.81,34.796,34.769,34.748,34.748,34.769,34.769,34.782,34.762,34.679,34.638,34.555,34.548,34.541,34.527,34.527,34.513,34.534,34.541,34.562,34.61,34.596,34.548,34.479,34.444,34.438,34.431,34.41,34.444,34.451,34.486,34.493,34.513,34.562,34.658,34.858,35.16,35.222,35.229,35.284,35.325,35.243,35.112,35.023,34.892,34.844,34.927,34.899,34.982,35.071,35.14,35.284,35.393,35.441,35.469,35.455,35.524,35.565,35.558,35.215,35.037,34.844,34.741,34.548,34.285,34.057,33.946,33.411,33.187,31.824,30.142,29.059,28.038,27.855,27.811,27.76,27.76,28.36,29.804,29.782,29.732,29.638,29.667,29.544,28.739,26.489,26.072,25.922,26.004,25.945,25.982,26.019,26.198,26.198,26.034,25.232,25.036,24.908,24.984,24.976,24.893,24.697,24.598,24.135,23.861,23.724,23.349,23.319,23.334,24.727,25.525,25.69,25.84,26.183,26.31,26.392,26.377,26.414,26.429,26.183,26.072,25.9,25.728,25.683,25.593,25.428,25.24,25.18,25.059,24.818,24.644,24.803,24.485,24.462,24.28,23.838,23.808,23.755,23.686,23.678,23.648,23.632,23.617,23.617,23.602,23.579,23.564,23.533,23.525,23.502,23.51,23.502,23.525,23.487,23.495,23.495,23.487,23.502,23.495,23.502,23.479,23.456,23.441,23.426,23.418,23.395,23.395,23.395,23.38,23.38,23.372,23.357,23.349,23.357,23.349,23.357,23.341,23.326,23.296,23.303,23.288,23.319,23.28,23.272,23.272,23.265,23.257,23.249,23.219,23.226,23.219,23.219,23.234,23.226,23.211,23.211,23.188,23.18,23.173,23.18,23.188,23.203,23.196,23.188,23.173,23.15,23.157,23.134,23.134,23.142,23.134,23.127,23.111,23.104,23.104,23.096,23.081,23.073,23.081,23.081,23.073,23.065,23.05,23.05,23.034,23.027,22.988,22.988,22.973,22.988,22.95,22.95,22.911,22.911,22.904,22.896,22.896,22.881,22.881,22.873,22.827,22.85,22.842,22.819,22.827,22.819,22.834,22.85,22.804,22.804,22.773,22.765,22.773,22.78,22.788,22.742,22.719,22.727,22.719,22.727,22.727,22.719,22.703,22.696,22.657,22.657,22.657,22.657,22.657,22.649,22.626,22.626,22.619,22.626,22.619,22.603,22.619,22.619,22.603,22.619,22.603,22.611,22.603,22.611,22.626,22.595,22.603,22.603,22.58,22.58,22.564,22.588,22.58,22.572,22.58,22.564,22.549,22.526,22.541,22.518,22.541,22.503,22.503,22.456,22.472,22.433,22.441,22.418,22.418,22.441,22.387,22.464,22.402,22.449,22.41,22.425,22.433,22.449,22.433,22.433,22.433,22.472,22.441,22.464,22.456,22.456,22.464,22.449,22.51,22.51,22.526
,22.193,22.24,22.271,22.255,22.255,22.247,22.24,22.216,22.232,22.224,22.209,22.209,22.216,22.209,22.247,22.263,22.278,22.247,22.255,22.278,22.286,22.278,22.271,22.325,22.302,22.317,22.325,22.309,22.294,22.286,22.271,22.302,22.278,22.294,22.278,22.286,22.286,22.294,22.294,22.309,22.317,22.325,22.302,22.302,22.294,22.278,22.278,22.302,22.309,22.309,22.325,22.34,22.332,22.325,22.317,22.325,22.348,22.348,22.363,22.356,22.356,22.356,22.356,22.363,22.363,22.371,22.379,22.441,22.418,22.371,22.425,22.402,22.387,22.363,22.356,22.356,22.356,22.348,22.34,22.34,22.356,22.371,22.41,22.41,22.418,22.418,22.402,22.41,22.425,22.433,22.418,22.425,22.433,22.441,22.449,22.433,22.449,22.441,22.449,22.441,22.449,22.456,22.479,22.495,22.503,22.518,22.549,22.557,22.557,22.534,22.541,22.541,22.541,22.549,22.541,22.541,22.541,22.541,22.541,22.557,22.549,22.58,22.58,22.58,22.611,22.58,22.595,22.603,22.588,22.611,22.634,22.642,22.649,22.665,22.665,22.665,22.696,22.719,22.711,22.711,22.703,22.703,22.703,22.719,22.742,22.719,22.742,22.742,22.75,22.757,22.757,22.78,22.78,22.78,22.804,22.811,22.842,22.842,22.85,22.85,22.85,22.858,22.85,22.881,22.919,22.95,22.958,22.981,22.988,22.988,22.988,23.004,23.019,23.058,23.073,23.073,23.081,23.073,23.081,23.081,23.096,23.088,23.088,23.034,22.927,22.796,22.75,22.865,22.842,22.927,23.004,23.111,23.288,23.357,23.579,23.724,23.671,23.945,24.037,24.181,24.189,24.379,24.5,24.666,24.75,24.878,24.84,24.961,25.089,25.27,25.413,25.48,25.63,25.75,25.877,26.079,26.087,26.273,26.437,26.489,26.6,26.674,26.704,26.637,26.63,25.518,25.119,25.21,25.277,25.503,25.773,25.832,26.228,26.541,26.83,27.178,27.384,27.657,28.104,28.404,28.594,29.095,29.161,29.342,29.37,29.428,29.84,29.912,30.4,31.406,33.675,34.189,34.465,34.61,34.665,34.734,34.769,34.844,35.009,35.565,36.035,36.185,36.219,36.212,36.09,35.906,35.729,35.722,35.77,35.79,35.981,36.117,36.151,36.117,35.906,35.845,35.804,35.763,35.729,35.619,35.435,35.359,35.435,35.571,35.715,35.749,35.831,35.865,36.035,36.008,36.076,36.056,36.063,36.035,35.967,35.886,35.851,35.708,35.496,35.387,35.291,35.256,35.16,35.085,35.03,34.961,34.947,34.899,34.872,34.872,34.831,34.796,34.782,34.789,34.789,34.789,34.782,34.769,34.727,34.631,34.617,34.541,34.548,34.548,34.576,34.548,34.589,34.617,34.658,34.624,34.665,34.582,34.507,34.431,34.507,34.486,34.465,34.451,34.451,34.465,34.472,34.493,34.603,34.651,34.803,35.105,35.208,35.263,35.325,35.277,35.16,35.078,35.064,35.051,35.002,35.105,35.085,35.277,35.346,35.304,35.366,35.4,35.414,35.414,35.428,35.448,35.387,35.263,35.057,34.837,34.727,34.603,34.389,34.244,33.967,33.633,33.208,33.068,31.746,30.127,29.015,28.009,27.84,27.796,27.745,27.671,27.774,29.551,29.804,29.775,29.739,29.667,29.616,28.717,26.385,25.765,25.87,25.937,25.847,25.922,25.922,26.079,26.139,25.989,25.232,25.165,25.18,24.991,25.134,24.878,24.697,24.28,24.09,23.823,23.586,23.38,23.319,23.341,24.5,25.232,25.458,25.653,25.825,26.273,26.355,26.429,26.474,26.504,26.422,26.28,26.183,26.094,25.795,25.668,25.473,25.345,25.413,25.3,25.082,24.999,24.848,24.659,24.598,24.644,24.379,24.28,23.854,23.8,23.747,23.724,23.648,23.671,23.609,23.602,23.586,23.571,23.548,23.548,23.533,23.525,23.533,23.541,23.487,23.51,23.464,23.487,23.502,23.51,23.495,23.487,23.449,23.441,23.433,23.433,23.433,23.403,23.41,23.395,23.38,23.403,23.372,23.38,23.349,23.38,23.357,23.341,23.349,23.326,23.296,23.319,23.311,23.296,23.288,23.311,23.28,23.272,23.257,23.234,23.211,23.234,23.219,23.234,23.226,23.226,23.226,23.203,23.196,23.188,23.196,23.203,23.211,23.211,23.188,23.188,23.188,23.173,23.188,23.15,23.157,23.15,23.127,23.111,23.081,23.088,23.096,23.088,23.104,23.088,23.088,23.073,23.073,23.058,23.05,23.042,23.027,23.004,22.988,22.958,22.973,22.942,22.942,22.942,22.904,22.911,22.911,22.896,22.904,22.865,22.881,22.827,22.85,22.834,22.819,22.819,22.834,22.842,22.842,22.827,22.804,22.765,22.773,22.788,22.773,22.773,22.742,22.742,22.727,22.727,22.727,22.727,22.719,22.696,22.688,22.649,22.657,22.657,22.642,22.657,22.634,22.634,22.619,22.626,22.611,22.619,22.619,22.603,22.603,22.603,22.603,22.603,22.595,22.572,22.58,22.611,22.603,22.619,22.595,22.564,22.572,22.549,22.572,22.58,22.572,22.549,22.564,22.534,22.51,22.549,22.487,22.495,22.464,22.449,22.472,22.449,22.394,22.433,22.425,22.41,22.441,22.41,22.449,22.402,22.449,22.402,22.41,22.449,22.433,22.449,22.441,22.433,22.433,22.449,22.433,22.433,22.441,22.456,22.464,22.472,22.495,22.472
,22.17,22.247,22.193,22.247,22.263,22.255,22.232,22.216,22.216,22.17,22.209,22.201,22.209,22.209,22.224,22.232,22.255,22.255,22.286,22.286,22.278,22.255,22.271,22.278,22.309,22.317,22.286,22.294,22.286,22.286,22.294,22.286,22.286,22.278,22.271,22.278,22.286,22.294,22.302,22.302,22.317,22.302,22.309,22.278,22.271,22.263,22.278,22.278,22.294,22.309,22.302,22.317,22.309,22.309,22.309,22.309,22.348,22.332,22.348,22.348,22.348,22.356,22.363,22.356,22.363,22.363,22.363,22.379,22.379,22.402,22.379,22.379,22.379,22.363,22.363,22.356,22.356,22.348,22.348,22.348,22.34,22.371,22.402,22.402,22.41,22.41,22.418,22.402,22.363,22.402,22.41,22.425,22.425,22.441,22.456,22.464,22.456,22.456,22.456,22.449,22.464,22.464,22.479,22.487,22.503,22.518,22.549,22.541,22.549,22.557,22.541,22.541,22.549,22.541,22.541,22.541,22.541,22.526,22.541,22.549,22.564,22.572,22.572,22.58,22.588,22.595,22.603,22.588,22.595,22.588,22.611,22.649,22.657,22.665,22.665,22.665,22.68,22.719,22.703,22.711,22.696,22.703,22.696,22.711,22.719,22.711,22.696,22.742,22.742,22.75,22.765,22.804,22.788,22.78,22.804,22.811,22.834,22.858,22.858,22.85,22.858,22.858,22.873,22.896,22.927,22.95,22.965,22.981,22.981,22.988,22.988,22.981,23.019,23.027,23.065,23.073,23.073,23.073,23.073,23.088,23.065,23.081,23.058,22.927,22.865,22.804,22.819,22.881,22.873,22.981,23.165,23.219,23.311,23.586,23.632,23.838,23.823,23.938,24.097,24.181,24.341,24.447,24.515,24.727,24.878,24.923,24.954,25.112,25.195,25.428,25.548,25.593,25.66,25.9,26.057,26.191,26.198,26.429,26.578,26.622,26.697,26.704,26.704,26.697,26.206,25.097,25.036,25.052,25.134,25.48,25.765,25.825,26.221,26.466,26.719,27.089,27.384,27.605,27.826,28.433,28.943,29.284,29.522,29.551,29.717,29.811,30.156,30.486,30.736,31.299,33.229,34.112,34.403,34.61,34.645,34.686,34.782,34.803,34.892,34.975,35.776,35.995,36.199,36.212,36.178,36.056,35.838,35.749,35.749,35.831,35.804,35.92,36.056,36.097,36.001,35.851,35.851,35.804,35.763,35.674,35.476,35.393,35.4,35.537,35.667,35.715,35.797,35.858,35.926,36.001,35.981,36.022,36.001,35.96,35.838,35.831,35.804,35.722,35.653,35.414,35.332,35.25,35.188,35.099,35.023,34.989,34.975,34.947,34.927,34.886,34.858,34.865,34.803,34.824,34.81,34.837,34.81,34.803,34.755,34.679,34.596,34.576,34.61,34.617,34.631,34.686,34.617,34.672,34.693,34.679,34.638,34.617,34.527,34.486,34.569,34.52,34.486,34.493,34.507,34.472,34.472,34.493,34.693,34.782,35.167,35.256,35.284,35.284,35.352,35.167,35.099,35.044,35.051,35.16,35.263,35.428,35.373,35.359,35.359,35.366,35.38,35.4,35.414,35.414,35.38,35.332,35.304,35.112,34.961,34.762,34.631,34.382,34.237,34.182,33.891,33.696,33.501,32.998,31.562,30.127,28.986,27.965,27.848,27.804,27.73,27.627,27.576,28.367,29.775,29.732,29.724,29.688,29.587,28.725,26.288,25.765,25.705,25.765,25.75,25.877,25.93,26.049,25.997,25.982,25.78,25.473,25.338,25.217,25.112,24.833,24.416,24.181,23.976,23.777,23.502,23.372,23.296,23.326,24.432,25.202,25.292,25.345,25.413,25.989,26.318,26.429,26.548,26.563,26.563,26.347,26.347,26.183,26.139,25.952,25.735,25.495,25.405,25.368,25.24,25.059,24.901,24.878,24.674,24.697,24.674,24.401,24.477,24.067,24.067,23.785,23.755,23.747,23.625,23.625,23.625,23.579,23.571,23.556,23.548,23.548,23.533,23.533,23.518,23.495,23.51,23.495,23.51,23.525,23.518,23.51,23.464,23.449,23.441,23.441,23.426,23.418,23.403,23.395,23.395,23.38,23.372,23.372,23.357,23.357,23.357,23.357,23.364,23.334,23.303,23.296,23.303,23.288,23.303,23.288,23.272,23.257,23.272,23.265,23.219,23.257,23.219,23.226,23.242,23.242,23.211,23.203,23.196,23.219,23.203,23.211,23.196,23.211,23.211,23.211,23.188,23.173,23.173,23.18,23.165,23.15,23.142,23.142,23.119,23.111,23.088,23.081,23.096,23.081,23.088,23.073,23.081,23.058,23.058,23.034,23.004,23.004,22.973,22.958,22.942,22.996,22.958,22.904,22.919,22.904,22.904,22.904,22.904,22.888,22.865,22.873,22.827,22.834,22.811,22.819,22.827,22.827,22.804,22.788,22.788,22.796,22.773,22.796,22.765,22.773,22.711,22.719,22.734,22.727,22.727,22.727,22.703,22.688,22.68,22.642,22.665,22.673,22.657,22.68,22.657,22.642,22.642,22.619,22.603,22.603,22.603,22.603,22.588,22.58,22.603,22.595,22.603,22.603,22.557,22.626,22.549,22.603,22.595,22.58,22.557,22.518,22.549,22.572,22.549,22.557,22.557,22.541,22.51,22.526,22.487,22.495,22.464,22.479,22.464,22.456,22.425,22.418,22.441,22.425,22.449,22.425,22.418,22.394,22.441,22.433,22.425,22.449,22.441,22.441,22.433,22.433,22.441,22.418,22.418,22.425,22.449,22.472,22.472,22.464,22.425,22.449
,22.193,22.255,22.263,22.24,22.24,22.232,22.232,22.232,22.209,22.201,22.193,22.201,22.201,22.216,22.232,22.255,22.255,22.255,22.263,22.271,22.271,22.302,22.278,22.309,22.286,22.286,22.302,22.294,22.286,22.286,22.278,22.286,22.286,22.278,22.278,22.278,22.278,22.286,22.302,22.302,22.317,22.309,22.309,22.286,22.263,22.286,22.271,22.294,22.309,22.302,22.34,22.294,22.317,22.317,22.317,22.309,22.332,22.34,22.34,22.348,22.332,22.356,22.363,22.356,22.363,22.371,22.363,22.363,22.379,22.387,22.363,22.363,22.371,22.379,22.379,22.371,22.348,22.348,22.34,22.34,22.356,22.371,22.402,22.41,22.41,22.402,22.41,22.41,22.402,22.41,22.418,22.425,22.425,22.441,22.425,22.464,22.456,22.456,22.456,22.464,22.472,22.487,22.503,22.487,22.503,22.51,22.526,22.549,22.541,22.541,22.518,22.526,22.549,22.534,22.541,22.541,22.534,22.526,22.526,22.549,22.557,22.557,22.572,22.58,22.588,22.58,22.58,22.588,22.58,22.603,22.611,22.649,22.657,22.665,22.673,22.688,22.703,22.688,22.696,22.696,22.68,22.696,22.703,22.703,22.711,22.719,22.711,22.757,22.773,22.773,22.773,22.788,22.773,22.78,22.804,22.804,22.834,22.85,22.865,22.858,22.865,22.873,22.881,22.896,22.927,22.927,22.965,22.973,22.981,22.981,22.965,22.981,23.019,23.042,23.073,23.073,23.081,23.073,23.058,23.088,23.073,23.027,22.996,22.881,22.827,22.842,22.842,22.881,22.981,23.111,23.203,23.41,23.594,23.625,23.762,23.861,23.907,24.059,24.105,24.31,24.409,24.56,24.659,24.803,24.923,24.961,25.097,25.24,25.375,25.6,25.6,25.765,25.84,26.004,26.109,26.295,26.258,26.533,26.563,26.734,26.712,26.763,26.749,26.667,25.277,24.999,25.029,25.082,25.217,25.518,25.69,25.825,26.064,26.414,26.815,27.074,27.244,27.576,27.664,28.404,29.175,29.732,29.746,29.782,29.645,29.897,30.543,30.972,31.257,31.54,32.802,33.932,34.306,34.507,34.638,34.741,34.844,34.865,34.886,35.002,35.359,35.906,36.097,36.178,36.178,36.233,36.172,35.872,35.817,35.804,35.831,35.872,35.96,36.001,35.96,35.926,35.872,35.81,35.797,35.722,35.688,35.544,35.482,35.537,35.592,35.701,35.77,35.824,35.872,35.926,35.94,35.933,35.92,35.926,35.776,35.797,35.81,35.749,35.626,35.517,35.4,35.318,35.215,35.126,35.03,35.016,34.982,34.954,34.961,34.982,34.954,34.947,34.913,34.899,34.858,34.851,34.851,34.817,34.762,34.7,34.651,34.665,34.679,34.665,34.734,34.693,34.693,34.713,34.727,34.755,34.727,34.624,34.589,34.638,34.658,34.569,34.541,34.513,34.507,34.52,34.541,34.755,34.982,35.243,35.256,35.304,35.311,35.277,35.167,35.064,35.051,35.071,35.112,35.215,35.414,35.448,35.421,35.366,35.332,35.393,35.393,35.414,35.387,35.339,35.373,35.167,34.996,34.996,34.831,34.603,34.603,34.265,34.285,34.133,33.807,33.564,33.508,32.851,31.512,30.113,28.921,28.031,27.848,27.76,27.752,27.664,27.598,27.708,29.522,29.724,29.667,29.623,29.587,28.002,25.93,25.668,25.488,25.563,25.698,25.758,25.87,25.967,25.989,25.967,25.855,25.54,25.608,25.292,24.855,24.644,24.363,24.257,23.884,23.747,23.502,23.403,23.311,23.311,24.394,25.074,25.157,25.127,25.24,25.503,26.139,26.377,26.504,26.593,26.6,26.511,26.563,26.518,26.303,26.169,26.124,25.735,25.72,25.638,25.585,25.383,25.18,25.074,25.014,24.923,24.697,24.613,24.644,24.485,24.409,24.325,24.044,23.823,23.678,23.625,23.648,23.609,23.594,23.594,23.579,23.556,23.571,23.556,23.541,23.525,23.525,23.51,23.525,23.533,23.51,23.51,23.495,23.464,23.464,23.449,23.441,23.441,23.418,23.403,23.395,23.395,23.387,23.38,23.364,23.364,23.357,23.372,23.326,23.334,23.303,23.319,23.311,23.28,23.288,23.288,23.288,23.303,23.288,23.28,23.28,23.249,23.234,23.249,23.249,23.242,23.249,23.219,23.219,23.211,23.211,23.211,23.211,23.219,23.226,23.203,23.219,23.203,23.203,23.188,23.188,23.15,23.142,23.165,23.119,23.096,23.142,23.096,23.096,23.111,23.081,23.088,23.042,23.073,23.058,23.034,23.027,23.004,22.996,22.996,22.942,22.981,22.958,22.919,22.896,22.881,22.904,22.919,22.919,22.904,22.888,22.873,22.842,22.811,22.819,22.811,22.827,22.827,22.804,22.773,22.773,22.819,22.811,22.819,22.804,22.742,22.757,22.765,22.727,22.727,22.727,22.727,22.703,22.696,22.665,22.673,22.68,22.673,22.665,22.673,22.657,22.634,22.611,22.603,22.603,22.603,22.611,22.619,22.58,22.58,22.564,22.58,22.549,22.595,22.564,22.603,22.595,22.603,22.595,22.549,22.557,22.549,22.526,22.557,22.564,22.549,22.541,22.51,22.51,22.518,22.487,22.487,22.456,22.479,22.472,22.418,22.441,22.418,22.425,22.433,22.433,22.449,22.425,22.394,22.418,22.402,22.418,22.441,22.425,22.441,22.433,22.433,22.425,22.433,22.425,22.449,22.433,22.456,22.456,22.425,22.449,22.456
,22.178,22.224,22.24,22.24,22.224,22.224,22.232,22.209,22.193,22.193,22.193,22.193,22.193,22.201,22.201,22.224,22.24,22.247,22.255,22.271,22.255,22.255,22.271,22.278,22.294,22.286,22.247,22.271,22.271,22.286,22.286,22.286,22.294,22.286,22.271,22.278,22.271,22.294,22.302,22.317,22.302,22.302,22.302,22.286,22.286,22.294,22.309,22.294,22.294,22.317,22.332,22.332,22.302,22.294,22.302,22.309,22.317,22.325,22.34,22.34,22.34,22.363,22.371,22.371,22.371,22.356,22.332,22.348,22.371,22.379,22.356,22.379,22.379,22.379,22.348,22.402,22.356,22.348,22.348,22.348,22.348,22.363,22.371,22.402,22.387,22.394,22.402,22.402,22.425,22.402,22.41,22.425,22.449,22.449,22.441,22.449,22.449,22.433,22.449,22.464,22.487,22.495,22.495,22.503,22.503,22.51,22.518,22.526,22.534,22.534,22.51,22.526,22.534,22.541,22.541,22.549,22.526,22.526,22.541,22.557,22.541,22.572,22.572,22.564,22.58,22.572,22.58,22.572,22.58,22.603,22.634,22.642,22.657,22.673,22.657,22.688,22.688,22.68,22.696,22.703,22.703,22.711,22.711,22.719,22.727,22.734,22.757,22.765,22.765,22.78,22.773,22.773,22.773,22.78,22.796,22.804,22.819,22.834,22.842,22.865,22.865,22.865,22.873,22.888,22.911,22.95,22.95,22.973,22.973,22.981,22.988,23.004,23.019,23.058,23.065,23.073,23.081,23.065,23.073,23.081,23.058,23.065,22.911,22.858,22.85,22.842,22.896,22.911,23.019,23.058,23.311,23.426,23.671,23.732,23.884,23.976,23.991,24.151,24.272,24.409,24.507,24.598,24.84,24.908,25.112,25.127,25.277,25.308,25.533,25.66,25.735,25.862,26.064,26.146,26.221,26.34,26.466,26.593,26.674,26.719,26.756,26.763,26.8,26.518,24.991,24.961,24.976,25.157,25.292,25.608,25.683,25.713,26.019,26.608,26.66,27.06,27.34,27.539,27.752,28.316,29.305,29.652,30.02,30.235,30.529,30.693,30.865,31.264,31.427,31.661,32.718,33.981,34.23,34.5,34.7,34.741,34.831,34.858,34.892,34.975,35.126,35.38,35.96,35.906,36.029,36.206,36.199,36.24,36.117,35.988,35.926,35.892,35.92,35.954,35.906,35.981,35.94,35.824,35.79,35.729,35.66,35.551,35.524,35.578,35.626,35.66,35.708,35.804,35.81,35.845,35.858,35.858,35.845,35.79,35.783,35.735,35.756,35.722,35.585,35.517,35.469,35.339,35.215,35.119,35.044,35.03,35.009,35.009,35.009,35.009,35.023,35.002,35.009,34.927,34.92,34.913,34.851,34.892,34.824,34.817,34.693,34.713,34.762,34.734,34.872,34.851,34.837,34.803,34.837,34.837,34.824,34.789,34.769,34.755,34.762,34.679,34.617,34.658,35.112,35.071,35.147,35.25,35.332,35.236,35.284,35.256,35.277,34.961,35.009,35.051,35.064,35.105,35.291,35.435,35.407,35.441,35.346,35.373,35.393,35.414,35.455,35.448,35.373,35.332,35.27,35.044,34.968,34.782,34.658,34.672,34.451,34.23,34.133,33.918,33.766,33.613,33.243,32.557,31.271,29.457,28.659,27.95,27.84,27.862,27.767,27.642,27.664,27.671,28.44,29.595,29.616,29.58,29.479,28.031,25.877,25.54,25.48,25.525,25.63,25.728,25.922,25.93,25.937,25.922,25.862,25.713,25.473,25.195,24.81,24.47,24.333,24.082,23.877,23.716,23.479,23.357,23.311,23.303,24.371,25.036,25.067,25.074,25.074,25.338,25.518,26.027,26.34,26.563,26.615,26.652,26.697,26.63,26.578,26.399,26.243,26.109,26.019,25.675,25.81,25.743,25.353,25.277,25.195,25.112,25.082,24.735,24.742,24.629,24.56,24.523,24.379,24.234,24.303,23.724,23.632,23.648,23.655,23.625,23.602,23.594,23.571,23.571,23.571,23.571,23.548,23.502,23.525,23.525,23.525,23.502,23.487,23.479,23.464,23.472,23.456,23.456,23.433,23.41,23.403,23.395,23.387,23.387,23.38,23.357,23.387,23.334,23.319,23.341,23.326,23.288,23.326,23.303,23.296,23.288,23.296,23.303,23.311,23.296,23.265,23.249,23.249,23.242,23.234,23.234,23.249,23.226,23.226,23.234,23.226,23.234,23.211,23.211,23.219,23.226,23.219,23.226,23.211,23.226,23.173,23.15,23.18,23.157,23.134,23.104,23.088,23.088,23.096,23.065,23.081,23.034,23.081,23.081,23.05,23.058,23.034,23.027,23.011,22.981,22.981,22.965,22.95,22.904,22.911,22.919,22.911,22.911,22.934,22.904,22.896,22.881,22.827,22.819,22.819,22.842,22.788,22.804,22.788,22.78,22.804,22.804,22.78,22.78,22.788,22.78,22.757,22.719,22.742,22.727,22.734,22.719,22.75,22.688,22.673,22.665,22.688,22.688,22.688,22.673,22.657,22.634,22.634,22.595,22.611,22.603,22.595,22.611,22.58,22.626,22.572,22.557,22.595,22.534,22.557,22.549,22.619,22.619,22.595,22.564,22.572,22.518,22.549,22.557,22.534,22.557,22.557,22.526,22.534,22.495,22.487,22.464,22.456,22.441,22.433,22.464,22.441,22.441,22.433,22.456,22.433,22.418,22.425,22.402,22.418,22.425,22.41,22.441,22.425,22.433,22.425,22.441,22.418,22.402,22.41,22.379,22.449,22.433,22.441,22.433,22.449,22.449
,22.185,22.224,22.278,22.232,22.216,22.232,22.224,22.216,22.193,22.185,22.17,22.193,22.193,22.201,22.224,22.232,22.232,22.24,22.24,22.263,22.271,22.263,22.271,22.278,22.325,22.255,22.278,22.24,22.263,22.286,22.302,22.294,22.294,22.286,22.271,22.263,22.263,22.271,22.302,22.309,22.302,22.286,22.278,22.294,22.286,22.286,22.294,22.278,22.302,22.309,22.309,22.332,22.309,22.294,22.302,22.309,22.325,22.325,22.325,22.34,22.348,22.348,22.371,22.379,22.371,22.34,22.34,22.332,22.34,22.363,22.387,22.379,22.363,22.402,22.418,22.363,22.363,22.363,22.363,22.356,22.363,22.363,22.363,22.425,22.418,22.387,22.41,22.418,22.402,22.418,22.41,22.418,22.441,22.456,22.449,22.449,22.425,22.441,22.464,22.456,22.472,22.495,22.495,22.479,22.472,22.487,22.503,22.51,22.518,22.503,22.495,22.503,22.518,22.534,22.534,22.549,22.549,22.541,22.564,22.557,22.541,22.564,22.549,22.564,22.572,22.588,22.595,22.588,22.588,22.611,22.626,22.642,22.649,22.665,22.649,22.673,22.696,22.688,22.696,22.696,22.688,22.688,22.719,22.719,22.742,22.719,22.765,22.757,22.757,22.773,22.757,22.773,22.773,22.773,22.78,22.796,22.819,22.827,22.85,22.85,22.865,22.881,22.881,22.904,22.919,22.95,22.958,22.981,22.981,22.996,23.004,22.988,23.027,23.042,23.05,23.058,23.073,23.073,23.058,23.065,23.042,22.95,22.919,22.873,22.881,22.896,22.934,23.027,23.134,23.142,23.433,23.609,23.693,23.877,23.861,24.097,24.128,24.249,24.348,24.5,24.591,24.719,24.765,24.976,25.112,25.187,25.277,25.548,25.6,25.788,25.832,26.019,26.183,26.28,26.355,26.556,26.622,26.667,26.734,26.749,26.763,26.778,26.704,25.48,24.916,24.871,24.969,25.059,25.195,25.533,25.675,25.75,26.139,26.399,26.704,27.03,27.2,27.458,27.649,28.214,29.436,30.321,30.522,30.772,30.786,31.036,31.171,31.349,31.399,31.668,32.388,33.689,34.105,34.368,34.72,34.837,34.817,34.927,34.899,34.989,35.078,35.318,35.647,35.606,35.92,35.954,36.131,36.206,36.233,36.124,35.995,35.947,35.933,35.94,35.913,35.865,35.892,35.858,35.906,35.749,35.688,35.592,35.53,35.585,35.612,35.653,35.688,35.735,35.776,35.783,35.79,35.749,35.79,35.715,35.735,35.749,35.708,35.715,35.633,35.612,35.476,35.441,35.243,35.188,35.147,35.051,35.051,35.009,34.996,35.051,35.085,35.105,35.112,35.057,35.023,34.996,34.961,35.002,35.057,35.202,35.27,35.112,35.243,35.057,34.954,34.989,35.016,34.968,34.982,35.016,35.023,35.105,35.099,35.167,35.256,35.27,35.202,35.318,35.346,35.38,35.339,35.291,35.284,35.263,35.277,35.263,35.064,34.927,34.996,35.092,35.181,35.318,35.366,35.496,35.462,35.387,35.339,35.393,35.373,35.435,35.476,35.448,35.387,35.277,35.133,34.996,34.927,34.775,34.693,34.624,34.507,34.382,34.133,33.925,33.71,33.536,33.082,32.142,30.708,29.327,28.586,27.943,27.884,27.804,27.767,27.73,27.686,27.664,27.664,29.479,29.623,29.501,29.385,27.377,25.825,25.623,25.503,25.533,25.51,25.66,25.773,25.84,25.847,25.847,25.713,25.36,25.067,24.871,24.666,24.447,24.257,24.272,24.059,23.831,23.518,23.403,23.334,23.357,24.394,25.067,25.067,25.006,25.021,25.097,25.338,25.795,25.945,26.556,26.63,26.726,26.808,26.8,26.6,26.704,26.66,26.37,26.221,26.109,25.982,25.9,25.705,25.705,25.615,25.39,25.27,24.961,24.803,24.719,24.689,24.591,24.598,24.591,24.53,24.485,24.318,24.196,23.686,23.686,23.64,23.64,23.609,23.579,23.571,23.556,23.556,23.564,23.571,23.548,23.541,23.51,23.502,23.495,23.487,23.495,23.479,23.456,23.449,23.418,23.403,23.395,23.395,23.395,23.387,23.387,23.372,23.387,23.372,23.334,23.341,23.296,23.311,23.303,23.303,23.311,23.311,23.311,23.311,23.303,23.28,23.265,23.249,23.242,23.234,23.257,23.226,23.234,23.242,23.242,23.249,23.219,23.226,23.242,23.249,23.257,23.234,23.234,23.226,23.18,23.157,23.188,23.157,23.165,23.15,23.134,23.111,23.104,23.104,23.096,23.096,23.081,23.073,23.058,23.05,23.05,23.042,23.019,23.034,23.004,23.004,22.965,22.973,22.896,22.942,22.919,22.919,22.911,22.911,22.865,22.911,22.881,22.834,22.788,22.811,22.796,22.804,22.804,22.811,22.804,22.804,22.788,22.811,22.78,22.773,22.765,22.773,22.742,22.734,22.734,22.727,22.734,22.703,22.703,22.68,22.657,22.688,22.688,22.673,22.665,22.649,22.619,22.626,22.588,22.611,22.603,22.603,22.603,22.611,22.588,22.619,22.595,22.564,22.588,22.564,22.564,22.611,22.588,22.603,22.588,22.572,22.549,22.564,22.549,22.549,22.541,22.534,22.526,22.51,22.518,22.503,22.495,22.495,22.479,22.495,22.449,22.441,22.433,22.418,22.433,22.418,22.418,22.418,22.425,22.425,22.433,22.449,22.433,22.418,22.402,22.418,22.402,22.41,22.402,22.387,22.379,22.379,22.425,22.433,22.441,22.433,22.418
,22.193,22.209,22.209,22.216,22.224,22.224,22.224,22.201,22.193,22.178,22.178,22.185,22.201,22.232,22.224,22.24,22.255,22.255,22.255,22.232,22.255,22.263,22.278,22.286,22.302,22.278,22.278,22.278,22.271,22.286,22.278,22.271,22.278,22.271,22.255,22.247,22.255,22.271,22.286,22.302,22.309,22.294,22.286,22.286,22.271,22.271,22.302,22.286,22.302,22.302,22.325,22.317,22.317,22.317,22.302,22.302,22.317,22.317,22.325,22.325,22.34,22.363,22.363,22.371,22.356,22.332,22.34,22.348,22.34,22.348,22.356,22.394,22.394,22.379,22.356,22.332,22.363,22.348,22.363,22.348,22.363,22.356,22.379,22.34,22.41,22.387,22.418,22.418,22.402,22.402,22.41,22.425,22.464,22.441,22.441,22.433,22.433,22.418,22.449,22.441,22.487,22.449,22.464,22.487,22.464,22.472,22.487,22.503,22.518,22.51,22.503,22.503,22.51,22.534,22.541,22.549,22.549,22.549,22.557,22.541,22.549,22.549,22.557,22.58,22.58,22.58,22.588,22.595,22.595,22.611,22.611,22.649,22.649,22.626,22.649,22.642,22.657,22.703,22.68,22.719,22.688,22.688,22.719,22.711,22.688,22.719,22.75,22.742,22.757,22.757,22.757,22.75,22.765,22.773,22.78,22.796,22.811,22.811,22.827,22.85,22.873,22.888,22.896,22.904,22.927,22.934,22.958,22.981,22.988,22.988,23.004,23.011,23.034,23.042,23.058,23.042,23.027,23.027,23.027,23.05,22.965,22.896,22.858,22.888,22.919,22.927,22.996,23.173,23.265,23.272,23.456,23.602,23.861,24.044,23.983,24.12,24.227,24.356,24.485,24.545,24.704,24.825,25.052,25.067,25.292,25.405,25.57,25.69,25.847,25.96,26.094,26.169,26.243,26.325,26.422,26.585,26.608,26.66,26.712,26.741,26.756,26.726,26.57,24.991,24.961,24.833,25.006,25.089,25.217,25.413,25.555,25.69,26.064,26.28,26.622,26.889,27.222,27.325,27.62,28.236,29.912,30.708,30.729,30.808,30.95,31.093,31.264,31.328,31.448,31.569,32,33.682,34.126,34.265,34.368,34.762,34.851,34.947,34.954,34.975,35.037,35.174,35.407,35.428,35.694,35.797,36.015,36.049,36.158,36.151,36.138,36.09,35.981,35.926,35.886,35.858,35.851,35.858,35.892,35.879,35.763,35.715,35.633,35.606,35.619,35.653,35.667,35.749,35.79,35.77,35.77,35.742,35.729,35.694,35.681,35.701,35.674,35.688,35.647,35.599,35.558,35.476,35.359,35.229,35.119,35.188,35.085,35.064,35.051,35.078,35.126,35.14,35.126,35.174,35.263,35.325,35.387,35.565,35.619,35.674,35.674,35.653,35.435,35.181,35.195,35.085,35.112,35.14,35.14,35.154,35.188,35.256,35.263,35.38,35.496,35.421,35.421,35.53,35.428,35.387,35.304,35.346,35.174,35.174,35.181,35.064,35.002,35.037,35.112,35.14,35.229,35.482,35.489,35.462,35.352,35.311,35.304,35.27,35.359,35.503,35.476,35.503,35.482,35.256,35.202,35.016,34.913,34.803,34.651,34.507,34.465,34.285,34.133,33.828,33.724,33.292,32.991,32.099,30.579,29.356,28.411,27.943,27.884,27.855,27.804,27.701,27.664,27.62,27.671,28.484,29.544,29.501,29.197,27.348,25.728,25.54,25.518,25.518,25.503,25.578,25.69,25.728,25.832,25.563,25.33,25.119,25.029,24.969,24.644,24.485,24.394,24.204,23.96,23.632,23.533,23.387,23.334,23.326,24.409,25.074,25.067,25.006,24.991,24.954,24.961,25.187,25.383,25.989,26.481,26.719,26.889,26.852,26.778,26.734,26.719,26.637,26.511,26.213,26.169,25.975,25.952,25.907,25.765,25.653,25.488,25.119,24.954,24.78,24.84,24.606,24.629,24.598,24.485,24.515,24.454,24.401,24.173,23.915,23.892,23.77,23.625,23.64,23.625,23.632,23.617,23.609,23.602,23.571,23.556,23.525,23.533,23.502,23.495,23.51,23.495,23.495,23.487,23.433,23.418,23.41,23.387,23.395,23.403,23.403,23.395,23.387,23.334,23.341,23.341,23.319,23.326,23.319,23.311,23.319,23.319,23.326,23.334,23.28,23.288,23.28,23.257,23.249,23.242,23.234,23.226,23.242,23.242,23.249,23.257,23.234,23.234,23.288,23.257,23.249,23.242,23.226,23.234,23.211,23.196,23.18,23.219,23.188,23.188,23.15,23.142,23.119,23.134,23.096,23.073,23.081,23.058,23.065,23.05,23.042,23.042,23.027,23.027,23.027,23.011,22.996,22.973,22.942,22.927,22.934,22.927,22.911,22.896,22.896,22.873,22.881,22.85,22.804,22.834,22.811,22.796,22.78,22.804,22.811,22.819,22.819,22.773,22.757,22.757,22.742,22.734,22.719,22.734,22.734,22.75,22.757,22.742,22.719,22.703,22.665,22.657,22.696,22.673,22.665,22.626,22.603,22.619,22.611,22.611,22.611,22.588,22.619,22.603,22.595,22.603,22.595,22.58,22.541,22.557,22.603,22.603,22.595,22.595,22.603,22.588,22.557,22.564,22.557,22.541,22.534,22.534,22.534,22.495,22.526,22.534,22.479,22.51,22.479,22.456,22.441,22.441,22.433,22.425,22.425,22.449,22.418,22.441,22.449,22.441,22.418,22.418,22.425,22.425,22.394,22.433,22.464,22.425,22.418,22.394,22.394,22.41,22.441,22.425,22.425,22.425,22.433
,22.193,22.185,22.209,22.247,22.209,22.201,22.209,22.185,22.201,22.193,22.193,22.193,22.209,22.209,22.224,22.247,22.247,22.263,22.263,22.255,22.271,22.247,22.263,22.286,22.317,22.271,22.278,22.309,22.286,22.286,22.294,22.255,22.278,22.271,22.271,22.263,22.24,22.302,22.278,22.294,22.294,22.255,22.286,22.278,22.278,22.294,22.278,22.294,22.309,22.309,22.309,22.317,22.309,22.302,22.294,22.309,22.294,22.309,22.317,22.332,22.34,22.363,22.379,22.379,22.371,22.332,22.332,22.348,22.356,22.356,22.387,22.402,22.379,22.379,22.356,22.332,22.348,22.348,22.371,22.363,22.34,22.363,22.348,22.379,22.371,22.402,22.41,22.418,22.425,22.425,22.433,22.441,22.456,22.456,22.449,22.441,22.441,22.441,22.441,22.449,22.464,22.479,22.441,22.495,22.479,22.472,22.487,22.503,22.503,22.503,22.495,22.51,22.503,22.534,22.518,22.549,22.564,22.549,22.564,22.549,22.557,22.564,22.557,22.58,22.588,22.588,22.603,22.588,22.611,22.619,22.619,22.634,22.626,22.626,22.626,22.626,22.649,22.68,22.696,22.711,22.696,22.696,22.703,22.719,22.719,22.727,22.75,22.765,22.75,22.765,22.757,22.757,22.773,22.796,22.796,22.804,22.804,22.811,22.827,22.858,22.85,22.942,22.904,22.927,22.958,22.95,22.981,22.981,22.996,23.011,23.019,23.034,23.042,23.042,23.05,23.034,23.058,23.042,23.027,23.011,22.958,22.881,22.873,22.942,22.942,23.096,23.127,23.296,23.387,23.433,23.594,23.77,23.938,23.953,24.181,24.31,24.432,24.523,24.53,24.689,24.78,24.976,25.232,25.345,25.518,25.653,25.758,25.877,25.907,26.012,26.198,26.236,26.251,26.325,26.496,26.533,26.518,26.622,26.697,26.704,26.756,26.734,26.154,24.855,24.803,24.78,25.021,25.059,25.247,25.57,25.69,25.623,26.124,26.34,26.593,26.838,26.986,27.429,27.671,28.199,29.804,30.701,30.808,30.851,30.965,31.015,31.235,31.342,31.363,31.441,31.306,32.83,34.099,34.23,34.617,34.693,34.81,34.927,35.044,35.002,35.03,35.051,35.119,35.4,35.448,35.524,35.688,35.831,36.029,36.226,36.24,36.206,36.104,36.008,35.865,35.858,35.845,35.81,35.804,35.804,35.851,35.79,35.79,35.674,35.64,35.647,35.694,35.742,35.81,35.756,35.756,35.756,35.729,35.694,35.701,35.694,35.674,35.701,35.667,35.681,35.571,35.592,35.53,35.448,35.414,35.222,35.222,35.181,35.147,35.215,35.359,35.291,35.27,35.256,35.462,35.476,35.619,35.599,35.715,35.742,35.722,35.715,35.674,35.633,35.339,35.277,35.25,35.14,35.222,35.215,35.311,35.414,35.435,35.476,35.482,35.524,35.558,35.448,35.455,35.304,35.112,35.14,35.126,35.174,35.133,35.105,35.099,35.092,35.229,35.346,35.407,35.469,35.393,35.346,35.318,35.284,35.291,35.256,35.414,35.51,35.53,35.51,35.373,35.16,35.112,35.002,34.858,34.755,34.645,34.603,34.472,34.334,33.918,33.821,33.613,33.383,33.04,32.113,30.872,29.399,28.499,27.87,27.877,27.906,27.84,27.811,27.73,27.657,27.642,27.694,29.436,29.558,29.399,27.104,25.765,25.608,25.518,25.518,25.503,25.54,25.593,25.66,25.735,25.578,25.368,25.27,25.112,24.961,24.674,24.523,24.318,24.173,23.991,23.762,23.533,23.395,23.319,23.334,24.576,25.127,25.044,25.006,24.938,24.908,24.893,24.976,25.021,25.435,26.109,26.437,26.786,26.852,26.912,26.912,26.919,26.823,26.682,26.496,26.37,26.355,26.176,26.012,26.094,25.975,25.6,25.375,25.172,25.067,24.886,24.84,24.757,24.659,24.621,24.523,24.545,24.523,24.53,24.553,24.719,24.545,24.409,24.189,23.747,23.785,23.686,23.678,23.663,23.648,23.548,23.556,23.518,23.51,23.518,23.51,23.518,23.502,23.502,23.456,23.433,23.426,23.41,23.41,23.418,23.41,23.395,23.372,23.387,23.357,23.364,23.319,23.326,23.326,23.334,23.341,23.334,23.326,23.326,23.296,23.326,23.311,23.265,23.28,23.257,23.265,23.242,23.242,23.234,23.226,23.242,23.257,23.272,23.288,23.257,23.265,23.242,23.234,23.242,23.219,23.257,23.257,23.242,23.203,23.188,23.173,23.157,23.134,23.134,23.104,23.081,23.088,23.058,23.065,23.042,23.042,23.042,23.042,23.027,23.019,23.011,23.019,22.988,22.981,22.965,22.934,22.927,22.904,22.881,22.873,22.865,22.873,22.85,22.827,22.796,22.788,22.804,22.804,22.804,22.827,22.804,22.819,22.804,22.765,22.734,22.727,22.727,22.734,22.734,22.742,22.75,22.75,22.75,22.703,22.703,22.68,22.688,22.688,22.665,22.649,22.603,22.611,22.626,22.611,22.611,22.619,22.603,22.603,22.611,22.611,22.626,22.603,22.603,22.58,22.603,22.588,22.58,22.564,22.626,22.572,22.603,22.58,22.588,22.557,22.549,22.549,22.534,22.518,22.526,22.51,22.503,22.51,22.557,22.526,22.495,22.503,22.456,22.433,22.449,22.433,22.433,22.441,22.441,22.449,22.441,22.441,22.41,22.402,22.402,22.418,22.371,22.356,22.464,22.402,22.379,22.418,22.418,22.402,22.402,22.41,22.425,22.425
,22.185,22.193,22.185,22.201,22.193,22.193,22.201,22.209,22.209,22.185,22.185,22.193,22.201,22.224,22.24,22.255,22.255,22.278,22.263,22.263,22.263,22.263,22.247,22.271,22.247,22.286,22.232,22.278,22.278,22.278,22.263,22.255,22.294,22.263,22.263,22.271,22.263,22.302,22.302,22.294,22.302,22.263,22.255,22.278,22.271,22.278,22.278,22.278,22.271,22.294,22.309,22.302,22.309,22.286,22.317,22.309,22.302,22.309,22.317,22.34,22.363,22.371,22.379,22.379,22.371,22.363,22.348,22.356,22.34,22.402,22.402,22.41,22.394,22.387,22.356,22.348,22.34,22.348,22.363,22.371,22.379,22.356,22.363,22.356,22.379,22.379,22.41,22.41,22.402,22.418,22.418,22.441,22.449,22.449,22.464,22.464,22.449,22.449,22.449,22.456,22.449,22.472,22.503,22.456,22.456,22.479,22.495,22.495,22.495,22.51,22.51,22.51,22.51,22.534,22.549,22.549,22.564,22.557,22.564,22.557,22.564,22.58,22.58,22.564,22.557,22.588,22.58,22.588,22.611,22.619,22.634,22.642,22.619,22.619,22.626,22.619,22.642,22.68,22.688,22.703,22.711,22.703,22.696,22.68,22.696,22.727,22.757,22.75,22.78,22.78,22.765,22.757,22.788,22.804,22.819,22.811,22.811,22.811,22.827,22.85,22.888,22.904,22.919,22.934,22.934,22.95,22.965,22.981,23.019,23.019,23.042,23.042,23.042,23.034,23.042,23.027,23.019,23.019,23.011,22.996,22.904,22.881,22.896,22.911,23.05,23.142,23.249,23.364,23.525,23.632,23.648,23.823,24.082,24.158,24.318,24.416,24.416,24.507,24.689,24.976,25.052,25.134,25.3,25.518,25.66,25.728,25.81,26.019,26.012,26.116,26.198,26.221,26.228,26.236,26.258,26.362,26.385,26.593,26.697,26.726,26.771,26.756,25.187,24.833,24.818,24.833,24.954,25.157,25.21,25.435,25.638,25.743,26.064,26.243,26.541,26.697,26.904,27.229,27.723,28.068,29.746,30.715,30.808,30.829,30.936,31.143,31.242,31.342,31.37,31.15,30.708,32.24,33.884,34.209,34.493,34.679,34.831,34.941,35.03,35.03,35.044,35.085,35.105,35.291,35.414,35.387,35.441,35.612,35.858,36.11,36.178,36.192,36.178,36.138,35.933,35.879,35.838,35.81,35.804,35.776,35.79,35.804,35.879,35.845,35.851,35.804,35.804,35.817,35.838,35.81,35.797,35.776,35.742,35.729,35.756,35.729,35.776,35.708,35.729,35.674,35.708,35.599,35.585,35.53,35.441,35.462,35.448,35.428,35.352,35.435,35.366,35.393,35.4,35.482,35.53,35.633,35.599,35.735,35.776,35.79,35.749,35.756,35.735,35.633,35.537,35.441,35.4,35.298,35.352,35.387,35.373,35.441,35.524,35.592,35.626,35.537,35.352,35.243,35.291,35.119,35.105,35.085,35.119,35.105,35.105,35.133,35.229,35.298,35.421,35.441,35.489,35.435,35.318,35.339,35.304,35.311,35.256,35.325,35.517,35.742,35.619,35.421,35.393,35.147,35.112,34.982,34.879,34.775,34.665,34.624,34.438,34.389,34.216,33.863,33.759,33.341,33.012,31.406,30.214,29.175,27.98,27.811,27.848,27.928,27.892,27.826,27.686,27.62,27.642,27.642,28.528,29.436,28.885,26.934,25.795,25.51,25.465,25.488,25.503,25.57,25.623,25.608,25.72,25.69,25.458,25.292,25.255,25.021,24.984,24.666,24.598,24.189,24.059,23.877,23.617,23.449,23.38,23.349,24.545,25.134,25.134,25.074,24.976,24.901,24.871,24.871,24.871,24.999,25.458,26.191,26.444,26.793,26.956,26.971,27.008,26.934,26.993,26.889,26.749,26.481,26.444,26.295,26.347,26.019,25.96,25.51,25.368,25.24,25.082,24.984,24.871,24.735,24.674,24.629,24.613,24.568,24.613,24.644,24.659,24.81,24.871,25.044,24.961,24.727,24.394,23.823,23.655,23.755,23.663,23.609,23.571,23.571,23.541,23.548,23.533,23.518,23.51,23.479,23.472,23.449,23.449,23.433,23.433,23.426,23.426,23.41,23.387,23.372,23.372,23.357,23.372,23.349,23.357,23.357,23.349,23.341,23.326,23.28,23.249,23.319,23.288,23.296,23.288,23.28,23.311,23.249,23.234,23.226,23.249,23.257,23.28,23.303,23.28,23.265,23.257,23.234,23.257,23.249,23.234,23.234,23.226,23.219,23.211,23.188,23.188,23.165,23.142,23.142,23.134,23.088,23.058,23.058,23.042,23.05,23.042,23.042,23.034,23.042,23.011,23.011,22.988,22.958,22.958,22.942,22.904,22.911,22.865,22.881,22.858,22.873,22.842,22.858,22.811,22.811,22.811,22.827,22.804,22.819,22.827,22.819,22.804,22.765,22.78,22.75,22.742,22.734,22.734,22.742,22.757,22.734,22.75,22.719,22.703,22.68,22.68,22.665,22.688,22.688,22.619,22.634,22.642,22.657,22.626,22.634,22.611,22.619,22.619,22.611,22.626,22.611,22.619,22.595,22.595,22.58,22.595,22.603,22.526,22.588,22.58,22.595,22.564,22.572,22.549,22.534,22.51,22.526,22.526,22.534,22.549,22.526,22.526,22.564,22.541,22.495,22.456,22.487,22.418,22.456,22.433,22.449,22.433,22.449,22.441,22.402,22.418,22.402,22.402,22.41,22.472,22.433,22.402,22.387,22.387,22.394,22.418,22.433,22.425,22.425,22.418,22.418
,22.193,22.17,22.162,22.193,22.193,22.216,22.209,22.232,22.216,22.17,22.185,22.201,22.224,22.224,22.255,22.271,22.286,22.247,22.278,22.24,22.247,22.232,22.24,22.247,22.286,22.278,22.286,22.294,22.309,22.263,22.263,22.278,22.255,22.271,22.286,22.278,22.286,22.309,22.317,22.302,22.278,22.255,22.263,22.286,22.278,22.278,22.255,22.278,22.278,22.278,22.302,22.302,22.294,22.309,22.325,22.317,22.325,22.325,22.332,22.34,22.356,22.363,22.379,22.371,22.371,22.363,22.356,22.356,22.363,22.348,22.371,22.379,22.379,22.371,22.363,22.356,22.356,22.348,22.348,22.379,22.356,22.387,22.379,22.379,22.379,22.387,22.394,22.402,22.402,22.418,22.433,22.456,22.456,22.456,22.456,22.479,22.456,22.456,22.456,22.456,22.449,22.418,22.456,22.433,22.479,22.495,22.487,22.51,22.518,22.526,22.534,22.518,22.526,22.541,22.518,22.572,22.564,22.549,22.557,22.549,22.541,22.572,22.611,22.58,22.564,22.557,22.572,22.58,22.603,22.619,22.642,22.642,22.626,22.626,22.611,22.611,22.642,22.665,22.673,22.703,22.696,22.703,22.696,22.696,22.696,22.711,22.734,22.742,22.757,22.765,22.773,22.78,22.796,22.804,22.819,22.827,22.834,22.834,22.827,22.842,22.896,22.904,22.927,22.95,22.934,22.942,22.958,22.973,22.996,23.019,23.05,23.034,23.034,23.034,23.027,23.042,23.019,23.027,22.981,22.958,22.888,22.888,22.942,23.034,23.157,23.165,23.311,23.38,23.518,23.724,23.762,24.029,24.272,24.318,24.409,24.545,24.651,24.636,24.787,25.014,25.149,25.27,25.518,25.698,25.735,25.825,25.93,26.042,26.116,26.116,26.116,26.116,26.154,26.191,26.288,26.511,26.593,26.645,26.749,26.793,26.8,26.496,24.848,24.833,24.787,24.795,24.999,25.18,25.277,25.57,25.6,25.675,25.982,26.325,26.556,26.786,26.912,27.259,27.451,28.17,29.522,30.708,30.815,30.851,31.079,31.171,31.207,31.292,31.299,30.643,30.665,31.349,33.759,34.126,34.41,34.534,34.775,34.892,35.03,35.064,35.071,35.078,35.174,35.202,35.304,35.489,35.503,35.544,35.722,35.804,36.083,36.178,36.199,36.199,36.063,35.933,35.851,35.804,35.749,35.776,35.77,35.824,35.892,35.899,36.029,35.947,35.96,35.933,35.954,35.865,35.899,35.851,35.845,35.783,35.804,35.92,35.981,35.981,35.886,35.81,35.838,35.715,35.735,35.715,35.647,35.551,35.53,35.469,35.462,35.455,35.503,35.469,35.558,35.592,35.708,35.66,35.776,35.77,35.817,35.817,35.79,35.783,35.694,35.688,35.578,35.482,35.441,35.421,35.482,35.448,35.503,35.524,35.489,35.469,35.51,35.256,35.14,35.119,35.092,35.099,35.112,35.112,35.167,35.14,35.174,35.215,35.359,35.339,35.298,35.373,35.298,35.243,35.304,35.284,35.291,35.318,35.304,35.537,35.763,35.715,35.606,35.441,35.332,35.215,35.195,35.002,34.858,34.803,34.7,34.596,34.472,34.382,34.154,33.87,33.696,33.355,32.627,31.143,30.199,28.739,27.862,27.745,27.884,27.914,27.906,27.855,27.723,27.745,27.635,27.613,28.09,29.132,28.543,26.615,25.803,25.585,25.458,25.488,25.51,25.54,25.615,25.668,25.683,25.623,25.533,25.405,25.353,25.074,24.886,24.78,24.621,24.386,24.075,23.93,23.579,23.387,23.38,23.387,24.341,25.187,25.142,25.082,24.976,24.923,24.855,24.833,24.863,24.938,25.104,25.458,26.019,26.399,26.83,26.949,26.986,27.104,27.148,27.185,27.06,26.978,26.919,26.637,26.66,26.236,26.027,25.578,25.48,25.353,25.142,25.142,24.991,24.863,24.795,24.644,24.644,24.613,24.636,24.613,24.682,24.757,24.818,24.999,25.187,25.247,25.172,24.795,24.78,23.998,23.869,23.678,23.739,23.571,23.571,23.571,23.564,23.548,23.541,23.51,23.502,23.487,23.464,23.456,23.441,23.449,23.433,23.433,23.41,23.41,23.387,23.38,23.38,23.403,23.38,23.395,23.38,23.357,23.311,23.357,23.349,23.341,23.311,23.326,23.334,23.296,23.272,23.265,23.257,23.249,23.242,23.265,23.265,23.265,23.272,23.265,23.234,23.257,23.249,23.242,23.28,23.219,23.234,23.211,23.219,23.188,23.188,23.165,23.15,23.142,23.088,23.104,23.081,23.058,23.05,23.058,23.058,23.05,23.065,23.042,23.011,22.981,22.996,22.973,22.958,22.942,22.919,22.904,22.888,22.881,22.888,22.888,22.911,22.858,22.858,22.858,22.827,22.811,22.811,22.819,22.827,22.819,22.811,22.78,22.773,22.742,22.75,22.765,22.734,22.75,22.75,22.773,22.75,22.719,22.703,22.688,22.703,22.703,22.657,22.657,22.642,22.657,22.649,22.649,22.642,22.634,22.626,22.603,22.58,22.611,22.603,22.588,22.603,22.588,22.611,22.557,22.58,22.603,22.58,22.595,22.603,22.595,22.588,22.572,22.541,22.541,22.526,22.534,22.534,22.526,22.549,22.549,22.541,22.495,22.464,22.526,22.487,22.479,22.472,22.449,22.456,22.41,22.433,22.433,22.394,22.418,22.425,22.402,22.41,22.425,22.418,22.441,22.479,22.387,22.425,22.402,22.41,22.425,22.433,22.433,22.441,22.433
,22.178,22.178,22.209,22.193,22.201,22.178,22.209,22.232,22.193,22.224,22.201,22.209,22.216,22.216,22.247,22.263,22.255,22.286,22.255,22.232,22.232,22.24,22.247,22.255,22.263,22.286,22.286,22.286,22.302,22.271,22.263,22.271,22.278,22.263,22.286,22.302,22.309,22.325,22.325,22.302,22.271,22.255,22.263,22.247,22.278,22.286,22.278,22.278,22.302,22.271,22.294,22.317,22.317,22.317,22.332,22.332,22.332,22.34,22.34,22.356,22.363,22.371,22.363,22.363,22.356,22.363,22.363,22.371,22.371,22.356,22.356,22.379,22.363,22.379,22.371,22.363,22.371,22.348,22.379,22.371,22.387,22.387,22.394,22.379,22.402,22.402,22.394,22.387,22.379,22.433,22.433,22.464,22.456,22.472,22.449,22.433,22.479,22.472,22.456,22.441,22.441,22.425,22.472,22.449,22.479,22.487,22.495,22.51,22.518,22.534,22.541,22.534,22.541,22.549,22.541,22.549,22.572,22.564,22.564,22.572,22.557,22.603,22.595,22.572,22.564,22.572,22.572,22.572,22.611,22.634,22.634,22.649,22.634,22.626,22.619,22.634,22.665,22.657,22.673,22.696,22.688,22.703,22.711,22.703,22.688,22.696,22.742,22.765,22.765,22.78,22.78,22.788,22.811,22.811,22.834,22.834,22.827,22.834,22.842,22.85,22.881,22.904,22.904,22.942,22.942,22.95,22.965,22.973,22.996,23.042,23.05,23.042,23.05,23.042,23.05,23.042,23.019,23.004,22.973,22.919,22.919,22.934,22.965,23.034,23.142,23.234,23.272,23.449,23.655,23.8,23.861,24.242,24.325,24.416,24.432,24.636,24.787,24.795,25.074,25.255,25.24,25.593,25.563,25.765,25.862,25.892,26.012,25.997,25.982,25.989,26.057,26.057,26.206,26.228,26.422,26.593,26.682,26.897,26.889,26.83,26.852,25.87,24.803,24.795,24.818,24.81,24.938,25.142,25.262,25.495,25.675,25.63,25.989,26.273,26.504,26.763,26.845,27.111,27.325,27.95,29.443,30.701,30.801,30.836,31.086,31.15,31.221,31.271,31.05,30.171,30.422,30.886,33.445,34.209,34.458,34.638,34.741,34.927,34.996,35.071,35.085,35.133,35.188,35.154,35.304,35.318,35.421,35.544,35.592,35.708,35.763,35.94,36.158,36.11,36.138,36.131,35.94,35.797,35.817,35.742,35.708,35.688,35.79,35.804,35.926,36.022,36.015,36.069,35.988,36.001,36.029,35.92,35.872,35.865,35.872,35.872,35.954,35.981,35.926,35.96,35.865,35.851,35.79,35.722,35.674,35.578,35.517,35.496,35.462,35.517,35.482,35.551,35.667,35.66,35.722,35.783,35.804,35.845,35.858,35.851,35.817,35.783,35.715,35.688,35.592,35.592,35.51,35.544,35.592,35.544,35.503,35.503,35.435,35.298,35.215,35.229,35.133,35.092,35.126,35.112,35.147,35.195,35.332,35.298,35.325,35.311,35.318,35.304,35.277,35.325,35.277,35.222,35.27,35.25,35.277,35.318,35.612,35.763,35.892,35.879,35.606,35.578,35.421,35.215,35.126,34.989,34.934,34.796,34.665,34.603,34.424,34.23,34.015,33.786,33.599,33.397,32.557,31.022,29.595,28.302,27.818,27.561,27.796,27.95,27.943,27.906,27.789,27.745,27.657,27.627,27.818,28.747,28.703,26.474,25.81,25.533,25.45,25.495,25.51,25.615,25.645,25.683,25.675,25.63,25.563,25.353,25.368,25.157,25.006,24.923,24.787,24.416,24.113,23.846,23.548,23.403,23.303,23.364,24.333,25.172,25.134,25.097,25.006,24.946,24.878,24.84,24.833,24.855,25.044,25.089,25.45,26.004,26.288,26.786,27.015,27.141,27.215,27.193,27.119,27.074,27.03,26.941,26.719,26.496,26.251,25.907,25.728,25.69,25.435,25.285,25.067,25.021,24.81,24.833,24.659,24.682,24.651,24.644,24.666,24.682,24.78,24.848,25.059,25.202,25.18,25.262,25.217,24.954,24.908,24.727,24.014,23.671,23.617,23.586,23.586,23.564,23.556,23.548,23.525,23.525,23.502,23.487,23.472,23.479,23.479,23.479,23.464,23.449,23.433,23.41,23.433,23.38,23.41,23.403,23.364,23.38,23.372,23.357,23.349,23.372,23.349,23.349,23.319,23.319,23.319,23.311,23.272,23.265,23.257,23.272,23.288,23.28,23.28,23.272,23.249,23.272,23.265,23.249,23.288,23.234,23.257,23.211,23.18,23.188,23.165,23.173,23.165,23.157,23.127,23.104,23.088,23.073,23.065,23.073,23.065,23.058,23.058,23.042,23.027,22.988,22.988,22.973,22.958,22.95,22.911,22.911,22.896,22.896,22.904,22.881,22.919,22.911,22.881,22.873,22.819,22.858,22.827,22.834,22.811,22.819,22.796,22.78,22.773,22.765,22.75,22.75,22.75,22.75,22.75,22.742,22.742,22.719,22.703,22.688,22.688,22.688,22.665,22.642,22.634,22.642,22.657,22.634,22.657,22.649,22.649,22.595,22.603,22.619,22.603,22.611,22.588,22.572,22.603,22.588,22.595,22.572,22.588,22.595,22.595,22.595,22.588,22.572,22.541,22.534,22.526,22.518,22.549,22.549,22.564,22.557,22.495,22.526,22.534,22.526,22.495,22.487,22.441,22.479,22.456,22.449,22.456,22.456,22.464,22.425,22.425,22.402,22.402,22.41,22.425,22.425,22.371,22.394,22.402,22.418,22.418,22.41,22.402,22.433,22.449,22.418
,22.193,22.209,22.178,22.201,22.209,22.193,22.216,22.201,22.201,22.209,22.216,22.209,22.224,22.224,22.224,22.255,22.224,22.224,22.232,22.216,22.24,22.247,22.255,22.271,22.271,22.271,22.263,22.294,22.278,22.255,22.278,22.247,22.255,22.255,22.294,22.294,22.325,22.325,22.317,22.302,22.255,22.255,22.24,22.232,22.271,22.271,22.263,22.271,22.294,22.286,22.294,22.317,22.325,22.302,22.325,22.317,22.332,22.34,22.332,22.356,22.356,22.348,22.348,22.34,22.348,22.356,22.363,22.348,22.348,22.363,22.371,22.379,22.387,22.387,22.387,22.371,22.371,22.363,22.371,22.387,22.387,22.387,22.387,22.394,22.394,22.394,22.394,22.379,22.394,22.402,22.418,22.441,22.472,22.456,22.456,22.456,22.479,22.464,22.449,22.449,22.441,22.449,22.418,22.441,22.472,22.479,22.495,22.51,22.518,22.534,22.557,22.549,22.564,22.549,22.564,22.549,22.541,22.557,22.564,22.557,22.541,22.595,22.557,22.58,22.564,22.557,22.549,22.572,22.572,22.603,22.603,22.665,22.626,22.634,22.626,22.611,22.649,22.673,22.673,22.68,22.703,22.673,22.665,22.688,22.688,22.703,22.711,22.727,22.757,22.773,22.78,22.788,22.796,22.819,22.827,22.85,22.842,22.827,22.819,22.842,22.873,22.888,22.911,22.927,22.927,22.934,22.95,22.958,22.988,23.019,23.019,23.034,23.027,23.027,23.034,23.027,23.034,23.004,22.958,22.904,22.919,22.942,23.034,23.073,23.234,23.334,23.487,23.693,23.899,23.854,24.097,24.249,24.348,24.53,24.613,24.735,24.863,25.112,25.142,25.383,25.533,25.713,25.832,25.877,25.877,25.907,25.96,25.907,25.945,25.945,25.937,26.079,26.191,26.437,26.511,26.66,26.889,27.067,27.008,27.015,26.726,24.863,24.795,24.795,24.78,24.818,24.893,25.217,25.255,25.398,25.743,25.735,26.019,26.183,26.437,26.697,26.882,27.015,27.274,27.884,29.218,30.665,30.793,30.929,31.029,31.178,31.136,31.221,30.429,30.084,30.12,30.751,32.802,34.043,34.32,34.513,34.707,34.851,34.906,34.927,35.085,35.16,35.16,35.236,35.311,35.325,35.359,35.469,35.524,35.626,35.681,35.804,36.035,36.131,36.09,36.124,36.11,35.92,35.879,35.763,35.729,35.701,35.708,35.735,35.749,35.94,35.954,36.042,36.063,36.076,35.995,35.967,35.96,35.92,35.851,35.81,35.817,35.817,35.831,35.804,35.817,35.817,35.722,35.701,35.606,35.571,35.571,35.551,35.551,35.551,35.626,35.667,35.694,35.77,35.865,35.954,35.892,35.906,35.879,35.954,35.858,35.865,35.77,35.708,35.653,35.647,35.585,35.626,35.578,35.544,35.537,35.482,35.291,35.25,35.256,35.126,35.188,35.167,35.25,35.236,35.256,35.325,35.304,35.332,35.291,35.25,35.202,35.174,35.154,35.147,35.16,35.236,35.188,35.208,35.263,35.291,35.633,35.879,35.967,35.831,35.653,35.592,35.441,35.133,35.023,34.941,34.817,34.713,34.645,34.451,34.424,34.195,33.995,33.786,33.724,33.215,31.788,30.257,29.066,27.921,27.605,27.451,27.723,27.943,27.987,27.965,27.84,27.848,27.649,27.635,27.804,28.404,28.177,26.459,25.683,25.623,25.51,25.48,25.495,25.563,25.638,25.683,25.713,25.653,25.638,25.458,25.292,25.262,24.984,24.863,24.598,24.242,24.113,23.991,23.602,23.464,23.418,23.28,24.265,25.172,25.142,25.119,25.067,24.886,24.863,24.818,24.787,24.795,24.833,25.006,25.187,25.42,25.93,26.139,26.726,27.104,27.207,27.303,27.281,27.207,27.252,27.097,27.074,26.689,26.31,26.191,26.027,25.877,25.705,25.555,25.232,25.082,24.961,24.84,24.772,24.674,24.674,24.674,24.674,24.666,24.689,24.75,24.893,25.052,25.21,25.277,25.21,25.225,25.142,25.142,24.969,24.712,24.227,24.021,23.625,23.609,23.586,23.594,23.571,23.548,23.541,23.51,23.495,23.487,23.502,23.487,23.472,23.464,23.433,23.449,23.433,23.433,23.418,23.38,23.403,23.364,23.387,23.341,23.334,23.334,23.349,23.357,23.326,23.341,23.311,23.341,23.326,23.257,23.272,23.296,23.288,23.288,23.28,23.257,23.265,23.249,23.257,23.257,23.265,23.234,23.196,23.203,23.173,23.18,23.203,23.173,23.165,23.134,23.119,23.127,23.081,23.088,23.088,23.081,23.073,23.088,23.058,23.042,23.042,23.004,22.973,22.965,22.95,22.942,22.934,22.919,22.919,22.904,22.927,22.904,22.888,22.904,22.904,22.888,22.873,22.827,22.842,22.827,22.811,22.811,22.796,22.773,22.78,22.773,22.742,22.765,22.711,22.734,22.765,22.765,22.75,22.75,22.696,22.696,22.696,22.68,22.673,22.68,22.634,22.619,22.649,22.649,22.657,22.649,22.665,22.642,22.619,22.58,22.58,22.572,22.603,22.564,22.58,22.58,22.588,22.588,22.588,22.58,22.588,22.595,22.58,22.58,22.557,22.534,22.526,22.518,22.549,22.534,22.541,22.51,22.518,22.464,22.51,22.487,22.441,22.495,22.487,22.464,22.441,22.433,22.441,22.456,22.425,22.425,22.402,22.425,22.402,22.418,22.425,22.402,22.41,22.387,22.387,22.41,22.402,22.387,22.394,22.425,22.402,22.472
,22.209,22.193,22.193,22.193,22.201,22.201,22.185,22.209,22.193,22.201,22.209,22.209,22.224,22.224,22.232,22.232,22.209,22.247,22.216,22.216,22.224,22.24,22.255,22.278,22.263,22.271,22.286,22.317,22.271,22.286,22.255,22.24,22.24,22.247,22.255,22.302,22.317,22.309,22.294,22.271,22.247,22.263,22.224,22.216,22.247,22.286,22.271,22.294,22.286,22.294,22.317,22.317,22.332,22.317,22.317,22.317,22.325,22.34,22.34,22.348,22.348,22.348,22.348,22.34,22.34,22.348,22.348,22.348,22.356,22.363,22.363,22.371,22.379,22.387,22.371,22.394,22.371,22.363,22.394,22.371,22.379,22.387,22.394,22.387,22.402,22.387,22.387,22.387,22.387,22.402,22.41,22.456,22.456,22.464,22.456,22.425,22.456,22.441,22.449,22.433,22.441,22.418,22.433,22.456,22.456,22.472,22.495,22.51,22.534,22.541,22.557,22.564,22.557,22.534,22.564,22.541,22.557,22.549,22.549,22.564,22.534,22.572,22.58,22.588,22.564,22.564,22.557,22.564,22.572,22.603,22.619,22.611,22.634,22.634,22.626,22.634,22.649,22.657,22.688,22.68,22.703,22.68,22.703,22.696,22.696,22.696,22.696,22.727,22.75,22.773,22.78,22.788,22.804,22.819,22.834,22.842,22.85,22.842,22.819,22.842,22.858,22.888,22.911,22.919,22.927,22.927,22.95,22.973,22.981,23.019,23.011,23.027,23.027,23.027,23.034,23.027,23.019,23.011,22.896,22.927,22.942,22.973,23.081,23.111,23.203,23.41,23.701,23.854,23.96,23.96,24.196,24.386,24.507,24.583,24.704,24.938,25.089,25.195,25.345,25.54,25.66,25.795,25.847,25.87,25.862,25.87,25.862,25.907,25.87,25.96,25.997,26.273,26.414,26.66,26.704,26.934,27.06,27.17,27.104,27.052,26.719,24.787,24.757,24.735,24.795,24.863,25.036,25.134,25.277,25.435,25.728,25.728,25.93,26.198,26.385,26.533,26.845,27.089,27.421,27.884,29.052,30.736,30.858,30.986,31.128,31.171,31.257,31.136,30.07,30.034,30.135,30.422,32.388,33.981,34.313,34.507,34.686,34.713,34.892,34.92,35.037,35.14,35.208,35.284,35.27,35.318,35.304,35.38,35.496,35.551,35.599,35.612,35.647,35.715,35.981,36.056,36.083,36.042,35.995,36.042,35.886,35.749,35.729,35.783,35.715,35.851,35.913,35.988,36.056,36.076,36.083,36.008,36.008,35.954,35.879,35.851,35.817,35.817,35.804,35.81,35.77,35.797,35.729,35.674,35.653,35.626,35.626,35.619,35.64,35.64,35.647,35.688,35.783,35.817,35.879,35.967,35.96,35.974,35.988,36.022,36.008,35.981,36.076,36.022,35.865,35.851,35.838,35.79,35.749,35.653,35.53,35.387,35.298,35.291,35.202,35.256,35.277,35.325,35.325,35.318,35.311,35.332,35.311,35.291,35.236,35.243,35.154,35.078,35.078,35.085,35.147,35.099,35.126,35.133,35.208,35.448,35.892,36.015,35.96,35.735,35.558,35.414,35.346,35.16,34.982,34.975,34.817,34.603,34.527,34.334,34.251,34.182,33.925,33.87,33.689,32.991,31.292,29.631,28.367,27.62,27.429,27.318,27.561,27.965,27.958,27.95,27.899,27.972,27.738,27.716,27.716,27.855,27.436,26.385,25.593,25.525,25.465,25.488,25.51,25.608,25.645,25.69,25.743,25.683,25.653,25.51,25.39,25.18,25.059,24.848,24.485,24.211,24.211,24.135,23.548,23.395,23.303,23.311,24.211,25.157,25.134,25.112,25.067,24.976,24.908,24.825,24.78,24.75,24.742,24.772,25.052,25.195,25.368,25.713,25.975,26.66,27.178,27.281,27.311,27.488,27.362,27.311,27.237,27.074,26.548,26.414,26.236,26.206,25.78,25.585,25.435,25.247,25.089,24.84,24.727,24.735,24.689,24.659,24.659,24.629,24.712,24.682,24.727,24.742,24.969,25.165,25.202,25.27,25.255,25.217,25.18,25.172,24.999,25.029,24.598,24.454,23.907,23.64,23.594,23.602,23.579,23.602,23.525,23.541,23.518,23.51,23.479,23.502,23.495,23.449,23.472,23.433,23.433,23.418,23.403,23.403,23.364,23.364,23.326,23.357,23.357,23.334,23.341,23.326,23.334,23.319,23.311,23.288,23.288,23.257,23.28,23.296,23.288,23.265,23.249,23.257,23.288,23.265,23.257,23.211,23.196,23.196,23.196,23.196,23.173,23.173,23.15,23.127,23.088,23.119,23.088,23.096,23.096,23.088,23.088,23.081,23.073,23.058,23.027,22.988,22.996,22.973,22.965,22.958,22.934,22.927,22.927,22.919,22.919,22.904,22.934,22.904,22.927,22.888,22.865,22.834,22.827,22.827,22.819,22.811,22.78,22.773,22.788,22.765,22.742,22.788,22.773,22.711,22.734,22.719,22.68,22.75,22.711,22.68,22.703,22.68,22.665,22.673,22.634,22.657,22.619,22.619,22.649,22.642,22.665,22.619,22.595,22.564,22.564,22.603,22.557,22.557,22.588,22.595,22.572,22.572,22.541,22.557,22.611,22.564,22.611,22.58,22.557,22.541,22.518,22.534,22.534,22.51,22.51,22.495,22.495,22.495,22.472,22.479,22.456,22.472,22.479,22.472,22.456,22.441,22.464,22.425,22.425,22.433,22.449,22.425,22.433,22.449,22.418,22.41,22.418,22.402,22.402,22.41,22.41,22.418,22.394,22.394,22.41,22.425
,22.209,22.232,22.263,22.247,22.185,22.185,22.17,22.17,22.193,22.193,22.193,22.178,22.185,22.201,22.232,22.209,22.216,22.209,22.209,22.224,22.24,22.247,22.263,22.263,22.286,22.278,22.286,22.302,22.294,22.263,22.24,22.247,22.247,22.278,22.271,22.286,22.263,22.302,22.286,22.271,22.247,22.24,22.224,22.232,22.247,22.271,22.271,22.294,22.302,22.309,22.309,22.309,22.294,22.302,22.325,22.294,22.34,22.34,22.317,22.34,22.348,22.332,22.34,22.34,22.348,22.348,22.356,22.348,22.348,22.363,22.363,22.387,22.394,22.387,22.363,22.371,22.371,22.363,22.363,22.387,22.379,22.402,22.402,22.418,22.402,22.41,22.402,22.394,22.394,22.402,22.418,22.425,22.418,22.433,22.472,22.425,22.449,22.449,22.433,22.425,22.433,22.425,22.433,22.456,22.464,22.472,22.479,22.503,22.51,22.549,22.557,22.557,22.564,22.541,22.557,22.58,22.549,22.557,22.557,22.549,22.564,22.557,22.58,22.572,22.564,22.564,22.564,22.557,22.572,22.588,22.595,22.619,22.626,22.611,22.611,22.634,22.673,22.673,22.665,22.68,22.688,22.688,22.711,22.703,22.696,22.688,22.711,22.711,22.703,22.765,22.765,22.796,22.804,22.819,22.842,22.834,22.85,22.827,22.819,22.842,22.85,22.888,22.904,22.927,22.934,22.95,22.965,22.988,23.027,22.996,23.011,23.019,23.011,23.027,23.034,23.019,23.011,22.965,22.973,22.958,22.958,22.981,23.127,23.387,23.418,23.464,23.732,23.884,24.014,24.09,24.341,24.454,24.507,24.795,24.871,25.134,25.413,25.435,25.593,25.728,25.825,25.84,25.855,25.803,25.795,25.818,25.773,25.847,25.937,26.094,26.206,26.466,26.615,26.867,26.978,27.193,27.17,27.429,27.443,27.141,26.28,24.772,24.757,24.735,24.787,24.855,24.999,25.157,25.24,25.458,25.675,25.69,25.915,26.176,26.399,26.622,26.689,27.074,27.436,27.862,28.754,30.665,31.043,31.15,31.207,31.214,31.214,30.285,29.933,29.984,30.041,30.056,31.121,33.536,34.272,34.493,34.7,34.762,34.844,34.934,34.975,35.126,35.126,35.291,35.332,35.332,35.332,35.325,35.332,35.462,35.565,35.585,35.647,35.715,35.722,35.831,36.001,36.042,36.056,36.151,36.09,36.131,35.879,35.858,35.851,35.947,35.96,35.974,36.035,36.117,36.083,36.069,36.09,36.008,35.954,35.906,35.831,35.797,35.77,35.729,35.735,35.749,35.708,35.66,35.647,35.647,35.619,35.653,35.626,35.694,35.729,35.708,35.831,35.913,35.933,36.029,36.042,36.131,36.151,36.185,36.185,36.117,36.083,36.097,36.069,35.988,35.933,35.831,35.838,35.688,35.667,35.585,35.735,35.633,35.606,35.435,35.414,35.393,35.38,35.332,35.298,35.311,35.188,35.174,35.105,35.002,35.037,35.002,35.002,35.016,35.002,35.044,35.057,35.154,35.325,35.496,35.872,35.926,35.947,35.64,35.53,35.352,35.222,35.002,34.961,34.892,34.734,34.569,34.493,34.279,34.23,34.078,34.022,33.772,33.55,32.416,30.443,28.637,27.789,27.133,27.06,27.215,27.51,27.914,28.009,27.965,27.994,27.899,27.928,27.84,27.818,27.782,26.889,26.213,25.6,25.518,25.473,25.518,25.51,25.608,25.638,25.698,25.75,25.713,25.668,25.533,25.308,25.157,24.803,24.735,24.485,24.386,24.173,23.846,23.693,23.387,23.296,23.272,23.976,25.157,25.165,25.127,25.097,25.021,24.931,24.833,24.78,24.727,24.719,24.735,24.81,25.052,25.217,25.45,25.615,26.049,26.815,27.274,27.37,27.465,27.458,27.48,27.399,26.897,26.956,26.466,26.481,26.37,26.28,25.9,25.533,25.285,25.187,24.961,24.954,24.803,24.697,24.651,24.644,24.636,24.621,24.651,24.712,24.704,24.719,24.848,24.961,25.172,25.255,25.262,25.255,25.21,25.157,25.082,25.089,25.059,24.901,24.757,24.173,24.044,24.075,23.8,23.976,23.968,23.739,23.709,23.556,23.586,23.525,23.472,23.487,23.441,23.449,23.418,23.441,23.418,23.38,23.372,23.357,23.349,23.341,23.357,23.349,23.364,23.349,23.334,23.341,23.311,23.311,23.296,23.288,23.296,23.288,23.272,23.265,23.257,23.265,23.242,23.265,23.219,23.226,23.211,23.196,23.142,23.15,23.15,23.15,23.165,23.15,23.134,23.119,23.104,23.096,23.081,23.104,23.096,23.065,23.058,23.034,23.004,22.996,22.973,22.958,22.95,22.942,22.934,22.904,22.911,22.888,22.911,22.911,22.904,22.881,22.888,22.858,22.842,22.85,22.819,22.827,22.819,22.765,22.75,22.773,22.75,22.757,22.75,22.734,22.711,22.696,22.757,22.688,22.734,22.703,22.703,22.696,22.673,22.673,22.673,22.68,22.634,22.649,22.619,22.642,22.649,22.665,22.603,22.649,22.611,22.564,22.572,22.572,22.619,22.611,22.588,22.58,22.588,22.549,22.564,22.564,22.58,22.58,22.541,22.549,22.51,22.503,22.526,22.526,22.549,22.51,22.495,22.487,22.495,22.487,22.464,22.41,22.449,22.449,22.464,22.456,22.479,22.479,22.479,22.456,22.456,22.433,22.441,22.425,22.433,22.394,22.394,22.379,22.41,22.418,22.418,22.418,22.402,22.402,22.41,22.379,22.387
,22.216,22.216,22.201,22.216,22.178,22.224,22.185,22.209,22.178,22.178,22.193,22.201,22.216,22.209,22.209,22.216,22.216,22.209,22.216,22.224,22.24,22.278,22.24,22.278,22.278,22.278,22.294,22.286,22.278,22.247,22.232,22.24,22.232,22.24,22.216,22.271,22.278,22.278,22.294,22.286,22.263,22.232,22.24,22.216,22.24,22.278,22.263,22.302,22.302,22.294,22.294,22.309,22.294,22.286,22.302,22.286,22.302,22.317,22.302,22.317,22.332,22.325,22.34,22.34,22.332,22.348,22.34,22.356,22.356,22.356,22.363,22.387,22.394,22.379,22.356,22.34,22.34,22.348,22.34,22.363,22.371,22.371,22.394,22.394,22.402,22.41,22.41,22.394,22.402,22.41,22.418,22.418,22.41,22.433,22.425,22.449,22.433,22.433,22.441,22.441,22.425,22.433,22.441,22.449,22.449,22.464,22.487,22.495,22.503,22.526,22.541,22.557,22.557,22.541,22.526,22.557,22.526,22.534,22.534,22.557,22.541,22.595,22.564,22.564,22.588,22.564,22.557,22.557,22.557,22.557,22.603,22.603,22.595,22.595,22.611,22.595,22.642,22.657,22.68,22.68,22.703,22.703,22.711,22.711,22.703,22.703,22.711,22.711,22.742,22.75,22.765,22.788,22.804,22.811,22.819,22.834,22.827,22.819,22.834,22.842,22.85,22.881,22.904,22.919,22.919,22.958,22.958,22.973,22.996,22.996,23.011,23.004,23.019,23.019,23.034,23.011,23.011,22.927,22.904,22.95,23.004,23.042,23.257,23.464,23.594,23.823,23.892,23.945,24.12,24.249,24.454,24.538,24.81,24.999,25.021,25.255,25.42,25.525,25.683,25.795,25.818,25.832,25.803,25.773,25.705,25.795,25.773,25.9,26.124,26.325,26.459,26.66,26.852,26.86,27.178,27.458,27.524,27.532,27.392,27.222,26.012,24.719,24.787,24.719,24.719,24.886,24.976,25.112,25.27,25.413,25.548,25.705,25.765,26.072,26.318,26.385,26.496,26.963,27.163,27.679,28.521,30.55,31.036,31.121,31.221,31.178,31.036,29.955,29.861,29.89,30.027,30.149,31.107,33.383,34.23,34.417,34.603,34.693,34.707,34.906,34.961,35.051,35.174,35.311,35.339,35.387,35.393,35.373,35.4,35.407,35.448,35.551,35.612,35.619,35.653,35.66,35.735,35.967,36.001,36.063,36.131,36.151,36.165,36.015,36.042,36.029,35.988,35.967,36.029,36.069,36.11,36.144,36.144,36.11,36.056,35.954,36.049,35.933,35.954,35.892,35.879,35.933,35.763,35.81,35.742,35.735,35.708,35.681,35.735,35.817,35.797,35.776,35.906,35.995,36.11,36.097,36.117,36.131,36.138,36.069,36.083,36.083,36.076,36.069,36.042,35.995,35.981,35.92,35.886,35.886,35.865,35.886,35.783,35.763,35.667,35.619,35.455,35.373,35.318,35.304,35.291,35.229,35.174,34.934,34.954,34.927,34.934,34.851,34.906,34.961,34.975,35.03,35.03,35.112,35.311,35.537,35.872,35.947,35.633,35.578,35.469,35.236,35.03,34.906,34.858,34.631,34.617,34.431,34.292,34.313,34.299,34.008,33.995,33.897,33.208,31.548,29.472,27.782,26.956,26.823,26.719,27.178,27.48,27.972,28.016,28.016,28.002,28.031,27.914,27.899,27.936,27.429,26.429,26.258,25.57,25.48,25.48,25.465,25.518,25.585,25.653,25.735,25.743,25.72,25.593,25.435,25.225,24.886,24.651,24.507,24.348,24.257,24.166,23.854,23.64,23.387,23.357,23.296,24.075,25.18,25.165,25.149,25.119,25.014,24.916,24.871,24.757,24.719,24.704,24.697,24.712,24.803,25.142,25.255,25.398,25.765,26.183,26.556,27.289,27.532,27.591,27.657,27.591,27.473,27.207,26.986,26.867,26.63,26.437,26.146,26.087,25.615,25.3,25.142,24.923,24.946,24.795,24.666,24.636,24.606,24.629,24.629,24.659,24.666,24.719,24.735,24.803,24.931,25.21,25.277,25.285,25.27,25.225,25.157,25.157,25.165,25.112,25.089,25.217,25.082,24.719,24.803,24.719,24.682,24.416,24.265,24.128,23.632,23.892,23.556,23.472,23.456,23.426,23.433,23.441,23.395,23.349,23.387,23.38,23.38,23.372,23.357,23.349,23.387,23.357,23.357,23.334,23.319,23.311,23.28,23.288,23.296,23.296,23.288,23.265,23.257,23.234,23.226,23.234,23.211,23.211,23.219,23.188,23.18,23.119,23.134,23.157,23.15,23.15,23.157,23.127,23.119,23.104,23.104,23.111,23.104,23.065,23.065,23.027,23.004,22.981,22.988,22.958,22.95,22.942,22.919,22.911,22.904,22.904,22.904,22.873,22.888,22.881,22.865,22.85,22.873,22.842,22.819,22.796,22.796,22.788,22.765,22.773,22.757,22.734,22.727,22.703,22.703,22.742,22.703,22.68,22.688,22.657,22.68,22.688,22.68,22.68,22.68,22.688,22.603,22.642,22.634,22.642,22.634,22.619,22.619,22.603,22.619,22.595,22.611,22.611,22.649,22.626,22.619,22.642,22.611,22.588,22.534,22.549,22.526,22.549,22.557,22.564,22.541,22.518,22.518,22.51,22.51,22.51,22.503,22.51,22.495,22.479,22.479,22.449,22.425,22.418,22.425,22.472,22.449,22.472,22.479,22.449,22.41,22.41,22.379,22.425,22.456,22.433,22.387,22.363,22.387,22.394,22.433,22.41,22.425,22.402,22.379,22.363,22.356
,22.247,22.185,22.232,22.178,22.209,22.17,22.193,22.17,22.139,22.185,22.17,22.193,22.193,22.209,22.216,22.216,22.232,22.24,22.24,22.232,22.209,22.24,22.247,22.294,22.247,22.278,22.294,22.294,22.278,22.247,22.255,22.224,22.247,22.24,22.247,22.255,22.263,22.263,22.263,22.263,22.263,22.255,22.255,22.232,22.247,22.255,22.247,22.263,22.278,22.278,22.302,22.286,22.309,22.294,22.309,22.302,22.294,22.309,22.286,22.309,22.332,22.356,22.348,22.332,22.363,22.332,22.371,22.356,22.356,22.348,22.371,22.379,22.371,22.363,22.356,22.34,22.332,22.34,22.325,22.348,22.356,22.356,22.371,22.402,22.41,22.394,22.41,22.41,22.41,22.418,22.418,22.425,22.418,22.433,22.433,22.441,22.433,22.433,22.433,22.41,22.425,22.433,22.433,22.441,22.449,22.464,22.472,22.479,22.51,22.51,22.526,22.549,22.534,22.557,22.541,22.503,22.564,22.572,22.541,22.557,22.557,22.557,22.572,22.572,22.572,22.564,22.572,22.557,22.557,22.557,22.588,22.58,22.603,22.588,22.595,22.603,22.657,22.68,22.688,22.711,22.703,22.719,22.727,22.727,22.719,22.719,22.703,22.719,22.734,22.742,22.773,22.788,22.788,22.811,22.819,22.811,22.819,22.819,22.842,22.85,22.865,22.881,22.896,22.911,22.919,22.965,22.965,22.988,23.004,23.004,23.004,23.011,23.011,23.027,23.042,23.042,23.011,22.988,23.004,23.134,23.104,23.265,23.533,23.602,23.609,23.922,24.037,24.128,24.371,24.515,24.651,24.886,24.923,25.157,25.18,25.503,25.66,25.69,25.698,25.743,25.788,25.795,25.728,25.683,25.743,25.72,25.847,26.019,26.273,26.459,26.726,26.786,27.052,27.392,27.539,27.591,27.657,27.657,27.583,27.355,24.886,24.795,24.81,24.742,24.735,24.803,24.938,25.067,25.3,25.368,25.6,25.585,25.937,26.131,26.288,26.236,26.593,26.919,27.052,27.384,28.44,30.579,31.072,31.207,31.235,31.192,30.264,29.854,29.876,29.883,29.969,30.199,30.815,32.802,34.036,34.403,34.582,34.686,34.782,34.831,34.913,35.023,35.016,35.222,35.332,35.407,35.476,35.489,35.503,35.441,35.469,35.51,35.599,35.585,35.626,35.688,35.66,35.729,36.042,36.042,36.117,36.158,36.185,36.206,36.192,36.158,36.069,36.097,36.124,36.151,36.158,36.199,36.192,36.172,36.158,36.104,36.117,36.083,36.063,36.165,36.185,36.206,36.219,36.083,36.001,36.056,36.001,35.967,36.015,35.954,36.035,36.049,36.076,36.117,36.138,36.144,36.144,36.151,36.104,36.063,36.063,36.056,36.049,36.056,36.076,36.076,36.097,35.995,35.933,35.954,35.906,35.838,35.838,35.77,35.722,35.482,35.421,35.373,35.339,35.277,35.208,35.064,34.975,34.941,34.844,34.837,34.789,34.831,34.899,34.934,34.954,34.947,35.037,35.14,35.455,35.688,35.742,35.599,35.592,35.414,35.291,35.222,35.099,34.817,34.769,34.576,34.451,34.355,34.251,34.147,34.064,33.995,33.953,33.821,32.844,30.515,28.543,27.06,26.407,26.198,26.541,27.111,27.355,27.921,28.06,28.075,28.09,28.046,28.09,28.024,28.082,27.429,26.288,25.765,25.488,25.465,25.458,25.45,25.51,25.525,25.668,25.728,25.75,25.713,25.69,25.45,25.119,24.886,24.636,24.386,24.371,24.181,23.968,23.831,23.693,23.464,23.372,23.311,23.998,25.187,25.195,25.172,25.127,25.014,24.976,24.878,24.78,24.712,24.682,24.674,24.674,24.772,24.863,24.984,25.33,25.375,25.638,26.236,26.897,27.451,27.635,27.664,27.598,27.561,27.48,27.399,27.215,26.926,26.667,26.63,26.109,25.818,25.585,25.465,25.052,24.916,24.863,24.855,24.651,24.659,24.629,24.636,24.629,24.644,24.704,24.697,24.81,24.901,24.991,25.195,25.18,25.277,25.232,25.225,25.232,25.21,25.225,25.285,25.315,25.27,25.127,24.916,25.014,24.908,25.036,24.848,24.81,24.492,24.242,24.075,24.113,23.602,23.502,23.487,23.464,23.433,23.403,23.41,23.387,23.372,23.464,23.349,23.449,23.418,23.372,23.38,23.357,23.334,23.319,23.296,23.319,23.326,23.303,23.303,23.272,23.249,23.249,23.249,23.234,23.188,23.219,23.196,23.188,23.157,23.165,23.15,23.157,23.157,23.18,23.157,23.142,23.134,23.119,23.111,23.127,23.104,23.127,23.058,23.019,23.011,22.996,22.988,22.95,22.934,22.919,22.911,22.927,22.911,22.927,22.911,22.904,22.888,22.904,22.873,22.873,22.858,22.865,22.842,22.804,22.796,22.757,22.796,22.78,22.788,22.734,22.742,22.734,22.68,22.696,22.68,22.703,22.696,22.696,22.688,22.68,22.68,22.673,22.68,22.665,22.649,22.649,22.626,22.619,22.619,22.626,22.626,22.611,22.619,22.595,22.58,22.634,22.611,22.611,22.634,22.642,22.611,22.611,22.541,22.534,22.549,22.549,22.541,22.557,22.549,22.534,22.526,22.495,22.51,22.518,22.518,22.526,22.503,22.487,22.418,22.456,22.356,22.387,22.449,22.425,22.472,22.464,22.495,22.472,22.479,22.441,22.41,22.418,22.41,22.387,22.418,22.41,22.425,22.464,22.472,22.464,22.441,22.394,22.441,22.371,22.348
,22.185,22.178,22.178,22.209,22.185,22.193,22.193,22.185,22.193,22.154,22.17,22.201,22.201,22.209,22.232,22.224,22.232,22.232,22.232,22.216,22.216,22.24,22.263,22.255,22.263,22.271,22.286,22.278,22.278,22.263,22.24,22.247,22.24,22.247,22.255,22.255,22.263,22.271,22.255,22.255,22.255,22.247,22.247,22.24,22.247,22.255,22.302,22.271,22.271,22.286,22.271,22.286,22.286,22.286,22.302,22.302,22.294,22.294,22.286,22.286,22.294,22.325,22.348,22.34,22.356,22.363,22.348,22.348,22.325,22.34,22.348,22.363,22.363,22.356,22.348,22.34,22.325,22.325,22.332,22.325,22.356,22.356,22.379,22.402,22.394,22.387,22.418,22.387,22.41,22.418,22.425,22.425,22.425,22.433,22.433,22.441,22.456,22.464,22.433,22.441,22.425,22.418,22.425,22.456,22.441,22.456,22.472,22.464,22.487,22.495,22.503,22.495,22.549,22.541,22.526,22.526,22.518,22.534,22.541,22.541,22.557,22.572,22.549,22.549,22.572,22.564,22.564,22.557,22.557,22.564,22.603,22.572,22.58,22.595,22.588,22.611,22.657,22.665,22.688,22.711,22.719,22.727,22.734,22.719,22.727,22.727,22.719,22.734,22.734,22.719,22.757,22.773,22.796,22.796,22.796,22.804,22.819,22.819,22.834,22.858,22.873,22.881,22.904,22.904,22.927,22.95,22.973,22.981,22.996,22.996,23.004,23.011,23.019,23.027,23.019,23.034,22.996,23.004,23.088,23.065,23.311,23.525,23.579,23.755,23.869,24.021,24.12,24.31,24.523,24.606,24.833,24.984,25.247,25.443,25.555,25.615,25.668,25.713,25.728,25.683,25.638,25.69,25.668,25.69,25.743,26.019,26.131,26.221,26.414,26.608,26.808,27.104,27.281,27.48,27.605,27.745,27.826,27.723,27.694,26.377,24.84,24.855,24.825,24.682,24.697,24.803,24.961,25.127,25.172,25.24,25.653,25.6,25.72,26.004,26.087,26.28,26.504,26.66,26.993,27.458,28.148,30.393,31.15,31.249,31.228,31.143,29.919,29.782,29.847,29.869,29.948,30.199,30.636,32.17,33.731,34.41,34.527,34.589,34.741,34.796,34.892,34.92,35.023,35.215,35.346,35.407,35.482,35.517,35.537,35.551,35.558,35.565,35.524,35.585,35.64,35.64,35.633,35.667,35.735,35.824,35.974,36.131,36.206,36.226,36.26,36.28,36.233,36.26,36.212,36.226,36.253,36.219,36.212,36.199,36.165,36.165,36.131,36.124,36.138,36.165,36.199,36.226,36.212,36.226,36.192,36.117,36.076,36.069,36.042,36.042,36.069,36.11,36.124,36.144,36.144,36.144,36.151,36.131,36.104,36.056,36.035,36.035,36.063,36.083,36.097,36.124,36.056,36.104,36.015,35.981,35.913,35.838,35.783,35.653,35.524,35.476,35.359,35.27,35.202,35.16,35.078,34.934,34.879,34.789,34.72,34.741,34.755,34.782,34.803,34.886,34.906,34.941,35.016,35.311,35.53,35.578,35.585,35.558,35.462,35.195,35.195,35.037,34.872,34.796,34.741,34.555,34.389,34.313,34.161,34.119,34.071,33.974,34.05,33.668,31.725,29.407,27.598,26.079,25.72,25.892,26.466,26.712,27.289,27.87,28.155,28.104,28.177,28.141,28.126,28.06,28.082,26.897,26.087,25.585,25.495,25.458,25.443,25.435,25.518,25.608,25.683,25.75,25.735,25.705,25.593,25.443,25.142,24.946,24.636,24.379,24.287,24.021,23.938,23.762,23.609,23.441,23.387,23.395,23.617,25.18,25.195,25.18,25.149,25.021,24.954,24.901,24.742,24.735,24.689,24.674,24.659,24.674,24.772,24.886,25.255,25.428,25.435,25.937,26.377,27.111,27.62,27.738,27.723,27.708,27.694,27.701,27.488,27.34,26.986,26.689,26.28,25.982,25.593,25.54,25.18,25.097,24.999,24.855,24.735,24.644,24.621,24.613,24.606,24.636,24.659,24.674,24.697,24.704,24.886,24.946,25.067,25.21,25.27,25.217,25.24,25.27,25.247,25.323,25.458,25.503,25.345,25.217,25.127,25.142,25.089,25.142,25.074,25.059,24.848,24.84,24.803,24.644,24.644,24.371,24.158,23.93,23.93,23.441,23.441,23.426,23.41,23.387,23.472,23.418,23.395,23.418,23.38,23.349,23.334,23.341,23.341,23.303,23.326,23.288,23.296,23.249,23.257,23.242,23.226,23.234,23.226,23.203,23.18,23.15,23.142,23.15,23.18,23.173,23.173,23.165,23.15,23.088,23.111,23.088,23.127,23.127,23.104,23.058,23.034,23.027,22.981,22.996,22.973,22.927,22.911,22.927,22.896,22.904,22.919,22.896,22.896,22.888,22.881,22.881,22.873,22.888,22.858,22.858,22.842,22.811,22.811,22.78,22.788,22.757,22.75,22.703,22.727,22.68,22.703,22.665,22.696,22.68,22.642,22.673,22.68,22.665,22.68,22.673,22.665,22.642,22.611,22.611,22.611,22.611,22.619,22.611,22.603,22.603,22.603,22.603,22.603,22.603,22.611,22.611,22.619,22.588,22.557,22.549,22.534,22.541,22.549,22.557,22.549,22.51,22.526,22.503,22.503,22.534,22.541,22.534,22.526,22.51,22.51,22.503,22.441,22.456,22.394,22.449,22.441,22.449,22.495,22.487,22.495,22.472,22.425,22.418,22.425,22.441,22.425,22.441,22.433,22.41,22.387,22.425,22.464,22.41,22.418,22.433,22.394,22.371
,22.139,22.147,22.162,22.185,22.178,22.193,22.185,22.224,22.232,22.247,22.247,22.224,22.224,22.232,22.224,22.247,22.24,22.247,22.232,22.247,22.232,22.216,22.224,22.24,22.271,22.271,22.271,22.278,22.263,22.24,22.24,22.24,22.247,22.255,22.263,22.263,22.255,22.271,22.263,22.247,22.263,22.24,22.263,22.263,22.255,22.263,22.24,22.286,22.271,22.263,22.271,22.286,22.286,22.302,22.309,22.302,22.294,22.332,22.294,22.302,22.302,22.317,22.332,22.348,22.363,22.363,22.348,22.356,22.332,22.34,22.356,22.356,22.348,22.348,22.348,22.34,22.332,22.317,22.332,22.332,22.348,22.356,22.379,22.394,22.387,22.402,22.41,22.394,22.418,22.433,22.433,22.433,22.433,22.433,22.449,22.456,22.464,22.449,22.441,22.441,22.425,22.441,22.464,22.449,22.456,22.464,22.464,22.472,22.479,22.487,22.487,22.503,22.51,22.518,22.503,22.518,22.549,22.534,22.572,22.557,22.549,22.557,22.541,22.557,22.564,22.572,22.564,22.588,22.58,22.588,22.603,22.603,22.588,22.595,22.611,22.642,22.673,22.688,22.703,22.703,22.719,22.719,22.734,22.742,22.742,22.727,22.734,22.734,22.727,22.742,22.757,22.75,22.796,22.796,22.796,22.804,22.819,22.819,22.842,22.858,22.881,22.896,22.904,22.904,22.934,22.95,22.973,22.988,22.996,22.988,23.004,23.019,23.027,23.042,23.088,23.05,23.034,23.042,23.134,23.265,23.418,23.556,23.625,23.899,24.029,24.082,24.204,24.47,24.727,24.757,24.871,24.999,25.48,25.593,25.638,25.683,25.675,25.69,25.66,25.615,25.608,25.645,25.705,25.9,25.975,26.094,26.251,26.504,26.645,26.875,27.037,27.229,27.517,27.605,27.818,27.884,27.87,27.877,27.679,25.006,24.795,24.772,24.81,24.712,24.727,24.803,24.991,25.149,25.24,25.353,25.51,25.66,25.728,26.094,26.206,26.243,26.318,26.563,26.926,27.362,27.914,30.343,31.121,31.249,31.2,30.529,29.753,29.775,29.789,29.818,29.948,30.185,30.543,31.781,33.675,34.244,34.5,34.638,34.707,34.81,34.844,34.927,35.057,35.167,35.332,35.4,35.482,35.558,35.565,35.592,35.626,35.544,35.524,35.524,35.592,35.592,35.619,35.674,35.688,35.845,35.879,36.022,36.178,36.233,36.274,36.253,36.267,36.246,36.267,36.233,36.253,36.233,36.226,36.226,36.199,36.199,36.185,36.165,36.172,36.192,36.219,36.233,36.233,36.246,36.233,36.185,36.144,36.083,36.083,36.104,36.104,36.124,36.124,36.158,36.158,36.151,36.131,36.11,36.056,36.029,36.035,36.042,36.056,36.09,36.104,36.124,36.158,36.09,36.008,35.954,35.879,35.708,35.633,35.517,35.489,35.346,35.332,35.195,35.188,35.174,34.954,34.865,34.782,34.7,34.686,34.693,34.713,34.755,34.775,34.865,34.913,34.968,35.105,35.393,35.551,35.503,35.524,35.469,35.393,35.229,35.147,35.002,34.769,34.7,34.596,34.444,34.424,34.327,34.209,34.099,34.071,34.036,33.967,33.501,30.815,28.433,26.674,25.645,25.63,25.862,26.481,26.8,27.289,27.642,28.265,28.389,28.294,28.229,28.214,28.221,27.98,26.437,25.818,25.54,25.458,25.42,25.405,25.45,25.51,25.585,25.69,25.78,25.765,25.705,25.615,25.338,25.021,24.969,24.651,24.666,24.28,24.006,23.777,23.732,23.548,23.426,23.372,23.349,23.541,25.202,25.187,25.18,25.157,25.059,24.938,24.931,24.765,24.735,24.689,24.666,24.674,24.666,24.704,24.84,24.954,25.21,25.48,25.87,26.079,26.652,27.399,27.716,27.767,27.796,27.804,27.84,27.774,27.627,27.266,26.904,26.622,26.333,25.997,25.66,25.51,25.36,24.999,24.961,24.818,24.689,24.644,24.629,24.613,24.621,24.644,24.651,24.651,24.772,24.803,24.938,25.044,25.097,25.24,25.24,25.247,25.315,25.36,25.428,25.458,25.563,25.555,25.405,25.323,25.315,25.195,25.187,25.187,25.044,24.954,25.082,25.059,25.127,25.082,25.082,25.074,24.984,24.908,24.591,24.204,23.793,23.777,23.556,23.495,23.441,23.456,23.433,23.403,23.387,23.38,23.326,23.357,23.349,23.357,23.334,23.311,23.265,23.257,23.28,23.28,23.265,23.257,23.18,23.188,23.188,23.173,23.157,23.188,23.165,23.18,23.157,23.15,23.119,23.127,23.134,23.104,23.104,23.119,23.073,23.042,23.027,22.996,22.965,22.965,22.942,22.927,22.927,22.934,22.911,22.927,22.927,22.904,22.911,22.881,22.873,22.873,22.881,22.858,22.842,22.842,22.85,22.804,22.804,22.788,22.765,22.757,22.727,22.703,22.727,22.688,22.703,22.696,22.688,22.68,22.696,22.68,22.696,22.696,22.665,22.665,22.649,22.626,22.619,22.603,22.611,22.611,22.595,22.611,22.611,22.588,22.619,22.611,22.603,22.619,22.603,22.595,22.626,22.572,22.564,22.534,22.549,22.549,22.564,22.572,22.564,22.541,22.541,22.549,22.541,22.541,22.549,22.526,22.51,22.479,22.472,22.472,22.464,22.472,22.479,22.464,22.487,22.487,22.51,22.487,22.479,22.441,22.425,22.425,22.449,22.449,22.441,22.456,22.418,22.479,22.479,22.371,22.449,22.418,22.449,22.402,22.425
,22.116,22.147,22.147,22.147,22.178,22.147,22.185,22.178,22.201,22.185,22.201,22.209,22.216,22.209,22.209,22.24,22.247,22.271,22.263,22.247,22.232,22.209,22.216,22.232,22.247,22.271,22.255,22.24,22.263,22.232,22.24,22.232,22.263,22.247,22.255,22.255,22.255,22.271,22.255,22.255,22.255,22.271,22.24,22.216,22.263,22.271,22.247,22.255,22.255,22.24,22.271,22.271,22.286,22.294,22.309,22.302,22.302,22.294,22.309,22.294,22.317,22.317,22.332,22.348,22.356,22.363,22.348,22.348,22.356,22.356,22.34,22.34,22.348,22.34,22.332,22.34,22.34,22.34,22.325,22.356,22.34,22.371,22.371,22.379,22.379,22.387,22.387,22.394,22.425,22.433,22.433,22.441,22.441,22.441,22.441,22.456,22.449,22.464,22.449,22.441,22.425,22.425,22.449,22.441,22.472,22.464,22.472,22.464,22.472,22.479,22.472,22.503,22.495,22.495,22.495,22.526,22.518,22.541,22.549,22.557,22.549,22.541,22.557,22.549,22.58,22.572,22.58,22.595,22.588,22.58,22.603,22.588,22.603,22.603,22.626,22.626,22.642,22.673,22.688,22.703,22.711,22.734,22.727,22.727,22.711,22.727,22.719,22.719,22.734,22.742,22.742,22.78,22.773,22.811,22.788,22.788,22.796,22.827,22.85,22.873,22.881,22.888,22.896,22.911,22.919,22.958,22.973,22.996,22.996,22.996,23.004,23.019,23.019,23.05,23.073,23.034,23.119,23.127,23.249,23.387,23.571,23.732,23.777,24.006,24.105,24.363,24.568,24.613,24.712,24.908,25.157,25.277,25.563,25.668,25.698,25.675,25.638,25.63,25.638,25.6,25.615,25.623,25.705,25.937,26.131,26.243,26.429,26.645,26.741,27.074,27.082,27.443,27.583,27.789,27.943,27.95,27.921,27.855,26.407,24.803,24.84,24.855,24.833,24.674,24.697,24.818,24.976,25.165,25.225,25.368,25.465,25.638,25.743,25.87,26.191,26.236,26.333,26.652,26.889,27.082,27.826,29.789,31.178,31.221,31.143,30.077,29.76,29.753,29.782,29.84,29.984,30.091,30.242,31.569,32.921,34.14,34.5,34.582,34.686,34.72,34.817,34.858,34.968,35.009,35.236,35.428,35.496,35.571,35.592,35.688,35.667,35.626,35.558,35.517,35.53,35.571,35.626,35.674,35.64,35.694,35.701,35.838,35.899,35.947,36.24,36.26,36.253,36.26,36.219,36.226,36.226,36.219,36.226,36.212,36.212,36.192,36.185,36.158,36.185,36.178,36.219,36.233,36.219,36.206,36.165,36.192,36.11,36.097,36.076,36.063,36.097,36.117,36.104,36.151,36.151,36.144,36.104,36.097,36.076,36.049,36.029,36.049,36.09,36.11,36.131,36.151,36.124,36.083,36.008,35.872,35.715,35.681,35.524,35.407,35.304,35.215,35.133,35.126,35.057,34.927,34.796,34.734,34.693,34.631,34.679,34.665,34.686,34.707,34.734,34.81,34.851,35.023,35.25,35.366,35.53,35.496,35.393,35.352,35.263,35.16,35.112,34.879,34.72,34.651,34.541,34.451,34.334,34.237,34.112,34.085,34.085,34.002,33.828,32.767,29.465,27.605,25.967,25.518,25.247,25.653,26.385,26.726,27.126,27.686,28.287,28.499,28.543,28.535,28.353,28.258,27.546,26.236,25.773,25.405,25.39,25.353,25.413,25.413,25.57,25.765,25.81,25.78,25.758,25.683,25.548,25.262,25.014,24.863,24.666,24.401,24.394,23.991,23.823,23.602,23.533,23.403,23.395,23.341,23.579,25.18,25.195,25.18,25.165,25.074,24.999,24.886,24.81,24.772,24.697,24.682,24.659,24.666,24.704,24.78,25.059,25.217,25.39,25.615,25.803,26.34,26.897,27.458,27.657,27.877,27.848,27.914,27.884,27.826,27.627,27.141,27.045,26.726,26.243,25.9,25.6,25.473,25.052,25.089,24.825,24.674,24.666,24.629,24.629,24.621,24.621,24.636,24.719,24.742,24.803,24.871,24.954,25.074,25.149,25.21,25.21,25.308,25.315,25.458,25.533,25.488,25.54,25.54,25.383,25.315,25.277,25.225,25.202,25.127,25.119,25.134,25.119,25.082,25.149,25.119,25.119,25.089,25.157,25.097,24.878,24.719,24.341,24.538,23.823,23.632,23.617,23.556,23.418,23.433,23.387,23.403,23.38,23.387,23.387,23.357,23.326,23.311,23.272,23.288,23.28,23.265,23.28,23.203,23.203,23.188,23.173,23.18,23.15,23.157,23.157,23.157,23.15,23.127,23.111,23.134,23.134,23.081,23.104,23.081,23.058,23.034,23.011,22.996,22.965,22.965,22.942,22.942,22.927,22.927,22.919,22.911,22.911,22.896,22.896,22.865,22.881,22.865,22.842,22.85,22.834,22.842,22.811,22.842,22.788,22.773,22.742,22.742,22.711,22.665,22.696,22.696,22.696,22.703,22.703,22.711,22.711,22.665,22.68,22.665,22.649,22.665,22.642,22.619,22.603,22.611,22.619,22.611,22.619,22.619,22.603,22.595,22.58,22.603,22.626,22.588,22.564,22.588,22.564,22.534,22.541,22.541,22.564,22.549,22.58,22.549,22.549,22.503,22.549,22.541,22.534,22.534,22.534,22.518,22.518,22.526,22.394,22.479,22.479,22.487,22.441,22.503,22.487,22.479,22.472,22.479,22.464,22.449,22.418,22.441,22.449,22.441,22.441,22.425,22.472,22.425,22.433,22.418,22.449,22.441,22.425,22.387
,22.123,22.116,22.162,22.162,22.17,22.185,22.209,22.232,22.216,22.201,22.224,22.201,22.209,22.209,22.216,22.24,22.247,22.263,22.247,22.247,22.224,22.201,22.224,22.24,22.255,22.247,22.255,22.232,22.224,22.232,22.232,22.247,22.247,22.247,22.278,22.255,22.255,22.255,22.263,22.247,22.271,22.224,22.255,22.24,22.232,22.247,22.247,22.24,22.232,22.278,22.255,22.278,22.271,22.294,22.294,22.302,22.286,22.309,22.302,22.294,22.302,22.309,22.317,22.348,22.348,22.356,22.332,22.363,22.371,22.317,22.356,22.34,22.34,22.332,22.332,22.34,22.34,22.325,22.356,22.356,22.356,22.394,22.379,22.379,22.387,22.379,22.387,22.402,22.41,22.433,22.441,22.441,22.441,22.433,22.441,22.441,22.464,22.456,22.464,22.449,22.425,22.456,22.441,22.487,22.479,22.464,22.487,22.487,22.464,22.441,22.464,22.456,22.487,22.495,22.51,22.518,22.518,22.526,22.534,22.549,22.549,22.534,22.534,22.557,22.564,22.572,22.572,22.603,22.572,22.642,22.603,22.595,22.611,22.619,22.619,22.642,22.665,22.673,22.68,22.703,22.703,22.703,22.711,22.711,22.727,22.719,22.711,22.711,22.734,22.742,22.734,22.773,22.788,22.788,22.804,22.788,22.804,22.804,22.85,22.858,22.881,22.888,22.896,22.904,22.927,22.95,22.973,22.988,23.004,23.011,23.004,23.019,23.042,23.05,23.081,23.104,23.188,23.226,23.41,23.541,23.625,23.846,24.006,24.249,24.219,24.47,24.697,24.878,25.021,25.036,25.3,25.548,25.66,25.645,25.653,25.623,25.585,25.555,25.578,25.705,25.683,25.795,25.952,26.094,26.236,26.333,26.466,26.8,26.897,27.178,27.348,27.569,27.657,27.877,27.994,27.98,27.906,27.2,25.142,24.787,24.795,24.772,24.757,24.583,24.666,24.818,25.097,25.149,25.315,25.368,25.525,25.645,25.668,25.93,26.161,26.198,26.399,26.667,26.963,27.37,27.804,29.457,31.15,31.2,31.1,29.768,29.732,29.732,29.796,29.847,29.919,30.156,30.178,31.257,32.402,34.029,34.479,34.52,34.658,34.713,34.762,34.844,34.899,35.03,35.208,35.414,35.517,35.551,35.667,35.722,35.729,35.701,35.708,35.537,35.524,35.544,35.619,35.619,35.667,35.66,35.701,35.708,35.851,35.872,36.117,36.165,36.172,36.226,36.226,36.192,36.192,36.199,36.199,36.206,36.192,36.172,36.172,36.138,36.178,36.131,36.172,36.185,36.185,36.185,36.172,36.144,36.097,36.063,36.069,36.022,36.022,36.035,36.09,36.083,36.124,36.076,36.083,36.069,36.015,36.008,36.049,36.069,36.104,36.131,36.151,36.144,36.104,36.022,35.94,35.742,35.681,35.565,35.359,35.284,35.263,35.078,35.057,35.016,34.989,34.906,34.769,34.686,34.638,34.617,34.61,34.596,34.658,34.665,34.713,34.755,34.851,35.126,35.25,35.462,35.373,35.325,35.188,35.195,35.188,35.071,34.961,34.892,34.645,34.534,34.458,34.341,34.306,34.23,34.182,34.071,34.119,34.008,33.606,31.626,28.367,26.793,25.6,25.082,25.052,25.675,26.258,26.793,26.963,27.591,28.353,28.557,28.528,28.586,28.419,28.207,26.956,26.004,25.818,25.292,25.33,25.292,25.368,25.443,25.563,25.728,25.795,25.803,25.773,25.728,25.383,25.187,24.961,24.893,24.644,24.394,24.189,24.021,23.732,23.655,23.495,23.403,23.334,23.357,23.548,25.165,25.172,25.142,25.127,25.059,25.014,24.923,24.833,24.772,24.75,24.689,24.659,24.651,24.704,24.727,24.863,25.067,25.33,25.623,25.847,26.124,26.414,26.978,27.443,27.664,27.921,27.958,27.987,27.958,27.95,27.745,27.089,26.897,26.392,26.094,25.892,25.518,25.36,25.104,25.059,24.863,24.697,24.666,24.666,24.629,24.621,24.644,24.674,24.765,24.772,24.871,24.946,24.976,25.119,25.149,25.195,25.232,25.3,25.39,25.488,25.503,25.533,25.51,25.503,25.413,25.277,25.285,25.232,25.172,25.232,25.172,25.202,25.18,25.195,25.172,25.21,25.21,25.187,25.18,25.149,25.134,25.029,24.75,24.961,24.523,24.591,24.166,23.77,23.525,23.541,23.403,23.403,23.433,23.387,23.349,23.319,23.319,23.334,23.326,23.288,23.303,23.288,23.242,23.226,23.211,23.211,23.196,23.188,23.196,23.165,23.127,23.142,23.142,23.119,23.111,23.111,23.088,23.073,23.065,23.05,23.05,23.027,23.011,22.996,22.981,23.004,22.973,22.95,22.934,22.927,22.919,22.927,22.904,22.888,22.896,22.873,22.865,22.842,22.834,22.827,22.827,22.796,22.796,22.788,22.78,22.773,22.742,22.734,22.719,22.711,22.68,22.696,22.688,22.688,22.696,22.688,22.719,22.696,22.673,22.634,22.619,22.626,22.58,22.611,22.611,22.611,22.603,22.619,22.634,22.626,22.642,22.603,22.595,22.572,22.58,22.642,22.557,22.549,22.549,22.557,22.557,22.557,22.534,22.526,22.564,22.526,22.534,22.557,22.534,22.541,22.534,22.518,22.51,22.534,22.51,22.503,22.449,22.495,22.479,22.464,22.456,22.503,22.495,22.479,22.456,22.449,22.449,22.425,22.464,22.464,22.449,22.464,22.464,22.449,22.418,22.441,22.472,22.456,22.449,22.464,22.379
,22.046,22.147,22.131,22.17,22.139,22.185,22.178,22.193,22.216,22.216,22.201,22.201,22.201,22.209,22.232,22.232,22.247,22.255,22.247,22.247,22.224,22.201,22.209,22.232,22.232,22.232,22.247,22.216,22.224,22.24,22.247,22.24,22.247,22.255,22.255,22.255,22.255,22.263,22.255,22.263,22.278,22.271,22.224,22.255,22.255,22.247,22.247,22.255,22.224,22.278,22.278,22.286,22.286,22.278,22.294,22.286,22.302,22.302,22.309,22.317,22.309,22.317,22.325,22.332,22.363,22.348,22.348,22.348,22.332,22.356,22.363,22.332,22.348,22.332,22.332,22.356,22.348,22.332,22.379,22.356,22.363,22.379,22.379,22.379,22.363,22.387,22.394,22.433,22.418,22.425,22.441,22.449,22.433,22.433,22.433,22.456,22.433,22.464,22.456,22.456,22.441,22.456,22.456,22.472,22.487,22.51,22.495,22.495,22.472,22.449,22.479,22.495,22.518,22.518,22.518,22.526,22.541,22.549,22.534,22.557,22.534,22.557,22.572,22.564,22.595,22.564,22.572,22.619,22.595,22.626,22.619,22.603,22.634,22.634,22.642,22.649,22.649,22.673,22.68,22.673,22.703,22.703,22.711,22.711,22.703,22.696,22.727,22.719,22.727,22.765,22.78,22.796,22.78,22.796,22.796,22.811,22.819,22.819,22.85,22.865,22.881,22.888,22.904,22.904,22.927,22.95,22.988,23.004,23.019,23.011,23.019,23.019,23.05,23.081,23.119,23.18,23.288,23.464,23.533,23.663,23.892,24.021,24.128,24.249,24.553,24.757,24.984,25.014,25.112,25.39,25.57,25.645,25.653,25.675,25.645,25.63,25.615,25.63,25.615,25.66,25.758,25.952,26.057,26.146,26.385,26.377,26.593,26.889,27.037,27.311,27.679,27.84,27.943,27.994,28.016,27.965,27.818,26.318,24.78,24.772,24.825,24.803,24.787,24.576,24.735,24.893,25.119,25.292,25.338,25.353,25.555,25.63,25.698,26.012,26.131,26.295,26.288,26.533,26.926,27.348,27.76,28.848,31.143,31.185,30.422,29.753,29.703,29.746,29.753,29.89,30.02,30.063,30.135,30.865,32.17,33.522,34.424,34.576,34.679,34.727,34.769,34.899,34.947,35.037,35.27,35.352,35.407,35.585,35.694,35.783,35.824,35.783,35.804,35.688,35.565,35.53,35.592,35.626,35.64,35.64,35.681,35.722,35.756,35.831,35.906,36.097,36.192,36.063,36.172,36.172,36.144,36.165,36.178,36.131,36.158,36.09,36.104,36.083,36.083,36.124,36.09,36.11,36.138,36.11,36.104,36.11,36.069,36.042,36.022,35.974,36.022,35.96,35.981,35.995,36.015,36.022,36.015,36.029,36.008,36.015,36.049,36.069,36.104,36.124,36.069,36.09,36.09,35.974,35.831,35.749,35.503,35.407,35.304,35.208,35.071,35.078,34.913,34.996,34.872,34.817,34.734,34.61,34.569,34.493,34.527,34.527,34.61,34.638,34.693,34.775,35.009,35.174,35.215,35.38,35.318,35.202,35.147,35.16,35.126,34.975,34.968,34.803,34.707,34.513,34.41,34.313,34.237,34.223,34.189,34.175,34.133,33.793,33.606,30.536,27.745,26.399,25.292,24.871,25.18,25.855,26.34,26.778,27.008,27.539,28.265,28.615,28.666,28.696,28.666,28.273,26.749,25.885,25.503,25.24,25.247,25.338,25.277,25.533,25.765,25.765,25.84,25.832,25.81,25.735,25.54,25.638,25.18,24.871,24.591,24.53,24.227,23.945,23.899,23.586,23.495,23.456,23.364,23.341,23.77,25.127,25.172,25.172,25.134,25.074,25.021,24.969,24.893,24.833,24.742,24.735,24.666,24.659,24.689,24.727,24.803,24.938,25.3,25.54,25.803,26.034,26.161,26.355,26.912,27.51,27.818,28.06,28.075,28.038,28.097,27.818,27.443,27.097,26.652,26.295,26.004,25.533,25.458,25.149,25.059,24.848,24.855,24.697,24.682,24.651,24.651,24.674,24.689,24.772,24.78,24.863,24.961,24.999,25.052,25.119,25.149,25.202,25.255,25.33,25.428,25.503,25.533,25.548,25.533,25.488,25.42,25.345,25.3,25.247,25.21,25.21,25.21,25.195,25.232,25.225,25.24,25.24,25.217,25.247,25.225,25.202,25.195,25.195,25.157,24.969,24.999,24.674,24.727,24.666,24.052,23.777,23.479,23.433,23.479,23.387,23.38,23.357,23.387,23.357,23.341,23.303,23.296,23.272,23.242,23.226,23.219,23.203,23.188,23.18,23.173,23.15,23.15,23.15,23.119,23.119,23.119,23.111,23.088,23.088,23.073,23.042,23.011,23.004,23.004,23.004,22.996,22.996,22.996,22.965,22.942,22.927,22.919,22.904,22.896,22.896,22.888,22.888,22.85,22.834,22.842,22.827,22.811,22.819,22.811,22.804,22.796,22.75,22.757,22.742,22.703,22.703,22.734,22.703,22.727,22.703,22.673,22.68,22.649,22.657,22.673,22.665,22.665,22.649,22.657,22.619,22.619,22.611,22.626,22.642,22.642,22.649,22.649,22.611,22.58,22.572,22.549,22.557,22.58,22.595,22.557,22.572,22.541,22.534,22.526,22.549,22.487,22.526,22.534,22.526,22.518,22.518,22.518,22.503,22.51,22.518,22.464,22.51,22.425,22.479,22.479,22.51,22.479,22.472,22.472,22.479,22.449,22.449,22.441,22.449,22.441,22.464,22.449,22.433,22.433,22.425,22.464,22.472,22.472,22.449,22.433,22.387
,22.131,22.123,22.154,22.162,22.154,22.185,22.178,22.178,22.178,22.185,22.178,22.185,22.185,22.201,22.209,22.232,22.24,22.247,22.247,22.232,22.224,22.216,22.209,22.193,22.216,22.224,22.232,22.24,22.216,22.216,22.224,22.224,22.24,22.247,22.247,22.24,22.232,22.224,22.255,22.247,22.247,22.255,22.255,22.278,22.24,22.255,22.263,22.224,22.263,22.278,22.286,22.255,22.309,22.286,22.286,22.286,22.294,22.302,22.294,22.317,22.309,22.325,22.325,22.34,22.317,22.332,22.332,22.332,22.363,22.325,22.332,22.325,22.34,22.325,22.34,22.332,22.332,22.332,22.348,22.356,22.356,22.356,22.348,22.348,22.356,22.356,22.371,22.387,22.433,22.441,22.479,22.441,22.433,22.441,22.425,22.449,22.456,22.441,22.464,22.449,22.456,22.479,22.456,22.472,22.495,22.495,22.534,22.479,22.495,22.449,22.464,22.464,22.479,22.51,22.51,22.526,22.526,22.51,22.541,22.534,22.549,22.534,22.572,22.557,22.564,22.564,22.572,22.595,22.572,22.595,22.595,22.603,22.619,22.626,22.642,22.634,22.649,22.642,22.68,22.703,22.696,22.711,22.696,22.703,22.703,22.711,22.719,22.719,22.75,22.765,22.78,22.78,22.804,22.804,22.811,22.788,22.788,22.819,22.842,22.873,22.865,22.888,22.896,22.888,22.904,22.965,22.965,23.034,23.004,23.019,23.019,23.034,23.088,23.173,23.173,23.303,23.357,23.609,23.64,23.693,24.037,24.059,24.424,24.447,24.833,24.946,25.074,25.089,25.36,25.525,25.653,25.63,25.66,25.585,25.645,25.608,25.623,25.645,25.735,25.9,25.945,25.945,26.236,26.303,26.399,26.489,26.771,26.986,27.082,27.407,27.708,27.914,27.928,28.031,27.98,27.774,27.17,25.059,24.757,24.772,24.795,24.848,24.757,24.613,24.75,24.961,25.202,25.27,25.315,25.428,25.473,25.6,25.735,25.93,25.915,26.139,26.169,26.66,26.949,27.133,27.554,28.812,30.979,31.015,29.984,29.71,29.717,29.746,29.782,29.854,30.02,30.113,30.077,30.407,31.434,32.998,33.995,34.624,34.624,34.686,34.707,34.782,34.899,35.023,35.167,35.215,35.517,35.599,35.688,35.783,35.804,35.817,35.776,35.674,35.626,35.578,35.558,35.544,35.551,35.633,35.647,35.681,35.688,35.79,35.872,35.892,36.117,36.083,36.09,36.042,36.117,36.117,36.09,36.104,36.063,36.022,36.035,35.974,35.988,36.001,36.015,36.063,36.117,36.035,36.029,36.063,36.022,35.967,35.92,35.954,35.926,35.954,35.906,35.92,35.967,35.947,35.947,35.96,35.974,35.954,35.96,35.981,36.056,35.96,36.049,35.933,35.981,35.81,35.817,35.626,35.352,35.243,35.119,35.071,34.989,34.968,34.941,34.872,34.803,34.624,34.576,34.52,34.507,34.444,34.472,34.458,34.513,34.645,34.665,34.989,35.044,35.147,35.346,35.291,35.167,35.105,35.112,35.071,35.064,35.009,34.824,34.686,34.548,34.486,34.355,34.299,34.237,34.216,34.182,34.133,33.96,33.738,32.634,29.399,27.325,25.945,25.052,24.908,25.232,25.945,26.407,26.719,26.956,27.407,28.236,28.564,28.674,28.703,28.681,27.414,26.094,25.75,25.383,25.21,25.195,25.262,25.353,25.593,25.735,25.773,25.818,25.818,25.803,25.75,25.593,25.368,25.052,24.886,24.606,24.333,24.128,23.976,23.922,23.525,23.472,23.433,23.395,23.395,23.648,25.112,25.142,25.149,25.134,25.104,25.036,24.954,24.893,24.855,24.787,24.712,24.682,24.659,24.689,24.697,24.795,24.931,25.232,25.57,25.9,25.877,26.042,26.124,26.385,26.949,27.679,27.98,28.192,28.17,28.141,28.075,27.723,27.252,26.963,26.444,26.221,25.653,25.578,25.217,25.18,25.044,24.908,24.833,24.757,24.697,24.674,24.689,24.727,24.757,24.795,24.84,24.908,25.006,25.006,25.082,25.104,25.165,25.217,25.315,25.353,25.45,25.54,25.54,25.51,25.45,25.413,25.375,25.315,25.27,25.255,25.217,25.24,25.217,25.24,25.255,25.247,25.24,25.217,25.262,25.285,25.3,25.292,25.308,25.24,25.21,25.067,25.149,24.938,24.908,24.704,24.682,24.227,23.77,23.51,23.495,23.464,23.38,23.41,23.372,23.349,23.311,23.349,23.28,23.257,23.242,23.226,23.211,23.203,23.165,23.173,23.15,23.157,23.142,23.127,23.127,23.119,23.104,23.088,23.065,23.05,23.042,23.027,23.011,23.011,23.011,22.996,23.011,22.996,22.965,22.942,22.911,22.888,22.896,22.888,22.919,22.904,22.896,22.858,22.834,22.827,22.811,22.827,22.842,22.85,22.788,22.796,22.773,22.757,22.734,22.727,22.727,22.711,22.696,22.719,22.673,22.665,22.665,22.657,22.657,22.657,22.673,22.634,22.649,22.665,22.657,22.634,22.611,22.619,22.642,22.665,22.649,22.588,22.588,22.588,22.572,22.572,22.58,22.557,22.58,22.557,22.557,22.534,22.534,22.51,22.503,22.51,22.495,22.503,22.503,22.495,22.51,22.503,22.526,22.518,22.441,22.418,22.456,22.441,22.51,22.479,22.464,22.479,22.464,22.449,22.456,22.441,22.449,22.433,22.464,22.449,22.464,22.449,22.441,22.433,22.456,22.441,22.472,22.441,22.464,22.41,22.278
,22.123,22.116,22.154,22.154,22.147,22.185,22.178,22.178,22.162,22.154,22.162,22.178,22.185,22.193,22.216,22.224,22.232,22.24,22.232,22.232,22.216,22.201,22.193,22.201,22.209,22.216,22.216,22.185,22.209,22.24,22.232,22.232,22.24,22.255,22.255,22.24,22.232,22.224,22.271,22.24,22.247,22.24,22.24,22.24,22.255,22.247,22.247,22.255,22.255,22.34,22.325,22.294,22.302,22.302,22.278,22.271,22.286,22.302,22.309,22.302,22.325,22.309,22.325,22.332,22.332,22.348,22.34,22.34,22.348,22.34,22.325,22.325,22.309,22.332,22.325,22.317,22.332,22.325,22.325,22.332,22.34,22.332,22.332,22.363,22.363,22.348,22.363,22.371,22.394,22.449,22.433,22.433,22.41,22.425,22.418,22.441,22.441,22.456,22.449,22.456,22.449,22.449,22.456,22.456,22.495,22.503,22.503,22.479,22.472,22.479,22.464,22.479,22.487,22.518,22.51,22.518,22.534,22.534,22.526,22.526,22.534,22.534,22.534,22.564,22.564,22.557,22.595,22.588,22.557,22.588,22.595,22.611,22.619,22.626,22.619,22.649,22.642,22.665,22.68,22.711,22.703,22.703,22.711,22.711,22.719,22.703,22.719,22.734,22.75,22.757,22.78,22.78,22.796,22.804,22.811,22.811,22.804,22.804,22.827,22.85,22.842,22.881,22.888,22.911,22.927,22.958,22.973,23.011,23.019,23.027,23.058,23.088,23.142,23.219,23.296,23.395,23.64,23.732,23.96,24.037,24.227,24.447,24.492,24.591,24.991,25.044,25.089,25.413,25.525,25.6,25.615,25.608,25.57,25.623,25.608,25.668,25.638,25.705,25.87,25.922,26.027,26.191,26.251,26.333,26.608,26.697,26.889,27.089,27.303,27.591,27.694,28.009,28.031,28.038,27.95,27.569,26.221,24.735,24.772,24.787,24.772,24.84,24.689,24.621,24.84,24.908,25.127,25.323,25.39,25.458,25.555,25.623,25.735,25.78,25.945,26.109,26.303,26.459,26.749,27.067,27.51,28.528,30.922,30.736,29.739,29.688,29.739,29.71,29.854,29.869,30.07,30.127,30.063,30.214,31.335,32.212,33.466,34.527,34.638,34.645,34.713,34.789,34.817,35.009,35.126,35.215,35.496,35.606,35.708,35.77,35.838,35.851,35.845,35.838,35.729,35.66,35.599,35.544,35.537,35.578,35.565,35.626,35.694,35.715,35.804,35.831,35.926,35.886,35.906,35.933,36.008,36.049,36.063,36.042,36.001,35.981,35.995,35.967,35.967,35.988,36.022,36.029,36.001,36.001,35.947,36.008,35.94,35.926,35.886,35.865,35.906,35.865,35.872,35.858,35.899,35.892,35.865,35.872,35.892,35.892,35.906,35.776,35.77,35.879,35.906,35.933,35.824,35.708,35.653,35.517,35.284,35.119,35.092,35.057,34.975,34.954,34.831,34.755,34.686,34.507,34.465,34.361,34.417,34.327,34.403,34.41,34.472,34.582,34.913,35.03,35.023,35.236,35.318,35.119,35.037,34.982,34.927,34.989,34.982,34.961,34.844,34.624,34.507,34.382,34.327,34.272,34.265,34.244,34.216,34.182,34.008,33.786,30.922,28.302,26.904,25.585,25.067,24.984,25.638,26.004,26.585,26.808,26.919,27.635,28.411,28.688,28.776,28.87,28.55,26.823,25.975,25.488,25.33,25.255,25.18,25.202,25.247,25.653,25.758,25.825,25.832,25.832,25.81,25.75,25.69,25.24,25.014,24.848,24.598,24.287,24.143,23.915,23.945,23.571,23.487,23.456,23.403,23.372,23.838,25.165,25.187,25.149,25.127,25.097,25.044,24.976,24.954,24.855,24.81,24.765,24.704,24.666,24.651,24.674,24.772,24.878,25.232,25.398,25.75,25.758,25.773,25.945,26.251,26.355,26.867,27.686,28.17,28.207,28.192,28.155,28.082,27.657,27.023,26.533,26.31,26.116,25.653,25.398,25.217,25.082,24.954,24.818,24.803,24.742,24.704,24.719,24.727,24.75,24.81,24.84,24.901,24.938,24.991,25.044,25.067,25.119,25.142,25.195,25.33,25.413,25.488,25.495,25.488,25.465,25.428,25.398,25.368,25.3,25.27,25.262,25.27,25.277,25.277,25.27,25.262,25.255,25.255,25.262,25.292,25.308,25.323,25.33,25.323,25.255,25.262,25.195,25.149,25.104,25.029,24.855,24.825,24.75,24.545,24.272,23.686,23.525,23.464,23.403,23.395,23.319,23.288,23.303,23.288,23.265,23.234,23.226,23.219,23.173,23.196,23.18,23.157,23.15,23.127,23.119,23.111,23.104,23.096,23.088,23.065,23.05,23.05,23.019,23.019,23.011,23.019,23.004,23.011,22.981,22.942,22.934,22.888,22.865,22.881,22.919,22.888,22.881,22.865,22.85,22.842,22.834,22.834,22.842,22.827,22.788,22.788,22.765,22.75,22.75,22.734,22.727,22.719,22.711,22.696,22.68,22.688,22.673,22.688,22.68,22.673,22.657,22.673,22.657,22.634,22.626,22.619,22.603,22.611,22.642,22.657,22.657,22.634,22.611,22.588,22.58,22.588,22.572,22.564,22.572,22.572,22.557,22.549,22.534,22.534,22.526,22.479,22.503,22.51,22.51,22.495,22.503,22.526,22.495,22.518,22.534,22.518,22.487,22.51,22.495,22.479,22.456,22.456,22.456,22.449,22.449,22.449,22.449,22.441,22.456,22.441,22.464,22.464,22.441,22.433,22.425,22.449,22.449,22.464,22.441,22.418,22.371
,22.038,22.162,22.139,22.154,22.17,22.162,22.17,22.17,22.162,22.147,22.154,22.162,22.17,22.193,22.224,22.201,22.232,22.224,22.224,22.232,22.224,22.216,22.224,22.201,22.224,22.178,22.201,22.209,22.224,22.232,22.232,22.216,22.224,22.24,22.232,22.232,22.255,22.263,22.232,22.232,22.247,22.24,22.247,22.24,22.271,22.278,22.286,22.286,22.294,22.325,22.317,22.317,22.302,22.309,22.286,22.294,22.302,22.317,22.317,22.325,22.332,22.325,22.332,22.325,22.332,22.34,22.34,22.356,22.379,22.34,22.325,22.332,22.302,22.325,22.332,22.325,22.325,22.325,22.325,22.325,22.317,22.325,22.325,22.332,22.34,22.34,22.363,22.402,22.394,22.418,22.433,22.433,22.433,22.425,22.433,22.441,22.441,22.464,22.456,22.449,22.464,22.464,22.456,22.472,22.503,22.495,22.518,22.503,22.487,22.472,22.472,22.479,22.503,22.503,22.518,22.51,22.495,22.51,22.557,22.541,22.526,22.557,22.564,22.564,22.58,22.58,22.572,22.588,22.588,22.572,22.588,22.619,22.603,22.626,22.634,22.634,22.649,22.657,22.673,22.696,22.703,22.719,22.703,22.719,22.711,22.727,22.719,22.734,22.75,22.757,22.773,22.796,22.804,22.811,22.796,22.819,22.819,22.827,22.834,22.858,22.858,22.881,22.904,22.881,22.958,22.965,22.95,23.034,23.019,23.019,23.058,23.104,23.219,23.203,23.38,23.479,23.716,23.877,24.021,24.204,24.348,24.492,24.697,24.787,25.044,25.104,25.473,25.54,25.57,25.585,25.585,25.548,25.578,25.555,25.653,25.69,25.735,25.825,25.952,25.997,26.131,26.213,26.377,26.429,26.608,26.815,26.926,27.229,27.554,27.649,27.914,28.002,28.016,27.994,27.95,27.303,25.021,24.719,24.727,24.765,24.818,24.916,24.689,24.606,24.78,25.014,25.172,25.323,25.36,25.495,25.578,25.6,25.69,25.862,25.93,26.019,26.094,26.34,26.6,26.986,27.141,27.877,30.113,30.185,29.652,29.688,29.717,29.825,29.883,30.012,30.077,30.084,29.984,30.156,30.95,31.866,33.327,34.265,34.631,34.686,34.7,34.81,34.879,34.927,35.057,35.133,35.4,35.599,35.688,35.783,35.851,35.872,35.858,35.824,35.79,35.749,35.66,35.619,35.551,35.578,35.592,35.558,35.606,35.715,35.77,35.756,35.804,35.831,35.851,35.872,35.933,35.926,36.029,36.022,35.94,35.92,35.933,35.906,35.926,35.926,35.94,35.981,35.967,35.947,35.933,35.886,35.886,35.838,35.804,35.838,35.831,35.824,35.838,35.824,35.831,35.804,35.776,35.776,35.79,35.66,35.619,35.667,35.571,35.626,35.763,35.701,35.708,35.653,35.387,35.325,35.202,35.085,34.996,34.906,34.892,34.796,34.72,34.624,34.576,34.389,34.334,34.251,34.223,34.285,34.313,34.438,34.589,34.61,34.961,35.044,35.078,35.105,35.085,34.968,34.941,34.934,34.954,34.989,34.954,34.892,34.693,34.569,34.451,34.396,34.334,34.265,34.237,34.223,34.105,34.14,33.925,32.879,29.789,27.635,26.481,25.705,25.195,25.014,25.758,26.183,26.689,26.815,26.926,27.664,28.521,28.732,28.914,28.892,27.855,26.191,25.735,25.398,25.277,25.18,25.172,25.21,25.443,25.683,25.832,25.87,25.87,25.795,25.818,25.728,25.578,25.202,24.969,24.621,24.394,24.242,24.029,23.884,23.854,23.594,23.518,23.433,23.41,23.387,23.854,25.202,25.225,25.195,25.18,25.127,25.059,24.999,24.923,24.878,24.833,24.765,24.757,24.659,24.659,24.712,24.757,24.886,25.142,25.315,25.638,25.645,25.72,25.803,26.042,26.176,26.362,27.148,28.038,28.207,28.236,28.265,28.134,27.862,27.289,26.852,26.682,26.191,25.855,25.383,25.323,25.172,24.954,24.984,24.75,24.757,24.742,24.735,24.75,24.78,24.81,24.863,24.878,24.908,24.969,24.999,25.029,25.067,25.119,25.172,25.255,25.338,25.413,25.435,25.458,25.435,25.405,25.383,25.353,25.315,25.27,25.3,25.285,25.3,25.308,25.277,25.262,25.262,25.247,25.24,25.277,25.3,25.323,25.338,25.338,25.33,25.33,25.247,25.292,25.24,25.21,25.014,25.006,24.893,24.893,24.719,24.855,24.515,24.075,23.609,23.456,23.387,23.41,23.326,23.288,23.288,23.249,23.265,23.211,23.226,23.196,23.142,23.165,23.15,23.142,23.134,23.127,23.104,23.104,23.081,23.081,23.058,23.05,23.034,23.027,22.988,22.988,23.027,22.958,22.981,22.981,22.911,22.881,22.873,22.888,22.873,22.881,22.888,22.873,22.85,22.85,22.85,22.858,22.881,22.85,22.827,22.796,22.765,22.742,22.742,22.734,22.734,22.703,22.688,22.696,22.665,22.688,22.742,22.68,22.696,22.68,22.68,22.665,22.665,22.665,22.634,22.611,22.603,22.642,22.634,22.611,22.626,22.626,22.642,22.603,22.572,22.572,22.549,22.572,22.572,22.572,22.549,22.549,22.534,22.518,22.51,22.51,22.487,22.51,22.495,22.503,22.495,22.487,22.518,22.51,22.51,22.51,22.472,22.479,22.495,22.456,22.456,22.464,22.456,22.449,22.456,22.464,22.456,22.449,22.449,22.472,22.456,22.449,22.418,22.402,22.41,22.41,22.441,22.449,22.449,22.418,22.387
,21.999,22.17,22.123,22.139,22.17,22.154,22.154,22.139,22.147,22.139,22.147,22.162,22.162,22.185,22.201,22.17,22.216,22.216,22.224,22.232,22.232,22.232,22.216,22.232,22.193,22.232,22.201,22.201,22.185,22.216,22.209,22.232,22.232,22.24,22.232,22.24,22.232,22.247,22.271,22.247,22.255,22.24,22.247,22.278,22.271,22.278,22.286,22.294,22.286,22.286,22.302,22.325,22.309,22.302,22.294,22.309,22.286,22.317,22.317,22.332,22.332,22.332,22.332,22.34,22.34,22.34,22.356,22.356,22.402,22.348,22.34,22.325,22.317,22.332,22.332,22.332,22.325,22.332,22.317,22.317,22.309,22.325,22.332,22.325,22.34,22.34,22.356,22.363,22.371,22.402,22.402,22.425,22.449,22.433,22.425,22.433,22.449,22.456,22.464,22.441,22.449,22.441,22.449,22.449,22.487,22.495,22.479,22.503,22.479,22.472,22.495,22.487,22.487,22.51,22.503,22.518,22.526,22.534,22.541,22.549,22.526,22.541,22.557,22.557,22.572,22.588,22.595,22.58,22.572,22.58,22.595,22.588,22.603,22.611,22.626,22.626,22.634,22.642,22.673,22.673,22.688,22.688,22.711,22.711,22.711,22.719,22.727,22.727,22.75,22.75,22.765,22.78,22.788,22.796,22.804,22.811,22.819,22.827,22.834,22.85,22.842,22.873,22.904,22.904,22.919,22.973,22.996,23.019,23.011,23.042,23.111,23.111,23.28,23.326,23.464,23.739,23.854,24.052,24.173,24.379,24.492,24.659,24.908,25.18,25.187,25.42,25.525,25.54,25.593,25.615,25.653,25.623,25.645,25.66,25.675,25.72,25.84,25.937,26.072,26.124,26.169,26.221,26.511,26.57,26.712,26.86,27.074,27.458,27.561,27.855,28.053,28.06,28.053,28.009,27.818,25.488,24.674,24.689,24.727,24.787,24.818,24.976,24.878,24.674,24.651,24.923,25.067,25.225,25.48,25.54,25.578,25.608,25.683,25.743,25.825,25.937,25.982,26.377,26.414,26.83,27.082,27.532,29.595,29.753,29.667,29.659,29.782,29.775,29.962,30.056,30.127,30.048,29.876,29.876,30.422,31.484,32.423,33.543,34.576,34.665,34.7,34.796,34.851,34.989,34.989,35.126,35.298,35.407,35.578,35.776,35.865,35.886,35.899,35.879,35.831,35.756,35.729,35.667,35.606,35.558,35.489,35.517,35.633,35.701,35.674,35.701,35.735,35.715,35.729,35.708,35.776,35.92,35.845,35.947,35.886,35.886,35.899,35.872,35.886,35.906,35.906,35.926,35.94,35.906,35.886,35.81,35.77,35.783,35.715,35.763,35.763,35.742,35.701,35.749,35.742,35.708,35.708,35.64,35.681,35.558,35.551,35.503,35.469,35.455,35.476,35.667,35.489,35.496,35.38,35.222,35.078,34.982,34.844,34.837,34.81,34.762,34.638,34.513,34.486,34.334,34.299,34.195,34.202,34.265,34.382,34.507,34.638,34.886,35.002,35.044,35.071,35.057,35.051,34.941,34.899,34.837,34.892,34.865,34.879,34.762,34.651,34.431,34.403,34.375,34.313,34.279,34.258,34.223,34.147,34.078,33.877,31.477,28.783,27.222,26.206,25.705,25.51,25.51,25.72,26.258,26.734,27,27.074,27.738,28.615,28.95,28.957,28.885,27.443,25.9,25.638,25.398,25.24,25.21,25.172,25.195,25.525,25.892,25.915,25.907,25.87,25.81,25.773,25.668,25.443,25.262,24.818,24.507,24.401,24.189,24.067,23.915,23.816,23.701,23.541,23.395,23.372,23.372,23.831,25.27,25.247,25.232,25.165,25.119,25.097,25.044,24.923,24.901,24.833,24.81,24.742,24.712,24.674,24.697,24.765,24.893,25.029,25.18,25.24,25.45,25.495,25.698,25.803,26.049,26.087,26.541,27.738,28.207,28.302,28.273,28.309,28.082,27.671,27.089,26.882,26.429,26.169,25.84,25.405,25.262,25.097,24.923,24.908,24.825,24.75,24.735,24.757,24.803,24.84,24.855,24.886,24.878,24.931,24.969,25.006,25.029,25.052,25.082,25.165,25.21,25.398,25.383,25.405,25.39,25.375,25.383,25.353,25.353,25.338,25.338,25.315,25.323,25.33,25.308,25.285,25.262,25.24,25.247,25.277,25.308,25.33,25.338,25.353,25.368,25.36,25.383,25.383,25.443,25.255,25.383,25.165,25.134,24.954,24.991,24.961,24.901,24.991,24.757,24.462,23.877,23.502,23.464,23.357,23.326,23.265,23.226,23.272,23.203,23.226,23.211,23.157,23.18,23.142,23.15,23.142,23.127,23.111,23.104,23.058,23.042,23.05,23.027,23.034,23.027,23.004,22.981,22.996,22.965,22.958,22.95,22.919,22.919,22.911,22.896,22.888,22.858,22.865,22.858,22.873,22.865,22.873,22.842,22.811,22.773,22.75,22.773,22.75,22.75,22.742,22.727,22.711,22.696,22.688,22.703,22.703,22.719,22.727,22.719,22.657,22.742,22.657,22.642,22.649,22.619,22.649,22.634,22.619,22.642,22.626,22.657,22.603,22.611,22.619,22.58,22.58,22.595,22.572,22.572,22.572,22.549,22.549,22.549,22.534,22.518,22.518,22.51,22.526,22.503,22.472,22.487,22.503,22.51,22.51,22.503,22.487,22.487,22.487,22.479,22.464,22.456,22.449,22.456,22.464,22.441,22.456,22.433,22.464,22.464,22.487,22.464,22.425,22.418,22.41,22.41,22.41,22.456,22.441,22.464,22.433,22.402
,22.123,22.116,22.131,22.154,22.131,22.139,22.123,22.147,22.123,22.131,22.139,22.139,22.162,22.185,22.201,22.185,22.201,22.209,22.216,22.24,22.24,22.24,22.232,22.232,22.216,22.224,22.224,22.224,22.209,22.201,22.201,22.216,22.232,22.224,22.232,22.232,22.232,22.247,22.232,22.232,22.24,22.24,22.255,22.255,22.286,22.278,22.271,22.286,22.302,22.309,22.356,22.302,22.325,22.302,22.302,22.294,22.309,22.286,22.325,22.325,22.325,22.34,22.325,22.34,22.348,22.356,22.363,22.394,22.41,22.379,22.348,22.356,22.332,22.317,22.325,22.332,22.325,22.325,22.317,22.317,22.325,22.317,22.332,22.348,22.356,22.348,22.356,22.379,22.379,22.41,22.41,22.41,22.418,22.394,22.425,22.425,22.433,22.441,22.441,22.441,22.441,22.441,22.441,22.464,22.464,22.479,22.479,22.487,22.487,22.479,22.495,22.495,22.503,22.503,22.518,22.534,22.526,22.534,22.557,22.564,22.549,22.549,22.557,22.564,22.58,22.58,22.58,22.572,22.564,22.611,22.595,22.595,22.603,22.611,22.611,22.619,22.626,22.634,22.649,22.673,22.688,22.696,22.696,22.703,22.703,22.703,22.719,22.719,22.742,22.757,22.773,22.78,22.788,22.788,22.811,22.811,22.827,22.827,22.842,22.85,22.858,22.881,22.881,22.881,22.95,22.942,22.958,23.004,23.004,23.088,23.203,23.242,23.357,23.495,23.648,23.854,23.998,24.128,24.386,24.613,24.719,24.833,25.18,25.082,25.368,25.405,25.57,25.578,25.608,25.653,25.675,25.675,25.638,25.675,25.735,25.795,25.96,25.997,26.094,26.169,26.265,26.362,26.466,26.645,26.726,26.956,27.296,27.539,27.752,28.016,28.024,28.038,27.987,27.767,26.712,24.735,24.636,24.621,24.742,24.78,24.886,25.157,25.27,24.591,24.712,24.78,25.029,25.165,25.285,25.548,25.555,25.6,25.675,25.72,25.758,25.915,25.945,26.139,26.28,26.563,26.852,27.281,28.513,29.623,29.638,29.659,29.732,29.847,30.005,30.034,30.084,30.056,29.753,29.984,30.135,30.851,31.859,32.936,34.279,34.693,34.707,34.803,34.892,34.934,35.044,35.147,35.325,35.366,35.647,35.865,35.886,35.926,35.94,35.899,35.851,35.79,35.735,35.688,35.606,35.585,35.53,35.489,35.503,35.524,35.626,35.681,35.694,35.653,35.674,35.674,35.722,35.701,35.858,35.831,35.838,35.838,35.831,35.838,35.851,35.851,35.892,35.886,35.886,35.886,35.824,35.688,35.64,35.619,35.694,35.694,35.688,35.674,35.606,35.612,35.708,35.565,35.571,35.441,35.448,35.448,35.332,35.27,35.304,35.298,35.325,35.25,35.352,35.284,35.119,35.147,34.927,34.913,34.762,34.741,34.727,34.645,34.52,34.507,34.375,34.265,34.216,34.216,34.216,34.32,34.355,34.5,34.679,34.775,34.913,35.002,35.037,34.968,34.968,34.892,34.81,34.782,34.817,34.858,34.81,34.741,34.527,34.472,34.431,34.382,34.348,34.313,34.223,34.209,34.168,34.126,32.9,29.782,27.958,26.889,26.191,25.713,25.518,25.69,25.922,26.481,26.823,27.037,27.591,27.796,28.521,28.943,29.008,28.287,26.511,25.705,25.533,25.232,25.165,25.134,25.119,25.24,25.72,25.9,25.9,25.96,25.877,25.832,25.735,25.668,25.24,24.961,24.803,24.454,24.28,24.128,23.953,23.861,23.724,23.686,23.602,23.426,23.441,23.403,23.51,25.277,25.292,25.277,25.232,25.112,25.021,25.044,24.931,24.901,24.878,24.825,24.78,24.742,24.697,24.704,24.803,24.916,25.021,25.134,25.187,25.285,25.368,25.593,25.585,25.765,25.84,26.548,27.215,28.207,28.309,28.338,28.367,28.36,27.811,27.193,26.926,26.734,26.213,25.653,25.465,25.202,25.104,25.052,24.984,24.848,24.78,24.795,24.772,24.81,24.833,24.855,24.871,24.886,24.916,24.961,24.976,25.021,25.029,25.067,25.067,25.142,25.202,25.3,25.292,25.292,25.353,25.353,25.345,25.353,25.33,25.345,25.353,25.36,25.345,25.323,25.3,25.277,25.247,25.255,25.255,25.277,25.315,25.33,25.353,25.375,25.383,25.45,25.458,25.488,25.413,25.345,25.405,25.375,25.368,25.375,24.984,24.961,25.059,24.999,24.848,24.636,24.53,23.991,23.724,23.387,23.326,23.28,23.249,23.403,23.226,23.234,23.234,23.157,23.18,23.18,23.15,23.142,23.127,23.096,23.081,23.05,23.058,23.042,23.042,23.034,23.034,23.042,22.996,23.011,22.996,22.942,22.888,22.911,22.911,22.873,22.858,22.865,22.865,22.873,22.865,22.888,22.865,22.834,22.827,22.796,22.765,22.765,22.757,22.75,22.757,22.734,22.703,22.711,22.696,22.703,22.711,22.703,22.719,22.703,22.68,22.665,22.634,22.634,22.642,22.634,22.642,22.634,22.634,22.657,22.657,22.649,22.603,22.603,22.603,22.588,22.572,22.58,22.588,22.58,22.572,22.58,22.572,22.564,22.549,22.526,22.526,22.495,22.479,22.534,22.487,22.495,22.479,22.487,22.495,22.51,22.503,22.495,22.472,22.456,22.464,22.456,22.449,22.449,22.464,22.433,22.449,22.441,22.433,22.456,22.418,22.433,22.441,22.402,22.402,22.418,22.418,22.449,22.441,22.456,22.433,22.394
,22.139,22.162,22.139,22.123,22.116,22.131,22.131,22.147,22.131,22.131,22.139,22.147,22.17,22.193,22.185,22.201,22.209,22.209,22.216,22.224,22.232,22.24,22.247,22.247,22.263,22.247,22.247,22.224,22.216,22.193,22.185,22.209,22.224,22.216,22.232,22.232,22.224,22.232,22.224,22.232,22.232,22.24,22.24,22.271,22.271,22.286,22.294,22.294,22.309,22.309,22.302,22.34,22.325,22.309,22.317,22.317,22.317,22.309,22.317,22.325,22.325,22.332,22.34,22.332,22.371,22.356,22.387,22.387,22.402,22.356,22.371,22.332,22.332,22.356,22.348,22.317,22.348,22.34,22.325,22.348,22.34,22.34,22.348,22.363,22.363,22.363,22.387,22.387,22.379,22.394,22.418,22.394,22.418,22.433,22.418,22.418,22.418,22.433,22.449,22.441,22.449,22.441,22.456,22.464,22.456,22.479,22.479,22.487,22.495,22.51,22.51,22.495,22.503,22.495,22.503,22.518,22.526,22.549,22.557,22.564,22.572,22.564,22.557,22.58,22.58,22.588,22.572,22.595,22.58,22.634,22.603,22.603,22.619,22.619,22.611,22.626,22.619,22.634,22.649,22.673,22.68,22.673,22.68,22.703,22.688,22.703,22.719,22.727,22.75,22.757,22.773,22.796,22.796,22.804,22.811,22.819,22.827,22.842,22.842,22.858,22.881,22.873,22.896,22.904,22.919,22.981,22.996,23.019,23.096,23.196,23.211,23.296,23.495,23.579,23.709,24.006,24.219,24.363,24.644,24.78,25.142,25.225,25.247,25.255,25.42,25.615,25.623,25.668,25.69,25.713,25.72,25.698,25.72,25.75,25.803,25.818,25.93,26.064,26.146,26.265,26.295,26.444,26.474,26.8,26.838,27.052,27.421,27.804,27.943,28.046,28.053,28.031,27.899,27.605,25.353,24.606,24.598,24.651,24.75,24.772,24.931,25.315,26.064,24.598,24.591,24.689,24.908,25.149,25.323,25.525,25.578,25.578,25.66,25.705,25.705,25.78,25.922,26.042,26.228,26.385,26.793,27.074,27.899,29.58,29.645,29.674,29.746,29.905,29.984,30.02,30.063,29.991,29.746,29.717,29.847,30.622,31.675,32.536,33.654,34.645,34.775,34.824,34.913,35.009,35.03,35.154,35.27,35.414,35.66,35.817,35.954,35.947,35.995,35.94,35.892,35.804,35.756,35.708,35.674,35.599,35.537,35.476,35.469,35.496,35.585,35.633,35.667,35.64,35.64,35.633,35.619,35.674,35.694,35.742,35.77,35.783,35.797,35.824,35.838,35.838,35.851,35.858,35.851,35.783,35.797,35.626,35.578,35.612,35.619,35.633,35.606,35.578,35.558,35.592,35.544,35.482,35.4,35.359,35.339,35.215,35.181,35.202,35.167,35.215,35.126,35.147,35.188,35.147,35.037,34.961,34.968,34.851,34.762,34.7,34.7,34.651,34.562,34.306,34.244,34.251,34.223,34.216,34.223,34.313,34.382,34.582,34.61,34.796,34.975,35.002,35.002,34.879,34.851,34.775,34.748,34.713,34.727,34.81,34.775,34.72,34.541,34.479,34.431,34.375,34.341,34.265,34.223,34.175,34.133,34.015,31.548,28.623,27.244,26.459,26.101,25.69,25.645,25.773,26.101,26.556,26.823,27.148,27.774,28.148,28.717,28.972,28.965,27.443,26.295,25.578,25.315,25.187,25.074,25.082,25.202,25.548,25.713,25.945,25.93,25.967,25.9,25.847,25.69,25.51,25.149,24.961,24.636,24.416,24.257,23.976,23.892,23.884,23.808,23.724,23.556,23.472,23.395,23.357,23.487,24.432,25.308,25.315,25.292,25.217,25.119,25.059,24.991,24.901,24.878,24.848,24.78,24.78,24.765,24.765,24.855,24.946,25.097,25.089,25.142,25.157,25.232,25.27,25.375,25.518,25.735,26.109,26.615,27.796,28.251,28.338,28.404,28.419,28.185,27.73,27.097,26.838,26.533,25.96,25.495,25.398,25.127,25.104,24.961,24.848,24.787,24.795,24.795,24.81,24.84,24.855,24.886,24.916,24.969,24.961,24.991,25.014,25.021,25.067,25.089,25.104,25.112,25.225,25.225,25.277,25.277,25.262,25.277,25.308,25.345,25.36,25.383,25.375,25.338,25.33,25.3,25.285,25.255,25.247,25.255,25.262,25.285,25.315,25.33,25.353,25.435,25.465,25.495,25.488,25.525,25.555,25.548,25.533,25.503,25.435,25.375,25.074,25.074,25.089,25.127,25.142,24.803,24.765,24.818,24.325,23.77,23.586,23.364,23.357,23.326,23.265,23.188,23.265,23.211,23.203,23.196,23.157,23.142,23.111,23.104,23.081,23.065,23.058,23.05,23.042,23.034,23.034,23.027,23.027,22.965,22.965,22.95,22.942,22.904,22.942,22.904,22.865,22.934,22.865,22.881,22.888,22.873,22.842,22.834,22.796,22.78,22.78,22.773,22.765,22.75,22.734,22.719,22.727,22.703,22.665,22.68,22.703,22.696,22.696,22.688,22.673,22.649,22.619,22.634,22.642,22.688,22.657,22.665,22.649,22.665,22.634,22.611,22.595,22.588,22.603,22.572,22.541,22.572,22.572,22.588,22.588,22.58,22.564,22.557,22.51,22.534,22.534,22.541,22.472,22.487,22.464,22.472,22.503,22.487,22.495,22.503,22.472,22.464,22.449,22.456,22.441,22.456,22.464,22.449,22.456,22.449,22.425,22.449,22.41,22.433,22.441,22.418,22.425,22.418,22.41,22.418,22.441,22.479,22.464,22.456,22.526
,22.154,22.162,22.131,22.131,22.108,22.116,22.1,22.131,22.131,22.139,22.147,22.17,22.162,22.185,22.193,22.209,22.232,22.193,22.216,22.216,22.216,22.247,22.247,22.263,22.263,22.255,22.24,22.232,22.216,22.232,22.224,22.216,22.224,22.224,22.232,22.224,22.224,22.224,22.224,22.232,22.224,22.255,22.271,22.255,22.271,22.263,22.294,22.278,22.302,22.317,22.309,22.34,22.332,22.325,22.309,22.317,22.271,22.317,22.332,22.317,22.325,22.317,22.325,22.332,22.34,22.363,22.363,22.387,22.356,22.34,22.309,22.34,22.34,22.348,22.371,22.371,22.325,22.332,22.332,22.332,22.348,22.34,22.356,22.34,22.356,22.379,22.379,22.379,22.387,22.394,22.394,22.402,22.418,22.425,22.418,22.41,22.425,22.425,22.425,22.441,22.433,22.449,22.441,22.464,22.464,22.479,22.472,22.479,22.487,22.503,22.518,22.503,22.503,22.51,22.51,22.526,22.534,22.541,22.557,22.564,22.557,22.572,22.58,22.564,22.58,22.572,22.588,22.588,22.611,22.611,22.611,22.619,22.619,22.619,22.619,22.611,22.634,22.642,22.657,22.665,22.665,22.673,22.665,22.673,22.68,22.703,22.719,22.727,22.742,22.757,22.773,22.796,22.788,22.811,22.819,22.827,22.834,22.827,22.834,22.865,22.858,22.888,22.911,22.911,22.934,22.965,23.011,23.042,23.119,23.165,23.257,23.41,23.533,23.777,24.082,24.341,24.318,24.674,24.81,24.969,25.255,25.285,25.383,25.488,25.63,25.645,25.743,25.713,25.743,25.758,25.758,25.735,25.758,25.818,25.832,25.922,25.982,26.116,26.191,26.28,26.347,26.437,26.622,26.845,27.089,27.259,27.635,27.818,28.016,28.068,28.031,27.972,27.73,26.637,24.545,24.56,24.568,24.689,24.666,24.795,25.24,25.93,26.265,24.893,24.591,24.689,24.818,25.165,25.36,25.555,25.54,25.563,25.608,25.668,25.69,25.765,25.915,26.072,26.206,26.333,26.645,26.882,27.532,29.233,29.631,29.688,29.739,29.933,29.976,30.012,30.063,29.976,29.688,29.638,29.739,30.457,31.192,31.951,32.879,34.534,34.831,34.886,34.961,35.023,35.085,35.298,35.359,35.517,35.783,35.838,35.96,35.974,36.049,35.967,35.879,35.783,35.77,35.735,35.667,35.619,35.524,35.496,35.489,35.448,35.524,35.612,35.606,35.626,35.606,35.578,35.558,35.551,35.626,35.674,35.701,35.715,35.776,35.776,35.81,35.81,35.804,35.776,35.783,35.708,35.606,35.448,35.448,35.496,35.537,35.592,35.551,35.517,35.489,35.51,35.476,35.414,35.393,35.318,35.284,35.236,35.154,35.119,35.112,35.105,35.085,35.112,35.064,35.002,34.892,34.775,34.824,34.741,34.679,34.672,34.631,34.534,34.361,34.292,34.272,34.244,34.202,34.223,34.272,34.355,34.417,34.513,34.603,34.769,34.879,34.906,34.851,34.872,34.72,34.638,34.651,34.679,34.707,34.755,34.734,34.638,34.534,34.444,34.431,34.348,34.279,34.237,34.23,34.182,34.112,33.369,29.681,27.796,26.956,26.333,25.72,25.75,25.653,25.93,26.325,26.6,27.06,27.34,27.76,28.397,28.87,28.986,28.696,26.697,25.982,25.51,25.142,25.104,25.036,25.036,25.149,25.832,25.892,25.967,25.952,25.937,25.907,25.788,25.615,25.555,25.112,24.893,24.56,24.28,24.151,24.037,23.899,23.854,23.785,23.724,23.579,23.518,23.387,23.341,23.311,24.318,25.345,25.323,25.308,25.262,25.127,25.059,25.029,24.984,24.916,24.871,24.818,24.81,24.795,24.901,24.916,25.052,25.014,25.029,25.021,25.059,25.165,25.18,25.262,25.353,25.458,25.818,26.608,27.348,28.185,28.302,28.397,28.331,28.221,27.826,27.716,27.082,26.622,26.176,25.705,25.503,25.21,25.089,24.954,24.901,24.848,24.825,24.818,24.833,24.855,24.886,24.931,24.931,24.954,24.969,24.976,24.999,25.021,25.052,25.082,25.089,25.119,25.149,25.187,25.202,25.21,25.24,25.247,25.292,25.3,25.345,25.383,25.368,25.36,25.338,25.292,25.27,25.277,25.247,25.27,25.255,25.262,25.27,25.308,25.368,25.458,25.48,25.525,25.57,25.555,25.57,25.578,25.57,25.518,25.458,25.405,25.285,25.285,25.24,25.202,25.195,25.187,25.232,25.104,25.165,25.021,24.507,23.747,23.64,23.51,23.311,23.272,23.387,23.234,23.226,23.196,23.188,23.142,23.142,23.111,23.088,23.05,23.065,23.065,23.05,23.05,23.05,23.027,23.019,22.996,22.958,22.942,22.958,22.942,22.919,22.911,22.934,22.881,22.888,22.85,22.896,22.865,22.827,22.834,22.796,22.811,22.788,22.773,22.757,22.757,22.75,22.727,22.742,22.711,22.688,22.665,22.665,22.673,22.673,22.673,22.657,22.634,22.642,22.649,22.626,22.649,22.649,22.68,22.657,22.642,22.657,22.611,22.611,22.603,22.58,22.526,22.549,22.588,22.572,22.603,22.619,22.58,22.58,22.557,22.541,22.526,22.518,22.534,22.472,22.503,22.464,22.487,22.479,22.479,22.487,22.503,22.495,22.472,22.464,22.433,22.449,22.449,22.449,22.456,22.425,22.418,22.41,22.418,22.394,22.41,22.433,22.418,22.433,22.418,22.418,22.41,22.425,22.464,22.441,22.425,22.456
,22.162,22.162,22.139,22.123,22.1,22.147,22.116,22.147,22.154,22.147,22.154,22.154,22.162,22.193,22.201,22.209,22.209,22.201,22.209,22.209,22.216,22.232,22.255,22.263,22.255,22.255,22.247,22.247,22.24,22.232,22.224,22.201,22.232,22.232,22.24,22.232,22.224,22.224,22.224,22.216,22.216,22.216,22.247,22.247,22.255,22.278,22.286,22.302,22.286,22.286,22.317,22.325,22.317,22.325,22.332,22.325,22.309,22.294,22.302,22.325,22.317,22.309,22.317,22.317,22.332,22.34,22.332,22.356,22.34,22.332,22.325,22.34,22.356,22.363,22.363,22.363,22.34,22.348,22.309,22.325,22.34,22.34,22.356,22.356,22.379,22.387,22.387,22.402,22.402,22.394,22.402,22.418,22.41,22.402,22.394,22.402,22.402,22.433,22.441,22.441,22.449,22.449,22.449,22.456,22.456,22.464,22.464,22.479,22.487,22.487,22.51,22.51,22.51,22.51,22.518,22.526,22.534,22.534,22.549,22.549,22.557,22.564,22.572,22.564,22.58,22.595,22.58,22.603,22.619,22.626,22.642,22.634,22.611,22.619,22.619,22.634,22.649,22.649,22.665,22.673,22.665,22.665,22.673,22.673,22.696,22.711,22.734,22.734,22.757,22.773,22.765,22.788,22.796,22.819,22.827,22.834,22.827,22.842,22.834,22.858,22.904,22.911,22.904,22.934,22.965,22.958,23.042,23.111,23.242,23.303,23.487,23.625,23.846,24.059,24.257,24.523,24.659,24.908,25.036,25.18,25.308,25.383,25.48,25.653,25.728,25.735,25.803,25.78,25.81,25.78,25.788,25.788,25.81,25.847,25.885,25.96,26.027,26.116,26.243,26.303,26.429,26.652,26.778,26.786,27.06,27.377,27.76,27.972,28.097,28.06,27.965,27.811,27.649,25.368,24.523,24.56,24.591,24.674,24.765,24.863,25.39,26.303,26.295,25.082,24.576,24.651,24.999,25.089,25.405,25.525,25.585,25.563,25.6,25.638,25.69,25.713,25.795,25.892,26.131,26.243,26.578,26.615,27.037,28.404,29.595,29.696,29.76,29.883,29.984,30.027,30.048,29.969,29.616,29.472,29.566,29.89,30.722,31.562,32.718,33.752,34.851,34.913,35.009,35.078,35.167,35.277,35.373,35.565,35.783,35.947,36.029,36.049,36.042,35.988,35.892,35.797,35.763,35.688,35.681,35.619,35.592,35.51,35.517,35.51,35.524,35.565,35.592,35.592,35.592,35.551,35.517,35.503,35.537,35.64,35.599,35.688,35.735,35.735,35.776,35.763,35.742,35.735,35.558,35.476,35.435,35.393,35.373,35.448,35.51,35.496,35.51,35.51,35.489,35.462,35.448,35.373,35.339,35.243,35.215,35.099,35.126,35.071,35.078,35.044,35.016,35.03,34.968,34.872,34.851,34.831,34.741,34.707,34.658,34.61,34.576,34.417,34.32,34.292,34.265,34.237,34.23,34.244,34.327,34.368,34.382,34.479,34.576,34.693,34.886,34.872,34.782,34.803,34.645,34.658,34.638,34.651,34.707,34.727,34.727,34.638,34.541,34.493,34.403,34.355,34.251,34.223,34.189,34.14,33.793,31.661,28.426,27.008,26.288,25.69,25.683,25.653,25.705,25.989,26.325,26.749,27,27.414,28.134,28.681,28.885,28.972,28.075,26.34,25.623,25.428,25.119,25.044,25.014,25.006,25.165,25.952,25.862,26.004,25.975,25.922,25.847,25.72,25.525,25.217,24.961,24.938,24.477,24.287,24.044,23.983,23.922,23.838,23.8,23.777,23.671,23.51,23.472,23.357,23.326,24.037,25.36,25.33,25.308,25.315,25.217,25.104,25.044,25.014,24.961,24.946,24.886,24.886,24.893,24.961,25.006,25.067,25.014,24.946,24.976,24.878,24.976,25.104,25.127,25.277,25.405,25.653,26.131,26.926,28.031,28.302,28.36,28.426,28.309,27.994,27.848,27.318,26.756,25.997,25.945,25.78,25.3,25.074,24.969,24.916,24.863,24.848,24.84,24.825,24.871,24.901,24.923,24.908,24.961,24.969,24.984,25.006,25.021,25.044,25.067,25.067,25.089,25.112,25.172,25.18,25.217,25.21,25.225,25.232,25.232,25.285,25.323,25.338,25.353,25.338,25.308,25.3,25.292,25.277,25.27,25.262,25.262,25.277,25.292,25.353,25.405,25.54,25.51,25.585,25.593,25.6,25.645,25.63,25.615,25.638,25.503,25.48,25.443,25.292,25.36,25.292,25.27,25.338,25.27,25.24,25.165,25.134,24.969,24.591,24.333,23.93,23.479,23.387,23.357,23.296,23.242,23.196,23.165,23.165,23.127,23.096,23.096,23.081,23.073,23.065,23.065,23.065,23.034,23.019,23.004,22.973,22.988,22.958,22.95,22.965,22.919,22.919,22.896,22.888,22.888,22.881,22.881,22.865,22.834,22.811,22.827,22.796,22.796,22.788,22.78,22.765,22.75,22.703,22.703,22.688,22.657,22.642,22.657,22.657,22.665,22.649,22.634,22.634,22.642,22.634,22.634,22.649,22.649,22.642,22.634,22.634,22.603,22.619,22.588,22.518,22.541,22.534,22.564,22.588,22.58,22.619,22.572,22.58,22.541,22.541,22.534,22.549,22.526,22.479,22.51,22.472,22.472,22.534,22.495,22.51,22.495,22.495,22.464,22.456,22.449,22.441,22.441,22.449,22.449,22.441,22.433,22.402,22.394,22.418,22.425,22.433,22.441,22.449,22.441,22.425,22.418,22.433,22.425,22.425,22.41,22.449
,22.17,22.162,22.154,22.139,22.131,22.147,22.147,22.147,22.154,22.147,22.17,22.154,22.17,22.193,22.193,22.216,22.209,22.201,22.193,22.216,22.24,22.232,22.255,22.263,22.255,22.263,22.255,22.24,22.24,22.247,22.247,22.224,22.232,22.247,22.224,22.216,22.224,22.216,22.224,22.232,22.224,22.232,22.224,22.232,22.263,22.271,22.271,22.325,22.309,22.309,22.302,22.302,22.317,22.317,22.363,22.34,22.325,22.325,22.286,22.325,22.317,22.317,22.309,22.317,22.332,22.34,22.332,22.325,22.325,22.317,22.332,22.325,22.348,22.34,22.371,22.356,22.325,22.317,22.332,22.34,22.332,22.34,22.371,22.379,22.387,22.394,22.394,22.402,22.425,22.41,22.425,22.433,22.418,22.418,22.402,22.41,22.394,22.402,22.425,22.456,22.456,22.441,22.456,22.456,22.449,22.456,22.449,22.472,22.495,22.495,22.487,22.487,22.487,22.495,22.534,22.526,22.534,22.534,22.526,22.541,22.541,22.564,22.572,22.572,22.58,22.611,22.611,22.634,22.626,22.626,22.642,22.619,22.626,22.603,22.619,22.649,22.634,22.657,22.673,22.68,22.68,22.657,22.68,22.673,22.703,22.688,22.719,22.734,22.75,22.75,22.75,22.788,22.773,22.811,22.834,22.834,22.834,22.834,22.842,22.858,22.842,22.934,22.942,22.934,22.988,23.027,23.104,23.173,23.28,23.495,23.808,23.93,24.021,24.272,24.538,24.787,24.855,25.277,25.338,25.398,25.48,25.6,25.69,25.728,25.81,25.877,25.832,25.855,25.803,25.81,25.832,25.832,25.87,25.892,25.96,25.975,26.101,26.146,26.295,26.355,26.585,26.622,26.823,27.015,27.384,27.62,27.906,28.126,28.09,28.016,27.98,27.399,26.578,24.598,24.492,24.515,24.56,24.659,24.893,24.871,25.818,26.734,26.719,25.488,24.553,24.591,24.704,25.021,25.488,25.578,25.578,25.563,25.593,25.585,25.6,25.69,25.765,25.832,26.012,26.131,26.362,26.489,26.8,27.502,29.132,29.71,29.847,29.861,29.955,30.02,30.034,30.02,29.566,29.342,29.515,29.724,30.034,31.221,31.923,32.907,34.755,35.071,35.16,35.126,35.284,35.339,35.448,35.681,35.879,36.042,36.069,36.083,36.042,35.995,35.933,35.79,35.742,35.701,35.667,35.612,35.592,35.551,35.524,35.517,35.551,35.585,35.599,35.585,35.489,35.496,35.455,35.448,35.441,35.489,35.537,35.544,35.688,35.735,35.715,35.735,35.578,35.578,35.524,35.407,35.359,35.346,35.346,35.373,35.421,35.482,35.448,35.455,35.448,35.414,35.387,35.243,35.291,35.27,35.195,35.133,35.057,35.03,34.975,34.989,34.975,34.913,34.858,34.775,34.713,34.713,34.645,34.61,34.582,34.576,34.548,34.403,34.341,34.279,34.251,34.237,34.244,34.272,34.292,34.355,34.361,34.444,34.534,34.603,34.803,34.769,34.7,34.658,34.61,34.582,34.624,34.686,34.707,34.727,34.727,34.693,34.61,34.451,34.348,34.313,34.272,34.202,34.161,34.099,33.348,29.631,27.429,26.243,25.63,25.615,25.428,25.615,25.803,26.072,26.518,26.823,27.17,27.642,28.075,28.637,28.936,28.557,26.889,25.96,25.69,25.42,25.052,24.954,24.969,25.052,25.705,25.997,25.982,26.027,25.989,25.945,25.72,25.683,25.36,25.074,24.938,24.485,24.439,24.265,24.014,23.922,23.884,23.877,23.838,23.793,23.762,23.586,23.548,23.426,23.319,23.525,25.368,25.375,25.36,25.308,25.21,25.165,25.157,25.052,25.014,24.954,24.946,24.961,24.984,25.021,25.021,24.991,24.999,24.893,24.863,24.818,24.825,24.855,24.991,25.036,25.24,25.51,26.034,26.645,27.355,28.251,28.338,28.426,28.404,28.316,27.994,27.465,27.015,26.593,26.303,25.982,25.315,25.134,25.067,24.946,24.871,24.863,24.84,24.848,24.848,24.901,24.901,24.938,24.961,24.984,24.984,25.006,25.021,25.044,25.067,25.067,25.089,25.119,25.142,25.18,25.202,25.202,25.202,25.232,25.247,25.277,25.338,25.323,25.338,25.338,25.308,25.323,25.308,25.27,25.255,25.285,25.27,25.308,25.308,25.36,25.405,25.51,25.51,25.593,25.608,25.645,25.653,25.698,25.653,25.66,25.585,25.615,25.518,25.435,25.405,25.405,25.383,25.398,25.338,25.375,25.277,25.338,25.195,24.999,24.886,24.818,24.863,24.409,23.838,23.602,23.288,23.326,23.203,23.18,23.211,23.15,23.111,23.088,23.065,23.081,23.058,23.065,23.027,23.034,23.019,23.004,22.996,22.958,22.958,22.927,22.95,22.896,22.904,22.904,22.881,22.881,22.881,22.865,22.865,22.811,22.834,22.819,22.78,22.796,22.757,22.742,22.742,22.711,22.703,22.673,22.649,22.649,22.634,22.665,22.626,22.657,22.634,22.634,22.626,22.634,22.626,22.611,22.642,22.649,22.611,22.634,22.595,22.619,22.572,22.58,22.564,22.564,22.549,22.557,22.611,22.603,22.572,22.534,22.526,22.541,22.541,22.549,22.526,22.534,22.472,22.479,22.479,22.503,22.503,22.549,22.526,22.487,22.472,22.472,22.456,22.449,22.464,22.449,22.456,22.425,22.441,22.41,22.41,22.418,22.425,22.433,22.441,22.472,22.449,22.441,22.425,22.433,22.418,22.449,22.441,22.479
,22.193,22.185,22.17,22.162,22.139,22.147,22.139,22.147,22.154,22.154,22.17,22.17,22.17,22.209,22.193,22.193,22.185,22.185,22.185,22.201,22.224,22.232,22.271,22.263,22.271,22.232,22.24,22.263,22.263,22.232,22.255,22.232,22.232,22.247,22.232,22.232,22.232,22.232,22.24,22.232,22.232,22.224,22.24,22.24,22.271,22.271,22.255,22.309,22.286,22.302,22.294,22.263,22.294,22.309,22.34,22.309,22.332,22.348,22.302,22.325,22.309,22.317,22.309,22.294,22.317,22.317,22.302,22.317,22.286,22.302,22.325,22.356,22.356,22.348,22.348,22.348,22.325,22.317,22.325,22.325,22.332,22.332,22.348,22.363,22.387,22.394,22.394,22.394,22.402,22.387,22.433,22.402,22.418,22.402,22.394,22.394,22.402,22.418,22.433,22.425,22.441,22.418,22.425,22.441,22.449,22.441,22.449,22.456,22.479,22.479,22.479,22.487,22.51,22.51,22.518,22.541,22.534,22.51,22.518,22.541,22.549,22.557,22.564,22.588,22.603,22.626,22.619,22.611,22.626,22.642,22.634,22.626,22.626,22.603,22.595,22.634,22.657,22.665,22.665,22.688,22.673,22.68,22.657,22.696,22.68,22.696,22.742,22.719,22.75,22.742,22.757,22.78,22.788,22.811,22.827,22.819,22.842,22.827,22.842,22.858,22.881,22.919,22.95,22.965,22.988,23.042,23.219,23.226,23.441,23.579,23.938,24.075,24.432,24.515,24.878,25.127,25.368,25.345,25.645,25.645,25.623,25.713,25.743,25.825,25.855,25.862,25.87,25.825,25.84,25.825,25.832,25.855,25.915,25.937,25.975,26.027,26.154,26.183,26.295,26.429,26.578,26.734,26.8,27.097,27.443,27.782,28.009,28.104,28.141,27.994,27.892,27.407,25.27,24.477,24.477,24.5,24.591,24.704,24.863,25.195,26.407,26.882,26.823,25.548,24.515,24.598,24.81,25.18,25.428,25.525,25.608,25.585,25.593,25.585,25.615,25.63,25.638,25.773,25.818,26.042,26.213,26.489,26.615,27.289,28.688,29.746,29.854,29.897,29.948,30.02,30.005,29.854,29.508,29.392,29.262,29.631,29.962,30.686,31.313,32.402,33.717,34.982,35.27,35.284,35.311,35.476,35.585,35.729,35.906,36.056,36.09,36.076,36.042,35.967,35.92,35.831,35.79,35.708,35.667,35.599,35.585,35.565,35.558,35.558,35.558,35.578,35.619,35.599,35.524,35.448,35.352,35.407,35.38,35.373,35.462,35.393,35.524,35.585,35.462,35.558,35.476,35.4,35.4,35.373,35.373,35.311,35.311,35.325,35.393,35.366,35.387,35.393,35.373,35.318,35.284,35.243,35.188,35.188,35.092,35.085,34.913,34.927,34.865,34.865,34.872,34.81,34.817,34.796,34.638,34.645,34.631,34.589,34.541,34.507,34.451,34.41,34.292,34.265,34.23,34.244,34.244,34.265,34.285,34.32,34.368,34.451,34.486,34.596,34.631,34.734,34.686,34.582,34.569,34.569,34.603,34.658,34.713,34.713,34.707,34.679,34.52,34.438,34.341,34.32,34.285,34.202,34.14,34.015,31.689,27.488,26.213,25.54,25.443,25.42,25.518,25.503,25.832,26.146,26.444,27.008,27.17,27.598,28.038,28.492,28.856,27.723,26.169,25.593,25.458,25.036,25.006,24.916,24.954,25.089,25.847,25.997,26.042,25.989,25.952,25.922,25.788,25.488,25.172,24.923,24.712,24.371,24.287,24.105,23.998,23.93,23.907,23.892,23.869,23.8,23.785,23.632,23.495,23.372,23.326,23.28,24.697,25.405,25.405,25.36,25.285,25.255,25.165,25.074,24.999,24.991,24.991,24.999,25.021,25.044,25.074,25.006,24.848,24.84,24.712,24.75,24.742,24.825,24.878,24.946,25.036,25.443,25.78,26.116,27.133,27.936,28.199,28.331,28.47,28.324,28.199,27.862,27.244,26.756,26.362,25.885,25.96,25.323,25.127,24.961,24.871,24.855,24.833,24.848,24.871,24.901,24.923,24.931,24.923,24.969,24.969,24.984,25.006,25.036,25.052,25.082,25.104,25.112,25.149,25.172,25.18,25.195,25.18,25.202,25.24,25.255,25.323,25.323,25.338,25.36,25.36,25.353,25.33,25.292,25.308,25.292,25.3,25.315,25.345,25.383,25.413,25.465,25.54,25.57,25.6,25.63,25.69,25.728,25.698,25.713,25.63,25.653,25.645,25.548,25.458,25.36,25.405,25.398,25.443,25.413,25.405,25.413,25.345,25.383,25.338,25.292,25.285,25.149,25.044,24.908,24.394,23.808,23.51,23.296,23.211,23.157,23.111,23.073,23.073,23.081,23.081,23.058,23.058,23.011,22.996,23.004,22.981,22.996,22.95,22.919,22.927,22.911,23.019,22.873,22.873,22.873,22.865,22.858,22.858,22.858,22.842,22.796,22.804,22.773,22.773,22.75,22.734,22.711,22.688,22.665,22.68,22.649,22.649,22.657,22.626,22.626,22.642,22.611,22.619,22.619,22.611,22.626,22.611,22.619,22.611,22.619,22.549,22.557,22.611,22.564,22.572,22.557,22.541,22.51,22.572,22.549,22.541,22.549,22.541,22.541,22.526,22.549,22.526,22.549,22.534,22.541,22.518,22.518,22.518,22.518,22.495,22.487,22.503,22.479,22.464,22.479,22.472,22.472,22.449,22.441,22.402,22.425,22.425,22.418,22.418,22.425,22.449,22.456,22.456,22.456,22.441,22.433,22.418,22.402,22.441,22.464
,22.209,22.209,22.17,22.154,22.147,22.154,22.139,22.154,22.162,22.154,22.185,22.178,22.178,22.185,22.178,22.178,22.193,22.139,22.17,22.209,22.232,22.255,22.294,22.255,22.24,22.232,22.232,22.216,22.247,22.24,22.232,22.232,22.216,22.224,22.209,22.224,22.209,22.255,22.247,22.24,22.247,22.24,22.232,22.24,22.247,22.263,22.263,22.271,22.278,22.286,22.263,22.278,22.255,22.286,22.302,22.302,22.302,22.309,22.332,22.34,22.332,22.309,22.302,22.302,22.302,22.317,22.325,22.309,22.309,22.286,22.317,22.332,22.34,22.34,22.325,22.325,22.317,22.325,22.332,22.332,22.34,22.363,22.379,22.379,22.387,22.394,22.387,22.402,22.394,22.394,22.425,22.418,22.41,22.41,22.402,22.41,22.402,22.418,22.418,22.425,22.418,22.433,22.433,22.433,22.425,22.441,22.456,22.449,22.456,22.456,22.464,22.479,22.487,22.495,22.518,22.495,22.503,22.541,22.518,22.534,22.549,22.549,22.557,22.58,22.588,22.541,22.626,22.595,22.595,22.634,22.634,22.619,22.619,22.603,22.611,22.634,22.634,22.649,22.665,22.665,22.673,22.68,22.673,22.657,22.673,22.696,22.719,22.742,22.742,22.765,22.742,22.78,22.796,22.811,22.819,22.811,22.827,22.819,22.834,22.881,22.881,22.934,22.934,23.004,23.034,23.05,23.257,23.357,23.655,23.793,24.021,24.287,24.863,25.044,25.262,25.473,25.608,25.645,25.645,25.653,25.75,25.773,25.84,25.862,25.892,25.885,25.847,25.825,25.795,25.825,25.862,25.892,25.907,25.952,26.027,26.124,26.154,26.228,26.325,26.466,26.697,26.875,27.074,27.392,27.613,27.906,28.024,28.141,28.09,28.031,27.657,25.818,24.462,24.454,24.432,24.538,24.606,24.704,24.969,25.39,26.86,26.904,26.808,25.443,24.553,24.689,24.674,24.999,25.315,25.503,25.615,25.6,25.6,25.608,25.593,25.593,25.6,25.638,25.892,25.915,26.049,26.183,26.466,26.889,28.002,29.436,29.789,29.919,29.948,29.984,29.984,29.804,29.45,29.233,29.197,29.363,29.804,30.178,31,31.958,32.844,34.5,35.284,35.38,35.4,35.537,35.612,35.879,36.015,36.104,36.076,36.063,36.029,36.001,35.899,35.831,35.749,35.681,35.647,35.619,35.599,35.592,35.592,35.585,35.606,35.599,35.612,35.66,35.524,35.476,35.346,35.346,35.325,35.352,35.318,35.352,35.359,35.359,35.304,35.359,35.4,35.38,35.359,35.325,35.298,35.291,35.291,35.311,35.236,35.318,35.339,35.298,35.291,35.27,35.167,35.222,35.119,35.057,35.064,34.975,34.934,34.851,34.796,34.81,34.782,34.762,34.741,34.603,34.582,34.562,34.569,34.548,34.534,34.507,34.5,34.417,34.32,34.265,34.223,34.23,34.209,34.223,34.258,34.299,34.327,34.382,34.431,34.534,34.596,34.658,34.603,34.596,34.541,34.582,34.617,34.672,34.693,34.707,34.707,34.631,34.576,34.493,34.348,34.348,34.306,34.209,34.092,33.362,28.608,26.109,25.202,25.165,24.938,25.029,25.172,25.54,25.855,26.31,26.593,26.963,27.296,27.649,28.207,28.579,28.346,26.689,25.6,25.473,25.202,24.931,24.871,24.901,24.908,25.338,25.96,26.012,26.004,26.019,25.93,25.743,25.503,25.225,24.931,24.803,24.401,24.249,24.135,24.082,23.998,23.953,23.93,23.915,23.892,23.869,23.739,23.655,23.586,23.357,23.311,23.272,24.674,25.435,25.443,25.435,25.353,25.262,25.187,25.149,25.082,25.052,25.044,25.044,25.044,25.059,25.089,24.946,24.81,24.689,24.682,24.689,24.682,24.689,24.78,24.871,25.014,25.42,25.84,26.087,26.875,27.517,28.229,28.44,28.477,28.346,28.397,27.95,27.429,26.971,26.615,25.967,25.9,25.323,25.18,25.067,24.878,24.833,24.848,24.848,24.855,24.871,24.893,24.901,24.954,24.931,24.961,24.984,24.999,25.021,25.059,25.082,25.104,25.112,25.134,25.165,25.157,25.172,25.165,25.187,25.225,25.27,25.315,25.338,25.353,25.36,25.39,25.36,25.353,25.338,25.323,25.315,25.323,25.338,25.345,25.39,25.428,25.435,25.495,25.525,25.6,25.645,25.683,25.728,25.705,25.69,25.69,25.66,25.675,25.555,25.57,25.48,25.465,25.495,25.473,25.435,25.405,25.435,25.39,25.39,25.39,25.368,25.39,25.353,25.375,25.255,25.082,25.157,24.598,23.938,23.426,23.364,23.249,23.211,23.119,23.096,23.088,23.081,23.073,23.027,23.027,23.027,23.004,22.996,22.934,22.934,22.904,22.896,22.896,22.865,22.881,22.888,22.858,22.865,22.865,22.85,22.842,22.842,22.788,22.78,22.757,22.757,22.734,22.719,22.711,22.688,22.673,22.649,22.634,22.626,22.595,22.626,22.619,22.619,22.611,22.595,22.595,22.595,22.611,22.611,22.603,22.603,22.58,22.58,22.572,22.58,22.58,22.58,22.557,22.557,22.526,22.541,22.51,22.526,22.541,22.51,22.564,22.541,22.541,22.534,22.534,22.549,22.541,22.564,22.534,22.549,22.495,22.51,22.487,22.487,22.472,22.472,22.479,22.464,22.449,22.456,22.425,22.425,22.425,22.425,22.433,22.449,22.456,22.456,22.472,22.449,22.449,22.449,22.418,22.402,22.402,22.418
,22.247,22.224,22.193,22.17,22.147,22.139,22.147,22.154,22.162,22.162,22.185,22.178,22.17,22.201,22.178,22.154,22.185,22.193,22.178,22.154,22.24,22.247,22.255,22.263,22.255,22.224,22.24,22.247,22.201,22.232,22.224,22.216,22.209,22.209,22.209,22.201,22.201,22.247,22.232,22.263,22.247,22.247,22.247,22.247,22.255,22.255,22.263,22.278,22.271,22.255,22.263,22.271,22.24,22.271,22.294,22.263,22.294,22.302,22.356,22.317,22.34,22.332,22.309,22.294,22.302,22.294,22.302,22.309,22.302,22.302,22.325,22.332,22.325,22.332,22.309,22.309,22.317,22.317,22.348,22.34,22.379,22.379,22.402,22.387,22.387,22.371,22.363,22.371,22.379,22.363,22.402,22.387,22.425,22.418,22.41,22.41,22.402,22.41,22.41,22.425,22.425,22.433,22.425,22.418,22.433,22.425,22.456,22.441,22.456,22.464,22.464,22.503,22.487,22.472,22.472,22.464,22.503,22.495,22.526,22.541,22.549,22.541,22.572,22.572,22.58,22.572,22.564,22.572,22.603,22.611,22.642,22.619,22.611,22.626,22.626,22.642,22.642,22.649,22.657,22.688,22.688,22.673,22.703,22.665,22.688,22.711,22.719,22.734,22.757,22.757,22.773,22.811,22.78,22.811,22.811,22.804,22.811,22.827,22.842,22.881,22.896,22.942,23.042,22.988,23.088,23.234,23.387,23.609,23.869,24.151,24.545,24.984,25.134,25.495,25.548,25.615,25.683,25.713,25.668,25.728,25.728,25.832,25.892,25.9,25.907,25.87,25.81,25.803,25.795,25.818,25.87,25.907,25.922,25.975,26.019,26.072,26.169,26.31,26.355,26.459,26.741,27.008,27.274,27.355,27.642,28.068,28.119,28.141,28.082,28.002,27.303,25.187,24.432,24.379,24.454,24.53,24.712,24.795,25.014,26.034,26.956,27.008,27.008,25.157,24.492,24.598,24.636,24.871,25.112,25.518,25.623,25.63,25.608,25.593,25.578,25.548,25.54,25.623,25.653,25.847,26.042,26.079,26.333,26.8,27.414,29.385,29.804,29.84,29.919,29.969,29.962,29.746,29.515,29.226,29.095,29.139,29.407,29.912,30.586,31.349,32.423,33.654,35.229,35.544,35.489,35.592,35.824,35.988,36.008,36.076,36.09,36.056,36.001,35.981,35.886,35.858,35.735,35.674,35.64,35.619,35.612,35.606,35.606,35.599,35.619,35.66,35.66,35.633,35.606,35.414,35.366,35.332,35.318,35.339,35.277,35.298,35.202,35.236,35.284,35.256,35.311,35.339,35.298,35.291,35.27,35.256,35.236,35.236,35.243,35.236,35.27,35.181,35.243,35.112,35.14,35.119,35.023,35.023,35.03,34.954,34.803,34.782,34.713,34.741,34.713,34.707,34.665,34.589,34.541,34.52,34.493,34.486,34.5,34.5,34.465,34.265,34.244,34.244,34.202,34.175,34.189,34.202,34.209,34.237,34.279,34.334,34.375,34.493,34.541,34.555,34.555,34.555,34.555,34.569,34.617,34.645,34.693,34.693,34.665,34.638,34.589,34.507,34.458,34.327,34.334,34.189,33.613,30.822,26.429,25.044,24.75,24.666,24.818,24.976,25.119,25.63,25.915,26.131,26.682,27.023,27.392,27.774,28.207,28.309,27.274,26.333,25.51,25.27,24.976,24.863,24.833,24.833,25.157,25.892,25.945,26.012,25.989,25.945,25.892,25.57,25.27,25.082,24.908,24.598,24.394,24.234,24.105,24.075,24.037,23.96,23.945,23.93,23.93,23.93,23.777,23.632,23.41,23.38,23.265,23.272,24.052,25.48,25.465,25.458,25.39,25.3,25.247,25.225,25.097,25.074,25.067,25.067,25.067,25.036,25.021,24.855,24.765,24.697,24.629,24.621,24.636,24.719,24.787,24.848,24.878,24.938,25.9,26.146,26.63,27.37,28.163,28.44,28.47,28.389,28.36,28.294,27.899,27.133,26.882,26.474,26.034,25.72,25.413,25.067,24.916,24.886,24.848,24.855,24.863,24.886,24.878,24.901,24.931,24.931,24.954,24.984,24.999,25.044,25.074,25.112,25.104,25.127,25.149,25.142,25.149,25.149,25.165,25.172,25.225,25.247,25.315,25.338,25.368,25.375,25.368,25.39,25.368,25.368,25.353,25.338,25.323,25.33,25.36,25.368,25.398,25.443,25.48,25.525,25.54,25.653,25.668,25.705,25.72,25.705,25.69,25.705,25.66,25.645,25.593,25.548,25.518,25.503,25.495,25.48,25.465,25.473,25.458,25.458,25.465,25.458,25.458,25.458,25.443,25.458,25.27,25.165,25.067,24.991,24.432,23.983,23.334,23.272,23.157,23.119,23.096,23.104,23.065,23.081,23.05,23.042,23.019,22.988,22.988,22.95,22.958,22.919,22.904,22.881,22.904,22.865,22.888,22.881,22.858,22.842,22.842,22.865,22.796,22.804,22.765,22.75,22.742,22.719,22.703,22.673,22.673,22.649,22.649,22.611,22.611,22.626,22.626,22.619,22.626,22.611,22.595,22.588,22.611,22.588,22.595,22.588,22.58,22.572,22.572,22.58,22.595,22.564,22.549,22.588,22.557,22.549,22.541,22.518,22.549,22.526,22.526,22.557,22.534,22.541,22.541,22.534,22.564,22.534,22.518,22.518,22.495,22.479,22.479,22.472,22.495,22.495,22.487,22.487,22.464,22.464,22.441,22.425,22.433,22.425,22.433,22.441,22.433,22.449,22.479,22.464,22.441,22.503,22.41,22.41,22.441,22.441
,22.247,22.201,22.193,22.162,22.178,22.139,22.147,22.147,22.154,22.162,22.185,22.201,22.17,22.185,22.178,22.17,22.178,22.17,22.131,22.185,22.216,22.232,22.263,22.263,22.247,22.255,22.232,22.232,22.216,22.216,22.201,22.193,22.201,22.209,22.185,22.255,22.232,22.232,22.263,22.263,22.263,22.263,22.255,22.255,22.263,22.263,22.263,22.263,22.271,22.255,22.263,22.247,22.247,22.255,22.263,22.278,22.263,22.278,22.332,22.309,22.325,22.325,22.309,22.302,22.302,22.317,22.286,22.302,22.294,22.302,22.309,22.317,22.325,22.317,22.302,22.302,22.309,22.317,22.325,22.34,22.363,22.379,22.371,22.371,22.356,22.332,22.332,22.332,22.332,22.379,22.387,22.394,22.402,22.402,22.41,22.41,22.41,22.418,22.402,22.418,22.425,22.425,22.449,22.441,22.425,22.433,22.441,22.441,22.472,22.464,22.464,22.51,22.534,22.526,22.487,22.479,22.503,22.51,22.526,22.541,22.541,22.557,22.564,22.564,22.572,22.572,22.564,22.603,22.595,22.611,22.619,22.595,22.603,22.626,22.626,22.642,22.649,22.657,22.657,22.657,22.673,22.665,22.673,22.657,22.673,22.688,22.719,22.734,22.75,22.773,22.78,22.811,22.811,22.811,22.811,22.804,22.804,22.819,22.842,22.865,22.911,22.95,23.042,23.088,23.188,23.479,23.732,23.983,24.538,24.916,25.345,25.48,25.54,25.555,25.6,25.608,25.653,25.668,25.698,25.773,25.818,25.87,25.945,25.922,25.892,25.855,25.818,25.788,25.788,25.81,25.922,25.915,25.922,25.997,26.072,26.124,26.288,26.318,26.489,26.533,26.749,27.082,27.333,27.591,27.98,28.09,28.112,28.126,28.082,27.502,25.952,24.5,24.401,24.401,24.432,24.659,24.689,24.78,25.165,26.459,27.089,27.104,26.882,25.247,24.47,24.507,24.704,24.901,25.195,25.473,25.645,25.638,25.615,25.615,25.563,25.54,25.533,25.578,25.608,25.728,25.84,25.915,26.042,26.674,27.252,28.834,29.638,29.804,29.883,29.912,29.847,29.804,29.269,29.153,29.03,29.146,29.146,29.616,29.998,30.636,31.767,32.795,34.375,35.435,35.701,35.804,35.92,36.015,36.104,36.09,36.076,36.069,36.022,35.96,35.906,35.845,35.804,35.708,35.653,35.633,35.626,35.619,35.619,35.626,35.647,35.667,35.681,35.701,35.729,35.66,35.407,35.373,35.339,35.304,35.25,35.167,35.181,35.202,35.222,35.202,35.27,35.256,35.236,35.256,35.236,35.208,35.215,35.188,35.181,35.174,35.188,35.126,35.064,35.064,35.009,34.961,34.982,34.934,34.927,34.775,34.7,34.734,34.665,34.672,34.686,34.638,34.596,34.576,34.507,34.458,34.465,34.507,34.451,34.396,34.431,34.202,34.161,34.154,34.119,34.112,34.154,34.14,34.202,34.223,34.265,34.334,34.424,34.5,34.527,34.541,34.562,34.555,34.576,34.624,34.645,34.645,34.665,34.658,34.679,34.645,34.603,34.507,34.451,34.375,34.244,34.105,32.339,27.281,25.285,24.348,24.09,24.181,24.333,24.401,24.991,25.398,25.907,26.101,26.652,26.941,27.281,27.686,28.06,27.826,26.496,25.51,25.323,25.165,24.961,24.878,24.833,24.878,25.413,25.945,25.982,25.96,25.997,25.795,25.698,25.338,25.18,25.006,24.84,24.371,24.265,24.173,24.052,24.059,24.006,23.976,23.983,23.945,23.922,23.907,23.777,23.602,23.518,23.426,23.28,23.303,23.502,25.405,25.503,25.518,25.488,25.443,25.3,25.247,25.142,25.134,25.112,25.112,25.074,25.059,24.999,24.704,24.644,24.621,24.591,24.591,24.636,24.712,24.704,24.833,24.863,25.021,25.63,25.885,26.652,26.993,27.833,28.36,28.419,28.404,28.375,28.316,27.884,27.546,27,26.489,26.034,25.818,25.458,25.172,24.938,24.916,24.923,24.833,24.886,24.871,24.871,24.908,24.931,24.938,24.946,24.984,25.021,25.029,25.074,25.104,25.104,25.127,25.134,25.142,25.142,25.157,25.165,25.165,25.202,25.255,25.3,25.338,25.345,25.36,25.368,25.383,25.375,25.375,25.36,25.353,25.345,25.338,25.375,25.368,25.42,25.435,25.465,25.495,25.555,25.623,25.638,25.713,25.683,25.705,25.675,25.698,25.675,25.638,25.585,25.563,25.51,25.48,25.503,25.51,25.495,25.488,25.503,25.495,25.488,25.443,25.495,25.518,25.518,25.383,25.488,25.292,25.33,25.255,25.142,24.644,24.158,23.449,23.211,23.119,23.157,23.104,23.111,23.111,23.004,23.05,23.004,23.019,22.981,22.95,22.958,22.95,22.942,22.911,22.888,22.896,22.873,22.865,22.85,22.842,22.858,22.819,22.788,22.765,22.765,22.773,22.75,22.742,22.711,22.711,22.673,22.657,22.649,22.634,22.626,22.611,22.611,22.611,22.626,22.603,22.611,22.595,22.564,22.58,22.564,22.572,22.564,22.557,22.564,22.603,22.588,22.557,22.564,22.549,22.534,22.534,22.495,22.541,22.549,22.557,22.564,22.541,22.549,22.541,22.541,22.541,22.534,22.534,22.549,22.518,22.549,22.479,22.495,22.487,22.495,22.495,22.495,22.487,22.479,22.449,22.456,22.433,22.433,22.433,22.425,22.441,22.425,22.433,22.449,22.456,22.472,22.433,22.418,22.41,22.425,22.216
,22.209,22.185,22.147,22.131,22.139,22.139,22.17,22.147,22.178,22.178,22.193,22.178,22.162,22.201,22.185,22.178,22.17,22.185,22.147,22.17,22.185,22.209,22.247,22.271,22.24,22.232,22.216,22.209,22.201,22.209,22.193,22.193,22.209,22.209,22.216,22.232,22.216,22.224,22.263,22.271,22.271,22.263,22.263,22.255,22.255,22.263,22.263,22.278,22.271,22.271,22.255,22.247,22.232,22.232,22.247,22.255,22.263,22.263,22.286,22.34,22.356,22.325,22.309,22.309,22.309,22.302,22.302,22.302,22.309,22.317,22.309,22.317,22.302,22.302,22.294,22.294,22.302,22.309,22.332,22.363,22.379,22.379,22.363,22.356,22.363,22.356,22.34,22.332,22.348,22.356,22.34,22.371,22.402,22.41,22.418,22.418,22.41,22.41,22.41,22.433,22.433,22.449,22.449,22.441,22.441,22.433,22.441,22.449,22.464,22.495,22.495,22.534,22.526,22.51,22.472,22.487,22.487,22.503,22.526,22.534,22.541,22.557,22.564,22.572,22.572,22.58,22.572,22.595,22.603,22.58,22.603,22.619,22.642,22.626,22.642,22.657,22.657,22.657,22.68,22.673,22.649,22.657,22.649,22.673,22.649,22.703,22.719,22.727,22.757,22.78,22.804,22.811,22.819,22.819,22.811,22.804,22.827,22.858,22.858,22.873,22.958,22.988,23.042,23.173,23.249,23.693,24.014,24.75,25.014,25.345,25.503,25.54,25.57,25.585,25.63,25.638,25.66,25.69,25.803,25.93,25.975,25.997,25.997,25.96,25.9,25.81,25.803,25.795,25.788,25.87,25.892,25.93,25.967,26.012,26.101,26.154,26.325,26.422,26.489,26.541,26.786,27.119,27.407,27.774,28.053,28.134,28.141,28.141,27.877,26.489,25.052,24.356,24.356,24.386,24.5,24.598,24.689,24.916,25.533,27.023,27.126,27.2,26.986,25.473,24.5,24.492,24.591,24.833,25.127,25.368,25.63,25.66,25.638,25.615,25.57,25.525,25.51,25.495,25.578,25.66,25.78,25.937,26.087,26.437,26.956,28.068,29.616,29.753,29.861,29.89,29.832,29.479,29.189,29.073,29.052,28.979,29.073,29.305,29.796,30.558,31.377,32.191,33.327,35.243,35.872,35.906,35.988,36.029,36.151,36.11,36.158,36.097,36.056,36.008,35.913,35.879,35.838,35.79,35.674,35.667,35.647,35.653,35.653,35.653,35.66,35.653,35.688,35.749,35.831,35.845,35.544,35.387,35.373,35.291,35.243,35.167,35.133,35.119,35.112,35.154,35.229,35.243,35.202,35.215,35.202,35.188,35.154,35.167,35.092,35.071,35.051,34.975,35.099,35.009,34.954,34.934,34.906,34.892,34.837,34.817,34.658,34.645,34.603,34.61,34.617,34.589,34.562,34.52,34.486,34.465,34.465,34.396,34.375,34.306,34.292,34.133,34.112,34.071,34.078,34.036,34.092,34.14,34.14,34.23,34.285,34.306,34.444,34.486,34.52,34.541,34.548,34.576,34.596,34.61,34.624,34.651,34.658,34.658,34.658,34.624,34.576,34.479,34.465,34.348,34.209,33.661,29.818,25.563,24.53,23.907,23.739,23.991,24.242,24.787,25.006,25.608,25.87,26.116,26.674,26.845,27.318,27.818,27.958,26.793,26.042,25.398,25.24,24.999,24.78,24.772,24.795,24.833,25.495,25.915,25.907,25.945,25.922,25.563,25.398,25.255,25.036,24.719,24.515,24.303,24.166,24.128,24.067,24.044,24.052,24.037,24.037,24.044,23.998,23.953,23.922,23.777,23.502,23.38,23.265,23.211,23.449,25.24,25.503,25.548,25.525,25.495,25.33,25.255,25.247,25.172,25.149,25.149,25.097,25.036,24.825,24.651,24.606,24.553,24.485,24.553,24.613,24.644,24.81,24.84,24.878,24.954,25.54,25.982,26.303,26.889,27.686,28.082,28.389,28.44,28.367,28.287,28.06,27.906,27.303,27.008,26.288,26.004,25.585,25.262,25.006,24.931,24.901,24.863,24.863,24.871,24.886,24.908,24.938,24.938,24.984,24.984,25.021,25.044,25.082,25.112,25.119,25.142,25.127,25.134,25.142,25.142,25.149,25.157,25.217,25.24,25.27,25.33,25.338,25.36,25.368,25.383,25.39,25.383,25.383,25.368,25.36,25.353,25.353,25.353,25.39,25.413,25.443,25.495,25.488,25.563,25.63,25.668,25.668,25.668,25.668,25.638,25.615,25.623,25.57,25.555,25.518,25.503,25.488,25.495,25.503,25.51,25.525,25.533,25.555,25.533,25.57,25.563,25.525,25.578,25.645,25.623,25.525,25.503,25.3,25.21,24.954,24.401,23.648,23.257,23.157,23.196,23.119,23.127,23.081,23.058,23.027,23.042,23.004,22.965,22.973,22.958,22.95,22.95,22.927,22.927,22.888,22.896,22.865,22.858,22.842,22.804,22.796,22.788,22.788,22.773,22.773,22.757,22.734,22.696,22.649,22.649,22.634,22.626,22.626,22.649,22.642,22.649,22.619,22.595,22.619,22.572,22.58,22.58,22.564,22.557,22.557,22.564,22.564,22.557,22.58,22.572,22.549,22.534,22.518,22.526,22.51,22.541,22.526,22.549,22.564,22.549,22.541,22.526,22.534,22.541,22.518,22.51,22.495,22.472,22.479,22.441,22.472,22.479,22.495,22.487,22.487,22.487,22.487,22.495,22.487,22.456,22.464,22.441,22.441,22.441,22.433,22.41,22.441,22.433,22.418,22.402,22.41,22.402,22.402,22.394
,22.24,22.154,22.139,22.131,22.139,22.162,22.17,22.178,22.178,22.131,22.178,22.178,22.154,22.201,22.185,22.216,22.178,22.178,22.17,22.17,22.224,22.193,22.24,22.247,22.263,22.224,22.24,22.216,22.201,22.193,22.193,22.193,22.201,22.216,22.216,22.209,22.24,22.247,22.271,22.263,22.263,22.271,22.271,22.263,22.263,22.271,22.263,22.278,22.209,22.255,22.255,22.232,22.232,22.216,22.255,22.247,22.263,22.255,22.278,22.271,22.286,22.302,22.309,22.317,22.302,22.302,22.302,22.302,22.309,22.317,22.317,22.302,22.302,22.286,22.294,22.294,22.286,22.317,22.332,22.332,22.348,22.356,22.371,22.348,22.332,22.332,22.348,22.34,22.348,22.348,22.363,22.371,22.402,22.418,22.418,22.418,22.41,22.402,22.402,22.433,22.464,22.449,22.472,22.472,22.495,22.464,22.441,22.464,22.472,22.526,22.549,22.541,22.541,22.503,22.51,22.503,22.495,22.503,22.518,22.534,22.549,22.564,22.572,22.58,22.595,22.595,22.603,22.603,22.603,22.619,22.626,22.626,22.642,22.642,22.642,22.657,22.673,22.68,22.68,22.68,22.688,22.649,22.649,22.649,22.673,22.711,22.711,22.727,22.75,22.765,22.811,22.819,22.827,22.811,22.819,22.804,22.865,22.873,22.873,22.927,22.934,23.042,23.173,23.556,24.151,24.606,24.954,25.27,25.345,25.503,25.54,25.548,25.57,25.578,25.63,25.698,25.72,25.855,25.96,26.004,26.057,26.064,26.049,25.982,25.855,25.78,25.795,25.788,25.855,25.855,25.937,25.967,25.997,26.027,26.124,26.176,26.355,26.496,26.585,26.786,26.919,27.362,27.671,27.914,28.119,28.126,28.17,28.068,27.215,25.232,24.538,24.363,24.363,24.447,24.477,24.629,24.712,25.074,26.191,27.185,27.237,27.222,27.111,25.698,24.432,24.447,24.515,24.871,25.044,25.375,25.54,25.668,25.63,25.593,25.548,25.48,25.465,25.503,25.548,25.6,25.668,25.818,26.139,26.355,26.889,27.429,29.472,29.703,29.688,29.84,29.739,29.378,29.233,29.044,28.943,28.965,29.081,29.037,29.595,29.926,30.722,31.682,32.739,34.348,35.824,35.995,36.076,36.131,36.144,36.165,36.131,36.124,36.097,36.035,36.001,35.892,35.892,35.763,35.715,35.715,35.674,35.681,35.667,35.674,35.674,35.688,35.708,35.715,35.851,35.851,35.722,35.496,35.346,35.284,35.202,35.14,35.133,35.154,35.154,35.14,35.154,35.181,35.215,35.215,35.154,35.174,35.167,35.099,35.044,35.071,34.913,34.968,34.879,34.941,34.865,34.865,34.831,34.796,34.81,34.734,34.651,34.61,34.576,34.589,34.562,34.576,34.569,34.527,34.451,34.382,34.368,34.334,34.265,34.14,34.147,34.112,34.043,34.064,34.036,34.015,34.043,34.092,34.182,34.216,34.285,34.396,34.507,34.534,34.534,34.562,34.576,34.569,34.596,34.603,34.638,34.651,34.645,34.651,34.638,34.596,34.569,34.458,34.444,34.299,34.223,31.986,26.949,24.659,23.678,23.303,23.433,23.854,24.166,24.666,25.195,25.728,26.012,26.295,26.704,26.941,27.34,27.627,27.362,26.169,25.525,25.112,24.931,24.901,24.735,24.689,24.81,25.149,25.855,25.922,25.907,25.892,25.63,25.42,25.217,25.097,24.75,24.568,24.492,24.265,24.151,24.082,24.052,24.082,24.09,24.059,24.075,24.075,24.006,23.96,23.907,23.648,23.433,23.41,23.203,23.196,23.296,24.938,25.548,25.578,25.525,25.51,25.39,25.36,25.285,25.232,25.187,25.195,25.119,24.931,24.727,24.583,24.515,24.477,24.523,24.492,24.606,24.712,24.78,24.863,24.901,24.991,25.149,25.803,26.213,26.912,27.311,28.016,28.302,28.426,28.44,28.324,28.097,28.009,27.671,27.119,26.741,26.124,25.555,25.195,25.044,24.969,24.931,24.878,24.886,24.893,24.886,24.908,24.931,24.969,24.969,24.999,25.059,25.067,25.097,25.104,25.127,25.134,25.142,25.134,25.142,25.149,25.149,25.172,25.195,25.24,25.262,25.315,25.338,25.368,25.375,25.345,25.383,25.383,25.39,25.375,25.368,25.338,25.353,25.33,25.353,25.39,25.435,25.458,25.488,25.503,25.548,25.645,25.6,25.66,25.653,25.623,25.578,25.578,25.533,25.518,25.503,25.503,25.495,25.503,25.518,25.525,25.548,25.6,25.578,25.608,25.608,25.623,25.675,25.638,25.66,25.668,25.653,25.63,25.63,25.525,25.45,25.308,24.719,24.158,23.541,23.211,23.173,23.173,23.104,23.05,23.05,23.027,23.004,23.011,22.988,22.973,22.965,22.958,22.973,22.942,22.958,22.888,22.896,22.865,22.85,22.804,22.834,22.788,22.773,22.773,22.773,22.75,22.75,22.703,22.688,22.657,22.649,22.665,22.642,22.657,22.665,22.634,22.619,22.611,22.611,22.595,22.572,22.572,22.572,22.564,22.541,22.564,22.58,22.572,22.557,22.572,22.549,22.557,22.541,22.526,22.51,22.518,22.541,22.51,22.549,22.541,22.541,22.526,22.518,22.534,22.503,22.503,22.472,22.449,22.433,22.503,22.449,22.479,22.503,22.479,22.495,22.51,22.51,22.549,22.479,22.472,22.456,22.449,22.441,22.441,22.425,22.433,22.418,22.425,22.425,22.41,22.433,22.433,22.418,22.418
,22.17,22.17,22.147,22.123,22.154,22.185,22.17,22.178,22.178,22.139,22.178,22.154,22.193,22.185,22.162,22.193,22.193,22.209,22.193,22.201,22.185,22.216,22.201,22.224,22.216,22.224,22.216,22.201,22.209,22.193,22.201,22.209,22.216,22.232,22.216,22.24,22.232,22.255,22.271,22.271,22.271,22.255,22.263,22.263,22.271,22.263,22.255,22.271,22.247,22.247,22.24,22.224,22.255,22.247,22.24,22.247,22.247,22.255,22.263,22.271,22.286,22.317,22.278,22.309,22.317,22.325,22.332,22.325,22.302,22.309,22.317,22.302,22.294,22.294,22.302,22.302,22.302,22.309,22.294,22.348,22.34,22.348,22.356,22.363,22.348,22.371,22.356,22.363,22.356,22.363,22.387,22.379,22.402,22.418,22.418,22.418,22.41,22.394,22.41,22.402,22.464,22.456,22.464,22.479,22.479,22.503,22.487,22.479,22.487,22.479,22.526,22.51,22.534,22.526,22.51,22.518,22.518,22.51,22.518,22.526,22.541,22.557,22.58,22.588,22.588,22.603,22.611,22.603,22.603,22.595,22.619,22.626,22.626,22.649,22.649,22.649,22.673,22.696,22.68,22.68,22.665,22.649,22.657,22.649,22.673,22.68,22.711,22.719,22.757,22.773,22.804,22.819,22.858,22.811,22.834,22.858,22.865,22.881,22.919,22.973,23.188,23.762,24.583,24.848,24.984,25.006,25.315,25.375,25.435,25.465,25.503,25.518,25.563,25.615,25.623,25.69,25.818,25.922,25.997,26.079,26.101,26.094,26.072,25.945,25.825,25.788,25.788,25.803,25.847,25.9,25.952,25.982,26.019,26.057,26.131,26.347,26.325,26.444,26.689,26.763,27.03,27.532,27.987,28.104,28.185,28.148,28.163,27.987,25.907,24.712,24.394,24.333,24.348,24.439,24.538,24.629,24.727,25.165,26.37,27.289,27.303,27.281,27.2,26.183,24.432,24.439,24.47,24.818,24.931,25.157,25.585,25.578,25.593,25.593,25.54,25.48,25.435,25.443,25.503,25.563,25.653,25.72,25.877,26.243,26.548,27.141,28.426,29.659,29.724,29.587,29.515,29.305,29.102,28.972,28.885,28.863,28.848,29.015,29.233,29.71,30.163,30.879,31.866,32.907,35.263,35.94,36.117,36.124,36.192,36.172,36.172,36.144,36.117,36.097,36.035,35.96,35.926,35.824,35.729,35.735,35.715,35.708,35.701,35.694,35.681,35.701,35.701,35.77,35.872,35.79,35.735,35.537,35.414,35.373,35.256,35.188,35.092,35.119,35.099,35.078,35.099,35.112,35.174,35.174,35.174,35.099,35.078,35.037,34.989,34.844,34.879,34.844,34.803,34.775,34.782,34.789,34.782,34.803,34.72,34.686,34.638,34.61,34.548,34.527,34.534,34.527,34.5,34.479,34.417,34.341,34.334,34.209,34.154,34.105,34.078,34.022,33.981,33.967,33.981,34.022,34.015,34.057,34.161,34.306,34.306,34.5,34.548,34.548,34.569,34.569,34.576,34.582,34.61,34.631,34.624,34.651,34.645,34.631,34.665,34.562,34.5,34.486,34.299,34.251,33.557,29.24,25.285,23.823,23.18,22.973,23.05,23.609,24.12,24.606,25.089,25.63,25.967,26.504,26.6,27.008,27.311,27.296,26.667,25.645,25.225,24.976,24.855,24.78,24.704,24.689,24.795,25.6,25.832,25.862,25.81,25.728,25.375,25.27,25.074,24.613,24.545,24.454,24.318,24.181,24.128,24.113,24.067,24.105,24.09,24.12,24.12,24.113,24.075,23.96,23.838,23.594,23.495,23.372,23.219,23.196,23.18,24.386,25.473,25.563,25.563,25.495,25.473,25.405,25.338,25.285,25.277,25.21,25.112,24.901,24.644,24.53,24.462,24.5,24.492,24.553,24.712,24.803,24.84,24.886,24.901,24.946,25.157,25.323,26.221,26.719,27.281,27.877,28.316,28.455,28.44,28.455,28.229,28.038,27.84,27.185,27.023,26.28,26.079,25.413,25.134,25.052,24.954,24.923,24.901,24.878,24.893,24.908,24.923,24.954,24.961,25.021,25.029,25.074,25.089,25.112,25.112,25.119,25.134,25.134,25.134,25.142,25.127,25.172,25.187,25.21,25.255,25.277,25.285,25.33,25.36,25.36,25.375,25.368,25.375,25.383,25.36,25.33,25.323,25.323,25.345,25.36,25.375,25.42,25.443,25.51,25.525,25.548,25.578,25.608,25.6,25.593,25.57,25.54,25.51,25.495,25.503,25.488,25.488,25.495,25.503,25.525,25.57,25.578,25.615,25.653,25.63,25.668,25.668,25.705,25.705,25.705,25.675,25.563,25.563,25.593,25.533,25.495,25.338,25.112,24.56,23.51,23.272,23.173,23.157,23.119,23.096,23.042,23.027,23.027,22.996,22.996,22.988,22.973,22.973,22.958,22.911,22.904,22.927,22.888,22.842,22.834,22.796,22.773,22.788,22.788,22.773,22.765,22.742,22.703,22.696,22.688,22.68,22.649,22.665,22.657,22.642,22.626,22.649,22.603,22.611,22.595,22.572,22.595,22.564,22.549,22.564,22.595,22.557,22.572,22.557,22.549,22.534,22.541,22.541,22.526,22.526,22.557,22.51,22.534,22.549,22.526,22.541,22.534,22.518,22.534,22.495,22.495,22.464,22.456,22.449,22.479,22.456,22.479,22.479,22.479,22.495,22.503,22.503,22.479,22.495,22.487,22.464,22.464,22.464,22.441,22.433,22.433,22.418,22.425,22.418,22.433,22.464,22.464,22.433,22.418
,22.178,22.147,22.162,22.17,22.147,22.178,22.193,22.178,22.17,22.17,22.178,22.139,22.201,22.185,22.185,22.209,22.216,22.232,22.17,22.201,22.193,22.185,22.224,22.209,22.209,22.216,22.24,22.216,22.201,22.201,22.193,22.193,22.224,22.232,22.24,22.24,22.24,22.247,22.255,22.271,22.247,22.255,22.255,22.247,22.271,22.278,22.263,22.247,22.232,22.24,22.286,22.216,22.224,22.247,22.232,22.255,22.247,22.255,22.247,22.263,22.302,22.317,22.294,22.302,22.325,22.317,22.325,22.317,22.317,22.317,22.309,22.309,22.309,22.309,22.302,22.302,22.309,22.309,22.325,22.325,22.356,22.363,22.379,22.379,22.387,22.371,22.379,22.379,22.371,22.371,22.379,22.387,22.394,22.41,22.418,22.425,22.418,22.418,22.441,22.433,22.433,22.472,22.479,22.51,22.503,22.487,22.487,22.472,22.456,22.472,22.495,22.534,22.534,22.534,22.541,22.534,22.518,22.526,22.526,22.541,22.549,22.572,22.58,22.58,22.588,22.603,22.603,22.603,22.603,22.626,22.634,22.634,22.634,22.634,22.649,22.68,22.696,22.711,22.703,22.696,22.688,22.673,22.649,22.665,22.673,22.703,22.711,22.734,22.78,22.796,22.819,22.834,22.804,22.888,22.827,22.858,22.904,23.05,23.334,24.371,24.613,24.712,24.803,24.954,24.976,25.262,25.315,25.36,25.398,25.428,25.495,25.525,25.57,25.615,25.735,25.87,25.93,25.915,26.004,26.116,26.124,26.094,26.057,25.832,25.788,25.773,25.788,25.788,25.855,25.937,25.967,25.989,26.019,26.057,26.131,26.392,26.466,26.518,26.726,26.912,27.303,27.701,28.068,28.185,28.214,28.17,28.075,26.756,25.247,24.719,24.265,24.31,24.325,24.462,24.568,24.803,24.848,25.112,26.414,27.362,27.34,27.384,27.311,26.66,24.523,24.416,24.485,24.666,24.901,25.014,25.232,25.57,25.608,25.57,25.518,25.503,25.428,25.465,25.458,25.563,25.608,25.728,25.922,26.176,26.466,26.986,28.273,29.623,29.696,29.479,29.407,29.161,29.059,28.921,28.834,28.79,28.877,28.812,28.921,29.139,29.739,30.529,31.278,32.346,33.967,35.79,36.09,36.185,36.246,36.199,36.199,36.172,36.131,36.09,36.029,35.96,35.981,35.892,35.797,35.77,35.749,35.735,35.729,35.701,35.694,35.708,35.715,35.756,35.845,35.804,35.763,35.612,35.435,35.366,35.304,35.181,35.078,35.064,35.057,35.064,35.092,35.092,35.112,35.119,35.126,35.071,35.009,34.913,34.831,34.803,34.762,34.748,34.748,34.762,34.741,34.727,34.762,34.748,34.672,34.686,34.548,34.52,34.493,34.451,34.507,34.513,34.438,34.438,34.348,34.306,34.175,34.092,34.071,34.043,34.043,33.918,33.925,33.967,33.967,33.967,34.043,34.099,34.189,34.279,34.486,34.534,34.589,34.582,34.569,34.576,34.589,34.582,34.61,34.638,34.645,34.658,34.679,34.665,34.645,34.589,34.513,34.5,34.327,34.175,31.753,26.452,24.553,23.127,22.942,22.873,22.965,23.479,24.044,24.78,25.292,25.623,25.825,26.333,26.608,27,27.126,26.986,26.072,25.225,25.157,24.772,24.757,24.689,24.598,24.644,24.999,25.555,25.84,25.84,25.6,25.518,25.277,25.014,24.659,24.515,24.432,24.454,24.242,24.128,24.09,24.075,24.097,24.105,24.135,24.143,24.143,24.128,24.067,24.014,23.915,23.663,23.426,23.311,23.265,23.196,23.165,24.166,25.525,25.6,25.57,25.555,25.533,25.413,25.39,25.323,25.27,25.18,24.863,24.757,24.591,24.492,24.492,24.47,24.5,24.515,24.742,24.81,24.886,24.878,24.923,24.969,25.052,25.187,25.668,26.414,27.141,27.782,28.258,28.433,28.492,28.47,28.397,28.112,27.972,27.495,27.097,26.578,26.109,25.383,25.277,25.021,24.954,24.931,24.908,24.886,24.886,24.893,24.916,24.938,24.946,25.014,25.059,25.097,25.082,25.112,25.119,25.119,25.149,25.119,25.134,25.134,25.134,25.142,25.157,25.187,25.217,25.262,25.285,25.345,25.345,25.33,25.36,25.368,25.375,25.353,25.323,25.323,25.33,25.308,25.338,25.36,25.375,25.398,25.428,25.458,25.488,25.518,25.578,25.555,25.578,25.57,25.533,25.518,25.495,25.488,25.465,25.465,25.48,25.48,25.525,25.54,25.6,25.6,25.668,25.668,25.698,25.69,25.705,25.72,25.72,25.713,25.705,25.675,25.623,25.593,25.555,25.54,25.458,25.465,25.24,24.666,24.181,23.487,23.265,23.18,23.119,23.096,23.058,23.034,23.034,23.004,22.996,22.988,22.958,22.965,22.919,22.911,22.881,22.873,22.865,22.842,22.834,22.773,22.78,22.796,22.757,22.757,22.75,22.727,22.703,22.703,22.68,22.688,22.657,22.68,22.673,22.642,22.619,22.595,22.611,22.595,22.595,22.595,22.572,22.572,22.595,22.588,22.534,22.557,22.588,22.526,22.534,22.541,22.549,22.534,22.526,22.526,22.541,22.526,22.526,22.51,22.487,22.518,22.51,22.51,22.487,22.472,22.449,22.456,22.456,22.464,22.487,22.472,22.479,22.479,22.479,22.479,22.495,22.495,22.456,22.464,22.472,22.449,22.456,22.449,22.441,22.441,22.425,22.41,22.425,22.449,22.433,22.472,22.449,22.449
,22.178,22.154,22.154,22.154,22.139,22.162,22.162,22.154,22.131,22.147,22.162,22.154,22.185,22.178,22.185,22.209,22.185,22.193,22.201,22.201,22.201,22.216,22.209,22.209,22.232,22.232,22.232,22.232,22.216,22.216,22.162,22.193,22.216,22.209,22.224,22.232,22.232,22.232,22.24,22.255,22.224,22.247,22.24,22.255,22.271,22.255,22.247,22.24,22.24,22.224,22.24,22.224,22.247,22.255,22.247,22.255,22.24,22.247,22.247,22.271,22.294,22.294,22.294,22.317,22.317,22.325,22.332,22.332,22.325,22.317,22.309,22.317,22.317,22.309,22.317,22.309,22.302,22.317,22.317,22.34,22.348,22.356,22.348,22.363,22.371,22.363,22.394,22.41,22.387,22.371,22.379,22.379,22.387,22.41,22.418,22.425,22.425,22.425,22.418,22.425,22.456,22.433,22.456,22.472,22.51,22.51,22.495,22.495,22.472,22.487,22.487,22.541,22.534,22.534,22.534,22.518,22.534,22.526,22.564,22.549,22.541,22.572,22.58,22.58,22.588,22.58,22.595,22.595,22.611,22.611,22.634,22.626,22.626,22.634,22.642,22.665,22.68,22.673,22.665,22.696,22.68,22.719,22.665,22.703,22.696,22.703,22.719,22.78,22.742,22.788,22.804,22.834,22.827,22.904,22.888,22.996,23.701,24.105,24.621,24.727,24.757,24.825,24.954,25.044,25.112,25.27,25.308,25.33,25.413,25.398,25.503,25.555,25.6,25.713,25.892,25.922,25.997,26.109,26.109,26.176,26.139,26.079,25.892,25.795,25.765,25.758,25.773,25.818,25.862,25.922,25.945,26.004,26.034,26.064,26.146,26.288,26.474,26.734,26.867,27.052,27.355,27.774,28.214,28.229,28.214,28.038,27.451,25.885,25.104,24.409,24.265,24.31,24.432,24.485,24.553,24.772,24.923,25.675,27.348,27.407,27.414,27.392,27.318,27.17,25.443,24.363,24.447,24.712,24.855,25.006,25.458,25.585,25.645,25.563,25.495,25.458,25.405,25.42,25.45,25.51,25.63,25.743,25.84,25.975,26.429,26.926,27.723,29.385,29.508,29.356,29.255,29.088,28.972,28.761,28.725,28.725,28.732,28.747,28.834,29.095,29.392,30.113,30.672,31.774,32.83,35.119,36.104,36.219,36.267,36.219,36.178,36.151,36.104,36.076,36.015,35.967,35.947,35.865,35.824,35.804,35.77,35.763,35.722,35.715,35.708,35.708,35.701,35.756,35.79,35.77,35.77,35.53,35.482,35.325,35.25,35.167,35.092,35.044,35.051,35.03,35.03,35.03,35.051,35.078,35.057,35.051,34.968,34.831,34.789,34.72,34.707,34.707,34.686,34.7,34.693,34.686,34.638,34.638,34.617,34.576,34.431,34.527,34.451,34.368,34.389,34.41,34.424,34.341,34.258,34.175,34.161,34.071,33.995,33.981,33.939,33.904,33.932,33.967,33.946,34.022,34.092,34.161,34.272,34.375,34.52,34.589,34.582,34.589,34.576,34.576,34.582,34.624,34.617,34.651,34.651,34.658,34.658,34.658,34.645,34.569,34.451,34.431,34.313,33.522,29.073,25.044,23.739,22.927,22.634,22.557,22.75,23.418,24.173,24.803,25.36,25.758,26.228,26.437,26.689,27.06,27.03,26.258,25.353,25.187,24.818,24.75,24.704,24.629,24.651,24.765,25.157,25.638,25.788,25.758,25.548,25.398,24.999,24.772,24.492,24.439,24.386,24.189,24.166,24.09,24.09,24.113,24.135,24.166,24.181,24.227,24.204,24.173,24.09,24.006,23.93,23.732,23.533,23.311,23.257,23.188,23.142,24.037,25.428,25.593,25.608,25.578,25.503,25.48,25.413,25.345,25.36,25.217,24.855,24.568,24.53,24.485,24.492,24.515,24.53,24.621,24.765,24.825,24.871,24.923,24.954,24.961,25.044,25.052,25.48,26.399,27.067,27.48,27.877,28.419,28.506,28.506,28.426,28.265,28.104,27.752,27.17,27.008,26.131,25.6,25.383,25.157,25.021,24.946,24.938,24.893,24.886,24.893,24.893,24.916,24.954,24.984,25.044,25.074,25.112,25.104,25.134,25.112,25.119,25.127,25.134,25.142,25.134,25.142,25.157,25.165,25.18,25.21,25.277,25.285,25.315,25.308,25.315,25.345,25.338,25.323,25.33,25.285,25.292,25.308,25.33,25.338,25.353,25.383,25.398,25.42,25.45,25.503,25.518,25.525,25.57,25.548,25.54,25.51,25.488,25.458,25.45,25.435,25.45,25.473,25.51,25.57,25.623,25.623,25.705,25.728,25.728,25.713,25.728,25.743,25.743,25.743,25.728,25.683,25.705,25.645,25.6,25.608,25.593,25.473,25.45,25.292,24.75,24.485,23.8,23.403,23.173,23.134,23.104,23.042,23.034,23.019,23.004,23.004,22.965,22.981,22.965,22.911,22.881,22.881,22.865,22.819,22.811,22.811,22.78,22.78,22.788,22.765,22.75,22.727,22.742,22.688,22.696,22.688,22.688,22.665,22.665,22.642,22.642,22.603,22.58,22.619,22.58,22.564,22.557,22.564,22.564,22.572,22.588,22.572,22.534,22.549,22.534,22.549,22.564,22.557,22.526,22.549,22.503,22.518,22.518,22.495,22.51,22.479,22.495,22.495,22.495,22.487,22.464,22.479,22.456,22.495,22.495,22.479,22.479,22.479,22.479,22.479,22.472,22.456,22.479,22.456,22.449,22.433,22.441,22.441,22.449,22.441,22.449,22.449,22.441,22.433,22.418,22.433,22.472,22.433
,22.178,22.17,22.147,22.162,22.139,22.131,22.123,22.139,22.1,22.147,22.154,22.17,22.17,22.185,22.185,22.17,22.209,22.17,22.193,22.209,22.185,22.193,22.209,22.193,22.224,22.224,22.224,22.224,22.216,22.224,22.224,22.232,22.247,22.24,22.216,22.24,22.24,22.216,22.255,22.232,22.232,22.255,22.24,22.263,22.271,22.255,22.255,22.255,22.24,22.232,22.232,22.232,22.247,22.247,22.255,22.255,22.247,22.255,22.247,22.255,22.278,22.286,22.286,22.325,22.325,22.325,22.34,22.309,22.325,22.317,22.309,22.317,22.317,22.325,22.325,22.325,22.317,22.317,22.34,22.348,22.34,22.356,22.363,22.348,22.371,22.387,22.387,22.379,22.371,22.379,22.371,22.379,22.379,22.402,22.418,22.418,22.433,22.433,22.425,22.425,22.41,22.433,22.464,22.479,22.495,22.487,22.503,22.487,22.464,22.487,22.503,22.526,22.534,22.534,22.541,22.534,22.564,22.549,22.564,22.557,22.572,22.58,22.557,22.564,22.58,22.58,22.572,22.572,22.58,22.588,22.619,22.619,22.611,22.626,22.642,22.649,22.665,22.673,22.696,22.703,22.688,22.673,22.696,22.673,22.68,22.727,22.719,22.742,22.78,22.811,22.842,22.858,22.904,22.904,23.334,24.257,24.75,24.735,24.803,24.78,24.81,24.855,24.984,25.082,25.27,25.277,25.315,25.39,25.405,25.428,25.495,25.593,25.69,25.765,25.93,25.96,26.094,26.154,26.169,26.198,26.131,26.042,25.818,25.75,25.713,25.743,25.758,25.832,25.855,25.9,25.93,26.012,26.057,26.094,26.183,26.429,26.541,26.756,26.956,27.274,27.348,27.987,28.221,28.265,28.192,27.694,26.198,25.082,24.704,24.333,24.265,24.295,24.333,24.507,24.666,24.878,25.149,26.176,27.362,27.421,27.451,27.443,27.399,27.156,26.124,24.371,24.447,24.53,24.803,25.052,25.435,25.6,25.578,25.525,25.458,25.435,25.383,25.375,25.42,25.465,25.585,25.698,25.795,25.975,26.236,26.689,27.163,28.499,29.298,29.204,29.139,28.972,28.834,28.776,28.666,28.674,28.615,28.615,28.63,28.805,29.11,29.58,30.364,30.965,31.93,33.606,35.858,36.158,36.226,36.199,36.178,36.138,36.063,36.008,35.967,35.954,35.94,35.886,35.824,35.783,35.776,35.722,35.722,35.715,35.701,35.694,35.715,35.756,35.79,35.742,35.674,35.633,35.482,35.346,35.181,35.16,35.051,35.023,35.009,35.002,35.009,35.016,35.057,35.037,34.989,34.975,34.906,34.782,34.707,34.707,34.658,34.624,34.645,34.645,34.617,34.589,34.617,34.631,34.555,34.555,34.486,34.424,34.382,34.327,34.299,34.348,34.279,34.251,34.189,34.168,34.043,34.043,33.96,33.918,33.904,33.918,33.891,33.891,33.891,34.008,34.126,34.244,34.341,34.417,34.534,34.576,34.596,34.576,34.576,34.576,34.589,34.61,34.651,34.658,34.672,34.679,34.679,34.651,34.672,34.582,34.438,34.313,34.195,31.54,26.437,24.363,23.05,22.588,22.534,22.526,22.78,23.41,24.052,24.735,25.33,25.773,26.198,26.459,26.749,26.882,26.578,25.57,25.149,24.938,24.712,24.651,24.583,24.545,24.56,24.75,25.27,25.668,25.75,25.713,25.495,25.36,24.976,24.689,24.507,24.394,24.242,24.189,24.135,24.113,24.09,24.097,24.151,24.211,24.227,24.257,24.242,24.204,24.097,24.021,23.976,23.693,23.441,23.303,23.234,23.134,23.157,23.716,25.398,25.608,25.615,25.593,25.555,25.518,25.458,25.428,25.308,24.969,24.735,24.591,24.545,24.485,24.492,24.568,24.621,24.636,24.697,24.833,24.871,24.916,24.946,24.984,25.006,24.984,25.127,25.9,26.622,27.362,27.965,28.126,28.477,28.513,28.47,28.375,28.06,27.657,27.333,27.06,26.682,25.803,25.195,25.104,25.036,24.984,24.938,24.886,24.871,24.871,24.878,24.893,24.961,24.991,25.044,25.044,25.082,25.112,25.127,25.149,25.142,25.134,25.127,25.112,25.134,25.134,25.142,25.18,25.195,25.232,25.24,25.262,25.292,25.308,25.3,25.308,25.292,25.277,25.262,25.285,25.277,25.315,25.308,25.345,25.345,25.375,25.398,25.42,25.45,25.488,25.495,25.503,25.518,25.503,25.495,25.488,25.45,25.42,25.39,25.405,25.428,25.458,25.473,25.578,25.593,25.675,25.705,25.758,25.75,25.735,25.743,25.728,25.75,25.75,25.713,25.698,25.698,25.66,25.66,25.653,25.593,25.578,25.51,25.495,25.368,25.074,24.682,24.029,23.41,23.242,23.127,23.127,23.042,23.027,22.996,22.996,22.988,22.934,22.934,22.896,22.888,22.873,22.858,22.827,22.827,22.765,22.765,22.773,22.757,22.75,22.742,22.734,22.734,22.742,22.719,22.688,22.665,22.673,22.673,22.665,22.634,22.626,22.611,22.564,22.603,22.549,22.534,22.557,22.549,22.564,22.564,22.564,22.564,22.541,22.534,22.564,22.534,22.611,22.572,22.564,22.503,22.487,22.503,22.479,22.479,22.479,22.503,22.487,22.479,22.503,22.464,22.479,22.472,22.464,22.464,22.472,22.472,22.472,22.479,22.464,22.441,22.441,22.425,22.433,22.441,22.433,22.449,22.456,22.441,22.456,22.464,22.464,22.464,22.464,22.441,22.456,22.456,22.449
,22.162,22.147,22.17,22.162,22.139,22.139,22.116,22.123,22.131,22.131,22.139,22.154,22.154,22.154,22.17,22.178,22.201,22.201,22.17,22.178,22.17,22.193,22.216,22.224,22.224,22.232,22.232,22.232,22.224,22.232,22.209,22.178,22.216,22.232,22.232,22.232,22.24,22.232,22.24,22.24,22.209,22.232,22.263,22.247,22.24,22.247,22.247,22.255,22.247,22.247,22.232,22.24,22.247,22.263,22.271,22.255,22.255,22.209,22.24,22.278,22.286,22.302,22.302,22.317,22.332,22.294,22.325,22.317,22.317,22.309,22.317,22.309,22.317,22.325,22.332,22.325,22.332,22.325,22.34,22.348,22.363,22.356,22.356,22.356,22.356,22.363,22.34,22.356,22.371,22.348,22.356,22.379,22.379,22.402,22.41,22.433,22.456,22.441,22.433,22.441,22.433,22.449,22.456,22.479,22.495,22.495,22.487,22.472,22.503,22.518,22.526,22.51,22.503,22.541,22.549,22.572,22.572,22.557,22.588,22.572,22.557,22.595,22.588,22.557,22.557,22.557,22.572,22.58,22.626,22.619,22.626,22.611,22.619,22.626,22.634,22.657,22.688,22.703,22.696,22.688,22.673,22.68,22.727,22.703,22.703,22.765,22.742,22.78,22.804,22.865,22.858,23.058,23.395,24.28,24.848,24.923,24.878,24.825,24.848,24.901,24.931,25.036,25.074,25.149,25.24,25.277,25.39,25.428,25.503,25.57,25.63,25.72,25.855,25.84,26.101,26.101,26.176,26.228,26.191,26.176,26.087,25.788,25.735,25.683,25.705,25.735,25.75,25.818,25.847,25.915,25.93,25.997,26.034,26.094,26.176,26.355,26.563,26.845,26.926,27.303,27.48,27.965,28.199,28.243,27.98,26.934,25.675,25.014,24.727,24.265,24.265,24.447,24.432,24.591,24.689,24.961,25.157,26.34,27.399,27.532,27.539,27.532,27.421,27.237,26.489,24.477,24.409,24.606,24.75,25.074,25.45,25.585,25.578,25.555,25.443,25.42,25.338,25.345,25.345,25.428,25.42,25.57,25.773,25.84,26.019,26.518,27.045,28.06,29.32,29.168,28.95,28.848,28.776,28.754,28.696,28.615,28.586,28.535,28.528,28.579,28.754,29.247,29.638,30.429,31.036,32.43,35.057,36.185,36.226,36.212,36.165,36.097,36.015,35.967,35.92,35.906,35.906,35.858,35.824,35.763,35.756,35.708,35.701,35.722,35.708,35.742,35.749,35.756,35.77,35.77,35.619,35.524,35.469,35.304,35.215,35.085,35.044,35.009,34.996,34.968,34.996,35.016,35.023,35.057,35.051,34.982,34.886,34.775,34.748,34.665,34.631,34.576,34.596,34.617,34.576,34.589,34.582,34.569,34.548,34.527,34.424,34.361,34.334,34.292,34.279,34.285,34.265,34.195,34.168,34.112,33.995,33.974,33.939,33.918,33.911,33.897,33.904,33.904,33.967,34.085,34.119,34.258,34.341,34.458,34.513,34.562,34.562,34.576,34.576,34.576,34.582,34.61,34.651,34.672,34.686,34.686,34.672,34.658,34.61,34.576,34.5,34.279,33.759,28.812,25.232,23.755,22.911,22.595,22.58,22.564,22.688,23.586,24.242,24.833,25.54,25.922,26.34,26.622,26.734,26.912,26.31,25.112,24.78,24.697,24.636,24.538,24.507,24.515,24.56,24.931,25.428,25.668,25.66,25.645,25.488,25.27,24.81,24.606,24.462,24.28,24.242,24.181,24.143,24.113,24.12,24.158,24.219,24.242,24.295,24.31,24.28,24.181,24.12,23.998,23.953,23.709,23.418,23.395,23.196,23.165,23.142,23.219,25.292,25.63,25.645,25.623,25.57,25.495,25.503,25.42,25.18,24.938,24.735,24.576,24.568,24.507,24.545,24.538,24.644,24.674,24.735,24.833,24.878,24.908,24.938,24.969,24.991,25.074,25.082,25.443,26.778,27.163,27.87,28.346,28.484,28.535,28.535,28.455,28.331,28.068,27.73,27.259,26.593,25.84,25.503,25.119,25.014,24.984,24.969,24.886,24.878,24.848,24.871,24.878,24.923,24.954,25.029,25.059,25.082,25.149,25.157,25.134,25.165,25.134,25.097,25.119,25.127,25.127,25.142,25.18,25.195,25.217,25.232,25.247,25.24,25.27,25.247,25.277,25.292,25.262,25.285,25.255,25.285,25.292,25.308,25.33,25.353,25.345,25.375,25.36,25.42,25.443,25.48,25.48,25.503,25.473,25.465,25.443,25.42,25.428,25.375,25.368,25.405,25.465,25.48,25.548,25.615,25.683,25.713,25.765,25.743,25.758,25.75,25.735,25.75,25.743,25.735,25.75,25.72,25.683,25.668,25.668,25.735,25.675,25.623,25.615,25.443,25.33,25.021,24.697,24.598,23.968,23.265,23.111,23.134,23.081,23.027,23.019,22.973,22.973,22.958,22.927,22.911,22.865,22.865,22.85,22.834,22.827,22.827,22.827,22.757,22.757,22.757,22.734,22.765,22.742,22.734,22.688,22.696,22.665,22.649,22.642,22.595,22.626,22.603,22.58,22.603,22.572,22.557,22.557,22.557,22.557,22.557,22.564,22.572,22.564,22.572,22.534,22.526,22.526,22.541,22.572,22.526,22.487,22.487,22.487,22.487,22.479,22.495,22.495,22.503,22.472,22.472,22.449,22.433,22.464,22.464,22.479,22.472,22.487,22.464,22.472,22.464,22.449,22.425,22.425,22.433,22.433,22.433,22.441,22.441,22.472,22.456,22.472,22.456,22.449,22.456,22.479,22.479,22.472
,22.147,22.139,22.154,22.147,22.116,22.108,22.1,22.092,22.1,22.116,22.131,22.116,22.139,22.147,22.154,22.178,22.185,22.201,22.17,22.154,22.17,22.154,22.193,22.216,22.216,22.216,22.216,22.224,22.224,22.201,22.193,22.193,22.209,22.17,22.232,22.209,22.224,22.209,22.24,22.247,22.271,22.24,22.255,22.255,22.24,22.232,22.247,22.255,22.24,22.24,22.24,22.24,22.247,22.263,22.294,22.278,22.247,22.224,22.247,22.278,22.271,22.302,22.302,22.309,22.309,22.309,22.294,22.286,22.317,22.309,22.309,22.309,22.302,22.309,22.302,22.325,22.317,22.332,22.332,22.348,22.363,22.34,22.34,22.34,22.348,22.348,22.363,22.348,22.363,22.363,22.34,22.371,22.379,22.402,22.41,22.425,22.433,22.449,22.425,22.425,22.433,22.441,22.449,22.464,22.472,22.487,22.479,22.51,22.495,22.487,22.518,22.534,22.51,22.518,22.534,22.541,22.557,22.572,22.549,22.572,22.557,22.564,22.572,22.557,22.572,22.572,22.58,22.588,22.595,22.611,22.603,22.588,22.611,22.626,22.649,22.657,22.657,22.696,22.68,22.68,22.68,22.688,22.734,22.696,22.719,22.788,22.842,22.834,22.819,22.858,23.296,24.28,24.833,25.067,25.097,25.029,24.938,24.938,24.938,24.976,25.014,25.097,25.149,25.195,25.292,25.345,25.435,25.473,25.578,25.728,25.698,25.668,25.892,26.019,26.139,26.206,26.243,26.206,26.236,26.057,25.877,25.653,25.728,25.63,25.668,25.683,25.743,25.795,25.862,25.885,25.93,25.975,26.004,26.072,26.183,26.333,26.533,26.949,27.097,27.355,27.48,27.972,28.214,28.199,27.928,26.889,25.75,25.006,24.356,24.249,24.242,24.28,24.515,24.651,24.757,25.074,25.353,27.244,27.495,27.554,27.554,27.583,27.48,27.259,26.57,24.538,24.424,24.523,24.803,25.33,25.57,25.555,25.593,25.525,25.428,25.315,25.315,25.277,25.3,25.308,25.42,25.533,25.795,25.855,26.101,26.511,26.682,27.583,29.066,28.979,28.805,28.827,28.768,28.725,28.659,28.615,28.543,28.433,28.433,28.433,28.419,28.805,29.32,29.933,30.357,31.306,33.376,35.94,36.151,36.124,36.083,36.015,35.974,35.933,35.899,35.899,35.838,35.804,35.77,35.681,35.674,35.66,35.674,35.647,35.722,35.722,35.763,35.763,35.797,35.763,35.626,35.537,35.469,35.352,35.167,35.147,35.071,35.016,34.989,34.975,34.968,34.968,35.016,35.051,35.051,35.002,34.934,34.796,34.769,34.679,34.672,34.638,34.576,34.582,34.576,34.569,34.562,34.576,34.527,34.465,34.396,34.355,34.327,34.285,34.272,34.251,34.237,34.202,34.112,34.05,34.015,33.981,33.967,33.925,33.946,33.932,33.946,33.988,34.071,34.105,34.189,34.23,34.375,34.465,34.5,34.513,34.541,34.548,34.555,34.562,34.589,34.624,34.665,34.693,34.679,34.7,34.686,34.679,34.658,34.569,34.431,34.168,31.583,26.771,24.568,23.541,22.75,22.642,22.526,22.557,22.981,23.846,24.31,25.014,25.645,25.937,26.444,26.608,26.726,26.496,25.465,24.735,24.704,24.644,24.598,24.56,24.515,24.53,24.682,24.893,25.45,25.66,25.69,25.668,25.57,25.413,24.893,24.644,24.477,24.28,24.196,24.181,24.158,24.151,24.158,24.257,24.242,24.325,24.348,24.356,24.325,24.234,24.12,24.097,23.899,23.686,23.525,23.272,23.226,23.142,23.096,23.134,24.151,25.63,25.645,25.63,25.615,25.563,25.525,25.413,25.089,24.84,24.659,24.591,24.523,24.53,24.576,24.591,24.583,24.682,24.697,24.78,24.833,24.893,24.931,24.946,24.999,25.014,25.119,25.45,26.399,27,27.591,28.141,28.448,28.521,28.535,28.47,28.448,27.972,27.671,27.502,26.815,26.206,25.608,25.277,25.165,25.014,24.931,24.938,24.848,24.84,24.848,24.863,24.833,24.961,25.006,25.067,25.104,25.127,25.157,25.157,25.142,25.127,25.119,25.127,25.119,25.127,25.142,25.142,25.187,25.202,25.21,25.21,25.217,25.247,25.24,25.262,25.262,25.255,25.27,25.285,25.262,25.27,25.292,25.308,25.338,25.33,25.36,25.383,25.405,25.428,25.465,25.443,25.465,25.45,25.443,25.42,25.398,25.39,25.375,25.405,25.383,25.428,25.503,25.533,25.6,25.675,25.713,25.81,25.795,25.765,25.758,25.758,25.743,25.75,25.75,25.743,25.728,25.713,25.705,25.713,25.728,25.69,25.698,25.668,25.645,25.503,25.338,25.119,24.893,24.598,24.067,23.41,23.288,23.065,23.05,23.004,22.981,22.973,22.958,22.942,22.911,22.873,22.858,22.842,22.834,22.85,22.811,22.804,22.796,22.757,22.765,22.75,22.757,22.734,22.727,22.696,22.657,22.657,22.649,22.665,22.626,22.619,22.619,22.611,22.595,22.572,22.572,22.549,22.557,22.549,22.564,22.564,22.572,22.572,22.572,22.534,22.541,22.518,22.557,22.534,22.518,22.51,22.495,22.472,22.495,22.503,22.495,22.495,22.51,22.518,22.495,22.456,22.479,22.464,22.464,22.479,22.472,22.479,22.479,22.472,22.456,22.433,22.441,22.433,22.441,22.425,22.464,22.441,22.456,22.464,22.456,22.441,22.472,22.418,22.449,22.441,22.487,22.487
,22.123,22.131,22.139,22.139,22.131,22.131,22.1,22.108,22.116,22.092,22.116,22.108,22.123,22.131,22.147,22.147,22.154,22.185,22.139,22.185,22.162,22.162,22.17,22.185,22.209,22.209,22.185,22.216,22.193,22.201,22.209,22.185,22.17,22.193,22.201,22.209,22.24,22.247,22.263,22.271,22.263,22.263,22.232,22.302,22.247,22.232,22.232,22.224,22.255,22.255,22.247,22.247,22.286,22.263,22.263,22.271,22.247,22.24,22.247,22.232,22.278,22.286,22.309,22.309,22.348,22.271,22.309,22.317,22.309,22.302,22.317,22.309,22.286,22.309,22.325,22.332,22.34,22.356,22.348,22.325,22.348,22.363,22.363,22.363,22.348,22.356,22.363,22.348,22.325,22.332,22.356,22.379,22.387,22.402,22.433,22.441,22.433,22.472,22.456,22.449,22.441,22.456,22.456,22.456,22.464,22.472,22.472,22.487,22.472,22.495,22.487,22.526,22.526,22.526,22.534,22.557,22.549,22.549,22.549,22.572,22.58,22.603,22.572,22.572,22.588,22.572,22.588,22.611,22.603,22.595,22.611,22.603,22.611,22.611,22.642,22.665,22.711,22.688,22.742,22.703,22.734,22.711,22.75,22.757,22.773,22.788,22.873,22.919,23.011,24.173,24.704,25.104,25.21,25.217,25.127,24.946,24.969,24.908,25.029,25.067,25.082,25.142,25.195,25.3,25.353,25.398,25.458,25.585,25.57,25.675,25.907,26.004,26.004,26.139,26.243,26.206,26.258,26.265,26.221,25.945,25.765,25.6,25.608,25.593,25.623,25.66,25.72,25.788,25.855,25.892,25.945,25.997,26.049,26.116,26.265,26.437,26.719,26.978,27.074,27.384,27.774,27.921,28.119,28.046,27.664,26.704,25.87,25.021,24.295,24.318,24.303,24.348,24.485,24.644,24.772,25.157,25.728,27.362,27.495,27.598,27.569,27.561,27.392,27.244,26.169,24.394,24.348,24.523,24.78,25.33,25.555,25.623,25.555,25.48,25.36,25.315,25.247,25.24,25.255,25.308,25.33,25.45,25.765,25.915,26.131,26.593,26.771,27.215,28.433,28.899,28.783,28.783,28.747,28.688,28.659,28.608,28.477,28.462,28.397,28.353,28.404,28.535,29.081,29.392,29.94,30.851,32.142,34.52,36.083,36.104,36.008,35.988,35.94,35.906,35.879,35.831,35.81,35.729,35.667,35.626,35.619,35.612,35.612,35.653,35.701,35.756,35.77,35.776,35.797,35.735,35.571,35.441,35.366,35.277,35.256,35.16,35.078,35.051,34.941,34.941,34.989,35.002,35.023,35.057,35.092,35.044,35.009,34.824,34.769,34.727,34.72,34.651,34.624,34.576,34.562,34.582,34.582,34.555,34.507,34.431,34.382,34.341,34.299,34.306,34.258,34.285,34.244,34.202,34.168,34.119,33.981,33.981,33.988,33.967,33.995,33.995,33.995,34.064,34.078,34.182,34.251,34.361,34.348,34.444,34.431,34.458,34.493,34.513,34.527,34.555,34.603,34.651,34.665,34.693,34.713,34.713,34.707,34.672,34.658,34.603,34.465,33.033,28.572,25.48,24.181,23.349,22.85,22.611,22.619,22.765,23.357,23.968,24.462,25.112,25.63,26.213,26.548,26.652,26.719,25.915,25.074,24.651,24.636,24.621,24.621,24.538,24.485,24.538,24.682,25.021,25.548,25.645,25.653,25.645,25.405,25.27,24.772,24.621,24.341,24.287,24.211,24.189,24.181,24.196,24.211,24.249,24.356,24.386,24.401,24.386,24.333,24.28,24.204,24.143,23.777,23.693,23.464,23.364,23.196,23.142,23.127,23.157,24.014,25.443,25.645,25.653,25.645,25.585,25.593,25.27,25.074,24.855,24.712,24.712,24.598,24.53,24.545,24.56,24.591,24.644,24.704,24.75,24.795,24.848,24.893,24.961,24.991,24.999,25.029,25.225,26.191,26.8,27.451,28.038,28.455,28.535,28.564,28.586,28.499,28.36,27.774,27.524,26.852,26.131,25.495,25.345,25.149,24.976,24.954,24.893,24.84,24.818,24.81,24.84,24.878,24.946,24.916,25.059,25.089,25.104,25.149,25.142,25.127,25.134,25.089,25.097,25.127,25.134,25.134,25.165,25.18,25.187,25.202,25.202,25.195,25.232,25.232,25.24,25.247,25.225,25.232,25.225,25.24,25.27,25.277,25.3,25.33,25.33,25.323,25.308,25.345,25.39,25.398,25.398,25.39,25.405,25.383,25.39,25.338,25.338,25.345,25.338,25.383,25.398,25.465,25.503,25.6,25.675,25.675,25.795,25.81,25.81,25.78,25.758,25.75,25.773,25.72,25.743,25.705,25.728,25.72,25.66,25.69,25.728,25.683,25.683,25.668,25.63,25.48,25.353,25.165,25.029,24.598,24.097,23.372,23.226,23.096,23.004,22.988,22.996,22.95,22.958,22.942,22.904,22.881,22.873,22.85,22.858,22.819,22.811,22.765,22.765,22.75,22.765,22.75,22.75,22.711,22.719,22.673,22.703,22.657,22.642,22.649,22.642,22.626,22.634,22.603,22.588,22.572,22.572,22.557,22.564,22.564,22.564,22.564,22.572,22.572,22.549,22.541,22.541,22.541,22.534,22.503,22.503,22.518,22.503,22.503,22.503,22.495,22.503,22.503,22.51,22.479,22.495,22.464,22.479,22.464,22.456,22.479,22.472,22.472,22.472,22.472,22.433,22.441,22.456,22.425,22.456,22.441,22.449,22.441,22.456,22.425,22.449,22.472,22.464,22.402,22.441,22.464,22.503
,22.077,22.123,22.139,22.162,22.154,22.147,22.116,22.131,22.108,22.1,22.092,22.1,22.1,22.123,22.147,22.139,22.139,22.147,22.17,22.162,22.17,22.178,22.178,22.193,22.193,22.216,22.209,22.216,22.224,22.178,22.193,22.201,22.178,22.201,22.224,22.232,22.263,22.271,22.255,22.263,22.255,22.278,22.247,22.224,22.271,22.24,22.216,22.24,22.232,22.286,22.255,22.255,22.286,22.286,22.278,22.263,22.24,22.247,22.247,22.263,22.286,22.286,22.263,22.255,22.294,22.309,22.317,22.309,22.325,22.278,22.309,22.294,22.309,22.317,22.309,22.294,22.325,22.325,22.332,22.363,22.371,22.371,22.387,22.379,22.379,22.379,22.371,22.379,22.371,22.363,22.356,22.363,22.394,22.41,22.449,22.449,22.464,22.464,22.456,22.456,22.472,22.472,22.472,22.464,22.464,22.472,22.472,22.503,22.472,22.503,22.51,22.518,22.534,22.526,22.526,22.549,22.572,22.564,22.572,22.572,22.595,22.595,22.58,22.588,22.588,22.564,22.588,22.611,22.611,22.611,22.619,22.611,22.611,22.634,22.673,22.68,22.696,22.727,22.711,22.765,22.742,22.765,22.773,22.827,22.842,22.865,22.981,24.037,24.507,25.006,25.082,25.262,25.18,25.18,24.916,24.916,24.999,25.059,25.067,25.097,25.142,25.195,25.24,25.3,25.39,25.488,25.645,25.638,25.81,25.855,25.982,25.997,26.183,26.154,26.221,26.28,26.243,26.28,26.124,25.825,25.578,25.555,25.578,25.578,25.593,25.645,25.705,25.78,25.825,25.885,25.945,25.96,26.042,26.042,26.28,26.474,26.749,27.03,27.156,27.664,27.892,27.928,28.031,27.936,27.73,26.793,25.825,25.006,24.287,24.265,24.265,24.341,24.606,24.719,25.059,25.24,26.362,27.539,27.627,27.627,27.583,27.569,27.399,27.163,26.064,24.356,24.356,24.5,24.825,25.495,25.615,25.578,25.555,25.51,25.383,25.3,25.21,25.225,25.187,25.202,25.39,25.36,25.63,25.818,26.094,26.504,26.697,27.045,27.694,28.717,28.717,28.717,28.703,28.739,28.674,28.564,28.484,28.433,28.251,28.163,28.09,28.17,28.513,28.95,29.479,30.07,30.858,32.458,35.291,35.967,35.988,35.94,35.913,35.886,35.81,35.804,35.742,35.701,35.64,35.626,35.599,35.578,35.585,35.612,35.688,35.742,35.804,35.797,35.845,35.66,35.612,35.476,35.393,35.318,35.243,35.133,35.112,35.051,34.996,34.968,34.996,34.996,35.051,35.057,35.112,35.112,34.989,34.865,34.844,34.789,34.741,34.679,34.624,34.61,34.617,34.61,34.555,34.582,34.507,34.431,34.382,34.341,34.313,34.292,34.244,34.272,34.237,34.292,34.175,34.112,34.085,34.064,34.002,34.002,34.008,34.002,34.064,34.099,34.168,34.237,34.251,34.327,34.355,34.348,34.375,34.424,34.465,34.5,34.52,34.555,34.589,34.638,34.679,34.748,34.72,34.72,34.713,34.707,34.638,34.61,34.008,30.665,26.83,25.27,24.151,23.472,22.942,22.727,22.696,23.073,23.541,24.28,24.886,25.262,25.713,26.258,26.608,26.66,26.064,25.195,24.697,24.576,24.583,24.598,24.591,24.576,24.53,24.644,24.855,25.082,25.585,25.638,25.675,25.563,25.368,25.18,24.825,24.651,24.432,24.272,24.227,24.204,24.204,24.257,24.272,24.379,24.363,24.454,24.447,24.394,24.333,24.318,24.227,24.12,23.823,23.755,23.617,23.341,23.249,23.119,23.127,23.096,23.899,25.428,25.615,25.675,25.69,25.623,25.54,25.18,25.052,24.863,24.742,24.674,24.598,24.629,24.53,24.515,24.545,24.621,24.666,24.742,24.803,24.855,24.893,24.931,24.991,24.984,25.014,25.195,25.81,26.786,27.473,27.943,28.455,28.572,28.586,28.535,28.513,28.433,28.185,27.671,26.845,26.318,25.743,25.465,25.225,24.999,24.916,24.893,24.825,24.825,24.795,24.803,24.803,24.84,24.931,24.916,25.074,25.097,25.134,25.134,25.104,25.127,25.082,25.082,25.097,25.127,25.089,25.149,25.172,25.172,25.187,25.18,25.202,25.202,25.247,25.255,25.225,25.225,25.217,25.21,25.21,25.232,25.24,25.255,25.24,25.27,25.27,25.27,25.315,25.345,25.308,25.338,25.398,25.36,25.353,25.323,25.315,25.33,25.345,25.33,25.375,25.435,25.435,25.503,25.57,25.63,25.743,25.765,25.795,25.84,25.832,25.803,25.795,25.788,25.773,25.735,25.75,25.735,25.713,25.69,25.72,25.72,25.728,25.713,25.675,25.66,25.585,25.353,25.292,25.157,24.969,24.719,23.915,23.387,23.319,23.142,23.042,23.088,22.988,22.988,22.958,22.904,22.888,22.873,22.873,22.858,22.834,22.819,22.819,22.78,22.757,22.765,22.765,22.75,22.703,22.696,22.673,22.634,22.673,22.649,22.665,22.665,22.665,22.642,22.626,22.603,22.595,22.58,22.572,22.572,22.572,22.557,22.564,22.564,22.549,22.557,22.526,22.541,22.518,22.549,22.541,22.549,22.557,22.503,22.503,22.51,22.479,22.495,22.495,22.495,22.503,22.495,22.472,22.495,22.464,22.479,22.479,22.503,22.449,22.464,22.472,22.449,22.441,22.433,22.41,22.433,22.472,22.456,22.472,22.449,22.456,22.418,22.472,22.456,22.479,22.487,22.441,22.487
,22.069,22.108,22.1,22.147,22.154,22.147,22.147,22.123,22.1,22.108,22.077,22.1,22.108,22.131,22.131,22.139,22.139,22.123,22.139,22.17,22.178,22.162,22.193,22.185,22.185,22.185,22.24,22.162,22.216,22.185,22.193,22.185,22.17,22.247,22.216,22.232,22.255,22.255,22.271,22.271,22.255,22.247,22.224,22.232,22.216,22.216,22.232,22.24,22.24,22.263,22.263,22.24,22.278,22.24,22.271,22.263,22.232,22.263,22.247,22.263,22.263,22.263,22.263,22.263,22.278,22.24,22.286,22.317,22.309,22.317,22.302,22.325,22.294,22.309,22.294,22.302,22.317,22.332,22.325,22.356,22.348,22.348,22.363,22.379,22.402,22.394,22.394,22.402,22.371,22.371,22.356,22.387,22.402,22.425,22.441,22.487,22.456,22.456,22.441,22.449,22.472,22.472,22.472,22.472,22.472,22.479,22.503,22.495,22.487,22.534,22.495,22.541,22.549,22.541,22.549,22.557,22.564,22.564,22.603,22.588,22.588,22.603,22.595,22.588,22.564,22.595,22.595,22.619,22.611,22.611,22.626,22.649,22.626,22.649,22.688,22.696,22.727,22.742,22.727,22.811,22.804,22.796,22.842,22.888,22.911,23.319,24.333,24.795,25.044,25.172,25.21,25.195,25.142,24.976,25.014,25.036,25.074,25.089,25.134,25.142,25.157,25.225,25.285,25.36,25.435,25.645,25.638,25.735,25.855,25.937,26.004,26.079,26.161,26.176,26.318,26.303,26.295,26.139,25.803,25.63,25.578,25.54,25.518,25.555,25.563,25.615,25.653,25.735,25.832,25.87,25.937,25.997,26.027,26.146,26.169,26.452,26.734,26.978,27.185,27.392,27.789,27.928,27.98,27.95,27.774,26.793,25.803,24.515,24.287,24.265,24.28,24.416,24.5,24.787,24.976,25.345,26.556,27.561,27.657,27.62,27.613,27.539,27.348,26.778,24.772,24.333,24.424,24.545,24.984,25.54,25.623,25.645,25.623,25.405,25.405,25.225,25.157,25.187,25.134,25.149,25.247,25.285,25.42,25.675,26.004,26.258,26.533,26.904,27.569,28.63,28.768,28.725,28.732,28.681,28.666,28.499,28.521,28.367,28.28,28.148,28.068,28.068,28.104,28.557,28.914,29.544,30.293,31.114,33.501,35.626,35.94,35.926,35.886,35.824,35.776,35.763,35.722,35.667,35.599,35.585,35.599,35.565,35.565,35.585,35.64,35.681,35.79,35.804,35.81,35.79,35.565,35.407,35.318,35.325,35.256,35.14,35.092,35.03,34.961,34.954,34.982,35.002,35.037,35.064,35.119,35.105,35.023,34.941,34.81,34.81,34.824,34.796,34.7,34.658,34.651,34.603,34.589,34.555,34.541,34.5,34.451,34.396,34.417,34.396,34.355,34.334,34.306,34.32,34.258,34.216,34.154,34.064,34.05,34.029,34.064,34.064,34.085,34.147,34.154,34.189,34.23,34.306,34.292,34.32,34.341,34.361,34.431,34.493,34.493,34.562,34.603,34.665,34.713,34.762,34.762,34.762,34.734,34.686,34.679,34.541,33.012,28.433,26.726,25.112,24.204,23.617,23.196,23.019,23.119,23.387,23.884,24.666,24.999,25.48,25.982,26.333,26.496,26.518,25.368,24.591,24.523,24.621,24.591,24.629,24.598,24.545,24.56,24.651,24.848,25.308,25.6,25.615,25.63,25.495,25.217,25.172,24.772,24.56,24.401,24.265,24.227,24.219,24.249,24.28,24.386,24.416,24.432,24.477,24.462,24.416,24.363,24.28,24.173,24.09,23.816,23.655,23.533,23.272,23.15,23.073,23.096,23.165,23.678,25.308,25.518,25.615,25.63,25.615,25.465,25.27,25.112,24.969,24.833,24.704,24.636,24.538,24.553,24.545,24.538,24.576,24.591,24.659,24.757,24.848,24.878,24.908,24.946,24.969,25.029,25.059,25.51,26.697,27.097,27.994,28.28,28.572,28.623,28.725,28.572,28.63,28.273,27.686,27.495,26.511,25.907,25.495,25.172,25.112,24.938,24.954,24.863,24.787,24.757,24.787,24.787,24.81,24.901,24.984,25.052,25.074,25.089,25.104,25.089,25.074,25.082,25.052,25.067,25.089,25.127,25.127,25.172,25.172,25.187,25.18,25.187,25.21,25.21,25.21,25.187,25.217,25.195,25.195,25.18,25.187,25.21,25.195,25.21,25.21,25.217,25.217,25.27,25.27,25.27,25.292,25.3,25.308,25.315,25.3,25.285,25.308,25.27,25.308,25.338,25.36,25.443,25.473,25.578,25.623,25.638,25.795,25.81,25.825,25.862,25.81,25.795,25.78,25.758,25.765,25.75,25.743,25.735,25.705,25.713,25.69,25.713,25.72,25.668,25.653,25.585,25.495,25.45,25.292,25.119,24.969,24.78,23.998,23.38,23.234,23.096,23.042,23.058,22.958,22.911,22.934,22.904,22.888,22.865,22.858,22.834,22.842,22.811,22.78,22.788,22.757,22.742,22.75,22.711,22.696,22.711,22.657,22.634,22.657,22.657,22.673,22.657,22.642,22.619,22.619,22.595,22.58,22.588,22.595,22.58,22.58,22.611,22.557,22.541,22.557,22.564,22.549,22.541,22.549,22.534,22.487,22.534,22.487,22.51,22.503,22.479,22.503,22.503,22.487,22.472,22.479,22.464,22.449,22.472,22.479,22.472,22.449,22.441,22.449,22.441,22.441,22.472,22.433,22.425,22.441,22.456,22.441,22.464,22.456,22.41,22.418,22.449,22.456,22.449,22.479,22.472,22.487
,22.069,22.092,22.154,22.147,22.17,22.116,22.116,22.131,22.1,22.108,22.116,22.131,22.131,22.123,22.131,22.131,22.131,22.131,22.116,22.178,22.139,22.185,22.154,22.193,22.178,22.193,22.209,22.224,22.24,22.232,22.209,22.232,22.216,22.247,22.232,22.247,22.247,22.263,22.263,22.278,22.24,22.216,22.193,22.224,22.263,22.24,22.247,22.24,22.247,22.255,22.224,22.286,22.286,22.294,22.232,22.278,22.271,22.247,22.247,22.247,22.255,22.24,22.255,22.247,22.263,22.271,22.271,22.286,22.309,22.332,22.278,22.309,22.317,22.302,22.309,22.317,22.332,22.325,22.332,22.34,22.34,22.356,22.363,22.379,22.387,22.394,22.41,22.41,22.379,22.363,22.387,22.402,22.418,22.433,22.456,22.456,22.456,22.464,22.449,22.472,22.472,22.479,22.495,22.495,22.495,22.487,22.495,22.479,22.51,22.518,22.534,22.541,22.549,22.549,22.557,22.572,22.58,22.572,22.595,22.603,22.619,22.619,22.603,22.611,22.58,22.588,22.595,22.619,22.626,22.634,22.634,22.626,22.657,22.665,22.711,22.727,22.734,22.757,22.78,22.827,22.819,22.881,23.011,23.701,24.416,24.848,25.104,25.067,25.142,25.134,25.187,25.067,24.984,25.052,25.021,25.067,25.104,25.134,25.149,25.202,25.225,25.308,25.42,25.383,25.525,25.713,25.683,25.832,25.862,26.057,26.116,26.131,26.221,26.243,26.273,26.318,26.288,25.818,25.578,25.518,25.48,25.48,25.495,25.51,25.533,25.578,25.66,25.69,25.803,25.9,25.952,25.997,26.094,26.169,26.265,26.481,26.637,26.912,27.133,27.598,27.804,27.848,27.95,27.833,27.34,26.808,25.832,24.931,24.295,24.272,24.31,24.318,24.704,24.772,25.134,25.57,27.37,27.664,27.671,27.591,27.561,27.407,27.37,26.079,24.28,24.295,24.424,24.704,25.029,25.623,25.645,25.623,25.623,25.495,25.33,25.225,25.142,25.142,25.112,25.104,25.134,25.195,25.42,25.465,25.668,26.362,26.6,26.963,27.089,28.221,28.761,28.848,28.79,28.768,28.688,28.623,28.55,28.389,28.316,28.134,28.016,28.031,28.016,28.046,28.564,28.819,29.558,30.4,31.477,34.458,35.838,35.851,35.817,35.817,35.722,35.694,35.701,35.653,35.633,35.606,35.578,35.571,35.551,35.565,35.606,35.633,35.66,35.831,35.824,35.77,35.612,35.407,35.346,35.311,35.229,35.181,35.126,35.016,34.982,34.961,35.037,35.064,35.064,35.119,35.126,35.119,35.071,34.947,34.899,34.831,34.858,34.789,34.775,34.803,34.741,34.665,34.617,34.61,34.589,34.548,34.527,34.52,34.486,34.431,34.403,34.41,34.389,34.341,34.348,34.216,34.23,34.168,34.112,34.057,34.071,34.071,34.071,34.112,34.168,34.175,34.272,34.292,34.299,34.299,34.327,34.375,34.396,34.451,34.472,34.562,34.631,34.713,34.713,34.769,34.789,34.755,34.686,34.645,34.638,33.814,30.615,27.237,25.915,25.202,24.893,24.044,23.663,23.426,23.464,23.785,24.47,24.81,25.225,25.668,26.161,26.347,26.622,26.34,24.803,24.553,24.53,24.53,24.56,24.591,24.606,24.613,24.719,24.757,24.931,25.533,25.608,25.623,25.623,25.428,25.112,24.969,24.697,24.485,24.363,24.287,24.265,24.28,24.31,24.356,24.47,24.477,24.553,24.53,24.485,24.447,24.371,24.272,24.196,24.12,24.006,23.724,23.51,23.433,23.157,23.134,23.096,23.188,23.556,25.308,25.48,25.593,25.6,25.63,25.57,25.398,25.134,25.036,24.871,24.651,24.659,24.56,24.523,24.507,24.492,24.53,24.576,24.598,24.666,24.727,24.84,24.886,24.938,24.969,24.976,25.036,25.308,26.176,26.956,27.767,28.163,28.608,28.674,28.601,28.776,28.63,28.455,27.936,27.62,26.622,26.057,25.51,25.24,25.172,25.044,24.969,24.863,24.78,24.772,24.78,24.787,24.818,24.871,24.938,24.961,25.059,25.052,25.067,25.074,25.074,25.074,25.089,25.052,25.112,25.127,25.157,25.172,25.18,25.18,25.165,25.172,25.187,25.165,25.18,25.165,25.165,25.172,25.172,25.165,25.172,25.172,25.18,25.18,25.262,25.217,25.225,25.217,25.232,25.247,25.255,25.262,25.277,25.285,25.285,25.27,25.255,25.247,25.277,25.232,25.338,25.368,25.458,25.473,25.503,25.615,25.765,25.81,25.855,25.832,25.832,25.832,25.758,25.773,25.758,25.72,25.743,25.713,25.728,25.713,25.705,25.69,25.69,25.675,25.653,25.578,25.473,25.39,25.413,25.202,24.976,24.946,24.712,23.884,23.303,23.211,23.134,23.081,23.011,23.011,22.981,22.927,22.904,22.911,22.865,22.858,22.827,22.811,22.788,22.827,22.75,22.765,22.734,22.711,22.719,22.673,22.642,22.657,22.673,22.68,22.673,22.642,22.657,22.634,22.619,22.611,22.595,22.572,22.58,22.58,22.588,22.549,22.572,22.549,22.572,22.572,22.541,22.534,22.549,22.564,22.564,22.518,22.479,22.495,22.495,22.487,22.503,22.472,22.479,22.479,22.449,22.464,22.464,22.472,22.479,22.472,22.472,22.425,22.433,22.441,22.433,22.425,22.456,22.449,22.464,22.464,22.479,22.433,22.441,22.479,22.425,22.441,22.518,22.479,22.479,22.487,22.456
,22.108,22.131,22.139,22.162,22.17,22.147,22.139,22.1,22.108,22.108,22.139,22.139,22.108,22.139,22.147,22.131,22.147,22.139,22.147,22.131,22.162,22.162,22.185,22.154,22.185,22.209,22.185,22.178,22.216,22.224,22.232,22.162,22.185,22.216,22.263,22.255,22.232,22.263,22.232,22.255,22.232,22.247,22.201,22.224,22.263,22.263,22.247,22.232,22.232,22.247,22.232,22.278,22.294,22.286,22.247,22.255,22.24,22.232,22.24,22.247,22.271,22.263,22.247,22.255,22.263,22.271,22.278,22.294,22.278,22.332,22.332,22.348,22.317,22.325,22.317,22.309,22.325,22.332,22.332,22.34,22.332,22.363,22.356,22.371,22.387,22.402,22.41,22.402,22.41,22.387,22.402,22.41,22.425,22.441,22.449,22.441,22.441,22.449,22.464,22.456,22.479,22.487,22.495,22.503,22.495,22.526,22.487,22.495,22.51,22.518,22.526,22.549,22.549,22.549,22.564,22.572,22.603,22.595,22.611,22.619,22.611,22.611,22.603,22.588,22.595,22.588,22.588,22.611,22.619,22.642,22.642,22.665,22.657,22.711,22.711,22.742,22.765,22.78,22.811,22.834,23.173,24.249,24.682,24.938,25.082,25.089,25.142,25.119,25.18,25.18,25.112,25.044,25.036,25.044,25.089,25.119,25.104,25.134,25.202,25.225,25.262,25.308,25.323,25.465,25.623,25.668,25.78,25.84,26.004,26.079,26.131,26.183,26.183,26.251,26.333,26.265,25.847,25.593,25.525,25.435,25.405,25.405,25.42,25.495,25.488,25.578,25.615,25.728,25.773,25.847,25.989,25.997,26.109,26.161,26.273,26.37,26.682,26.682,27.067,27.318,27.517,27.921,27.906,27.811,27.281,26.845,25.765,24.523,24.265,24.325,24.272,24.477,24.659,24.848,25.097,25.93,27.635,27.694,27.664,27.605,27.539,27.222,26.682,24.961,24.249,24.386,24.462,24.871,25.277,25.623,25.638,25.623,25.63,25.443,25.292,25.3,25.157,25.097,25.097,25.089,25.104,25.104,25.315,25.405,25.713,26.079,26.362,26.548,27.141,27.76,28.79,28.827,28.899,28.856,28.761,28.754,28.521,28.389,28.229,28.016,27.95,27.958,27.752,28.024,28.009,28.448,28.783,29.616,30.55,32.458,35.4,35.722,35.804,35.633,35.681,35.647,35.619,35.626,35.64,35.606,35.585,35.585,35.558,35.571,35.585,35.612,35.694,35.783,35.722,35.694,35.578,35.435,35.38,35.311,35.243,35.167,35.119,35.057,35.009,34.968,34.941,35.037,35.064,35.105,35.099,35.126,35.112,35.037,34.941,34.92,34.879,34.865,34.899,34.975,34.892,34.803,34.782,34.741,34.645,34.631,34.576,34.562,34.541,34.465,34.417,34.403,34.382,34.368,34.299,34.251,34.195,34.161,34.119,34.064,34.057,34.043,34.057,34.092,34.112,34.189,34.154,34.202,34.223,34.244,34.299,34.313,34.355,34.458,34.479,34.569,34.617,34.672,34.72,34.769,34.803,34.824,34.769,34.686,34.493,32.606,28.579,26.845,25.975,25.255,24.938,24.287,24.021,24.006,24.151,24.462,24.689,25.044,25.345,25.72,26.109,26.414,26.34,25.021,24.644,24.47,24.432,24.5,24.553,24.636,24.613,24.636,24.719,24.712,24.923,25.518,25.563,25.585,25.518,25.338,25.044,24.818,24.621,24.492,24.363,24.333,24.318,24.325,24.371,24.432,24.545,24.576,24.576,24.545,24.53,24.454,24.371,24.272,24.158,24.067,24.037,23.525,23.525,23.326,23.104,23.134,23.065,23.096,23.518,24.923,25.48,25.563,25.585,25.563,25.51,25.3,25.134,25.067,24.84,24.682,24.621,24.568,24.515,24.47,24.454,24.492,24.5,24.538,24.606,24.735,24.855,24.871,24.954,24.961,24.984,24.999,25.247,25.675,26.57,27.723,28.134,28.564,28.717,28.754,28.71,28.557,28.462,27.95,27.48,26.689,26.101,25.435,25.232,25.172,25.067,24.954,24.863,24.825,24.757,24.772,24.787,24.825,24.863,24.901,24.984,25.014,25.044,25.036,25.036,25.036,25.036,25.044,25.074,25.104,25.142,25.172,25.172,25.172,25.165,25.165,25.149,25.157,25.149,25.165,25.149,25.134,25.142,25.127,25.134,25.142,25.157,25.165,25.165,25.195,25.187,25.195,25.172,25.202,25.21,25.217,25.225,25.262,25.262,25.255,25.247,25.247,25.21,25.217,25.277,25.277,25.315,25.435,25.435,25.45,25.63,25.728,25.803,25.803,25.877,25.847,25.788,25.81,25.795,25.743,25.72,25.728,25.728,25.72,25.72,25.69,25.66,25.608,25.645,25.63,25.63,25.548,25.458,25.36,25.157,25.112,24.999,24.621,24.507,23.762,23.226,23.196,23.073,23.042,22.988,22.95,22.934,22.911,22.888,22.873,22.858,22.827,22.804,22.804,22.765,22.75,22.742,22.719,22.711,22.703,22.696,22.688,22.665,22.68,22.673,22.68,22.657,22.657,22.626,22.626,22.603,22.619,22.541,22.58,22.588,22.564,22.572,22.557,22.549,22.51,22.572,22.557,22.534,22.549,22.534,22.534,22.51,22.518,22.51,22.503,22.464,22.464,22.479,22.472,22.472,22.441,22.449,22.449,22.456,22.456,22.464,22.441,22.41,22.402,22.425,22.433,22.441,22.441,22.433,22.449,22.456,22.464,22.456,22.425,22.456,22.449,22.441,22.464,22.456,22.503,22.487,22.487
,22.092,22.108,22.154,22.17,22.162,22.147,22.084,22.092,22.084,22.139,22.162,22.139,22.17,22.139,22.147,22.154,22.162,22.139,22.116,22.139,22.178,22.193,22.201,22.178,22.154,22.162,22.24,22.178,22.24,22.247,22.232,22.17,22.232,22.247,22.232,22.24,22.232,22.24,22.232,22.247,22.224,22.216,22.216,22.232,22.24,22.24,22.224,22.224,22.216,22.224,22.24,22.24,22.255,22.278,22.263,22.271,22.24,22.24,22.247,22.24,22.255,22.255,22.271,22.271,22.278,22.271,22.271,22.302,22.302,22.317,22.317,22.317,22.317,22.302,22.325,22.325,22.332,22.34,22.34,22.363,22.348,22.356,22.356,22.356,22.387,22.387,22.418,22.394,22.402,22.394,22.402,22.418,22.425,22.433,22.433,22.433,22.441,22.456,22.456,22.456,22.487,22.487,22.495,22.495,22.518,22.51,22.526,22.518,22.51,22.51,22.518,22.549,22.557,22.564,22.564,22.564,22.588,22.603,22.619,22.611,22.619,22.603,22.611,22.611,22.595,22.611,22.611,22.626,22.642,22.665,22.657,22.665,22.711,22.734,22.773,22.757,22.757,22.919,23.403,24.257,24.568,24.961,25.036,25.142,25.142,25.18,25.195,25.18,25.255,25.18,25.089,25.044,25.082,25.074,25.112,25.119,25.149,25.149,25.21,25.225,25.285,25.315,25.398,25.585,25.653,25.668,25.855,25.989,26.042,26.116,26.146,26.169,26.236,26.295,26.243,25.937,25.69,25.48,25.443,25.368,25.36,25.39,25.405,25.495,25.465,25.45,25.653,25.705,25.795,25.892,25.989,26.027,26.087,26.176,26.243,26.295,26.422,26.578,27.015,27.421,27.517,27.679,27.804,27.642,27.111,26.362,25.705,24.47,24.249,24.295,24.371,24.492,24.712,24.871,25.089,26.109,27.708,27.686,27.664,27.605,27.443,27.325,25.585,24.287,24.287,24.325,24.553,25.052,25.563,25.608,25.623,25.615,25.593,25.488,25.255,25.172,25.119,25.104,25.067,25.074,25.067,25.104,25.134,25.27,25.503,25.885,26.303,26.548,26.741,27.561,28.608,28.863,28.921,28.943,28.957,28.812,28.557,28.258,28.302,28.09,27.914,27.723,27.789,27.782,27.965,28.002,28.557,28.885,29.703,30.993,33.647,35.571,35.722,35.647,35.633,35.626,35.606,35.612,35.599,35.578,35.571,35.558,35.558,35.571,35.585,35.619,35.653,35.694,35.701,35.674,35.524,35.482,35.4,35.346,35.311,35.147,35.051,35.016,35.002,34.975,34.975,34.982,34.996,35.078,35.085,35.112,35.085,35.044,35.002,34.934,34.934,34.92,34.92,34.947,34.927,34.947,34.865,34.831,34.769,34.658,34.624,34.576,34.582,34.472,34.431,34.396,34.355,34.361,34.306,34.209,34.182,34.161,34.119,34.078,34.071,34.043,34.043,34.057,34.105,34.099,34.168,34.168,34.154,34.182,34.292,34.348,34.375,34.417,34.493,34.534,34.617,34.693,34.72,34.789,34.762,34.741,34.748,34.589,33.438,29.76,27.598,26.6,25.915,25.375,25.036,24.863,24.295,24.356,24.424,24.689,25.014,25.255,25.623,25.78,26.213,26.347,25.69,24.629,24.477,24.363,24.394,24.47,24.636,24.636,24.682,24.666,24.719,24.757,24.871,25.495,25.51,25.51,25.323,25.036,24.946,24.825,24.53,24.477,24.409,24.386,24.371,24.432,24.386,24.485,24.629,24.659,24.644,24.621,24.53,24.492,24.379,24.249,24.158,24.113,23.793,23.648,23.525,23.249,23.18,23.065,23.065,23.096,23.119,24.325,25.39,25.548,25.555,25.533,25.503,25.33,25.225,24.961,24.901,24.666,24.644,24.545,24.47,24.447,24.439,24.439,24.462,24.477,24.583,24.666,24.795,24.871,24.938,24.991,24.976,24.976,25.052,25.488,26.474,27.274,27.965,28.521,28.761,28.812,28.877,28.848,28.717,28.338,27.826,26.978,26.146,25.93,25.413,25.172,25.104,24.976,24.863,24.787,24.772,24.787,24.787,24.825,24.84,24.901,24.946,24.984,24.999,25.006,25.021,25.029,25.044,25.059,25.067,25.127,25.157,25.172,25.187,25.187,25.18,25.149,25.157,25.142,25.134,25.142,25.127,25.119,25.112,25.097,25.097,25.104,25.119,25.112,25.119,25.165,25.157,25.157,25.119,25.157,25.149,25.157,25.18,25.225,25.247,25.247,25.21,25.202,25.21,25.21,25.247,25.247,25.308,25.36,25.413,25.503,25.653,25.713,25.78,25.832,25.877,25.862,25.855,25.795,25.765,25.758,25.69,25.72,25.72,25.698,25.698,25.675,25.668,25.66,25.615,25.593,25.6,25.533,25.473,25.375,25.112,25.067,25.112,24.923,24.795,24.265,23.617,23.196,23.119,23.104,23.073,23.027,22.958,22.942,22.896,22.873,22.858,22.842,22.811,22.819,22.773,22.75,22.742,22.719,22.719,22.711,22.703,22.696,22.688,22.68,22.665,22.649,22.642,22.642,22.634,22.619,22.611,22.588,22.564,22.619,22.611,22.564,22.572,22.564,22.58,22.534,22.549,22.526,22.51,22.557,22.549,22.534,22.518,22.518,22.503,22.495,22.472,22.479,22.487,22.479,22.464,22.464,22.449,22.441,22.456,22.464,22.495,22.441,22.472,22.441,22.449,22.449,22.441,22.449,22.472,22.441,22.472,22.449,22.441,22.418,22.441,22.433,22.425,22.449,22.472,22.479,22.503,22.495
,22.084,22.139,22.139,22.123,22.131,22.123,22.046,22.077,22.1,22.123,22.116,22.123,22.131,22.147,22.131,22.154,22.147,22.139,22.116,22.131,22.154,22.185,22.162,22.147,22.154,22.17,22.185,22.232,22.209,22.185,22.209,22.201,22.224,22.209,22.216,22.24,22.24,22.24,22.263,22.247,22.255,22.232,22.232,22.247,22.24,22.247,22.24,22.224,22.209,22.232,22.224,22.271,22.255,22.263,22.255,22.247,22.255,22.232,22.247,22.247,22.24,22.247,22.271,22.278,22.278,22.286,22.286,22.286,22.302,22.286,22.302,22.309,22.332,22.332,22.317,22.332,22.332,22.348,22.348,22.379,22.356,22.356,22.371,22.348,22.394,22.348,22.387,22.394,22.387,22.41,22.418,22.41,22.425,22.425,22.425,22.433,22.441,22.464,22.456,22.464,22.479,22.487,22.503,22.51,22.518,22.518,22.526,22.518,22.51,22.549,22.518,22.541,22.541,22.557,22.549,22.572,22.588,22.595,22.595,22.611,22.619,22.634,22.626,22.619,22.626,22.603,22.634,22.649,22.649,22.673,22.673,22.703,22.727,22.742,22.78,22.85,23.088,23.922,24.523,24.908,25.029,25.052,25.097,25.127,25.157,25.202,25.285,25.225,25.18,25.119,25.089,25.067,25.082,25.082,25.089,25.119,25.157,25.172,25.195,25.232,25.292,25.368,25.45,25.6,25.743,25.81,26.012,26.064,26.079,26.124,26.146,26.161,26.176,26.251,26.176,25.788,25.413,25.36,25.353,25.353,25.36,25.33,25.368,25.383,25.443,25.45,25.555,25.728,25.765,25.862,25.952,26.034,26.087,26.116,26.236,26.295,26.392,26.667,27.052,27.311,27.569,27.642,27.605,27.392,26.763,26.273,25.458,24.257,24.227,24.249,24.394,24.591,24.787,24.855,25.157,26.377,27.708,27.708,27.649,27.451,27.089,26.094,24.401,24.211,24.333,24.409,24.772,25.262,25.578,25.615,25.63,25.6,25.555,25.383,25.262,25.165,25.112,25.089,25.052,25.059,25.052,25.074,25.127,25.247,25.585,25.735,25.832,26.295,26.608,26.971,27.789,28.957,28.95,28.972,28.914,28.95,28.805,28.477,28.528,28.09,27.84,27.708,27.539,27.62,27.524,27.76,28.141,28.477,28.928,29.869,31.349,34.355,35.578,35.537,35.571,35.585,35.599,35.571,35.565,35.565,35.544,35.544,35.551,35.565,35.578,35.612,35.647,35.701,35.653,35.626,35.544,35.476,35.359,35.332,35.304,35.167,35.126,35.078,35.002,34.968,34.989,34.975,35.002,35.009,35.044,35.064,35.099,35.044,34.989,34.961,34.975,34.941,34.961,34.982,34.913,34.92,34.865,34.789,34.748,34.686,34.645,34.569,34.507,34.431,34.382,34.355,34.306,34.292,34.23,34.237,34.189,34.154,34.105,34.05,34.064,34.05,34.002,34.036,34.064,34.078,34.126,34.085,34.14,34.161,34.202,34.292,34.375,34.41,34.438,34.527,34.603,34.658,34.741,34.775,34.789,34.762,34.658,34.313,32.05,28.564,26.875,26.265,25.855,25.383,25.142,24.969,24.871,24.697,24.689,25.172,25.172,25.518,25.735,26.004,26.213,26.146,25.149,24.576,24.28,24.386,24.31,24.583,24.591,24.636,24.666,24.644,24.712,24.795,24.871,25.443,25.473,25.458,25.375,25.082,24.954,24.787,24.606,24.47,24.462,24.401,24.409,24.409,24.485,24.636,24.659,24.697,24.636,24.651,24.56,24.439,24.386,24.295,24.113,23.983,23.884,23.785,23.655,23.257,23.142,23.111,23.081,23.088,23.157,24.052,25.413,25.525,25.503,25.495,25.473,25.323,25.187,25.187,24.886,24.621,24.591,24.492,24.47,24.401,24.416,24.401,24.416,24.477,24.507,24.538,24.825,24.863,24.954,24.984,24.991,25.014,25.074,25.48,26.31,27,27.796,28.353,28.579,28.928,29.03,29.088,28.841,28.543,27.782,26.986,26.362,25.66,25.315,25.187,25.074,24.991,24.938,24.825,24.803,24.81,24.803,24.84,24.863,24.871,24.969,24.946,24.946,24.984,24.999,25.014,25.036,25.059,25.097,25.127,25.149,25.172,25.165,25.165,25.134,25.134,25.104,25.104,25.112,25.104,25.104,25.097,25.082,25.074,25.074,25.074,25.089,25.119,25.089,25.112,25.134,25.127,25.104,25.074,25.127,25.142,25.149,25.195,25.202,25.18,25.187,25.165,25.165,25.195,25.217,25.232,25.285,25.338,25.413,25.525,25.638,25.705,25.773,25.81,25.847,25.84,25.885,25.832,25.788,25.765,25.698,25.675,25.705,25.683,25.668,25.675,25.645,25.653,25.623,25.6,25.563,25.518,25.458,25.443,25.285,25.202,25.089,24.954,24.923,24.454,23.831,23.357,23.226,23.134,23.042,22.981,22.996,22.95,22.896,22.881,22.85,22.842,22.819,22.788,22.773,22.765,22.742,22.734,22.727,22.703,22.703,22.696,22.696,22.68,22.673,22.665,22.657,22.665,22.642,22.649,22.68,22.603,22.619,22.572,22.572,22.58,22.541,22.557,22.572,22.495,22.526,22.526,22.557,22.572,22.549,22.557,22.541,22.495,22.518,22.503,22.487,22.464,22.472,22.479,22.487,22.472,22.479,22.472,22.456,22.449,22.456,22.441,22.464,22.441,22.456,22.433,22.433,22.456,22.449,22.472,22.534,22.456,22.449,22.456,22.449,22.441,22.464,22.487,22.464,22.479,22.503,22.503
,22.1,22.123,22.147,22.154,22.139,22.131,22.139,22.131,22.116,22.116,22.123,22.139,22.116,22.147,22.154,22.116,22.131,22.116,22.123,22.154,22.147,22.147,22.178,22.162,22.162,22.154,22.193,22.216,22.224,22.232,22.224,22.224,22.232,22.24,22.232,22.232,22.216,22.255,22.278,22.271,22.255,22.247,22.209,22.247,22.255,22.255,22.232,22.224,22.209,22.224,22.24,22.224,22.247,22.24,22.247,22.216,22.224,22.247,22.24,22.232,22.24,22.247,22.24,22.271,22.278,22.294,22.278,22.302,22.302,22.294,22.317,22.317,22.325,22.325,22.332,22.325,22.348,22.348,22.363,22.394,22.363,22.356,22.379,22.371,22.402,22.394,22.356,22.379,22.379,22.402,22.418,22.418,22.433,22.41,22.433,22.433,22.456,22.456,22.449,22.479,22.472,22.464,22.487,22.487,22.503,22.526,22.526,22.549,22.526,22.534,22.549,22.549,22.564,22.572,22.588,22.572,22.595,22.603,22.603,22.634,22.626,22.634,22.642,22.634,22.642,22.634,22.634,22.673,22.719,22.703,22.696,22.734,22.75,22.757,22.865,23.617,24.629,24.576,24.976,24.999,25.119,25.036,25.089,25.157,25.202,25.255,25.24,25.24,25.187,25.097,25.089,25.097,25.089,25.059,25.104,25.082,25.119,25.165,25.21,25.255,25.3,25.338,25.42,25.675,25.765,25.795,25.922,26.042,26.042,26.057,26.072,26.087,26.101,26.087,25.855,25.495,25.458,25.262,25.277,25.262,25.277,25.277,25.315,25.345,25.42,25.413,25.563,25.698,25.803,25.855,25.975,25.989,26.072,26.124,26.146,26.333,26.355,26.726,26.971,27.074,27.34,27.524,27.289,26.993,26.622,25.922,25.345,24.249,24.227,24.234,24.341,24.621,24.735,24.803,25.338,26.949,27.738,27.664,27.488,26.852,25.862,24.454,24.227,24.204,24.318,24.485,24.886,25.353,25.54,25.615,25.623,25.615,25.608,25.458,25.262,25.187,25.097,25.097,25.044,25.059,25.044,25.021,25.029,25.074,25.27,25.638,25.855,26.161,26.518,26.689,27.289,28.681,28.965,28.957,28.95,28.892,28.921,28.586,28.389,28.199,27.848,27.591,27.451,27.377,27.414,27.392,27.473,27.906,28.492,28.761,29.933,31.838,35.284,35.558,35.51,35.551,35.524,35.496,35.53,35.517,35.51,35.537,35.53,35.544,35.558,35.612,35.633,35.708,35.708,35.626,35.558,35.428,35.428,35.373,35.311,35.16,35.105,35.064,34.996,34.968,34.934,34.947,34.961,34.968,35.002,35.016,35.057,35.023,34.975,34.947,34.927,34.934,34.92,34.865,34.886,34.858,34.844,34.837,34.81,34.603,34.562,34.513,34.451,34.451,34.32,34.285,34.251,34.237,34.209,34.195,34.154,34.14,34.105,34.071,34.008,33.995,33.988,34.015,34.008,33.981,34.043,34.064,34.126,34.112,34.223,34.299,34.375,34.444,34.52,34.548,34.617,34.645,34.72,34.748,34.762,34.755,34.596,33.418,29.392,27.848,26.674,26.087,25.788,25.413,25.277,25.18,25.27,25.059,24.878,25.353,25.503,25.675,25.915,26.169,26.154,25.675,24.689,24.363,24.166,24.211,24.379,24.492,24.591,24.659,24.666,24.651,24.727,24.697,24.719,25.458,25.473,25.473,25.27,25.089,24.908,24.735,24.568,24.5,24.485,24.492,24.462,24.568,24.583,24.742,24.727,24.712,24.666,24.659,24.538,24.477,24.303,24.249,24.151,24.059,23.854,23.755,23.586,23.257,23.134,23.088,23.088,23.096,23.081,24.014,25.443,25.503,25.54,25.45,25.465,25.217,25.149,25.052,24.893,24.613,24.538,24.454,24.432,24.394,24.348,24.363,24.386,24.401,24.439,24.485,24.719,24.855,24.901,24.938,24.954,24.984,25.036,25.195,25.997,26.845,27.473,27.774,28.455,28.856,28.972,29.088,29.023,28.805,28.163,27.539,26.422,26.116,25.488,25.24,25.044,25.006,24.969,24.803,24.818,24.795,24.81,24.825,24.84,24.855,24.908,24.938,24.946,24.961,24.976,24.969,25.006,25.029,25.074,25.097,25.142,25.172,25.187,25.172,25.134,25.142,25.074,25.089,25.082,25.097,25.082,25.059,25.059,25.052,25.044,25.052,25.067,25.067,25.036,25.082,25.059,25.074,25.067,25.074,25.074,25.104,25.127,25.134,25.119,25.104,25.097,25.112,25.127,25.157,25.18,25.225,25.285,25.353,25.383,25.495,25.63,25.645,25.743,25.818,25.788,25.87,25.885,25.795,25.788,25.765,25.698,25.66,25.69,25.653,25.668,25.638,25.645,25.63,25.638,25.615,25.608,25.57,25.593,25.443,25.383,25.217,25.142,25.104,24.871,24.727,24.576,23.41,23.326,23.234,23.042,22.996,22.996,22.919,22.896,22.873,22.842,22.834,22.804,22.796,22.796,22.765,22.773,22.75,22.734,22.727,22.696,22.727,22.696,22.703,22.673,22.703,22.665,22.649,22.688,22.642,22.673,22.657,22.688,22.611,22.557,22.557,22.557,22.603,22.557,22.572,22.51,22.549,22.526,22.51,22.541,22.51,22.541,22.425,22.503,22.487,22.472,22.472,22.487,22.487,22.503,22.487,22.464,22.456,22.441,22.441,22.456,22.456,22.464,22.456,22.433,22.456,22.418,22.441,22.449,22.456,22.495,22.464,22.464,22.479,22.449,22.441,22.456,22.449,22.449,22.487,22.487,22.518
,22.061,22.1,22.123,22.131,22.147,22.116,22.1,22.061,22.116,22.1,22.123,22.116,22.131,22.139,22.131,22.131,22.139,22.131,22.139,22.131,22.162,22.162,22.139,22.154,22.131,22.154,22.216,22.24,22.232,22.216,22.24,22.232,22.224,22.216,22.224,22.24,22.24,22.24,22.278,22.24,22.247,22.24,22.255,22.255,22.271,22.209,22.24,22.216,22.209,22.232,22.224,22.232,22.255,22.24,22.216,22.232,22.24,22.24,22.224,22.263,22.24,22.24,22.247,22.232,22.271,22.286,22.309,22.294,22.294,22.309,22.325,22.325,22.332,22.332,22.34,22.348,22.363,22.371,22.371,22.394,22.379,22.379,22.394,22.379,22.387,22.402,22.379,22.387,22.402,22.402,22.41,22.425,22.433,22.441,22.449,22.433,22.441,22.479,22.449,22.472,22.472,22.479,22.487,22.495,22.518,22.526,22.51,22.526,22.541,22.549,22.572,22.557,22.557,22.564,22.588,22.588,22.58,22.588,22.603,22.634,22.634,22.642,22.642,22.634,22.657,22.665,22.688,22.688,22.719,22.719,22.727,22.773,22.78,23.088,24.257,24.78,25.014,25.006,25.044,25.044,25.059,25.067,25.112,25.187,25.195,25.232,25.255,25.217,25.165,25.127,25.074,25.036,25.044,25.067,25.059,25.074,25.097,25.134,25.225,25.262,25.285,25.353,25.42,25.713,25.758,25.803,25.915,25.982,25.997,26.027,26.004,26.087,26.034,25.96,25.57,25.413,25.24,25.195,25.165,25.165,25.149,25.21,25.285,25.323,25.39,25.45,25.563,25.615,25.75,25.9,25.975,25.967,26.012,26.057,26.146,26.28,26.459,26.674,26.889,27.104,27.074,27.252,27.067,26.712,26.444,25.9,25.029,24.242,24.211,24.234,24.318,24.636,24.855,24.999,25.773,27.554,27.708,27.407,26.66,25.262,24.477,24.333,24.333,24.272,24.379,24.538,25.149,25.292,25.473,25.563,25.57,25.585,25.54,25.345,25.277,25.172,25.149,25.067,25.052,25.044,25.021,25.029,25.029,25.021,25.112,25.398,25.698,25.803,26.362,26.615,26.741,27.627,28.848,28.965,28.972,28.928,28.877,28.761,28.397,28.229,28.009,27.657,27.465,27.244,27.266,27.318,27.259,27.399,27.862,28.316,28.739,30.077,32.95,35.332,35.469,35.503,35.482,35.482,35.462,35.469,35.469,35.496,35.51,35.53,35.537,35.599,35.612,35.701,35.708,35.653,35.647,35.489,35.448,35.407,35.304,35.167,35.119,35.051,34.982,34.941,34.934,34.913,34.92,34.934,34.968,35.009,35.009,35.009,34.961,34.954,34.899,34.872,34.851,34.865,34.844,34.831,34.796,34.741,34.7,34.589,34.534,34.472,34.348,34.32,34.279,34.216,34.209,34.223,34.168,34.189,34.092,34.112,34.064,34.015,33.981,33.967,33.967,33.96,33.981,33.974,33.981,34.092,34.14,34.195,34.244,34.327,34.444,34.555,34.617,34.665,34.679,34.665,34.741,34.762,34.748,34.727,34.022,30.986,28.346,27.023,26.504,26.012,25.735,25.488,25.187,25.27,25.134,25.127,25.285,25.503,25.6,25.803,26.027,26.154,25.698,24.765,24.371,24.189,24.158,24.204,24.295,24.606,24.598,24.674,24.674,24.674,24.697,24.772,24.674,24.984,25.458,25.375,25.255,25.097,24.886,24.704,24.636,24.553,24.523,24.598,24.651,24.697,24.757,24.757,24.772,24.735,24.689,24.621,24.409,24.401,24.333,24.173,24.09,23.998,23.762,23.678,23.648,23.311,23.226,23.119,23.065,23.058,23.065,23.288,25.345,25.518,25.533,25.473,25.39,25.217,25.157,24.991,24.803,24.613,24.507,24.462,24.401,24.325,24.325,24.318,24.363,24.379,24.386,24.424,24.583,24.84,24.871,24.916,24.954,24.984,25.074,25.044,25.788,26.414,27.163,27.701,28.426,29.037,29.008,29.161,29.161,28.994,28.353,27.532,26.593,26.124,25.465,25.232,25.247,24.984,24.878,24.848,24.825,24.803,24.803,24.825,24.855,24.871,24.923,24.938,24.938,24.931,24.961,24.954,24.984,25.021,25.052,25.104,25.112,25.134,25.165,25.119,25.127,25.112,25.089,25.089,25.074,25.044,25.044,25.036,25.029,25.006,25.029,25.006,25.014,25.006,25.006,25.014,25.006,25.021,25.059,25.036,25.044,25.082,25.082,25.074,25.104,25.082,25.082,25.097,25.104,25.134,25.172,25.202,25.27,25.315,25.368,25.45,25.57,25.69,25.705,25.758,25.795,25.855,25.832,25.825,25.773,25.72,25.698,25.713,25.668,25.593,25.615,25.623,25.63,25.623,25.623,25.6,25.533,25.548,25.495,25.428,25.338,25.277,25.18,25.052,24.969,24.916,24.682,23.816,23.272,23.211,23.188,23.05,23.004,22.911,22.888,22.881,22.858,22.842,22.819,22.811,22.811,22.78,22.78,22.757,22.757,22.757,22.711,22.711,22.727,22.703,22.696,22.688,22.665,22.665,22.665,22.665,22.657,22.673,22.657,22.595,22.642,22.611,22.572,22.541,22.603,22.557,22.503,22.541,22.518,22.503,22.51,22.503,22.503,22.479,22.479,22.479,22.456,22.495,22.479,22.479,22.487,22.487,22.479,22.464,22.449,22.464,22.456,22.441,22.464,22.456,22.441,22.433,22.402,22.441,22.495,22.464,22.449,22.456,22.456,22.472,22.456,22.472,22.433,22.449,22.472,22.449,22.479,22.526
,22.061,22.069,22.092,22.1,22.131,22.139,22.108,22.139,22.092,22.069,22.092,22.131,22.139,22.139,22.154,22.139,22.139,22.123,22.116,22.139,22.162,22.147,22.139,22.147,22.147,22.178,22.201,22.224,22.224,22.24,22.232,22.216,22.216,22.216,22.224,22.224,22.247,22.255,22.271,22.247,22.224,22.232,22.224,22.24,22.263,22.247,22.255,22.247,22.247,22.224,22.247,22.263,22.271,22.224,22.232,22.24,22.24,22.247,22.232,22.232,22.224,22.224,22.24,22.271,22.263,22.278,22.294,22.309,22.325,22.302,22.309,22.325,22.325,22.348,22.34,22.34,22.363,22.363,22.387,22.387,22.371,22.371,22.394,22.394,22.394,22.394,22.394,22.387,22.394,22.425,22.441,22.433,22.425,22.425,22.433,22.479,22.449,22.479,22.472,22.464,22.464,22.472,22.479,22.51,22.518,22.526,22.526,22.51,22.611,22.572,22.557,22.588,22.611,22.564,22.58,22.58,22.58,22.595,22.626,22.634,22.649,22.657,22.657,22.665,22.657,22.68,22.727,22.727,22.757,22.827,22.796,22.858,23.701,24.644,24.848,24.991,25.059,25.052,25.036,25.052,25.104,25.134,25.134,25.217,25.217,25.187,25.187,25.134,25.097,25.104,25.082,25.036,24.976,24.984,24.984,25.067,25.127,25.104,25.195,25.255,25.292,25.36,25.413,25.638,25.713,25.788,25.862,25.877,25.967,26.019,25.997,25.997,25.862,25.593,25.593,25.21,25.217,25.165,25.097,25.134,25.127,25.165,25.202,25.255,25.39,25.428,25.51,25.653,25.728,25.81,25.93,25.967,26.012,26.087,26.109,26.362,26.504,26.645,26.778,26.941,26.956,26.897,26.712,26.347,26.169,25.743,24.818,24.234,24.181,24.211,24.272,24.553,24.727,25.353,25.975,27.451,27.178,25.989,25.21,24.591,24.439,24.325,24.28,24.287,24.553,24.697,25.074,25.435,25.495,25.585,25.593,25.548,25.51,25.33,25.285,25.187,25.127,25.097,25.074,25.052,25.029,25.021,25.021,25.074,25.127,25.247,25.638,25.743,25.922,26.28,26.518,26.786,27.884,28.877,28.921,28.877,28.907,28.688,28.572,28.331,28.068,27.598,27.355,27.148,27,26.904,27.06,27.193,27.414,27.84,28.433,29.226,30.386,34.189,35.373,35.435,35.462,35.469,35.462,35.435,35.414,35.435,35.448,35.462,35.551,35.537,35.647,35.681,35.701,35.701,35.647,35.551,35.469,35.352,35.222,35.174,35.099,35.057,34.982,34.954,34.934,34.906,34.927,34.934,34.968,34.989,35.009,34.996,34.961,34.934,34.892,34.858,34.803,34.796,34.782,34.727,34.734,34.762,34.651,34.527,34.417,34.361,34.32,34.216,34.189,34.182,34.147,34.168,34.112,34.126,34.036,34.064,33.988,33.981,33.932,33.953,33.953,33.932,33.953,33.953,33.967,34.064,34.168,34.14,34.32,34.368,34.444,34.617,34.672,34.679,34.707,34.734,34.741,34.734,34.658,34.527,32.465,29.052,27.583,26.704,26.251,25.997,25.803,25.683,25.48,25.533,25.465,25.292,25.585,25.66,25.788,25.989,26.116,25.825,24.946,24.704,24.31,24.128,23.998,24.006,24.47,24.523,24.598,24.606,24.621,24.674,24.644,24.621,24.56,24.976,25.428,25.383,25.315,25.172,24.991,24.825,24.795,24.689,24.697,24.697,24.697,24.757,24.795,24.765,24.795,24.757,24.704,24.674,24.5,24.439,24.196,24.135,24.014,23.907,23.831,23.64,23.579,23.395,23.219,23.088,23.065,23.065,23.073,23.119,24.636,25.51,25.503,25.428,25.353,25.247,25.157,24.916,24.689,24.591,24.576,24.47,24.394,24.31,24.318,24.31,24.295,24.356,24.401,24.507,24.598,24.75,24.818,24.886,24.923,24.999,25.021,25.052,25.27,26.325,26.734,27.37,27.811,28.652,28.979,29.197,29.161,29.015,28.921,27.899,26.986,26.154,25.645,25.36,25.232,25.074,24.938,24.825,24.81,24.795,24.787,24.795,24.833,24.863,24.901,24.901,24.901,24.908,24.923,24.938,24.991,24.999,25.021,25.059,25.082,25.097,25.104,25.097,25.112,25.134,25.089,25.104,25.052,25.021,24.991,25.021,24.984,24.976,24.991,25.006,24.969,24.999,24.954,24.961,24.969,24.961,25.021,25.014,25.014,25.021,25.067,25.044,25.036,25.036,25.036,25.059,25.074,25.089,25.134,25.217,25.24,25.315,25.345,25.383,25.51,25.57,25.668,25.705,25.765,25.773,25.803,25.75,25.735,25.72,25.698,25.653,25.645,25.585,25.585,25.623,25.615,25.638,25.593,25.593,25.585,25.54,25.585,25.495,25.323,25.285,25.165,24.984,25.021,24.886,24.833,24.447,23.495,23.28,23.165,23.173,23.073,22.95,22.904,22.888,22.85,22.865,22.842,22.819,22.796,22.796,22.804,22.78,22.78,22.757,22.742,22.75,22.719,22.719,22.711,22.696,22.688,22.68,22.649,22.634,22.626,22.626,22.642,22.611,22.603,22.603,22.549,22.534,22.564,22.557,22.526,22.534,22.503,22.518,22.526,22.495,22.495,22.495,22.464,22.441,22.456,22.487,22.487,22.487,22.479,22.456,22.449,22.464,22.449,22.456,22.456,22.449,22.464,22.433,22.425,22.433,22.449,22.441,22.472,22.464,22.456,22.464,22.449,22.503,22.479,22.433,22.456,22.456,22.464,22.479,22.472,22.479
,22.17,22.123,22.1,22.116,22.116,22.123,22.108,22.061,22.069,22.092,22.108,22.139,22.154,22.162,22.17,22.139,22.092,22.131,22.154,22.162,22.147,22.147,22.131,22.139,22.154,22.162,22.201,22.209,22.232,22.224,22.209,22.216,22.209,22.224,22.224,22.232,22.24,22.271,22.255,22.247,22.255,22.247,22.24,22.24,22.255,22.278,22.247,22.247,22.24,22.247,22.255,22.247,22.255,22.224,22.232,22.24,22.24,22.255,22.255,22.24,22.224,22.216,22.24,22.224,22.263,22.302,22.302,22.317,22.309,22.302,22.317,22.332,22.34,22.332,22.348,22.356,22.363,22.356,22.371,22.387,22.402,22.387,22.394,22.41,22.418,22.418,22.41,22.41,22.41,22.456,22.441,22.472,22.441,22.449,22.449,22.464,22.456,22.479,22.472,22.464,22.472,22.472,22.479,22.503,22.51,22.518,22.541,22.58,22.572,22.588,22.572,22.588,22.626,22.603,22.649,22.611,22.649,22.626,22.649,22.657,22.649,22.657,22.673,22.673,22.688,22.688,22.719,22.78,22.858,22.904,23.808,24.674,24.916,24.908,25.052,25.006,24.976,24.954,24.991,24.946,25.074,25.157,25.157,25.172,25.18,25.18,25.112,25.059,25.089,25.029,24.961,24.961,24.946,24.931,24.954,25.029,25.044,25.104,25.202,25.21,25.262,25.338,25.495,25.57,25.593,25.75,25.705,25.862,25.877,25.952,25.922,25.877,25.66,25.42,25.277,25.187,25.134,25.104,25.082,25.067,25.082,25.119,25.18,25.255,25.383,25.443,25.518,25.608,25.668,25.847,25.885,25.952,25.989,26.094,26.295,26.437,26.541,26.622,26.697,26.786,26.793,26.697,26.6,26.333,26.057,25.353,24.272,24.219,24.181,24.242,24.47,24.666,24.75,25.33,26.004,26.793,25.773,25.292,24.946,24.538,24.371,24.401,24.348,24.462,24.53,24.712,25.119,25.33,25.465,25.525,25.578,25.548,25.458,25.36,25.262,25.225,25.157,25.119,25.104,25.067,25.074,25.044,25.052,25.052,25.082,25.112,25.488,25.668,25.735,26.131,26.191,26.593,26.734,28.229,28.863,28.892,28.841,28.71,28.601,28.433,28.002,27.679,27.222,26.919,26.934,26.786,26.726,27.045,27.207,27.266,27.708,28.513,29.262,31.356,34.769,35.359,35.393,35.421,35.414,35.414,35.407,35.407,35.414,35.455,35.469,35.537,35.626,35.681,35.735,35.708,35.715,35.647,35.489,35.407,35.215,35.154,35.112,35.057,34.989,34.954,34.927,34.913,34.927,34.954,34.961,34.996,35.002,34.961,34.989,34.92,34.906,34.837,34.796,34.755,34.734,34.72,34.658,34.645,34.534,34.472,34.389,34.285,34.216,34.175,34.182,34.154,34.147,34.14,34.105,34.015,34.036,33.96,33.967,33.946,33.932,33.911,33.932,33.932,33.953,33.981,34.029,34.119,34.161,34.189,34.348,34.403,34.589,34.555,34.658,34.713,34.748,34.755,34.713,34.741,34.507,33.592,29.969,27.899,26.889,26.385,26.169,25.96,25.803,25.788,25.615,25.6,25.675,25.63,25.788,25.847,25.9,26.049,26.146,25.338,24.545,24.219,24.052,23.968,24.029,24.067,24.409,24.545,24.576,24.545,24.621,24.598,24.515,24.492,24.591,24.629,25.225,25.323,25.285,25.255,25.059,24.908,24.833,24.765,24.81,24.757,24.795,24.803,24.825,24.84,24.825,24.787,24.719,24.621,24.515,24.424,24.28,24.059,24.044,23.877,23.816,23.632,23.571,23.288,23.288,23.157,23.05,23.019,23.088,23.081,24.242,25.443,25.458,25.428,25.375,25.27,25.217,24.991,24.735,24.591,24.462,24.424,24.333,24.287,24.272,24.265,24.257,24.31,24.363,24.379,24.379,24.689,24.803,24.848,24.878,24.916,24.984,25.067,25.187,25.84,26.689,27.325,27.73,28.521,28.914,29.117,29.139,29.255,28.914,28.36,27.649,26.213,25.623,25.383,25.142,24.976,24.893,24.84,24.772,24.78,24.772,24.78,24.803,24.833,24.871,24.916,24.893,24.863,24.908,24.931,24.969,24.969,24.999,25.029,25.036,25.082,25.104,25.142,25.134,25.127,25.142,25.074,25.044,25.006,24.976,24.969,24.984,24.984,24.931,24.923,24.931,24.908,24.916,24.938,24.938,24.946,24.976,24.961,24.946,24.938,24.969,24.991,24.999,25.006,25.014,25.044,25.067,25.082,25.134,25.134,25.225,25.315,25.315,25.428,25.465,25.6,25.615,25.698,25.705,25.743,25.743,25.728,25.698,25.698,25.668,25.638,25.6,25.555,25.548,25.57,25.555,25.585,25.593,25.585,25.54,25.563,25.465,25.48,25.345,25.27,25.165,25.021,25.074,24.976,24.908,24.462,23.747,23.265,23.173,23.134,23.011,22.95,22.919,22.919,22.865,22.896,22.842,22.842,22.804,22.788,22.796,22.773,22.773,22.757,22.765,22.742,22.742,22.742,22.711,22.711,22.673,22.649,22.619,22.626,22.619,22.634,22.626,22.603,22.595,22.564,22.58,22.557,22.557,22.58,22.534,22.534,22.518,22.51,22.534,22.51,22.495,22.479,22.479,22.487,22.456,22.495,22.487,22.472,22.472,22.456,22.433,22.441,22.441,22.449,22.456,22.456,22.456,22.449,22.425,22.418,22.425,22.425,22.449,22.441,22.456,22.441,22.479,22.472,22.487,22.456,22.464,22.441,22.464,22.479,22.449,22.441
,22.084,22.077,22.092,22.069,22.108,22.1,22.092,22.092,22.1,22.084,22.084,22.123,22.116,22.17,22.162,22.178,22.17,22.131,22.147,22.147,22.147,22.139,22.147,22.139,22.154,22.17,22.193,22.224,22.232,22.193,22.216,22.193,22.209,22.201,22.201,22.232,22.255,22.24,22.24,22.201,22.255,22.247,22.216,22.255,22.247,22.255,22.278,22.247,22.24,22.255,22.24,22.247,22.255,22.24,22.247,22.24,22.224,22.255,22.247,22.255,22.24,22.216,22.232,22.232,22.278,22.286,22.302,22.309,22.309,22.309,22.317,22.34,22.332,22.348,22.348,22.34,22.363,22.371,22.387,22.394,22.394,22.387,22.394,22.402,22.418,22.418,22.418,22.425,22.441,22.425,22.464,22.495,22.449,22.464,22.472,22.472,22.479,22.464,22.464,22.479,22.472,22.472,22.487,22.51,22.526,22.541,22.541,22.564,22.572,22.595,22.595,22.58,22.572,22.588,22.611,22.619,22.649,22.657,22.657,22.665,22.665,22.719,22.688,22.734,22.719,22.734,22.788,23.011,23.319,24.606,24.863,24.961,25.021,25.127,25.112,24.931,24.893,24.893,24.908,24.901,25.036,25.059,25.127,25.089,25.044,25.089,25.112,25.067,24.999,24.946,24.886,24.893,24.908,24.969,24.954,24.999,25.021,25.067,25.119,25.142,25.262,25.345,25.428,25.353,25.488,25.525,25.705,25.847,25.862,25.907,25.915,25.563,25.458,25.24,25.24,25.112,25.052,25.036,25.029,25.014,25.052,25.089,25.134,25.202,25.345,25.383,25.518,25.63,25.668,25.765,25.87,25.975,26.019,26.079,26.295,26.355,26.489,26.533,26.66,26.6,26.6,26.533,26.392,26.176,25.892,25.089,24.234,24.158,24.158,24.219,24.454,24.659,24.81,25.277,25.96,25.93,25.443,24.999,24.787,24.629,24.394,24.432,24.5,24.5,24.606,24.908,25.036,25.375,25.428,25.525,25.54,25.51,25.488,25.39,25.232,25.202,25.172,25.149,25.127,25.112,25.082,25.082,25.074,25.067,25.074,25.089,25.48,25.555,25.69,25.832,26.027,26.548,26.697,27.524,28.426,28.819,28.805,28.797,28.63,28.44,28.214,27.701,27.443,26.919,26.815,26.637,26.667,26.541,26.771,26.963,27.17,27.701,28.484,29.32,32.627,35.044,35.346,35.373,35.38,35.359,35.38,35.373,35.387,35.393,35.428,35.517,35.537,35.64,35.674,35.681,35.688,35.688,35.585,35.537,35.27,35.181,35.105,35.037,35.009,34.961,34.934,34.92,34.927,34.947,34.975,34.996,35.002,35.002,34.961,34.899,34.858,34.831,34.762,34.748,34.72,34.651,34.596,34.569,34.403,34.375,34.279,34.223,34.202,34.147,34.133,34.154,34.119,34.092,34.057,33.988,33.967,33.932,33.918,33.925,33.897,33.925,33.918,33.925,33.932,34.036,34.022,34.112,34.175,34.251,34.341,34.458,34.658,34.672,34.748,34.775,34.775,34.769,34.755,34.658,34.147,31.2,28.265,27.377,26.712,26.355,26.072,25.922,25.847,25.78,25.735,25.69,25.78,25.75,25.84,25.937,25.975,26.101,26.101,24.621,24.287,24.105,24.037,23.907,23.915,24.097,24.409,24.545,24.53,24.56,24.545,24.5,24.47,24.432,24.439,24.568,25.217,25.292,25.292,25.225,25.202,25.059,25.021,24.871,24.893,24.848,24.848,24.878,24.863,24.878,24.818,24.757,24.704,24.666,24.454,24.379,24.196,24.12,23.968,23.861,23.777,23.693,23.571,23.449,23.265,23.088,23.027,23.027,23.004,23.019,23.747,25.398,25.413,25.383,25.36,25.217,25.052,25.052,24.666,24.568,24.47,24.394,24.31,24.265,24.257,24.242,24.227,24.257,24.295,24.295,24.477,24.545,24.727,24.795,24.871,24.916,24.999,25.036,25.059,25.773,26.466,27.17,27.392,27.855,28.543,28.957,29.11,29.175,29.276,28.47,27.561,26.518,25.847,25.458,25.134,24.954,24.863,24.871,24.787,24.795,24.78,24.78,24.803,24.84,24.855,24.878,24.855,24.871,24.893,24.908,24.984,24.969,25.006,25.006,25.029,25.067,25.052,25.059,25.089,25.097,25.104,25.059,25.052,25.036,24.976,24.969,24.916,24.886,24.916,24.954,24.923,24.871,24.871,24.878,24.886,24.878,24.878,24.908,24.893,24.908,24.916,24.946,24.961,24.991,25.006,25.036,25.052,25.097,25.074,25.142,25.187,25.27,25.345,25.375,25.48,25.563,25.608,25.638,25.75,25.735,25.713,25.72,25.69,25.66,25.578,25.585,25.57,25.548,25.563,25.54,25.563,25.563,25.54,25.533,25.533,25.495,25.465,25.435,25.368,25.345,25.18,25.127,25.082,24.969,24.954,24.697,23.922,23.265,23.18,23.18,23.058,22.996,22.965,22.958,22.896,22.911,22.858,22.842,22.788,22.788,22.78,22.788,22.773,22.788,22.78,22.765,22.75,22.742,22.742,22.68,22.657,22.642,22.611,22.619,22.619,22.595,22.665,22.611,22.595,22.58,22.572,22.557,22.572,22.557,22.549,22.51,22.526,22.526,22.503,22.503,22.503,22.518,22.495,22.503,22.495,22.51,22.51,22.472,22.472,22.449,22.456,22.449,22.456,22.449,22.441,22.449,22.449,22.433,22.433,22.449,22.441,22.441,22.441,22.449,22.449,22.433,22.472,22.487,22.464,22.472,22.464,22.464,22.472,22.495,22.464,22.449
,22.069,22.077,22.084,22.069,22.084,22.092,22.1,22.1,22.1,22.108,22.1,22.116,22.139,22.185,22.201,22.178,22.185,22.17,22.147,22.147,22.131,22.123,22.139,22.131,22.147,22.17,22.193,22.209,22.216,22.185,22.216,22.193,22.193,22.209,22.24,22.24,22.201,22.201,22.201,22.185,22.224,22.24,22.232,22.247,22.247,22.263,22.278,22.24,22.255,22.209,22.263,22.263,22.263,22.255,22.24,22.247,22.247,22.255,22.24,22.24,22.24,22.232,22.224,22.224,22.24,22.271,22.302,22.309,22.325,22.317,22.309,22.309,22.34,22.34,22.348,22.325,22.348,22.371,22.379,22.394,22.387,22.394,22.402,22.41,22.418,22.425,22.425,22.418,22.433,22.441,22.464,22.456,22.472,22.464,22.479,22.472,22.464,22.472,22.495,22.472,22.472,22.479,22.495,22.51,22.534,22.534,22.541,22.58,22.595,22.611,22.603,22.595,22.611,22.595,22.619,22.634,22.665,22.657,22.673,22.696,22.703,22.719,22.742,22.757,22.788,22.888,23.165,24.492,24.855,25.082,25.074,25.142,25.165,25.134,24.954,24.863,24.871,24.886,24.916,24.946,24.893,24.991,24.991,25.067,25.036,24.984,24.938,24.946,24.908,24.863,24.855,24.848,24.848,24.916,24.871,24.969,25.006,25.036,25.014,25.089,25.187,25.232,25.285,25.405,25.458,25.6,25.72,25.735,25.832,25.803,25.608,25.428,25.323,25.134,25.157,25.074,25.044,24.999,24.991,24.999,25.036,25.044,25.104,25.232,25.262,25.338,25.488,25.623,25.668,25.788,25.877,25.982,26.019,26.169,26.236,26.37,26.347,26.481,26.548,26.563,26.459,26.444,26.176,26.109,25.668,24.976,24.181,24.158,24.181,24.242,24.477,24.591,24.787,25.428,25.907,25.832,25.33,24.954,24.742,24.636,24.598,24.545,24.598,24.598,24.735,24.954,25.142,25.225,25.413,25.51,25.533,25.525,25.465,25.338,25.255,25.225,25.187,25.157,25.149,25.134,25.119,25.119,25.112,25.104,25.104,25.097,25.165,25.338,25.488,25.675,26.019,26.191,26.504,26.719,27.554,28.666,28.754,28.725,28.586,28.411,28.016,27.789,27.539,27.008,26.786,26.489,26.437,26.518,26.622,26.726,26.897,27.148,27.679,28.543,30.063,33.494,34.954,35.304,35.339,35.318,35.325,35.346,35.359,35.366,35.4,35.455,35.503,35.592,35.64,35.667,35.66,35.681,35.688,35.619,35.393,35.311,35.195,35.071,35.009,34.968,34.961,34.927,34.92,34.927,34.954,35.002,35.009,34.989,34.961,34.892,34.865,34.817,34.741,34.707,34.658,34.603,34.596,34.486,34.355,34.313,34.23,34.202,34.168,34.154,34.154,34.147,34.126,34.092,33.995,33.967,33.96,33.925,33.925,33.925,33.918,33.897,33.918,33.939,33.974,34.008,34.036,34.112,34.265,34.355,34.438,34.534,34.576,34.686,34.734,34.817,34.789,34.782,34.762,34.52,32.472,29.117,27.465,26.882,26.385,26.057,26.034,25.9,25.862,25.84,25.795,25.795,25.803,25.847,25.862,26.012,26.072,26.079,25.315,24.485,24.181,23.953,23.884,23.907,23.953,24.09,24.447,24.485,24.492,24.507,24.515,24.462,24.363,24.325,24.333,24.424,24.908,25.202,25.255,25.24,25.21,25.202,25.097,24.991,24.916,24.946,24.923,24.946,24.923,24.908,24.878,24.803,24.719,24.598,24.424,24.333,24.227,24.151,23.968,23.877,23.793,23.686,23.495,23.433,23.341,23.096,23.042,23.042,23.011,23.011,23.242,25.052,25.383,25.353,25.323,25.262,25.097,25.014,24.81,24.523,24.447,24.356,24.265,24.257,24.204,24.158,24.158,24.166,24.211,24.227,24.416,24.553,24.621,24.719,24.795,24.848,24.969,24.946,25.089,25.825,26.377,27.06,27.156,27.73,28.068,28.579,28.986,29.291,29.218,28.848,28.251,26.949,25.96,25.435,25.285,25.021,24.923,24.855,24.84,24.787,24.78,24.78,24.795,24.787,24.825,24.825,24.833,24.833,24.84,24.886,24.931,24.969,24.991,24.999,25.021,25.029,25.059,25.036,25.089,25.082,25.052,25.067,25.036,24.999,24.954,24.916,24.878,24.886,24.871,24.848,24.886,24.84,24.84,24.81,24.825,24.772,24.787,24.825,24.855,24.855,24.878,24.901,24.923,24.976,24.999,25.021,25.082,25.074,25.112,25.149,25.165,25.24,25.308,25.458,25.503,25.533,25.6,25.63,25.675,25.713,25.728,25.668,25.645,25.63,25.563,25.555,25.54,25.555,25.57,25.503,25.54,25.51,25.548,25.518,25.488,25.503,25.45,25.45,25.368,25.262,25.21,25.18,25.104,25.052,25.006,24.855,24.409,23.556,23.265,23.173,23.111,23.081,23.011,22.988,22.942,22.911,22.873,22.85,22.827,22.796,22.788,22.78,22.788,22.773,22.773,22.78,22.75,22.742,22.719,22.719,22.727,22.626,22.603,22.603,22.603,22.603,22.649,22.572,22.588,22.58,22.564,22.564,22.564,22.564,22.564,22.549,22.534,22.526,22.503,22.51,22.518,22.518,22.541,22.526,22.51,22.503,22.51,22.487,22.464,22.472,22.472,22.449,22.456,22.425,22.449,22.449,22.441,22.449,22.449,22.441,22.425,22.456,22.425,22.441,22.433,22.456,22.464,22.449,22.449,22.464,22.456,22.487,22.456,22.479,22.441,22.418
,22.077,22.092,22.123,22.092,22.053,22.053,22.1,22.092,22.092,22.092,22.116,22.1,22.116,22.131,22.154,22.17,22.147,22.17,22.123,22.139,22.123,22.131,22.123,22.123,22.139,22.178,22.185,22.201,22.201,22.17,22.201,22.178,22.193,22.224,22.255,22.216,22.209,22.193,22.224,22.224,22.232,22.232,22.232,22.247,22.247,22.255,22.255,22.271,22.247,22.247,22.255,22.271,22.263,22.247,22.255,22.24,22.247,22.255,22.247,22.255,22.232,22.24,22.24,22.24,22.232,22.278,22.294,22.317,22.317,22.317,22.317,22.332,22.317,22.332,22.325,22.34,22.356,22.348,22.379,22.379,22.394,22.41,22.402,22.402,22.425,22.425,22.425,22.418,22.425,22.441,22.441,22.433,22.464,22.441,22.464,22.479,22.472,22.464,22.472,22.472,22.479,22.464,22.479,22.495,22.503,22.526,22.541,22.595,22.603,22.611,22.603,22.588,22.603,22.626,22.595,22.634,22.688,22.688,22.696,22.727,22.703,22.911,22.842,22.896,23.648,24.447,24.75,24.938,25.074,25.149,25.247,25.232,25.134,25.029,24.855,24.871,24.855,24.863,24.893,24.901,24.893,24.923,24.961,24.991,24.901,24.848,24.855,24.825,24.765,24.787,24.742,24.742,24.765,24.81,24.878,24.878,24.961,24.999,25.006,25.044,25.127,25.165,25.255,25.285,25.375,25.578,25.63,25.72,25.713,25.525,25.33,25.202,25.134,25.104,25.082,25.059,25.036,24.984,24.969,24.976,24.984,25.052,25.112,25.187,25.285,25.338,25.45,25.645,25.698,25.81,25.862,25.989,26.072,26.161,26.228,26.31,26.377,26.429,26.489,26.444,26.414,26.325,26.183,26.019,25.578,24.803,24.181,24.173,24.166,24.249,24.394,24.576,24.871,25.398,26.004,25.615,25.157,25.074,24.863,24.636,24.682,24.629,24.629,24.689,24.833,24.984,25.097,25.345,25.443,25.488,25.518,25.525,25.495,25.465,25.292,25.308,25.217,25.232,25.172,25.157,25.165,25.149,25.149,25.127,25.127,25.134,25.142,25.217,25.308,25.465,25.758,25.997,26.161,26.6,26.971,27.62,28.594,28.674,28.645,28.324,28.236,28.002,27.598,27.023,26.585,26.429,26.362,26.295,26.251,26.34,26.563,26.704,27.067,27.708,28.63,30.665,33.995,35.27,35.311,35.27,35.304,35.311,35.304,35.352,35.359,35.428,35.476,35.537,35.571,35.647,35.633,35.749,35.729,35.735,35.681,35.339,35.236,35.112,35.023,34.989,34.934,34.941,34.927,34.92,34.947,34.968,34.989,34.954,34.975,34.906,34.851,34.782,34.734,34.679,34.658,34.555,34.465,34.486,34.348,34.251,34.195,34.189,34.175,34.154,34.147,34.14,34.133,34.092,34.015,33.967,33.974,33.953,33.946,33.946,33.904,33.911,33.953,33.932,34.002,34.015,34.064,34.14,34.209,34.348,34.465,34.576,34.631,34.762,34.762,34.817,34.824,34.796,34.727,33.759,30.048,28.17,27.126,26.637,26.213,26.057,25.967,25.937,25.915,25.9,25.855,25.847,25.87,25.877,25.922,26.012,26.064,25.915,24.591,24.272,23.938,23.861,23.831,23.846,23.915,24.295,24.447,24.485,24.5,24.5,24.447,24.363,24.287,24.272,24.295,24.257,24.386,25.142,25.255,25.24,25.232,25.232,25.21,25.082,25.089,25.074,24.991,24.984,25.014,24.938,24.871,24.803,24.712,24.651,24.379,24.28,24.166,24.113,23.983,23.892,23.755,23.655,23.541,23.341,23.288,23.104,23.058,22.996,23.027,23.004,23.081,24.287,25.33,25.323,25.315,25.24,25.157,24.946,24.84,24.553,24.409,24.356,24.303,24.234,24.173,24.135,24.12,24.105,24.151,24.189,24.348,24.447,24.583,24.621,24.772,24.855,24.901,24.908,25.006,25.518,26.295,26.993,27.178,27.782,27.95,28.199,28.703,29.153,29.269,29.218,28.353,27.34,26.28,25.518,25.225,24.984,24.878,24.833,24.84,24.803,24.787,24.803,24.795,24.803,24.81,24.795,24.818,24.825,24.848,24.878,24.916,24.954,24.976,24.976,24.999,24.999,25.006,25.029,25.052,25.052,25.067,25.029,25.006,24.984,24.938,24.855,24.84,24.833,24.833,24.863,24.84,24.81,24.787,24.78,24.727,24.742,24.727,24.787,24.795,24.803,24.863,24.878,24.893,24.931,24.969,24.991,25.052,25.089,25.089,25.127,25.157,25.24,25.292,25.428,25.518,25.585,25.585,25.63,25.675,25.69,25.69,25.683,25.615,25.593,25.555,25.57,25.563,25.585,25.503,25.495,25.495,25.465,25.503,25.473,25.465,25.458,25.443,25.405,25.315,25.262,25.202,25.142,25.119,25.059,24.969,24.901,24.893,24.067,23.296,23.173,23.119,23.088,23.034,22.996,22.942,22.904,22.881,22.842,22.834,22.827,22.788,22.78,22.765,22.78,22.757,22.757,22.757,22.765,22.75,22.703,22.688,22.611,22.603,22.619,22.611,22.642,22.626,22.595,22.603,22.588,22.58,22.572,22.572,22.58,22.564,22.557,22.526,22.51,22.51,22.503,22.51,22.526,22.526,22.526,22.534,22.534,22.503,22.487,22.487,22.479,22.464,22.441,22.441,22.433,22.441,22.441,22.456,22.464,22.464,22.441,22.449,22.433,22.441,22.433,22.433,22.449,22.456,22.441,22.441,22.456,22.464,22.472,22.479,22.487,22.441,22.456
,22.1,22.108,22.1,22.108,22.108,22.069,22.077,22.084,22.084,22.092,22.084,22.108,22.131,22.123,22.162,22.17,22.139,22.139,22.116,22.139,22.123,22.116,22.123,22.131,22.131,22.162,22.185,22.209,22.209,22.201,22.201,22.209,22.216,22.209,22.209,22.216,22.209,22.201,22.216,22.209,22.224,22.216,22.24,22.255,22.24,22.263,22.294,22.263,22.263,22.24,22.263,22.247,22.247,22.247,22.263,22.247,22.263,22.286,22.271,22.271,22.24,22.24,22.255,22.247,22.271,22.278,22.294,22.317,22.325,22.325,22.325,22.317,22.325,22.332,22.348,22.332,22.356,22.34,22.371,22.379,22.371,22.371,22.41,22.418,22.387,22.41,22.425,22.418,22.418,22.441,22.425,22.425,22.449,22.472,22.472,22.495,22.479,22.472,22.479,22.464,22.472,22.495,22.503,22.51,22.541,22.549,22.564,22.595,22.595,22.595,22.611,22.595,22.619,22.626,22.626,22.619,22.68,22.711,22.696,22.727,22.773,23.05,23.372,24.432,24.803,24.727,24.901,25.202,25.225,25.225,25.27,25.217,25.195,24.848,24.825,24.81,24.84,24.825,24.848,24.878,24.871,24.84,24.855,24.825,24.863,24.81,24.795,24.765,24.742,24.719,24.682,24.719,24.719,24.765,24.825,24.848,24.908,24.916,24.916,24.984,25.044,25.149,25.24,25.292,25.473,25.525,25.57,25.713,25.555,25.405,25.142,25.112,25.067,25.052,25.052,25.014,24.969,24.961,24.916,24.931,24.984,24.961,25.067,25.134,25.24,25.323,25.503,25.668,25.78,25.803,25.93,26.027,26.072,26.116,26.183,26.258,26.31,26.325,26.355,26.444,26.355,26.251,26.169,25.668,25.18,24.333,24.12,24.128,24.196,24.234,24.416,24.523,24.931,25.623,25.922,25.78,25.308,25.029,24.833,24.765,24.697,24.697,24.719,24.75,24.886,24.946,25.157,25.232,25.458,25.495,25.518,25.488,25.503,25.398,25.368,25.277,25.247,25.24,25.202,25.187,25.187,25.18,25.187,25.195,25.157,25.157,25.165,25.165,25.24,25.39,25.518,25.892,26.012,26.258,26.57,27.296,28.367,28.55,28.572,28.397,28.251,28.016,27.443,27.185,26.63,26.34,26.198,26.109,26.072,26.198,26.236,26.489,26.941,27.119,27.811,28.943,31.803,34.886,35.181,35.27,35.27,35.256,35.284,35.311,35.366,35.359,35.421,35.462,35.524,35.51,35.612,35.729,35.701,35.688,35.619,35.524,35.428,35.222,35.064,34.975,34.899,34.913,34.879,34.892,34.913,34.906,34.947,34.954,34.975,34.892,34.782,34.762,34.72,34.665,34.569,34.541,34.465,34.451,34.32,34.272,34.216,34.195,34.182,34.168,34.154,34.133,34.105,34.071,34.002,33.995,33.988,33.995,33.953,33.946,33.939,33.939,33.925,33.953,34.022,34.078,34.105,34.292,34.32,34.479,34.548,34.582,34.651,34.782,34.803,34.824,34.824,34.789,34.313,31.391,28.316,27.185,26.771,26.615,26.154,26.064,25.997,25.952,25.945,25.922,25.915,25.915,25.93,25.945,25.997,26.034,26.064,24.969,24.424,23.998,23.755,23.755,23.762,23.846,23.976,24.28,24.416,24.447,24.47,24.416,24.379,24.287,24.249,24.265,24.189,24.189,24.28,24.878,25.24,25.24,25.24,25.232,25.225,25.165,25.142,25.097,25.119,25.074,24.999,24.991,24.871,24.818,24.704,24.515,24.432,24.31,24.189,24.113,23.998,23.838,23.755,23.625,23.541,23.38,23.265,23.081,23.042,23.004,22.988,22.988,23.096,23.678,25.18,25.308,25.262,25.119,25.074,24.938,24.75,24.515,24.379,24.341,24.219,24.166,24.09,24.09,24.067,24.105,24.09,24.143,24.363,24.401,24.462,24.553,24.606,24.742,24.855,24.893,25.029,25.435,26.258,26.986,27.311,27.539,27.98,28.353,28.564,29.023,29.175,29.276,28.739,27.443,26.362,25.623,25.217,24.954,24.954,24.878,24.833,24.818,24.81,24.803,24.81,24.81,24.803,24.795,24.795,24.803,24.818,24.855,24.871,24.923,24.946,24.969,24.984,24.999,24.999,25.014,25.014,25.021,25.014,24.999,24.976,24.901,24.878,24.871,24.78,24.803,24.795,24.818,24.81,24.78,24.757,24.735,24.697,24.697,24.682,24.712,24.742,24.772,24.833,24.84,24.863,24.901,24.931,24.991,25.044,25.059,25.097,25.112,25.18,25.21,25.292,25.368,25.473,25.563,25.645,25.638,25.683,25.705,25.698,25.645,25.578,25.563,25.54,25.518,25.533,25.488,25.473,25.473,25.443,25.458,25.48,25.488,25.435,25.435,25.383,25.383,25.308,25.247,25.18,25.119,25.082,25.044,24.976,24.969,24.84,24.295,23.495,23.188,23.134,23.119,23.011,23.011,22.958,22.942,22.888,22.85,22.842,22.811,22.796,22.78,22.78,22.742,22.757,22.788,22.757,22.727,22.742,22.719,22.657,22.603,22.626,22.619,22.634,22.626,22.649,22.626,22.595,22.588,22.588,22.572,22.603,22.557,22.549,22.534,22.541,22.51,22.51,22.51,22.495,22.503,22.526,22.526,22.495,22.541,22.534,22.495,22.534,22.503,22.479,22.472,22.418,22.441,22.433,22.449,22.456,22.456,22.472,22.449,22.456,22.433,22.425,22.418,22.433,22.433,22.433,22.449,22.449,22.441,22.441,22.449,22.464,22.464,22.487,22.464
,22.108,22.139,22.116,22.084,22.077,22.1,22.084,22.069,22.077,22.084,22.092,22.108,22.123,22.116,22.108,22.123,22.147,22.123,22.108,22.116,22.123,22.116,22.123,22.123,22.123,22.185,22.178,22.216,22.224,22.216,22.216,22.216,22.201,22.232,22.209,22.216,22.201,22.209,22.209,22.216,22.224,22.232,22.24,22.247,22.224,22.255,22.24,22.247,22.255,22.247,22.255,22.271,22.263,22.271,22.271,22.271,22.255,22.255,22.263,22.247,22.278,22.271,22.271,22.278,22.278,22.294,22.302,22.325,22.325,22.325,22.332,22.317,22.34,22.34,22.325,22.325,22.34,22.302,22.348,22.363,22.379,22.371,22.394,22.402,22.418,22.41,22.418,22.425,22.433,22.418,22.433,22.418,22.449,22.449,22.472,22.479,22.464,22.472,22.472,22.464,22.479,22.495,22.51,22.51,22.534,22.549,22.564,22.603,22.595,22.634,22.626,22.665,22.665,22.649,22.642,22.68,22.719,22.703,22.757,22.788,23.165,24.31,24.803,24.901,25.172,25.18,25.21,25.255,25.27,25.255,25.247,25.27,25.134,24.848,24.833,24.818,24.825,24.81,24.803,24.81,24.84,24.787,24.833,24.765,24.787,24.735,24.719,24.666,24.666,24.689,24.682,24.674,24.666,24.712,24.78,24.795,24.848,24.871,24.923,24.976,25.059,25.119,25.195,25.277,25.368,25.458,25.525,25.48,25.473,25.21,25.127,25.044,24.999,25.014,24.991,24.969,24.923,24.908,24.855,24.893,24.954,24.946,25.067,25.112,25.262,25.3,25.458,25.743,25.795,25.877,25.937,26.042,26.101,26.124,26.236,26.251,26.265,26.288,26.288,26.258,26.243,26.169,25.989,25.443,24.795,24.166,24.029,24.128,24.189,24.234,24.477,24.553,24.84,25.668,25.862,25.75,25.338,25.059,24.878,24.81,24.803,24.78,24.772,24.863,24.916,24.984,25.059,25.36,25.443,25.503,25.525,25.488,25.488,25.435,25.36,25.308,25.285,25.262,25.217,25.202,25.217,25.187,25.187,25.195,25.187,25.172,25.18,25.172,25.165,25.353,25.435,25.675,25.922,26.183,26.385,26.719,27.546,28.367,28.448,28.265,28.229,28.031,27.73,27.222,26.563,26.347,26.221,25.997,26.012,26.049,26.072,26.318,26.489,26.934,27.266,27.943,29.58,32.971,34.872,35.16,35.25,35.215,35.25,35.27,35.304,35.366,35.38,35.373,35.455,35.558,35.53,35.626,35.674,35.667,35.633,35.585,35.4,35.277,35.112,35.002,34.968,34.934,34.837,34.831,34.858,34.913,34.913,34.934,34.947,34.899,34.81,34.7,34.645,34.582,34.569,34.472,34.431,34.368,34.32,34.258,34.216,34.202,34.175,34.14,34.133,34.112,34.092,34.036,34.015,34.002,34.015,34.015,34.002,33.981,33.974,33.981,33.96,34.002,34.022,34.112,34.14,34.32,34.403,34.479,34.624,34.665,34.679,34.81,34.831,34.803,34.81,34.789,32.928,29.255,27.936,26.963,26.719,26.206,26.124,26.079,25.989,25.982,25.975,25.96,25.952,25.952,25.967,25.989,25.997,25.975,25.57,24.576,24.173,23.831,23.693,23.663,23.663,23.785,24.211,24.356,24.348,24.394,24.447,24.363,24.287,24.272,24.196,24.181,24.189,24.135,24.113,24.303,25.006,25.24,25.255,25.27,25.232,25.255,25.195,25.172,25.104,25.112,25.052,25.014,24.923,24.787,24.735,24.606,24.424,24.325,24.249,24.052,23.998,23.846,23.709,23.655,23.541,23.449,23.28,23.157,23.034,23.019,23.004,23.034,23.111,23.426,25.036,25.255,25.217,25.142,25.104,24.984,24.727,24.5,24.409,24.341,24.234,24.135,24.044,24.029,23.991,24.029,24.09,24.135,24.166,24.409,24.447,24.576,24.613,24.712,24.75,24.795,24.878,25.24,26.251,26.949,27.318,27.738,28.082,28.338,28.776,29.03,29.218,29.102,28.863,27.473,26.399,25.705,25.36,24.999,24.999,24.916,24.84,24.825,24.81,24.803,24.818,24.803,24.803,24.787,24.795,24.772,24.81,24.818,24.863,24.893,24.931,24.946,24.954,24.969,24.976,24.991,25.006,25.014,24.991,24.984,24.946,24.901,24.878,24.81,24.78,24.772,24.772,24.78,24.772,24.757,24.719,24.712,24.682,24.666,24.651,24.666,24.674,24.757,24.735,24.787,24.833,24.855,24.893,24.938,25.014,25.052,25.097,25.097,25.172,25.225,25.323,25.398,25.458,25.563,25.63,25.675,25.698,25.705,25.683,25.66,25.6,25.563,25.518,25.503,25.48,25.473,25.473,25.465,25.443,25.443,25.45,25.465,25.413,25.398,25.33,25.353,25.247,25.225,25.149,25.112,25.059,25.029,25.036,25.006,24.946,24.507,24.006,23.303,23.157,23.073,23.081,23.034,22.919,22.927,22.881,22.865,22.85,22.834,22.811,22.78,22.765,22.75,22.742,22.734,22.757,22.734,22.734,22.673,22.642,22.665,22.619,22.611,22.619,22.619,22.626,22.619,22.603,22.603,22.611,22.572,22.572,22.572,22.541,22.541,22.518,22.541,22.518,22.503,22.526,22.495,22.51,22.518,22.487,22.487,22.549,22.549,22.51,22.557,22.441,22.449,22.456,22.441,22.449,22.449,22.456,22.456,22.456,22.464,22.456,22.41,22.433,22.425,22.449,22.441,22.425,22.464,22.433,22.418,22.41,22.441,22.487,22.449,22.441,22.464
,22.131,22.131,22.1,22.084,22.1,22.069,22.077,22.053,22.069,22.061,22.053,22.069,22.077,22.1,22.131,22.1,22.1,22.1,22.108,22.108,22.116,22.123,22.116,22.123,22.123,22.154,22.232,22.193,22.209,22.216,22.216,22.209,22.209,22.232,22.209,22.209,22.209,22.209,22.216,22.216,22.216,22.216,22.224,22.224,22.24,22.247,22.263,22.278,22.271,22.247,22.24,22.278,22.263,22.278,22.286,22.286,22.271,22.271,22.247,22.271,22.271,22.286,22.294,22.294,22.294,22.309,22.309,22.325,22.332,22.325,22.325,22.332,22.317,22.325,22.34,22.34,22.325,22.317,22.34,22.363,22.387,22.402,22.394,22.418,22.394,22.402,22.41,22.418,22.41,22.433,22.464,22.418,22.425,22.441,22.456,22.456,22.472,22.472,22.449,22.495,22.503,22.503,22.526,22.518,22.526,22.557,22.572,22.58,22.588,22.611,22.634,22.649,22.688,22.673,22.711,22.68,22.711,22.788,22.95,24.006,24.28,25.119,25.195,25.232,25.195,25.21,25.24,25.255,25.255,25.277,25.3,25.202,24.991,24.855,24.825,24.818,24.81,24.81,24.795,24.787,24.78,24.795,24.787,24.765,24.735,24.682,24.651,24.613,24.606,24.613,24.606,24.659,24.659,24.682,24.719,24.757,24.787,24.863,24.871,24.931,25.006,25.134,25.255,25.315,25.338,25.443,25.42,25.353,25.277,25.082,24.969,24.999,24.954,24.923,24.961,24.901,24.878,24.825,24.848,24.886,24.893,25.006,25.044,25.104,25.21,25.39,25.465,25.773,25.84,25.832,26.012,26.049,26.109,26.139,26.183,26.243,26.243,26.273,26.221,26.161,26.042,25.892,25.66,25.292,24.629,24.021,24.014,24.059,24.143,24.181,24.325,24.545,25.119,25.907,26.019,25.653,25.323,25.052,24.863,24.833,24.825,24.855,24.81,24.878,24.923,25.104,25.195,25.285,25.458,25.503,25.533,25.525,25.495,25.465,25.345,25.3,25.27,25.262,25.225,25.217,25.21,25.21,25.21,25.217,25.195,25.21,25.157,25.134,25.119,25.262,25.277,25.42,25.54,25.967,26.176,26.303,26.697,27.649,28.302,28.251,28.199,28.104,27.818,27.384,26.941,26.295,26.019,25.945,25.78,25.713,25.847,25.847,25.96,26.422,26.793,27.348,28.367,30.558,33.724,34.982,35.133,35.195,35.195,35.222,35.25,35.332,35.352,35.373,35.428,35.441,35.496,35.606,35.64,35.66,35.619,35.565,35.462,35.4,35.147,35.03,34.996,34.92,34.81,34.789,34.803,34.851,34.879,34.899,34.886,34.858,34.755,34.7,34.624,34.555,34.52,34.444,34.396,34.341,34.327,34.258,34.209,34.189,34.168,34.126,34.112,34.057,34.043,34.036,34.008,34.029,34.029,34.036,34.008,34.015,33.988,33.995,34.015,34.036,34.078,34.126,34.244,34.265,34.458,34.513,34.61,34.7,34.713,34.837,34.837,34.837,34.796,34.327,30.729,27.928,27.037,26.793,26.355,26.191,26.124,26.064,26.019,25.989,25.989,25.982,25.989,26.004,25.967,26.012,25.952,25.75,24.855,24.287,23.96,23.617,23.625,23.64,23.716,23.922,24.257,24.318,24.333,24.356,24.379,24.287,24.257,24.219,24.189,24.151,24.097,24.059,24.128,24.295,24.689,25.202,25.24,25.24,25.285,25.262,25.27,25.225,25.157,25.127,25.082,25.014,24.954,24.78,24.704,24.613,24.341,24.265,24.234,24.128,23.96,23.785,23.77,23.602,23.586,23.433,23.226,23.157,23.034,22.996,22.973,22.981,23.034,23.157,24.682,25.067,25.172,25.149,24.999,24.689,24.666,24.545,24.432,24.295,24.242,24.09,24.029,23.953,23.96,23.976,24.014,24.059,24.128,24.227,24.439,24.523,24.613,24.712,24.78,24.795,24.871,25.074,25.495,26.288,27.34,27.657,28.192,28.294,28.652,29.073,29.095,28.979,28.914,28.002,26.407,25.795,25.277,25.172,25.021,24.901,24.848,24.84,24.81,24.818,24.803,24.81,24.803,24.803,24.765,24.78,24.772,24.803,24.818,24.848,24.886,24.901,24.946,24.969,24.969,24.984,24.984,24.999,24.984,24.923,24.916,24.863,24.848,24.78,24.75,24.757,24.75,24.787,24.727,24.712,24.674,24.659,24.629,24.591,24.598,24.621,24.621,24.674,24.719,24.719,24.742,24.795,24.818,24.878,24.916,24.984,25.021,25.082,25.142,25.217,25.27,25.353,25.518,25.593,25.653,25.668,25.675,25.69,25.645,25.63,25.6,25.533,25.495,25.465,25.428,25.435,25.413,25.405,25.443,25.458,25.495,25.45,25.375,25.383,25.36,25.323,25.255,25.18,25.165,25.067,25.029,25.006,25.044,25.029,25.014,24.568,24.333,23.479,23.234,23.127,23.05,23.027,22.981,22.904,22.865,22.865,22.85,22.858,22.819,22.788,22.765,22.742,22.742,22.757,22.75,22.727,22.727,22.711,22.673,22.673,22.634,22.634,22.642,22.626,22.619,22.603,22.603,22.58,22.58,22.564,22.557,22.588,22.58,22.534,22.526,22.518,22.503,22.495,22.495,22.51,22.51,22.51,22.495,22.495,22.526,22.503,22.487,22.449,22.441,22.472,22.441,22.433,22.441,22.441,22.456,22.449,22.441,22.472,22.441,22.441,22.449,22.425,22.418,22.441,22.449,22.472,22.425,22.425,22.425,22.402,22.441,22.41,22.472,22.495
,22.147,22.123,22.092,22.116,22.1,22.077,22.077,22.061,22.069,22.053,22.053,22.077,22.069,22.092,22.123,22.139,22.123,22.116,22.108,22.116,22.116,22.123,22.123,22.123,22.139,22.154,22.17,22.209,22.209,22.201,22.209,22.209,22.201,22.193,22.216,22.209,22.201,22.224,22.209,22.216,22.216,22.224,22.209,22.24,22.224,22.263,22.247,22.278,22.255,22.271,22.247,22.247,22.263,22.263,22.286,22.286,22.294,22.286,22.263,22.278,22.278,22.302,22.302,22.302,22.317,22.309,22.309,22.325,22.332,22.34,22.356,22.317,22.34,22.356,22.363,22.348,22.348,22.325,22.309,22.332,22.379,22.402,22.425,22.418,22.425,22.402,22.433,22.402,22.449,22.425,22.394,22.433,22.441,22.456,22.472,22.479,22.503,22.518,22.51,22.518,22.503,22.51,22.51,22.526,22.557,22.549,22.58,22.572,22.611,22.611,22.642,22.711,22.796,22.734,22.765,22.742,22.896,23.088,23.976,25.149,25.27,25.323,25.27,25.338,25.413,25.292,25.308,25.308,25.292,25.27,25.262,25.029,24.901,24.833,24.84,24.833,24.825,24.81,24.81,24.795,24.787,24.803,24.803,24.772,24.697,24.636,24.583,24.56,24.545,24.583,24.591,24.591,24.666,24.682,24.719,24.735,24.787,24.818,24.855,24.938,25.029,25.112,25.232,25.338,25.368,25.39,25.338,25.262,25.142,25.044,24.976,24.923,24.878,24.863,24.893,24.871,24.833,24.795,24.833,24.833,24.916,24.984,25.006,25.232,25.285,25.247,25.503,25.773,25.84,25.907,26.012,26.072,26.139,26.139,26.183,26.176,26.221,26.146,26.154,26.101,26.064,25.907,25.51,25.127,24.394,24.006,24.006,24.075,24.12,24.265,24.379,24.689,25.172,26.183,26.169,25.982,25.473,25.074,24.976,24.893,24.893,24.908,24.893,24.923,25.104,25.157,25.353,25.45,25.458,25.548,25.563,25.54,25.488,25.45,25.398,25.323,25.285,25.247,25.232,25.225,25.232,25.232,25.27,25.247,25.262,25.232,25.217,25.172,25.149,25.18,25.285,25.315,25.413,25.668,26.034,25.967,26.318,27.133,27.73,28.192,28.236,28.112,27.906,27.524,27.222,26.6,26.042,25.885,25.728,25.668,25.66,25.623,25.892,25.96,26.303,26.734,27.429,28.55,31.363,34.741,35.044,35.085,35.133,35.215,35.236,35.27,35.325,35.359,35.435,35.441,35.524,35.599,35.647,35.66,35.626,35.544,35.482,35.318,35.222,35.092,35.016,34.968,34.844,34.837,34.817,34.837,34.844,34.858,34.858,34.851,34.755,34.631,34.576,34.555,34.479,34.444,34.396,34.348,34.292,34.265,34.216,34.175,34.147,34.099,34.022,34.022,34.002,34.022,34.015,34.022,34.043,34.022,34.036,34.036,34.015,34.05,34.029,34.036,34.175,34.285,34.361,34.355,34.396,34.52,34.645,34.748,34.831,34.824,34.858,34.851,34.693,32.451,29.095,27.833,26.919,26.645,26.288,26.139,26.101,26.042,26.042,26.027,26.012,26.027,26.019,26.019,26.027,25.975,25.563,24.923,24.401,24.227,23.632,23.602,23.602,23.686,23.777,24.052,24.204,24.257,24.325,24.363,24.28,24.257,24.211,24.189,24.189,24.143,24.151,24.059,24.097,24.09,24.636,25.067,25.112,25.277,25.292,25.277,25.285,25.24,25.187,25.157,25.089,25.006,24.908,24.833,24.606,24.553,24.394,24.295,24.151,24.135,23.945,23.899,23.716,23.663,23.533,23.403,23.403,23.142,23.058,22.988,22.973,23.004,23.034,23.203,23.945,25.059,25.089,25.089,25.052,24.772,24.735,24.5,24.394,24.249,24.113,24.059,23.976,23.922,23.93,23.938,23.96,24.052,24.173,24.249,24.462,24.56,24.583,24.742,24.765,24.878,24.855,25.157,25.608,26.206,27.237,27.561,28.009,28.44,28.71,29.052,29.059,29.073,28.943,28.214,26.808,25.818,25.668,25.375,24.976,24.901,24.878,24.818,24.818,24.787,24.795,24.78,24.787,24.787,24.772,24.765,24.78,24.772,24.803,24.825,24.871,24.855,24.923,24.946,24.976,24.984,24.999,24.991,24.976,24.946,24.916,24.848,24.818,24.765,24.75,24.742,24.712,24.704,24.727,24.629,24.644,24.636,24.598,24.583,24.576,24.545,24.621,24.674,24.651,24.689,24.712,24.78,24.795,24.848,24.84,24.969,24.999,25.067,25.119,25.247,25.277,25.383,25.443,25.578,25.623,25.69,25.69,25.66,25.698,25.653,25.578,25.503,25.503,25.428,25.368,25.375,25.39,25.413,25.458,25.45,25.473,25.443,25.398,25.375,25.338,25.255,25.21,25.18,25.082,25.067,24.991,25.006,24.961,25.127,25.059,24.991,24.803,24.166,23.548,23.127,23.196,23.065,22.934,22.95,22.881,22.873,22.858,22.85,22.842,22.804,22.78,22.75,22.773,22.78,22.796,22.757,22.727,22.719,22.68,22.634,22.634,22.611,22.619,22.603,22.611,22.603,22.595,22.564,22.572,22.58,22.549,22.534,22.541,22.557,22.51,22.518,22.534,22.51,22.549,22.51,22.503,22.503,22.479,22.487,22.51,22.51,22.479,22.464,22.564,22.479,22.425,22.441,22.441,22.441,22.441,22.441,22.456,22.456,22.425,22.441,22.479,22.425,22.456,22.464,22.418,22.441,22.402,22.425,22.441,22.394,22.379,22.441,22.51,22.41
,22.131,22.092,22.1,22.077,22.069,22.084,22.053,22.061,22.077,22.077,22.069,22.084,22.069,22.108,22.116,22.108,22.123,22.131,22.108,22.116,22.123,22.131,22.139,22.123,22.131,22.139,22.154,22.178,22.178,22.17,22.178,22.193,22.201,22.185,22.178,22.224,22.201,22.201,22.201,22.209,22.216,22.224,22.209,22.216,22.247,22.255,22.263,22.271,22.278,22.286,22.278,22.263,22.255,22.263,22.278,22.263,22.294,22.286,22.286,22.286,22.317,22.348,22.309,22.317,22.325,22.317,22.332,22.332,22.317,22.348,22.394,22.332,22.34,22.325,22.332,22.356,22.332,22.325,22.34,22.356,22.379,22.441,22.418,22.418,22.449,22.433,22.41,22.394,22.402,22.456,22.418,22.441,22.449,22.472,22.487,22.495,22.487,22.495,22.503,22.51,22.518,22.541,22.534,22.541,22.534,22.549,22.541,22.603,22.611,22.619,22.673,22.711,22.719,22.765,22.804,23.088,23.173,24.363,25.074,25.33,25.277,25.39,25.247,25.465,25.578,25.383,25.413,25.428,25.308,25.225,25.119,25.014,24.886,24.901,24.886,24.871,24.871,24.84,24.825,24.81,24.78,24.81,24.81,24.735,24.666,24.644,24.553,24.515,24.523,24.523,24.545,24.591,24.629,24.644,24.719,24.727,24.75,24.795,24.863,24.946,24.991,25.157,25.3,25.345,25.323,25.383,25.308,25.097,24.984,24.893,24.916,24.84,24.818,24.765,24.803,24.803,24.81,24.795,24.795,24.833,24.908,24.916,25.059,25.165,25.247,25.345,25.57,25.765,25.877,25.997,26.034,26.087,26.124,26.139,26.139,26.161,26.087,26.116,26.064,26.012,25.9,25.578,25.45,24.515,24.037,23.976,23.998,24.037,24.151,24.181,24.439,24.636,25.225,26.228,26.131,25.72,25.45,25.067,24.999,24.954,24.908,24.961,24.999,25.036,25.157,25.225,25.413,25.495,25.548,25.593,25.563,25.54,25.48,25.443,25.383,25.338,25.292,25.27,25.232,25.21,25.195,25.232,25.262,25.277,25.285,25.27,25.232,25.232,25.134,25.157,25.187,25.277,25.398,25.525,25.713,25.87,26.057,26.719,26.993,27.539,28.038,27.994,27.965,27.605,27.384,26.615,26.347,25.825,25.728,25.653,25.458,25.488,25.503,25.668,25.96,26.333,26.726,27.458,28.783,32.346,34.755,35.051,35.099,35.147,35.229,35.25,35.284,35.332,35.359,35.414,35.435,35.517,35.585,35.64,35.599,35.585,35.469,35.4,35.167,35.092,35.023,34.982,34.872,34.865,34.81,34.782,34.831,34.817,34.837,34.824,34.713,34.631,34.576,34.507,34.451,34.431,34.375,34.361,34.299,34.251,34.189,34.126,34.078,34.015,34.008,33.967,33.967,33.981,33.981,33.988,34.015,34.029,34.036,34.036,34.036,34.043,34.071,34.161,34.244,34.313,34.341,34.41,34.444,34.61,34.61,34.727,34.81,34.865,34.858,34.782,33.529,29.955,27.796,26.963,26.734,26.407,26.198,26.101,26.072,26.042,26.034,26.027,26.034,26.034,26.049,26.049,25.997,25.345,24.84,24.576,24.333,23.724,23.655,23.586,23.609,23.77,23.8,24.097,24.158,24.249,24.265,24.234,24.204,24.196,24.196,24.166,24.166,24.151,24.12,24.097,24.113,24.105,24.394,24.757,25.134,25.292,25.285,25.308,25.3,25.262,25.232,25.142,25.089,25.021,24.946,24.78,24.606,24.545,24.401,24.31,24.227,24.029,23.945,23.846,23.732,23.663,23.502,23.464,23.387,23.157,23.058,22.996,22.965,22.996,23.027,23.18,23.793,25.014,25.089,25.089,25.059,24.78,24.666,24.53,24.416,24.189,24.105,24.067,23.983,23.884,23.892,23.892,23.938,24.044,24.059,24.196,24.47,24.56,24.629,24.727,24.855,24.863,24.893,24.969,25.525,25.877,26.838,27.48,28.104,28.331,28.659,29.001,29.044,29.081,29.052,28.28,27.229,25.982,25.473,25.24,25.104,24.931,24.863,24.833,24.803,24.787,24.772,24.765,24.765,24.772,24.757,24.757,24.772,24.772,24.78,24.803,24.825,24.855,24.908,24.923,24.969,24.976,25.006,25.006,24.976,24.938,24.886,24.833,24.757,24.757,24.735,24.719,24.666,24.682,24.651,24.629,24.613,24.591,24.576,24.553,24.576,24.515,24.545,24.576,24.636,24.674,24.712,24.735,24.772,24.81,24.863,24.908,25.014,25.014,25.097,25.217,25.292,25.405,25.45,25.585,25.638,25.66,25.668,25.66,25.653,25.615,25.578,25.51,25.428,25.39,25.383,25.345,25.413,25.428,25.458,25.48,25.473,25.465,25.405,25.33,25.3,25.225,25.142,25.089,25.059,24.991,24.961,25.036,25.059,25.157,25.18,25.074,24.901,24.757,23.922,23.319,23.242,23.104,22.981,22.965,22.888,22.865,22.873,22.85,22.873,22.796,22.796,22.796,22.773,22.78,22.78,22.757,22.757,22.719,22.711,22.703,22.673,22.626,22.626,22.58,22.603,22.588,22.588,22.588,22.564,22.549,22.58,22.541,22.541,22.526,22.534,22.518,22.518,22.534,22.557,22.564,22.549,22.487,22.487,22.51,22.503,22.518,22.487,22.495,22.479,22.464,22.441,22.441,22.433,22.433,22.433,22.433,22.433,22.441,22.441,22.456,22.418,22.464,22.456,22.456,22.449,22.433,22.425,22.472,22.418,22.456,22.394,22.418,22.402,22.449
,22.116,22.1,22.077,22.084,22.077,22.077,22.077,22.069,22.069,22.069,22.077,22.1,22.1,22.116,22.116,22.116,22.123,22.116,22.108,22.123,22.123,22.116,22.123,22.147,22.131,22.154,22.17,22.131,22.154,22.17,22.123,22.154,22.178,22.154,22.193,22.178,22.201,22.209,22.209,22.201,22.209,22.216,22.224,22.24,22.24,22.24,22.232,22.24,22.247,22.271,22.263,22.278,22.263,22.255,22.263,22.271,22.271,22.278,22.302,22.317,22.302,22.317,22.325,22.317,22.325,22.317,22.332,22.348,22.34,22.363,22.332,22.34,22.379,22.332,22.348,22.348,22.34,22.348,22.34,22.348,22.379,22.402,22.425,22.425,22.433,22.433,22.433,22.418,22.41,22.418,22.503,22.464,22.472,22.479,22.487,22.503,22.479,22.495,22.518,22.518,22.534,22.541,22.534,22.541,22.58,22.557,22.58,22.611,22.634,22.649,22.657,22.78,22.804,22.85,22.865,23.387,24.47,25.127,25.413,25.495,25.458,25.533,25.66,25.69,25.705,25.6,25.555,25.45,25.323,25.112,24.931,24.961,24.916,24.969,24.946,24.923,24.923,24.901,24.878,24.825,24.818,24.795,24.795,24.689,24.613,24.576,24.47,24.47,24.477,24.477,24.492,24.568,24.583,24.636,24.659,24.727,24.757,24.787,24.848,24.923,25.021,25.097,25.24,25.323,25.33,25.285,25.21,25.044,24.901,24.871,24.803,24.78,24.75,24.772,24.682,24.742,24.757,24.78,24.825,24.84,24.938,25.006,25.119,25.18,25.195,25.323,25.525,25.788,25.885,25.982,26.072,26.079,26.116,26.131,26.116,26.049,26.019,26.034,25.96,25.952,25.84,25.533,25.24,24.318,24.029,23.953,23.96,24.014,24.052,24.173,24.363,24.636,25.473,26.236,26.042,25.653,25.277,25.202,25.036,24.999,24.999,25.014,25.067,25.104,25.165,25.353,25.518,25.585,25.593,25.608,25.593,25.555,25.48,25.428,25.36,25.33,25.3,25.27,25.247,25.202,25.18,25.247,25.285,25.315,25.315,25.292,25.24,25.172,25.149,25.104,25.165,25.187,25.277,25.465,25.54,25.78,25.945,26.183,26.786,26.978,27.796,27.965,27.855,27.569,27.303,26.57,26.392,25.877,25.758,25.48,25.345,25.3,25.36,25.338,25.45,25.72,26.213,26.637,27.473,29.696,33.71,35.071,35.051,35.167,35.202,35.229,35.277,35.298,35.339,35.4,35.455,35.482,35.578,35.585,35.585,35.53,35.544,35.448,35.229,35.078,35.002,34.968,34.906,34.803,34.796,34.769,34.782,34.775,34.81,34.817,34.782,34.658,34.555,34.507,34.451,34.396,34.375,34.32,34.306,34.223,34.168,34.029,34.057,34.002,33.974,33.953,33.953,33.96,33.967,33.995,34.008,34.036,34.043,34.036,34.064,34.078,34.119,34.202,34.32,34.361,34.361,34.431,34.5,34.658,34.658,34.803,34.844,34.872,34.837,34.396,30.922,28.038,27.2,26.889,26.288,26.183,26.131,26.094,26.057,26.027,26.027,26.034,26.042,26.064,26.064,25.997,25.338,24.644,24.5,24.348,23.93,23.632,23.541,23.571,23.64,23.701,23.907,24.067,24.082,24.189,24.181,24.143,24.128,24.12,24.143,24.158,24.158,24.173,24.143,24.097,24.12,24.059,24.272,24.727,25.142,25.277,25.315,25.3,25.292,25.292,25.255,25.187,25.097,25.006,24.954,24.787,24.629,24.5,24.432,24.28,24.211,24.059,23.907,23.777,23.686,23.625,23.525,23.372,23.341,23.265,23.073,23.034,22.973,22.981,23.042,23.173,23.564,24.591,25.059,25.104,25.052,24.938,24.78,24.568,24.242,24.166,24.082,23.983,23.922,23.877,23.854,23.892,23.915,24.006,24.097,24.394,24.492,24.576,24.719,24.803,24.908,24.923,24.923,24.991,25.465,25.728,26.161,27.296,27.84,28.258,28.477,29.015,29.037,28.986,29.001,28.294,27.259,26.161,25.803,25.398,25.021,24.901,24.901,24.833,24.795,24.765,24.75,24.765,24.757,24.765,24.757,24.757,24.757,24.765,24.765,24.78,24.795,24.863,24.901,24.908,24.954,24.984,24.999,25.029,25.014,24.961,24.878,24.818,24.795,24.735,24.712,24.697,24.666,24.621,24.598,24.583,24.515,24.545,24.538,24.545,24.507,24.53,24.53,24.545,24.591,24.644,24.689,24.712,24.757,24.772,24.84,24.855,24.923,24.984,25.134,25.157,25.285,25.308,25.48,25.57,25.615,25.645,25.653,25.653,25.653,25.623,25.495,25.435,25.405,25.368,25.338,25.383,25.398,25.39,25.473,25.488,25.495,25.465,25.413,25.36,25.33,25.277,25.134,25.059,25.044,24.976,24.938,24.893,24.946,25.232,25.308,25.292,24.931,24.878,24.56,23.495,23.296,23.219,23.104,22.988,22.973,22.919,22.896,22.834,22.834,22.819,22.796,22.811,22.788,22.788,22.78,22.765,22.75,22.742,22.703,22.649,22.711,22.642,22.665,22.626,22.603,22.595,22.572,22.595,22.572,22.557,22.549,22.557,22.541,22.526,22.564,22.518,22.518,22.541,22.51,22.557,22.51,22.495,22.495,22.487,22.503,22.526,22.541,22.487,22.479,22.449,22.456,22.425,22.433,22.425,22.433,22.433,22.441,22.441,22.433,22.449,22.433,22.456,22.441,22.418,22.433,22.425,22.449,22.456,22.41,22.418,22.41,22.394,22.394,22.425
,22.1,22.084,22.116,22.108,22.077,22.092,22.084,22.092,22.084,22.084,22.1,22.108,22.077,22.084,22.123,22.131,22.123,22.139,22.123,22.131,22.131,22.108,22.123,22.131,22.139,22.154,22.123,22.116,22.116,22.147,22.139,22.123,22.139,22.162,22.178,22.193,22.185,22.201,22.185,22.193,22.193,22.201,22.224,22.216,22.24,22.216,22.224,22.232,22.24,22.255,22.263,22.255,22.255,22.247,22.24,22.255,22.263,22.263,22.302,22.302,22.332,22.332,22.371,22.332,22.325,22.325,22.317,22.332,22.356,22.348,22.325,22.34,22.363,22.332,22.348,22.363,22.387,22.356,22.363,22.356,22.371,22.394,22.41,22.441,22.456,22.433,22.449,22.472,22.456,22.441,22.472,22.51,22.464,22.51,22.495,22.51,22.503,22.518,22.51,22.518,22.534,22.541,22.549,22.557,22.572,22.595,22.619,22.619,22.657,22.673,22.734,22.75,22.85,23.088,24.044,24.75,25.255,25.45,25.593,25.675,25.645,25.788,25.81,25.78,25.668,25.6,25.458,25.413,25.285,25.142,24.931,24.961,25.036,25.052,25.036,25.029,25.006,24.938,24.916,24.931,24.916,24.78,24.757,24.712,24.621,24.53,24.462,24.439,24.454,24.432,24.462,24.523,24.447,24.56,24.621,24.704,24.757,24.803,24.848,24.923,25.044,25.104,25.3,25.323,25.149,25.052,24.916,24.878,24.871,24.803,24.757,24.795,24.75,24.689,24.704,24.697,24.772,24.795,24.871,24.908,24.916,24.961,25.112,25.187,25.202,25.3,25.615,25.765,25.877,26.004,26.049,26.057,26.101,26.109,26.042,25.989,25.96,25.975,25.967,25.788,25.578,25.435,24.908,24.257,24.006,23.915,23.953,23.998,24.075,24.242,24.424,24.81,25.87,26.258,25.982,25.645,25.368,25.142,25.074,25.074,25.052,25.134,25.127,25.315,25.277,25.473,25.518,25.675,25.638,25.653,25.63,25.555,25.503,25.413,25.375,25.345,25.308,25.292,25.247,25.202,25.172,25.217,25.27,25.33,25.323,25.308,25.292,25.24,25.172,25.157,25.089,25.142,25.202,25.277,25.368,25.6,25.825,25.922,26.027,26.615,27.045,27.679,27.811,27.576,27.414,27.126,26.496,25.937,25.743,25.458,25.33,25.232,25.21,25.195,25.134,25.225,25.593,25.735,26.28,27.554,30.686,34.306,35.078,35.195,35.195,35.25,35.27,35.277,35.38,35.373,35.387,35.455,35.503,35.558,35.578,35.51,35.51,35.393,35.325,35.167,35.105,34.982,34.913,34.824,34.775,34.762,34.762,34.775,34.796,34.803,34.741,34.562,34.548,34.5,34.417,34.41,34.375,34.355,34.292,34.223,34.112,34.036,34.036,33.981,33.953,33.953,33.953,33.953,33.967,33.981,34.015,34.043,34.043,34.071,34.078,34.133,34.237,34.299,34.368,34.424,34.431,34.444,34.576,34.651,34.796,34.844,34.865,34.872,34.686,32.212,28.827,27.407,26.875,26.518,26.288,26.176,26.087,26.079,26.057,26.034,26.049,26.057,26.042,26.049,26.042,25.368,24.576,24.325,24.409,24.021,23.693,23.502,23.479,23.541,23.655,23.968,23.976,24.029,24.12,24.097,24.09,24.105,24.113,24.09,24.128,24.151,24.166,24.189,24.158,24.151,24.113,24.075,24.105,24.651,25.021,25.187,25.292,25.338,25.315,25.315,25.285,25.18,25.127,25.059,24.999,24.803,24.629,24.545,24.447,24.257,24.189,24.021,23.854,23.785,23.648,23.594,23.472,23.387,23.303,23.249,23.088,23.034,22.988,23.027,23.004,23.119,23.464,24.379,25.059,25.036,25.036,24.984,24.803,24.545,24.204,24.135,24.044,23.983,23.93,23.808,23.816,23.823,23.877,24.014,24.113,24.341,24.447,24.742,24.84,24.908,24.923,24.976,24.946,24.984,25.255,25.66,25.885,26.704,27.598,28.141,28.564,28.877,29.001,28.957,28.914,28.783,27.635,26.674,25.728,25.27,25.006,24.961,24.863,24.787,24.742,24.742,24.719,24.704,24.75,24.727,24.765,24.757,24.742,24.75,24.757,24.765,24.795,24.803,24.863,24.923,24.954,24.969,24.991,24.999,24.999,24.901,24.886,24.81,24.765,24.712,24.659,24.682,24.629,24.644,24.568,24.583,24.492,24.523,24.53,24.523,24.515,24.492,24.538,24.591,24.576,24.651,24.666,24.704,24.742,24.765,24.818,24.848,24.901,24.984,24.999,25.112,25.225,25.338,25.495,25.518,25.578,25.585,25.653,25.638,25.675,25.57,25.51,25.443,25.368,25.315,25.33,25.338,25.36,25.383,25.45,25.48,25.495,25.503,25.458,25.413,25.315,25.202,25.165,25.074,25.014,24.923,24.878,24.833,24.825,25.24,25.315,25.21,25.059,24.946,24.893,23.945,23.357,23.265,23.081,23.127,23.05,22.942,22.873,22.865,22.834,22.811,22.788,22.788,22.796,22.788,22.78,22.773,22.765,22.711,22.688,22.711,22.68,22.657,22.696,22.642,22.611,22.619,22.58,22.595,22.58,22.564,22.564,22.572,22.557,22.534,22.534,22.549,22.534,22.518,22.541,22.541,22.534,22.549,22.487,22.495,22.518,22.487,22.526,22.503,22.51,22.464,22.441,22.418,22.425,22.41,22.433,22.441,22.433,22.441,22.464,22.479,22.487,22.479,22.479,22.456,22.418,22.394,22.402,22.41,22.41,22.418,22.418,22.394,22.379,22.379
,22.092,22.092,22.1,22.1,22.084,22.092,22.084,22.084,22.084,22.092,22.1,22.084,22.1,22.116,22.108,22.116,22.123,22.108,22.108,22.116,22.108,22.116,22.123,22.131,22.162,22.154,22.17,22.077,22.108,22.116,22.1,22.123,22.108,22.131,22.154,22.178,22.185,22.178,22.185,22.185,22.201,22.224,22.224,22.216,22.232,22.209,22.216,22.232,22.24,22.24,22.24,22.24,22.24,22.24,22.24,22.24,22.263,22.255,22.325,22.286,22.325,22.325,22.332,22.325,22.34,22.34,22.348,22.356,22.34,22.34,22.348,22.348,22.325,22.332,22.34,22.34,22.363,22.356,22.348,22.363,22.371,22.402,22.41,22.425,22.441,22.441,22.449,22.418,22.433,22.449,22.479,22.479,22.479,22.51,22.503,22.518,22.51,22.503,22.526,22.518,22.541,22.549,22.58,22.603,22.611,22.634,22.642,22.657,22.696,22.719,22.796,22.827,23.196,24.12,24.916,25.315,25.443,25.638,25.675,25.87,25.87,25.862,25.795,25.803,25.735,25.555,25.36,25.308,25.119,24.969,25.014,24.999,25.097,25.104,25.127,25.134,25.021,24.991,24.999,24.954,24.886,24.81,24.735,24.689,24.659,24.553,24.47,24.432,24.432,24.424,24.409,24.432,24.447,24.485,24.576,24.651,24.735,24.818,24.863,24.946,25.014,25.067,25.21,25.165,24.954,24.871,24.84,24.833,24.833,24.735,24.719,24.682,24.704,24.659,24.674,24.704,24.757,24.833,24.916,24.886,24.931,25.014,25.089,25.165,25.187,25.345,25.548,25.698,25.75,25.975,26.034,25.997,26.079,26.049,25.945,25.937,25.832,25.885,25.728,25.713,25.54,25.127,24.5,24.029,23.907,23.922,23.945,23.96,24.097,24.082,24.211,24.689,25.945,26.183,25.952,25.585,25.473,25.202,25.149,25.134,25.172,25.134,25.165,25.255,25.48,25.525,25.698,25.72,25.75,25.668,25.668,25.6,25.503,25.428,25.375,25.338,25.323,25.285,25.247,25.195,25.134,25.134,25.247,25.315,25.33,25.323,25.285,25.225,25.202,25.149,25.082,25.097,25.127,25.225,25.308,25.338,25.653,25.773,26.057,26.116,26.452,26.963,27.51,27.48,27.348,26.963,26.556,25.982,25.72,25.42,25.217,25.104,25.195,24.969,24.855,24.901,24.818,24.923,25.428,26.228,27.694,31.859,34.424,35.044,35.195,35.222,35.243,35.298,35.304,35.339,35.359,35.428,35.469,35.517,35.53,35.558,35.455,35.366,35.277,35.174,35.085,34.968,34.906,34.837,34.769,34.748,34.741,34.762,34.741,34.796,34.7,34.596,34.527,34.479,34.444,34.41,34.382,34.382,34.327,34.223,34.147,34.064,34.015,33.995,33.967,33.96,33.953,33.96,33.974,33.995,34.015,34.043,34.078,34.099,34.14,34.182,34.209,34.292,34.396,34.451,34.513,34.548,34.61,34.741,34.789,34.851,34.872,34.789,33.39,29.479,27.76,26.793,26.466,26.251,26.228,26.131,26.072,26.057,26.042,26.049,26.042,26.057,26.049,26.012,25.608,24.5,24.249,23.998,23.907,23.96,23.556,23.495,23.479,23.525,23.846,23.991,24.021,24.029,24.059,24.113,24.044,24.029,24.044,24.059,24.097,24.158,24.166,24.211,24.189,24.128,24.09,24.082,24.12,24.553,24.757,25.285,25.33,25.353,25.353,25.27,25.255,25.225,25.165,25.021,24.916,24.704,24.636,24.53,24.363,24.211,23.998,23.93,23.808,23.739,23.594,23.579,23.502,23.387,23.319,23.234,23.142,23.004,23.004,23.019,23.004,23.058,23.456,24.265,24.772,25.089,25.082,25.036,24.757,24.492,24.348,24.295,24.082,23.93,23.899,23.823,23.77,23.808,23.8,23.892,24.173,24.31,24.621,24.719,24.878,24.969,24.961,25.014,25.036,25.052,25.36,25.518,25.877,26.288,27.03,28.016,28.28,28.681,28.914,28.914,28.957,28.747,27.716,26.704,25.87,25.247,25.052,24.833,24.848,24.757,24.75,24.719,24.682,24.666,24.735,24.712,24.735,24.75,24.704,24.712,24.689,24.727,24.742,24.803,24.848,24.855,24.908,24.954,24.946,24.984,24.976,24.901,24.863,24.803,24.787,24.689,24.666,24.651,24.651,24.621,24.568,24.568,24.56,24.553,24.538,24.507,24.515,24.5,24.515,24.553,24.644,24.644,24.659,24.719,24.742,24.78,24.825,24.848,24.901,24.976,25.074,25.157,25.277,25.247,25.345,25.443,25.555,25.555,25.608,25.63,25.615,25.585,25.51,25.368,25.285,25.27,25.315,25.33,25.345,25.39,25.435,25.48,25.488,25.48,25.45,25.39,25.27,25.142,25.104,25.059,24.954,24.855,24.855,24.757,24.757,25.112,25.473,25.435,25.345,24.984,24.908,24.697,23.564,23.296,23.081,23.127,22.973,22.973,22.942,22.858,22.834,22.85,22.788,22.796,22.773,22.788,22.757,22.757,22.75,22.727,22.719,22.68,22.673,22.688,22.657,22.642,22.611,22.611,22.595,22.588,22.572,22.557,22.549,22.526,22.549,22.549,22.549,22.541,22.557,22.534,22.51,22.526,22.534,22.503,22.503,22.503,22.51,22.518,22.472,22.503,22.472,22.472,22.433,22.425,22.418,22.449,22.425,22.418,22.433,22.441,22.433,22.449,22.472,22.464,22.433,22.425,22.433,22.418,22.402,22.433,22.441,22.433,22.402,22.402,22.394,22.302
,22.108,22.131,22.108,22.108,22.108,22.092,22.092,22.1,22.084,22.092,22.108,22.084,22.092,22.077,22.131,22.116,22.116,22.123,22.116,22.116,22.108,22.116,22.123,22.131,22.139,22.139,22.162,22.116,22.147,22.108,22.131,22.123,22.123,22.123,22.139,22.162,22.17,22.185,22.193,22.193,22.178,22.201,22.193,22.216,22.216,22.201,22.209,22.201,22.216,22.232,22.255,22.24,22.224,22.224,22.232,22.24,22.247,22.255,22.294,22.278,22.286,22.363,22.379,22.332,22.34,22.325,22.363,22.356,22.348,22.356,22.363,22.332,22.371,22.34,22.356,22.356,22.348,22.363,22.371,22.371,22.379,22.402,22.41,22.418,22.433,22.433,22.441,22.418,22.441,22.425,22.487,22.479,22.518,22.51,22.518,22.487,22.526,22.518,22.541,22.526,22.564,22.588,22.58,22.611,22.626,22.68,22.673,22.711,22.734,22.757,22.942,23.548,24.666,24.916,25.383,25.54,25.653,25.825,25.862,25.9,25.885,25.855,25.818,25.788,25.668,25.443,25.338,25.089,25.044,25.021,25.021,25.067,25.18,25.225,25.247,25.255,25.172,25.036,24.969,24.938,24.871,24.901,24.803,24.704,24.659,24.576,24.492,24.439,24.424,24.394,24.341,24.394,24.432,24.447,24.538,24.659,24.765,24.818,24.916,24.938,25.059,25.157,25.074,25.021,24.886,24.818,24.803,24.742,24.719,24.727,24.666,24.666,24.659,24.651,24.682,24.697,24.772,24.878,24.916,24.954,24.999,25.036,25.082,25.127,25.202,25.3,25.458,25.578,25.788,26.012,26.012,26.012,25.989,25.975,25.9,25.75,25.75,25.6,25.66,25.48,25.398,25.029,24.265,23.96,23.899,23.861,23.899,23.976,24.021,24.113,24.439,24.931,26.049,26.191,25.818,25.713,25.458,25.36,25.134,25.18,25.202,25.292,25.277,25.383,25.563,25.66,25.765,25.773,25.72,25.743,25.63,25.57,25.495,25.473,25.368,25.338,25.315,25.255,25.217,25.225,25.18,25.127,25.247,25.292,25.323,25.308,25.292,25.262,25.202,25.187,25.119,25.089,25.127,25.082,25.195,25.195,25.435,25.668,25.773,25.892,26.072,26.295,26.622,27.126,27.289,27.185,26.749,26.34,25.78,25.585,25.112,25.021,24.938,24.863,24.507,24.492,24.409,24.416,24.629,25.262,26.273,28.346,32.774,34.769,35.133,35.229,35.256,35.256,35.284,35.311,35.318,35.421,35.476,35.517,35.51,35.51,35.51,35.441,35.373,35.208,35.099,34.989,34.906,34.817,34.762,34.748,34.741,34.727,34.734,34.803,34.7,34.638,34.507,34.465,34.431,34.41,34.389,34.361,34.341,34.251,34.14,34.092,34.05,34.008,33.981,33.967,33.981,33.974,33.988,34.008,34.036,34.071,34.099,34.147,34.161,34.216,34.355,34.375,34.417,34.465,34.527,34.576,34.658,34.734,34.865,34.872,34.872,34.458,31.029,28.082,27.178,26.749,26.392,26.221,26.146,26.101,26.087,26.057,26.049,26.049,26.042,26.079,26.049,25.758,24.991,24.105,23.953,23.907,23.8,23.732,23.579,23.556,23.602,23.8,23.976,24.021,24.044,24.075,24.059,24.082,24.021,24.014,24.052,24.052,24.12,24.196,24.219,24.234,24.234,24.189,24.12,24.166,24.272,24.53,24.75,25.225,25.345,25.36,25.368,25.36,25.3,25.24,25.142,25.119,24.901,24.621,24.576,24.47,24.379,24.181,24.044,23.907,23.854,23.701,23.579,23.556,23.464,23.364,23.265,23.134,23.073,23.034,23.019,22.988,23.011,23.065,23.418,23.968,24.719,25.021,25.082,25.014,24.969,24.606,24.325,24.12,24.052,23.877,23.838,23.777,23.762,23.732,23.777,23.831,24.12,24.432,24.757,24.969,24.976,25.097,25.067,25.029,25.014,25.074,25.225,25.42,25.84,26.004,26.8,27.649,28.192,28.528,28.841,28.797,28.834,28.725,27.679,26.689,25.885,25.149,24.999,24.893,24.795,24.697,24.689,24.666,24.651,24.651,24.712,24.704,24.735,24.674,24.682,24.697,24.682,24.689,24.727,24.742,24.818,24.833,24.901,24.938,24.938,24.946,24.938,24.901,24.871,24.833,24.772,24.712,24.682,24.682,24.651,24.613,24.591,24.591,24.538,24.538,24.538,24.477,24.553,24.5,24.568,24.621,24.666,24.689,24.712,24.727,24.765,24.795,24.833,24.863,24.901,24.923,25.089,25.142,25.202,25.315,25.36,25.45,25.563,25.563,25.615,25.608,25.578,25.48,25.473,25.323,25.262,25.292,25.285,25.255,25.285,25.33,25.315,25.413,25.503,25.473,25.45,25.45,25.323,25.142,25.059,24.954,24.931,24.81,24.75,24.682,24.682,24.818,25.488,25.533,25.45,25.067,24.954,24.976,24.257,23.364,23.319,23.119,23.119,22.958,22.904,22.888,22.834,22.819,22.811,22.788,22.78,22.78,22.788,22.757,22.75,22.703,22.696,22.665,22.688,22.688,22.68,22.634,22.634,22.626,22.611,22.588,22.588,22.564,22.572,22.572,22.564,22.518,22.564,22.588,22.58,22.526,22.51,22.495,22.549,22.549,22.526,22.526,22.518,22.51,22.51,22.503,22.518,22.472,22.394,22.418,22.41,22.433,22.433,22.41,22.464,22.456,22.425,22.464,22.433,22.449,22.456,22.456,22.425,22.394,22.41,22.394,22.41,22.41,22.41,22.371,22.394,22.387
,22.108,22.123,22.139,22.123,22.116,22.1,22.1,22.108,22.116,22.084,22.1,22.092,22.069,22.092,22.116,22.147,22.147,22.131,22.1,22.116,22.108,22.116,22.123,22.131,22.17,22.147,22.147,22.162,22.147,22.147,22.116,22.131,22.139,22.139,22.162,22.17,22.162,22.178,22.193,22.17,22.17,22.201,22.17,22.201,22.216,22.216,22.209,22.224,22.209,22.224,22.247,22.247,22.232,22.247,22.232,22.247,22.271,22.286,22.302,22.271,22.317,22.317,22.325,22.356,22.356,22.402,22.363,22.371,22.356,22.371,22.34,22.379,22.348,22.356,22.379,22.387,22.41,22.379,22.371,22.379,22.379,22.387,22.41,22.418,22.433,22.41,22.418,22.433,22.418,22.456,22.472,22.51,22.487,22.518,22.518,22.518,22.526,22.534,22.534,22.557,22.557,22.572,22.611,22.68,22.688,22.711,22.703,22.842,22.865,23.073,24.272,24.787,25.345,25.518,25.623,25.743,25.803,25.855,25.862,25.84,25.9,25.877,25.795,25.728,25.51,25.383,25.119,24.984,24.991,25.006,25.059,25.127,25.488,25.458,25.443,25.232,25.225,25.149,25.142,25.082,24.961,24.901,24.863,24.765,24.697,24.613,24.553,24.5,24.454,24.386,24.371,24.356,24.394,24.454,24.424,24.553,24.735,24.825,24.878,24.938,25.006,25.021,24.923,24.893,24.757,24.825,24.719,24.742,24.598,24.651,24.659,24.629,24.636,24.674,24.689,24.735,24.78,24.871,24.984,24.991,24.991,25.052,25.067,25.112,25.157,25.308,25.413,25.563,25.645,25.81,25.885,25.907,25.937,25.915,25.832,25.668,25.645,25.608,25.54,25.383,25.157,24.56,24.303,23.953,23.861,23.846,23.838,23.892,24.037,24.158,24.439,24.923,26.057,26.087,25.915,25.69,25.518,25.375,25.338,25.338,25.338,25.33,25.398,25.585,25.735,25.698,25.832,25.855,25.825,25.81,25.773,25.623,25.54,25.465,25.39,25.368,25.345,25.247,25.225,25.172,25.134,25.157,25.18,25.24,25.285,25.277,25.315,25.285,25.24,25.202,25.142,25.127,25.097,25.074,25.089,25.202,25.217,25.48,25.533,25.705,25.758,26.109,26.347,26.57,26.956,27.097,26.83,26.511,26.042,25.75,25.119,24.999,24.908,24.765,24.257,24.166,24.067,24.052,24.128,24.568,25.39,26.57,29.724,34.099,35.023,35.188,35.215,35.243,35.263,35.298,35.339,35.38,35.448,35.496,35.496,35.51,35.482,35.414,35.393,35.195,35.14,34.989,34.906,34.831,34.789,34.741,34.727,34.727,34.734,34.769,34.651,34.569,34.5,34.431,34.424,34.41,34.375,34.382,34.341,34.292,34.189,34.119,34.064,34.008,33.995,33.988,33.981,33.995,34.008,34.029,34.043,34.105,34.133,34.168,34.209,34.265,34.306,34.382,34.458,34.493,34.541,34.631,34.693,34.796,34.831,34.892,34.727,32.592,28.79,27.281,26.8,26.489,26.295,26.228,26.146,26.101,26.064,26.049,26.042,26.049,26.034,26.057,26.057,25.247,24.189,23.816,23.915,23.77,23.716,23.678,23.533,23.564,23.793,23.968,23.998,24.021,24.044,24.044,24.037,24.014,23.976,23.991,24.014,24.067,24.166,24.204,24.227,24.287,24.28,24.249,24.219,24.166,24.249,24.613,24.878,25.27,25.353,25.42,25.413,25.398,25.315,25.24,25.195,25.082,24.916,24.848,24.591,24.454,24.333,24.219,24.006,23.816,23.793,23.709,23.632,23.533,23.487,23.403,23.257,23.134,23.081,23.073,22.958,22.981,22.988,23.088,23.441,24.014,24.651,24.803,25.006,25.082,24.999,24.742,24.644,24.059,24.014,23.877,23.869,23.739,23.739,23.762,23.793,23.8,24.181,24.462,24.757,25.006,25.112,25.21,25.119,25.074,25.067,25.067,25.157,25.262,25.668,25.945,26.407,27.023,27.752,28.433,28.717,28.761,28.776,28.71,27.818,26.66,25.93,25.323,24.886,24.78,24.772,24.629,24.591,24.591,24.591,24.613,24.629,24.666,24.651,24.651,24.636,24.666,24.651,24.636,24.674,24.735,24.75,24.795,24.863,24.893,24.916,24.893,24.923,24.871,24.818,24.78,24.719,24.689,24.689,24.689,24.651,24.621,24.644,24.598,24.591,24.56,24.523,24.507,24.53,24.53,24.583,24.644,24.666,24.704,24.742,24.757,24.803,24.787,24.803,24.871,24.84,24.916,25.082,25.134,25.187,25.285,25.375,25.413,25.518,25.533,25.548,25.548,25.518,25.51,25.383,25.39,25.292,25.27,25.232,25.059,25.277,25.323,25.353,25.45,25.458,25.458,25.42,25.42,25.323,25.21,25.104,24.999,24.954,24.787,24.682,24.644,24.613,24.523,25.255,25.6,25.488,25.172,25.036,25.036,24.689,23.586,23.234,23.157,23.134,23.027,22.927,22.896,22.858,22.811,22.804,22.788,22.788,22.788,22.788,22.78,22.773,22.727,22.711,22.688,22.696,22.673,22.665,22.657,22.649,22.619,22.626,22.611,22.595,22.572,22.564,22.619,22.549,22.564,22.572,22.534,22.588,22.564,22.557,22.51,22.487,22.503,22.503,22.526,22.518,22.487,22.503,22.487,22.495,22.449,22.402,22.402,22.41,22.425,22.433,22.433,22.441,22.441,22.464,22.449,22.456,22.464,22.472,22.456,22.425,22.464,22.433,22.425,22.402,22.449,22.425,22.425,22.387,22.418
,22.116,22.116,22.116,22.1,22.1,22.108,22.084,22.084,22.1,22.1,22.092,22.092,22.092,22.108,22.108,22.139,22.139,22.131,22.123,22.123,22.123,22.116,22.131,22.123,22.139,22.178,22.154,22.147,22.147,22.147,22.123,22.116,22.131,22.139,22.147,22.154,22.131,22.185,22.193,22.201,22.24,22.201,22.216,22.224,22.201,22.209,22.209,22.216,22.193,22.247,22.263,22.271,22.247,22.247,22.255,22.271,22.294,22.263,22.286,22.294,22.294,22.332,22.332,22.34,22.387,22.348,22.41,22.387,22.379,22.387,22.356,22.379,22.348,22.348,22.356,22.387,22.394,22.371,22.394,22.379,22.387,22.41,22.41,22.425,22.425,22.425,22.425,22.41,22.449,22.449,22.487,22.487,22.503,22.526,22.526,22.526,22.526,22.557,22.541,22.564,22.595,22.588,22.649,22.665,22.688,22.765,22.78,23.096,23.701,24.674,25.225,25.27,25.615,25.623,25.728,25.788,25.78,25.81,25.847,25.862,25.818,25.84,25.728,25.48,25.255,25.149,25.052,24.984,24.984,25.036,25.112,25.323,25.458,25.518,25.57,25.405,25.39,25.308,25.27,25.127,25.127,24.954,24.855,24.871,24.81,24.689,24.659,24.515,24.454,24.386,24.371,24.348,24.371,24.416,24.485,24.568,24.689,24.81,24.923,24.916,24.984,24.923,24.878,24.833,24.765,24.772,24.682,24.553,24.56,24.538,24.598,24.598,24.629,24.674,24.742,24.787,24.938,24.931,24.999,25.014,25.044,25.044,25.067,25.104,25.149,25.277,25.39,25.435,25.518,25.743,25.855,25.847,25.87,25.84,25.72,25.698,25.57,25.473,25.495,25.202,24.969,24.5,24.31,23.953,23.854,23.846,23.854,23.968,23.998,24.173,24.553,24.916,26.243,26.124,25.825,25.69,25.488,25.42,25.375,25.368,25.405,25.503,25.585,25.675,25.675,25.93,25.989,25.915,25.855,25.795,25.705,25.638,25.51,25.473,25.413,25.368,25.323,25.27,25.27,25.112,25.134,25.082,25.165,25.202,25.232,25.24,25.27,25.255,25.232,25.21,25.165,25.142,25.104,25.089,25.029,25.089,25.097,25.21,25.353,25.555,25.713,25.84,25.989,26.139,26.496,26.712,26.674,26.763,26.392,25.87,25.45,25.006,24.833,24.56,24.204,24.037,23.869,23.701,23.907,23.983,24.644,25.383,27.289,31.157,34.672,35.174,35.229,35.243,35.291,35.284,35.311,35.359,35.435,35.476,35.469,35.476,35.455,35.407,35.373,35.222,35.154,35.057,34.899,34.817,34.769,34.727,34.727,34.693,34.665,34.686,34.713,34.603,34.472,34.431,34.417,34.403,34.375,34.375,34.361,34.292,34.216,34.119,34.057,34.029,34.002,33.988,33.995,33.988,34.008,34.022,34.064,34.105,34.112,34.182,34.265,34.313,34.334,34.396,34.444,34.534,34.617,34.672,34.782,34.803,34.817,34.769,34.057,29.76,27.745,27.008,26.63,26.429,26.213,26.124,26.116,26.094,26.057,26.042,26.034,26.027,26.034,26.057,25.75,24.333,24.021,23.739,23.655,23.693,23.602,23.571,23.556,23.617,23.861,23.983,23.991,24.029,24.021,24.021,23.991,23.983,23.953,23.96,24.014,24.128,24.189,24.287,24.295,24.356,24.325,24.295,24.257,24.341,24.318,24.568,24.923,25.247,25.42,25.428,25.473,25.428,25.368,25.285,25.187,25.119,24.931,24.666,24.583,24.401,24.249,24.029,23.945,23.869,23.755,23.655,23.609,23.533,23.548,23.296,23.265,23.173,23.073,23.004,23.027,22.988,22.981,22.988,23.288,23.93,24.689,24.81,24.954,24.969,24.923,24.848,24.636,24.447,24.021,23.945,23.831,23.747,23.686,23.671,23.739,23.762,24.135,24.507,24.908,25.104,25.134,25.308,25.127,25.134,25.089,25.082,25.21,25.488,25.615,25.96,26.087,26.667,27.458,27.884,28.615,28.747,28.739,28.586,27.679,26.674,26.019,25.638,25.074,24.803,24.689,24.689,24.56,24.56,24.545,24.56,24.598,24.568,24.651,24.606,24.621,24.591,24.621,24.629,24.621,24.613,24.659,24.712,24.787,24.803,24.855,24.84,24.84,24.855,24.78,24.742,24.742,24.689,24.651,24.682,24.644,24.659,24.606,24.621,24.583,24.576,24.545,24.515,24.538,24.606,24.629,24.712,24.727,24.742,24.765,24.772,24.818,24.855,24.84,24.855,24.893,24.961,25.082,25.172,25.195,25.277,25.323,25.383,25.48,25.51,25.518,25.473,25.488,25.368,25.36,25.323,25.285,25.262,25.225,25.232,25.24,25.285,25.323,25.413,25.413,25.42,25.443,25.345,25.285,25.202,25.082,24.916,24.803,24.719,24.629,24.636,24.613,24.659,25.308,25.698,25.578,25.3,25.134,25.052,25.029,24.151,23.372,23.234,23.173,22.996,22.958,22.919,22.858,22.811,22.804,22.804,22.796,22.788,22.788,22.78,22.75,22.75,22.719,22.673,22.673,22.688,22.649,22.665,22.649,22.634,22.634,22.611,22.603,22.549,22.595,22.564,22.557,22.526,22.564,22.557,22.564,22.549,22.534,22.518,22.487,22.495,22.495,22.487,22.472,22.503,22.51,22.495,22.441,22.449,22.418,22.425,22.41,22.356,22.441,22.449,22.441,22.425,22.425,22.433,22.441,22.464,22.456,22.464,22.425,22.449,22.456,22.418,22.456,22.418,22.464,22.441,22.402,22.402
,22.116,22.116,22.116,22.092,22.092,22.077,22.092,22.108,22.1,22.1,22.092,22.084,22.092,22.108,22.116,22.116,22.131,22.139,22.123,22.123,22.123,22.116,22.139,22.131,22.139,22.116,22.154,22.147,22.147,22.139,22.123,22.139,22.139,22.123,22.162,22.162,22.154,22.154,22.185,22.185,22.209,22.209,22.209,22.247,22.216,22.201,22.216,22.209,22.209,22.247,22.294,22.247,22.263,22.255,22.255,22.294,22.263,22.271,22.294,22.294,22.309,22.332,22.325,22.332,22.371,22.371,22.363,22.387,22.394,22.394,22.363,22.371,22.394,22.394,22.394,22.402,22.402,22.433,22.402,22.379,22.402,22.418,22.433,22.441,22.449,22.449,22.433,22.425,22.487,22.503,22.487,22.526,22.526,22.518,22.534,22.518,22.564,22.572,22.611,22.619,22.665,22.665,22.711,22.727,22.75,23.226,23.579,24.583,24.803,25.315,25.292,25.638,25.66,25.713,25.758,25.818,25.795,25.765,25.81,25.847,25.698,25.585,25.48,25.345,25.149,25.097,24.961,24.984,25.006,25.021,25.172,25.353,25.503,25.608,25.66,25.563,25.563,25.435,25.375,25.247,25.134,25.097,25.082,24.999,24.878,24.75,24.674,24.576,24.485,24.401,24.401,24.371,24.371,24.424,24.485,24.598,24.659,24.833,24.855,24.878,24.863,24.833,24.825,24.765,24.689,24.719,24.576,24.515,24.5,24.523,24.576,24.583,24.674,24.742,24.78,24.871,24.976,25.021,25.014,25.029,25.044,25.029,25.067,25.112,25.119,25.21,25.308,25.398,25.503,25.668,25.765,25.803,25.81,25.78,25.683,25.668,25.533,25.405,25.413,25.202,24.757,24.409,24.295,23.93,23.831,23.823,23.831,23.808,23.938,24.12,24.371,25.563,26.228,26.183,25.96,25.788,25.645,25.555,25.63,25.48,25.555,25.54,25.668,25.892,25.885,25.922,26.049,26.004,25.907,25.877,25.638,25.578,25.54,25.45,25.39,25.39,25.338,25.277,25.232,25.089,25.074,25.074,25.097,25.119,25.165,25.187,25.172,25.24,25.232,25.225,25.187,25.172,25.149,25.082,25.089,25.059,24.999,25.187,25.458,25.345,25.533,25.675,25.795,25.922,26.116,26.392,26.481,26.704,26.459,26.146,25.788,25.18,24.878,24.401,24.242,23.854,23.579,23.594,23.648,23.945,24.242,24.961,25.855,28.346,32.697,35.112,35.208,35.222,35.277,35.291,35.304,35.346,35.4,35.462,35.455,35.469,35.476,35.441,35.414,35.38,35.167,35.064,34.996,34.913,34.81,34.748,34.727,34.707,34.665,34.645,34.658,34.52,34.444,34.403,34.389,34.368,34.348,34.313,34.32,34.279,34.168,34.14,34.092,34.029,33.995,33.988,33.988,34.002,33.995,34.036,34.022,34.099,34.14,34.209,34.272,34.341,34.348,34.451,34.479,34.569,34.548,34.748,34.782,34.831,34.803,34.52,31.675,28.367,27.097,26.838,26.392,26.243,26.124,26.131,26.087,26.057,26.042,26.042,26.034,26.027,25.997,25.353,24.447,23.755,23.671,23.64,23.571,23.571,23.579,23.564,23.625,23.846,23.976,23.998,24.021,24.037,24.021,23.983,23.983,23.93,23.93,23.915,23.998,24.166,24.257,24.348,24.379,24.363,24.386,24.325,24.379,24.409,24.409,24.674,24.969,25.338,25.42,25.465,25.518,25.435,25.458,25.368,25.18,25.119,24.946,24.833,24.636,24.515,24.234,24.151,23.938,23.831,23.793,23.709,23.594,23.541,23.472,23.296,23.18,23.127,23.096,23.019,22.981,22.942,22.95,23.027,23.426,23.8,24.545,24.689,24.916,24.984,24.984,24.825,24.712,24.303,23.93,23.915,23.777,23.709,23.693,23.671,23.663,23.724,24.211,24.553,24.946,25.345,25.36,25.33,25.247,25.24,25.112,25.119,25.24,25.39,25.645,25.825,26.004,26.437,26.889,27.862,28.397,28.674,28.696,28.659,27.862,27.148,26.37,25.765,25.172,24.787,24.727,24.56,24.583,24.53,24.523,24.5,24.523,24.56,24.568,24.583,24.583,24.515,24.56,24.53,24.53,24.598,24.583,24.682,24.697,24.712,24.742,24.757,24.742,24.712,24.682,24.704,24.697,24.674,24.651,24.644,24.636,24.651,24.644,24.621,24.568,24.568,24.538,24.523,24.538,24.591,24.682,24.757,24.787,24.757,24.825,24.825,24.855,24.863,24.863,24.886,24.908,24.976,25.044,25.149,25.172,25.247,25.285,25.353,25.405,25.458,25.428,25.42,25.413,25.405,25.345,25.315,25.27,25.232,25.217,25.232,25.225,25.247,25.292,25.383,25.39,25.435,25.375,25.36,25.338,25.202,25.089,24.818,24.81,24.621,24.644,24.583,24.545,24.591,25.059,25.57,25.645,25.533,25.247,25.157,25.052,24.644,23.686,23.349,23.242,23.034,23.065,22.965,22.904,22.842,22.811,22.796,22.78,22.78,22.78,22.773,22.788,22.734,22.703,22.711,22.68,22.696,22.68,22.665,22.68,22.673,22.649,22.611,22.58,22.603,22.572,22.58,22.572,22.549,22.549,22.557,22.557,22.557,22.549,22.518,22.51,22.503,22.487,22.518,22.479,22.51,22.51,22.472,22.472,22.449,22.41,22.433,22.402,22.41,22.425,22.433,22.433,22.433,22.449,22.433,22.472,22.456,22.472,22.487,22.464,22.464,22.472,22.425,22.456,22.449,22.441,22.433,22.41,22.41
,22.116,22.108,22.108,22.1,22.084,22.092,22.084,22.1,22.116,22.1,22.084,22.069,22.084,22.116,22.123,22.108,22.123,22.116,22.131,22.139,22.139,22.139,22.116,22.131,22.092,22.147,22.154,22.154,22.162,22.131,22.131,22.147,22.116,22.116,22.147,22.154,22.131,22.17,22.178,22.185,22.193,22.224,22.193,22.193,22.224,22.232,22.216,22.224,22.24,22.224,22.255,22.263,22.286,22.302,22.286,22.294,22.286,22.294,22.317,22.302,22.309,22.325,22.325,22.309,22.348,22.356,22.379,22.402,22.394,22.379,22.387,22.379,22.379,22.387,22.402,22.41,22.418,22.425,22.402,22.394,22.402,22.41,22.449,22.456,22.456,22.449,22.472,22.479,22.472,22.51,22.518,22.534,22.534,22.51,22.541,22.526,22.564,22.603,22.595,22.619,22.649,22.68,22.719,22.788,23.173,23.854,24.651,24.961,25.345,25.473,25.623,25.668,25.69,25.758,25.795,25.773,25.765,25.75,25.705,25.69,25.525,25.51,25.428,25.24,25.052,24.961,24.946,24.946,24.969,25.052,25.217,25.39,25.57,25.638,25.705,25.683,25.6,25.51,25.45,25.323,25.292,25.262,25.127,25.119,25.059,24.946,24.818,24.666,24.576,24.485,24.424,24.371,24.379,24.394,24.47,24.576,24.621,24.666,24.787,24.84,24.825,24.742,24.682,24.651,24.659,24.644,24.583,24.538,24.462,24.492,24.485,24.53,24.697,24.772,24.886,24.946,24.999,25.014,25.029,25.036,25.021,25.021,25.029,25.036,25.112,25.195,25.3,25.405,25.458,25.525,25.675,25.765,25.743,25.758,25.66,25.57,25.488,25.33,25.172,24.946,24.803,24.485,24.166,24.021,23.838,23.808,23.846,23.823,23.899,24.196,24.325,25.9,26.28,26.221,26.116,25.758,25.668,25.63,25.623,25.578,25.713,25.803,25.96,25.975,25.997,26.079,26.064,25.982,25.975,25.765,25.69,25.72,25.488,25.405,25.405,25.375,25.33,25.3,25.112,25.097,25.029,25.021,24.961,25.014,25.067,25.082,25.067,25.217,25.157,25.202,25.172,25.165,25.157,25.082,25.052,24.999,24.991,25.044,25.127,25.255,25.285,25.443,25.57,25.743,25.795,25.855,26.213,26.474,26.318,26.206,25.825,25.323,24.893,24.538,24.128,23.831,23.693,23.617,23.533,23.831,24.006,24.507,25.368,26.763,29.443,33.459,35.16,35.215,35.27,35.298,35.304,35.366,35.373,35.435,35.455,35.476,35.469,35.441,35.393,35.332,35.119,35.105,34.968,34.892,34.851,34.755,34.7,34.679,34.651,34.645,34.562,34.438,34.417,34.368,34.355,34.355,34.279,34.279,34.251,34.258,34.168,34.105,34.057,34.008,33.981,33.967,33.967,33.981,33.974,33.995,34.008,34.057,34.126,34.154,34.237,34.299,34.375,34.424,34.562,34.596,34.741,34.789,34.789,34.81,34.713,32.515,28.768,27.244,26.63,26.578,26.221,26.161,26.139,26.079,26.057,26.012,26.019,25.997,25.907,25.615,25.112,24.636,23.739,23.686,23.602,23.609,23.632,23.617,23.64,23.609,23.945,23.991,24.014,24.006,24.029,24.014,23.983,23.953,23.922,23.899,23.938,23.907,23.968,24.173,24.348,24.356,24.379,24.424,24.545,24.5,24.439,24.477,24.606,24.969,25.119,25.413,25.503,25.495,25.518,25.518,25.435,25.368,25.202,25.036,24.999,24.825,24.689,24.568,24.257,24.097,23.945,23.831,23.762,23.663,23.586,23.518,23.449,23.395,23.257,23.165,23.065,23.011,22.988,22.965,22.942,23.011,23.364,23.938,24.432,24.674,24.901,24.878,24.863,24.81,24.704,24.485,24.151,23.892,23.732,23.632,23.648,23.617,23.663,23.739,24.029,24.568,25.255,25.353,25.398,25.375,25.368,25.165,25.119,25.134,25.195,25.36,25.533,25.788,25.982,26.392,26.771,27.51,27.877,28.63,28.608,28.543,27.987,27.281,26.511,25.885,25.27,24.787,24.666,24.553,24.5,24.492,24.485,24.485,24.507,24.523,24.5,24.492,24.507,24.492,24.485,24.485,24.439,24.515,24.56,24.591,24.636,24.636,24.659,24.682,24.659,24.613,24.644,24.636,24.613,24.606,24.613,24.629,24.644,24.621,24.576,24.553,24.53,24.553,24.553,24.538,24.553,24.53,24.621,24.704,24.757,24.825,24.855,24.84,24.84,24.863,24.886,24.916,24.938,24.991,25.104,25.134,25.195,25.27,25.323,25.345,25.345,25.36,25.383,25.39,25.353,25.33,25.33,25.262,25.285,25.262,25.232,25.21,25.21,25.24,25.27,25.315,25.383,25.39,25.33,25.3,25.21,25.217,25.134,24.825,24.75,24.674,24.538,24.538,24.515,24.644,24.765,25.675,25.623,25.57,25.533,25.21,25.014,24.908,23.998,23.433,23.326,23.111,23.019,22.95,22.873,22.873,22.827,22.804,22.78,22.788,22.788,22.757,22.742,22.719,22.727,22.711,22.68,22.665,22.68,22.665,22.673,22.68,22.634,22.626,22.541,22.588,22.564,22.572,22.564,22.557,22.534,22.557,22.557,22.541,22.541,22.51,22.495,22.495,22.472,22.495,22.495,22.487,22.503,22.472,22.449,22.456,22.425,22.425,22.418,22.41,22.418,22.394,22.41,22.402,22.402,22.425,22.479,22.456,22.503,22.495,22.472,22.441,22.456,22.418,22.464,22.449,22.449,22.449,22.464,22.449
,22.123,22.123,22.108,22.1,22.053,22.131,22.1,22.108,22.108,22.108,22.116,22.123,22.108,22.108,22.123,22.1,22.116,22.123,22.139,22.139,22.147,22.123,22.131,22.084,22.131,22.123,22.17,22.147,22.162,22.131,22.123,22.108,22.108,22.139,22.147,22.123,22.147,22.162,22.209,22.185,22.201,22.24,22.24,22.24,22.216,22.224,22.216,22.232,22.232,22.232,22.271,22.255,22.294,22.302,22.302,22.302,22.309,22.302,22.309,22.302,22.302,22.317,22.317,22.332,22.356,22.356,22.363,22.379,22.379,22.394,22.394,22.394,22.387,22.394,22.394,22.41,22.441,22.441,22.394,22.394,22.418,22.449,22.479,22.464,22.479,22.472,22.487,22.51,22.526,22.541,22.534,22.549,22.541,22.534,22.526,22.526,22.58,22.611,22.649,22.711,22.765,22.734,22.888,23.219,24.151,24.538,24.991,25.443,25.623,25.66,25.728,25.728,25.758,25.773,25.773,25.78,25.705,25.728,25.638,25.563,25.578,25.398,25.285,25.165,25.036,25.014,24.901,24.976,24.991,25.089,25.18,25.33,25.578,25.63,25.803,25.825,25.728,25.54,25.578,25.465,25.413,25.383,25.353,25.292,25.18,25.112,24.916,24.704,24.666,24.545,24.416,24.394,24.401,24.386,24.424,24.538,24.613,24.735,24.825,24.757,24.75,24.666,24.651,24.629,24.553,24.53,24.47,24.47,24.485,24.447,24.53,24.583,24.712,24.81,24.871,24.954,25.036,25.021,25.044,25.044,25.021,25.021,25.021,25.059,25.127,25.187,25.247,25.323,25.51,25.555,25.57,25.713,25.765,25.69,25.653,25.548,25.45,25.33,25.172,25.052,24.772,24.5,23.983,23.93,23.831,23.777,23.823,23.892,23.945,24.272,24.485,26.146,26.466,26.198,26.094,25.93,25.795,25.877,25.862,25.788,25.862,26.012,26.116,26.124,26.101,26.101,26.101,25.922,25.877,25.81,25.773,25.615,25.465,25.413,25.375,25.353,25.3,25.285,25.195,24.999,24.946,24.923,24.954,24.901,24.976,24.938,25.036,25.014,25.082,25.112,25.18,25.165,25.142,25.097,25.067,25.021,25.006,25.014,25.006,25.067,25.127,25.277,25.24,25.405,25.615,25.645,25.735,26.012,26.087,26.116,26.124,25.518,25.067,24.591,24.265,24.067,23.907,23.564,23.609,23.655,23.968,24.371,25.157,25.795,27.642,31.157,34.589,35.215,35.229,35.284,35.291,35.366,35.373,35.393,35.387,35.421,35.421,35.428,35.421,35.373,35.346,35.112,35.119,34.906,34.872,34.81,34.748,34.686,34.672,34.658,34.52,34.472,34.382,34.279,34.244,34.279,34.292,34.258,34.251,34.175,34.092,34.085,34.05,34.002,33.96,33.946,33.946,33.939,33.953,33.967,34.022,34.036,34.092,34.119,34.216,34.313,34.368,34.451,34.589,34.569,34.693,34.741,34.741,34.796,34.154,29.825,27.362,26.719,26.414,26.355,26.191,26.072,26.079,26.057,25.989,25.855,25.698,25.51,25.405,25.074,24.545,24.037,23.64,23.609,23.586,23.602,23.602,23.632,23.617,23.976,23.983,24.014,24.021,24.029,24.014,23.938,23.93,23.899,23.884,23.854,23.884,23.907,23.998,24.135,24.318,24.401,24.439,24.515,24.515,24.553,24.583,24.621,24.727,24.991,25.097,25.413,25.51,25.563,25.555,25.518,25.458,25.375,25.3,25.21,24.961,24.772,24.666,24.477,24.211,24.097,23.991,23.854,23.716,23.686,23.594,23.556,23.426,23.41,23.257,23.127,23.05,23.027,23.004,22.942,22.95,22.958,23.081,23.838,24.538,24.704,24.848,24.84,24.855,24.75,24.697,24.568,24.249,24.12,23.686,23.64,23.609,23.602,23.632,23.678,23.953,24.712,25.134,25.39,25.413,25.405,25.315,25.247,25.142,25.217,25.21,25.48,25.608,25.728,25.975,26.385,26.919,27.546,28.207,28.521,28.608,28.506,27.958,27.259,26.407,25.818,25.165,24.75,24.606,24.545,24.507,24.462,24.47,24.454,24.47,24.477,24.447,24.462,24.454,24.492,24.454,24.416,24.424,24.394,24.409,24.462,24.606,24.636,24.621,24.636,24.613,24.629,24.591,24.568,24.568,24.583,24.576,24.56,24.583,24.583,24.56,24.462,24.507,24.56,24.538,24.538,24.56,24.583,24.598,24.659,24.742,24.818,24.818,24.833,24.863,24.886,24.886,24.886,24.938,25.029,25.089,25.127,25.165,25.27,25.292,25.353,25.33,25.368,25.368,25.345,25.3,25.315,25.277,25.277,25.277,25.262,25.225,25.195,25.172,25.119,25.097,25.255,25.36,25.383,25.338,25.315,25.27,25.18,24.976,24.825,24.591,24.553,24.583,24.568,24.659,24.742,24.75,25.458,25.728,25.72,25.405,25.315,25.021,24.946,24.833,23.899,23.433,23.104,23.081,23.027,22.95,22.873,22.85,22.811,22.788,22.796,22.773,22.727,22.711,22.719,22.711,22.703,22.68,22.673,22.673,22.665,22.68,22.657,22.642,22.626,22.58,22.58,22.564,22.564,22.557,22.541,22.534,22.549,22.541,22.541,22.534,22.518,22.503,22.518,22.479,22.479,22.495,22.472,22.472,22.503,22.464,22.472,22.456,22.479,22.433,22.418,22.425,22.41,22.425,22.464,22.402,22.402,22.425,22.456,22.479,22.495,22.472,22.479,22.456,22.464,22.433,22.449,22.456,22.433,22.433,22.449
,22.139,22.123,22.116,22.084,22.108,22.116,22.1,22.108,22.108,22.108,22.123,22.108,22.116,22.116,22.1,22.084,22.1,22.116,22.123,22.139,22.139,22.131,22.123,22.108,22.092,22.147,22.154,22.139,22.147,22.108,22.1,22.077,22.131,22.131,22.139,22.131,22.17,22.162,22.178,22.185,22.216,22.224,22.201,22.224,22.201,22.216,22.216,22.232,22.232,22.224,22.247,22.255,22.263,22.309,22.302,22.302,22.309,22.302,22.302,22.309,22.309,22.317,22.317,22.356,22.325,22.356,22.363,22.371,22.356,22.387,22.379,22.394,22.379,22.394,22.394,22.402,22.402,22.379,22.402,22.402,22.425,22.433,22.456,22.456,22.479,22.495,22.479,22.51,22.526,22.541,22.564,22.541,22.541,22.541,22.518,22.541,22.642,22.626,22.688,22.719,22.773,22.773,23.502,24.037,24.833,25.029,25.435,25.578,25.668,25.75,25.773,25.728,25.773,25.773,25.765,25.75,25.758,25.638,25.533,25.533,25.473,25.443,25.33,25.18,25.074,25.044,24.931,24.969,25.014,25.044,25.119,25.413,25.45,25.72,25.832,25.885,25.862,25.818,25.63,25.683,25.533,25.488,25.345,25.405,25.285,25.255,25.142,24.931,24.697,24.492,24.424,24.416,24.409,24.386,24.462,24.485,24.583,24.689,24.606,24.674,24.598,24.636,24.598,24.591,24.606,24.515,24.439,24.394,24.394,24.439,24.523,24.712,24.719,24.818,24.931,24.954,25.014,25.029,25.059,25.021,25.021,25.021,25.014,24.999,25.104,25.172,25.24,25.36,25.48,25.473,25.608,25.645,25.668,25.638,25.585,25.533,25.458,25.39,25.172,24.954,24.78,24.477,24.014,23.831,23.8,23.838,23.8,23.869,23.938,24.386,24.954,26.325,26.504,26.34,26.206,26.042,26.012,25.952,25.915,25.975,26.079,26.087,26.101,26.139,26.146,26.131,26.087,26.034,25.915,25.773,25.713,25.518,25.398,25.383,25.345,25.323,25.3,25.202,25.044,24.908,24.84,24.735,24.803,24.833,24.81,24.878,24.946,24.984,25.052,25.089,25.127,25.134,25.149,25.127,25.089,25.044,25.014,24.946,24.931,24.976,25.014,25.142,25.134,25.277,25.345,25.413,25.458,25.66,25.638,25.78,25.653,25.6,25.338,24.923,24.53,24.303,24.09,23.77,23.709,23.747,23.96,24.523,25.067,25.885,26.771,28.776,32,34.92,35.222,35.284,35.284,35.346,35.393,35.407,35.393,35.428,35.441,35.455,35.4,35.284,35.346,35.284,35.016,35.016,34.954,34.837,34.796,34.727,34.7,34.631,34.589,34.444,34.403,34.265,34.23,34.195,34.161,34.189,34.168,34.154,34.092,34.064,34.015,33.995,33.953,33.932,33.925,33.925,33.939,33.953,33.981,34.029,34.05,34.105,34.306,34.361,34.472,34.527,34.582,34.645,34.686,34.727,34.755,34.748,32.078,27.892,26.756,26.385,26.161,25.982,26.139,25.952,25.788,25.518,25.383,24.999,25.014,24.818,25.036,24.56,24.462,23.747,23.594,23.586,23.609,23.64,23.709,23.716,23.922,23.907,23.968,23.998,23.983,24.014,23.953,23.922,23.846,23.869,23.846,23.816,23.877,23.884,24.014,24.173,24.325,24.394,24.477,24.553,24.591,24.697,24.674,24.825,25.021,25.112,25.262,25.533,25.54,25.563,25.555,25.548,25.48,25.428,25.315,25.157,24.946,24.863,24.712,24.515,24.295,24.067,23.938,23.831,23.739,23.64,23.571,23.518,23.487,23.426,23.364,23.234,23.104,23.034,22.973,22.934,22.958,23.073,23.073,23.762,24.409,24.697,24.818,24.848,24.84,24.757,24.674,24.568,24.189,23.831,23.716,23.701,23.602,23.617,23.617,23.655,24.128,24.515,25.157,25.443,25.458,25.45,25.383,25.18,25.172,25.308,25.27,25.465,25.6,25.72,26.079,26.392,26.934,27.789,28.097,28.346,28.411,28.36,27.914,27.311,26.444,25.96,25.608,24.855,24.644,24.477,24.47,24.447,24.416,24.424,24.447,24.409,24.432,24.416,24.409,24.401,24.379,24.356,24.318,24.333,24.379,24.47,24.507,24.56,24.56,24.56,24.576,24.56,24.56,24.553,24.545,24.545,24.515,24.5,24.523,24.485,24.5,24.432,24.454,24.485,24.545,24.583,24.613,24.636,24.629,24.697,24.727,24.803,24.84,24.825,24.848,24.886,24.886,24.908,24.946,24.991,25.074,25.134,25.187,25.262,25.323,25.323,25.345,25.353,25.338,25.315,25.292,25.27,25.262,25.24,25.24,25.247,25.262,25.202,25.134,24.961,25.059,25.127,25.119,25.308,25.323,25.323,25.232,25.082,24.901,24.78,24.674,24.53,24.545,24.538,24.795,25.052,25.059,25.225,25.698,25.698,25.6,25.338,25.029,24.961,24.893,23.945,23.464,23.18,23.081,23.011,22.95,22.942,22.842,22.819,22.827,22.804,22.804,22.78,22.742,22.711,22.688,22.703,22.688,22.68,22.657,22.68,22.665,22.673,22.68,22.649,22.611,22.572,22.564,22.572,22.557,22.549,22.541,22.549,22.541,22.541,22.541,22.534,22.51,22.503,22.51,22.495,22.495,22.495,22.51,22.479,22.487,22.464,22.456,22.449,22.425,22.425,22.425,22.418,22.433,22.449,22.41,22.402,22.464,22.464,22.479,22.487,22.441,22.449,22.449,22.41,22.487,22.464,22.456,22.456,22.464,22.456
,22.147,22.123,22.154,22.123,22.116,22.131,22.1,22.116,22.092,22.1,22.131,22.131,22.131,22.116,22.116,22.147,22.108,22.116,22.116,22.123,22.131,22.116,22.077,22.108,22.108,22.131,22.131,22.147,22.116,22.092,22.069,22.108,22.123,22.123,22.131,22.131,22.178,22.193,22.209,22.201,22.216,22.201,22.201,22.185,22.216,22.216,22.216,22.224,22.232,22.24,22.255,22.263,22.255,22.286,22.302,22.294,22.302,22.302,22.309,22.309,22.302,22.325,22.325,22.356,22.371,22.371,22.379,22.356,22.371,22.363,22.387,22.371,22.387,22.379,22.394,22.363,22.387,22.402,22.387,22.41,22.425,22.456,22.464,22.456,22.479,22.472,22.51,22.526,22.534,22.549,22.557,22.526,22.541,22.549,22.541,22.58,22.619,22.634,22.657,22.742,22.858,23.861,24.219,24.515,25.112,25.187,25.488,25.638,25.728,25.795,25.75,25.803,25.78,25.795,25.773,25.735,25.728,25.623,25.555,25.495,25.465,25.413,25.323,25.089,25.21,25.052,24.961,24.999,24.991,25.044,25.112,25.443,25.435,25.832,25.825,25.93,25.96,25.9,25.75,25.555,25.548,25.548,25.48,25.57,25.345,25.338,25.24,25.067,24.78,24.621,24.5,24.379,24.386,24.394,24.409,24.439,24.5,24.53,24.515,24.447,24.47,24.477,24.47,24.56,24.47,24.394,24.424,24.348,24.356,24.394,24.507,24.629,24.742,24.772,24.871,24.931,24.999,25.014,25.059,25.021,25.006,25.014,25.021,25.052,25.104,25.134,25.24,25.315,25.428,25.525,25.555,25.608,25.63,25.608,25.593,25.503,25.39,25.225,25.187,25.014,24.795,24.47,23.915,23.762,23.77,23.793,23.823,23.838,23.945,24.219,25.014,26.652,26.37,26.414,26.34,26.258,26.124,26.198,26.124,26.109,26.176,26.236,26.191,26.206,26.221,26.146,26.109,26.049,25.915,25.668,25.578,25.42,25.383,25.345,25.308,25.277,25.24,25.217,24.931,24.81,24.757,24.689,24.682,24.75,24.848,24.855,24.923,25.006,24.991,25.074,25.089,25.119,25.142,25.097,25.082,25.089,24.999,24.946,24.916,24.923,24.908,24.976,24.946,25.059,25.225,25.3,25.195,25.285,25.518,25.42,25.48,25.45,25.292,25.134,24.84,24.5,24.341,24.09,23.869,23.96,24.196,24.871,25.119,25.892,26.704,27.642,29.825,33.089,35.25,35.229,35.318,35.352,35.366,35.393,35.421,35.428,35.435,35.448,35.428,35.407,35.346,35.243,35.243,35.071,34.968,34.892,34.803,34.755,34.707,34.658,34.582,34.382,34.32,34.251,34.202,34.147,34.119,34.133,34.147,34.099,34.071,34.043,33.988,33.988,33.939,33.918,33.904,33.911,33.918,33.939,33.988,34.002,34.071,34.147,34.348,34.396,34.451,34.534,34.582,34.631,34.686,34.707,34.72,33.585,29.059,26.912,26.183,26.042,25.862,25.847,25.525,25.225,25.059,24.923,24.682,24.712,24.606,24.682,24.666,24.341,23.793,23.602,23.556,23.579,23.64,23.678,23.785,23.831,23.991,23.998,24.044,24.014,23.953,23.938,23.922,23.854,23.831,23.77,23.816,23.755,23.739,23.869,23.93,24.052,24.318,24.477,24.568,24.576,24.629,24.704,24.855,24.901,25.134,25.323,25.405,25.488,25.548,25.585,25.57,25.54,25.48,25.458,25.36,25.187,25.036,24.787,24.613,24.507,24.348,24.151,24.037,23.869,23.793,23.709,23.648,23.533,23.502,23.403,23.326,23.211,23.142,23.058,23.034,22.965,22.973,22.973,23.081,23.747,24.158,24.576,24.818,24.848,24.818,24.787,24.545,24.5,24.265,23.93,23.755,23.609,23.579,23.586,23.564,23.663,24.105,24.644,25.3,25.495,25.51,25.518,25.45,25.225,25.187,25.308,25.435,25.608,25.743,25.93,26.183,26.548,27.037,27.583,28.199,28.273,28.353,28.338,27.892,27.48,26.845,26.027,25.33,24.833,24.712,24.53,24.409,24.439,24.386,24.394,24.416,24.409,24.386,24.386,24.356,24.333,24.356,24.303,24.318,24.31,24.31,24.379,24.432,24.485,24.515,24.507,24.545,24.545,24.53,24.53,24.507,24.523,24.5,24.485,24.47,24.416,24.386,24.386,24.409,24.492,24.576,24.591,24.697,24.666,24.651,24.712,24.757,24.803,24.833,24.833,24.848,24.833,24.886,24.855,24.923,24.984,25.044,25.149,25.338,25.338,25.36,25.345,25.375,25.33,25.308,25.285,25.27,25.262,25.217,25.247,25.217,25.232,25.157,25.097,25.097,24.961,24.886,24.976,25.225,25.18,25.292,25.27,25.104,25.021,24.855,24.712,24.598,24.492,24.523,24.606,25.036,25.082,25.006,25.097,25.75,25.892,25.623,25.495,25.052,25.029,24.999,24.818,23.541,23.173,23.096,23.004,22.973,22.958,22.881,22.858,22.85,22.788,22.773,22.765,22.75,22.719,22.703,22.711,22.703,22.711,22.673,22.665,22.68,22.68,22.673,22.619,22.611,22.572,22.564,22.564,22.564,22.534,22.564,22.557,22.541,22.549,22.541,22.549,22.526,22.495,22.487,22.456,22.456,22.464,22.51,22.464,22.472,22.487,22.441,22.425,22.425,22.418,22.425,22.425,22.433,22.418,22.441,22.394,22.495,22.464,22.472,22.464,22.402,22.449,22.441,22.425,22.425,22.464,22.425,22.479,22.464,22.456
,22.131,22.123,22.123,22.123,22.131,22.123,22.131,22.123,22.123,22.116,22.131,22.131,22.123,22.116,22.123,22.139,22.116,22.1,22.108,22.108,22.116,22.1,22.108,22.108,22.116,22.139,22.139,22.116,22.116,22.1,22.123,22.108,22.092,22.162,22.17,22.193,22.185,22.17,22.201,22.232,22.201,22.193,22.193,22.185,22.178,22.209,22.216,22.209,22.232,22.232,22.24,22.271,22.271,22.286,22.294,22.302,22.302,22.309,22.309,22.317,22.309,22.309,22.325,22.294,22.371,22.363,22.371,22.34,22.363,22.379,22.363,22.41,22.387,22.394,22.394,22.387,22.387,22.394,22.41,22.418,22.425,22.456,22.456,22.464,22.487,22.479,22.51,22.534,22.534,22.564,22.58,22.572,22.564,22.564,22.603,22.611,22.665,22.757,22.896,23.004,23.945,24.272,24.523,24.908,25.262,25.51,25.63,25.728,25.765,25.818,25.78,25.855,25.803,25.818,25.803,25.75,25.728,25.638,25.548,25.488,25.398,25.39,25.3,25.134,25.112,25.074,25.036,25.021,25.059,25.059,25.149,25.292,25.548,25.84,25.937,25.997,26.004,25.997,25.877,25.818,25.675,25.608,25.713,25.615,25.593,25.39,25.338,25.165,24.954,24.697,24.492,24.447,24.394,24.325,24.379,24.401,24.394,24.318,24.348,24.341,24.401,24.454,24.424,24.454,24.432,24.371,24.31,24.356,24.31,24.454,24.492,24.553,24.644,24.795,24.803,24.886,24.991,24.991,25.021,25.014,24.999,25.029,25.044,25.067,25.119,25.187,25.277,25.285,25.45,25.51,25.548,25.578,25.6,25.563,25.548,25.435,25.383,25.292,25.127,25.059,24.787,24.356,23.869,23.701,23.709,23.732,23.785,23.846,24.029,24.409,25.525,26.771,26.682,26.504,26.459,26.325,26.362,26.288,26.258,26.243,26.295,26.265,26.258,26.28,26.176,26.161,26.116,25.997,25.937,25.623,25.465,25.42,25.338,25.308,25.27,25.232,25.217,25.074,24.757,24.712,24.712,24.613,24.674,24.682,24.833,24.81,24.893,24.946,24.999,25.044,25.074,25.134,25.119,25.127,25.112,25.097,25.059,25.014,24.938,24.893,24.886,24.878,24.916,25.021,24.999,25.021,25.074,25.285,25.413,25.345,25.42,25.285,25.277,25.157,25.097,24.878,24.795,24.606,24.394,24.606,24.757,25.059,25.458,25.975,26.622,27.097,28.309,30.486,34.182,35.14,35.298,35.366,35.332,35.38,35.414,35.435,35.441,35.455,35.448,35.428,35.407,35.366,35.256,35.229,35.044,34.913,34.913,34.803,34.782,34.679,34.624,34.424,34.299,34.251,34.209,34.14,34.126,34.133,34.112,34.105,34.05,34.029,34.015,33.96,33.974,33.939,33.904,33.925,33.918,33.946,33.988,34.05,34.085,34.223,34.32,34.424,34.438,34.52,34.589,34.603,34.651,34.658,34.043,30.801,27.148,26.236,25.683,24.961,24.787,24.697,24.674,24.666,24.5,24.477,24.432,24.416,24.394,24.507,24.265,23.8,23.648,23.556,23.632,23.716,23.785,23.838,23.938,23.96,24.021,24.037,23.998,24.021,23.915,23.899,23.823,23.808,23.755,23.755,23.716,23.693,23.716,23.747,23.96,24.067,24.432,24.538,24.545,24.682,24.719,24.787,24.976,25.18,25.247,25.435,25.503,25.555,25.585,25.608,25.585,25.563,25.495,25.428,25.315,25.232,25.014,24.75,24.651,24.424,24.401,24.135,24.075,23.922,23.854,23.724,23.632,23.548,23.525,23.426,23.341,23.234,23.142,23.05,23.027,22.996,22.996,22.965,23.034,23.349,23.922,24.606,24.803,24.84,24.833,24.803,24.719,24.416,24.135,24.044,23.732,23.686,23.648,23.541,23.586,23.579,24.006,24.833,25.473,25.623,25.668,25.585,25.473,25.413,25.338,25.375,25.593,25.69,25.989,26.124,26.399,26.86,27.141,27.635,28.185,28.207,28.331,28.316,28.177,27.443,26.704,25.952,25.405,24.938,24.78,24.568,24.356,24.386,24.371,24.379,24.386,24.363,24.371,24.348,24.295,24.287,24.28,24.242,24.242,24.211,24.28,24.333,24.379,24.447,24.485,24.492,24.492,24.492,24.538,24.523,24.523,24.53,24.454,24.477,24.439,24.394,24.401,24.409,24.439,24.5,24.553,24.689,24.81,24.765,24.825,24.803,24.765,24.81,24.825,24.825,24.818,24.863,24.84,24.833,24.886,24.946,25.044,25.127,25.232,25.405,25.383,25.375,25.383,25.39,25.315,25.308,25.255,25.225,25.232,25.18,25.18,25.195,25.202,25.172,25.134,25.014,24.878,24.984,25.006,25.18,25.142,25.18,25.104,24.878,24.787,24.886,24.553,24.447,24.568,24.682,25.134,25.195,25.119,25.104,25.705,25.952,25.885,25.315,25.165,25.052,25.021,24.908,24.097,23.288,23.173,23.065,23.004,22.973,22.896,22.873,22.827,22.811,22.788,22.75,22.742,22.719,22.734,22.711,22.734,22.688,22.688,22.688,22.688,22.673,22.673,22.649,22.611,22.611,22.588,22.564,22.557,22.534,22.541,22.518,22.541,22.526,22.549,22.534,22.557,22.557,22.51,22.456,22.464,22.487,22.479,22.503,22.51,22.479,22.464,22.472,22.418,22.402,22.418,22.41,22.425,22.418,22.402,22.51,22.479,22.456,22.464,22.433,22.433,22.425,22.456,22.456,22.441,22.495,22.479,22.464,22.449,22.418
,22.123,22.116,22.116,22.116,22.1,22.108,22.1,22.077,22.108,22.116,22.123,22.131,22.123,22.123,22.116,22.108,22.1,22.084,22.046,22.084,22.1,22.092,22.1,22.1,22.108,22.139,22.116,22.123,22.1,22.123,22.108,22.123,22.131,22.139,22.178,22.147,22.17,22.193,22.193,22.201,22.185,22.178,22.185,22.185,22.185,22.201,22.201,22.201,22.216,22.24,22.24,22.24,22.247,22.255,22.278,22.271,22.294,22.294,22.294,22.309,22.302,22.309,22.309,22.302,22.356,22.34,22.348,22.379,22.371,22.34,22.348,22.348,22.371,22.402,22.402,22.394,22.387,22.41,22.41,22.425,22.418,22.441,22.479,22.449,22.464,22.487,22.503,22.526,22.534,22.557,22.541,22.564,22.557,22.541,22.603,22.634,22.657,22.719,23.058,23.93,24.158,24.394,24.727,25.165,25.42,25.555,25.675,25.78,25.773,25.803,25.818,25.825,25.832,25.81,25.818,25.773,25.698,25.585,25.51,25.443,25.36,25.315,25.21,25.18,25.089,25.036,24.999,25.006,25.044,25.074,25.112,25.3,25.48,25.9,25.952,26.004,26.034,26.019,25.937,25.937,25.825,25.78,25.743,25.728,25.608,25.51,25.518,25.247,25.074,24.969,24.591,24.5,24.379,24.341,24.363,24.31,24.287,24.257,24.272,24.265,24.295,24.356,24.371,24.371,24.356,24.287,24.219,24.295,24.303,24.341,24.432,24.568,24.644,24.659,24.757,24.833,24.84,24.969,24.976,24.976,25.021,25.006,25.036,25.059,25.097,25.157,25.247,25.315,25.443,25.48,25.503,25.54,25.563,25.555,25.495,25.42,25.33,25.232,25.127,25.059,24.651,24.006,23.846,23.671,23.693,23.709,23.747,23.823,23.938,24.689,25.997,26.838,26.823,26.741,26.63,26.385,26.377,26.362,26.288,26.288,26.288,26.295,26.243,26.191,26.154,26.139,25.967,25.922,25.713,25.548,25.405,25.36,25.308,25.24,25.217,25.172,25.036,24.855,24.78,24.553,24.56,24.576,24.583,24.659,24.666,24.765,24.893,24.923,24.984,25.082,25.097,25.127,25.149,25.134,25.127,25.089,25.067,25.044,24.984,24.931,24.886,24.84,24.818,24.833,24.901,24.886,25.059,25.067,24.969,24.976,25.119,25.067,25.059,24.976,24.916,24.84,24.818,24.795,24.795,24.863,24.991,25.24,25.645,25.952,26.347,26.912,27.657,28.943,31.993,34.961,35.277,35.291,35.373,35.393,35.428,35.414,35.441,35.448,35.448,35.448,35.414,35.38,35.346,35.25,35.16,35.03,34.954,34.851,34.775,34.645,34.562,34.368,34.313,34.209,34.161,34.133,34.112,34.105,34.092,34.092,34.036,34.022,34.002,33.988,33.932,33.96,33.939,33.904,33.897,33.946,33.995,34.022,34.099,34.189,34.285,34.375,34.451,34.493,34.534,34.479,34.022,33.411,31.249,27.495,25.728,24.901,24.689,24.333,24.272,24.204,24.28,24.363,24.265,24.097,23.991,23.922,23.93,23.838,23.686,23.594,23.579,23.617,23.785,23.838,23.884,24.021,24.021,24.006,24.037,24.006,23.991,23.983,23.861,23.831,23.701,23.716,23.678,23.64,23.671,23.648,23.655,23.678,23.747,24.029,24.348,24.591,24.606,24.621,24.787,24.772,24.984,25.119,25.338,25.435,25.51,25.578,25.593,25.608,25.615,25.585,25.533,25.413,25.323,25.149,24.923,24.803,24.697,24.432,24.242,24.105,23.945,23.846,23.793,23.716,23.632,23.617,23.541,23.403,23.38,23.272,23.119,23.05,22.988,22.988,22.981,23.019,23.034,23.41,23.983,24.621,24.787,24.848,24.833,24.803,24.704,24.386,24.227,23.945,23.709,23.739,23.571,23.502,23.495,23.686,24.173,24.833,25.518,25.69,25.728,25.623,25.51,25.428,25.443,25.51,25.578,25.788,26.049,26.28,26.652,26.771,27.089,27.642,27.811,28.038,28.199,28.177,28.038,27.502,26.652,26.221,25.525,24.863,24.682,24.538,24.447,24.341,24.341,24.28,24.287,24.341,24.318,24.333,24.257,24.196,24.196,24.227,24.166,24.135,24.135,24.257,24.31,24.416,24.462,24.447,24.492,24.47,24.523,24.507,24.53,24.5,24.5,24.454,24.416,24.379,24.341,24.356,24.416,24.507,24.629,24.772,24.886,24.863,24.848,24.855,24.81,24.848,24.84,24.81,24.81,24.795,24.803,24.787,24.863,24.84,24.931,25.089,25.315,25.33,25.39,25.428,25.375,25.353,25.345,25.24,25.255,25.232,25.217,25.195,25.165,25.187,25.187,25.142,25.157,25.014,24.886,24.84,24.901,24.961,25.029,25.006,25.021,24.954,24.629,24.636,24.401,24.447,24.447,24.553,25.292,25.315,25.149,25.127,25.232,25.892,25.758,25.63,25.555,25.104,24.938,25.036,24.878,23.556,23.203,23.058,23.034,22.958,22.911,22.873,22.834,22.804,22.796,22.78,22.757,22.75,22.742,22.742,22.711,22.734,22.711,22.688,22.68,22.688,22.696,22.619,22.626,22.611,22.595,22.564,22.564,22.534,22.549,22.526,22.51,22.541,22.58,22.503,22.572,22.51,22.503,22.479,22.464,22.495,22.479,22.441,22.472,22.472,22.433,22.441,22.402,22.41,22.402,22.387,22.41,22.472,22.503,22.479,22.495,22.472,22.433,22.425,22.41,22.433,22.441,22.418,22.472,22.449,22.433,22.472,22.425,22.387
,22.1,22.092,22.092,22.092,22.1,22.053,22.084,22.092,22.092,22.1,22.131,22.139,22.131,22.123,22.1,22.116,22.108,22.077,22.092,22.1,22.084,22.084,22.092,22.069,22.108,22.108,22.131,22.116,22.116,22.123,22.147,22.123,22.154,22.139,22.17,22.17,22.154,22.209,22.201,22.17,22.17,22.162,22.162,22.178,22.17,22.193,22.193,22.201,22.209,22.216,22.224,22.255,22.263,22.255,22.255,22.247,22.294,22.325,22.302,22.317,22.302,22.302,22.294,22.302,22.332,22.371,22.348,22.387,22.363,22.379,22.34,22.371,22.363,22.387,22.402,22.402,22.402,22.41,22.418,22.425,22.433,22.402,22.433,22.387,22.479,22.487,22.51,22.526,22.549,22.572,22.58,22.549,22.588,22.634,22.611,22.727,22.757,23.088,23.831,24.249,24.356,24.644,25.006,25.315,25.473,25.623,25.728,25.788,25.788,25.847,25.855,25.9,25.9,25.832,25.825,25.743,25.683,25.608,25.518,25.443,25.353,25.33,25.195,25.165,25.067,25.021,24.976,24.976,25.021,25.021,25.202,25.262,25.45,25.81,25.862,25.989,26.079,26.101,26.012,25.937,25.877,25.84,25.84,25.795,25.69,25.615,25.593,25.6,25.202,25.059,24.689,24.523,24.477,24.363,24.348,24.28,24.287,24.166,24.204,24.211,24.242,24.272,24.257,24.303,24.303,24.28,24.28,24.249,24.287,24.257,24.409,24.492,24.545,24.56,24.712,24.765,24.901,24.961,24.931,24.991,24.991,25.006,25.021,25.082,25.142,25.18,25.247,25.383,25.42,25.45,25.503,25.533,25.525,25.503,25.413,25.323,25.262,25.24,25.112,24.916,24.553,23.96,23.922,23.663,23.701,23.709,23.755,23.831,23.976,24.765,26.689,26.919,26.956,26.867,26.786,26.533,26.452,26.399,26.362,26.318,26.273,26.258,26.243,26.191,26.146,26.042,25.945,25.683,25.713,25.488,25.375,25.308,25.255,25.202,25.172,25.067,24.848,24.636,24.598,24.515,24.545,24.538,24.545,24.613,24.651,24.712,24.848,24.908,24.999,25.074,25.112,25.142,25.149,25.157,25.127,25.097,25.074,25.052,24.976,24.954,24.893,24.825,24.84,24.825,24.833,24.818,24.908,24.863,24.818,24.901,24.81,24.818,24.787,24.795,24.78,24.84,24.946,24.923,25.127,25.119,25.285,25.45,25.698,26.042,26.34,26.808,27.362,27.767,29.955,33.25,35.105,35.311,35.346,35.373,35.4,35.421,35.428,35.435,35.448,35.448,35.448,35.421,35.38,35.332,35.236,35.051,34.996,34.968,34.713,34.679,34.624,34.389,34.32,34.23,34.168,34.133,34.119,34.105,34.092,34.057,34.05,34.015,33.995,33.974,33.967,33.939,33.87,33.856,33.932,33.939,34.05,34.043,34.099,34.202,34.23,34.112,33.738,33.418,32.543,31.228,29.645,27.649,26.31,25.247,24.795,24.424,24.09,24.158,24.135,24.09,24.075,24.052,24.044,23.938,23.846,23.777,23.701,23.739,23.579,23.602,23.632,23.716,23.838,23.892,23.953,24.029,24.029,24.029,24.014,24.029,23.907,23.892,23.823,23.716,23.716,23.693,23.625,23.602,23.586,23.617,23.617,23.617,23.777,24.204,24.5,24.576,24.644,24.719,24.75,24.976,25.021,25.21,25.345,25.42,25.465,25.6,25.638,25.608,25.623,25.608,25.503,25.39,25.27,25.112,24.878,24.757,24.636,24.507,24.257,24.075,23.968,23.884,23.785,23.732,23.663,23.594,23.617,23.495,23.326,23.249,23.119,23.05,23.027,22.996,23.004,23.011,23.073,23.242,23.884,24.409,24.682,24.742,24.818,24.765,24.712,24.234,24.006,23.968,23.846,23.533,23.487,23.502,23.449,23.479,24.082,24.78,25.495,25.698,25.735,25.623,25.555,25.503,25.488,25.63,25.93,26.183,26.355,26.57,26.622,26.778,26.778,27.222,27.738,27.914,28.075,28.148,27.958,27.495,26.793,26.28,25.63,24.803,24.674,24.56,24.386,24.325,24.28,24.204,24.265,24.257,24.242,24.249,24.211,24.173,24.128,24.105,24.082,24.097,24.105,24.143,24.325,24.363,24.432,24.447,24.477,24.447,24.477,24.492,24.53,24.515,24.477,24.454,24.348,24.325,24.318,24.341,24.401,24.47,24.583,24.848,24.931,24.984,24.961,24.908,24.863,24.871,24.863,24.81,24.78,24.772,24.757,24.757,24.795,24.78,24.833,24.901,25.142,25.33,25.405,25.383,25.413,25.533,25.323,25.308,25.225,25.202,25.157,25.149,25.165,25.142,25.142,25.089,25.089,25.014,24.923,24.787,24.81,24.84,24.871,24.999,24.893,24.735,24.613,24.523,24.454,24.31,24.363,24.591,25.435,25.473,25.285,25.134,25.232,25.93,25.84,25.66,25.232,25.082,25.014,24.984,24.765,24.151,23.541,23.096,22.996,22.965,22.911,22.865,22.865,22.804,22.773,22.75,22.78,22.734,22.75,22.742,22.727,22.711,22.703,22.703,22.673,22.703,22.619,22.611,22.626,22.595,22.595,22.588,22.526,22.549,22.526,22.51,22.534,22.541,22.495,22.503,22.526,22.487,22.51,22.487,22.472,22.456,22.449,22.51,22.441,22.487,22.418,22.41,22.425,22.402,22.387,22.394,22.418,22.425,22.472,22.464,22.487,22.464,22.425,22.402,22.394,22.379,22.41,22.402,22.433,22.449,22.425,22.433,22.41,22.387
,22.077,22.077,22.084,22.077,22.1,22.108,22.092,22.092,22.108,22.116,22.131,22.116,22.116,22.092,22.108,22.084,22.084,22.053,22.053,22.092,22.069,22.092,22.1,22.108,22.116,22.123,22.123,22.123,22.123,22.131,22.147,22.17,22.154,22.162,22.185,22.193,22.185,22.193,22.17,22.17,22.154,22.147,22.154,22.201,22.185,22.209,22.185,22.178,22.209,22.209,22.232,22.24,22.24,22.247,22.255,22.271,22.255,22.302,22.317,22.309,22.309,22.286,22.271,22.286,22.302,22.34,22.263,22.34,22.363,22.363,22.371,22.394,22.402,22.387,22.418,22.41,22.425,22.433,22.402,22.433,22.402,22.441,22.464,22.433,22.526,22.487,22.503,22.534,22.557,22.572,22.58,22.626,22.611,22.657,22.688,22.727,23.127,24.09,24.204,24.379,24.636,24.81,25.142,25.473,25.54,25.623,25.645,25.765,25.795,25.885,25.892,25.892,25.915,25.87,25.803,25.743,25.668,25.608,25.473,25.413,25.375,25.323,25.27,25.142,25.044,25.014,24.976,24.961,24.984,25.089,25.127,25.398,25.338,25.623,25.84,26.004,26.109,26.109,26.079,26.019,25.937,25.93,25.9,25.892,25.788,25.795,25.75,25.488,25.18,25.036,24.712,24.507,24.485,24.386,24.325,24.333,24.257,24.158,24.166,24.143,24.158,24.158,24.249,24.234,24.227,24.234,24.211,24.211,24.249,24.265,24.31,24.47,24.507,24.598,24.651,24.712,24.863,24.886,24.931,24.984,24.991,24.984,25.021,25.082,25.134,25.232,25.36,25.338,25.398,25.435,25.473,25.465,25.495,25.473,25.33,25.345,25.262,25.202,25.029,24.886,24.56,23.953,23.701,23.678,23.686,23.701,23.762,23.823,23.869,24.825,26.882,27.141,27.067,26.934,26.719,26.578,26.466,26.422,26.385,26.31,26.251,26.258,26.228,26.124,26.087,26.064,25.945,25.788,25.638,25.465,25.315,25.308,25.24,25.165,25.082,24.886,24.644,24.606,24.507,24.439,24.477,24.485,24.523,24.56,24.613,24.674,24.855,24.923,25.059,25.059,25.127,25.142,25.165,25.157,25.127,25.112,25.089,25.029,24.999,24.991,24.938,24.863,24.848,24.803,24.803,24.78,24.787,24.78,24.803,24.742,24.727,24.727,24.689,24.712,24.719,24.795,24.893,25.029,25.127,25.285,25.473,25.578,25.989,26.198,26.318,26.674,27.089,27.723,28.236,30.084,33.891,35.298,35.359,35.366,35.366,35.393,35.435,35.435,35.441,35.448,35.428,35.414,35.359,35.339,35.181,35.119,35.092,34.989,34.899,34.803,34.686,34.444,34.299,34.244,34.175,34.154,34.119,34.105,34.092,34.092,34.036,34.029,34.002,33.967,33.946,33.877,33.863,33.891,33.897,33.918,33.995,33.974,33.647,33.299,32.515,31.05,29.58,28.426,27.237,26.161,25.668,25.014,24.84,24.553,24.044,24.059,24.075,24.037,23.983,23.945,23.8,23.846,23.877,23.762,23.732,23.564,23.609,23.609,23.579,23.64,23.724,23.8,23.877,23.93,24.059,24.075,24.075,24.037,24.006,23.953,23.869,23.816,23.724,23.671,23.571,23.548,23.525,23.518,23.533,23.525,23.564,23.564,23.648,24.09,24.523,24.674,24.735,24.78,24.81,24.991,25.127,25.292,25.413,25.495,25.54,25.57,25.63,25.623,25.615,25.593,25.555,25.36,25.247,25.097,24.886,24.765,24.636,24.303,24.348,24.021,23.922,23.823,23.777,23.701,23.701,23.594,23.579,23.502,23.418,23.249,23.127,23.073,22.973,23.004,23.011,23.027,23.073,23.234,23.395,24.371,24.689,24.772,24.757,24.787,24.477,24.295,23.945,23.861,23.785,23.487,23.495,23.464,23.426,23.449,24.059,24.757,25.488,25.743,25.81,25.75,25.57,25.533,25.555,25.87,26.161,26.288,26.496,26.637,26.667,26.726,26.845,27.089,27.554,27.848,28.119,28.031,27.899,27.495,27.067,26.392,25.788,24.855,24.712,24.538,24.424,24.341,24.249,24.242,24.211,24.234,24.219,24.204,24.166,24.158,24.12,24.082,24.067,24.067,24.075,24.143,24.166,24.318,24.272,24.432,24.454,24.477,24.477,24.523,24.53,24.477,24.454,24.379,24.325,24.341,24.325,24.363,24.416,24.568,24.576,24.946,25.014,25.059,25.036,24.999,24.916,24.871,24.803,24.78,24.712,24.75,24.727,24.719,24.742,24.787,24.78,24.833,25.142,25.308,25.353,25.42,25.33,25.345,25.292,25.217,25.232,25.24,25.119,25.097,25.134,25.112,25.112,25.127,25.127,25.021,24.863,24.772,24.765,24.719,24.886,24.719,24.765,24.697,24.613,24.515,24.363,24.31,24.295,24.644,25.54,25.525,25.503,25.187,25.149,25.9,25.84,25.758,25.525,25.217,24.954,24.991,24.901,24.53,23.464,23.134,23.096,22.981,22.904,22.896,22.834,22.819,22.804,22.773,22.773,22.742,22.765,22.75,22.727,22.711,22.673,22.68,22.719,22.611,22.619,22.595,22.603,22.595,22.58,22.564,22.541,22.549,22.526,22.51,22.503,22.518,22.495,22.518,22.51,22.472,22.51,22.487,22.472,22.472,22.472,22.495,22.464,22.479,22.449,22.464,22.387,22.402,22.41,22.402,22.433,22.418,22.441,22.441,22.472,22.449,22.41,22.402,22.402,22.41,22.402,22.433,22.456,22.472,22.425,22.402,22.425,22.348
,22.061,22.084,22.061,22.092,22.061,22.061,22.084,22.092,22.108,22.123,22.1,22.108,22.084,22.092,22.069,22.077,22.092,22.092,22.077,22.084,22.092,22.092,22.123,22.116,22.123,22.154,22.092,22.108,22.123,22.131,22.131,22.17,22.178,22.147,22.193,22.162,22.17,22.162,22.17,22.17,22.178,22.162,22.17,22.209,22.209,22.185,22.209,22.193,22.201,22.201,22.224,22.232,22.232,22.24,22.247,22.278,22.255,22.294,22.294,22.309,22.325,22.309,22.294,22.309,22.302,22.332,22.348,22.356,22.371,22.379,22.356,22.387,22.394,22.379,22.402,22.418,22.441,22.433,22.418,22.433,22.425,22.41,22.425,22.472,22.495,22.518,22.495,22.526,22.557,22.564,22.58,22.611,22.649,22.711,22.757,23.196,24.014,24.318,24.447,24.727,24.878,24.908,25.157,25.413,25.495,25.6,25.72,25.78,25.847,25.922,25.96,25.945,25.937,25.915,25.877,25.765,25.638,25.563,25.458,25.428,25.398,25.285,25.247,25.134,25.119,25.044,24.969,24.954,24.969,24.999,25.187,25.413,25.375,25.525,25.683,25.885,26.064,26.109,26.124,26.154,26.034,25.93,25.937,25.922,25.892,25.892,25.795,25.683,25.383,24.984,24.818,24.613,24.492,24.477,24.424,24.363,24.227,24.12,24.12,24.105,24.135,24.158,24.166,24.211,24.196,24.219,24.211,24.166,24.204,24.219,24.31,24.371,24.409,24.56,24.629,24.666,24.704,24.938,24.931,24.984,24.999,25.014,25.021,25.082,25.157,25.232,25.262,25.3,25.375,25.413,25.443,25.443,25.42,25.375,25.345,25.255,25.172,25.082,25.029,24.659,24.12,23.93,23.693,23.671,23.648,23.655,23.8,23.869,24.135,25.202,27.156,27.119,27.037,26.838,26.771,26.57,26.518,26.429,26.347,26.288,26.176,26.228,26.109,26.072,26.004,25.93,25.683,25.615,25.488,25.368,25.27,25.225,25.165,25.134,25.021,24.84,24.523,24.432,24.416,24.401,24.416,24.454,24.492,24.538,24.545,24.674,24.84,24.901,25.021,25.089,25.119,25.149,25.149,25.134,25.142,25.134,25.097,25.036,25.021,24.991,24.976,24.931,24.863,24.833,24.81,24.787,24.765,24.757,24.757,24.704,24.704,24.651,24.636,24.636,24.651,24.727,24.81,24.938,25.134,25.27,25.413,25.548,25.967,26.161,26.243,26.667,27.17,27.561,27.833,28.95,31.057,34.133,35.332,35.359,35.373,35.38,35.421,35.441,35.448,35.428,35.462,35.441,35.4,35.298,35.222,35.16,35.057,35.044,34.954,34.803,34.596,34.417,34.368,34.32,34.189,34.154,34.126,34.099,34.126,34.085,34.071,34.029,33.967,33.946,33.807,33.842,33.828,33.675,33.445,33.32,32.304,31.292,29.732,28.499,27.502,26.466,25.945,25.645,25.097,24.886,24.538,24.439,24.257,24.166,24.006,23.899,23.907,23.831,23.869,23.777,23.747,23.732,23.64,23.594,23.579,23.541,23.571,23.625,23.663,23.739,23.739,23.793,23.945,24.059,24.09,24.075,24.044,24.029,23.976,23.93,23.762,23.709,23.686,23.579,23.51,23.479,23.472,23.441,23.426,23.487,23.525,23.594,23.663,24.143,24.523,24.712,24.757,24.795,24.901,24.991,25.277,25.383,25.39,25.473,25.585,25.585,25.623,25.63,25.615,25.548,25.465,25.36,25.285,25.074,24.893,24.735,24.651,24.507,24.31,24.059,23.922,23.816,23.762,23.747,23.686,23.64,23.594,23.495,23.395,23.303,23.18,23.111,23.027,23.027,23.034,23.027,23.111,23.165,23.364,24.303,24.553,24.712,24.636,24.689,24.621,24.356,23.998,23.93,23.686,23.518,23.456,23.449,23.41,23.449,23.922,24.5,25.51,25.773,25.78,25.75,25.72,25.623,25.975,26.236,26.518,26.57,26.556,26.645,26.667,26.712,26.778,26.889,27.517,27.686,27.965,28.009,27.767,27.325,26.971,26.362,25.683,24.923,24.666,24.545,24.409,24.325,24.257,24.196,24.196,24.181,24.196,24.166,24.135,24.143,24.082,24.067,24.052,24.044,24.037,24.143,24.166,24.28,24.348,24.394,24.485,24.5,24.507,24.515,24.477,24.485,24.492,24.432,24.379,24.325,24.325,24.363,24.401,24.462,24.727,24.984,25.044,25.127,25.082,25.036,24.991,24.923,24.878,24.818,24.772,24.727,24.704,24.704,24.712,24.719,24.75,24.803,25.067,25.202,25.21,25.345,25.277,25.285,25.21,25.195,25.149,25.104,25.112,25.127,25.089,25.074,25.134,25.074,25.052,25.052,24.772,24.735,24.621,24.75,24.735,24.674,24.689,24.674,24.621,24.515,24.249,24.333,24.287,24.356,25.525,25.593,25.638,25.443,25.067,25.855,25.945,25.788,25.6,25.413,24.984,24.923,24.976,24.825,23.869,23.426,23.127,23.004,22.904,22.904,22.858,22.827,22.804,22.804,22.78,22.742,22.765,22.757,22.734,22.727,22.688,22.649,22.649,22.619,22.603,22.588,22.588,22.572,22.588,22.58,22.549,22.541,22.526,22.518,22.534,22.526,22.526,22.51,22.503,22.495,22.503,22.495,22.487,22.487,22.464,22.449,22.472,22.449,22.425,22.441,22.441,22.402,22.41,22.394,22.394,22.418,22.41,22.433,22.441,22.425,22.449,22.418,22.472,22.394,22.433,22.479,22.441,22.433,22.456,22.418,22.418,22.332
,22.061,22.069,22.053,22.069,22.084,22.069,22.077,22.1,22.131,22.116,22.123,22.116,22.116,22.108,22.092,22.1,22.092,22.1,22.1,22.108,22.092,22.108,22.123,22.116,22.123,22.131,22.116,22.092,22.108,22.092,22.131,22.147,22.17,22.185,22.17,22.139,22.178,22.154,22.17,22.185,22.17,22.178,22.185,22.193,22.209,22.201,22.216,22.216,22.224,22.224,22.224,22.24,22.232,22.24,22.232,22.263,22.255,22.271,22.309,22.325,22.348,22.294,22.294,22.302,22.34,22.34,22.348,22.363,22.348,22.348,22.387,22.387,22.387,22.387,22.425,22.425,22.433,22.433,22.425,22.425,22.425,22.418,22.472,22.472,22.472,22.526,22.526,22.564,22.549,22.588,22.595,22.68,22.688,22.773,22.942,23.808,24.348,24.439,24.545,24.84,24.84,24.991,25.21,25.488,25.57,25.683,25.705,25.87,25.915,25.945,25.982,25.989,25.975,25.937,25.915,25.788,25.683,25.585,25.518,25.465,25.375,25.36,25.247,25.18,25.036,25.014,24.923,24.923,24.954,25.021,25.165,25.187,25.225,25.443,25.555,25.81,26.094,26.109,26.139,26.161,26.146,26.004,25.967,25.96,25.952,25.907,25.877,25.795,25.368,25.074,25.021,24.682,24.598,24.553,24.462,24.386,24.325,24.173,24.105,24.09,24.097,24.135,24.181,24.196,24.196,24.196,24.196,24.181,24.151,24.196,24.28,24.287,24.447,24.523,24.56,24.651,24.757,24.886,24.931,24.976,24.984,25.021,25.089,25.112,25.21,25.172,25.255,25.292,25.368,25.383,25.398,25.405,25.398,25.375,25.345,25.262,25.134,25.014,24.946,24.515,24.128,23.854,23.747,23.701,23.678,23.663,23.663,23.915,24.5,25.758,27.2,27.163,27.023,26.749,26.912,26.608,26.496,26.414,26.288,26.265,26.198,26.116,26.094,26.019,25.9,25.847,25.743,25.585,25.48,25.353,25.308,25.142,25.134,25.112,24.878,24.689,24.454,24.379,24.409,24.379,24.386,24.401,24.454,24.523,24.53,24.757,24.863,24.908,25.059,25.127,25.127,25.127,25.127,25.127,25.142,25.119,25.067,25.044,25.006,24.991,24.991,24.969,24.923,24.878,24.825,24.825,24.787,24.757,24.727,24.682,24.651,24.613,24.598,24.583,24.621,24.651,24.787,24.871,24.923,25.127,25.345,25.345,25.63,25.915,26.273,26.548,27.03,27.399,27.708,28.273,29.066,31.093,34.334,35.352,35.373,35.387,35.4,35.421,35.435,35.428,35.421,35.393,35.325,35.304,35.277,35.263,35.078,35.002,34.975,34.886,34.603,34.555,34.368,34.299,34.189,34.147,34.133,34.126,34.14,34.05,34.002,33.953,33.884,33.243,32.753,32.113,31.604,30.422,29.544,28.572,27.613,26.786,26.258,25.593,25.443,25.036,24.961,24.712,24.583,24.545,24.424,24.234,24.097,24.021,23.953,23.701,23.846,23.586,23.64,23.594,23.617,23.556,23.564,23.564,23.625,23.571,23.655,23.678,23.716,23.724,23.793,24.097,24.196,24.181,24.105,24.082,24.014,23.96,23.884,23.823,23.716,23.609,23.51,23.479,23.479,23.418,23.426,23.395,23.418,23.418,23.449,23.541,23.632,23.816,24.424,24.697,24.742,24.803,24.931,25.104,25.345,25.398,25.458,25.503,25.555,25.593,25.615,25.623,25.6,25.578,25.563,25.413,25.292,25.134,25.029,24.712,24.613,24.386,24.204,24.082,23.915,23.846,23.777,23.732,23.686,23.602,23.579,23.479,23.456,23.28,23.203,23.134,23.088,23.042,23.027,23.011,23.05,23.119,23.441,23.831,24.409,24.53,24.644,24.598,24.583,24.409,23.991,23.838,23.701,23.548,23.433,23.395,23.433,23.441,23.671,24.735,25.773,25.855,25.945,25.922,25.795,25.9,26.146,26.385,26.593,26.622,26.608,26.637,26.63,26.697,26.793,26.949,27.414,27.76,27.848,27.943,27.899,27.554,26.771,26.288,25.818,25.052,24.591,24.454,24.416,24.31,24.265,24.242,24.166,24.166,24.166,24.151,24.113,24.082,24.075,24.052,24.044,24.021,24.044,24.021,24.09,24.234,24.272,24.447,24.5,24.47,24.507,24.538,24.485,24.515,24.454,24.386,24.363,24.325,24.325,24.348,24.462,24.621,24.855,25.044,25.142,25.217,25.277,25.24,25.247,24.938,24.863,24.795,24.765,24.719,24.697,24.682,24.651,24.674,24.682,24.757,25.059,25.142,25.345,25.292,25.172,25.18,25.097,25.127,25.059,25.044,25.18,25.119,25.082,25.014,25.097,25.097,25.089,25.006,24.81,24.735,24.674,24.606,24.591,24.712,24.613,24.629,24.47,24.219,24.318,24.181,24.211,24.538,25.713,25.728,25.578,25.383,25.059,25.615,25.84,25.758,25.705,25.315,24.961,24.901,24.938,24.908,24.629,23.387,23.173,23.034,23.027,22.958,22.888,22.865,22.827,22.788,22.773,22.727,22.75,22.742,22.727,22.711,22.673,22.649,22.642,22.603,22.619,22.572,22.588,22.58,22.603,22.564,22.58,22.58,22.564,22.549,22.534,22.541,22.549,22.518,22.503,22.495,22.503,22.503,22.495,22.503,22.472,22.464,22.464,22.425,22.456,22.41,22.441,22.456,22.394,22.41,22.394,22.41,22.418,22.41,22.425,22.464,22.441,22.449,22.449,22.449,22.41,22.441,22.418,22.441,22.464,22.456,22.433,22.425
,22.046,22.046,22.1,22.069,22.061,22.077,22.108,22.077,22.1,22.092,22.116,22.108,22.1,22.116,22.1,22.092,22.092,22.077,22.1,22.108,22.116,22.139,22.139,22.139,22.116,22.116,22.116,22.092,22.1,22.1,22.123,22.154,22.162,22.162,22.17,22.162,22.17,22.178,22.178,22.178,22.185,22.185,22.193,22.201,22.209,22.209,22.209,22.216,22.224,22.232,22.232,22.24,22.247,22.247,22.247,22.247,22.263,22.278,22.294,22.317,22.325,22.332,22.317,22.317,22.294,22.325,22.332,22.356,22.348,22.363,22.363,22.371,22.402,22.402,22.425,22.433,22.449,22.456,22.418,22.425,22.425,22.418,22.456,22.464,22.487,22.518,22.526,22.557,22.572,22.595,22.665,22.688,22.711,23.257,24.021,24.037,24.447,24.439,24.84,24.946,25.052,25.195,25.405,25.51,25.638,25.623,25.78,25.84,25.915,25.96,25.975,25.975,25.967,25.96,25.922,25.832,25.66,25.555,25.533,25.413,25.36,25.413,25.255,25.202,25.067,24.984,24.916,24.908,24.916,24.969,24.984,25.142,25.172,25.435,25.54,25.645,26.049,26.161,26.161,26.161,26.161,26.072,26.027,26.004,25.982,25.945,25.915,25.803,25.593,25.149,25.014,24.848,24.787,24.538,24.53,24.553,24.356,24.196,24.09,24.059,24.029,24.128,24.158,24.196,24.204,24.189,24.166,24.158,24.135,24.166,24.204,24.242,24.348,24.5,24.591,24.719,24.787,24.886,24.923,24.976,25.006,25.029,25.052,25.142,25.112,25.195,25.247,25.285,25.292,25.338,25.353,25.375,25.368,25.353,25.3,25.225,25.134,25.036,24.84,24.318,24.059,23.846,23.747,23.709,23.663,23.701,23.739,23.892,24.659,26.823,27.163,27.163,26.963,26.867,26.712,26.6,26.459,26.444,26.273,26.161,26.176,26.042,26.012,25.96,25.862,25.825,25.735,25.533,25.383,25.262,25.247,25.074,25.052,24.893,24.742,24.666,24.439,24.341,24.325,24.333,24.363,24.386,24.409,24.477,24.5,24.81,24.848,25.014,25.044,25.104,25.089,25.104,25.104,25.104,25.142,25.112,25.044,24.984,25.014,24.999,24.999,24.991,24.969,24.931,24.908,24.863,24.795,24.75,24.75,24.689,24.659,24.613,24.591,24.606,24.644,24.727,24.727,24.848,24.931,25.059,25.157,25.353,25.413,25.698,26.042,26.206,26.347,26.934,27.229,27.738,27.906,29.146,32.746,34.555,34.824,35.366,35.346,35.366,35.352,35.38,35.407,35.366,35.339,35.332,35.263,35.208,35.126,35.071,34.982,34.989,34.569,34.493,34.382,34.168,34.154,34.14,34.071,33.71,33.682,32.957,32.43,31.477,30.565,29.276,28.236,27.407,27.207,26.704,26.474,25.72,25.3,25.292,25.097,24.991,24.863,24.84,24.727,24.659,24.507,24.394,24.189,24.097,24.021,23.998,23.739,23.625,23.51,23.495,23.51,23.502,23.479,23.541,23.586,23.655,23.64,23.732,23.716,23.747,23.785,23.808,23.983,24.303,24.31,24.211,24.166,24.143,23.998,23.915,23.823,23.762,23.663,23.579,23.571,23.449,23.418,23.395,23.387,23.364,23.372,23.364,23.426,23.495,23.602,24.067,24.613,24.78,24.818,24.863,25.142,25.232,25.383,25.375,25.45,25.518,25.578,25.608,25.615,25.615,25.555,25.54,25.353,25.353,25.3,24.991,24.969,24.697,24.606,24.287,24.219,24.181,23.96,23.922,23.823,23.755,23.678,23.632,23.541,23.525,23.41,23.326,23.196,23.142,23.081,23.034,23.027,23.019,23.027,23.096,23.418,23.671,24.333,24.523,24.613,24.651,24.53,24.363,23.998,23.846,23.724,23.609,23.487,23.41,23.418,23.418,23.464,24.318,25.795,26.019,25.997,25.96,26.049,26.176,26.526,26.652,26.615,26.578,26.6,26.593,26.585,26.689,26.8,26.941,27.488,27.679,27.811,27.95,27.833,27.392,26.667,26.228,25.765,25.112,24.606,24.409,24.356,24.28,24.204,24.158,24.158,24.135,24.105,24.113,24.097,24.067,24.067,24.029,24.014,24.014,23.983,24.052,24.113,24.227,24.265,24.379,24.485,24.5,24.5,24.538,24.477,24.477,24.447,24.386,24.348,24.341,24.325,24.371,24.462,24.742,24.893,25.089,25.217,25.3,25.3,25.338,25.27,25.036,24.908,24.84,24.818,24.704,24.697,24.606,24.629,24.651,24.689,24.704,24.901,25.089,25.097,25.172,25.165,25.067,24.946,24.991,25.006,25.021,25.052,25.157,25.059,25.082,25.044,25.112,25.097,25.036,24.954,24.772,24.583,24.545,24.56,24.523,24.553,24.545,24.485,24.394,24.151,24.128,24.044,24.363,25.72,25.847,25.563,25.292,25.029,25.187,25.855,25.818,25.743,25.39,25.044,24.984,24.961,24.863,24.659,23.922,23.341,23.05,22.996,22.965,22.934,22.865,22.85,22.765,22.78,22.734,22.734,22.742,22.696,22.742,22.673,22.673,22.611,22.619,22.619,22.603,22.603,22.588,22.58,22.58,22.58,22.572,22.557,22.572,22.541,22.564,22.564,22.518,22.51,22.51,22.503,22.51,22.503,22.503,22.464,22.479,22.472,22.441,22.441,22.41,22.41,22.472,22.449,22.41,22.433,22.402,22.425,22.418,22.433,22.394,22.449,22.41,22.464,22.425,22.449,22.449,22.449,22.472,22.503,22.479,22.456,22.441
,22.038,22.069,22.046,22.046,22.092,22.069,22.077,22.1,22.092,22.092,22.092,22.139,22.084,22.108,22.131,22.084,22.1,22.108,22.1,22.123,22.1,22.108,22.123,22.139,22.123,22.116,22.077,22.077,22.092,22.1,22.116,22.139,22.139,22.178,22.178,22.178,22.154,22.178,22.193,22.178,22.185,22.185,22.193,22.178,22.185,22.201,22.224,22.216,22.216,22.224,22.232,22.247,22.247,22.247,22.247,22.216,22.224,22.317,22.294,22.294,22.325,22.34,22.348,22.317,22.317,22.309,22.309,22.348,22.332,22.348,22.356,22.371,22.379,22.402,22.433,22.418,22.441,22.449,22.433,22.433,22.456,22.464,22.479,22.464,22.503,22.526,22.541,22.58,22.564,22.619,22.649,22.734,23.219,23.663,24.151,24.386,24.553,24.78,24.886,24.961,25.074,25.262,25.368,25.503,25.608,25.735,25.788,25.87,25.96,25.937,25.989,25.975,25.967,25.945,25.93,25.87,25.795,25.57,25.495,25.45,25.413,25.368,25.308,25.165,25.059,25.029,24.908,24.916,24.916,24.946,24.946,24.961,25.157,25.232,25.36,25.533,25.683,26.154,26.183,26.176,26.146,26.139,26.109,26.094,26.019,26.027,25.945,25.81,25.735,25.255,25.097,25.052,24.901,24.772,24.591,24.583,24.523,24.151,24.037,24.014,24.029,24.014,24.265,24.173,24.196,24.189,24.166,24.135,24.128,24.082,24.173,24.272,24.394,24.538,24.606,24.651,24.742,24.901,24.923,24.976,25.006,25.044,25.044,25.052,25.134,25.127,25.195,25.225,25.247,25.285,25.33,25.323,25.338,25.315,25.24,25.195,25.089,24.999,24.757,24.211,23.884,23.732,23.609,23.648,23.671,23.747,23.8,23.976,25.044,26.978,27.207,27.111,26.949,26.83,26.741,26.518,26.31,26.347,26.139,26.064,26.064,26.012,25.975,25.87,25.892,25.698,25.63,25.465,25.383,25.27,25.119,25.089,25.021,24.818,24.56,24.454,24.356,24.31,24.341,24.348,24.363,24.386,24.485,24.447,24.621,24.795,24.923,25.044,25.074,25.089,25.089,25.082,25.089,25.127,25.149,25.104,24.999,24.954,25.006,25.021,25.006,25.006,24.976,24.976,24.946,24.931,24.886,24.818,24.795,24.742,24.682,24.629,24.621,24.636,24.651,24.689,24.712,24.78,24.878,25.036,25.089,25.225,25.36,25.48,25.877,25.915,26.072,26.169,26.228,26.414,26.808,27.392,28.324,30.084,31.448,32.809,33.48,33.835,34.154,34.479,34.789,34.879,34.954,35.03,34.892,35.085,34.989,34.569,34.507,34.202,33.8,33.138,32.585,32.275,31.633,31.604,30.886,29.746,29.088,28.309,27.502,26.986,26.845,26.258,26.027,25.638,25.495,25.39,25.187,25.187,25.036,24.916,24.855,24.84,24.787,24.75,24.704,24.591,24.424,24.356,24.097,24.037,24.097,23.777,23.671,23.541,23.479,23.418,23.464,23.487,23.533,23.525,23.602,23.663,23.678,23.671,23.724,23.785,23.808,23.93,24.143,24.333,24.386,24.31,24.196,24.059,23.938,23.808,23.77,23.755,23.678,23.541,23.479,23.472,23.395,23.349,23.311,23.296,23.28,23.28,23.303,23.426,23.495,23.77,24.659,24.78,24.833,24.984,25.157,25.247,25.353,25.45,25.488,25.533,25.57,25.623,25.615,25.638,25.593,25.518,25.45,25.375,25.21,25.112,24.863,24.697,24.606,24.295,24.181,24.143,24.021,23.899,23.854,23.762,23.693,23.632,23.564,23.487,23.426,23.319,23.219,23.18,23.104,23.058,23.042,23.019,22.973,23.088,23.334,23.579,24.059,24.416,24.545,24.538,24.409,24.227,24.135,23.861,23.739,23.625,23.518,23.456,23.418,23.433,23.426,24.151,25.3,25.989,26.049,26.124,26.154,26.466,26.645,26.682,26.585,26.533,26.585,26.541,26.578,26.652,26.8,26.8,27.156,27.532,27.613,27.789,27.679,27.259,26.63,26.198,25.66,25.157,24.538,24.462,24.303,24.234,24.189,24.135,24.09,24.097,24.067,24.059,24.044,24.037,24.014,23.991,23.96,23.953,23.968,24.037,24.135,24.219,24.242,24.348,24.477,24.492,24.538,24.5,24.515,24.47,24.401,24.363,24.333,24.325,24.325,24.401,24.613,24.765,24.923,25.127,25.36,25.368,25.375,25.33,25.225,25.052,24.976,24.848,24.727,24.689,24.515,24.56,24.56,24.56,24.583,24.666,24.735,24.991,25.029,24.969,24.999,24.855,24.855,24.908,24.908,24.901,25.006,25.006,25.052,25.029,25.014,25.067,25.165,25.029,25.021,24.78,24.583,24.492,24.432,24.447,24.454,24.394,24.356,24.219,24.143,24.052,23.976,24.545,25.788,25.803,25.57,25.232,25.006,25.089,25.803,25.81,25.758,25.548,25.149,24.969,24.886,24.954,24.803,24.059,23.303,23.027,23.004,22.958,22.942,22.896,22.858,22.804,22.765,22.757,22.727,22.711,22.696,22.657,22.703,22.649,22.642,22.619,22.611,22.603,22.603,22.603,22.626,22.588,22.58,22.572,22.549,22.549,22.557,22.564,22.534,22.503,22.51,22.472,22.495,22.51,22.518,22.487,22.472,22.487,22.479,22.449,22.449,22.425,22.425,22.425,22.425,22.433,22.402,22.394,22.402,22.387,22.387,22.402,22.441,22.433,22.425,22.441,22.425,22.449,22.456,22.487,22.441,22.51,22.472,22.441
,22.03,22.022,22.053,22.077,22.061,22.092,22.084,22.077,22.116,22.069,22.1,22.1,22.123,22.1,22.1,22.092,22.084,22.123,22.108,22.123,22.139,22.131,22.108,22.108,22.084,22.1,22.077,22.092,22.084,22.108,22.123,22.131,22.139,22.17,22.154,22.185,22.185,22.185,22.193,22.178,22.178,22.185,22.178,22.193,22.193,22.209,22.185,22.209,22.216,22.224,22.247,22.255,22.24,22.263,22.247,22.247,22.302,22.255,22.286,22.309,22.302,22.325,22.317,22.302,22.302,22.325,22.332,22.348,22.34,22.356,22.363,22.356,22.41,22.41,22.418,22.425,22.418,22.433,22.441,22.456,22.433,22.441,22.479,22.479,22.51,22.526,22.541,22.588,22.603,22.665,22.734,23.081,23.716,24.181,24.287,24.485,24.765,24.81,24.946,24.991,25.165,25.292,25.443,25.563,25.735,25.735,25.818,25.87,25.937,25.945,25.989,25.989,25.967,25.952,25.93,25.922,25.81,25.683,25.525,25.503,25.435,25.375,25.285,25.127,25.044,25.021,24.908,24.878,24.901,24.863,24.901,24.969,24.969,25.172,25.45,25.555,25.66,25.825,26.169,26.183,26.206,26.183,26.183,26.146,26.087,26.094,26.101,25.907,25.773,25.368,25.097,25.089,24.848,24.81,24.674,24.576,24.447,24.12,24.021,23.983,23.998,24.044,24.204,24.189,24.234,24.219,24.143,24.09,24.105,24.067,24.151,24.272,24.432,24.553,24.606,24.735,24.825,24.84,24.954,24.961,25.006,25.036,25.029,25.044,25.044,25.044,25.142,25.172,25.21,25.277,25.262,25.27,25.308,25.195,25.172,25.149,25.021,24.78,24.432,24.029,23.831,23.678,23.602,23.625,23.678,23.755,23.785,23.998,25.036,27.111,27.119,27.045,26.867,26.749,26.585,26.437,26.273,26.176,26.079,26.057,26.027,25.96,25.862,25.855,25.758,25.653,25.503,25.413,25.277,25.149,25.074,25.006,24.878,24.629,24.5,24.318,24.303,24.287,24.31,24.333,24.371,24.416,24.553,24.591,24.757,24.825,24.908,24.976,25.029,25.029,25.067,25.067,25.104,25.134,25.165,25.074,24.916,24.863,24.931,24.938,25.052,25.059,25.029,25.014,24.976,24.946,24.923,24.886,24.893,24.825,24.75,24.666,24.659,24.712,24.689,24.666,24.787,24.848,24.878,24.946,25.112,25.323,25.3,25.48,25.405,25.525,25.615,25.75,25.81,25.975,26.109,26.191,26.771,27.274,27.384,27.914,28.353,28.63,29.117,29.876,30.106,30.758,31.15,31.164,31.157,31.15,30.686,30.5,29.897,29.609,28.79,28.353,27.943,27.605,27.399,27.333,26.912,26.407,26.333,25.818,25.638,25.593,25.33,25.292,25.39,25.292,25.24,25.104,25.021,25.029,24.916,24.84,24.81,24.795,24.742,24.704,24.613,24.576,24.379,24.227,24.097,24.021,23.892,23.709,23.602,23.487,23.433,23.387,23.441,23.541,23.579,23.655,23.655,23.693,23.693,23.747,23.77,23.793,23.808,23.953,24.044,24.394,24.371,24.348,24.272,24.143,23.983,23.915,23.8,23.724,23.617,23.564,23.479,23.433,23.341,23.326,23.272,23.234,23.211,23.219,23.242,23.341,23.433,23.594,24.5,24.712,24.803,25.067,25.157,25.323,25.368,25.495,25.51,25.57,25.6,25.638,25.623,25.623,25.585,25.518,25.465,25.323,25.202,25.104,24.976,24.606,24.515,24.356,24.151,24.082,23.983,23.922,23.854,23.816,23.716,23.64,23.602,23.502,23.403,23.334,23.257,23.211,23.134,23.042,23.027,23.019,23.081,23.081,23.242,23.372,23.953,24.265,24.409,24.454,24.386,24.257,24.166,23.953,23.724,23.602,23.51,23.456,23.418,23.38,23.472,23.586,25.202,26.042,26.176,26.362,26.526,26.682,26.66,26.667,26.511,26.481,26.362,26.392,26.437,26.556,26.704,26.971,27.074,27.414,27.524,27.708,27.627,27.067,26.6,26.072,25.728,25.097,24.818,24.576,24.318,24.234,24.158,24.128,24.067,24.044,24.021,24.052,24.044,24.021,24.006,23.945,23.907,23.922,23.915,23.998,24.105,24.166,24.173,24.325,24.363,24.485,24.515,24.477,24.47,24.424,24.363,24.348,24.318,24.31,24.356,24.424,24.697,24.969,25.127,25.292,25.345,25.39,25.39,25.383,25.308,25.172,25.029,24.787,24.697,24.621,24.5,24.538,24.523,24.538,24.606,24.629,24.78,24.81,24.878,24.825,24.833,24.78,24.833,24.848,24.863,24.938,24.893,24.976,24.976,25.021,25.059,25.134,25.149,25.044,24.923,24.855,24.507,24.447,24.409,24.401,24.371,24.249,24.204,24.105,24.037,23.945,23.945,24.227,25.825,25.773,25.63,25.315,25.082,24.991,25.75,25.81,25.78,25.338,25.315,25.067,24.893,24.833,24.825,24.629,24.044,23.203,23.15,22.981,22.919,22.911,22.842,22.788,22.78,22.727,22.719,22.727,22.719,22.68,22.665,22.649,22.649,22.626,22.626,22.619,22.611,22.626,22.611,22.611,22.603,22.572,22.526,22.588,22.541,22.549,22.495,22.495,22.503,22.518,22.487,22.472,22.479,22.472,22.472,22.472,22.464,22.479,22.441,22.449,22.441,22.449,22.433,22.394,22.41,22.418,22.387,22.332,22.402,22.418,22.418,22.418,22.41,22.433,22.441,22.425,22.479,22.472,22.479,22.441,22.456,22.433
,22.046,22.053,22.046,22.069,22.069,22.084,22.077,22.069,22.077,22.069,22.077,22.077,22.092,22.084,22.092,22.084,22.084,22.092,22.077,22.092,22.116,22.092,22.084,22.092,22.1,22.1,22.069,22.1,22.116,22.116,22.139,22.131,22.139,22.154,22.17,22.178,22.185,22.17,22.201,22.193,22.185,22.185,22.162,22.178,22.193,22.17,22.178,22.193,22.185,22.216,22.24,22.247,22.24,22.255,22.232,22.24,22.263,22.24,22.263,22.286,22.294,22.309,22.309,22.317,22.317,22.34,22.309,22.309,22.363,22.356,22.363,22.363,22.387,22.379,22.41,22.418,22.418,22.433,22.441,22.441,22.449,22.472,22.464,22.487,22.541,22.518,22.595,22.611,22.572,22.703,23.004,23.541,24.067,24.249,24.462,24.394,24.659,24.916,24.984,25.157,25.187,25.315,25.428,25.57,25.63,25.765,25.825,25.952,25.945,25.975,25.989,25.975,25.967,25.922,25.915,25.84,25.773,25.743,25.533,25.48,25.383,25.368,25.285,25.217,25.134,24.954,24.893,24.901,24.825,24.772,24.803,24.825,24.863,25.036,25.262,25.42,25.653,25.758,26.101,26.228,26.228,26.183,26.161,26.169,26.146,26.176,26.101,25.93,25.773,25.473,25.165,25.082,25.036,24.893,24.81,24.803,24.5,24.196,24.029,23.953,23.976,24.082,24.143,24.173,24.196,24.181,24.166,24.12,24.075,24.12,24.128,24.28,24.371,24.507,24.583,24.697,24.818,24.901,24.946,24.969,24.999,24.999,24.991,25.006,25.036,25.036,25.119,25.119,25.119,25.21,25.27,25.217,25.232,25.157,25.149,25.082,25.006,24.697,24.272,23.892,23.663,23.579,23.586,23.586,23.64,23.655,23.785,23.892,25.548,27.06,27.037,26.956,26.852,26.667,26.452,26.28,26.176,26.116,26.034,26.004,25.922,25.907,25.9,25.758,25.675,25.57,25.405,25.398,25.142,25.052,24.999,24.901,24.878,24.659,24.462,24.265,24.249,24.257,24.28,24.341,24.386,24.432,24.621,24.659,24.727,24.855,24.855,24.923,24.961,24.999,25.044,25.082,25.142,25.187,25.029,24.999,24.855,24.871,24.893,24.999,25.104,25.082,25.036,25.029,24.984,24.976,24.969,24.976,24.969,24.916,24.871,24.75,24.742,24.75,24.704,24.757,24.787,24.818,24.886,24.923,25.006,25.082,25.195,25.247,25.277,25.277,25.428,25.608,25.698,25.773,25.825,25.795,25.885,26.087,26.265,26.273,26.37,26.399,26.414,26.541,26.815,26.978,26.993,27.037,27.023,27.008,26.993,26.904,26.771,26.362,26.318,26.146,25.892,25.87,25.832,25.818,25.713,25.277,25.277,25.247,25.225,25.232,25.195,25.225,25.172,25.142,25.119,25.036,25.006,24.961,24.871,24.825,24.787,24.757,24.742,24.682,24.606,24.545,24.341,24.227,24.113,24.059,23.838,23.648,23.586,23.456,23.426,23.418,23.418,23.472,23.564,23.648,23.732,23.732,23.747,23.755,23.755,23.785,23.762,23.869,23.907,24.401,24.439,24.424,24.379,24.181,24.09,23.846,23.831,23.663,23.64,23.579,23.541,23.449,23.364,23.319,23.265,23.188,23.157,23.196,23.203,23.211,23.272,23.732,24.621,24.757,25.021,25.21,25.187,25.3,25.398,25.503,25.585,25.6,25.608,25.615,25.623,25.63,25.548,25.495,25.443,25.323,25.142,24.954,24.795,24.583,24.598,24.265,24.143,24.052,23.983,23.938,23.816,23.762,23.693,23.655,23.609,23.51,23.403,23.349,23.319,23.211,23.127,23.065,23.058,23.027,23.027,23.096,23.234,23.456,23.701,24.09,24.356,24.386,24.31,24.219,24.082,23.976,23.732,23.586,23.518,23.395,23.387,23.403,23.456,23.571,25.089,26.079,26.265,26.414,26.615,26.667,26.689,26.689,26.437,26.347,26.325,26.333,26.414,26.548,26.541,26.971,27.008,27.259,27.546,27.583,27.524,27.237,26.704,26.004,25.66,24.991,24.659,24.356,24.234,24.173,24.166,24.067,24.082,24.006,24.021,24.006,24.021,23.983,23.93,23.907,23.877,23.869,23.884,23.93,24.021,24.135,24.151,24.287,24.416,24.424,24.507,24.439,24.416,24.371,24.356,24.341,24.31,24.303,24.348,24.394,24.727,24.954,25.187,25.187,25.405,25.405,25.375,25.368,25.285,25.104,24.916,24.719,24.712,24.538,24.523,24.545,24.47,24.47,24.507,24.545,24.689,24.75,24.848,24.719,24.742,24.78,24.78,24.825,24.848,24.871,24.908,24.923,24.946,24.984,25.044,25.052,25.127,25.127,24.938,24.757,24.621,24.485,24.363,24.318,24.303,24.196,24.151,24.067,23.983,23.854,23.892,24.044,25.72,25.803,25.6,25.187,24.991,25.142,25.728,25.81,25.765,25.6,25.18,25.006,24.886,24.818,24.81,24.757,24.09,23.272,23.081,23.004,22.934,22.858,22.834,22.804,22.796,22.78,22.727,22.742,22.665,22.68,22.642,22.642,22.657,22.619,22.619,22.619,22.619,22.619,22.611,22.595,22.572,22.572,22.564,22.526,22.503,22.518,22.487,22.541,22.472,22.464,22.479,22.472,22.464,22.472,22.449,22.456,22.479,22.433,22.441,22.433,22.441,22.418,22.41,22.425,22.418,22.418,22.387,22.379,22.41,22.356,22.418,22.41,22.402,22.41,22.433,22.441,22.449,22.441,22.464,22.487,22.425,22.418
,22.053,22.053,22.053,22.053,22.069,22.084,22.1,22.092,22.108,22.077,22.053,22.084,22.077,22.084,22.084,22.084,22.069,22.084,22.077,22.092,22.092,22.084,22.116,22.1,22.1,22.084,22.084,22.108,22.116,22.131,22.139,22.154,22.139,22.162,22.154,22.162,22.17,22.193,22.185,22.193,22.193,22.193,22.185,22.185,22.17,22.17,22.185,22.162,22.224,22.216,22.224,22.224,22.24,22.247,22.24,22.24,22.271,22.255,22.271,22.286,22.302,22.294,22.309,22.325,22.332,22.348,22.317,22.356,22.317,22.348,22.363,22.387,22.387,22.379,22.402,22.394,22.425,22.425,22.433,22.456,22.472,22.472,22.487,22.518,22.549,22.557,22.572,22.619,22.727,22.773,23.403,24.067,24.341,24.356,24.424,24.591,24.81,24.938,24.991,25.18,25.323,25.39,25.525,25.57,25.683,25.825,25.825,25.93,25.952,25.975,25.975,25.96,25.945,25.945,25.9,25.862,25.803,25.615,25.585,25.51,25.368,25.33,25.277,25.21,25.149,24.999,24.893,24.818,24.833,24.674,24.719,24.742,24.84,25.119,25.149,25.33,25.773,25.87,26.183,26.236,26.221,26.251,26.265,26.221,26.236,26.146,26.109,26.019,25.832,25.638,25.443,25.172,25.014,24.946,24.871,24.78,24.621,24.158,23.998,23.998,23.968,24.113,24.158,24.181,24.227,24.158,24.113,24.105,24.075,24.09,24.12,24.318,24.394,24.598,24.613,24.651,24.871,24.923,24.946,24.976,24.954,24.916,24.969,24.923,24.916,24.969,25.036,25.082,25.097,25.157,25.24,25.187,25.195,25.149,25.119,24.984,24.78,24.462,24.044,23.663,23.571,23.556,23.548,23.586,23.602,23.755,23.838,24.105,25.698,27.067,27.045,26.889,26.63,26.563,26.333,26.161,26.131,26.087,26.012,25.945,25.915,25.877,25.9,25.735,25.683,25.503,25.398,25.262,25.127,25.097,24.961,24.78,24.719,24.477,24.333,24.211,24.249,24.242,24.28,24.356,24.401,24.477,24.606,24.689,24.78,24.818,24.886,24.938,24.961,24.999,25.052,25.104,25.119,25.157,25.089,24.863,24.757,24.81,24.901,25.074,25.104,25.104,25.082,25.029,25.036,25.014,25.014,25.014,25.036,25.029,24.946,24.871,24.901,24.863,24.825,24.84,24.825,24.863,24.901,24.916,24.946,25.036,25.142,25.149,25.247,25.255,25.353,25.383,25.525,25.638,25.653,25.705,25.735,25.555,25.563,25.54,25.555,25.645,25.735,25.788,25.6,25.563,25.63,25.585,25.615,25.593,25.555,25.503,25.33,25.533,25.443,25.368,25.36,25.24,25.255,25.134,25.165,25.082,25.082,25.074,25.082,25.059,25.149,25.134,25.112,25.127,25.074,25.029,24.991,24.931,24.871,24.863,24.78,24.689,24.757,24.735,24.674,24.591,24.492,24.401,24.234,24.295,23.747,23.701,23.564,23.487,23.426,23.441,23.487,23.51,23.64,23.709,23.762,23.739,23.755,23.747,23.724,23.732,23.709,23.785,23.838,24.462,24.454,24.424,24.409,24.249,24.166,23.991,23.953,23.816,23.709,23.617,23.556,23.456,23.372,23.341,23.234,23.203,23.157,23.173,23.165,23.196,23.341,23.51,24.53,24.674,25.014,25.127,25.195,25.39,25.39,25.51,25.54,25.585,25.623,25.623,25.63,25.608,25.585,25.495,25.458,25.315,25.112,24.976,24.757,24.689,24.507,24.447,24.128,24.037,23.953,23.861,23.831,23.777,23.701,23.625,23.609,23.548,23.479,23.349,23.326,23.234,23.196,23.088,23.019,23.011,23.027,23.065,23.142,23.349,23.617,24.234,24.295,24.28,24.303,24.173,24.09,23.953,23.755,23.648,23.456,23.426,23.433,23.311,23.472,23.693,24.606,26.064,26.347,26.682,26.756,26.697,26.667,26.682,26.37,26.288,26.28,26.251,26.303,26.474,26.622,27.008,27.119,27.222,27.532,27.546,27.407,27.111,26.533,25.825,25.765,25.014,24.629,24.447,24.227,24.204,24.128,24.052,24.044,24.029,24.014,24.014,24.014,23.953,23.892,23.877,23.854,23.846,23.854,23.907,23.968,24.135,24.211,24.257,24.386,24.416,24.394,24.416,24.424,24.379,24.318,24.31,24.295,24.333,24.439,24.53,24.976,25.157,25.195,25.428,25.405,25.45,25.443,25.36,25.315,25.157,25.134,24.727,24.621,24.568,24.523,24.447,24.447,24.432,24.492,24.538,24.568,24.613,24.689,24.795,24.682,24.757,24.727,24.795,24.818,24.863,24.901,24.908,24.931,24.976,25.014,25.052,25.127,25.104,24.991,24.803,24.659,24.356,24.31,24.28,24.234,24.143,24.113,23.96,23.922,23.831,23.838,24.059,25.623,25.773,25.548,25.119,24.969,25.036,25.653,25.788,25.69,25.63,25.187,25.187,24.871,24.81,24.795,24.719,24.492,23.739,23.065,23.011,22.996,22.888,22.827,22.811,22.811,22.765,22.773,22.75,22.68,22.649,22.642,22.665,22.626,22.619,22.626,22.611,22.611,22.611,22.619,22.595,22.572,22.595,22.541,22.518,22.518,22.472,22.487,22.456,22.487,22.479,22.472,22.479,22.464,22.464,22.433,22.441,22.425,22.449,22.449,22.441,22.433,22.433,22.433,22.418,22.449,22.41,22.363,22.394,22.418,22.387,22.441,22.418,22.402,22.449,22.394,22.387,22.441,22.433,22.441,22.441,22.433,22.433
,22.061,22.061,22.069,22.108,22.069,22.084,22.077,22.061,22.053,22.077,22.053,22.108,22.092,22.084,22.084,22.077,22.077,22.069,22.077,22.077,22.092,22.123,22.092,22.077,22.108,22.1,22.123,22.123,22.123,22.147,22.131,22.154,22.154,22.131,22.147,22.147,22.17,22.185,22.193,22.193,22.201,22.193,22.193,22.193,22.185,22.178,22.178,22.185,22.185,22.224,22.209,22.232,22.193,22.263,22.247,22.24,22.232,22.255,22.263,22.278,22.302,22.302,22.325,22.332,22.34,22.348,22.363,22.356,22.371,22.363,22.371,22.356,22.387,22.402,22.371,22.394,22.402,22.425,22.449,22.464,22.479,22.503,22.487,22.549,22.557,22.572,22.603,22.634,22.68,23.334,23.77,24.227,24.295,24.401,24.47,24.682,24.901,24.984,25.044,25.165,25.285,25.435,25.503,25.555,25.66,25.803,25.847,25.922,25.967,25.96,25.96,25.937,25.922,25.922,25.862,25.818,25.728,25.608,25.548,25.458,25.398,25.345,25.292,25.285,25.119,24.991,24.727,24.712,24.651,24.636,24.659,24.704,24.772,24.984,25.127,25.202,25.66,25.825,26.109,26.206,26.251,26.273,26.288,26.228,26.273,26.176,26.057,26.027,25.87,25.72,25.39,25.24,25.097,24.969,24.954,24.916,24.75,24.181,24.006,23.96,23.983,24.105,24.211,24.211,24.219,24.181,24.113,24.113,24.059,24.082,24.135,24.242,24.401,24.485,24.697,24.818,24.878,24.878,24.923,24.901,24.916,24.871,24.886,24.871,24.916,24.931,24.991,25.052,25.067,25.119,25.187,25.157,25.165,25.112,24.931,24.787,24.697,24.318,23.877,23.671,23.579,23.525,23.548,23.556,23.564,23.693,23.831,24.81,26.116,27.067,27.015,26.875,26.563,26.452,26.288,26.198,26.094,26.027,25.967,25.892,25.825,25.832,25.72,25.645,25.465,25.398,25.345,25.225,25.082,24.984,24.908,24.772,24.629,24.47,24.325,24.211,24.227,24.242,24.303,24.341,24.386,24.553,24.666,24.742,24.727,24.848,24.901,24.961,24.991,25.014,25.052,25.089,25.119,25.119,24.931,24.81,24.787,24.772,24.901,24.969,25.127,25.142,25.119,25.097,25.074,25.059,24.999,25.044,25.097,25.134,25.097,25.082,25.044,24.984,24.946,24.946,24.901,24.938,24.908,24.969,25.021,25.067,25.052,25.134,25.195,25.262,25.292,25.428,25.495,25.623,25.57,25.435,25.345,25.36,25.18,25.3,25.323,25.255,25.375,25.232,25.345,25.375,25.24,25.157,25.074,25.428,25.353,25.104,25.202,25.134,25.089,25.006,25.052,24.999,25.029,25.014,24.984,25.014,25.044,25.044,25.074,25.142,25.119,25.142,25.119,25.097,25.067,25.052,25.014,24.984,24.916,24.908,24.833,24.871,24.803,24.825,24.795,24.659,24.636,24.523,24.265,24.379,23.938,23.701,23.617,23.602,23.495,23.502,23.571,23.671,23.701,23.747,23.793,23.793,23.793,23.747,23.693,23.678,23.663,23.671,23.968,24.432,24.454,24.447,24.386,24.386,24.295,24.173,23.983,23.861,23.77,23.625,23.632,23.502,23.395,23.357,23.249,23.226,23.127,23.165,23.073,23.142,23.196,23.564,24.606,24.901,25.067,25.142,25.308,25.405,25.48,25.54,25.563,25.6,25.615,25.593,25.615,25.6,25.54,25.488,25.36,25.36,25.059,24.984,24.772,24.629,24.379,24.363,24.173,24.006,23.953,23.915,23.816,23.777,23.716,23.671,23.625,23.579,23.426,23.38,23.319,23.303,23.188,23.119,23.058,23.042,23.027,23.058,23.119,23.296,23.663,23.846,24.211,24.211,24.249,24.219,24.128,23.93,23.739,23.541,23.464,23.456,23.357,23.387,23.403,23.671,24.568,25.683,26.407,26.763,26.763,26.674,26.697,26.548,26.37,26.198,26.191,26.213,26.325,26.481,26.652,26.823,26.986,27.229,27.429,27.458,27.429,27.156,26.526,25.803,25.465,24.946,24.545,24.409,24.204,24.219,24.097,24.067,24.037,23.991,24.075,23.938,23.945,23.892,23.869,23.838,23.808,23.816,23.831,23.861,24.014,24.037,24.181,24.234,24.28,24.348,24.394,24.379,24.363,24.341,24.325,24.295,24.295,24.325,24.462,24.636,25.006,25.18,25.285,25.428,25.465,25.465,25.413,25.39,25.195,25.014,24.946,24.712,24.598,24.538,24.5,24.439,24.401,24.379,24.432,24.53,24.53,24.598,24.621,24.591,24.666,24.735,24.765,24.803,24.803,24.833,24.863,24.886,24.916,24.976,25.021,25.059,25.104,25.119,25.014,24.969,24.674,24.394,24.363,24.227,24.181,24.143,24.006,23.991,23.922,23.785,23.77,23.854,25.645,25.758,25.525,25.112,24.901,24.916,25.63,25.735,25.72,25.645,25.353,25.315,24.908,24.765,24.75,24.765,24.606,24.006,23.28,23.05,23.027,22.919,22.873,22.834,22.796,22.719,22.711,22.68,22.719,22.68,22.657,22.657,22.642,22.626,22.642,22.611,22.611,22.634,22.595,22.588,22.588,22.557,22.564,22.518,22.495,22.503,22.503,22.503,22.495,22.479,22.479,22.487,22.472,22.456,22.449,22.433,22.418,22.449,22.441,22.433,22.433,22.433,22.433,22.441,22.441,22.425,22.394,22.379,22.41,22.394,22.394,22.394,22.425,22.371,22.379,22.402,22.441,22.449,22.425,22.433,22.418,22.371
,22.069,22.069,22.061,22.077,22.03,22.061,22.084,22.053,22.046,22.022,22.123,22.069,22.092,22.092,22.084,22.092,22.092,22.084,22.084,22.077,22.084,22.092,22.108,22.116,22.116,22.116,22.123,22.123,22.131,22.139,22.139,22.1,22.123,22.123,22.139,22.147,22.147,22.178,22.201,22.193,22.201,22.201,22.178,22.193,22.17,22.185,22.216,22.162,22.193,22.201,22.185,22.209,22.201,22.224,22.255,22.24,22.24,22.271,22.247,22.278,22.271,22.309,22.317,22.325,22.317,22.302,22.325,22.356,22.371,22.371,22.356,22.371,22.379,22.402,22.387,22.371,22.394,22.402,22.472,22.464,22.503,22.526,22.51,22.58,22.557,22.572,22.611,22.773,23.203,23.602,24.09,24.242,24.318,24.379,24.591,24.803,24.923,25.029,25.149,25.165,25.353,25.435,25.533,25.608,25.653,25.758,25.862,25.93,25.937,25.96,25.967,25.922,25.87,25.705,25.743,25.675,25.608,25.6,25.495,25.383,25.39,25.36,25.247,25.255,25.067,24.848,24.712,24.644,24.606,24.621,24.636,24.674,24.75,24.855,25.036,25.217,25.548,25.675,26.094,26.183,26.258,26.28,26.295,26.288,26.228,26.109,26.027,26.012,25.915,25.84,25.36,25.24,25.127,24.991,24.923,24.886,24.765,24.143,23.976,24.029,24.12,24.151,24.204,24.211,24.204,24.166,24.113,24.12,24.097,24.097,24.166,24.242,24.348,24.636,24.742,24.848,24.878,24.893,24.871,24.878,24.81,24.81,24.803,24.825,24.825,24.901,24.946,25.006,25.044,25.104,25.119,25.097,25.074,24.969,24.969,24.848,24.674,23.991,23.747,23.609,23.518,23.518,23.502,23.525,23.579,23.655,23.983,24.78,26.838,26.971,26.949,26.8,26.377,26.325,26.146,26.072,26.027,25.922,25.855,25.78,25.758,25.683,25.645,25.555,25.503,25.428,25.187,25.142,24.976,24.931,24.772,24.629,24.553,24.409,24.227,24.204,24.211,24.242,24.272,24.379,24.386,24.5,24.704,24.75,24.787,24.886,24.923,24.969,25.006,25.059,25.082,25.104,25.142,25.104,24.961,24.765,24.742,24.803,24.931,25.029,25.119,25.134,25.149,25.165,25.097,25.074,25.021,25.097,25.127,25.104,25.089,25.119,25.067,25.044,25.044,25.021,24.999,24.976,24.938,25.006,25.036,25.036,25.127,25.089,25.187,25.255,25.338,25.39,25.42,25.405,25.398,25.255,25.157,25.157,25.142,25.104,25.119,25.097,25.074,25.119,25.082,25.089,24.991,24.946,24.961,24.878,24.84,24.931,24.855,24.916,24.916,24.916,24.954,24.946,24.961,24.954,24.976,25.021,25.029,25.036,25.067,25.082,25.112,25.127,25.127,25.104,25.119,25.119,25.021,24.999,25.006,24.976,24.999,24.938,25.036,25.021,24.976,24.908,25.014,24.757,24.492,24.356,24.28,23.953,23.655,23.663,23.663,23.609,23.716,23.785,23.77,23.793,23.8,23.8,23.701,23.732,23.625,23.579,23.579,23.625,23.877,24.485,24.5,24.447,24.447,24.424,24.28,24.09,24.082,23.892,23.831,23.693,23.586,23.541,23.456,23.387,23.296,23.203,23.15,23.119,23.058,23.127,23.165,23.479,24.28,24.848,24.961,25.18,25.292,25.375,25.458,25.518,25.533,25.6,25.615,25.585,25.615,25.555,25.518,25.473,25.255,25.187,25.112,25.059,24.803,24.538,24.424,24.196,24.12,24.059,23.953,23.861,23.808,23.77,23.716,23.625,23.64,23.548,23.441,23.403,23.296,23.234,23.165,23.127,23.088,23.042,23.05,23.019,23.15,23.242,23.747,23.755,23.93,24.173,24.158,24.113,24.09,23.945,23.854,23.594,23.464,23.395,23.395,23.38,23.372,23.755,24.295,25.48,26.533,26.808,26.763,26.778,26.734,26.541,26.273,26.288,26.221,26.154,26.094,26.303,26.6,26.808,27.074,27.193,27.237,27.252,27.333,26.934,26.131,25.818,25.48,24.833,24.621,24.371,24.242,24.128,24.143,24.014,24.014,23.953,23.922,23.877,23.922,23.854,23.8,23.785,23.762,23.77,23.762,23.846,23.869,24.029,24.135,24.211,24.272,24.325,24.348,24.341,24.371,24.31,24.303,24.287,24.31,24.371,24.591,24.886,24.901,25.165,25.435,25.488,25.51,25.473,25.473,25.398,25.323,25.006,24.916,24.697,24.553,24.507,24.416,24.348,24.31,24.356,24.348,24.394,24.477,24.5,24.523,24.477,24.682,24.682,24.78,24.787,24.833,24.848,24.855,24.878,24.901,24.946,25.044,25.097,25.067,25.036,25.029,24.787,24.644,24.416,24.242,24.189,24.151,24.105,23.991,23.938,23.777,23.701,23.663,23.762,25.57,25.743,25.57,25.27,24.893,24.795,25.149,25.728,25.72,25.555,25.458,25.255,25.089,24.803,24.689,24.712,24.727,24.257,23.341,23.073,22.996,22.965,22.896,22.819,22.773,22.757,22.688,22.688,22.665,22.665,22.665,22.649,22.657,22.619,22.611,22.603,22.595,22.611,22.572,22.572,22.564,22.564,22.541,22.549,22.51,22.518,22.518,22.495,22.526,22.495,22.495,22.503,22.479,22.449,22.441,22.425,22.402,22.402,22.418,22.433,22.41,22.425,22.418,22.433,22.418,22.402,22.425,22.425,22.394,22.425,22.402,22.479,22.433,22.394,22.402,22.394,22.425,22.441,22.433,22.456,22.433,22.425
,22.069,22.069,22.046,22.061,22.053,22.061,22.061,22.061,22.077,22.131,22.084,22.092,22.084,22.1,22.092,22.1,22.108,22.1,22.092,22.1,22.092,22.108,22.116,22.131,22.116,22.131,22.131,22.123,22.147,22.147,22.147,22.193,22.147,22.154,22.131,22.147,22.154,22.17,22.193,22.201,22.201,22.201,22.193,22.185,22.185,22.178,22.178,22.201,22.193,22.232,22.178,22.193,22.185,22.224,22.255,22.278,22.286,22.263,22.278,22.286,22.302,22.309,22.317,22.317,22.332,22.356,22.363,22.379,22.402,22.394,22.379,22.379,22.387,22.402,22.387,22.402,22.394,22.387,22.449,22.487,22.487,22.534,22.549,22.595,22.595,22.68,22.696,23.004,23.456,24.097,24.128,24.295,24.379,24.492,24.56,24.735,24.976,25.036,25.074,25.195,25.375,25.428,25.48,25.608,25.66,25.758,25.862,25.9,25.922,25.877,25.907,25.758,25.75,25.69,25.638,25.653,25.57,25.555,25.51,25.465,25.345,25.33,25.285,25.052,24.871,24.719,24.598,24.606,24.568,24.606,24.606,24.621,24.689,24.772,24.999,25.134,25.225,25.458,25.915,26.139,26.221,26.273,26.265,26.236,26.176,26.079,26.064,25.982,25.945,25.698,25.51,25.21,25.165,25.067,25.021,24.954,24.545,24.067,23.991,24.082,24.09,24.196,24.234,24.242,24.211,24.151,24.113,24.12,24.082,24.082,24.173,24.295,24.333,24.704,24.697,24.84,24.871,24.871,24.84,24.787,24.765,24.765,24.757,24.78,24.803,24.84,24.931,24.984,25.036,25.036,25.044,25.074,24.984,25.021,24.863,24.689,24.303,23.968,23.732,23.533,23.571,23.518,23.525,23.525,23.579,23.739,23.884,25.059,26.808,26.949,26.786,26.526,26.34,26.288,26.183,26.012,25.922,25.892,25.832,25.765,25.69,25.653,25.6,25.495,25.36,25.24,25.217,25.052,24.961,24.886,24.818,24.613,24.507,24.394,24.173,24.219,24.189,24.249,24.333,24.394,24.47,24.538,24.644,24.787,24.795,24.848,24.961,24.999,25.044,25.082,25.082,25.134,25.119,24.984,24.719,24.75,24.719,24.84,24.969,25.014,25.112,25.165,25.18,25.195,25.157,25.134,25.074,25.112,25.142,25.097,25.104,25.119,25.127,25.127,25.142,25.097,25.082,25.074,25.074,25.082,25.112,25.112,25.104,25.202,25.255,25.33,25.338,25.39,25.443,25.33,25.277,25.18,25.157,25.165,25.149,25.104,25.104,25.036,25.006,25.014,24.999,24.954,24.954,24.908,24.863,24.833,24.825,24.825,24.848,24.855,24.878,24.878,24.946,24.938,24.954,24.961,24.976,24.961,24.999,25.029,25.059,25.097,25.195,25.127,25.142,25.157,25.187,25.18,25.112,25.149,25.165,25.18,25.119,25.18,25.18,25.232,25.195,25.142,25.014,24.916,24.636,24.666,24.545,24.432,24.242,24.09,23.838,23.693,23.808,23.777,23.838,23.831,23.8,23.793,23.747,23.64,23.609,23.495,23.487,23.609,24.173,24.492,24.523,24.507,24.485,24.432,24.28,24.151,24.052,23.922,23.884,23.777,23.732,23.625,23.464,23.456,23.311,23.242,23.134,23.119,23.088,23.119,23.173,23.487,24.394,24.908,24.991,25.157,25.36,25.405,25.443,25.548,25.57,25.615,25.585,25.585,25.593,25.555,25.51,25.48,25.353,25.21,25.052,25.029,24.704,24.515,24.348,24.325,24.12,23.991,23.899,23.877,23.808,23.755,23.701,23.655,23.609,23.548,23.495,23.418,23.341,23.288,23.257,23.18,23.104,23.104,23.027,23.058,23.081,23.134,23.449,23.793,24.059,24.12,24.158,24.128,24.075,23.793,23.785,23.648,23.487,23.464,23.395,23.349,23.349,23.441,23.884,25.338,26.318,26.674,26.793,26.771,26.667,26.407,26.34,26.154,26.072,26.087,26.116,26.161,26.422,26.763,27.045,27.097,27.252,27.259,27.052,26.778,25.997,25.473,24.984,24.81,24.697,24.401,24.287,24.135,24.059,24.006,23.945,23.922,23.915,23.892,23.838,23.808,23.785,23.755,23.724,23.739,23.762,23.816,23.93,23.991,24.105,24.196,24.234,24.287,24.325,24.325,24.341,24.325,24.303,24.333,24.379,24.583,24.666,24.954,25.217,25.315,25.495,25.495,25.518,25.518,25.503,25.353,25.187,25.021,24.923,24.697,24.515,24.477,24.341,24.325,24.287,24.303,24.341,24.318,24.401,24.386,24.477,24.576,24.636,24.651,24.757,24.78,24.81,24.84,24.84,24.848,24.886,24.946,24.976,25.052,25.089,25.082,24.991,24.938,24.78,24.371,24.28,24.189,24.135,23.983,23.96,23.915,23.747,23.655,23.625,23.609,25.165,25.488,25.368,25.127,24.848,24.803,25.082,25.698,25.728,25.66,25.54,25.277,25.142,24.916,24.697,24.704,24.697,24.379,24.067,23.211,23.257,22.95,22.85,22.834,22.703,22.727,22.75,22.688,22.719,22.719,22.68,22.68,22.657,22.642,22.611,22.603,22.595,22.595,22.603,22.58,22.603,22.588,22.58,22.557,22.526,22.526,22.526,22.534,22.541,22.541,22.526,22.495,22.503,22.479,22.433,22.425,22.418,22.425,22.41,22.433,22.425,22.418,22.425,22.371,22.379,22.402,22.402,22.425,22.418,22.394,22.332,22.371,22.387,22.332,22.449,22.394,22.425,22.441,22.456,22.441,22.449,22.425
,22.046,22.061,22.053,22.046,22.03,22.053,22.061,22.069,22.061,22.108,22.108,22.092,22.1,22.108,22.1,22.108,22.116,22.108,22.108,22.116,22.108,22.123,22.131,22.131,22.131,22.139,22.147,22.116,22.139,22.131,22.123,22.123,22.17,22.154,22.147,22.139,22.154,22.147,22.178,22.185,22.193,22.193,22.185,22.185,22.193,22.178,22.178,22.178,22.154,22.17,22.178,22.162,22.224,22.209,22.224,22.255,22.263,22.278,22.271,22.294,22.309,22.309,22.332,22.325,22.325,22.317,22.371,22.387,22.402,22.371,22.402,22.394,22.41,22.379,22.379,22.394,22.425,22.402,22.472,22.495,22.51,22.549,22.588,22.611,22.649,22.688,22.942,23.449,23.96,24.082,24.166,24.348,24.507,24.598,24.742,24.795,24.999,25.067,25.142,25.292,25.345,25.413,25.48,25.593,25.638,25.75,25.832,25.862,25.885,25.9,25.788,25.698,25.563,25.593,25.563,25.57,25.533,25.533,25.495,25.45,25.338,25.308,25.059,24.795,24.712,24.636,24.583,24.56,24.56,24.553,24.576,24.629,24.583,24.636,24.727,24.954,25.142,25.187,25.758,25.937,26.176,26.258,26.243,26.236,26.146,26.064,26.027,25.937,25.93,25.66,25.518,25.315,25.172,25.112,25.044,24.848,24.507,24.021,24.021,24.052,24.135,24.227,24.234,24.242,24.211,24.166,24.105,24.09,24.059,24.113,24.12,24.379,24.659,24.704,24.795,24.825,24.863,24.848,24.78,24.772,24.735,24.704,24.735,24.727,24.772,24.772,24.818,24.825,24.931,24.976,24.984,25.029,24.931,24.878,24.757,24.454,24.151,23.808,23.556,23.525,23.495,23.51,23.51,23.525,23.632,23.678,24.234,25.285,26.756,26.741,26.593,26.489,26.437,26.206,26.079,25.9,25.847,25.743,25.728,25.645,25.608,25.48,25.503,25.488,25.33,25.157,25.089,24.976,24.923,24.825,24.765,24.492,24.348,24.158,24.196,24.173,24.196,24.249,24.287,24.416,24.439,24.591,24.636,24.75,24.81,24.901,24.938,25.052,25.067,25.089,25.112,25.127,25.097,24.878,24.765,24.719,24.78,24.863,24.999,25.059,25.119,25.202,25.21,25.202,25.217,25.134,25.082,25.104,25.134,25.134,25.104,25.142,25.18,25.18,25.202,25.247,25.195,25.247,25.18,25.18,25.225,25.225,25.24,25.255,25.285,25.36,25.383,25.398,25.398,25.33,25.262,25.187,25.172,25.104,25.052,25.067,25.044,25.006,24.976,24.931,24.923,24.923,24.893,24.886,24.84,24.833,24.825,24.833,24.833,24.848,24.871,24.893,24.916,24.938,24.976,24.969,24.999,25.006,25.052,25.097,25.097,25.18,25.225,25.232,25.217,25.24,25.27,25.27,25.323,25.255,25.315,25.255,25.217,25.323,25.285,25.247,25.277,25.187,25.18,25.27,25.149,25.172,24.598,24.621,24.424,24.219,24.09,23.945,23.869,23.877,23.861,23.816,23.808,23.755,23.678,23.533,23.51,23.487,23.472,23.579,24.234,24.515,24.523,24.538,24.507,24.523,24.356,24.211,24.067,24.006,23.938,23.808,23.793,23.617,23.433,23.38,23.334,23.18,23.15,23.104,23.073,23.088,23.111,23.341,24.014,24.818,25.097,25.172,25.3,25.458,25.488,25.555,25.585,25.623,25.608,25.593,25.57,25.563,25.51,25.503,25.345,25.172,25.052,24.976,24.863,24.492,24.439,24.257,24.097,24.044,23.907,23.854,23.8,23.739,23.693,23.64,23.571,23.548,23.449,23.41,23.357,23.319,23.203,23.134,23.119,23.065,23.065,23.034,23.019,23.119,23.15,23.472,24.021,24.044,24.12,24.09,24.052,23.907,23.8,23.564,23.472,23.433,23.395,23.372,23.349,23.41,24.075,25.232,26.206,26.771,26.815,26.778,26.615,26.437,26.265,26.087,26.087,26.064,26.049,26.042,26.303,26.682,26.986,27.037,27.089,27.111,26.897,26.414,25.66,25.338,25.089,24.818,24.651,24.5,24.303,24.059,24.059,24.014,23.93,23.915,23.869,23.831,23.8,23.8,23.762,23.732,23.732,23.716,23.755,23.747,23.785,23.93,24.12,24.12,24.234,24.287,24.31,24.348,24.333,24.318,24.303,24.363,24.462,24.568,24.78,24.923,25.127,25.42,25.48,25.54,25.503,25.51,25.458,25.383,25.142,25.134,24.886,24.636,24.462,24.394,24.333,24.318,24.28,24.234,24.28,24.303,24.31,24.356,24.492,24.5,24.576,24.659,24.75,24.757,24.803,24.787,24.803,24.848,24.84,24.893,24.976,25.029,25.104,25.059,25.006,24.923,24.704,24.416,24.348,24.052,23.998,23.915,23.846,23.785,23.777,23.655,23.571,23.518,24.946,25.473,25.383,25.006,24.727,24.621,24.969,25.69,25.675,25.608,25.525,25.345,25.255,24.991,24.757,24.629,24.583,24.47,24.097,23.433,23.034,22.958,22.919,22.858,22.788,22.788,22.742,22.703,22.734,22.703,22.688,22.673,22.665,22.649,22.619,22.603,22.58,22.557,22.58,22.611,22.595,22.588,22.564,22.541,22.541,22.51,22.51,22.541,22.534,22.534,22.526,22.51,22.495,22.441,22.449,22.418,22.418,22.433,22.41,22.402,22.402,22.402,22.41,22.418,22.425,22.41,22.41,22.41,22.41,22.379,22.348,22.379,22.394,22.34,22.41,22.402,22.394,22.441,22.387,22.441,22.441,22.348
,22.1,22.038,22.053,22.046,22.03,22.046,22.053,22.061,22.077,22.108,22.108,22.092,22.108,22.1,22.108,22.116,22.092,22.123,22.131,22.131,22.123,22.147,22.131,22.123,22.131,22.147,22.131,22.123,22.123,22.123,22.154,22.17,22.178,22.185,22.178,22.154,22.162,22.154,22.17,22.193,22.201,22.178,22.162,22.185,22.178,22.216,22.193,22.201,22.201,22.185,22.201,22.17,22.209,22.224,22.255,22.263,22.286,22.294,22.278,22.325,22.302,22.332,22.332,22.317,22.332,22.371,22.363,22.394,22.41,22.41,22.418,22.394,22.394,22.394,22.387,22.402,22.425,22.418,22.425,22.518,22.534,22.557,22.588,22.665,22.68,22.888,23.272,23.51,24.014,24.196,24.204,24.477,24.576,24.704,24.893,24.954,24.999,25.165,25.262,25.338,25.368,25.443,25.473,25.555,25.6,25.75,25.803,25.825,25.847,25.75,25.698,25.563,25.51,25.525,25.503,25.488,25.458,25.435,25.398,25.353,25.27,25.112,24.825,24.757,24.682,24.545,24.515,24.492,24.515,24.515,24.538,24.56,24.576,24.621,24.659,24.727,25.029,25.217,25.465,25.645,26.154,26.183,26.191,26.191,26.161,25.982,25.982,25.915,25.847,25.615,25.39,25.277,25.217,25.202,25.119,25.006,24.379,23.998,24.021,24.044,24.12,24.227,24.211,24.242,24.189,24.158,24.067,24.067,24.075,24.12,24.135,24.409,24.598,24.735,24.833,24.84,24.84,24.795,24.757,24.697,24.689,24.689,24.666,24.697,24.719,24.742,24.787,24.825,24.916,24.901,24.938,24.931,24.931,24.825,24.507,24.234,23.938,23.632,23.564,23.472,23.472,23.495,23.525,23.564,23.64,24.006,24.12,25.277,26.637,26.645,26.496,26.34,26.161,26.057,25.922,25.877,25.728,25.593,25.623,25.54,25.533,25.51,25.398,25.353,25.247,25.157,25.067,24.946,24.871,24.78,24.682,24.348,24.28,24.151,24.158,24.181,24.173,24.287,24.325,24.379,24.462,24.568,24.644,24.75,24.772,24.893,25.021,25.097,25.074,25.119,25.149,25.119,24.999,24.818,24.742,24.787,24.803,24.923,24.946,25.074,25.172,25.225,25.21,25.3,25.3,25.187,25.104,25.149,25.119,25.165,25.119,25.157,25.21,25.247,25.285,25.33,25.375,25.383,25.308,25.262,25.405,25.338,25.39,25.405,25.413,25.39,25.428,25.428,25.39,25.338,25.27,25.187,25.195,25.165,25.097,25.021,24.999,24.976,24.938,24.923,24.901,24.886,24.886,24.863,24.84,24.825,24.81,24.818,24.825,24.855,24.855,24.901,24.916,24.954,24.969,25.014,25.029,25.059,25.134,25.112,25.202,25.21,25.247,25.292,25.3,25.345,25.345,25.375,25.36,25.368,25.323,25.3,25.24,25.247,25.353,25.323,25.488,25.503,25.593,25.465,25.42,25.187,24.855,24.636,24.447,24.462,24.166,23.991,23.96,23.899,23.899,23.823,23.808,23.762,23.648,23.625,23.487,23.441,23.433,23.586,24.439,24.545,24.545,24.545,24.53,24.5,24.386,24.211,24.105,24.014,23.953,23.869,23.777,23.564,23.433,23.372,23.341,23.234,23.096,23.096,23.073,23.042,23.104,23.257,23.854,24.954,25.067,25.24,25.353,25.383,25.54,25.578,25.608,25.615,25.608,25.608,25.608,25.563,25.548,25.45,25.277,25.165,25.036,24.976,24.772,24.545,24.47,24.257,24.12,23.976,23.907,23.823,23.77,23.755,23.671,23.64,23.564,23.502,23.518,23.418,23.364,23.296,23.265,23.173,23.096,23.111,23.027,23.019,23.042,23.081,23.203,23.349,23.686,24.006,24.037,24.044,24.029,23.945,23.724,23.632,23.456,23.441,23.364,23.341,23.357,23.372,24.037,25.014,25.735,26.823,26.823,26.823,26.704,26.399,26.31,26.079,26.034,26.004,26.012,26.191,26.37,26.518,26.993,27.045,27.037,27.03,26.882,26.333,25.51,25.119,24.946,24.697,24.492,24.356,24.189,24.135,24.113,24.014,23.93,23.877,23.854,23.831,23.816,23.777,23.755,23.724,23.709,23.709,23.701,23.732,23.861,23.938,24.037,24.143,24.166,24.249,24.318,24.31,24.318,24.341,24.257,24.416,24.507,24.613,24.795,25.044,25.39,25.51,25.548,25.548,25.533,25.525,25.443,25.27,25.195,24.946,24.719,24.553,24.432,24.303,24.303,24.234,24.249,24.211,24.272,24.242,24.295,24.363,24.432,24.523,24.583,24.659,24.704,24.78,24.757,24.795,24.795,24.818,24.84,24.908,24.923,25.029,25.059,25.067,24.954,24.878,24.576,24.545,24.249,24.09,23.998,23.976,23.831,23.762,23.64,23.579,23.502,23.518,24.81,25.435,25.435,24.81,24.674,24.666,24.787,25.675,25.735,25.593,25.48,25.323,25.097,25.029,24.659,24.545,24.591,24.538,24.447,23.648,23.495,23.134,22.927,22.919,22.696,22.819,22.734,22.75,22.734,22.688,22.696,22.688,22.688,22.634,22.649,22.634,22.588,22.595,22.588,22.603,22.564,22.603,22.634,22.549,22.534,22.51,22.51,22.541,22.541,22.534,22.495,22.487,22.472,22.456,22.449,22.418,22.425,22.425,22.425,22.402,22.41,22.402,22.402,22.394,22.425,22.394,22.379,22.402,22.402,22.433,22.387,22.402,22.387,22.332,22.418,22.394,22.441,22.456,22.456,22.425,22.363,22.379
,22.077,22.038,22.046,22.061,22.046,22.069,22.077,22.077,22.084,22.1,22.1,22.077,22.116,22.108,22.092,22.116,22.131,22.131,22.131,22.147,22.162,22.147,22.131,22.139,22.131,22.154,22.154,22.131,22.139,22.131,22.139,22.193,22.162,22.209,22.185,22.17,22.178,22.178,22.178,22.185,22.201,22.185,22.178,22.185,22.178,22.193,22.193,22.201,22.193,22.193,22.185,22.201,22.209,22.255,22.263,22.24,22.278,22.302,22.302,22.325,22.348,22.332,22.356,22.325,22.34,22.34,22.363,22.394,22.41,22.41,22.425,22.394,22.433,22.387,22.394,22.387,22.425,22.472,22.464,22.503,22.541,22.603,22.595,22.634,22.765,23.226,23.678,23.922,24.075,24.265,24.31,24.682,24.666,24.893,24.908,25.052,25.097,25.217,25.21,25.292,25.323,25.36,25.548,25.563,25.615,25.683,25.72,25.705,25.668,25.63,25.63,25.495,25.45,25.465,25.465,25.398,25.315,25.368,25.247,25.225,25.044,24.991,24.855,24.704,24.553,24.507,24.485,24.47,24.477,24.477,24.507,24.523,24.56,24.545,24.644,24.923,24.923,25.217,25.308,25.668,26.087,26.146,26.154,26.161,26.064,26.012,25.952,25.832,25.728,25.758,25.345,25.323,25.225,25.157,25.157,24.803,24.09,24.059,24.067,24.067,24.219,24.234,24.234,24.219,24.204,24.097,24.044,24.052,24.037,24.143,24.204,24.432,24.689,24.772,24.825,24.833,24.795,24.75,24.719,24.682,24.629,24.644,24.644,24.674,24.659,24.674,24.735,24.765,24.825,24.818,24.818,24.81,24.697,24.568,24.265,23.998,23.678,23.564,23.487,23.464,23.464,23.479,23.502,23.564,23.678,23.922,24.219,25.368,26.6,26.496,26.377,26.087,26.012,25.855,25.72,25.698,25.608,25.585,25.503,25.495,25.428,25.458,25.3,25.255,25.127,25.044,25.006,24.961,24.825,24.742,24.53,24.416,24.265,24.211,24.158,24.151,24.166,24.227,24.333,24.424,24.507,24.553,24.644,24.803,24.833,24.923,25.052,25.059,25.149,25.127,25.149,25.089,25.006,24.871,24.833,24.765,24.825,24.961,25.021,25.277,25.27,25.338,25.315,25.353,25.375,25.172,25.112,25.127,25.157,25.142,25.044,25.127,25.202,25.262,25.323,25.473,25.525,25.473,25.503,25.615,25.63,25.653,25.608,25.495,25.503,25.48,25.458,25.465,25.435,25.368,25.323,25.27,25.232,25.149,25.097,25.074,24.961,24.946,24.923,24.893,24.886,24.886,24.878,24.855,24.84,24.84,24.833,24.833,24.848,24.878,24.908,24.923,24.976,25.021,25.006,25.021,25.104,25.089,25.202,25.232,25.262,25.308,25.323,25.39,25.36,25.375,25.398,25.405,25.383,25.473,25.42,25.413,25.465,25.42,25.585,25.66,25.84,25.75,25.668,25.645,25.518,25.338,25.119,24.795,24.56,24.409,24.295,24.113,24.014,23.968,23.877,23.899,23.785,23.716,23.648,23.556,23.418,23.41,23.403,24.151,24.5,24.56,24.568,24.568,24.56,24.5,24.477,24.31,24.181,24.044,23.968,23.892,23.861,23.724,23.541,23.341,23.372,23.226,23.111,23.088,23.073,23.073,23.15,23.272,23.594,24.795,25.165,25.33,25.428,25.488,25.593,25.578,25.623,25.638,25.638,25.615,25.578,25.555,25.548,25.45,25.277,25.255,25.006,24.878,24.742,24.515,24.363,24.173,24.105,23.945,23.93,23.808,23.777,23.732,23.693,23.586,23.594,23.548,23.533,23.525,23.41,23.349,23.242,23.226,23.18,23.15,23.104,23.027,23.034,23.034,23.18,23.334,23.334,23.884,23.922,23.991,23.976,23.953,23.938,23.671,23.548,23.41,23.372,23.326,23.349,23.449,24.021,25.014,26.027,26.83,26.919,26.867,26.867,26.563,26.265,26.161,26.019,26.004,26.057,26.109,26.518,26.712,26.904,26.949,27.015,26.882,26.83,26.176,25.323,25.014,24.886,24.613,24.462,24.265,24.265,24.196,24.09,24.021,23.907,23.869,23.861,23.838,23.808,23.777,23.739,23.724,23.709,23.671,23.732,23.739,23.831,23.899,23.991,24.09,24.211,24.242,24.295,24.325,24.341,24.325,24.363,24.447,24.56,24.727,24.931,25.323,25.443,25.51,25.563,25.615,25.578,25.668,25.428,25.285,25.052,24.871,24.772,24.56,24.424,24.295,24.303,24.181,24.204,24.181,24.189,24.249,24.303,24.371,24.454,24.47,24.583,24.682,24.719,24.75,24.75,24.757,24.78,24.81,24.833,24.901,24.923,25.044,25.067,25.074,25.036,24.916,24.674,24.477,24.166,24.105,24.037,23.861,23.892,23.77,23.709,23.625,23.548,23.502,24.394,25.45,25.383,24.795,24.712,24.659,24.833,25.675,25.713,25.623,25.593,25.518,25.172,24.976,24.878,24.568,24.583,24.523,24.492,24.219,23.686,23.088,22.927,22.911,22.85,22.819,22.765,22.75,22.734,22.727,22.711,22.719,22.696,22.688,22.642,22.619,22.595,22.588,22.564,22.603,22.603,22.634,22.619,22.564,22.564,22.526,22.51,22.526,22.526,22.518,22.518,22.495,22.495,22.495,22.495,22.441,22.418,22.456,22.418,22.425,22.402,22.41,22.433,22.402,22.425,22.418,22.402,22.433,22.402,22.418,22.371,22.394,22.379,22.41,22.371,22.449,22.441,22.425,22.418,22.387,22.371,22.402
,22.069,22.069,22.046,22.038,22.061,22.061,22.069,22.084,22.092,22.069,22.108,22.1,22.1,22.1,22.1,22.108,22.131,22.116,22.139,22.162,22.154,22.17,22.139,22.123,22.131,22.147,22.147,22.147,22.147,22.147,22.154,22.162,22.162,22.178,22.201,22.178,22.17,22.201,22.17,22.185,22.17,22.185,22.185,22.185,22.209,22.201,22.209,22.193,22.216,22.216,22.216,22.247,22.193,22.232,22.24,22.255,22.263,22.294,22.302,22.34,22.34,22.363,22.363,22.379,22.371,22.402,22.379,22.363,22.379,22.394,22.402,22.394,22.394,22.394,22.379,22.379,22.41,22.464,22.495,22.51,22.557,22.595,22.611,22.711,23.019,23.663,23.854,24.09,24.211,24.325,24.379,24.697,24.757,24.878,24.931,25.067,25.112,25.172,25.292,25.3,25.33,25.277,25.36,25.458,25.585,25.6,25.653,25.69,25.638,25.623,25.473,25.428,25.458,25.345,25.323,25.217,25.285,25.165,25.021,24.931,24.871,24.704,24.613,24.5,24.477,24.454,24.454,24.439,24.439,24.439,24.432,24.454,24.523,24.56,24.629,24.727,24.878,24.991,25.27,25.623,26.049,26.139,26.116,26.087,25.982,26.004,25.915,25.892,25.773,25.435,25.33,25.315,25.262,25.217,25.082,24.644,24.075,24.014,24.029,24.067,24.09,24.204,24.196,24.166,24.173,24.09,24.059,24.029,24.067,24.12,24.31,24.348,24.689,24.765,24.787,24.78,24.75,24.719,24.674,24.606,24.606,24.613,24.583,24.568,24.621,24.591,24.666,24.621,24.727,24.659,24.712,24.659,24.523,24.265,23.968,23.77,23.594,23.495,23.464,23.433,23.441,23.464,23.487,23.533,23.602,23.922,24.515,26.109,26.407,26.459,26.131,26.109,25.915,25.862,25.713,25.6,25.518,25.48,25.45,25.428,25.383,25.323,25.24,25.18,25.059,24.946,24.863,24.84,24.606,24.53,24.409,24.31,24.265,24.158,24.128,24.143,24.135,24.189,24.333,24.363,24.462,24.53,24.682,24.772,24.81,24.923,25.142,25.089,25.187,25.247,25.127,25.089,25.044,24.855,24.863,24.855,24.901,25.044,25.172,25.187,25.202,25.308,25.375,25.42,25.353,25.277,25.089,25.059,25.089,25.104,25.014,24.999,25.142,25.285,25.48,25.563,25.63,25.51,25.72,25.638,25.66,25.877,25.66,25.803,25.638,25.555,25.503,25.495,25.458,25.428,25.368,25.292,25.277,25.157,25.134,25.021,24.991,24.954,24.938,24.938,24.886,24.878,24.855,24.878,24.878,24.863,24.878,24.878,24.901,24.893,24.961,24.931,25.006,25.029,25.052,25.052,25.119,25.157,25.21,25.262,25.285,25.33,25.428,25.405,25.413,25.39,25.443,25.488,25.473,25.443,25.495,25.48,25.495,25.675,25.66,25.765,25.877,25.81,25.743,25.593,25.495,25.435,25.052,24.78,24.621,24.5,24.341,24.135,24.067,24.021,23.938,23.884,23.777,23.716,23.609,23.579,23.441,23.395,23.395,24.158,24.523,24.576,24.576,24.568,24.553,24.454,24.416,24.318,24.211,23.998,23.953,23.846,23.823,23.655,23.502,23.456,23.334,23.165,23.127,23.119,23.081,23.05,23.088,23.15,23.785,24.787,25.24,25.33,25.42,25.458,25.623,25.63,25.653,25.638,25.66,25.623,25.6,25.548,25.458,25.36,25.172,25.082,25.006,24.893,24.644,24.53,24.341,24.234,24.006,24.021,23.938,23.831,23.793,23.755,23.678,23.655,23.541,23.548,23.533,23.51,23.449,23.349,23.311,23.249,23.157,23.119,23.042,23.004,23.027,23.042,23.073,23.249,23.64,23.808,23.884,23.938,23.922,23.922,23.77,23.663,23.472,23.418,23.334,23.319,23.372,23.395,23.915,24.803,25.803,26.763,26.971,26.956,26.838,26.63,26.474,26.228,26.101,26.012,25.997,26.318,26.489,26.504,26.808,26.904,26.875,26.786,26.63,25.862,25.074,24.946,24.78,24.659,24.538,24.416,24.295,24.158,24.09,23.945,23.884,23.884,23.831,23.793,23.747,23.762,23.732,23.678,23.686,23.686,23.686,23.732,23.747,23.838,24.021,24.052,24.211,24.257,24.303,24.318,24.333,24.333,24.416,24.416,24.682,24.75,24.893,25.292,25.465,25.563,25.57,25.585,25.593,25.533,25.413,25.082,24.969,24.908,24.795,24.583,24.333,24.28,24.234,24.12,24.135,24.143,24.189,24.189,24.242,24.356,24.409,24.485,24.553,24.674,24.719,24.742,24.765,24.78,24.742,24.803,24.84,24.871,24.893,24.999,25.044,25.014,25.036,24.871,24.704,24.394,24.204,24.082,23.96,23.869,23.8,23.739,23.579,23.533,23.441,23.395,24.173,25.398,25.277,24.757,24.689,24.606,24.666,25.683,25.735,25.698,25.638,25.435,25.3,24.938,24.871,24.651,24.553,24.545,24.492,24.462,23.846,23.249,23.019,22.927,22.896,22.858,22.796,22.765,22.773,22.742,22.719,22.727,22.703,22.673,22.665,22.611,22.572,22.595,22.572,22.572,22.611,22.603,22.611,22.526,22.518,22.518,22.51,22.503,22.503,22.518,22.495,22.479,22.479,22.487,22.464,22.472,22.441,22.456,22.418,22.425,22.425,22.418,22.418,22.418,22.418,22.402,22.394,22.387,22.379,22.379,22.394,22.394,22.418,22.356,22.394,22.394,22.441,22.425,22.441,22.371,22.418,22.356
,22.108,22.084,22.077,22.077,22.077,22.069,22.061,22.046,22.084,22.077,22.116,22.077,22.084,22.1,22.1,22.116,22.108,22.123,22.139,22.123,22.17,22.116,22.077,22.116,22.131,22.147,22.154,22.17,22.154,22.154,22.162,22.154,22.185,22.185,22.154,22.193,22.209,22.201,22.185,22.201,22.193,22.185,22.209,22.201,22.201,22.209,22.216,22.216,22.224,22.216,22.224,22.232,22.278,22.255,22.255,22.278,22.278,22.294,22.332,22.309,22.34,22.379,22.387,22.371,22.363,22.332,22.325,22.325,22.402,22.363,22.418,22.425,22.402,22.418,22.379,22.449,22.449,22.479,22.503,22.541,22.619,22.58,22.611,23.034,23.472,23.762,23.922,23.998,24.272,24.318,24.56,24.697,24.803,24.946,24.984,25.089,25.142,25.24,25.292,25.345,25.323,25.315,25.33,25.33,25.383,25.615,25.585,25.525,25.518,25.353,25.443,25.405,25.398,25.277,25.24,25.149,25.029,24.938,24.863,24.727,24.485,24.523,24.492,24.454,24.447,24.432,24.432,24.432,24.432,24.439,24.439,24.454,24.523,24.553,24.568,24.727,24.719,24.976,25.172,25.375,25.915,26.072,26.101,26.116,26.034,25.975,25.885,25.713,25.608,25.39,25.353,25.315,25.27,25.119,25.097,24.727,23.96,24.029,24.014,24.037,24.082,24.151,24.173,24.151,24.12,24.082,24.059,24.059,24.128,24.181,24.303,24.5,24.704,24.735,24.795,24.787,24.75,24.666,24.644,24.591,24.553,24.583,24.53,24.56,24.538,24.56,24.523,24.613,24.523,24.598,24.515,24.447,24.363,24.014,23.838,23.617,23.533,23.472,23.418,23.41,23.41,23.456,23.548,23.541,23.861,23.998,24.735,26.198,26.251,26.131,26.027,25.967,25.698,25.72,25.623,25.563,25.458,25.398,25.36,25.292,25.3,25.3,25.134,25.119,25.052,24.946,24.787,24.735,24.523,24.53,24.379,24.325,24.234,24.059,24.105,24.097,24.158,24.166,24.272,24.386,24.462,24.432,24.591,24.666,24.795,25.067,25.217,25.202,25.277,25.27,25.232,25.112,25.014,24.976,24.923,24.976,25.112,25.044,25.225,25.308,25.345,25.428,25.398,25.443,25.428,25.292,25.112,25.059,25.082,24.999,24.976,24.984,25.082,25.255,25.383,25.653,25.72,25.675,25.795,25.87,25.922,25.952,25.945,25.907,25.818,25.645,25.54,25.533,25.495,25.428,25.428,25.33,25.27,25.202,25.149,25.044,24.969,24.938,24.954,24.916,24.923,24.893,24.886,24.893,24.893,24.893,24.908,24.916,24.908,24.991,24.938,24.961,24.976,25.021,25.067,25.074,25.119,25.18,25.202,25.27,25.435,25.488,25.495,25.488,25.458,25.45,25.473,25.533,25.51,25.495,25.473,25.525,25.585,25.743,25.765,25.855,25.84,25.78,25.788,25.645,25.54,25.323,25.036,24.825,24.545,24.492,24.31,24.28,24.143,24.059,23.983,23.884,23.816,23.701,23.548,23.433,23.426,23.41,23.364,24.424,24.507,24.591,24.591,24.583,24.53,24.5,24.447,24.333,24.189,24.029,24.037,23.877,23.793,23.808,23.586,23.479,23.441,23.334,23.096,23.088,23.065,23.042,23.127,23.203,23.288,24.878,25.27,25.345,25.51,25.585,25.615,25.623,25.69,25.66,25.645,25.608,25.593,25.563,25.563,25.255,25.165,25.112,24.946,24.78,24.598,24.432,24.333,24.242,24.113,23.968,23.96,23.877,23.8,23.755,23.709,23.609,23.594,23.602,23.556,23.51,23.479,23.395,23.272,23.288,23.242,23.127,23.111,23.034,23.034,23.042,23.104,23.234,23.395,23.617,23.793,23.861,23.968,23.899,23.655,23.594,23.525,23.418,23.341,23.303,23.349,23.38,24.113,24.401,25.758,26.689,26.993,27.015,26.934,26.749,26.615,26.198,26.049,26.079,26.243,26.377,26.452,26.674,26.778,26.889,26.875,26.704,26.37,25.518,24.908,24.893,24.742,24.583,24.485,24.28,24.249,24.158,24.067,23.976,23.938,23.846,23.808,23.816,23.762,23.732,23.655,23.663,23.64,23.64,23.693,23.701,23.77,23.777,23.884,24.075,24.166,24.249,24.28,24.31,24.325,24.318,24.386,24.386,24.56,24.886,25.104,25.488,25.54,25.563,25.608,25.593,25.585,25.578,25.443,25.285,24.931,24.833,24.53,24.432,24.371,24.249,24.204,24.075,24.105,24.09,24.128,24.204,24.242,24.287,24.432,24.5,24.598,24.719,24.727,24.765,24.78,24.742,24.78,24.787,24.795,24.825,24.863,25.014,25.036,25.059,25.036,24.938,24.855,24.492,24.227,24.029,23.968,23.892,23.808,23.663,23.586,23.525,23.387,23.326,24.249,25.285,25.089,24.78,24.666,24.553,24.644,25.645,25.675,25.705,25.645,25.623,25.398,24.923,24.825,24.659,24.568,24.568,24.47,24.47,24.082,23.732,23.15,23.027,22.919,22.827,22.834,22.804,22.757,22.742,22.734,22.703,22.711,22.68,22.673,22.634,22.619,22.603,22.572,22.603,22.572,22.603,22.541,22.58,22.541,22.526,22.526,22.518,22.503,22.51,22.487,22.495,22.464,22.479,22.464,22.487,22.479,22.449,22.449,22.425,22.449,22.41,22.425,22.41,22.41,22.425,22.41,22.402,22.387,22.425,22.371,22.379,22.41,22.41,22.379,22.348,22.425,22.394,22.441,22.456,22.363,22.363
,22.108,22.092,22.1,22.092,22.069,22.061,22.077,22.084,22.084,22.084,22.108,22.092,22.1,22.092,22.108,22.092,22.092,22.092,22.123,22.139,22.131,22.108,22.123,22.116,22.139,22.147,22.193,22.162,22.147,22.17,22.154,22.162,22.17,22.17,22.17,22.178,22.185,22.185,22.185,22.193,22.193,22.209,22.209,22.209,22.216,22.201,22.185,22.224,22.24,22.216,22.271,22.232,22.247,22.255,22.247,22.286,22.286,22.302,22.302,22.371,22.332,22.363,22.363,22.348,22.34,22.332,22.332,22.348,22.34,22.371,22.387,22.394,22.41,22.402,22.41,22.464,22.456,22.503,22.572,22.611,22.642,22.75,22.934,23.226,23.732,23.945,23.976,24.181,24.265,24.462,24.583,24.704,24.916,24.946,25.052,25.172,25.262,25.277,25.308,25.315,25.308,25.277,25.255,25.345,25.435,25.555,25.585,25.45,25.488,25.338,25.323,25.292,25.225,25.217,25.006,24.984,24.984,24.81,24.765,24.583,24.5,24.507,24.447,24.432,24.409,24.439,24.432,24.432,24.439,24.447,24.439,24.454,24.47,24.492,24.538,24.651,24.787,24.923,24.954,25.465,25.832,26.042,26.109,26.139,26.101,26.087,25.9,25.735,25.465,25.39,25.345,25.255,25.292,25.262,24.984,24.135,24.09,24.014,24.006,24.059,24.082,24.143,24.166,24.173,24.151,24.105,24.09,24.059,24.082,24.113,24.272,24.515,24.606,24.712,24.719,24.674,24.689,24.644,24.621,24.576,24.538,24.53,24.507,24.447,24.462,24.523,24.416,24.424,24.341,24.181,24.325,24.181,23.96,23.816,23.709,23.418,23.41,23.403,23.403,23.372,23.395,23.433,23.495,23.525,23.648,24.082,24.863,26.191,26.109,26.124,26.012,25.862,25.608,25.548,25.443,25.428,25.36,25.36,25.308,25.292,25.24,25.21,25.172,25.059,24.946,24.976,24.863,24.591,24.674,24.409,24.379,24.242,24.12,24.067,24.075,24.075,24.105,24.181,24.265,24.333,24.439,24.507,24.591,24.613,24.855,24.878,24.984,25.3,25.315,25.36,25.24,25.202,25.036,25.006,24.984,24.976,25.104,25.187,25.225,25.24,25.398,25.435,25.45,25.45,25.413,25.292,25.104,24.999,24.991,24.946,24.954,24.984,25.067,25.187,25.42,25.66,25.803,25.915,26.034,26.049,26.027,26.034,25.96,25.93,25.877,25.713,25.578,25.518,25.473,25.443,25.398,25.405,25.292,25.217,25.104,25.067,25.021,24.961,24.961,24.916,24.931,24.886,24.916,24.908,24.901,24.916,24.946,24.969,24.938,24.984,25.014,24.984,24.984,25.006,25.021,25.097,25.104,25.172,25.225,25.3,25.503,25.585,25.6,25.615,25.525,25.51,25.45,25.473,25.435,25.405,25.443,25.525,25.638,25.72,25.803,25.832,25.832,25.788,25.758,25.638,25.488,25.24,24.825,24.697,24.56,24.432,24.356,24.242,24.166,24.059,23.998,23.922,23.808,23.732,23.518,23.441,23.372,23.387,23.564,24.47,24.576,24.583,24.598,24.576,24.553,24.523,24.394,24.303,24.257,24.173,23.968,23.869,23.838,23.739,23.663,23.518,23.41,23.226,23.157,23.058,23.073,23.019,23.05,23.249,23.456,24.742,25.292,25.42,25.51,25.548,25.683,25.69,25.653,25.653,25.675,25.615,25.593,25.428,25.39,25.262,25.127,25.036,24.908,24.78,24.719,24.462,24.318,24.234,24.143,24.075,23.96,23.892,23.831,23.762,23.716,23.655,23.594,23.579,23.564,23.525,23.456,23.364,23.357,23.303,23.196,23.165,23.081,23.058,23.05,23.065,23.081,23.188,23.257,23.495,23.701,23.762,23.823,23.854,23.686,23.518,23.51,23.341,23.311,23.311,23.311,23.426,24.143,24.984,25.78,26.347,27.015,27.015,27,26.786,26.593,26.437,26.362,26.407,26.347,26.452,26.474,26.652,26.904,26.83,26.8,26.541,25.668,25.044,24.765,24.719,24.689,24.538,24.454,24.333,24.265,24.135,24.082,23.991,23.877,23.846,23.8,23.755,23.709,23.663,23.602,23.655,23.632,23.617,23.655,23.686,23.724,23.808,23.861,24.021,24.097,24.265,24.272,24.28,24.318,24.348,24.379,24.523,24.651,24.999,25.247,25.525,25.593,25.615,25.585,25.593,25.585,25.563,25.443,25.089,24.908,24.803,24.606,24.363,24.348,24.196,24.151,24.082,24.029,24.029,24.135,24.181,24.295,24.454,24.545,24.416,24.666,24.704,24.735,24.75,24.735,24.742,24.75,24.757,24.803,24.81,24.795,24.938,25.014,25.044,24.991,24.908,24.765,24.303,24.181,23.998,23.976,23.861,23.663,23.693,23.556,23.479,23.334,23.257,23.518,25.18,25.165,24.75,24.56,24.515,24.553,25.104,25.653,25.668,25.638,25.6,25.488,25.172,24.855,24.682,24.629,24.553,24.53,24.477,24.173,23.938,23.395,23.073,22.888,22.834,22.819,22.78,22.765,22.742,22.734,22.727,22.719,22.696,22.696,22.649,22.619,22.572,22.595,22.572,22.572,22.603,22.564,22.557,22.58,22.541,22.526,22.518,22.495,22.503,22.487,22.479,22.479,22.449,22.464,22.479,22.449,22.456,22.441,22.464,22.449,22.41,22.402,22.418,22.394,22.41,22.379,22.394,22.41,22.379,22.348,22.379,22.394,22.41,22.317,22.379,22.348,22.371,22.379,22.425,22.387,22.34
,22.108,22.092,22.077,22.053,22.053,22.038,22.069,22.061,22.077,22.084,22.069,22.092,22.077,22.061,22.1,22.069,22.069,22.116,22.108,22.131,22.131,22.1,22.069,22.108,22.131,22.131,22.154,22.154,22.154,22.162,22.147,22.147,22.154,22.154,22.162,22.154,22.17,22.17,22.185,22.193,22.193,22.201,22.209,22.216,22.247,22.216,22.224,22.232,22.247,22.247,22.232,22.232,22.224,22.24,22.232,22.263,22.278,22.294,22.317,22.302,22.332,22.34,22.348,22.34,22.332,22.332,22.317,22.356,22.356,22.363,22.402,22.41,22.418,22.418,22.433,22.449,22.464,22.611,22.626,22.657,22.688,22.742,23.326,23.808,23.915,23.93,24.12,24.143,24.409,24.485,24.735,24.84,24.871,24.938,25.172,25.21,25.27,25.33,25.345,25.323,25.277,25.225,25.255,25.323,25.368,25.42,25.405,25.465,25.285,25.277,25.232,25.255,25.187,25.119,25.142,24.81,24.75,24.659,24.485,24.477,24.409,24.401,24.409,24.416,24.416,24.432,24.439,24.447,24.447,24.454,24.454,24.477,24.477,24.523,24.583,24.666,24.697,24.78,25.014,25.195,25.48,26.094,26.109,26.049,26.176,26.191,25.84,25.555,25.473,25.42,25.375,25.368,25.285,25.187,24.886,24.09,24.037,23.983,24.014,24.067,24.059,24.143,24.158,24.166,24.166,24.151,24.128,24.09,24.082,24.196,24.295,24.485,24.553,24.674,24.659,24.674,24.651,24.636,24.606,24.53,24.523,24.477,24.454,24.432,24.363,24.348,24.325,24.257,24.227,24.28,24.082,23.96,23.755,23.609,23.456,23.372,23.349,23.372,23.334,23.349,23.395,23.449,23.472,23.533,23.671,24.09,24.923,26.169,26.139,25.982,25.862,25.555,25.495,25.405,25.383,25.33,25.27,25.277,25.217,25.217,25.217,25.134,25.119,25.036,24.916,24.757,24.629,24.568,24.492,24.379,24.28,24.181,24.052,24.044,24.029,24.052,24.075,24.097,24.166,24.242,24.31,24.416,24.538,24.659,24.757,24.931,25.134,25.232,25.353,25.33,25.3,25.285,25.262,25.172,25.134,25.127,25.165,25.202,25.262,25.338,25.368,25.458,25.465,25.465,25.383,25.323,25.074,24.938,24.946,24.938,24.938,24.961,24.999,25.119,25.338,25.653,25.773,25.93,26.019,26.049,26.064,26.012,25.982,25.907,25.84,25.735,25.623,25.435,25.45,25.405,25.428,25.398,25.338,25.247,25.089,24.946,24.938,24.969,24.954,24.908,24.916,24.893,24.954,24.938,24.961,24.984,24.969,24.984,25.006,25.059,25.052,25.044,24.999,24.961,24.954,25.029,25.067,25.157,25.202,25.262,25.54,25.66,25.653,25.645,25.495,25.405,25.405,25.398,25.3,25.375,25.465,25.593,25.66,25.758,25.81,25.818,25.765,25.735,25.69,25.563,25.225,25.059,24.901,24.704,24.53,24.47,24.356,24.242,24.166,24.059,24.059,23.899,23.793,23.64,23.51,23.479,23.41,23.426,24.135,24.553,24.613,24.591,24.591,24.576,24.53,24.454,24.432,24.31,24.189,24.143,24.037,23.861,23.838,23.739,23.671,23.51,23.403,23.257,23.111,23.058,23.019,23.073,23.065,23.234,23.617,24.674,25.353,25.495,25.518,25.623,25.623,25.63,25.668,25.623,25.645,25.63,25.54,25.443,25.255,25.195,25.119,25.029,24.871,24.735,24.583,24.492,24.333,24.272,24.151,24.082,23.991,23.915,23.823,23.77,23.732,23.64,23.625,23.579,23.556,23.548,23.472,23.441,23.38,23.311,23.257,23.165,23.127,23.065,23.065,23.042,23.073,23.104,23.211,23.349,23.479,23.64,23.8,23.724,23.64,23.51,23.472,23.319,23.326,23.249,23.341,23.418,24.135,24.961,25.743,26.57,27.023,27.045,27.045,26.86,26.726,26.652,26.362,26.385,26.489,26.444,26.548,26.608,26.563,26.719,26.511,26.124,25.473,24.954,24.735,24.613,24.621,24.492,24.454,24.363,24.287,24.234,24.044,23.983,23.945,23.854,23.8,23.739,23.709,23.655,23.594,23.579,23.586,23.609,23.617,23.617,23.716,23.762,23.777,23.877,24.006,24.234,24.242,24.265,24.295,24.348,24.401,24.568,24.855,25.021,25.285,25.563,25.548,25.638,25.63,25.578,25.555,25.428,25.338,24.999,24.893,24.795,24.613,24.28,24.257,24.135,24.097,24.029,24.037,24.044,24.105,24.135,24.189,24.265,24.568,24.644,24.659,24.727,24.735,24.75,24.735,24.757,24.757,24.742,24.75,24.735,24.818,24.901,25.036,25.052,24.961,24.848,24.394,24.356,24.204,24.052,23.96,23.8,23.77,23.586,23.479,23.41,23.296,23.257,23.357,25.059,24.878,24.704,24.576,24.5,24.583,25.435,25.675,25.668,25.645,25.615,25.458,25.277,24.984,24.666,24.576,24.523,24.462,24.416,24.234,24.037,23.372,23.127,22.934,22.911,22.827,22.827,22.734,22.75,22.727,22.703,22.711,22.696,22.665,22.688,22.649,22.588,22.595,22.557,22.572,22.572,22.526,22.526,22.518,22.526,22.534,22.503,22.51,22.495,22.495,22.495,22.495,22.472,22.464,22.472,22.464,22.441,22.418,22.41,22.433,22.41,22.433,22.371,22.394,22.371,22.387,22.402,22.394,22.394,22.356,22.402,22.356,22.356,22.418,22.394,22.402,22.394,22.379,22.363,22.371,22.348
,22.092,22.084,22.1,22.077,22.046,22.061,22.069,22.069,22.061,22.077,22.084,22.092,22.084,22.077,22.038,22.084,22.084,22.092,22.108,22.084,22.1,22.077,22.084,22.108,22.147,22.123,22.193,22.154,22.162,22.162,22.131,22.154,22.154,22.139,22.154,22.17,22.185,22.178,22.178,22.178,22.185,22.209,22.209,22.209,22.224,22.193,22.224,22.232,22.232,22.232,22.232,22.232,22.224,22.24,22.24,22.247,22.271,22.286,22.294,22.309,22.309,22.332,22.332,22.348,22.332,22.317,22.332,22.348,22.363,22.363,22.371,22.41,22.418,22.433,22.456,22.456,22.526,22.51,22.58,22.642,22.68,23.042,23.594,23.762,23.877,24.006,24.113,24.295,24.447,24.492,24.697,24.803,24.938,25.052,24.999,25.285,25.345,25.33,25.345,25.27,25.217,25.187,25.232,25.225,25.292,25.345,25.338,25.277,25.225,25.18,25.142,25.165,25.074,25.074,24.855,24.606,24.553,24.515,24.409,24.401,24.394,24.379,24.394,24.409,24.424,24.447,24.447,24.454,24.47,24.477,24.485,24.477,24.492,24.538,24.553,24.576,24.727,24.704,24.818,25.104,25.368,25.743,26.116,26.131,26.146,26.034,25.743,25.533,25.533,25.42,25.413,25.368,25.292,25.217,24.886,24.128,24.052,23.968,23.953,24.052,24.052,24.105,24.158,24.166,24.166,24.181,24.143,24.113,24.143,24.105,24.272,24.439,24.591,24.591,24.606,24.568,24.576,24.598,24.568,24.515,24.492,24.439,24.363,24.333,24.348,24.249,24.28,24.234,24.128,24.029,23.8,23.747,23.594,23.472,23.387,23.334,23.319,23.319,23.311,23.349,23.334,23.418,23.571,23.64,23.8,24.158,25.383,26.034,26.027,25.877,25.638,25.638,25.405,25.368,25.323,25.262,25.27,25.165,25.157,25.149,25.165,25.097,25.014,24.893,24.886,24.682,24.613,24.545,24.447,24.348,24.287,24.166,24.059,24.014,23.998,24.006,24.044,24.075,24.135,24.219,24.219,24.356,24.416,24.568,24.689,24.893,25.104,25.255,25.345,25.413,25.375,25.375,25.277,25.323,25.195,25.255,25.225,25.255,25.292,25.368,25.428,25.458,25.465,25.473,25.42,25.308,25.021,24.908,24.923,24.916,24.923,24.946,24.961,25.112,25.195,25.443,25.803,25.84,26.012,26.064,26.079,26.042,25.982,25.93,25.877,25.698,25.533,25.465,25.338,25.375,25.36,25.36,25.3,25.127,24.984,24.931,24.923,24.901,24.818,24.803,24.81,24.833,24.931,24.946,24.954,24.931,24.969,24.969,24.946,25.021,25.029,25.021,24.961,24.901,24.908,24.946,24.969,25.036,25.104,25.217,25.495,25.578,25.728,25.698,25.525,25.353,25.353,25.277,25.255,25.345,25.405,25.608,25.728,25.705,25.758,25.743,25.69,25.623,25.645,25.345,25.074,24.969,24.787,24.568,24.492,24.416,24.333,24.28,24.158,24.082,23.998,23.96,23.877,23.625,23.541,23.479,23.41,23.456,24.272,24.56,24.583,24.583,24.598,24.576,24.545,24.462,24.409,24.287,24.143,24.143,24.037,23.976,23.831,23.739,23.617,23.502,23.41,23.319,23.226,23.088,23.088,23.019,23.058,23.288,23.456,24.644,25.247,25.488,25.533,25.593,25.63,25.645,25.638,25.63,25.63,25.6,25.465,25.292,25.165,25.119,25.021,24.954,24.825,24.666,24.591,24.432,24.379,24.249,24.128,24.029,24.037,23.861,23.8,23.739,23.701,23.663,23.609,23.579,23.564,23.533,23.502,23.441,23.364,23.296,23.249,23.18,23.111,23.081,23.027,22.996,23.019,23.111,23.18,23.311,23.433,23.625,23.617,23.648,23.625,23.525,23.441,23.372,23.234,23.242,23.296,23.372,24.166,24.848,25.728,26.414,27.03,27.06,27.045,26.963,26.719,26.682,26.563,26.474,26.407,26.489,26.466,26.615,26.622,26.496,26.288,26.221,25.66,25.044,24.689,24.613,24.553,24.492,24.439,24.341,24.257,24.166,24.105,24.029,23.945,23.831,23.854,23.724,23.709,23.663,23.602,23.571,23.579,23.556,23.586,23.594,23.655,23.701,23.693,23.8,23.877,24.082,24.189,24.265,24.303,24.318,24.341,24.704,24.908,25.217,25.33,25.518,25.578,25.638,25.675,25.593,25.54,25.428,25.383,24.954,24.825,24.598,24.439,24.196,24.151,24.082,24.029,23.96,24.014,24.014,24.143,24.181,24.227,24.432,24.515,24.621,24.674,24.704,24.727,24.735,24.727,24.719,24.719,24.712,24.712,24.697,24.659,24.878,24.999,24.923,24.938,24.878,24.75,24.242,24.143,24.029,23.938,23.922,23.64,23.449,23.418,23.319,23.349,23.242,23.319,24.946,24.901,24.606,24.545,24.477,24.485,25.285,25.668,25.638,25.615,25.548,25.45,25.165,24.931,24.727,24.523,24.515,24.447,24.401,24.242,24.204,23.922,23.257,22.965,22.988,22.827,22.811,22.765,22.719,22.711,22.703,22.688,22.68,22.673,22.673,22.626,22.642,22.588,22.564,22.572,22.564,22.541,22.557,22.51,22.557,22.541,22.518,22.495,22.495,22.479,22.472,22.464,22.472,22.456,22.472,22.425,22.402,22.41,22.441,22.379,22.402,22.41,22.379,22.363,22.348,22.332,22.356,22.394,22.387,22.387,22.371,22.402,22.363,22.379,22.387,22.371,22.371,22.379,22.394,22.356,22.348
,22.077,22.077,22.053,22.061,22.053,22.038,22.053,22.061,22.1,22.092,22.092,22.108,22.077,22.092,22.061,22.069,22.061,22.077,22.084,22.116,22.123,22.061,22.084,22.1,22.123,22.139,22.17,22.147,22.147,22.154,22.162,22.162,22.185,22.193,22.178,22.17,22.178,22.17,22.185,22.185,22.162,22.201,22.209,22.193,22.209,22.201,22.209,22.24,22.232,22.24,22.24,22.24,22.24,22.232,22.232,22.224,22.247,22.278,22.302,22.294,22.356,22.325,22.34,22.309,22.332,22.317,22.34,22.34,22.348,22.379,22.418,22.425,22.425,22.441,22.456,22.479,22.495,22.534,22.58,22.696,23.104,23.502,23.617,23.854,23.899,23.968,24.181,24.303,24.424,24.613,24.735,24.886,24.908,25.074,25.232,25.292,25.353,25.375,25.36,25.277,25.202,25.134,25.142,25.18,25.195,25.27,25.232,25.187,25.149,25.119,25.089,25.044,24.984,24.735,24.591,24.507,24.439,24.348,24.356,24.348,24.363,24.371,24.379,24.409,24.424,24.454,24.462,24.454,24.507,24.5,24.53,24.523,24.53,24.53,24.568,24.553,24.629,24.644,24.742,24.991,25.112,25.548,25.997,26.146,26.146,25.945,25.713,25.593,25.488,25.428,25.413,25.39,25.353,25.149,24.772,24.09,23.96,23.915,23.96,24.006,24.037,24.128,24.189,24.181,24.204,24.173,24.158,24.128,24.09,24.09,24.234,24.31,24.439,24.492,24.545,24.485,24.56,24.553,24.507,24.515,24.424,24.348,24.356,24.257,24.219,24.143,24.189,24.029,23.96,23.831,23.8,23.686,23.625,23.502,23.349,23.303,23.303,23.296,23.303,23.303,23.357,23.418,23.464,23.671,23.907,24.204,25.45,25.9,25.825,25.705,25.465,25.48,25.345,25.292,25.255,25.202,25.217,25.195,25.097,25.089,25.036,24.946,24.954,24.923,24.689,24.704,24.53,24.439,24.356,24.318,24.196,24.082,23.983,23.983,23.96,23.998,24.006,24.037,24.082,24.158,24.242,24.272,24.325,24.629,24.674,24.84,24.999,25.195,25.36,25.435,25.413,25.473,25.428,25.375,25.353,25.323,25.262,25.353,25.338,25.428,25.443,25.473,25.48,25.473,25.42,25.134,25.052,24.938,24.901,24.886,24.886,24.901,24.938,25.044,25.112,25.33,25.66,25.862,25.922,26.034,26.034,25.982,25.989,25.915,25.862,25.705,25.63,25.45,25.262,25.202,25.255,25.262,25.277,25.014,24.893,24.689,24.772,24.727,24.636,24.583,24.666,24.833,24.893,24.901,24.923,24.923,24.938,24.916,24.961,24.991,24.976,24.961,24.886,24.833,24.825,24.863,24.931,25.014,25.036,25.323,25.443,25.698,25.743,25.758,25.533,25.33,25.225,25.225,25.149,25.24,25.473,25.593,25.675,25.735,25.75,25.683,25.593,25.585,25.368,25.172,25.059,24.795,24.598,24.651,24.477,24.356,24.28,24.265,24.181,24.105,24.029,23.953,23.861,23.686,23.571,23.51,23.525,23.548,24.318,24.629,24.682,24.598,24.591,24.56,24.485,24.454,24.363,24.242,24.219,24.113,24.021,23.892,23.877,23.701,23.602,23.487,23.395,23.311,23.203,23.034,23.088,23.019,23.019,23.081,23.525,24.636,25.232,25.48,25.563,25.578,25.645,25.63,25.63,25.615,25.525,25.473,25.345,25.255,25.127,24.999,24.991,24.863,24.727,24.682,24.553,24.401,24.318,24.325,24.12,24.052,24.006,23.953,23.762,23.732,23.671,23.678,23.617,23.594,23.556,23.556,23.456,23.464,23.387,23.326,23.265,23.211,23.15,23.104,23.042,23.027,23.034,23.058,23.096,23.15,23.303,23.556,23.632,23.564,23.533,23.479,23.395,23.242,23.226,23.219,23.219,23.395,24.151,24.765,25.668,26.295,26.934,27.06,26.986,27,26.808,26.697,26.608,26.548,26.511,26.452,26.556,26.474,26.6,26.347,26.228,25.788,25.353,24.704,24.576,24.538,24.462,24.424,24.424,24.356,24.325,24.166,24.067,23.968,23.93,23.846,23.755,23.724,23.686,23.632,23.625,23.594,23.556,23.556,23.564,23.564,23.602,23.701,23.701,23.755,23.991,24.037,24.173,24.265,24.234,24.318,24.613,24.727,24.991,25.285,25.465,25.593,25.608,25.668,25.653,25.615,25.54,25.375,25.24,24.916,24.878,24.477,24.386,24.173,24.075,24.029,23.983,23.953,23.998,24.067,24.12,24.181,24.363,24.53,24.591,24.651,24.697,24.742,24.727,24.75,24.735,24.727,24.712,24.644,24.636,24.636,24.659,24.727,24.946,24.954,24.923,24.765,24.613,24.303,24.158,24.029,23.892,23.823,23.663,23.518,23.426,23.326,23.272,23.18,23.226,24.871,24.871,24.576,24.485,24.53,24.492,25.323,25.66,25.638,25.608,25.465,25.3,25.187,24.984,24.81,24.523,24.47,24.363,24.432,24.303,24.181,24.151,23.502,23.088,22.934,22.904,22.819,22.78,22.734,22.711,22.696,22.696,22.68,22.626,22.649,22.603,22.58,22.541,22.534,22.595,22.564,22.572,22.534,22.549,22.526,22.518,22.503,22.503,22.472,22.464,22.456,22.487,22.472,22.464,22.441,22.425,22.379,22.379,22.371,22.402,22.387,22.34,22.356,22.325,22.317,22.356,22.356,22.371,22.402,22.379,22.379,22.387,22.371,22.387,22.356,22.34,22.379,22.379,22.379,22.371,22.363
,22.053,22.053,22.061,22.046,22.046,22.03,22.038,22.061,22.1,22.1,22.116,22.1,22.069,22.077,22.077,22.069,22.084,22.1,22.1,22.123,22.123,22.084,22.1,22.092,22.116,22.131,22.139,22.154,22.17,22.178,22.178,22.178,22.139,22.224,22.232,22.162,22.185,22.178,22.185,22.193,22.193,22.17,22.193,22.185,22.201,22.193,22.201,22.209,22.24,22.24,22.24,22.247,22.24,22.24,22.247,22.255,22.286,22.255,22.309,22.309,22.317,22.332,22.34,22.356,22.34,22.34,22.34,22.356,22.371,22.394,22.41,22.41,22.441,22.441,22.456,22.503,22.534,22.611,22.611,22.965,23.326,23.64,23.739,23.854,23.983,24.067,24.265,24.462,24.462,24.75,24.916,24.923,25.052,25.202,25.315,25.315,25.398,25.443,25.398,25.187,25.119,25.082,25.119,25.134,25.172,25.172,25.082,25.142,25.104,25.059,24.901,24.969,24.719,24.568,24.477,24.371,24.386,24.318,24.333,24.31,24.295,24.341,24.371,24.401,24.432,24.432,24.447,24.454,24.477,24.515,24.5,24.53,24.553,24.545,24.538,24.576,24.545,24.598,24.704,24.954,25.187,25.405,25.705,26.124,26.109,25.975,25.698,25.57,25.525,25.45,25.428,25.398,25.262,25.217,24.78,24.075,23.976,23.938,23.922,23.983,24.09,24.113,24.173,24.189,24.211,24.189,24.166,24.12,24.105,24.128,24.204,24.371,24.363,24.386,24.447,24.416,24.47,24.462,24.454,24.454,24.356,24.325,24.272,24.166,24.158,24.052,23.968,24.006,23.922,23.823,23.701,23.518,23.502,23.403,23.341,23.326,23.272,23.28,23.272,23.288,23.349,23.372,23.41,23.732,23.785,24.583,25.818,25.877,25.855,25.495,25.495,25.398,25.353,25.277,25.217,25.134,25.157,25.059,25.021,25.006,24.999,24.871,24.938,24.727,24.712,24.56,24.5,24.424,24.371,24.257,24.135,24.044,23.96,23.945,23.938,23.938,23.968,24.006,24.044,24.105,24.158,24.211,24.303,24.515,24.712,24.969,25.059,25.232,25.413,25.48,25.495,25.533,25.525,25.51,25.465,25.315,25.405,25.383,25.39,25.413,25.458,25.48,25.503,25.495,25.375,25.172,24.991,24.908,24.886,24.878,24.871,24.901,24.908,25.036,25.074,25.18,25.42,25.668,25.832,25.915,25.907,25.967,25.93,25.87,25.818,25.728,25.6,25.578,25.187,25.202,25.217,25.165,25.082,24.954,24.674,24.523,24.454,24.568,24.492,24.538,24.621,24.78,24.848,24.871,24.908,24.916,24.908,24.901,24.908,24.954,24.908,24.893,24.833,24.772,24.742,24.75,24.848,24.893,25.052,25.217,25.54,25.735,25.758,25.698,25.458,25.33,25.232,25.149,25.142,25.225,25.33,25.503,25.548,25.675,25.668,25.638,25.555,25.57,25.292,25.157,24.999,24.787,24.636,24.485,24.416,24.341,24.325,24.234,24.181,24.128,24.037,23.907,23.831,23.709,23.609,23.548,23.548,23.701,24.416,24.629,24.606,24.621,24.568,24.523,24.47,24.462,24.325,24.28,24.143,24.135,23.998,23.968,23.877,23.755,23.671,23.548,23.357,23.249,23.157,23.096,23.05,22.996,22.996,23.15,23.548,24.659,25.323,25.518,25.6,25.608,25.63,25.615,25.623,25.548,25.465,25.413,25.225,25.142,25.036,24.961,24.886,24.818,24.727,24.644,24.56,24.515,24.371,24.219,24.151,24.075,23.945,23.838,23.762,23.732,23.701,23.655,23.625,23.586,23.594,23.518,23.502,23.449,23.395,23.334,23.28,23.226,23.173,23.096,23.058,23.027,23.042,23.05,23.065,23.173,23.242,23.349,23.456,23.525,23.495,23.449,23.334,23.219,23.211,23.18,23.219,23.41,24.318,24.757,25.668,26.459,26.949,27.06,27.067,27.06,26.986,26.749,26.645,26.533,26.496,26.385,26.37,26.303,26.399,26.131,26.094,25.683,25.157,24.742,24.5,24.386,24.401,24.424,24.379,24.341,24.303,24.128,24.113,23.998,23.945,23.861,23.808,23.701,23.709,23.655,23.602,23.594,23.541,23.541,23.541,23.533,23.564,23.564,23.724,23.724,23.968,24.166,24.181,24.234,24.303,24.348,24.507,24.901,25.149,25.292,25.465,25.623,25.66,25.638,25.668,25.645,25.458,25.3,25.142,24.863,24.772,24.432,24.287,24.143,23.983,23.922,23.953,23.922,24.044,24.067,24.143,24.295,24.409,24.477,24.621,24.629,24.719,24.75,24.742,24.727,24.719,24.727,24.636,24.659,24.651,24.636,24.621,24.772,24.787,24.886,24.923,24.75,24.545,24.401,24.219,24.044,23.915,23.816,23.655,23.564,23.456,23.364,23.265,23.288,23.188,24.613,24.689,24.538,24.507,24.439,24.47,25.45,25.63,25.645,25.6,25.473,25.292,25.142,24.908,24.893,24.538,24.447,24.394,24.394,24.31,24.234,24.128,23.938,23.157,23.027,22.973,22.865,22.827,22.703,22.765,22.696,22.649,22.673,22.696,22.696,22.595,22.603,22.595,22.595,22.572,22.603,22.572,22.557,22.541,22.557,22.518,22.549,22.518,22.456,22.456,22.472,22.472,22.487,22.425,22.456,22.41,22.394,22.379,22.394,22.394,22.363,22.332,22.34,22.34,22.309,22.348,22.363,22.34,22.363,22.379,22.371,22.394,22.371,22.371,22.371,22.348,22.34,22.379,22.356,22.363,22.371
,22.038,22.046,22.069,22.069,22.061,22.123,22.061,22.084,22.1,22.092,22.1,22.084,22.084,22.077,22.077,22.092,22.092,22.061,22.131,22.116,22.1,22.092,22.131,22.092,22.139,22.116,22.131,22.154,22.17,22.162,22.185,22.193,22.17,22.185,22.209,22.201,22.185,22.178,22.17,22.185,22.201,22.193,22.178,22.193,22.201,22.178,22.154,22.201,22.193,22.224,22.232,22.255,22.247,22.255,22.255,22.263,22.278,22.271,22.302,22.317,22.317,22.325,22.348,22.356,22.363,22.356,22.356,22.356,22.387,22.387,22.402,22.425,22.433,22.449,22.479,22.518,22.541,22.564,22.804,23.249,23.51,23.648,23.816,23.899,23.976,24.113,24.303,24.379,24.485,24.75,24.803,25.021,25.089,25.195,25.315,25.39,25.48,25.458,25.443,25.21,25.082,25.014,25.082,25.082,25.112,25.097,25.044,24.991,24.999,24.886,24.901,24.666,24.651,24.5,24.356,24.295,24.242,24.242,24.249,24.272,24.31,24.318,24.363,24.401,24.409,24.409,24.439,24.477,24.485,24.485,24.53,24.545,24.538,24.523,24.53,24.523,24.515,24.576,24.606,24.742,24.833,25.405,25.675,25.997,26.049,25.982,25.907,25.623,25.51,25.503,25.413,25.375,25.315,25.082,24.621,23.998,23.976,23.953,23.938,23.998,24.059,24.097,24.113,24.158,24.196,24.196,24.158,24.12,24.135,24.135,24.219,24.234,24.318,24.303,24.356,24.363,24.462,24.409,24.454,24.379,24.341,24.265,24.211,24.143,24.059,23.976,23.93,23.892,23.785,23.693,23.617,23.525,23.487,23.38,23.296,23.28,23.272,23.249,23.28,23.311,23.341,23.372,23.357,23.716,23.838,24.697,25.81,25.78,25.78,25.57,25.368,25.285,25.217,25.21,25.18,25.119,25.044,24.961,24.961,24.984,24.886,24.908,24.84,24.613,24.636,24.538,24.485,24.295,24.211,24.173,24.173,23.991,23.945,23.915,23.922,23.93,23.938,24.006,24.037,24.097,24.128,24.173,24.242,24.401,24.613,24.938,25.029,25.255,25.383,25.51,25.63,25.615,25.623,25.6,25.585,25.533,25.443,25.435,25.458,25.48,25.488,25.51,25.503,25.473,25.428,25.217,25.014,24.946,24.901,24.855,24.863,24.878,24.886,24.946,25.059,25.217,25.315,25.585,25.69,25.705,25.818,25.87,25.877,25.818,25.818,25.72,25.608,25.45,25.24,25.149,25.082,25.021,24.923,24.871,24.644,24.454,24.439,24.477,24.447,24.432,24.538,24.682,24.795,24.84,24.855,24.863,24.886,24.893,24.893,24.893,24.901,24.787,24.765,24.704,24.704,24.704,24.75,24.908,25.014,25.27,25.458,25.713,25.765,25.713,25.443,25.202,25.074,25.142,25.127,25.18,25.285,25.518,25.51,25.548,25.525,25.563,25.495,25.345,25.323,25.097,24.75,24.742,24.492,24.454,24.379,24.31,24.265,24.249,24.181,24.135,23.976,23.938,23.884,23.739,23.678,23.564,23.579,23.793,24.485,24.629,24.704,24.651,24.576,24.538,24.439,24.409,24.318,24.257,24.158,24.143,24.037,23.953,23.869,23.724,23.678,23.472,23.403,23.28,23.134,22.988,23.019,23.011,22.988,23.011,23.433,24.606,25.323,25.51,25.6,25.638,25.615,25.615,25.525,25.443,25.405,25.172,25.052,24.901,24.818,24.795,24.765,24.78,24.704,24.568,24.538,24.447,24.325,24.227,24.105,24.113,23.953,23.892,23.8,23.709,23.678,23.663,23.64,23.64,23.609,23.556,23.533,23.472,23.433,23.364,23.319,23.249,23.226,23.134,23.081,23.05,23.058,23.042,23.096,23.127,23.18,23.372,23.395,23.449,23.464,23.426,23.38,23.249,23.157,23.203,23.265,23.449,24.272,25.059,25.69,26.333,26.704,27.089,27.037,27.015,26.956,26.674,26.682,26.504,26.258,26.139,26.176,25.945,26.027,25.967,25.945,25.473,25.059,24.56,24.394,24.47,24.333,24.409,24.363,24.348,24.31,24.181,24.075,24.021,23.922,23.854,23.823,23.732,23.693,23.625,23.594,23.586,23.518,23.518,23.495,23.533,23.579,23.609,23.678,23.793,23.915,24.09,24.196,24.287,24.31,24.56,24.795,25.127,25.202,25.375,25.518,25.585,25.638,25.668,25.668,25.615,25.518,25.232,25.089,24.871,24.47,24.356,24.135,24.09,23.983,23.922,23.922,23.945,24.067,24.135,24.227,24.287,24.356,24.454,24.598,24.666,24.742,24.757,24.757,24.727,24.719,24.682,24.598,24.636,24.606,24.576,24.613,24.682,24.833,24.855,24.795,24.757,24.538,24.416,24.318,24.014,23.869,23.701,23.579,23.525,23.387,23.326,23.119,23.173,23.249,24.583,24.666,24.416,24.379,24.545,24.515,25.45,25.63,25.585,25.578,25.42,25.225,25.097,24.871,24.886,24.538,24.485,24.379,24.356,24.363,24.227,24.151,24.105,23.617,23.027,22.996,22.819,22.773,22.734,22.719,22.68,22.673,22.665,22.649,22.665,22.649,22.603,22.595,22.595,22.595,22.588,22.564,22.557,22.564,22.541,22.549,22.503,22.479,22.418,22.433,22.433,22.456,22.456,22.433,22.456,22.418,22.441,22.402,22.394,22.387,22.387,22.348,22.317,22.309,22.286,22.332,22.332,22.34,22.371,22.387,22.387,22.379,22.379,22.363,22.348,22.371,22.363,22.363,22.41,22.371,22.387
,22.03,22.03,22.046,22.03,22.077,22.061,22.069,22.077,22.092,22.108,22.1,22.084,22.092,22.053,22.077,22.077,22.077,22.069,22.131,22.084,22.084,22.092,22.092,22.116,22.1,22.123,22.131,22.147,22.147,22.178,22.17,22.162,22.185,22.17,22.193,22.193,22.209,22.193,22.201,22.201,22.178,22.17,22.154,22.178,22.17,22.209,22.17,22.201,22.185,22.224,22.247,22.24,22.247,22.255,22.263,22.271,22.278,22.302,22.317,22.317,22.325,22.286,22.34,22.348,22.356,22.363,22.371,22.371,22.394,22.402,22.418,22.425,22.425,22.464,22.479,22.51,22.541,22.881,23.372,23.441,23.579,23.724,23.854,23.922,24.006,24.113,24.348,24.401,24.591,24.75,24.84,25.052,25.112,25.225,25.39,25.458,25.518,25.533,25.428,25.104,24.946,24.969,25.029,25.044,25.104,25.052,25.014,25.044,24.878,24.991,24.863,24.447,24.439,24.272,24.31,24.257,24.211,24.234,24.189,24.173,24.181,24.272,24.265,24.31,24.356,24.401,24.371,24.416,24.454,24.477,24.507,24.515,24.492,24.515,24.515,24.5,24.515,24.507,24.674,24.735,24.916,25.33,25.48,25.758,25.997,25.967,25.922,25.735,25.593,25.563,25.495,25.398,25.27,25.104,24.257,24.09,24.006,23.93,23.93,23.968,24.044,24.097,24.113,24.166,24.181,24.196,24.189,24.181,24.158,24.143,24.189,24.204,24.249,24.287,24.333,24.356,24.379,24.409,24.394,24.356,24.303,24.211,24.143,24.044,24.014,23.938,23.877,23.785,23.732,23.648,23.487,23.472,23.38,23.326,23.28,23.257,23.242,23.242,23.257,23.311,23.311,23.341,23.364,23.755,23.877,24.999,25.735,25.705,25.555,25.503,25.285,25.21,25.157,25.142,25.082,25.014,24.999,24.961,24.886,24.901,24.818,24.803,24.644,24.598,24.545,24.492,24.439,24.356,24.173,24.181,24.082,23.968,23.907,23.892,23.884,23.907,23.915,23.945,23.938,24.037,24.143,24.242,24.249,24.416,24.651,24.825,24.991,25.225,25.255,25.548,25.593,25.705,25.645,25.623,25.623,25.578,25.473,25.458,25.48,25.48,25.51,25.525,25.51,25.48,25.45,25.3,25.014,24.931,24.908,24.855,24.855,24.848,24.863,24.901,24.931,25.21,25.24,25.465,25.465,25.57,25.713,25.698,25.758,25.758,25.75,25.705,25.548,25.503,25.18,25.067,25.052,24.916,24.81,24.765,24.507,24.409,24.386,24.386,24.386,24.416,24.432,24.621,24.719,24.848,24.848,24.863,24.863,24.863,24.863,24.833,24.818,24.757,24.75,24.704,24.651,24.674,24.689,24.825,25.149,25.383,25.698,25.773,25.765,25.683,25.42,25.18,25.089,25.074,25.097,25.172,25.262,25.375,25.495,25.518,25.578,25.51,25.428,25.308,25.21,24.863,24.757,24.545,24.394,24.333,24.31,24.295,24.272,24.219,24.173,24.12,24.021,23.884,23.747,23.701,23.686,23.586,23.625,23.77,24.576,24.644,24.666,24.621,24.598,24.485,24.416,24.371,24.31,24.265,24.204,24.082,24.052,23.976,23.892,23.755,23.64,23.464,23.433,23.242,23.165,23.027,22.973,22.988,22.965,22.973,23.326,24.583,25.24,25.548,25.615,25.608,25.593,25.578,25.39,25.277,25.247,24.991,24.772,24.727,24.682,24.674,24.644,24.659,24.56,24.545,24.492,24.454,24.28,24.151,24.113,23.976,23.96,23.892,23.808,23.777,23.709,23.678,23.648,23.663,23.625,23.594,23.556,23.502,23.441,23.395,23.341,23.311,23.219,23.15,23.096,23.073,23.073,23.073,23.065,23.088,23.096,23.249,23.272,23.372,23.403,23.387,23.326,23.249,23.165,23.196,23.265,23.518,24.515,25.315,25.832,26.355,26.667,26.986,27.074,27.037,26.978,26.689,26.504,26.236,26.101,25.847,25.788,25.75,25.81,25.743,25.713,25.225,24.833,24.583,24.379,24.363,24.325,24.371,24.333,24.31,24.287,24.166,24.12,23.991,23.938,23.915,23.793,23.724,23.693,23.655,23.571,23.556,23.51,23.51,23.479,23.479,23.502,23.564,23.602,23.93,23.976,24.189,24.143,24.28,24.31,24.568,24.75,25.006,25.255,25.375,25.45,25.63,25.645,25.653,25.698,25.548,25.458,25.104,24.871,24.682,24.439,24.234,24.143,23.991,23.899,23.899,23.938,23.93,24.09,24.12,24.249,24.394,24.538,24.538,24.674,24.727,24.765,24.772,24.757,24.727,24.712,24.659,24.583,24.591,24.545,24.545,24.576,24.598,24.727,24.757,24.825,24.674,24.606,24.409,24.265,23.938,23.747,23.716,23.632,23.525,23.387,23.341,23.165,23.104,23.142,24.28,24.636,24.462,24.356,24.439,24.636,25.323,25.495,25.623,25.503,25.375,25.277,24.999,24.916,24.765,24.621,24.477,24.401,24.356,24.303,24.31,24.113,23.96,23.884,23.203,22.919,22.881,22.811,22.734,22.727,22.688,22.68,22.696,22.665,22.611,22.611,22.58,22.595,22.595,22.58,22.572,22.549,22.51,22.541,22.518,22.51,22.51,22.487,22.472,22.441,22.425,22.472,22.456,22.449,22.425,22.41,22.418,22.402,22.379,22.363,22.356,22.371,22.34,22.302,22.309,22.309,22.309,22.34,22.34,22.363,22.387,22.41,22.41,22.402,22.371,22.371,22.34,22.356,22.371,22.379,22.433
,22.038,22.046,22.046,22.053,22.084,22.053,22.053,22.092,22.084,22.092,22.1,22.1,22.084,22.069,22.084,22.084,22.069,22.069,22.162,22.123,22.131,22.123,22.123,22.092,22.108,22.139,22.139,22.139,22.147,22.162,22.154,22.17,22.178,22.116,22.123,22.154,22.17,22.193,22.185,22.178,22.17,22.193,22.154,22.162,22.162,22.178,22.178,22.216,22.201,22.209,22.232,22.247,22.247,22.278,22.278,22.247,22.271,22.278,22.302,22.309,22.325,22.356,22.34,22.363,22.363,22.371,22.363,22.433,22.41,22.418,22.402,22.425,22.456,22.487,22.534,22.611,22.757,23.142,23.319,23.495,23.617,23.785,23.831,23.976,24.059,24.181,24.394,24.477,24.591,24.833,24.984,25.089,25.21,25.292,25.443,25.518,25.555,25.495,25.443,25.142,24.878,24.908,24.954,24.931,24.984,24.961,24.976,24.916,24.84,24.84,24.712,24.447,24.409,24.227,24.189,24.135,24.196,24.196,24.151,24.158,24.211,24.143,24.219,24.211,24.341,24.325,24.333,24.424,24.424,24.477,24.485,24.485,24.477,24.462,24.492,24.485,24.507,24.462,24.591,24.719,24.81,25.262,25.428,25.668,25.907,25.982,25.945,25.803,25.668,25.615,25.555,25.405,25.262,25.142,24.287,24.014,23.945,23.899,23.953,23.991,24.021,24.075,24.082,24.166,24.219,24.204,24.189,24.189,24.151,24.151,24.151,24.204,24.234,24.272,24.295,24.318,24.318,24.318,24.341,24.325,24.211,24.135,24.105,24.067,23.983,23.892,23.838,23.686,23.716,23.487,23.418,23.403,23.326,23.28,23.288,23.242,23.242,23.242,23.257,23.288,23.326,23.387,23.464,23.655,23.854,25.428,25.675,25.623,25.563,25.42,25.292,25.134,25.082,25.044,25.006,24.999,24.969,24.863,24.871,24.803,24.735,24.606,24.576,24.545,24.507,24.462,24.325,24.28,24.181,24.113,23.991,23.93,23.861,23.846,23.861,23.892,23.907,23.915,23.922,24.044,24.09,24.151,24.189,24.356,24.659,24.825,25.036,25.142,25.3,25.585,25.69,25.705,25.675,25.623,25.608,25.54,25.518,25.503,25.48,25.495,25.51,25.525,25.518,25.48,25.435,25.262,25.134,24.976,24.916,24.855,24.848,24.833,24.855,24.84,24.961,25.052,25.217,25.165,25.277,25.503,25.473,25.623,25.653,25.675,25.683,25.63,25.458,25.525,25.24,25.165,24.976,24.946,24.704,24.545,24.401,24.348,24.28,24.348,24.371,24.432,24.454,24.485,24.727,24.81,24.818,24.855,24.848,24.863,24.795,24.78,24.757,24.689,24.644,24.621,24.629,24.613,24.644,24.954,25.247,25.518,25.705,25.743,25.683,25.63,25.338,25.172,25.127,25.119,25.142,25.202,25.247,25.3,25.405,25.435,25.435,25.473,25.308,25.187,25.119,24.81,24.651,24.553,24.348,24.303,24.272,24.249,24.242,24.227,24.189,24.143,24.014,23.877,23.838,23.716,23.655,23.671,23.655,24.227,24.591,24.621,24.636,24.583,24.583,24.5,24.424,24.363,24.303,24.272,24.227,24.173,24.105,24.052,23.938,23.831,23.586,23.518,23.387,23.219,23.173,23.019,22.942,22.95,22.911,22.942,23.249,24.386,25.262,25.503,25.533,25.593,25.57,25.435,25.285,25.255,25.052,24.825,24.704,24.697,24.629,24.636,24.523,24.5,24.424,24.439,24.447,24.371,24.287,24.227,24.113,24.029,23.983,23.907,23.838,23.808,23.732,23.693,23.686,23.678,23.648,23.609,23.556,23.51,23.464,23.418,23.364,23.319,23.265,23.203,23.142,23.119,23.088,23.088,23.081,23.065,23.119,23.165,23.288,23.334,23.357,23.341,23.303,23.173,23.203,23.165,23.272,23.602,24.47,25.398,25.54,26.064,26.429,26.926,27.104,27.03,26.956,26.608,26.481,26.169,25.93,25.69,25.66,25.698,25.69,25.66,25.638,25.39,25.134,24.492,24.341,24.287,24.272,24.31,24.31,24.318,24.295,24.181,24.082,24.067,23.915,23.892,23.777,23.732,23.671,23.617,23.548,23.571,23.533,23.487,23.495,23.51,23.51,23.609,23.686,23.861,23.983,24.029,24.204,24.242,24.56,24.719,24.795,25.262,25.338,25.383,25.51,25.593,25.63,25.668,25.653,25.465,25.405,24.961,24.916,24.697,24.409,24.189,24.075,23.922,23.884,23.899,23.899,23.991,24.082,24.166,24.28,24.53,24.53,24.583,24.727,24.765,24.78,24.772,24.765,24.742,24.742,24.659,24.644,24.576,24.56,24.53,24.576,24.644,24.735,24.689,24.735,24.682,24.583,24.515,24.151,24.075,23.823,23.701,23.579,23.502,23.449,23.188,23.104,23.081,23.165,24.341,24.591,24.394,24.295,24.424,24.583,25.368,25.638,25.495,25.473,25.428,25.202,25.052,24.908,24.727,24.56,24.492,24.416,24.28,24.265,24.257,24.204,24.082,23.96,23.724,23.104,22.981,22.811,22.788,22.757,22.734,22.673,22.665,22.649,22.626,22.626,22.588,22.603,22.603,22.58,22.58,22.549,22.518,22.526,22.51,22.518,22.487,22.487,22.487,22.464,22.433,22.418,22.456,22.425,22.425,22.449,22.433,22.394,22.402,22.371,22.41,22.402,22.34,22.325,22.34,22.325,22.363,22.34,22.356,22.379,22.394,22.41,22.394,22.394,22.394,22.34,22.356,22.371,22.371,22.425,22.449
,22.061,22.053,22.053,22.061,22.092,22.077,22.053,22.053,22.069,22.077,22.092,22.084,22.084,22.084,22.084,22.069,22.069,22.123,22.092,22.147,22.123,22.139,22.108,22.123,22.131,22.139,22.147,22.154,22.154,22.162,22.154,22.139,22.178,22.131,22.162,22.147,22.185,22.193,22.185,22.185,22.201,22.147,22.185,22.147,22.185,22.201,22.193,22.224,22.201,22.24,22.232,22.224,22.255,22.24,22.263,22.271,22.278,22.271,22.302,22.309,22.332,22.34,22.348,22.356,22.356,22.356,22.402,22.41,22.449,22.441,22.456,22.456,22.487,22.534,22.564,22.642,23.096,23.219,23.472,23.495,23.678,23.762,23.96,23.976,24.173,24.219,24.47,24.507,24.689,24.742,24.961,25.225,25.232,25.323,25.555,25.578,25.593,25.593,25.555,24.976,24.833,24.825,24.84,24.901,24.923,24.901,24.938,24.81,24.84,24.765,24.492,24.287,24.272,24.219,24.143,24.135,24.12,24.029,24.014,24.075,24.029,24.113,24.166,24.181,24.31,24.303,24.341,24.386,24.409,24.424,24.432,24.454,24.454,24.439,24.432,24.492,24.447,24.5,24.553,24.651,24.757,25.021,25.42,25.555,25.87,25.93,25.96,25.885,25.78,25.66,25.585,25.473,25.247,25.021,24.097,23.983,24.006,23.968,23.938,24.014,24.021,24.097,24.135,24.151,24.196,24.242,24.211,24.181,24.158,24.158,24.166,24.173,24.173,24.211,24.234,24.265,24.287,24.211,24.219,24.196,24.128,24.097,24.037,23.991,23.953,23.838,23.823,23.709,23.617,23.495,23.51,23.395,23.303,23.249,23.242,23.226,23.226,23.226,23.257,23.296,23.334,23.387,23.441,23.785,23.96,25.54,25.615,25.593,25.473,25.27,25.142,25.052,25.044,25.067,24.984,24.886,24.855,24.855,24.787,24.75,24.697,24.568,24.538,24.507,24.439,24.447,24.272,24.303,24.173,24.105,24.006,23.884,23.854,23.846,23.808,23.846,23.869,23.831,23.899,23.953,24.059,24.097,24.227,24.538,24.81,24.938,25.014,25.157,25.338,25.555,25.675,25.698,25.69,25.653,25.63,25.533,25.525,25.503,25.495,25.51,25.518,25.54,25.533,25.443,25.39,25.24,25.119,25.021,24.916,24.916,24.84,24.825,24.818,24.84,24.871,24.916,25.074,25.112,25.232,25.353,25.503,25.495,25.585,25.645,25.66,25.6,25.443,25.383,25.255,25.195,25.067,24.871,24.787,24.568,24.287,24.356,24.287,24.318,24.348,24.379,24.462,24.56,24.659,24.719,24.803,24.81,24.818,24.757,24.765,24.742,24.697,24.576,24.583,24.606,24.568,24.591,24.697,25.074,25.308,25.435,25.675,25.72,25.743,25.593,25.33,25.202,25.127,25.127,25.127,25.157,25.202,25.3,25.368,25.36,25.405,25.405,25.308,25.097,25.021,24.757,24.598,24.394,24.28,24.265,24.211,24.196,24.204,24.204,24.204,24.105,23.96,23.823,23.785,23.701,23.632,23.625,23.678,24.242,24.613,24.629,24.621,24.553,24.515,24.454,24.348,24.371,24.287,24.272,24.227,24.135,24.082,24.037,23.922,23.8,23.686,23.525,23.38,23.257,23.127,23.027,22.942,22.934,22.911,23.004,23.081,24.613,25.383,25.45,25.533,25.51,25.458,25.375,25.18,25.021,24.938,24.78,24.568,24.606,24.613,24.515,24.545,24.439,24.424,24.447,24.386,24.379,24.257,24.196,24.151,24.052,23.968,23.892,23.861,23.755,23.777,23.747,23.716,23.678,23.655,23.586,23.571,23.518,23.479,23.456,23.403,23.372,23.272,23.242,23.196,23.134,23.111,23.111,23.111,23.065,23.096,23.15,23.211,23.272,23.272,23.288,23.211,23.18,23.157,23.157,23.326,23.456,24.432,25.27,25.645,26.072,26.34,26.912,27.045,27.089,26.993,26.875,26.392,25.989,25.915,25.698,25.608,25.6,25.548,25.57,25.338,25.285,24.765,24.47,24.303,24.257,24.196,24.257,24.295,24.325,24.234,24.28,24.052,24.082,23.976,23.884,23.823,23.732,23.678,23.594,23.564,23.541,23.479,23.479,23.456,23.487,23.51,23.625,23.709,23.915,23.968,24.181,24.219,24.295,24.462,24.825,24.916,25.255,25.285,25.473,25.503,25.585,25.615,25.6,25.54,25.42,25.33,25.021,24.666,24.432,24.272,24.021,23.991,23.869,23.861,23.884,23.953,24.021,24.09,24.227,24.47,24.492,24.576,24.644,24.712,24.735,24.765,24.787,24.742,24.735,24.719,24.666,24.629,24.56,24.523,24.523,24.538,24.576,24.704,24.666,24.659,24.636,24.5,24.348,24.135,23.93,23.899,23.793,23.556,23.472,23.28,23.173,23.065,23.05,23.127,24.219,24.333,24.424,24.249,24.416,24.863,25.495,25.503,25.51,25.488,25.51,25.089,24.999,24.878,24.674,24.56,24.576,24.507,24.265,24.28,24.257,24.173,24.09,23.983,23.823,23.663,23.05,22.834,22.873,22.796,22.742,22.719,22.665,22.634,22.611,22.611,22.595,22.588,22.572,22.572,22.557,22.541,22.526,22.526,22.464,22.518,22.503,22.495,22.472,22.456,22.464,22.449,22.425,22.425,22.433,22.433,22.441,22.41,22.387,22.387,22.371,22.363,22.379,22.325,22.332,22.34,22.34,22.34,22.371,22.387,22.418,22.425,22.425,22.41,22.387,22.379,22.387,22.402,22.394,22.433,22.418
,22.077,22.061,21.999,22.053,22.069,22.077,22.038,22.053,22.069,22.061,22.077,22.061,22.077,22.092,22.077,22.1,22.084,22.092,22.108,22.108,22.116,22.108,22.084,22.108,22.162,22.123,22.139,22.162,22.17,22.147,22.154,22.139,22.123,22.17,22.147,22.147,22.17,22.193,22.193,22.185,22.201,22.162,22.178,22.178,22.193,22.209,22.24,22.216,22.224,22.271,22.24,22.247,22.247,22.24,22.224,22.255,22.271,22.278,22.286,22.294,22.309,22.332,22.34,22.34,22.363,22.348,22.394,22.441,22.425,22.456,22.472,22.503,22.503,22.572,22.626,22.75,23.173,23.433,23.41,23.571,23.678,23.854,23.953,24.059,24.128,24.219,24.341,24.515,24.636,24.886,25.127,25.217,25.24,25.39,25.488,25.593,25.608,25.615,25.57,24.916,24.84,24.803,24.855,24.825,24.825,24.795,24.772,24.795,24.757,24.576,24.432,24.363,24.12,24.143,24.158,24.052,23.998,23.953,23.968,23.968,23.998,24.037,24.075,24.158,24.196,24.28,24.265,24.348,24.379,24.379,24.409,24.416,24.409,24.432,24.386,24.485,24.485,24.56,24.568,24.666,24.772,24.923,25.18,25.33,25.608,25.9,25.952,25.877,25.773,25.705,25.608,25.458,25.187,24.863,24.249,23.998,23.968,23.938,23.991,24.014,24.037,24.067,24.143,24.173,24.211,24.211,24.196,24.189,24.128,24.12,24.105,24.128,24.158,24.204,24.158,24.196,24.158,24.09,24.075,24.105,24.067,24.006,23.968,23.922,23.869,23.777,23.693,23.632,23.617,23.495,23.357,23.28,23.249,23.211,23.203,23.211,23.211,23.226,23.249,23.272,23.341,23.38,23.441,23.594,23.991,25.54,25.563,25.495,25.353,25.24,25.029,25.044,24.931,24.908,24.901,24.863,24.818,24.803,24.757,24.727,24.636,24.53,24.477,24.454,24.401,24.31,24.303,24.249,24.151,24.09,23.945,23.854,23.793,23.793,23.777,23.816,23.861,23.884,23.907,23.938,24.029,24.09,24.234,24.485,24.53,24.848,25.067,25.217,25.405,25.608,25.675,25.66,25.668,25.638,25.578,25.563,25.495,25.495,25.488,25.503,25.51,25.518,25.555,25.45,25.428,25.21,25.112,25.029,24.938,24.855,24.833,24.803,24.803,24.803,24.848,24.931,24.976,25.157,25.149,25.262,25.413,25.465,25.518,25.518,25.555,25.495,25.39,25.33,25.24,25.157,25.067,24.871,24.523,24.447,24.28,24.295,24.265,24.28,24.318,24.333,24.409,24.454,24.644,24.613,24.712,24.765,24.644,24.591,24.666,24.606,24.576,24.454,24.5,24.568,24.568,24.568,24.825,25.104,25.353,25.54,25.585,25.69,25.615,25.383,25.195,25.18,25.142,25.119,25.134,25.165,25.21,25.27,25.323,25.398,25.398,25.292,25.24,24.991,24.908,24.651,24.477,24.303,24.257,24.242,24.181,24.189,24.181,24.128,24.082,24.037,23.93,23.869,23.77,23.701,23.655,23.625,23.739,24.477,24.538,24.591,24.507,24.545,24.545,24.394,24.394,24.371,24.287,24.234,24.189,24.135,24.105,23.976,23.96,23.808,23.632,23.556,23.349,23.196,23.15,23.042,22.988,22.919,22.927,22.911,23.249,24.629,25.405,25.555,25.488,25.42,25.383,25.285,25.112,24.946,24.689,24.75,24.515,24.576,24.507,24.348,24.31,24.234,24.363,24.318,24.318,24.295,24.227,24.181,24.067,24.021,23.938,23.938,23.869,23.785,23.77,23.739,23.709,23.701,23.655,23.625,23.564,23.541,23.495,23.479,23.426,23.387,23.311,23.219,23.211,23.173,23.142,23.134,23.058,23.104,23.065,23.081,23.142,23.196,23.219,23.257,23.188,23.173,23.119,23.157,23.226,23.678,24.492,25.398,25.578,25.975,26.236,26.563,26.956,27.104,27.082,27,26.682,25.945,25.683,25.533,25.518,25.488,25.503,25.375,25.262,25.134,24.719,24.515,24.303,24.211,24.249,24.189,24.249,24.227,24.257,24.196,24.075,24.067,23.945,23.884,23.846,23.709,23.655,23.609,23.548,23.495,23.472,23.472,23.441,23.51,23.548,23.609,23.678,23.816,24.082,24.158,24.31,24.363,24.659,24.923,25.044,25.36,25.398,25.488,25.54,25.57,25.578,25.533,25.443,25.277,25.18,24.855,24.568,24.303,24.067,24.037,23.93,23.861,23.846,23.854,23.907,24.082,24.28,24.31,24.424,24.613,24.598,24.697,24.742,24.742,24.772,24.78,24.81,24.735,24.712,24.651,24.636,24.538,24.515,24.485,24.477,24.53,24.606,24.712,24.613,24.636,24.568,24.227,24.158,23.953,23.816,23.732,23.617,23.364,23.441,23.188,23.073,23.034,23.088,24.196,24.333,24.379,24.363,24.432,25.044,25.428,25.42,25.473,25.368,25.368,25.338,25.059,24.863,24.704,24.568,24.56,24.462,24.379,24.242,24.234,24.12,24.105,23.953,23.938,23.709,22.988,22.888,22.888,22.773,22.765,22.734,22.657,22.626,22.619,22.603,22.595,22.58,22.58,22.557,22.557,22.518,22.518,22.503,22.487,22.487,22.479,22.487,22.495,22.51,22.441,22.433,22.441,22.425,22.441,22.441,22.402,22.433,22.379,22.379,22.379,22.371,22.356,22.379,22.379,22.356,22.363,22.363,22.394,22.441,22.41,22.425,22.402,22.394,22.379,22.379,22.371,22.387,22.402,22.387,22.394
,22.1,22.03,22.1,22.077,22.038,22.077,22.038,22.046,22.03,22.015,22.038,22.077,22.069,22.061,22.092,22.084,22.084,22.123,22.116,22.1,22.116,22.116,22.108,22.108,22.123,22.116,22.139,22.108,22.154,22.147,22.178,22.147,22.154,22.108,22.131,22.139,22.17,22.178,22.185,22.17,22.201,22.17,22.17,22.201,22.209,22.224,22.247,22.224,22.24,22.24,22.232,22.263,22.24,22.224,22.209,22.224,22.24,22.255,22.271,22.294,22.332,22.371,22.371,22.363,22.363,22.371,22.387,22.425,22.449,22.472,22.487,22.534,22.572,22.688,22.68,23.134,23.173,23.303,23.502,23.609,23.693,23.762,23.846,24.113,24.151,24.257,24.447,24.666,24.666,25.074,25.292,25.195,25.36,25.405,25.6,25.653,25.675,25.615,25.465,24.848,24.803,24.742,24.735,24.787,24.719,24.78,24.697,24.659,24.682,24.401,24.287,24.287,24.044,23.953,24.014,23.899,23.983,23.93,23.907,23.938,23.953,23.991,24.044,24.097,24.113,24.173,24.265,24.31,24.31,24.318,24.386,24.371,24.394,24.401,24.424,24.432,24.432,24.538,24.583,24.636,24.757,24.803,25.067,25.232,25.705,25.825,25.922,25.877,25.862,25.713,25.608,25.473,25.262,24.818,24.12,24.014,23.953,23.945,23.976,23.998,24.037,24.09,24.173,24.173,24.219,24.227,24.211,24.181,24.12,24.097,24.044,24.097,24.158,24.128,24.151,24.105,24.105,24.075,24.006,23.983,23.922,23.899,23.907,23.8,23.762,23.701,23.632,23.541,23.487,23.41,23.341,23.288,23.211,23.18,23.203,23.188,23.203,23.219,23.234,23.28,23.341,23.364,23.464,23.579,23.831,25.533,25.495,25.36,25.255,25.082,24.961,24.954,24.818,24.871,24.855,24.795,24.735,24.75,24.712,24.666,24.583,24.523,24.454,24.401,24.333,24.295,24.257,24.204,24.128,24.052,23.938,23.793,23.777,23.739,23.755,23.77,23.785,23.846,23.869,23.953,23.998,24.128,24.234,24.439,24.644,24.886,24.946,25.3,25.285,25.51,25.66,25.63,25.653,25.63,25.548,25.51,25.48,25.48,25.48,25.488,25.51,25.51,25.45,25.473,25.338,25.255,25.165,25.059,25.021,24.871,24.818,24.78,24.772,24.81,24.803,24.886,24.954,24.969,25.157,25.202,25.3,25.338,25.458,25.458,25.488,25.428,25.36,25.315,25.247,25.157,25.059,24.916,24.538,24.371,24.303,24.219,24.234,24.227,24.265,24.295,24.348,24.462,24.523,24.538,24.568,24.568,24.621,24.53,24.553,24.462,24.477,24.401,24.401,24.507,24.553,24.591,24.803,25.134,25.488,25.548,25.615,25.593,25.6,25.383,25.21,25.195,25.142,25.142,25.149,25.165,25.202,25.255,25.3,25.315,25.3,25.323,25.157,24.916,24.863,24.689,24.515,24.31,24.249,24.135,24.113,24.09,24.097,23.991,24.021,23.945,23.884,23.785,23.762,23.678,23.594,23.655,24.158,24.462,24.523,24.545,24.515,24.462,24.447,24.394,24.333,24.325,24.28,24.227,24.189,24.143,24.097,23.983,23.915,23.785,23.701,23.495,23.349,23.226,23.088,23.034,22.958,22.896,22.858,22.896,23.296,24.606,25.375,25.473,25.45,25.405,25.27,25.119,24.938,24.84,24.598,24.583,24.485,24.507,24.28,24.325,24.189,24.265,24.257,24.227,24.219,24.204,24.196,24.12,24.029,23.976,23.899,23.892,23.869,23.8,23.823,23.785,23.793,23.701,23.671,23.632,23.586,23.541,23.518,23.487,23.449,23.38,23.311,23.296,23.242,23.196,23.211,23.119,23.088,23.081,23.058,23.104,23.111,23.157,23.157,23.15,23.142,23.142,23.111,23.119,23.18,23.533,24.598,25.255,25.63,25.78,26.012,26.399,26.904,27.045,27.082,26.912,26.697,26.124,25.63,25.428,25.345,25.255,25.247,25.217,25.112,24.712,24.682,24.401,24.196,24.12,24.166,24.143,24.219,24.272,24.249,24.181,24.151,24.029,23.976,23.899,23.831,23.716,23.64,23.617,23.556,23.495,23.487,23.449,23.502,23.51,23.502,23.541,23.671,23.8,23.915,24.204,24.386,24.5,24.765,24.961,25.149,25.375,25.473,25.465,25.548,25.578,25.51,25.495,25.405,25.255,25.029,24.651,24.462,24.128,24.029,23.968,23.915,23.831,23.808,23.838,23.892,23.991,24.211,24.409,24.553,24.598,24.666,24.712,24.742,24.742,24.765,24.765,24.78,24.795,24.795,24.674,24.606,24.545,24.485,24.447,24.454,24.485,24.583,24.583,24.613,24.53,24.47,24.363,24.097,23.983,23.732,23.632,23.655,23.487,23.319,23.219,23.127,23.027,23.042,24.166,24.318,24.356,24.31,24.416,25.074,25.443,25.443,25.443,25.36,25.323,25.119,25.006,24.833,24.621,24.606,24.56,24.432,24.318,24.166,24.181,24.173,24.113,24.059,24.006,23.326,23.073,22.927,22.888,22.827,22.819,22.796,22.696,22.673,22.588,22.595,22.526,22.572,22.572,22.549,22.557,22.541,22.51,22.503,22.472,22.479,22.495,22.472,22.495,22.472,22.433,22.425,22.449,22.441,22.449,22.449,22.441,22.402,22.41,22.371,22.379,22.379,22.387,22.348,22.379,22.394,22.387,22.387,22.418,22.418,22.433,22.433,22.379,22.387,22.387,22.379,22.379,22.379,22.394,22.379,22.394
,22.108,22.092,22.084,21.984,22.092,22.046,22.015,22.046,22.022,22.046,22.061,22.084,22.092,22.084,22.053,22.092,22.092,22.092,22.139,22.116,22.116,22.116,22.108,22.1,22.092,22.108,22.123,22.139,22.17,22.17,22.147,22.154,22.154,22.162,22.1,22.162,22.162,22.178,22.185,22.193,22.193,22.178,22.209,22.209,22.224,22.255,22.263,22.247,22.24,22.247,22.247,22.271,22.255,22.255,22.263,22.247,22.247,22.24,22.255,22.286,22.309,22.34,22.363,22.379,22.379,22.356,22.387,22.425,22.449,22.449,22.479,22.534,22.564,22.696,22.973,23.104,23.196,23.38,23.51,23.602,23.678,23.838,23.93,24.105,24.173,24.257,24.401,24.553,24.757,25.262,25.277,25.323,25.338,25.375,25.653,25.645,25.698,25.615,25.39,24.757,24.75,24.697,24.735,24.689,24.651,24.644,24.591,24.545,24.333,24.219,24.135,23.998,23.968,23.922,23.884,23.861,23.831,23.861,23.884,23.892,23.922,23.953,23.968,24.029,24.059,24.12,24.204,24.204,24.219,24.234,24.341,24.356,24.363,24.363,24.394,24.394,24.477,24.515,24.56,24.651,24.682,24.893,24.976,25.308,25.525,25.765,25.93,25.892,25.915,25.78,25.645,25.458,25.315,24.583,24.006,23.968,23.968,23.968,23.998,23.991,24.052,24.135,24.189,24.227,24.234,24.234,24.204,24.158,24.12,24.059,24.037,24.075,24.09,24.09,24.082,24.059,24.052,23.968,23.93,23.884,23.823,23.892,23.8,23.777,23.747,23.655,23.594,23.502,23.426,23.311,23.257,23.211,23.18,23.157,23.157,23.173,23.203,23.219,23.234,23.265,23.28,23.364,23.51,23.609,24.878,25.54,25.465,25.255,25.067,24.999,24.923,24.871,24.84,24.84,24.704,24.666,24.689,24.659,24.613,24.613,24.515,24.432,24.401,24.363,24.287,24.219,24.189,24.135,24.09,23.907,23.854,23.762,23.732,23.716,23.709,23.732,23.755,23.785,23.846,23.907,24.006,24.075,24.227,24.47,24.659,24.848,24.954,25.285,25.39,25.593,25.615,25.638,25.63,25.6,25.525,25.488,25.458,25.443,25.465,25.473,25.488,25.495,25.458,25.45,25.375,25.262,25.134,25.104,24.984,24.848,24.825,24.75,24.742,24.75,24.803,24.848,24.916,24.991,25.089,25.202,25.202,25.33,25.338,25.368,25.39,25.383,25.338,25.33,25.225,25.104,25.044,24.704,24.568,24.394,24.265,24.234,24.242,24.219,24.249,24.234,24.219,24.287,24.424,24.47,24.538,24.523,24.515,24.454,24.492,24.424,24.371,24.341,24.363,24.485,24.523,24.629,24.961,25.149,25.458,25.443,25.555,25.593,25.533,25.338,25.232,25.18,25.157,25.149,25.157,25.195,25.24,25.292,25.292,25.292,25.277,25.225,25.104,24.871,24.772,24.56,24.416,24.295,24.219,24.135,24.09,24.044,23.991,24.044,24.029,23.892,23.854,23.686,23.709,23.609,23.617,23.609,24.242,24.5,24.485,24.485,24.462,24.462,24.409,24.379,24.333,24.303,24.28,24.242,24.189,24.143,24.09,24.014,23.976,23.808,23.724,23.655,23.303,23.257,23.073,23.004,22.942,22.888,22.865,22.896,23.257,24.591,25.36,25.428,25.36,25.338,25.277,25.029,24.893,24.682,24.538,24.47,24.379,24.272,24.158,24.227,24.189,24.242,24.181,24.166,24.196,24.204,24.181,24.135,24.021,23.96,23.899,23.877,23.861,23.846,23.831,23.777,23.77,23.747,23.686,23.64,23.632,23.586,23.525,23.495,23.464,23.403,23.334,23.28,23.272,23.211,23.18,23.111,23.104,23.096,23.058,23.065,23.096,23.104,23.134,23.134,23.127,23.088,23.111,23.18,23.341,23.93,24.78,25.292,25.42,25.743,25.997,26.221,26.548,27.008,26.971,26.889,26.749,26.318,25.765,25.458,25.277,25.195,25.067,25.067,24.908,24.878,24.629,24.424,24.272,24.113,24.105,24.128,24.173,24.196,24.173,24.189,24.135,24.044,24.052,23.861,23.709,23.724,23.648,23.579,23.564,23.487,23.441,23.426,23.433,23.433,23.502,23.564,23.907,23.831,23.983,24.219,24.318,24.568,24.735,25.082,25.195,25.42,25.465,25.503,25.548,25.54,25.51,25.48,25.33,25.172,24.916,24.523,24.424,24.181,23.976,23.846,23.823,23.793,23.816,23.831,23.976,24.295,24.28,24.515,24.553,24.666,24.704,24.735,24.78,24.772,24.757,24.78,24.765,24.78,24.735,24.666,24.644,24.5,24.47,24.416,24.416,24.432,24.507,24.576,24.576,24.545,24.28,24.394,24.059,23.899,23.785,23.701,23.456,23.395,23.219,23.18,23.058,22.927,23.127,24.219,24.295,24.287,24.303,24.409,25.021,25.413,25.39,25.39,25.353,25.247,25.082,24.938,24.757,24.591,24.613,24.545,24.447,24.325,24.181,24.166,24.158,24.12,23.991,24.006,23.762,23.395,22.934,22.919,22.896,22.827,22.773,22.703,22.696,22.649,22.595,22.595,22.58,22.572,22.549,22.541,22.534,22.51,22.495,22.472,22.472,22.472,22.456,22.472,22.495,22.456,22.441,22.449,22.456,22.441,22.456,22.479,22.394,22.379,22.402,22.356,22.371,22.332,22.394,22.379,22.387,22.379,22.402,22.433,22.418,22.441,22.425,22.394,22.371,22.371,22.371,22.379,22.387,22.379,22.363,22.317
,22.046,22.038,22.022,22.022,22.022,22.038,22.03,22.053,22.077,22.053,22.069,22.069,22.061,22.092,22.092,22.077,22.092,22.108,22.108,22.116,22.123,22.123,22.123,22.092,22.084,22.1,22.139,22.123,22.17,22.108,22.178,22.185,22.178,22.17,22.154,22.147,22.178,22.17,22.178,22.178,22.185,22.193,22.193,22.201,22.209,22.24,22.224,22.247,22.263,22.247,22.247,22.302,22.271,22.201,22.247,22.247,22.255,22.24,22.247,22.271,22.325,22.34,22.387,22.387,22.41,22.387,22.418,22.441,22.418,22.441,22.479,22.58,22.634,22.873,23.119,23.173,23.334,23.456,23.564,23.655,23.678,23.8,24.029,23.976,24.09,24.28,24.485,24.507,24.674,25.292,25.308,25.27,25.383,25.548,25.698,25.713,25.713,25.66,25.45,24.787,24.697,24.659,24.697,24.659,24.613,24.606,24.515,24.447,24.363,24.059,23.998,23.899,23.877,23.777,23.747,23.77,23.8,23.808,23.838,23.846,23.877,23.907,23.892,23.96,24.037,24.075,24.075,24.09,24.158,24.272,24.272,24.295,24.325,24.348,24.371,24.424,24.454,24.507,24.591,24.629,24.659,24.757,24.901,25.149,25.383,25.78,25.885,25.907,25.915,25.832,25.705,25.443,25.172,24.553,24.09,23.983,23.983,23.983,23.976,24.037,24.09,24.158,24.196,24.227,24.242,24.211,24.189,24.143,24.09,24.021,24.059,24.014,24.044,24.044,24.029,23.991,23.976,23.899,23.869,23.846,23.816,23.808,23.785,23.739,23.671,23.625,23.548,23.479,23.41,23.28,23.249,23.211,23.188,23.173,23.15,23.157,23.173,23.196,23.234,23.249,23.326,23.372,23.533,23.716,25.165,25.443,25.353,25.247,25.052,24.954,24.833,24.84,24.78,24.712,24.613,24.674,24.591,24.591,24.576,24.477,24.424,24.439,24.363,24.333,24.265,24.143,24.151,24.082,23.998,23.869,23.762,23.724,23.663,23.686,23.701,23.709,23.762,23.77,23.838,23.884,23.983,24.082,24.227,24.515,24.674,24.893,24.969,25.202,25.458,25.458,25.608,25.638,25.6,25.578,25.503,25.45,25.435,25.405,25.42,25.435,25.473,25.48,25.435,25.428,25.368,25.247,25.24,25.112,24.923,24.871,24.772,24.735,24.697,24.697,24.735,24.795,24.878,24.923,24.969,25.044,25.149,25.217,25.277,25.323,25.338,25.323,25.292,25.262,25.165,25.112,24.893,24.727,24.583,24.325,24.234,24.181,24.196,24.173,24.166,24.166,24.173,24.219,24.28,24.242,24.401,24.416,24.47,24.454,24.31,24.28,24.265,24.356,24.356,24.416,24.507,24.75,24.946,25.142,25.353,25.413,25.495,25.488,25.413,25.308,25.225,25.195,25.172,25.165,25.157,25.202,25.27,25.292,25.308,25.292,25.262,25.172,25.029,24.795,24.659,24.606,24.47,24.287,24.211,24.105,24.052,24.006,23.983,23.968,23.899,23.846,23.823,23.755,23.671,23.617,23.564,23.724,24.295,24.485,24.47,24.47,24.447,24.447,24.409,24.371,24.341,24.318,24.287,24.257,24.211,24.151,24.09,23.998,23.915,23.816,23.762,23.525,23.357,23.188,23.104,23.042,22.911,22.865,22.858,22.85,23.296,24.583,25.323,25.375,25.368,25.323,25.165,24.908,24.833,24.538,24.5,24.333,24.272,24.189,24.113,24.151,24.135,24.075,24.075,24.12,24.113,24.105,24.059,24.029,23.96,23.93,23.907,23.884,23.846,23.846,23.838,23.793,23.755,23.739,23.716,23.686,23.648,23.594,23.564,23.51,23.464,23.418,23.357,23.303,23.288,23.226,23.196,23.18,23.096,23.088,23.073,23.05,23.058,23.065,23.088,23.088,23.081,23.081,23.081,23.111,23.272,23.846,25.021,25.33,25.638,25.795,25.982,26.124,26.474,26.682,26.919,26.838,26.823,26.362,25.69,25.518,25.458,25.172,25.142,24.923,24.772,24.803,24.598,24.371,24.287,24.105,24.12,24.105,24.105,24.143,24.113,24.158,24.09,23.998,23.938,23.823,23.755,23.655,23.617,23.541,23.518,23.464,23.449,23.433,23.433,23.426,23.518,23.632,23.762,23.8,24.059,24.227,24.462,24.689,24.787,25.247,25.323,25.45,25.51,25.488,25.518,25.495,25.443,25.375,25.3,24.976,24.855,24.477,24.28,24.166,23.884,23.846,23.808,23.785,23.8,23.877,24.067,24.295,24.477,24.523,24.583,24.689,24.757,24.78,24.772,24.772,24.78,24.803,24.803,24.78,24.765,24.629,24.583,24.576,24.416,24.379,24.394,24.409,24.439,24.477,24.553,24.477,24.439,24.257,24.158,23.861,23.693,23.602,23.403,23.242,23.173,23.081,23.058,22.896,23.027,24.173,24.234,24.219,24.249,24.386,24.923,25.375,25.375,25.39,25.36,25.24,25.149,24.795,24.674,24.553,24.591,24.485,24.439,24.363,24.181,24.12,24.135,24.113,24.052,23.983,23.884,23.571,22.934,22.888,22.904,22.827,22.788,22.757,22.688,22.649,22.611,22.58,22.572,22.603,22.572,22.534,22.541,22.495,22.503,22.479,22.472,22.479,22.472,22.472,22.441,22.433,22.425,22.449,22.456,22.449,22.441,22.449,22.394,22.387,22.394,22.387,22.348,22.387,22.387,22.379,22.387,22.394,22.418,22.41,22.41,22.418,22.394,22.402,22.371,22.356,22.363,22.371,22.363,22.379,22.356,22.332
,22.038,22.015,22.022,22.022,22.046,22.038,22.069,22.069,22.092,22.061,22.084,22.1,22.092,22.084,22.084,22.108,22.092,22.1,22.108,22.131,22.131,22.154,22.123,22.116,22.092,22.123,22.123,22.139,22.162,22.139,22.147,22.162,22.162,22.178,22.131,22.154,22.147,22.17,22.17,22.178,22.178,22.178,22.209,22.209,22.209,22.224,22.232,22.255,22.286,22.232,22.271,22.24,22.24,22.255,22.247,22.247,22.255,22.263,22.263,22.309,22.309,22.387,22.387,22.371,22.402,22.433,22.425,22.425,22.441,22.503,22.549,22.603,22.727,22.973,23.173,23.196,23.296,23.395,23.548,23.632,23.701,23.777,23.938,24.029,24.128,24.303,24.583,24.697,25.18,25.323,25.345,25.383,25.435,25.668,25.728,25.675,25.773,25.623,25.202,24.719,24.682,24.621,24.613,24.583,24.568,24.621,24.523,24.454,24.029,23.907,23.93,23.77,23.732,23.762,23.701,23.739,23.755,23.808,23.816,23.846,23.854,23.877,23.869,23.922,23.976,24.014,24.059,24.097,24.158,24.158,24.227,24.265,24.31,24.341,24.318,24.333,24.432,24.477,24.545,24.606,24.735,24.818,24.901,25.104,25.285,25.615,25.885,25.915,25.892,25.877,25.795,25.51,25.195,24.158,23.998,24.006,23.968,23.968,23.976,23.998,24.021,24.135,24.189,24.227,24.219,24.219,24.166,24.158,24.052,23.998,24.014,24.014,24.006,24.021,23.991,23.953,23.915,23.854,23.838,23.793,23.777,23.755,23.724,23.686,23.625,23.564,23.533,23.426,23.334,23.288,23.226,23.219,23.165,23.165,23.157,23.127,23.15,23.157,23.226,23.249,23.272,23.433,23.502,23.724,25.142,25.33,25.142,25.127,25.044,24.886,24.78,24.757,24.735,24.621,24.591,24.538,24.515,24.492,24.462,24.454,24.432,24.318,24.341,24.318,24.181,24.151,24.105,24.021,23.991,23.846,23.762,23.655,23.64,23.625,23.655,23.686,23.724,23.777,23.8,23.831,24.029,24.059,24.128,24.568,24.735,24.946,24.991,25.3,25.39,25.555,25.623,25.638,25.623,25.563,25.518,25.435,25.375,25.375,25.375,25.383,25.42,25.42,25.413,25.368,25.292,25.195,25.142,25.149,24.991,24.833,24.719,24.674,24.674,24.689,24.689,24.765,24.833,24.871,24.923,25.059,25.21,25.217,25.24,25.277,25.292,25.3,25.277,25.262,25.187,25.059,25.014,24.651,24.492,24.416,24.234,24.219,24.158,24.143,24.113,24.067,24.151,24.135,24.181,24.287,24.31,24.325,24.348,24.31,24.249,24.287,24.272,24.249,24.287,24.515,24.568,24.818,24.969,25.292,25.338,25.36,25.473,25.458,25.45,25.33,25.255,25.195,25.18,25.18,25.21,25.255,25.27,25.292,25.292,25.27,25.217,25.067,24.908,24.644,24.56,24.492,24.333,24.28,24.128,24.067,23.998,23.983,23.953,23.915,23.884,23.838,23.77,23.701,23.693,23.579,23.564,24.052,24.325,24.47,24.485,24.454,24.454,24.424,24.394,24.409,24.341,24.325,24.295,24.287,24.242,24.219,24.075,23.998,23.96,23.838,23.762,23.403,23.395,23.157,23.05,22.988,22.873,22.85,22.85,22.827,23.234,24.545,25.3,25.33,25.345,25.323,25.202,24.803,24.735,24.485,24.386,24.257,24.249,24.181,24.029,23.991,24.006,24.029,24.075,24.021,24.067,23.998,24.075,23.953,23.96,23.93,23.899,23.877,23.861,23.846,23.831,23.785,23.755,23.739,23.716,23.686,23.671,23.632,23.579,23.533,23.464,23.41,23.341,23.326,23.265,23.242,23.188,23.142,23.104,23.065,23.042,23.027,23.019,22.996,23.004,23.011,23.05,23.027,23.088,23.119,23.257,24.181,25.029,25.247,25.563,25.638,25.9,25.915,26.109,26.518,26.726,26.845,26.734,26.645,26.169,25.608,25.383,25.157,25.014,24.825,24.742,24.659,24.682,24.462,24.242,24.143,24.097,24.075,24.097,24.097,24.158,24.128,24.082,24.006,23.922,23.838,23.724,23.617,23.594,23.556,23.487,23.456,23.441,23.41,23.441,23.487,23.502,23.548,23.686,23.892,24.105,24.295,24.485,24.598,24.757,25.262,25.375,25.443,25.503,25.503,25.503,25.48,25.398,25.338,25.172,24.984,24.56,24.31,24.211,23.846,23.8,23.777,23.762,23.747,23.838,24.021,24.196,24.416,24.485,24.613,24.666,24.757,24.772,24.878,24.803,24.787,24.795,24.795,24.803,24.787,24.78,24.704,24.576,24.507,24.401,24.356,24.424,24.363,24.401,24.523,24.553,24.523,24.386,24.166,24.067,23.823,23.594,23.579,23.395,23.319,23.188,23.104,23.042,22.773,23.004,24.181,24.219,24.181,24.204,24.5,24.878,25.18,25.36,25.383,25.315,25.217,25.112,24.818,24.795,24.591,24.553,24.5,24.47,24.325,24.158,24.097,24.12,24.082,24.059,23.998,23.854,23.793,23.234,22.958,22.873,22.858,22.796,22.757,22.665,22.68,22.649,22.611,22.634,22.603,22.588,22.534,22.526,22.495,22.51,22.487,22.472,22.472,22.464,22.449,22.487,22.433,22.456,22.487,22.464,22.441,22.425,22.418,22.394,22.402,22.371,22.387,22.387,22.387,22.387,22.433,22.425,22.41,22.394,22.41,22.433,22.418,22.402,22.387,22.394,22.356,22.363,22.363,22.363,22.379,22.371,22.317
,21.984,21.999,22.007,22.038,22.03,22.038,22.038,22.038,22.061,22.092,22.092,22.108,22.077,22.069,22.084,22.084,22.092,22.1,22.116,22.131,22.131,22.139,22.131,22.116,22.123,22.123,22.147,22.139,22.154,22.154,22.162,22.193,22.178,22.185,22.178,22.162,22.162,22.162,22.162,22.185,22.178,22.193,22.201,22.201,22.216,22.224,22.263,22.263,22.247,22.294,22.271,22.232,22.24,22.24,22.302,22.294,22.278,22.302,22.309,22.317,22.332,22.356,22.394,22.387,22.402,22.425,22.418,22.425,22.433,22.449,22.557,22.757,22.965,23.134,23.119,23.257,23.257,23.472,23.579,23.663,23.77,23.869,23.938,24.12,24.242,24.363,24.507,24.757,25.353,25.42,25.36,25.428,25.54,25.6,25.75,25.803,25.765,25.615,25.029,24.719,24.53,24.553,24.598,24.583,24.56,24.515,24.272,24.143,23.938,23.96,23.8,23.686,23.655,23.648,23.655,23.693,23.732,23.777,23.823,23.831,23.861,23.892,23.907,23.93,23.96,24.006,24.029,24.097,24.135,24.173,24.196,24.219,24.242,24.303,24.348,24.363,24.394,24.454,24.507,24.682,24.682,24.772,24.863,25.021,25.232,25.578,25.84,25.9,25.892,25.907,25.803,25.518,25.217,24.318,23.998,23.96,23.968,23.945,23.96,24.021,24.09,24.135,24.189,24.227,24.249,24.234,24.166,24.105,24.067,24.021,23.968,23.991,23.976,23.953,23.922,23.899,23.861,23.808,23.793,23.785,23.732,23.724,23.693,23.64,23.602,23.533,23.456,23.418,23.38,23.265,23.257,23.211,23.173,23.165,23.127,23.165,23.127,23.157,23.234,23.219,23.303,23.357,23.456,23.892,25.375,25.353,25.157,25.052,24.848,24.818,24.727,24.644,24.583,24.576,24.507,24.492,24.454,24.447,24.424,24.439,24.348,24.325,24.219,24.219,24.166,24.097,24.037,24.006,23.899,23.77,23.655,23.655,23.625,23.617,23.632,23.655,23.693,23.77,23.823,23.907,24.014,24.082,24.219,24.636,24.719,24.938,25.036,25.195,25.247,25.428,25.555,25.623,25.6,25.51,25.503,25.36,25.338,25.345,25.345,25.338,25.405,25.368,25.315,25.345,25.27,25.225,25.149,25.127,24.991,24.855,24.757,24.659,24.651,24.651,24.689,24.742,24.78,24.871,24.916,24.976,25.059,25.082,25.202,25.255,25.262,25.24,25.232,25.172,25.172,25.029,24.886,24.666,24.462,24.303,24.257,24.143,24.128,24.052,24.014,24.029,24.052,24.082,24.105,24.166,24.211,24.242,24.196,24.227,24.211,24.204,24.234,24.219,24.28,24.409,24.568,24.81,24.946,25.142,25.345,25.338,25.39,25.383,25.353,25.33,25.232,25.195,25.187,25.195,25.247,25.277,25.292,25.3,25.277,25.255,25.232,25.104,24.871,24.78,24.576,24.356,24.333,24.204,24.166,24.052,23.983,23.968,23.96,23.877,23.869,23.816,23.747,23.655,23.648,23.586,23.571,23.861,24.379,24.439,24.492,24.485,24.477,24.477,24.409,24.371,24.348,24.333,24.31,24.303,24.257,24.219,24.082,24.052,23.983,23.869,23.701,23.571,23.387,23.211,23.05,23.065,22.865,22.858,22.811,22.796,22.942,24.097,25.292,25.323,25.255,25.18,25.059,24.961,24.606,24.538,24.379,24.272,24.196,24.128,23.991,23.938,23.96,23.945,23.922,23.953,23.976,23.945,23.945,23.953,23.96,23.899,23.884,23.877,23.861,23.831,23.831,23.777,23.785,23.747,23.724,23.686,23.663,23.632,23.579,23.541,23.479,23.426,23.364,23.326,23.288,23.234,23.18,23.142,23.104,23.027,23.027,22.973,22.95,22.95,22.95,22.988,23.034,23.096,23.073,23.211,23.319,24.09,25.112,25.36,25.533,25.63,25.81,25.93,25.989,26.392,26.608,26.771,26.786,26.719,26.318,25.713,25.443,25.413,24.946,24.818,24.682,24.651,24.507,24.386,24.318,24.166,24.067,24.082,24.075,24.09,24.09,24.12,24.044,24.029,23.899,23.854,23.686,23.617,23.541,23.556,23.502,23.418,23.403,23.395,23.426,23.449,23.617,23.648,23.854,23.785,23.93,24.173,24.507,24.999,24.999,25.277,25.398,25.51,25.443,25.495,25.45,25.428,25.375,25.3,25.052,24.795,24.386,24.227,24.189,23.808,23.808,23.755,23.762,23.739,23.877,24.151,24.097,24.447,24.523,24.682,24.75,24.795,24.938,24.855,24.848,24.787,24.803,24.795,24.795,24.795,24.757,24.719,24.591,24.553,24.447,24.371,24.341,24.333,24.379,24.47,24.523,24.424,24.31,24.181,23.983,23.838,23.671,23.449,23.334,23.296,23.188,23.119,23.019,22.95,22.942,24.097,24.227,24.173,24.249,24.401,25.036,25.315,25.353,25.36,25.345,25.277,25.082,24.871,24.629,24.606,24.523,24.545,24.416,24.303,24.189,24.097,24.067,24.067,24.029,23.983,23.907,23.785,23.64,23.042,22.927,22.819,22.788,22.734,22.696,22.657,22.626,22.634,22.595,22.588,22.595,22.541,22.526,22.534,22.503,22.51,22.495,22.487,22.464,22.479,22.479,22.487,22.503,22.449,22.456,22.433,22.418,22.394,22.394,22.394,22.379,22.456,22.332,22.356,22.41,22.394,22.425,22.441,22.441,22.394,22.425,22.394,22.387,22.402,22.363,22.348,22.356,22.348,22.371,22.371,22.348,22.325
,21.999,21.999,22.007,21.999,22.038,22.03,22.022,22.077,22.069,22.084,22.077,22.084,22.077,22.077,22.069,22.084,22.092,22.108,22.1,22.116,22.147,22.131,22.162,22.131,22.147,22.123,22.162,22.131,22.154,22.178,22.178,22.162,22.185,22.185,22.178,22.17,22.17,22.162,22.162,22.193,22.201,22.185,22.209,22.232,22.185,22.24,22.247,22.232,22.263,22.263,22.232,22.302,22.209,22.271,22.302,22.309,22.278,22.317,22.348,22.34,22.34,22.363,22.356,22.379,22.387,22.402,22.418,22.472,22.433,22.588,22.796,22.796,22.981,23.042,23.196,23.196,23.418,23.51,23.502,23.663,23.693,23.861,23.968,24.082,24.249,24.492,24.636,25.24,25.39,25.405,25.405,25.45,25.585,25.735,25.818,25.877,25.832,25.6,24.833,24.515,24.613,24.53,24.454,24.462,24.394,24.363,24.249,23.892,23.77,23.678,23.609,23.617,23.617,23.602,23.609,23.64,23.693,23.747,23.793,23.831,23.884,23.907,23.93,23.945,23.953,23.991,24.006,24.067,24.158,24.173,24.204,24.204,24.234,24.234,24.31,24.325,24.386,24.454,24.523,24.598,24.682,24.772,24.893,24.976,25.112,25.323,25.615,25.892,25.862,25.855,25.72,25.608,24.984,24.173,23.998,23.945,23.945,23.938,23.976,24.006,24.044,24.12,24.158,24.219,24.189,24.196,24.12,24.082,24.021,23.991,23.945,23.922,23.945,23.884,23.884,23.846,23.823,23.762,23.747,23.732,23.693,23.655,23.617,23.586,23.533,23.51,23.441,23.364,23.334,23.226,23.28,23.219,23.18,23.18,23.142,23.15,23.165,23.127,23.15,23.196,23.249,23.349,23.655,23.953,25.353,25.262,25.082,24.893,24.803,24.75,24.651,24.5,24.53,24.462,24.485,24.424,24.439,24.401,24.363,24.363,24.31,24.249,24.249,24.204,24.128,24.097,23.991,23.892,23.846,23.693,23.625,23.617,23.632,23.602,23.602,23.648,23.663,23.716,23.808,23.854,23.968,24.181,24.189,24.576,24.803,24.916,25.074,25.21,25.285,25.39,25.593,25.615,25.593,25.495,25.398,25.323,25.308,25.292,25.308,25.308,25.323,25.315,25.277,25.285,25.285,25.21,25.104,25.067,24.938,24.848,24.689,24.651,24.629,24.629,24.666,24.689,24.757,24.78,24.84,24.901,25.014,25.029,25.104,25.187,25.187,25.187,25.18,25.165,25.157,25.044,24.772,24.704,24.454,24.287,24.173,24.075,24.105,24.052,24.021,23.998,23.991,24.029,24.059,24.12,24.052,24.173,24.173,24.158,24.166,24.189,24.196,24.242,24.265,24.401,24.659,24.886,24.961,25.24,25.315,25.323,25.345,25.36,25.338,25.285,25.21,25.21,25.21,25.195,25.21,25.217,25.255,25.262,25.255,25.187,25.157,24.938,24.787,24.712,24.56,24.348,24.28,24.166,24.014,24.021,23.976,23.968,23.861,23.831,23.823,23.77,23.716,23.632,23.586,23.564,23.632,24.257,24.439,24.47,24.492,24.492,24.523,24.5,24.447,24.424,24.401,24.348,24.333,24.318,24.265,24.227,24.113,24.021,23.983,23.884,23.671,23.533,23.449,23.319,23.05,22.927,22.911,22.827,22.811,22.788,22.865,23.991,25.247,25.285,25.255,25.119,24.916,24.765,24.636,24.545,24.363,24.227,24.166,24.113,24.006,23.93,23.854,23.831,23.831,23.892,23.877,23.892,23.907,23.922,23.915,23.869,23.861,23.861,23.854,23.831,23.816,23.816,23.762,23.732,23.716,23.693,23.671,23.64,23.602,23.564,23.464,23.449,23.38,23.311,23.249,23.219,23.157,23.127,23.081,23.034,23.004,22.965,22.95,22.934,22.934,22.965,23.042,23.05,23.073,23.234,23.594,24.219,25.044,25.405,25.465,25.63,25.705,25.735,26.027,26.094,26.37,26.726,26.852,26.563,26.355,26.087,25.765,25.525,24.901,24.757,24.629,24.719,24.553,24.432,24.227,24.143,24.075,24.059,24.067,24.082,24.097,24.067,24.037,23.907,23.854,23.777,23.671,23.594,23.548,23.456,23.433,23.395,23.387,23.372,23.433,23.464,23.541,23.678,23.831,23.854,24.151,24.234,24.47,24.938,25.202,25.33,25.39,25.525,25.518,25.473,25.443,25.39,25.36,25.202,24.871,24.613,24.416,24.166,23.816,23.838,23.739,23.739,23.739,23.732,23.854,24.09,24.173,24.583,24.742,24.682,24.803,24.886,24.871,24.863,24.825,24.833,24.787,24.795,24.787,24.787,24.735,24.674,24.629,24.568,24.363,24.325,24.325,24.363,24.439,24.447,24.424,24.363,24.31,24.143,24.052,23.755,23.617,23.41,23.341,23.257,23.088,23.011,22.904,22.804,22.95,23.945,24.097,24.265,24.211,24.295,25.044,25.323,25.345,25.323,25.285,25.172,25.014,24.75,24.659,24.553,24.454,24.462,24.401,24.249,24.143,24.067,24.067,24.044,24.014,24.014,23.991,23.915,23.808,22.981,22.881,22.858,22.75,22.757,22.68,22.68,22.626,22.619,22.626,22.526,22.619,22.588,22.611,22.534,22.51,22.518,22.487,22.487,22.487,22.487,22.495,22.503,22.472,22.464,22.456,22.433,22.402,22.41,22.34,22.394,22.41,22.41,22.441,22.394,22.418,22.387,22.394,22.425,22.402,22.41,22.433,22.41,22.418,22.418,22.332,22.317,22.356,22.363,22.363,22.371,22.356,22.348
,21.945,22.007,21.999,21.976,21.999,22.03,22.053,22.061,22.046,22.077,22.077,22.092,22.084,22.069,22.069,22.077,22.077,22.1,22.108,22.116,22.116,22.139,22.154,22.178,22.139,22.147,22.123,22.116,22.139,22.185,22.154,22.185,22.17,22.162,22.185,22.193,22.17,22.162,22.178,22.201,22.17,22.24,22.209,22.216,22.224,22.224,22.263,22.232,22.247,22.255,22.255,22.271,22.209,22.232,22.224,22.294,22.325,22.325,22.348,22.34,22.325,22.34,22.348,22.371,22.387,22.418,22.394,22.487,22.526,22.657,22.819,22.942,22.919,23.127,23.249,23.38,23.403,23.349,23.571,23.716,23.823,23.892,23.991,24.082,24.28,24.379,24.727,25.36,25.398,25.413,25.428,25.473,25.6,25.645,25.847,25.877,25.825,25.578,24.727,24.538,24.492,24.439,24.356,24.409,24.257,24.265,23.96,23.709,23.64,23.594,23.548,23.548,23.564,23.571,23.625,23.617,23.701,23.755,23.777,23.861,23.938,23.96,23.983,23.945,23.983,24.014,24.014,24.067,24.128,24.143,24.166,24.181,24.181,24.249,24.249,24.303,24.379,24.439,24.485,24.553,24.757,24.795,24.931,24.976,25.142,25.33,25.48,25.765,25.855,25.847,25.81,25.608,24.961,24.014,23.991,23.938,23.96,23.945,23.953,23.991,24.037,24.113,24.158,24.173,24.181,24.189,24.105,24.021,23.938,23.938,23.892,23.884,23.899,23.877,23.831,23.777,23.755,23.747,23.724,23.709,23.671,23.648,23.632,23.571,23.51,23.51,23.426,23.38,23.319,23.234,23.226,23.196,23.157,23.142,23.134,23.119,23.127,23.134,23.127,23.165,23.226,23.296,23.464,24.492,25.24,25.195,25.089,24.84,24.712,24.682,24.553,24.492,24.47,24.386,24.379,24.356,24.379,24.363,24.356,24.303,24.272,24.234,24.189,24.158,24.097,24.059,23.991,23.884,23.8,23.64,23.64,23.617,23.579,23.586,23.594,23.625,23.648,23.747,23.785,23.991,24.014,24.173,24.447,24.545,24.765,24.916,25.021,25.225,25.375,25.353,25.465,25.578,25.495,25.435,25.383,25.292,25.285,25.27,25.262,25.255,25.247,25.225,25.202,25.165,25.142,25.112,25.097,25.059,24.961,24.848,24.659,24.613,24.621,24.621,24.598,24.674,24.674,24.735,24.818,24.855,24.871,24.923,24.908,25.044,25.127,25.097,25.089,25.127,25.089,25.044,24.886,24.523,24.401,24.28,24.173,24.097,24.006,24.014,23.953,23.953,23.96,23.991,23.991,24.006,23.991,24.052,24.105,24.097,24.12,24.151,24.211,24.227,24.318,24.553,24.689,24.795,25.044,25.157,25.202,25.262,25.323,25.308,25.285,25.27,25.21,25.21,25.195,25.195,25.202,25.232,25.217,25.225,25.172,25.18,25.119,24.916,24.712,24.636,24.5,24.287,24.211,24.135,24.075,23.976,23.945,23.922,23.838,23.8,23.755,23.701,23.671,23.602,23.502,23.602,23.785,24.424,24.432,24.492,24.515,24.507,24.515,24.507,24.507,24.47,24.409,24.386,24.363,24.356,24.318,24.28,24.196,24.021,23.968,23.732,23.724,23.533,23.341,23.311,23.073,22.973,22.919,22.834,22.757,22.75,22.78,23.915,25.225,25.24,25.165,25.134,24.976,24.765,24.621,24.515,24.295,24.219,24.143,24.052,23.953,23.892,23.838,23.838,23.808,23.8,23.8,23.861,23.823,23.816,23.846,23.838,23.846,23.846,23.831,23.831,23.816,23.793,23.747,23.724,23.709,23.686,23.678,23.632,23.609,23.564,23.479,23.456,23.372,23.303,23.265,23.196,23.173,23.119,23.05,23.019,22.95,22.927,22.904,22.888,22.919,22.934,22.988,23.027,23.088,23.18,23.701,24.105,25.195,25.375,25.555,25.623,25.57,25.638,25.69,25.862,26.325,26.355,26.459,26.533,26.34,26.198,26.101,25.743,25.149,24.893,24.78,24.545,24.576,24.477,24.257,24.166,24.082,24.044,24.067,24.067,24.082,24.067,24.006,23.945,23.8,23.777,23.663,23.571,23.525,23.479,23.403,23.395,23.372,23.387,23.41,23.464,23.525,23.747,23.915,23.998,24.059,24.348,24.583,24.886,25.134,25.262,25.413,25.413,25.51,25.48,25.465,25.323,25.262,24.991,24.689,24.507,24.166,23.899,23.808,23.739,23.724,23.724,23.732,23.755,23.877,24.12,24.318,24.666,24.651,24.848,24.871,24.901,24.886,24.878,24.825,24.848,24.795,24.787,24.772,24.765,24.727,24.727,24.629,24.507,24.371,24.325,24.31,24.303,24.333,24.401,24.432,24.287,24.189,24.029,23.915,23.854,23.671,23.349,23.357,23.242,22.996,22.904,22.881,22.757,22.865,23.915,24.151,24.151,24.242,24.454,25.119,25.262,25.33,25.353,25.277,25.172,25.029,24.689,24.613,24.545,24.515,24.492,24.454,24.242,24.128,24.105,24.014,24.006,24.014,23.991,23.915,24.006,23.739,23.403,23.104,22.819,22.757,22.727,22.688,22.657,22.626,22.642,22.557,22.58,22.603,22.51,22.549,22.595,22.518,22.479,22.449,22.464,22.456,22.487,22.487,22.495,22.495,22.479,22.449,22.418,22.418,22.394,22.402,22.394,22.41,22.441,22.394,22.379,22.387,22.379,22.387,22.394,22.402,22.41,22.425,22.425,22.379,22.363,22.402,22.302,22.371,22.363,22.371,22.363,22.348,22.363
,22.038,22.015,21.999,21.976,21.976,22.022,22.015,22.069,22.061,22.084,22.084,22.092,22.077,22.077,22.069,22.069,22.077,22.069,22.108,22.116,22.139,22.131,22.131,22.131,22.131,22.123,22.162,22.147,22.139,22.162,22.178,22.154,22.178,22.185,22.201,22.162,22.185,22.178,22.185,22.201,22.216,22.216,22.224,22.255,22.216,22.232,22.232,22.232,22.255,22.271,22.232,22.286,22.263,22.224,22.24,22.255,22.317,22.34,22.356,22.34,22.348,22.34,22.356,22.356,22.387,22.449,22.487,22.51,22.58,22.757,22.865,22.958,23.111,23.203,23.288,23.28,23.403,23.51,23.556,23.602,23.77,23.892,23.991,24.044,24.333,24.492,24.81,25.383,25.413,25.383,25.435,25.6,25.698,25.78,25.84,25.9,25.87,25.705,24.689,24.447,24.439,24.341,24.318,24.318,24.227,24.204,23.907,23.564,23.617,23.502,23.525,23.518,23.518,23.541,23.564,23.602,23.678,23.747,23.838,23.915,23.976,24.029,24.059,24.029,24.075,24.021,24.052,24.052,24.075,24.135,24.151,24.158,24.189,24.181,24.189,24.272,24.356,24.447,24.485,24.553,24.613,24.704,24.923,24.976,25.112,25.24,25.593,25.735,25.832,25.773,25.773,25.623,24.432,24.044,24.014,23.945,23.953,23.945,23.96,24.006,24.044,24.097,24.143,24.158,24.181,24.189,24.151,24.006,23.915,23.915,23.869,23.861,23.877,23.816,23.777,23.747,23.724,23.693,23.693,23.625,23.625,23.617,23.586,23.525,23.456,23.472,23.387,23.296,23.28,23.288,23.234,23.188,23.165,23.15,23.127,23.134,23.119,23.111,23.111,23.165,23.165,23.303,23.357,24.765,25.255,25.021,24.931,24.689,24.651,24.591,24.371,24.379,24.394,24.28,24.31,24.303,24.333,24.31,24.265,24.265,24.211,24.211,24.12,24.105,24.059,23.976,23.846,23.808,23.724,23.64,23.602,23.579,23.548,23.571,23.594,23.602,23.693,23.777,23.831,23.953,24.143,24.333,24.432,24.666,24.878,24.961,25.097,25.217,25.292,25.398,25.428,25.555,25.51,25.413,25.315,25.255,25.232,25.225,25.232,25.157,25.165,25.18,25.149,25.149,25.112,25.074,25.067,25.029,24.871,24.757,24.697,24.636,24.591,24.568,24.591,24.621,24.659,24.704,24.727,24.712,24.833,24.848,24.901,24.946,25.029,25.082,25.052,25.006,24.984,24.886,24.757,24.598,24.325,24.242,24.166,23.968,24.006,23.96,23.915,23.899,23.907,23.922,23.93,23.953,23.968,24.029,24.059,24.067,24.113,24.135,24.204,24.242,24.356,24.492,24.727,24.795,24.946,25.127,25.232,25.18,25.255,25.27,25.255,25.232,25.225,25.195,25.195,25.187,25.18,25.187,25.195,25.187,25.172,25.134,24.908,24.84,24.666,24.416,24.318,24.219,24.219,24.059,24.052,23.976,23.854,23.8,23.816,23.785,23.701,23.648,23.609,23.594,23.525,23.51,23.724,24.394,24.454,24.477,24.507,24.515,24.538,24.53,24.492,24.477,24.447,24.416,24.416,24.348,24.249,24.249,24.181,24.052,23.976,23.755,23.732,23.571,23.403,23.242,23.058,22.896,22.804,22.78,22.727,22.75,22.796,23.861,25.142,25.21,25.149,25.059,24.833,24.855,24.757,24.606,24.295,24.166,24.113,23.991,23.93,23.869,23.793,23.816,23.785,23.747,23.755,23.823,23.793,23.777,23.777,23.8,23.816,23.846,23.831,23.831,23.831,23.793,23.762,23.747,23.709,23.701,23.663,23.648,23.609,23.556,23.502,23.472,23.38,23.296,23.272,23.219,23.173,23.127,23.058,23.011,22.965,22.911,22.896,22.873,22.958,22.896,23.027,23.019,23.081,23.127,23.747,24.394,25.074,25.36,25.495,25.525,25.593,25.585,25.585,25.72,25.825,26.012,26.437,26.504,26.399,26.221,26.228,25.967,25.465,25.089,25.059,24.674,24.598,24.576,24.394,24.28,24.059,24.067,24.059,24.059,24.044,24.067,24.037,23.93,23.8,23.777,23.625,23.541,23.433,23.433,23.403,23.326,23.357,23.364,23.38,23.395,23.579,23.724,23.869,24.044,24.219,24.379,24.931,24.999,25.172,25.42,25.518,25.495,25.495,25.42,25.3,25.308,25.089,24.908,24.651,24.363,24.242,23.998,23.793,23.663,23.678,23.701,23.724,23.762,23.96,24.113,24.401,24.697,24.78,25.014,24.969,24.893,24.954,24.886,24.78,24.81,24.757,24.78,24.757,24.75,24.689,24.636,24.538,24.515,24.363,24.272,24.295,24.31,24.318,24.371,24.394,24.28,24.151,23.976,23.861,23.701,23.533,23.372,23.311,23.188,22.996,22.904,22.934,22.773,22.711,24.006,24.173,24.143,24.227,24.621,24.946,25.255,25.36,25.345,25.308,25.187,25.021,24.682,24.666,24.583,24.523,24.462,24.363,24.295,24.242,24.082,24.029,24.021,23.998,24.006,23.968,23.93,23.816,23.663,23.104,22.965,22.727,22.719,22.688,22.696,22.619,22.572,22.534,22.549,22.526,22.564,22.572,22.557,22.572,22.456,22.479,22.487,22.464,22.464,22.487,22.479,22.479,22.479,22.441,22.433,22.402,22.394,22.379,22.418,22.441,22.387,22.41,22.34,22.371,22.402,22.363,22.387,22.394,22.418,22.41,22.418,22.394,22.332,22.302,22.325,22.356,22.387,22.371,22.387,22.371,22.356
,22.007,22.007,22.007,21.999,21.991,22.015,22.03,22.046,22.069,22.046,22.108,22.084,22.077,22.077,22.077,22.069,22.069,22.1,22.1,22.108,22.123,22.131,22.108,22.131,22.108,22.17,22.131,22.154,22.139,22.139,22.147,22.147,22.154,22.139,22.131,22.178,22.185,22.185,22.193,22.185,22.193,22.209,22.178,22.201,22.201,22.24,22.24,22.24,22.232,22.278,22.216,22.24,22.263,22.224,22.255,22.247,22.309,22.309,22.325,22.325,22.325,22.332,22.363,22.379,22.41,22.425,22.441,22.526,22.534,22.742,22.842,23.027,23.15,23.211,23.364,23.426,23.464,23.502,23.586,23.678,23.8,23.96,24.082,24.128,24.325,24.75,25.18,25.338,25.39,25.368,25.443,25.608,25.698,25.803,25.937,25.937,25.937,25.608,24.553,24.485,24.416,24.356,24.265,24.204,24.135,23.945,23.602,23.479,23.456,23.441,23.456,23.472,23.495,23.51,23.564,23.625,23.686,23.747,23.854,23.976,24.097,24.12,24.113,24.128,24.128,24.075,24.082,24.067,24.075,24.097,24.105,24.143,24.151,24.173,24.204,24.166,24.333,24.401,24.47,24.553,24.606,24.629,24.871,24.954,25.149,25.187,25.27,25.69,25.705,25.81,25.78,25.42,24.363,24.082,23.998,23.998,23.96,23.968,24.006,24.037,24.037,24.082,24.113,24.135,24.135,24.151,24.021,23.892,23.861,23.838,23.831,23.831,23.808,23.762,23.739,23.716,23.709,23.671,23.625,23.625,23.556,23.525,23.487,23.487,23.441,23.403,23.372,23.296,23.265,23.203,23.18,23.165,23.15,23.15,23.127,23.127,23.111,23.119,23.142,23.165,23.173,23.234,23.51,24.969,25.119,24.893,24.735,24.621,24.485,24.401,24.356,24.295,24.234,24.257,24.242,24.249,24.303,24.272,24.272,24.181,24.189,24.113,24.09,24.082,24.006,23.96,23.869,23.785,23.663,23.617,23.556,23.541,23.533,23.548,23.571,23.564,23.625,23.693,23.869,23.884,24.135,24.219,24.454,24.53,24.795,24.984,25.104,25.119,25.368,25.405,25.458,25.488,25.435,25.345,25.255,25.225,25.232,25.187,25.134,25.082,25.074,25.097,25.036,25.059,25.067,24.999,24.961,24.923,24.878,24.689,24.613,24.576,24.553,24.538,24.53,24.598,24.591,24.606,24.651,24.75,24.704,24.765,24.795,24.938,24.938,25.021,25.006,25.014,24.984,24.946,24.416,24.409,24.265,24.181,24.12,23.998,23.945,23.899,23.877,23.892,23.869,23.892,23.892,23.892,23.922,23.96,23.998,24.021,24.09,24.135,24.204,24.204,24.356,24.47,24.636,24.742,25.014,25.149,25.195,25.217,25.24,25.217,25.232,25.225,25.217,25.21,25.187,25.172,25.165,25.165,25.165,25.157,25.097,24.901,24.81,24.712,24.583,24.424,24.325,24.242,24.143,24.029,24.021,23.861,23.8,23.869,23.739,23.724,23.64,23.586,23.609,23.518,23.487,23.678,24.067,24.394,24.454,24.462,24.507,24.523,24.538,24.545,24.53,24.5,24.492,24.47,24.439,24.394,24.356,24.204,24.135,23.983,23.899,23.755,23.632,23.495,23.296,23.203,23.111,22.888,22.888,22.734,22.765,22.727,22.819,23.755,25.195,25.21,25.127,24.991,24.878,24.742,24.606,24.439,24.31,24.128,24.052,23.976,23.953,23.808,23.739,23.678,23.709,23.671,23.701,23.716,23.686,23.724,23.755,23.739,23.785,23.816,23.816,23.8,23.793,23.77,23.747,23.724,23.709,23.686,23.663,23.648,23.586,23.571,23.518,23.426,23.387,23.326,23.272,23.234,23.165,23.119,23.034,23.004,22.942,22.904,22.858,22.834,22.85,22.927,22.981,23.027,23.058,23.196,23.732,24.659,25.172,25.39,25.495,25.51,25.51,25.525,25.48,25.51,25.683,25.743,26.154,26.37,26.347,26.399,26.221,26.034,25.525,25.18,25.104,25.067,24.878,24.583,24.447,24.303,24.128,24.052,24.044,24.052,24.037,24.029,24.021,23.831,23.808,23.739,23.609,23.51,23.426,23.387,23.341,23.326,23.334,23.334,23.357,23.403,23.586,23.808,23.983,24.113,24.219,24.523,24.795,24.999,25.383,25.24,25.473,25.518,25.488,25.338,25.262,25.202,25.089,24.689,24.432,24.356,23.968,23.854,23.693,23.671,23.64,23.617,23.678,23.816,24.09,24.189,24.606,24.666,24.878,25.029,24.954,24.969,24.938,24.833,24.78,24.674,24.742,24.712,24.712,24.704,24.704,24.697,24.515,24.477,24.295,24.265,24.242,24.219,24.249,24.272,24.242,24.242,23.983,23.945,23.838,23.816,23.495,23.303,23.226,23.119,22.911,22.85,22.804,22.696,22.665,23.838,24.204,24.219,24.211,24.295,24.787,25.21,25.27,25.3,25.277,24.976,24.757,24.689,24.629,24.523,24.545,24.492,24.462,24.363,24.211,24.128,24.052,23.983,23.991,23.976,23.998,23.945,23.892,23.678,23.349,22.819,22.727,22.719,22.688,22.696,22.649,22.603,22.603,22.541,22.557,22.557,22.464,22.51,22.549,22.472,22.425,22.456,22.418,22.472,22.479,22.464,22.472,22.464,22.441,22.418,22.418,22.379,22.441,22.379,22.472,22.495,22.456,22.371,22.363,22.402,22.363,22.402,22.387,22.418,22.425,22.394,22.363,22.356,22.379,22.363,22.379,22.371,22.371,22.387,22.387,22.379
,22.022,21.984,21.976,21.999,22.015,22.015,21.999,22.03,22.069,22.092,22.1,22.084,22.092,22.077,22.084,22.069,22.061,22.084,22.077,22.084,22.147,22.116,22.1,22.123,22.147,22.131,22.139,22.131,22.154,22.139,22.147,22.139,22.147,22.178,22.178,22.17,22.185,22.193,22.193,22.201,22.216,22.178,22.201,22.232,22.24,22.247,22.247,22.247,22.232,22.216,22.209,22.224,22.224,22.201,22.216,22.263,22.286,22.317,22.317,22.325,22.332,22.356,22.34,22.371,22.425,22.41,22.441,22.456,22.611,22.858,22.95,23.042,23.127,23.326,23.41,23.441,23.502,23.548,23.609,23.755,23.755,23.915,24.158,24.318,24.432,24.871,25.18,25.308,25.323,25.368,25.435,25.548,25.788,25.862,25.997,25.907,25.96,25.398,24.538,24.424,24.356,24.318,24.227,24.128,24.021,23.747,23.441,23.426,23.395,23.395,23.41,23.433,23.472,23.518,23.571,23.64,23.686,23.861,23.953,24.021,24.12,24.173,24.219,24.227,24.181,24.196,24.135,24.059,24.097,24.09,24.105,24.128,24.143,24.166,24.158,24.196,24.28,24.416,24.462,24.53,24.689,24.795,24.833,24.954,25.134,25.149,25.338,25.645,25.735,25.765,25.683,25.398,24.249,24.075,24.029,24.014,23.998,23.96,23.983,24.014,24.059,24.105,24.105,24.12,24.09,24.158,23.907,23.953,23.884,23.838,23.77,23.808,23.777,23.747,23.716,23.701,23.663,23.671,23.648,23.579,23.548,23.533,23.495,23.479,23.403,23.334,23.334,23.257,23.226,23.188,23.18,23.142,23.119,23.111,23.104,23.104,23.104,23.127,23.134,23.127,23.196,23.28,23.51,24.908,25.112,24.878,24.719,24.53,24.447,24.386,24.28,24.242,24.181,24.189,24.204,24.204,24.219,24.227,24.204,24.204,24.143,24.113,24.067,24.006,23.93,23.838,23.808,23.747,23.663,23.655,23.564,23.541,23.518,23.525,23.548,23.594,23.617,23.77,23.854,24.067,24.113,24.348,24.523,24.591,24.719,24.961,25.059,25.149,25.27,25.36,25.435,25.473,25.398,25.323,25.285,25.187,25.202,25.172,25.104,25.059,24.991,25.036,24.999,24.969,24.938,24.931,24.946,24.901,24.787,24.742,24.674,24.545,24.515,24.492,24.5,24.523,24.545,24.545,24.583,24.666,24.697,24.78,24.81,24.848,24.931,24.946,24.969,24.991,24.976,24.893,24.674,24.318,24.158,24.143,24.067,23.968,23.945,23.892,23.877,23.846,23.838,23.846,23.861,23.831,23.884,23.945,23.976,23.96,24.021,24.075,24.143,24.227,24.386,24.507,24.659,24.727,24.931,25.074,25.112,25.142,25.18,25.202,25.247,25.24,25.21,25.202,25.172,25.149,25.134,25.112,25.149,25.067,24.931,24.795,24.674,24.651,24.454,24.333,24.318,24.272,24.12,24.021,23.983,23.892,23.808,23.709,23.716,23.655,23.632,23.556,23.472,23.502,23.449,23.564,24.166,24.432,24.462,24.492,24.5,24.545,24.545,24.576,24.56,24.53,24.515,24.492,24.432,24.386,24.318,24.113,24.082,23.907,23.93,23.808,23.594,23.418,23.265,23.119,23.088,22.927,22.819,22.742,22.703,22.711,22.742,23.51,25.052,25.187,25.082,24.954,24.81,24.742,24.644,24.401,24.325,24.097,24.021,23.976,23.922,23.732,23.724,23.693,23.625,23.64,23.625,23.632,23.64,23.701,23.693,23.709,23.77,23.77,23.785,23.777,23.8,23.739,23.732,23.709,23.739,23.701,23.648,23.625,23.609,23.548,23.533,23.479,23.38,23.326,23.265,23.234,23.18,23.127,23.058,23.011,22.919,22.865,22.842,22.819,22.827,22.842,22.904,23.019,23.065,23.134,23.678,24.719,25.149,25.383,25.458,25.473,25.503,25.465,25.443,25.413,25.503,25.75,25.847,26.221,26.318,26.325,26.206,26.176,25.967,25.353,25.202,25.104,24.878,24.742,24.447,24.265,24.135,24.067,24.052,24.029,24.029,23.976,23.991,23.922,23.831,23.709,23.625,23.533,23.456,23.41,23.349,23.319,23.326,23.334,23.341,23.38,23.64,23.716,23.884,24.158,24.47,24.538,24.75,25.052,25.187,25.33,25.473,25.473,25.503,25.315,25.3,25.112,24.976,24.485,24.295,24.075,23.945,23.747,23.64,23.609,23.617,23.663,23.701,23.747,24.196,24.47,24.682,24.78,24.855,25.006,25.044,25.006,24.961,24.863,24.818,24.682,24.704,24.636,24.674,24.689,24.682,24.644,24.53,24.424,24.272,24.227,24.181,24.219,24.265,24.265,24.242,24.143,24.037,23.922,23.899,23.716,23.357,23.272,23.265,23.05,23.011,22.934,22.765,22.719,22.734,23.991,24.151,24.204,24.204,24.265,24.84,25.323,25.383,25.3,25.292,25.232,24.893,24.689,24.636,24.538,24.5,24.5,24.439,24.401,24.439,24.204,23.968,24.006,23.998,23.998,23.968,23.938,23.922,23.816,23.716,23.096,22.75,22.727,22.727,22.703,22.673,22.603,22.595,22.588,22.564,22.541,22.557,22.518,22.472,22.464,22.541,22.433,22.425,22.425,22.456,22.456,22.456,22.456,22.441,22.441,22.379,22.41,22.41,22.472,22.41,22.41,22.41,22.433,22.387,22.363,22.371,22.387,22.387,22.394,22.394,22.379,22.363,22.363,22.363,22.356,22.379,22.363,22.379,22.379,22.379,22.348
,22.007,22.046,21.976,21.984,22.053,22.046,22.015,22.038,22.038,22.077,22.084,22.108,22.1,22.046,22.077,22.061,22.069,22.084,22.108,22.139,22.131,22.147,22.123,22.123,22.123,22.147,22.131,22.139,22.139,22.116,22.162,22.178,22.154,22.201,22.139,22.193,22.185,22.193,22.178,22.185,22.193,22.193,22.209,22.224,22.224,22.232,22.24,22.224,22.24,22.224,22.224,22.24,22.216,22.232,22.232,22.263,22.286,22.309,22.317,22.317,22.332,22.394,22.387,22.402,22.41,22.441,22.503,22.657,22.757,22.834,22.95,23.142,23.288,23.349,23.433,23.487,23.518,23.579,23.663,23.739,23.854,24.014,24.09,24.356,24.515,25.104,25.18,25.225,25.247,25.292,25.54,25.69,25.877,25.937,25.989,25.989,25.93,24.991,24.447,24.363,24.325,24.196,24.204,24.059,23.709,23.433,23.357,23.372,23.349,23.357,23.38,23.41,23.456,23.525,23.64,23.709,23.816,23.915,24.037,24.12,24.128,24.204,24.272,24.295,24.257,24.181,24.204,24.173,24.12,24.097,24.12,24.135,24.143,24.173,24.196,24.242,24.318,24.401,24.5,24.576,24.621,24.727,24.78,25.036,25.112,25.262,25.458,25.668,25.69,25.728,25.683,25.18,24.234,24.113,24.067,24.044,23.976,24.006,24.014,24.021,24.044,24.059,24.09,24.12,24.097,24.075,23.998,23.892,23.808,23.816,23.77,23.777,23.709,23.693,23.686,23.663,23.663,23.625,23.564,23.579,23.525,23.495,23.456,23.433,23.38,23.364,23.349,23.242,23.203,23.173,23.165,23.142,23.119,23.111,23.088,23.096,23.096,23.134,23.165,23.18,23.242,23.341,23.64,25.149,25.036,24.855,24.697,24.538,24.432,24.303,24.249,24.196,24.173,24.166,24.173,24.166,24.181,24.173,24.166,24.181,24.143,24.113,24.021,23.96,23.922,23.869,23.793,23.671,23.609,23.533,23.541,23.479,23.495,23.525,23.541,23.525,23.586,23.693,23.869,24.044,24.166,24.348,24.598,24.621,24.75,24.984,25.089,25.112,25.353,25.368,25.405,25.398,25.353,25.262,25.202,25.187,25.112,25.142,25.052,25.014,24.991,24.954,24.893,24.901,24.916,24.901,24.803,24.803,24.765,24.712,24.629,24.583,24.53,24.477,24.47,24.47,24.492,24.523,24.576,24.598,24.682,24.689,24.727,24.833,24.901,24.946,24.923,24.946,24.916,24.901,24.598,24.265,24.151,24.044,24.029,23.968,23.945,23.869,23.838,23.823,23.816,23.816,23.831,23.838,23.854,23.877,23.938,23.922,24.029,24.128,24.166,24.265,24.386,24.5,24.583,24.682,24.923,25.059,25.134,25.119,25.165,25.195,25.225,25.225,25.187,25.195,25.142,25.119,25.104,25.067,25.067,25.029,24.772,24.606,24.629,24.5,24.454,24.333,24.28,24.173,24.151,24.021,23.945,23.777,23.716,23.709,23.671,23.602,23.586,23.518,23.433,23.433,23.433,23.838,24.113,24.401,24.447,24.47,24.523,24.56,24.576,24.568,24.576,24.553,24.545,24.507,24.485,24.394,24.249,24.211,24.075,23.976,23.899,23.77,23.648,23.479,23.387,23.088,23.034,22.934,22.827,22.711,22.68,22.711,22.719,23.525,24.991,25.059,25.036,24.946,24.787,24.735,24.583,24.454,24.325,24.128,24.037,23.869,23.8,23.777,23.564,23.617,23.495,23.541,23.541,23.586,23.564,23.632,23.64,23.678,23.716,23.732,23.747,23.785,23.747,23.762,23.755,23.724,23.701,23.693,23.671,23.648,23.617,23.548,23.533,23.472,23.387,23.319,23.249,23.211,23.173,23.127,23.073,22.973,22.911,22.873,22.819,22.827,22.842,22.819,22.881,22.95,23.096,23.272,24.006,24.75,25.119,25.398,25.428,25.42,25.45,25.435,25.42,25.435,25.42,25.495,25.645,25.705,26.072,26.251,26.251,26.161,26.087,25.578,25.405,25.18,25.112,24.916,24.576,24.333,24.196,24.067,24.029,24.021,24.029,23.983,23.96,23.907,23.922,23.785,23.609,23.594,23.518,23.364,23.326,23.311,23.311,23.357,23.403,23.357,23.564,23.777,23.976,24.052,24.606,24.682,24.833,24.931,25.315,25.465,25.495,25.458,25.473,25.413,25.127,24.999,24.878,24.704,24.249,24.037,23.998,23.77,23.602,23.625,23.609,23.602,23.823,23.945,24.318,24.576,24.795,25.036,25.052,25.021,25.074,24.976,24.999,24.901,24.795,24.682,24.636,24.629,24.621,24.644,24.636,24.598,24.47,24.363,24.272,24.219,24.166,24.181,24.211,24.219,24.257,24.158,24.059,23.922,23.793,23.502,23.403,23.242,23.18,23.058,22.973,22.865,22.827,22.811,22.703,24.151,24.173,24.227,24.219,24.257,24.447,25.225,25.315,25.33,25.368,25.157,25.112,24.659,24.613,24.515,24.553,24.5,24.492,24.47,24.394,24.173,24.037,23.998,23.976,23.976,23.945,23.93,23.869,23.823,23.747,23.518,22.919,22.78,22.757,22.696,22.673,22.649,22.595,22.588,22.564,22.541,22.572,22.541,22.503,22.487,22.456,22.441,22.441,22.441,22.449,22.449,22.479,22.456,22.433,22.449,22.464,22.394,22.41,22.387,22.387,22.41,22.387,22.394,22.402,22.387,22.41,22.41,22.371,22.394,22.41,22.387,22.387,22.356,22.387,22.356,22.363,22.379,22.371,22.371,22.356,22.34
,21.999,21.999,21.984,21.968,22.022,22.007,22.046,22.022,22.046,22.046,22.046,22.077,22.077,22.077,22.069,22.061,22.053,22.077,22.108,22.131,22.139,22.139,22.131,22.123,22.139,22.123,22.131,22.131,22.139,22.193,22.131,22.224,22.139,22.178,22.147,22.209,22.185,22.178,22.193,22.185,22.185,22.185,22.193,22.216,22.24,22.24,22.232,22.232,22.24,22.224,22.216,22.201,22.216,22.224,22.247,22.24,22.271,22.294,22.302,22.317,22.363,22.387,22.356,22.418,22.441,22.464,22.549,22.773,22.78,22.927,23.073,23.196,23.296,23.334,23.472,23.525,23.556,23.655,23.77,23.816,23.915,23.998,24.052,24.143,24.689,25.142,25.202,25.217,25.33,25.315,25.638,25.758,25.937,25.952,26.064,26.049,25.922,24.886,24.447,24.265,24.257,24.204,24.189,23.991,23.617,23.387,23.303,23.349,23.326,23.319,23.372,23.403,23.456,23.548,23.716,23.762,23.846,23.884,24.037,24.128,24.249,24.333,24.356,24.341,24.318,24.318,24.265,24.181,24.151,24.166,24.135,24.143,24.151,24.196,24.272,24.333,24.401,24.295,24.53,24.629,24.742,24.666,24.931,25.074,25.217,25.398,25.51,25.645,25.698,25.66,25.645,24.901,24.196,24.059,24.097,24.037,24.006,24.029,24.029,24.029,24.029,24.037,24.059,24.075,24.052,24.029,23.922,23.846,23.808,23.762,23.77,23.724,23.693,23.655,23.671,23.625,23.594,23.609,23.564,23.541,23.51,23.487,23.456,23.441,23.395,23.349,23.288,23.234,23.203,23.18,23.134,23.111,23.088,23.081,23.058,23.073,23.081,23.111,23.127,23.188,23.242,23.357,24.082,25.021,24.946,24.818,24.583,24.454,24.242,24.181,24.105,24.143,24.105,24.151,24.151,24.143,24.158,24.158,24.158,24.128,24.082,24.006,24.006,23.938,23.869,23.877,23.8,23.686,23.64,23.533,23.472,23.464,23.426,23.472,23.495,23.495,23.701,23.739,23.953,24.135,24.234,24.295,24.56,24.712,24.833,24.886,25.052,25.195,25.27,25.375,25.375,25.368,25.285,25.255,25.21,25.142,25.112,25.044,24.991,24.931,24.893,24.863,24.833,24.84,24.84,24.795,24.787,24.727,24.75,24.697,24.644,24.523,24.492,24.462,24.424,24.462,24.47,24.5,24.538,24.598,24.636,24.742,24.719,24.795,24.871,24.886,24.893,24.908,24.825,24.666,24.485,24.181,24.128,24.037,24.029,23.938,23.968,23.922,23.854,23.816,23.816,23.816,23.823,23.838,23.854,23.846,23.884,23.884,23.938,24.037,24.234,24.295,24.394,24.5,24.629,24.727,24.848,24.893,25.067,25.112,25.149,25.157,25.172,25.217,25.187,25.165,25.157,25.097,25.074,25.044,25.021,24.787,24.75,24.591,24.53,24.492,24.394,24.295,24.234,24.128,24.09,23.968,23.96,23.823,23.747,23.655,23.655,23.579,23.525,23.449,23.433,23.464,23.433,23.838,24.189,24.409,24.409,24.5,24.538,24.553,24.568,24.583,24.576,24.568,24.538,24.507,24.477,24.386,24.211,24.196,24.059,23.983,23.846,23.755,23.579,23.456,23.349,23.111,23.011,22.842,22.804,22.696,22.68,22.696,22.919,23.472,24.871,25.036,24.969,24.908,24.742,24.651,24.5,24.371,24.257,24.067,24.014,23.793,23.739,23.663,23.564,23.502,23.51,23.518,23.541,23.518,23.533,23.571,23.617,23.632,23.671,23.716,23.732,23.724,23.732,23.739,23.755,23.747,23.709,23.701,23.671,23.632,23.609,23.594,23.564,23.487,23.38,23.341,23.303,23.249,23.173,23.127,23.05,22.996,22.934,22.888,22.85,22.842,22.827,22.858,22.911,22.965,23.096,23.296,23.976,24.803,25.187,25.368,25.428,25.428,25.435,25.443,25.368,25.375,25.36,25.353,25.548,25.578,25.818,26.101,26.154,26.243,26.101,26.027,25.585,25.232,25.21,25.036,24.704,24.523,24.181,24.059,24.044,24.029,24.006,23.998,23.922,23.922,23.808,23.762,23.617,23.579,23.495,23.334,23.319,23.319,23.311,23.319,23.426,23.387,23.755,23.755,24.037,24.363,24.576,24.697,24.969,25.187,25.368,25.458,25.488,25.435,25.45,25.345,25.112,25.082,24.81,24.31,24.135,24.029,23.907,23.724,23.625,23.617,23.609,23.632,23.747,23.846,24.447,24.704,24.916,24.976,25.112,25.067,25.082,24.999,24.961,24.84,24.689,24.621,24.606,24.591,24.576,24.576,24.591,24.568,24.401,24.341,24.219,24.189,24.158,24.181,24.189,24.204,24.181,24.173,24.006,23.96,23.777,23.556,23.349,23.219,23.173,23.073,22.965,22.919,22.727,22.734,22.742,24.037,24.189,24.196,24.287,24.303,24.682,25.112,25.353,25.345,25.345,25.217,24.999,24.719,24.56,24.568,24.545,24.53,24.515,24.507,24.424,24.325,24.067,23.976,23.976,23.983,23.945,23.899,23.899,23.823,23.739,23.64,23.357,22.796,22.742,22.773,22.68,22.673,22.611,22.588,22.557,22.564,22.534,22.526,22.534,22.472,22.503,22.495,22.441,22.456,22.449,22.441,22.456,22.503,22.472,22.456,22.441,22.441,22.441,22.433,22.418,22.394,22.402,22.394,22.41,22.348,22.433,22.371,22.379,22.394,22.363,22.425,22.394,22.394,22.379,22.379,22.387,22.356,22.356,22.348,22.332,22.332
,22.015,21.984,22.015,22.038,22.007,22.03,22.022,22.022,22.03,22.03,22.038,22.069,22.077,22.077,22.069,22.077,22.077,22.092,22.092,22.116,22.116,22.139,22.116,22.131,22.131,22.147,22.147,22.154,22.178,22.131,22.139,22.17,22.154,22.193,22.193,22.17,22.193,22.201,22.178,22.193,22.178,22.162,22.193,22.201,22.224,22.247,22.255,22.232,22.209,22.232,22.201,22.209,22.216,22.209,22.209,22.255,22.278,22.294,22.332,22.325,22.356,22.363,22.41,22.456,22.518,22.487,22.58,22.734,22.742,22.919,23.027,23.165,23.296,23.311,23.495,23.51,23.586,23.64,23.793,23.877,23.899,24.021,24.143,24.432,25.067,25.165,25.262,25.217,25.24,25.27,25.63,25.9,25.982,26.034,26.064,26.027,25.78,24.462,24.363,24.257,24.135,23.998,23.907,23.724,23.403,23.341,23.311,23.265,23.265,23.349,23.364,23.372,23.495,23.586,23.709,23.793,23.877,23.983,24.128,24.219,24.341,24.409,24.432,24.447,24.477,24.424,24.409,24.363,24.242,24.211,24.166,24.211,24.242,24.28,24.265,24.303,24.439,24.401,24.477,24.583,24.704,24.833,25.029,25.104,25.398,25.413,25.533,25.585,25.608,25.653,25.525,24.878,24.143,24.113,24.067,24.014,24.006,24.021,24.014,24.014,24.037,24.021,24.029,24.044,24.014,23.983,23.93,23.838,23.8,23.762,23.678,23.716,23.663,23.632,23.625,23.586,23.579,23.556,23.518,23.51,23.487,23.456,23.441,23.433,23.395,23.357,23.296,23.249,23.211,23.157,23.134,23.096,23.065,23.065,23.042,23.042,23.058,23.088,23.142,23.226,23.249,23.418,24.568,25.052,24.878,24.75,24.583,24.318,24.227,24.189,24.12,24.12,24.075,24.09,24.113,24.12,24.113,24.12,24.105,24.097,24.044,23.998,23.945,23.93,23.877,23.793,23.739,23.701,23.479,23.441,23.464,23.403,23.441,23.464,23.441,23.518,23.609,23.785,23.899,24.09,24.158,24.447,24.56,24.712,24.742,24.84,25.067,25.187,25.292,25.345,25.308,25.33,25.27,25.225,25.18,25.127,25.021,24.976,24.984,24.833,24.84,24.84,24.81,24.818,24.787,24.787,24.727,24.719,24.712,24.651,24.598,24.545,24.477,24.447,24.401,24.424,24.424,24.462,24.515,24.568,24.606,24.674,24.757,24.81,24.855,24.84,24.848,24.833,24.772,24.659,24.363,24.135,24.021,23.991,23.93,23.968,23.907,23.907,23.869,23.831,23.808,23.816,23.808,23.838,23.861,23.861,23.861,23.877,23.922,24.006,24.105,24.272,24.416,24.5,24.629,24.704,24.765,24.938,25.097,25.074,25.119,25.149,25.149,25.172,25.165,25.172,25.112,25.059,25.036,24.984,24.976,24.825,24.742,24.56,24.545,24.432,24.341,24.31,24.189,24.082,23.945,23.991,23.854,23.755,23.648,23.625,23.594,23.556,23.495,23.441,23.441,23.418,23.495,23.533,24.151,24.401,24.462,24.523,24.545,24.576,24.583,24.598,24.576,24.56,24.545,24.485,24.454,24.318,24.303,24.158,24.052,23.945,23.831,23.701,23.594,23.472,23.265,23.142,23.042,22.858,22.719,22.711,22.673,22.673,22.719,23.18,24.923,24.901,24.833,24.787,24.651,24.576,24.439,24.379,24.219,24.113,23.922,23.793,23.686,23.625,23.502,23.456,23.433,23.41,23.441,23.426,23.472,23.51,23.564,23.625,23.678,23.716,23.716,23.739,23.732,23.747,23.739,23.739,23.724,23.701,23.678,23.655,23.625,23.594,23.533,23.495,23.387,23.364,23.303,23.234,23.211,23.104,23.05,23.004,22.927,22.873,22.873,22.834,22.865,22.888,22.927,23.096,23.027,23.387,23.922,24.795,25.255,25.338,25.405,25.428,25.428,25.42,25.368,25.285,25.27,25.308,25.36,25.48,25.645,25.81,26.146,26.176,26.034,25.78,25.735,25.608,25.375,25.044,24.848,24.613,24.234,24.181,24.006,23.998,23.976,23.976,23.938,23.922,23.816,23.671,23.556,23.426,23.418,23.334,23.319,23.311,23.303,23.357,23.395,23.418,23.732,23.77,23.998,24.318,24.606,24.697,24.908,25.172,25.353,25.413,25.443,25.405,25.375,25.315,25.014,24.863,24.492,24.439,24.189,23.808,23.686,23.701,23.571,23.548,23.564,23.625,23.755,24.234,24.704,24.901,25.021,25.059,25.119,25.097,25.112,25.059,25.014,24.712,24.629,24.576,24.538,24.53,24.53,24.583,24.523,24.515,24.394,24.31,24.204,24.166,24.173,24.143,24.166,24.158,24.189,24.128,24.052,23.968,23.716,23.541,23.403,23.372,23.15,23.05,22.95,22.896,22.757,22.711,22.827,24.128,24.173,24.196,24.242,24.454,24.727,25.255,25.323,25.315,25.368,25.277,25.24,24.689,24.621,24.56,24.553,24.545,24.568,24.553,24.439,24.303,24.143,24.006,23.983,24.006,23.945,23.93,23.877,23.869,23.762,23.655,23.418,22.85,22.827,22.78,22.711,22.688,22.634,22.549,22.572,22.541,22.541,22.503,22.534,22.495,22.495,22.464,22.464,22.464,22.456,22.456,22.449,22.503,22.456,22.526,22.464,22.394,22.402,22.41,22.425,22.41,22.402,22.402,22.363,22.41,22.41,22.348,22.425,22.387,22.425,22.371,22.418,22.425,22.387,22.394,22.348,22.356,22.356,22.332,22.325,22.309
,22.069,21.999,21.999,22.046,21.984,22.022,22.03,22.022,22.03,22.022,22.046,22.061,22.03,22.061,22.1,22.077,22.084,22.092,22.116,22.123,22.123,22.123,22.147,22.116,22.147,22.131,22.154,22.17,22.154,22.185,22.178,22.139,22.162,22.162,22.178,22.24,22.216,22.216,22.209,22.185,22.17,22.154,22.17,22.201,22.178,22.232,22.255,22.247,22.232,22.216,22.271,22.247,22.24,22.224,22.224,22.263,22.255,22.294,22.309,22.34,22.356,22.379,22.425,22.495,22.526,22.588,22.665,22.765,22.819,22.934,23.096,23.18,23.319,23.41,23.441,23.518,23.548,23.732,23.823,23.785,23.884,24.006,24.044,24.341,25.044,25.127,25.225,25.225,25.21,25.443,25.645,25.892,26.049,26.116,26.131,26.057,25.66,24.363,24.189,24.158,23.991,23.968,23.77,23.487,23.334,23.272,23.242,23.249,23.28,23.334,23.364,23.441,23.533,23.617,23.724,23.846,23.907,24.044,24.303,24.333,24.432,24.515,24.5,24.56,24.568,24.523,24.462,24.454,24.348,24.348,24.272,24.28,24.265,24.31,24.303,24.31,24.416,24.553,24.576,24.659,24.772,24.878,25.052,25.285,25.413,25.488,25.518,25.563,25.585,25.608,25.563,24.938,24.09,24.067,24.059,24.014,24.006,23.991,24.006,24.006,24.014,24.029,24.029,24.014,23.998,23.976,23.93,23.877,23.785,23.747,23.678,23.671,23.64,23.586,23.586,23.571,23.541,23.533,23.479,23.487,23.456,23.449,23.426,23.41,23.395,23.334,23.311,23.272,23.219,23.18,23.119,23.096,23.073,23.058,23.019,23.019,23.058,23.058,23.127,23.157,23.288,23.655,24.833,24.908,24.848,24.78,24.394,24.333,24.128,24.143,24.044,24.075,24.037,24.082,24.097,24.09,24.097,24.09,24.082,24.067,24.044,23.968,23.938,23.892,23.838,23.777,23.701,23.594,23.487,23.464,23.41,23.41,23.426,23.426,23.418,23.648,23.678,23.823,23.93,24.151,24.257,24.523,24.545,24.757,24.825,24.893,25.089,25.18,25.308,25.285,25.33,25.308,25.277,25.202,25.142,25.082,25.021,24.931,24.908,24.878,24.803,24.795,24.787,24.795,24.727,24.735,24.719,24.689,24.682,24.629,24.568,24.538,24.439,24.432,24.401,24.386,24.416,24.447,24.507,24.606,24.613,24.719,24.757,24.787,24.787,24.795,24.787,24.787,24.674,24.598,24.424,24.052,23.976,23.96,23.861,23.922,23.892,23.877,23.846,23.838,23.831,23.823,23.838,23.854,23.861,23.884,23.884,23.861,23.899,23.922,24.09,24.249,24.439,24.538,24.606,24.674,24.757,24.923,25.029,25.052,25.082,25.127,25.142,25.149,25.119,25.142,25.082,25.036,25.014,24.984,24.886,24.825,24.659,24.56,24.492,24.416,24.379,24.272,24.173,24.052,23.945,23.899,23.762,23.701,23.586,23.564,23.51,23.51,23.479,23.456,23.418,23.433,23.51,24.029,24.189,24.371,24.432,24.5,24.507,24.538,24.576,24.591,24.583,24.56,24.538,24.492,24.416,24.371,24.204,24.196,24.059,23.945,23.854,23.655,23.571,23.495,23.372,23.219,23.004,22.804,22.773,22.665,22.673,22.68,22.711,23.134,24.727,24.772,24.795,24.674,24.583,24.523,24.432,24.325,24.143,23.998,23.884,23.77,23.701,23.556,23.472,23.41,23.372,23.372,23.387,23.364,23.433,23.449,23.502,23.571,23.625,23.678,23.686,23.724,23.716,23.732,23.724,23.732,23.716,23.701,23.686,23.648,23.617,23.564,23.541,23.464,23.41,23.349,23.265,23.249,23.211,23.142,23.019,22.988,22.942,22.911,22.888,22.865,22.873,22.904,22.958,23.004,23.127,23.364,24.113,24.818,25.127,25.315,25.383,25.42,25.435,25.405,25.3,25.3,25.24,25.232,25.247,25.323,25.548,25.66,25.937,26.109,26.116,25.975,25.892,25.623,25.428,25.097,24.946,24.697,24.325,24.181,24.044,23.991,23.983,23.922,23.915,23.823,23.755,23.693,23.502,23.487,23.372,23.364,23.311,23.311,23.28,23.341,23.472,23.51,23.709,23.77,24.128,24.545,24.621,24.818,25.074,25.262,25.353,25.39,25.398,25.413,25.338,25.082,24.833,24.704,24.295,24.363,23.991,23.869,23.678,23.594,23.556,23.556,23.594,23.709,24.014,24.507,24.871,24.984,25.134,25.127,25.157,25.104,25.089,25.021,24.976,24.606,24.538,24.507,24.515,24.5,24.477,24.47,24.538,24.439,24.424,24.227,24.158,24.128,24.128,24.12,24.173,24.143,24.113,24.067,24.021,23.938,23.77,23.594,23.211,23.257,23.096,23.05,22.942,22.865,22.734,22.619,22.842,24.09,24.151,24.196,24.249,24.371,24.878,25.187,25.285,25.323,25.323,25.187,25.127,24.818,24.772,24.636,24.553,24.583,24.613,24.591,24.523,24.492,24.371,24.12,23.991,23.991,23.96,23.93,23.884,23.846,23.755,23.716,23.586,22.865,22.834,22.765,22.649,22.703,22.642,22.595,22.557,22.58,22.549,22.51,22.534,22.479,22.472,22.487,22.449,22.479,22.456,22.456,22.449,22.449,22.449,22.549,22.479,22.441,22.433,22.41,22.41,22.394,22.402,22.387,22.394,22.394,22.371,22.387,22.464,22.309,22.387,22.394,22.433,22.402,22.402,22.371,22.356,22.348,22.34,22.348,22.325,22.309
,22.038,22.007,21.991,21.991,22.007,22.022,22.03,22.03,22.038,22.03,22.038,22.053,22.061,22.061,22.092,22.077,22.084,22.092,22.108,22.123,22.116,22.116,22.131,22.084,22.123,22.17,22.17,22.193,22.201,22.185,22.17,22.131,22.193,22.17,22.139,22.193,22.209,22.224,22.209,22.209,22.17,22.209,22.17,22.17,22.209,22.209,22.255,22.224,22.263,22.255,22.224,22.201,22.216,22.24,22.232,22.263,22.286,22.302,22.325,22.34,22.356,22.387,22.433,22.456,22.588,22.619,22.742,22.834,22.958,22.988,23.065,23.242,23.334,23.364,23.456,23.472,23.556,23.663,23.8,23.892,23.922,23.991,24.318,24.735,25.104,25.149,25.187,25.202,25.27,25.608,25.683,25.967,26.064,26.101,26.087,26.027,25.345,24.363,24.135,24.082,23.96,23.892,23.632,23.518,23.272,23.311,23.257,23.242,23.28,23.357,23.38,23.502,23.579,23.625,23.724,23.953,23.93,24.204,24.325,24.416,24.462,24.5,24.613,24.598,24.56,24.621,24.523,24.409,24.462,24.363,24.363,24.333,24.303,24.333,24.356,24.394,24.507,24.568,24.674,24.719,24.901,24.938,25.104,25.353,25.473,25.51,25.525,25.533,25.555,25.54,25.27,24.742,24.135,24.105,24.059,24.014,24.006,23.991,23.991,24.006,24.006,24.006,24.021,24.029,23.998,23.968,23.922,23.808,23.785,23.755,23.663,23.64,23.617,23.594,23.571,23.541,23.502,23.495,23.472,23.456,23.464,23.441,23.441,23.418,23.41,23.349,23.334,23.272,23.219,23.165,23.142,23.104,23.081,23.034,23.011,23.011,23.019,23.05,23.073,23.142,23.349,23.441,24.923,24.772,24.787,24.825,24.439,24.257,24.128,24.052,24.037,24.021,24.021,24.052,24.052,24.044,24.075,24.075,24.052,24.037,23.998,23.945,23.938,23.884,23.762,23.732,23.671,23.548,23.495,23.41,23.418,23.387,23.41,23.426,23.495,23.693,23.609,23.785,23.938,24.12,24.363,24.401,24.56,24.81,24.81,24.901,25.082,25.202,25.27,25.27,25.3,25.292,25.262,25.217,25.119,25.021,24.946,24.908,24.848,24.803,24.765,24.735,24.727,24.735,24.712,24.719,24.697,24.674,24.659,24.629,24.583,24.515,24.492,24.462,24.432,24.401,24.432,24.454,24.5,24.53,24.606,24.644,24.735,24.742,24.787,24.78,24.772,24.727,24.629,24.5,24.28,23.998,23.945,23.884,23.877,23.884,23.899,23.899,23.877,23.854,23.831,23.846,23.846,23.869,23.877,23.884,23.877,23.877,23.892,23.976,24.105,24.303,24.477,24.553,24.621,24.697,24.795,24.954,24.999,25.029,25.059,25.074,25.104,25.097,25.104,25.082,25.074,25.036,24.976,24.976,24.833,24.772,24.629,24.553,24.454,24.424,24.272,24.128,24.105,23.983,23.877,23.838,23.793,23.64,23.594,23.51,23.51,23.472,23.426,23.426,23.403,23.41,23.487,23.922,24.09,24.333,24.454,24.47,24.462,24.523,24.56,24.56,24.568,24.538,24.523,24.462,24.401,24.341,24.249,24.113,24.037,23.922,23.831,23.693,23.564,23.372,23.203,23.104,23.019,22.873,22.649,22.665,22.665,22.68,22.834,23.157,24.727,24.719,24.674,24.613,24.545,24.515,24.401,24.31,24.082,24.021,23.892,23.785,23.663,23.525,23.487,23.41,23.38,23.341,23.341,23.311,23.364,23.311,23.311,23.487,23.602,23.648,23.64,23.663,23.701,23.693,23.724,23.747,23.686,23.701,23.663,23.64,23.579,23.586,23.495,23.456,23.418,23.341,23.296,23.219,23.211,23.088,23.065,23.034,22.965,22.934,22.896,22.881,22.888,22.927,22.95,23.011,23.196,23.403,23.976,24.447,25.18,25.368,25.435,25.443,25.428,25.375,25.338,25.27,25.217,25.202,25.225,25.33,25.48,25.585,25.997,26.087,26.079,25.93,25.922,25.743,25.42,25.308,24.999,25.029,24.719,24.135,24.052,23.945,23.968,23.938,23.884,23.823,23.724,23.671,23.548,23.495,23.357,23.349,23.319,23.319,23.326,23.319,23.441,23.533,23.663,23.869,24.265,24.553,24.704,24.946,25.262,25.24,25.323,25.398,25.368,25.262,25.172,25.052,24.855,24.606,24.318,24.181,24.059,23.709,23.586,23.533,23.518,23.487,23.617,23.617,24.113,24.53,24.871,25.044,25.202,25.195,25.157,25.112,25.104,25.006,24.803,24.629,24.553,24.5,24.401,24.439,24.462,24.485,24.424,24.409,24.325,24.219,24.158,24.12,24.105,24.135,24.151,24.143,24.105,24.044,23.953,23.976,23.762,23.579,23.372,23.203,23.165,22.95,22.858,22.773,22.773,22.634,22.842,24.082,24.105,24.166,24.303,24.515,24.886,25.142,25.308,25.315,25.285,25.149,25.18,24.818,24.75,24.659,24.697,24.735,24.757,24.674,24.606,24.56,24.47,24.105,23.991,23.998,23.93,23.907,23.915,23.8,23.77,23.716,23.571,23.242,22.919,22.858,22.626,22.665,22.634,22.626,22.588,22.595,22.557,22.518,22.549,22.479,22.541,22.541,22.503,22.487,22.472,22.464,22.464,22.456,22.433,22.394,22.541,22.41,22.418,22.41,22.402,22.394,22.379,22.418,22.387,22.41,22.418,22.425,22.425,22.425,22.456,22.433,22.441,22.441,22.387,22.356,22.356,22.387,22.371,22.325,22.325,22.317
,22.077,22.053,22.022,21.991,21.999,22.022,22.022,22.03,22.046,22.038,22.022,22.069,22.038,22.077,22.077,22.077,22.053,22.116,22.116,22.131,22.131,22.116,22.116,22.092,22.108,22.162,22.193,22.201,22.178,22.209,22.178,22.139,22.185,22.185,22.178,22.17,22.209,22.17,22.232,22.209,22.201,22.209,22.193,22.17,22.193,22.201,22.232,22.24,22.255,22.247,22.232,22.224,22.232,22.232,22.224,22.247,22.278,22.263,22.317,22.325,22.363,22.402,22.472,22.518,22.588,22.657,22.865,22.881,22.911,22.981,23.065,23.188,23.326,23.357,23.403,23.487,23.548,23.755,23.808,23.907,23.938,23.983,24.295,24.727,25.082,25.18,25.142,25.202,25.18,25.533,25.75,25.975,26.034,26.109,26.109,26.057,24.719,24.143,24.029,24.037,23.945,23.732,23.326,23.242,23.196,23.18,23.18,23.219,23.296,23.364,23.364,23.51,23.518,23.678,23.861,23.884,24.097,24.295,24.386,24.477,24.523,24.553,24.704,24.697,24.712,24.674,24.636,24.545,24.545,24.462,24.409,24.409,24.386,24.409,24.492,24.47,24.5,24.697,24.712,24.825,24.946,25.104,25.285,25.345,25.473,25.48,25.51,25.54,25.51,25.488,25.27,24.401,24.158,24.12,24.082,24.037,24.014,23.991,23.976,23.983,23.998,24.006,24.037,24.037,24.014,23.983,23.907,23.808,23.747,23.686,23.648,23.655,23.602,23.564,23.579,23.518,23.502,23.479,23.441,23.426,23.426,23.418,23.426,23.418,23.387,23.372,23.357,23.311,23.234,23.188,23.142,23.111,23.081,23.05,23.004,22.988,22.996,23.019,23.081,23.119,23.226,24.059,24.84,24.757,24.651,24.492,24.265,24.151,24.067,23.998,24.021,23.991,24.021,24.029,24.021,24.029,24.037,24.037,24.029,24.006,23.976,23.93,23.892,23.877,23.762,23.632,23.571,23.502,23.433,23.387,23.364,23.41,23.38,23.418,23.518,23.571,23.663,23.701,23.998,24.052,24.303,24.394,24.598,24.735,24.886,24.969,24.999,25.18,25.225,25.225,25.27,25.27,25.292,25.225,25.157,24.984,24.84,24.795,24.765,24.75,24.75,24.704,24.689,24.704,24.682,24.697,24.682,24.659,24.644,24.613,24.553,24.538,24.462,24.424,24.432,24.416,24.416,24.47,24.492,24.553,24.598,24.606,24.704,24.772,24.78,24.765,24.704,24.697,24.591,24.439,24.173,23.945,23.915,23.877,23.861,23.877,23.899,23.884,23.884,23.877,23.831,23.846,23.869,23.877,23.869,23.899,23.877,23.877,23.899,23.93,24.075,24.31,24.424,24.454,24.621,24.712,24.78,24.938,24.976,24.991,25.014,25.029,25.074,25.097,25.052,25.052,25.059,25.006,24.931,24.908,24.871,24.742,24.606,24.447,24.424,24.325,24.257,24.082,24.029,23.922,23.846,23.838,23.724,23.579,23.525,23.495,23.472,23.433,23.433,23.41,23.395,23.464,23.602,24.021,24.113,24.272,24.401,24.462,24.485,24.5,24.53,24.523,24.545,24.507,24.492,24.439,24.424,24.333,24.303,24.097,23.998,23.854,23.831,23.648,23.579,23.387,23.173,23.096,22.95,22.865,22.727,22.657,22.649,22.665,22.688,23.088,24.644,24.689,24.651,24.606,24.538,24.477,24.303,24.211,24.067,23.998,23.869,23.732,23.648,23.556,23.395,23.38,23.326,23.319,23.296,23.272,23.288,23.296,23.272,23.495,23.518,23.617,23.632,23.625,23.686,23.655,23.64,23.709,23.678,23.671,23.648,23.617,23.579,23.518,23.472,23.449,23.364,23.319,23.288,23.219,23.15,23.073,23.065,22.988,22.958,22.904,22.873,22.85,22.873,22.904,23.011,23.065,23.165,23.403,24.044,24.651,25.21,25.277,25.42,25.413,25.45,25.413,25.3,25.255,25.217,25.202,25.21,25.232,25.36,25.54,25.713,26.027,26.004,25.937,25.862,25.683,25.555,25.48,25.428,24.84,24.727,24.067,24.059,23.922,23.922,23.869,23.861,23.831,23.823,23.686,23.495,23.456,23.387,23.349,23.28,23.296,23.28,23.357,23.502,23.518,23.693,23.816,24.272,24.492,24.818,24.976,25.18,25.247,25.33,25.338,25.315,25.292,25.172,24.916,24.833,24.432,24.227,24.181,23.785,23.609,23.541,23.548,23.495,23.464,23.502,23.663,24.447,24.81,25.014,25.255,25.24,25.225,25.232,25.127,24.999,25.029,24.704,24.56,24.485,24.356,24.356,24.31,24.348,24.401,24.416,24.386,24.318,24.211,24.143,24.082,24.09,24.12,24.128,24.135,24.105,24.067,23.953,23.808,23.777,23.671,23.311,23.196,23.027,22.988,22.896,22.757,22.703,22.719,22.873,24.128,24.166,24.173,24.265,24.363,24.863,25.149,25.292,25.255,25.247,25.21,25.165,24.938,24.803,24.765,24.674,24.719,24.75,24.772,24.644,24.538,24.47,24.021,23.938,23.899,23.915,23.884,23.877,23.838,23.777,23.716,23.663,23.556,23.088,22.85,22.734,22.626,22.68,22.634,22.595,22.595,22.58,22.541,22.557,22.479,22.518,22.526,22.518,22.503,22.464,22.479,22.456,22.464,22.449,22.41,22.449,22.433,22.418,22.402,22.418,22.449,22.402,22.449,22.41,22.332,22.379,22.363,22.402,22.379,22.441,22.418,22.425,22.425,22.425,22.379,22.356,22.356,22.332,22.34,22.332,22.325
,22.077,22.046,22.022,21.999,21.991,21.999,22.022,22.046,22.053,22.069,22.038,22.053,22.046,22.038,22.084,22.092,22.108,22.084,22.131,22.131,22.123,22.116,22.116,22.092,22.147,22.123,22.185,22.185,22.162,22.185,22.178,22.154,22.162,22.162,22.17,22.201,22.216,22.216,22.216,22.209,22.185,22.178,22.178,22.162,22.201,22.216,22.216,22.24,22.24,22.224,22.224,22.232,22.216,22.24,22.255,22.24,22.255,22.286,22.309,22.332,22.348,22.402,22.449,22.572,22.626,22.688,22.804,22.842,22.934,23.034,23.065,23.15,23.234,23.357,23.426,23.518,23.602,23.777,23.838,23.861,23.983,23.998,24.591,24.863,25.097,25.149,25.142,25.157,25.195,25.758,25.877,25.967,26.101,26.131,26.154,25.818,24.568,24.181,24.059,23.991,23.899,23.548,23.188,23.119,23.157,23.15,23.18,23.219,23.242,23.311,23.357,23.541,23.709,23.884,23.93,24.128,24.227,24.371,24.462,24.47,24.636,24.727,24.742,24.795,24.81,24.772,24.765,24.719,24.583,24.538,24.492,24.432,24.485,24.462,24.492,24.583,24.636,24.765,24.795,24.886,24.961,25.247,25.33,25.413,25.465,25.518,25.51,25.495,25.42,25.375,25.225,24.424,24.196,24.196,24.067,24.029,23.998,23.983,23.976,23.976,23.991,24.006,24.037,24.052,24.021,23.983,23.892,23.899,23.747,23.701,23.632,23.617,23.594,23.564,23.556,23.502,23.495,23.472,23.433,23.464,23.426,23.418,23.41,23.387,23.364,23.349,23.372,23.341,23.234,23.196,23.165,23.127,23.104,23.05,23.019,23.011,22.996,23.011,23.042,23.096,23.249,24.492,24.84,24.795,24.674,24.363,24.234,24.143,24.037,23.968,23.968,23.953,23.976,23.983,24.006,24.037,24.021,24.021,24.014,23.998,23.96,23.93,23.846,23.8,23.762,23.617,23.579,23.51,23.387,23.387,23.418,23.387,23.364,23.387,23.395,23.495,23.678,23.8,23.953,24.242,24.386,24.5,24.583,24.765,24.833,24.893,25.089,25.172,25.157,25.217,25.262,25.24,25.27,25.074,25.097,24.923,24.84,24.75,24.742,24.712,24.704,24.689,24.666,24.666,24.689,24.674,24.659,24.666,24.621,24.606,24.568,24.523,24.477,24.416,24.416,24.401,24.409,24.447,24.477,24.523,24.568,24.576,24.651,24.727,24.765,24.735,24.727,24.636,24.56,24.424,24.09,23.907,23.884,23.838,23.846,23.877,23.892,23.907,23.899,23.869,23.869,23.854,23.861,23.869,23.869,23.854,23.877,23.899,23.915,23.93,24.067,24.219,24.477,24.568,24.629,24.719,24.742,24.878,24.923,24.954,25.014,25.006,25.052,25.044,25.029,25.044,25.036,24.976,24.916,24.916,24.825,24.704,24.666,24.47,24.325,24.295,24.219,24.037,23.976,23.915,23.884,23.755,23.701,23.625,23.533,23.502,23.449,23.441,23.41,23.41,23.418,23.418,23.617,23.884,23.96,24.287,24.333,24.394,24.447,24.454,24.477,24.485,24.492,24.477,24.439,24.401,24.348,24.325,24.28,24.189,24.006,23.899,23.762,23.709,23.564,23.303,23.226,23.111,23.05,22.834,22.703,22.626,22.657,22.649,22.711,23.096,24.644,24.629,24.591,24.538,24.523,24.424,24.379,24.204,24.021,23.945,23.716,23.602,23.533,23.449,23.38,23.364,23.303,23.288,23.272,23.249,23.257,23.296,23.38,23.456,23.495,23.541,23.579,23.609,23.609,23.594,23.594,23.609,23.632,23.648,23.625,23.602,23.564,23.51,23.456,23.41,23.349,23.319,23.288,23.18,23.173,23.065,23.058,22.996,22.95,22.904,22.865,22.842,22.858,22.934,22.958,23.05,23.157,23.51,24.143,24.613,25.24,25.353,25.428,25.42,25.435,25.405,25.39,25.277,25.217,25.187,25.172,25.217,25.345,25.435,25.713,25.967,25.967,25.937,25.922,25.713,25.765,25.353,25.112,25.014,24.674,24.128,24.082,23.938,23.877,23.892,23.846,23.77,23.777,23.655,23.487,23.433,23.38,23.288,23.28,23.28,23.28,23.249,23.334,23.602,23.724,23.899,24.249,24.553,24.923,25.082,25.217,25.338,25.277,25.353,25.262,25.24,25.014,24.833,24.674,24.439,24.28,24.219,23.907,23.594,23.548,23.495,23.487,23.487,23.617,24.037,24.439,25.006,25.195,25.315,25.27,25.292,25.157,25.142,25.074,24.712,24.583,24.477,24.371,24.318,24.303,24.318,24.363,24.401,24.394,24.386,24.318,24.173,24.105,24.075,24.067,24.113,24.135,24.113,24.128,24.075,23.96,23.846,23.739,23.502,23.303,23.127,23.004,22.911,22.865,22.696,22.711,22.742,22.888,24.143,24.181,24.287,24.28,24.515,24.825,25.217,25.195,25.27,25.225,25.195,25.089,24.954,24.863,24.803,24.78,24.704,24.803,24.795,24.742,24.697,24.485,24.401,23.938,23.915,23.869,23.861,23.838,23.8,23.762,23.77,23.579,23.502,23.372,22.927,22.68,22.688,22.68,22.611,22.619,22.611,22.564,22.564,22.58,22.495,22.51,22.479,22.526,22.472,22.495,22.472,22.449,22.487,22.449,22.449,22.402,22.449,22.433,22.441,22.425,22.41,22.456,22.394,22.418,22.394,22.387,22.348,22.387,22.371,22.441,22.41,22.418,22.441,22.402,22.394,22.379,22.348,22.34,22.34,22.379,22.348
,22.069,22.046,22.022,21.991,22.007,22.015,21.999,22.038,22.046,22.022,22.061,22.077,22.069,22.069,22.1,22.061,22.1,22.084,22.108,22.131,22.131,22.116,22.108,22.108,22.1,22.116,22.123,22.1,22.131,22.154,22.147,22.17,22.162,22.17,22.178,22.147,22.162,22.178,22.17,22.209,22.185,22.201,22.201,22.193,22.185,22.209,22.224,22.193,22.224,22.193,22.224,22.209,22.216,22.216,22.255,22.271,22.263,22.294,22.294,22.325,22.34,22.433,22.487,22.588,22.703,22.75,22.827,22.927,22.973,23.019,23.088,23.257,23.28,23.395,23.441,23.541,23.586,23.625,23.884,23.846,23.907,24.151,24.682,24.976,25.127,25.134,25.21,25.149,25.172,25.728,25.915,25.96,26.094,26.131,26.131,25.578,24.363,24.044,24.059,23.838,23.632,23.319,23.203,23.096,23.111,23.142,23.173,23.18,23.226,23.28,23.564,23.579,23.777,23.854,23.983,24.143,24.348,24.379,24.53,24.651,24.719,24.765,24.803,24.855,24.855,24.863,24.855,24.787,24.682,24.629,24.568,24.47,24.515,24.53,24.591,24.719,24.787,24.855,24.916,25.006,25.225,25.27,25.383,25.443,25.495,25.495,25.503,25.473,25.473,25.368,25.21,24.432,24.265,24.189,24.12,24.037,23.991,23.983,23.96,23.96,23.983,23.976,24.021,24.052,24.029,23.991,23.938,23.892,23.724,23.716,23.64,23.586,23.571,23.541,23.541,23.487,23.472,23.456,23.426,23.403,23.372,23.403,23.387,23.38,23.372,23.349,23.311,23.296,23.249,23.18,23.142,23.127,23.088,23.05,23.004,22.988,22.958,23.027,23.042,23.096,23.219,24.659,24.735,24.674,24.523,24.295,24.173,24.006,23.991,23.953,23.938,23.96,23.953,23.953,23.983,23.991,23.983,23.983,23.976,23.968,23.922,23.884,23.823,23.793,23.716,23.617,23.556,23.433,23.41,23.38,23.341,23.341,23.357,23.464,23.441,23.602,23.709,23.747,23.93,24.037,24.409,24.379,24.583,24.727,24.727,25.006,25.036,25.074,25.142,25.142,25.187,25.225,25.18,25.142,24.946,24.772,24.719,24.674,24.697,24.666,24.666,24.621,24.659,24.644,24.651,24.629,24.636,24.636,24.606,24.576,24.568,24.485,24.432,24.424,24.401,24.379,24.394,24.409,24.454,24.507,24.538,24.568,24.651,24.712,24.704,24.704,24.659,24.576,24.424,24.287,24.128,23.861,23.808,23.838,23.846,23.884,23.907,23.907,23.907,23.877,23.861,23.838,23.838,23.838,23.846,23.869,23.854,23.869,23.869,23.93,23.998,24.128,24.485,24.5,24.606,24.719,24.848,24.855,24.916,24.938,24.946,24.976,25.006,25.014,25.021,25.014,24.954,24.938,24.833,24.81,24.742,24.704,24.485,24.409,24.341,24.249,24.105,24.082,23.968,23.877,23.762,23.701,23.655,23.564,23.518,23.495,23.441,23.41,23.38,23.403,23.372,23.426,23.594,24.006,24.082,24.181,24.227,24.325,24.394,24.416,24.447,24.477,24.454,24.447,24.424,24.356,24.348,24.272,24.249,24.075,23.968,23.884,23.732,23.632,23.51,23.296,23.265,23.081,22.95,22.834,22.742,22.611,22.588,22.58,22.696,23.096,24.553,24.598,24.515,24.477,24.386,24.371,24.158,24.105,23.968,23.877,23.617,23.586,23.495,23.38,23.326,23.334,23.257,23.211,23.242,23.226,23.226,23.249,23.303,23.441,23.464,23.541,23.533,23.564,23.564,23.571,23.586,23.571,23.586,23.602,23.602,23.586,23.518,23.502,23.479,23.41,23.341,23.296,23.257,23.226,23.15,23.15,23.027,22.981,22.942,22.865,22.827,22.827,22.834,22.873,22.981,23.019,23.127,23.357,23.945,24.356,25.202,25.428,25.465,25.48,25.435,25.443,25.39,25.33,25.277,25.187,25.187,25.187,25.232,25.42,25.57,25.78,25.945,25.952,25.907,25.847,25.683,25.495,25.187,25.097,24.666,24.341,23.976,23.922,23.838,23.922,23.808,23.785,23.678,23.594,23.479,23.418,23.319,23.28,23.28,23.219,23.257,23.319,23.326,23.472,23.869,24.044,24.265,24.659,24.84,25.142,25.225,25.27,25.277,25.285,25.187,25.112,24.901,24.742,24.454,24.333,24.173,24.021,23.625,23.51,23.464,23.472,23.479,23.487,23.625,24.166,24.772,25.097,25.24,25.323,25.255,25.27,25.217,25.029,25.021,24.75,24.568,24.477,24.356,24.31,24.257,24.227,24.28,24.356,24.325,24.341,24.189,24.189,24.044,24.044,24.029,24.075,24.09,24.113,24.105,23.96,23.907,23.854,23.762,23.625,23.387,23.05,23.034,22.888,22.819,22.827,22.711,22.711,22.85,24.181,24.181,24.219,24.28,24.485,24.871,25.18,25.202,25.24,25.18,25.134,25.044,24.946,24.878,24.84,24.78,24.75,24.795,24.81,24.78,24.719,24.515,24.067,23.991,23.968,23.861,23.823,23.823,23.777,23.777,23.724,23.648,23.456,23.495,23.127,22.881,22.642,22.673,22.649,22.626,22.611,22.595,22.564,22.51,22.479,22.479,22.464,22.495,22.503,22.464,22.472,22.479,22.472,22.418,22.425,22.41,22.456,22.441,22.449,22.449,22.433,22.371,22.425,22.394,22.371,22.371,22.363,22.379,22.394,22.41,22.418,22.41,22.41,22.402,22.41,22.402,22.371,22.379,22.41,22.394,22.332
,22.038,22.022,22.015,22.015,22.015,22.015,22.022,22.03,22.069,22.022,22.046,22.038,22.046,22.084,22.084,22.116,22.108,22.116,22.1,22.1,22.139,22.116,22.116,22.108,22.108,22.108,22.092,22.1,22.139,22.147,22.178,22.162,22.154,22.162,22.17,22.162,22.154,22.185,22.154,22.178,22.178,22.185,22.193,22.178,22.178,22.178,22.209,22.216,22.209,22.216,22.216,22.224,22.232,22.232,22.24,22.24,22.255,22.271,22.278,22.309,22.332,22.449,22.472,22.619,22.719,22.804,22.834,22.919,22.965,23.019,23.104,23.18,23.311,23.403,23.449,23.518,23.617,23.64,23.678,23.816,23.998,24.158,24.84,24.946,25.044,25.097,25.119,25.24,25.435,25.638,25.9,25.997,26.094,26.101,26.064,25.683,24.287,23.953,23.884,23.724,23.456,23.242,23.065,23.058,23.088,23.134,23.173,23.173,23.226,23.288,23.594,23.693,23.777,23.861,24.067,24.348,24.379,24.47,24.56,24.636,24.712,24.818,24.886,24.916,24.908,24.916,24.893,24.818,24.704,24.659,24.636,24.583,24.56,24.629,24.606,24.825,24.855,24.938,24.984,25.149,25.308,25.383,25.368,25.465,25.48,25.525,25.473,25.458,25.443,25.315,25.067,24.333,24.303,24.219,24.097,24.052,23.998,23.976,23.945,23.938,23.976,23.998,24.037,24.052,24.029,23.983,23.846,23.77,23.732,23.686,23.617,23.579,23.548,23.525,23.51,23.502,23.449,23.456,23.395,23.372,23.387,23.38,23.357,23.349,23.334,23.311,23.249,23.249,23.226,23.196,23.134,23.104,23.065,23.058,23.004,22.965,22.95,22.996,23.027,23.188,23.426,24.674,24.712,24.644,24.477,24.135,24.09,24.029,23.945,23.915,23.892,23.877,23.922,23.915,23.953,23.945,23.96,23.968,23.945,23.93,23.892,23.861,23.831,23.739,23.663,23.602,23.487,23.418,23.357,23.303,23.303,23.319,23.296,23.349,23.418,23.541,23.64,23.732,23.93,23.991,24.204,24.432,24.704,24.712,24.833,24.84,25.021,25.119,25.112,25.165,25.134,25.112,25.165,25.036,24.772,24.772,24.651,24.674,24.629,24.613,24.636,24.629,24.583,24.636,24.621,24.629,24.621,24.613,24.598,24.545,24.507,24.454,24.439,24.416,24.379,24.371,24.379,24.394,24.416,24.432,24.492,24.507,24.598,24.629,24.659,24.704,24.523,24.454,24.409,24.227,23.96,23.8,23.785,23.8,23.823,23.861,23.884,23.907,23.899,23.892,23.861,23.838,23.831,23.838,23.854,23.846,23.854,23.869,23.884,23.915,23.976,24.021,24.257,24.523,24.613,24.621,24.727,24.818,24.855,24.908,24.916,24.946,24.976,24.969,25.014,24.954,24.938,24.848,24.81,24.765,24.704,24.591,24.47,24.379,24.325,24.196,24.052,23.915,23.884,23.816,23.716,23.632,23.571,23.502,23.525,23.433,23.433,23.395,23.395,23.395,23.387,23.426,23.541,23.93,24.014,24.158,24.219,24.28,24.356,24.401,24.439,24.416,24.439,24.416,24.394,24.356,24.31,24.265,24.204,24.067,23.96,23.785,23.77,23.732,23.541,23.357,23.219,23.073,22.904,22.773,22.657,22.634,22.588,22.588,22.595,23.042,24.477,24.606,24.5,24.477,24.379,24.325,24.166,24.044,23.976,23.716,23.625,23.541,23.426,23.38,23.28,23.234,23.203,23.211,23.188,23.196,23.219,23.234,23.326,23.403,23.456,23.51,23.518,23.533,23.533,23.548,23.548,23.541,23.579,23.548,23.525,23.51,23.518,23.479,23.479,23.387,23.349,23.296,23.226,23.134,23.157,23.073,23.004,22.965,22.927,22.842,22.819,22.811,22.804,22.881,22.973,23.034,23.096,23.326,24.037,24.606,25.172,25.42,25.42,25.473,25.54,25.458,25.42,25.308,25.232,25.195,25.165,25.202,25.217,25.383,25.405,25.735,25.907,25.818,25.847,25.832,25.675,25.465,25.172,25.052,24.772,24.249,24.006,23.869,23.808,23.8,23.762,23.724,23.693,23.502,23.449,23.387,23.319,23.257,23.249,23.265,23.234,23.288,23.364,23.64,23.816,24.219,24.303,24.871,25.014,25.127,25.202,25.187,25.217,25.225,25.127,25.089,24.787,24.613,24.432,24.219,24.021,23.8,23.663,23.487,23.495,23.472,23.472,23.456,23.724,24.265,24.886,25.112,25.33,25.3,25.308,25.285,25.21,25.021,24.931,24.591,24.515,24.379,24.325,24.242,24.242,24.196,24.287,24.272,24.31,24.363,24.143,24.128,24.029,24.021,24.067,24.067,24.105,24.097,24.067,24.044,23.96,23.838,23.777,23.648,23.372,23.211,22.981,22.934,22.811,22.78,22.711,22.657,22.881,24.151,24.196,24.211,24.325,24.538,24.674,25.082,25.119,25.18,25.127,25.119,25.089,25.021,24.871,24.848,24.803,24.825,24.848,24.84,24.84,24.78,24.5,24.325,24.067,23.922,23.838,23.877,23.823,23.739,23.732,23.663,23.693,23.564,23.525,23.403,22.765,22.665,22.665,22.619,22.611,22.619,22.572,22.58,22.503,22.487,22.487,22.479,22.456,22.472,22.464,22.472,22.464,22.456,22.433,22.456,22.425,22.41,22.449,22.425,22.456,22.441,22.487,22.449,22.394,22.379,22.371,22.363,22.325,22.363,22.387,22.394,22.41,22.41,22.402,22.41,22.41,22.402,22.387,22.371,22.348,22.363
,22.03,22.022,22.022,22.015,22.007,22.015,22.022,22.03,22.046,22.069,22.038,22.038,22.038,22.053,22.131,22.116,22.116,22.116,22.116,22.108,22.084,22.131,22.116,22.108,22.092,22.092,22.077,22.108,22.084,22.154,22.162,22.178,22.162,22.162,22.162,22.162,22.17,22.193,22.154,22.139,22.178,22.147,22.193,22.193,22.193,22.201,22.201,22.201,22.224,22.255,22.232,22.232,22.247,22.24,22.263,22.271,22.263,22.263,22.278,22.325,22.387,22.456,22.487,22.673,22.711,22.734,22.858,22.981,23.011,23.073,23.142,23.211,23.334,23.41,23.487,23.556,23.617,23.625,23.762,23.793,23.96,24.523,24.954,25.036,25.014,25.142,25.18,25.383,25.525,25.788,25.96,26.019,26.049,26.146,26.004,25.104,24.371,23.884,23.709,23.586,23.272,23.058,23.127,23.05,23.065,23.127,23.15,23.211,23.272,23.495,23.617,23.693,23.976,24.006,24.173,24.341,24.432,24.56,24.598,24.757,24.871,24.923,24.969,24.938,24.954,24.961,24.938,24.931,24.833,24.704,24.689,24.689,24.644,24.697,24.712,24.878,24.916,25.021,25.104,25.285,25.36,25.405,25.443,25.465,25.488,25.488,25.465,25.443,25.36,25.217,25.052,24.401,24.287,24.211,24.113,24.037,23.953,23.953,23.945,23.945,23.96,23.991,24.044,24.052,23.998,23.983,23.907,23.838,23.762,23.663,23.602,23.602,23.564,23.533,23.495,23.479,23.426,23.426,23.395,23.364,23.357,23.357,23.349,23.311,23.296,23.28,23.234,23.196,23.173,23.173,23.134,23.104,23.073,23.019,22.981,22.934,22.95,22.965,23.011,23.157,23.663,24.712,24.659,24.674,24.348,24.135,23.96,23.953,23.899,23.869,23.869,23.869,23.861,23.899,23.892,23.945,23.877,23.922,23.907,23.899,23.884,23.861,23.816,23.709,23.648,23.556,23.418,23.479,23.334,23.296,23.272,23.296,23.28,23.334,23.357,23.533,23.602,23.793,24.006,24.166,24.28,24.394,24.651,24.689,24.75,24.81,25.021,25.021,25.089,25.142,25.142,25.127,24.976,24.833,24.735,24.697,24.666,24.606,24.598,24.583,24.576,24.598,24.613,24.606,24.613,24.613,24.613,24.598,24.568,24.545,24.47,24.447,24.401,24.394,24.356,24.348,24.379,24.356,24.371,24.409,24.5,24.477,24.553,24.553,24.629,24.538,24.515,24.492,24.363,24.021,23.762,23.77,23.747,23.808,23.816,23.861,23.884,23.922,23.907,23.884,23.861,23.838,23.823,23.823,23.861,23.884,23.869,23.877,23.884,23.922,23.998,24.09,24.242,24.538,24.576,24.651,24.682,24.81,24.84,24.878,24.908,24.946,24.954,24.946,24.938,24.901,24.923,24.848,24.735,24.719,24.598,24.5,24.386,24.333,24.227,24.143,24.067,23.907,23.823,23.762,23.678,23.655,23.564,23.518,23.449,23.479,23.418,23.364,23.364,23.357,23.387,23.418,23.632,23.892,24.105,24.143,24.219,24.287,24.287,24.356,24.379,24.432,24.424,24.409,24.371,24.333,24.287,24.196,24.173,24.052,23.945,23.915,23.808,23.518,23.441,23.357,23.219,23.019,22.942,22.711,22.711,22.642,22.642,22.534,22.51,22.858,24.447,24.523,24.492,24.432,24.379,24.272,24.128,23.998,23.884,23.777,23.602,23.456,23.387,23.326,23.272,23.211,23.219,23.188,23.165,23.196,23.219,23.265,23.334,23.349,23.418,23.479,23.487,23.502,23.502,23.518,23.533,23.533,23.533,23.51,23.541,23.472,23.495,23.464,23.433,23.372,23.349,23.341,23.288,23.226,23.142,23.065,23.058,22.942,22.911,22.865,22.819,22.804,22.834,22.881,22.965,22.996,23.058,23.319,23.938,24.613,25.187,25.428,25.465,25.533,25.563,25.51,25.413,25.368,25.292,25.232,25.195,25.195,25.21,25.315,25.458,25.69,25.758,25.825,25.818,25.788,25.788,25.465,25.285,25.052,24.712,24.576,24.037,23.854,23.762,23.762,23.77,23.724,23.655,23.518,23.472,23.418,23.349,23.28,23.188,23.234,23.203,23.265,23.456,23.617,23.777,24.318,24.629,24.969,25.089,25.187,25.195,25.247,25.217,25.21,25.142,25.082,24.735,24.629,24.386,24.173,24.052,23.831,23.449,23.433,23.341,23.433,23.364,23.51,24.059,24.855,25.149,25.292,25.39,25.3,25.292,25.217,25.172,24.999,24.946,24.598,24.629,24.356,24.287,24.265,24.211,24.173,24.204,24.151,24.204,24.272,24.204,24.12,24.059,24.006,24.037,24.014,24.082,24.059,24.029,23.998,23.968,23.808,23.732,23.548,23.28,23.219,23.019,22.873,22.811,22.757,22.634,22.711,23.127,24.181,24.158,24.181,24.265,24.432,24.871,25.119,25.119,25.172,25.127,25.104,25.036,24.976,24.901,24.848,24.825,24.863,24.946,24.923,24.886,24.803,24.553,24.416,24.318,23.907,23.877,23.808,23.762,23.716,23.693,23.678,23.64,23.617,23.533,23.51,22.965,22.819,22.742,22.665,22.657,22.588,22.564,22.557,22.503,22.487,22.479,22.479,22.472,22.479,22.472,22.464,22.479,22.441,22.495,22.449,22.441,22.472,22.441,22.418,22.464,22.441,22.487,22.425,22.41,22.402,22.379,22.379,22.363,22.371,22.371,22.379,22.402,22.402,22.371,22.387,22.387,22.387,22.394,22.394,22.363,22.371
,22.015,22.007,22.022,22.022,22.015,22.03,22.015,22.015,22.022,22.022,22.03,22.046,22.053,22.046,22.123,22.131,22.092,22.123,22.1,22.116,22.123,22.092,22.069,22.123,22.084,22.108,22.123,22.053,22.108,22.131,22.139,22.17,22.17,22.162,22.154,22.154,22.178,22.17,22.162,22.154,22.185,22.178,22.193,22.201,22.201,22.193,22.209,22.209,22.232,22.232,22.255,22.247,22.255,22.24,22.255,22.263,22.247,22.263,22.286,22.371,22.356,22.464,22.588,22.703,22.727,22.85,22.865,22.95,23.019,23.104,23.188,23.234,23.357,23.41,23.464,23.533,23.64,23.648,23.762,23.793,24.227,24.56,24.991,25.059,25.067,25.119,25.104,25.383,25.698,25.855,25.93,25.989,26.049,26.057,25.989,24.492,24.234,23.793,23.663,23.387,23.157,23.004,23.042,23.027,22.996,23.065,23.157,23.272,23.403,23.548,23.686,23.732,23.96,24.12,24.189,24.47,24.47,24.591,24.78,24.81,24.991,25.006,25.014,25.014,25.014,25.014,24.999,24.984,24.878,24.893,24.727,24.727,24.735,24.757,24.848,24.938,24.976,25.082,25.149,25.27,25.353,25.488,25.458,25.54,25.488,25.473,25.435,25.398,25.285,25.142,24.871,24.31,24.219,24.181,24.044,23.983,23.991,23.945,23.945,23.938,23.968,24.021,24.059,24.052,23.953,23.983,23.861,23.739,23.693,23.671,23.617,23.571,23.548,23.548,23.495,23.472,23.441,23.395,23.387,23.372,23.357,23.341,23.311,23.311,23.288,23.265,23.257,23.18,23.173,23.134,23.111,23.05,23.027,22.988,22.927,22.934,22.919,22.95,23.027,23.065,23.892,24.727,24.576,24.356,24.295,24.105,24.029,23.899,23.861,23.854,23.846,23.831,23.854,23.892,23.899,23.899,23.892,23.907,23.869,23.869,23.846,23.831,23.77,23.716,23.632,23.548,23.502,23.38,23.296,23.257,23.265,23.272,23.288,23.311,23.372,23.472,23.602,23.785,23.915,24.128,24.363,24.379,24.674,24.682,24.855,24.954,24.984,25.036,25.021,25.067,25.112,25.127,24.938,24.765,24.651,24.621,24.598,24.56,24.538,24.53,24.583,24.56,24.576,24.591,24.613,24.621,24.621,24.613,24.576,24.53,24.485,24.439,24.363,24.363,24.371,24.356,24.363,24.341,24.356,24.386,24.386,24.432,24.477,24.545,24.538,24.523,24.454,24.409,24.242,23.915,23.793,23.709,23.709,23.785,23.808,23.861,23.884,23.915,23.907,23.884,23.877,23.846,23.838,23.838,23.869,23.892,23.877,23.877,23.892,23.915,23.953,24.067,24.265,24.5,24.576,24.583,24.704,24.78,24.818,24.863,24.871,24.931,24.916,24.84,24.886,24.833,24.787,24.772,24.682,24.56,24.56,24.447,24.348,24.31,24.158,24.12,24.037,23.869,23.793,23.739,23.693,23.609,23.518,23.449,23.433,23.395,23.364,23.349,23.311,23.319,23.357,23.456,23.594,23.884,23.983,24.105,24.135,24.227,24.227,24.325,24.303,24.401,24.401,24.386,24.363,24.303,24.272,24.173,24.135,24.029,23.899,23.884,23.739,23.594,23.502,23.28,23.119,22.973,22.958,22.765,22.665,22.619,22.557,22.51,22.549,22.819,24.424,24.492,24.454,24.401,24.424,24.333,24.052,23.991,23.854,23.693,23.533,23.464,23.349,23.296,23.203,23.211,23.196,23.188,23.203,23.211,23.234,23.288,23.303,23.372,23.433,23.449,23.464,23.487,23.502,23.472,23.525,23.525,23.502,23.487,23.472,23.51,23.456,23.464,23.418,23.41,23.326,23.303,23.219,23.165,23.173,23.042,22.973,22.919,22.865,22.842,22.811,22.811,22.811,22.827,22.942,22.988,23.104,23.349,23.77,24.333,24.969,25.285,25.458,25.54,25.548,25.54,25.48,25.405,25.368,25.262,25.21,25.225,25.24,25.3,25.413,25.495,25.72,25.75,25.818,25.788,25.72,25.495,25.165,25.014,24.78,24.303,23.968,23.808,23.755,23.762,23.732,23.693,23.625,23.571,23.41,23.403,23.341,23.265,23.249,23.226,23.257,23.28,23.364,23.77,24.006,24.295,24.583,24.886,25.119,25.104,25.21,25.202,25.225,25.149,24.923,24.78,24.523,24.462,24.356,24.037,23.816,23.701,23.525,23.357,23.319,23.364,23.395,23.632,23.93,24.787,25.232,25.39,25.36,25.315,25.24,25.119,25.067,24.795,24.75,24.613,24.477,24.287,24.295,24.211,24.135,24.135,24.143,24.151,24.242,24.158,24.158,24.151,24.029,24.029,24.029,24.075,24.052,24.052,24.037,23.991,23.899,23.808,23.693,23.441,23.265,23.065,22.911,22.75,22.757,22.68,22.634,22.595,22.973,24.105,24.166,24.204,24.211,24.606,24.757,25.082,25.089,25.097,25.089,24.999,24.991,24.954,24.893,24.855,24.871,24.946,24.969,24.991,24.984,24.757,24.81,24.47,24.12,23.968,23.922,23.785,23.762,23.732,23.747,23.701,23.64,23.625,23.541,23.502,23.364,22.75,22.742,22.673,22.673,22.611,22.572,22.595,22.526,22.487,22.479,22.479,22.503,22.479,22.487,22.472,22.479,22.479,22.472,22.479,22.472,22.456,22.464,22.456,22.472,22.441,22.433,22.418,22.418,22.387,22.41,22.418,22.356,22.348,22.325,22.363,22.379,22.379,22.371,22.418,22.41,22.418,22.371,22.387,22.387,22.379
,21.999,22.015,22.015,22.015,22.022,22.022,22.007,22.022,22.03,22.022,22.038,22.038,22.061,22.061,22.069,22.077,22.116,22.123,22.077,22.1,22.131,22.123,22.108,22.092,22.108,22.1,22.139,22.131,22.123,22.147,22.154,22.185,22.185,22.178,22.17,22.17,22.17,22.178,22.178,22.17,22.193,22.17,22.178,22.193,22.193,22.185,22.216,22.193,22.232,22.278,22.247,22.255,22.247,22.255,22.255,22.247,22.263,22.278,22.302,22.363,22.479,22.518,22.626,22.734,22.78,22.865,22.858,22.981,23.096,23.119,23.211,23.341,23.28,23.456,23.525,23.541,23.648,23.655,23.747,23.823,24.386,24.818,24.961,25.044,25.082,25.127,25.315,25.608,25.675,25.855,25.945,26.004,26.087,26.049,25.877,24.553,23.983,23.755,23.586,23.257,23.073,22.942,22.942,22.996,23.011,23.119,23.211,23.265,23.41,23.586,23.716,23.938,24.181,24.28,24.394,24.454,24.704,24.735,24.825,24.961,25.044,25.052,25.089,25.104,25.074,25.112,25.052,25.044,25.021,24.969,24.908,24.78,24.938,24.946,24.863,24.961,25.112,25.112,25.217,25.405,25.428,25.443,25.495,25.525,25.48,25.488,25.473,25.398,25.292,25.097,24.697,24.386,24.265,24.189,24.12,24.075,24.006,23.953,23.938,23.953,23.998,24.052,24.067,24.059,23.998,23.983,23.899,23.846,23.709,23.678,23.632,23.586,23.602,23.533,23.502,23.472,23.441,23.418,23.372,23.372,23.341,23.326,23.319,23.296,23.249,23.234,23.219,23.188,23.134,23.096,23.081,23.042,22.996,22.973,22.904,22.904,22.896,22.911,22.942,23.104,24.12,24.803,24.757,24.363,24.227,23.998,23.953,23.831,23.838,23.831,23.823,23.8,23.846,23.854,23.899,23.892,23.884,23.884,23.854,23.861,23.831,23.8,23.785,23.671,23.64,23.541,23.472,23.334,23.319,23.265,23.242,23.249,23.272,23.311,23.387,23.449,23.709,23.755,23.915,23.907,24.295,24.47,24.56,24.689,24.682,24.893,24.954,25.021,25.029,25.006,24.984,24.931,24.78,24.712,24.682,24.606,24.553,24.53,24.53,24.515,24.538,24.56,24.598,24.598,24.606,24.606,24.621,24.613,24.583,24.553,24.477,24.409,24.356,24.333,24.333,24.356,24.325,24.318,24.325,24.363,24.371,24.394,24.447,24.492,24.47,24.447,24.432,24.295,24.158,23.938,23.755,23.663,23.716,23.747,23.808,23.861,23.899,23.93,23.915,23.892,23.877,23.869,23.869,23.838,23.861,23.877,23.892,23.892,23.899,23.907,23.945,24.158,24.158,24.432,24.56,24.606,24.636,24.735,24.787,24.818,24.818,24.84,24.886,24.855,24.825,24.833,24.735,24.629,24.523,24.5,24.485,24.348,24.303,24.219,24.189,24.105,23.892,23.777,23.77,23.709,23.663,23.548,23.564,23.472,23.403,23.357,23.364,23.326,23.326,23.303,23.349,23.418,23.755,23.777,23.968,24.12,24.151,24.173,24.242,24.31,24.363,24.379,24.386,24.363,24.356,24.272,24.242,24.173,24.082,23.991,23.93,23.823,23.77,23.564,23.502,23.357,23.104,23.011,22.842,22.796,22.642,22.603,22.495,22.495,22.503,22.757,24.401,24.477,24.454,24.394,24.371,24.219,24.09,23.899,23.816,23.709,23.464,23.41,23.28,23.257,23.203,23.226,23.196,23.203,23.219,23.234,23.242,23.319,23.334,23.387,23.403,23.441,23.449,23.479,23.502,23.487,23.495,23.51,23.51,23.464,23.449,23.472,23.456,23.479,23.441,23.387,23.319,23.272,23.257,23.127,23.096,23.011,22.95,22.934,22.888,22.834,22.811,22.796,22.796,22.842,22.981,22.996,23.127,23.265,23.823,24.356,25.014,25.315,25.488,25.585,25.548,25.54,25.518,25.405,25.39,25.255,25.262,25.255,25.225,25.353,25.42,25.42,25.698,25.743,25.75,25.758,25.705,25.51,25.225,24.984,24.961,24.303,23.968,23.785,23.777,23.724,23.686,23.678,23.609,23.525,23.464,23.357,23.326,23.265,23.249,23.272,23.296,23.341,23.403,23.678,24.09,24.325,24.606,25.014,25.074,25.112,25.187,25.217,25.187,25.112,25.021,24.78,24.606,24.401,24.265,23.945,23.823,23.747,23.433,23.364,23.38,23.288,23.395,23.8,24.135,24.999,25.42,25.405,25.405,25.368,25.247,25.134,25.067,24.878,24.78,24.674,24.47,24.439,24.265,24.181,24.151,24.113,24.128,24.113,24.181,24.204,24.151,24.128,24.044,23.998,24.059,24.052,24.082,24.097,24.021,23.983,23.877,23.838,23.671,23.364,23.188,23.058,22.896,22.75,22.68,22.649,22.619,22.611,23.349,24.196,24.204,24.219,24.386,24.545,24.818,25.014,25.127,25.104,25.052,24.999,24.931,24.931,24.878,24.871,24.931,24.991,25.052,25.052,25.006,24.84,24.787,24.84,24.196,24.067,23.938,23.823,23.755,23.724,23.678,23.678,23.655,23.617,23.594,23.571,23.479,23.096,22.734,22.734,22.68,22.634,22.634,22.588,22.58,22.564,22.518,22.58,22.479,22.479,22.487,22.472,22.479,22.495,22.51,22.487,22.479,22.479,22.456,22.464,22.449,22.441,22.441,22.418,22.402,22.363,22.402,22.441,22.394,22.363,22.325,22.363,22.394,22.387,22.394,22.379,22.371,22.379,22.387,22.371,22.379,22.387
,21.991,21.984,21.999,22.007,22.015,21.991,22.03,22.007,22.007,22.015,22.007,22.038,22.053,22.03,22.108,22.069,22.092,22.1,22.092,22.084,22.108,22.061,22.084,22.116,22.108,22.123,22.131,22.1,22.123,22.123,22.116,22.154,22.17,22.17,22.162,22.178,22.17,22.178,22.201,22.201,22.178,22.162,22.178,22.185,22.178,22.185,22.185,22.216,22.201,22.224,22.247,22.255,22.24,22.263,22.255,22.255,22.309,22.309,22.379,22.348,22.456,22.503,22.711,22.773,22.796,22.881,22.881,23.05,23.15,23.165,23.226,23.242,23.341,23.472,23.533,23.556,23.686,23.793,23.838,23.869,24.447,24.961,25.014,25.044,25.112,25.157,25.405,25.608,25.832,25.832,25.982,26.049,26.087,26.057,25.533,24.014,23.732,23.625,23.357,23.111,23.027,22.934,22.911,22.942,23.019,23.134,23.219,23.357,23.51,23.617,23.823,24.211,24.242,24.394,24.462,24.553,24.719,24.878,24.916,25.044,25.097,25.142,25.142,25.157,25.18,25.18,25.202,25.089,25.089,25.082,25.052,25.006,25.044,25.067,25.097,25.097,25.104,25.134,25.232,25.413,25.458,25.495,25.518,25.51,25.51,25.473,25.405,25.398,25.225,25.119,24.568,24.409,24.318,24.211,24.12,24.037,24.021,23.976,23.968,23.968,23.983,24.037,24.059,24.037,24.037,23.96,23.838,23.854,23.739,23.678,23.632,23.609,23.571,23.525,23.487,23.464,23.426,23.395,23.372,23.341,23.334,23.311,23.28,23.234,23.249,23.211,23.18,23.157,23.119,23.065,23.019,23.011,22.996,22.896,22.919,22.865,22.881,22.904,23.027,23.403,24.621,24.818,24.5,24.28,24.059,23.922,23.861,23.793,23.8,23.808,23.8,23.816,23.861,23.838,23.877,23.884,23.869,23.869,23.831,23.816,23.785,23.755,23.701,23.617,23.602,23.502,23.426,23.326,23.288,23.265,23.249,23.234,23.272,23.319,23.372,23.464,23.609,23.793,23.892,24.029,24.341,24.477,24.432,24.629,24.803,24.855,24.931,24.946,24.938,24.901,24.901,24.878,24.772,24.697,24.621,24.568,24.523,24.47,24.485,24.5,24.485,24.553,24.568,24.583,24.598,24.598,24.598,24.583,24.576,24.515,24.439,24.348,24.363,24.341,24.31,24.318,24.31,24.31,24.295,24.348,24.371,24.401,24.401,24.409,24.454,24.409,24.333,24.28,24.151,23.953,23.808,23.648,23.632,23.709,23.739,23.846,23.938,23.93,23.915,23.915,23.884,23.838,23.877,23.884,23.869,23.884,23.884,23.884,23.884,23.892,23.953,23.96,24.082,24.447,24.515,24.583,24.636,24.719,24.742,24.803,24.78,24.787,24.871,24.772,24.719,24.659,24.606,24.545,24.477,24.447,24.409,24.333,24.227,24.113,24.075,23.983,23.869,23.8,23.747,23.678,23.64,23.556,23.495,23.418,23.364,23.372,23.372,23.249,23.28,23.311,23.303,23.426,23.77,23.732,23.892,23.922,24.059,24.097,24.204,24.295,24.31,24.356,24.356,24.363,24.295,24.257,24.227,24.128,24.006,23.945,23.854,23.861,23.625,23.594,23.479,23.364,23.326,22.973,22.742,22.75,22.765,22.588,22.572,22.495,22.518,22.657,24.394,24.439,24.424,24.401,24.325,24.204,24.128,24.044,23.892,23.724,23.518,23.433,23.372,23.303,23.226,23.234,23.234,23.219,23.234,23.249,23.249,23.272,23.319,23.349,23.403,23.433,23.464,23.464,23.502,23.495,23.495,23.502,23.472,23.464,23.449,23.464,23.479,23.441,23.387,23.38,23.334,23.226,23.196,23.096,23.058,23.027,22.934,22.911,22.881,22.842,22.78,22.819,22.811,22.865,22.996,23.119,23.15,23.219,23.831,24.265,24.946,25.323,25.48,25.533,25.533,25.563,25.533,25.495,25.353,25.338,25.292,25.292,25.285,25.345,25.36,25.54,25.623,25.705,25.698,25.735,25.698,25.48,25.165,24.863,24.636,24.371,23.983,23.755,23.701,23.663,23.648,23.625,23.525,23.418,23.403,23.349,23.303,23.265,23.249,23.242,23.272,23.249,23.403,23.838,24.021,24.295,24.871,25.021,25.134,25.112,25.172,25.149,25.157,25.036,24.825,24.719,24.56,24.401,24.348,23.945,23.77,23.663,23.579,23.387,23.334,23.311,23.449,23.945,24.878,25.247,25.413,25.42,25.488,25.323,25.24,25.157,25.036,24.833,24.81,24.598,24.538,24.416,24.257,24.166,24.128,24.105,24.097,24.097,24.158,24.151,24.158,24.075,24.044,24.029,23.991,24.029,24.044,24.067,24.006,23.938,23.846,23.724,23.663,23.433,23.211,23.127,22.911,22.834,22.649,22.642,22.619,22.649,23.334,24.272,24.272,24.242,24.348,24.742,24.901,25.067,25.074,25.089,25.074,25.052,24.976,24.923,24.908,24.938,24.984,25.074,25.134,25.119,25.097,24.976,24.878,24.674,24.219,24.166,23.915,23.793,23.785,23.739,23.701,23.701,23.686,23.64,23.617,23.525,23.449,23.196,22.788,22.734,22.742,22.649,22.642,22.588,22.564,22.549,22.518,22.541,22.487,22.495,22.495,22.479,22.479,22.503,22.495,22.479,22.495,22.472,22.472,22.472,22.456,22.433,22.425,22.425,22.441,22.379,22.394,22.425,22.332,22.371,22.356,22.332,22.418,22.379,22.387,22.402,22.387,22.394,22.379,22.387,22.387,22.41
,21.968,21.984,21.991,22.015,22.007,22.007,22.03,22.007,21.999,22.015,22.022,22.03,22.022,22.069,22.092,22.053,22.1,22.108,22.092,22.084,22.108,22.077,22.092,22.1,22.116,22.123,22.131,22.131,22.116,22.116,22.139,22.154,22.178,22.17,22.17,22.193,22.17,22.185,22.201,22.178,22.193,22.185,22.162,22.17,22.17,22.185,22.178,22.185,22.216,22.232,22.232,22.232,22.224,22.224,22.271,22.271,22.294,22.34,22.402,22.418,22.487,22.611,22.619,22.75,22.804,22.819,22.881,23.081,23.127,23.173,23.211,23.249,23.341,23.487,23.533,23.548,23.64,23.747,23.831,24.113,24.644,24.901,25.036,25.036,25.059,25.21,25.33,25.578,25.84,25.9,26.019,26.101,26.094,26.012,25.308,24.052,23.678,23.472,23.449,23.004,22.981,22.865,22.919,22.927,23.011,23.081,23.211,23.395,23.579,23.861,23.983,24.158,24.28,24.462,24.538,24.712,24.833,24.984,25.052,25.082,25.134,25.24,25.24,25.323,25.308,25.33,25.232,25.247,25.142,25.232,25.134,25.104,25.097,25.119,25.074,25.127,25.119,25.27,25.383,25.458,25.503,25.51,25.525,25.548,25.518,25.473,25.413,25.383,25.104,24.961,24.591,24.325,24.196,24.151,24.082,24.029,23.953,23.983,23.968,23.968,23.998,24.037,24.052,24.067,24.029,23.983,23.838,23.77,23.762,23.693,23.671,23.625,23.579,23.502,23.502,23.449,23.441,23.387,23.387,23.341,23.326,23.319,23.28,23.272,23.196,23.15,23.142,23.119,23.081,23.034,22.973,22.958,22.934,22.919,22.881,22.85,22.904,22.896,23.088,23.693,24.735,24.795,24.583,24.12,24.029,23.922,23.785,23.785,23.755,23.755,23.785,23.8,23.854,23.846,23.869,23.877,23.854,23.861,23.831,23.785,23.8,23.739,23.709,23.671,23.556,23.487,23.334,23.326,23.288,23.249,23.249,23.234,23.234,23.311,23.38,23.372,23.464,23.693,23.755,24.014,24.249,24.394,24.53,24.606,24.735,24.795,24.848,24.878,24.908,24.855,24.878,24.795,24.712,24.666,24.583,24.545,24.515,24.507,24.485,24.47,24.507,24.515,24.553,24.576,24.591,24.613,24.591,24.598,24.568,24.523,24.47,24.447,24.348,24.348,24.31,24.295,24.303,24.303,24.295,24.379,24.363,24.371,24.401,24.409,24.379,24.394,24.356,24.219,24.135,23.869,23.678,23.648,23.625,23.678,23.747,23.816,23.938,23.945,23.93,23.922,23.915,23.892,23.899,23.877,23.869,23.884,23.877,23.869,23.884,23.899,23.983,23.96,24.082,24.348,24.477,24.538,24.598,24.659,24.704,24.712,24.742,24.772,24.81,24.697,24.659,24.621,24.56,24.507,24.485,24.363,24.28,24.227,24.151,24.059,24.014,23.861,23.816,23.777,23.716,23.655,23.594,23.533,23.541,23.418,23.349,23.326,23.326,23.265,23.28,23.265,23.265,23.464,23.709,23.785,23.899,24.014,24.052,24.143,24.242,24.287,24.325,24.356,24.363,24.31,24.31,24.257,24.181,24.128,24.021,24.029,23.854,23.823,23.625,23.541,23.495,23.296,23.157,23.065,22.919,22.727,22.649,22.595,22.495,22.503,22.518,22.78,24.295,24.386,24.363,24.348,24.31,24.28,24.196,24.151,23.953,23.77,23.456,23.441,23.38,23.303,23.28,23.257,23.257,23.265,23.257,23.272,23.303,23.303,23.364,23.387,23.41,23.418,23.479,23.487,23.51,23.51,23.51,23.464,23.472,23.464,23.456,23.449,23.449,23.41,23.38,23.357,23.326,23.242,23.249,23.165,23.073,23.019,22.942,22.896,22.827,22.788,22.804,22.765,22.804,22.842,22.896,23.104,23.18,23.319,23.869,24.485,24.878,25.255,25.533,25.533,25.57,25.563,25.563,25.548,25.473,25.368,25.3,25.315,25.345,25.353,25.45,25.495,25.525,25.623,25.675,25.668,25.563,25.473,25.21,24.976,24.591,24.363,23.922,23.747,23.709,23.693,23.632,23.495,23.518,23.433,23.372,23.334,23.303,23.272,23.265,23.272,23.319,23.334,23.426,23.854,24.029,24.227,24.833,24.999,25.089,25.172,25.18,25.082,25.052,24.999,24.727,24.659,24.583,24.5,24.189,23.953,23.793,23.602,23.456,23.272,23.234,23.319,23.541,24.674,24.999,25.465,25.495,25.48,25.368,25.255,25.165,25.217,24.961,24.78,24.689,24.576,24.47,24.371,24.234,24.151,24.082,24.067,24.082,24.067,24.128,24.166,24.097,24.059,24.029,24.006,24.014,23.991,24.021,23.991,24.006,23.877,23.762,23.762,23.609,23.433,23.18,23.05,22.919,22.827,22.734,22.703,22.657,22.657,23.525,24.272,24.204,24.31,24.318,24.538,24.871,24.954,25.059,25.082,25.097,25.082,24.938,24.923,24.878,24.976,25.082,25.127,25.172,25.18,25.006,25.021,24.818,24.689,24.379,24.181,23.96,23.77,23.762,23.747,23.724,23.709,23.693,23.655,23.64,23.617,23.464,23.088,22.927,22.703,22.688,22.665,22.626,22.603,22.549,22.541,22.503,22.518,22.518,22.495,22.472,22.495,22.495,22.503,22.487,22.487,22.487,22.495,22.495,22.495,22.456,22.464,22.464,22.387,22.348,22.379,22.394,22.425,22.371,22.379,22.348,22.348,22.402,22.379,22.425,22.379,22.379,22.363,22.371,22.379,22.425,22.363
,21.96,21.984,21.968,21.976,22.015,21.991,22.022,22.015,22.015,22.007,22.03,22.007,22.03,22.053,22.069,22.108,22.092,22.084,22.108,22.084,22.1,22.108,22.1,22.116,22.131,22.123,22.139,22.131,22.123,22.131,22.131,22.154,22.162,22.201,22.154,22.147,22.17,22.185,22.193,22.178,22.185,22.147,22.154,22.17,22.162,22.193,22.185,22.193,22.201,22.185,22.232,22.224,22.224,22.209,22.232,22.286,22.332,22.371,22.418,22.503,22.456,22.634,22.68,22.827,22.842,22.927,22.934,23.165,23.219,23.188,23.242,23.28,23.418,23.418,23.479,23.564,23.64,23.793,23.8,24.348,24.772,24.938,25.014,25.044,25.089,25.285,25.458,25.72,25.818,25.862,26.101,26.101,26.049,26.057,25.255,23.846,23.648,23.395,23.065,23.004,22.888,22.911,22.911,22.942,23.011,23.127,23.173,23.357,23.732,23.915,23.922,24.28,24.485,24.583,24.75,24.787,24.863,25.134,25.104,25.225,25.285,25.36,25.413,25.383,25.383,25.36,25.353,25.345,25.247,25.24,25.172,25.119,25.172,25.165,25.21,25.232,25.292,25.353,25.383,25.465,25.518,25.525,25.548,25.525,25.503,25.48,25.405,25.292,25.119,24.863,24.56,24.379,24.303,24.143,24.09,24.014,24.014,23.976,23.983,23.976,24.006,24.059,24.075,24.082,24.021,23.953,23.846,23.846,23.762,23.686,23.648,23.617,23.556,23.525,23.464,23.449,23.403,23.38,23.364,23.334,23.311,23.265,23.257,23.226,23.157,23.119,23.134,23.058,23.011,23.004,22.958,22.934,22.865,22.888,22.827,22.865,22.904,22.927,23.058,23.846,25.157,24.727,24.128,24.09,23.976,23.907,23.785,23.762,23.732,23.739,23.77,23.793,23.808,23.854,23.861,23.861,23.846,23.831,23.808,23.793,23.77,23.686,23.648,23.648,23.564,23.449,23.364,23.334,23.265,23.265,23.234,23.272,23.249,23.319,23.364,23.387,23.456,23.793,23.854,23.96,24.333,24.454,24.47,24.606,24.674,24.742,24.818,24.848,24.908,24.855,24.803,24.765,24.719,24.636,24.598,24.56,24.5,24.477,24.409,24.416,24.515,24.53,24.545,24.583,24.583,24.568,24.545,24.538,24.515,24.47,24.439,24.409,24.356,24.348,24.31,24.31,24.295,24.287,24.318,24.348,24.341,24.386,24.394,24.394,24.379,24.31,24.265,24.12,23.968,23.793,23.602,23.51,23.518,23.64,23.747,23.8,23.892,23.976,23.953,23.938,23.945,23.899,23.877,23.854,23.869,23.861,23.854,23.854,23.861,23.899,23.922,23.983,24.135,24.348,24.492,24.553,24.591,24.659,24.689,24.682,24.689,24.712,24.697,24.697,24.606,24.56,24.492,24.47,24.356,24.295,24.181,24.173,24.09,24.067,24.021,23.861,23.777,23.739,23.693,23.632,23.594,23.525,23.456,23.387,23.303,23.341,23.319,23.272,23.272,23.249,23.265,23.441,23.556,23.823,23.899,23.953,24.044,24.075,24.211,24.257,24.295,24.325,24.318,24.295,24.287,24.219,24.189,24.097,23.983,23.922,23.854,23.701,23.655,23.502,23.372,23.341,23.111,22.904,22.765,22.703,22.673,22.534,22.503,22.51,22.495,22.68,24.181,24.409,24.394,24.333,24.333,24.257,24.234,24.105,23.93,23.877,23.747,23.709,23.387,23.341,23.349,23.28,23.296,23.272,23.288,23.288,23.311,23.349,23.364,23.41,23.38,23.472,23.518,23.51,23.518,23.51,23.502,23.479,23.495,23.449,23.472,23.456,23.418,23.41,23.38,23.349,23.326,23.203,23.157,23.104,23.05,23.004,22.934,22.888,22.865,22.811,22.796,22.765,22.757,22.881,23.027,23.096,23.173,23.311,24.044,24.515,24.893,25.285,25.42,25.495,25.623,25.563,25.555,25.503,25.42,25.405,25.39,25.42,25.375,25.413,25.465,25.48,25.608,25.593,25.645,25.653,25.615,25.488,25.165,24.954,24.447,24.211,23.823,23.777,23.693,23.617,23.594,23.548,23.456,23.41,23.341,23.319,23.272,23.265,23.265,23.265,23.303,23.387,23.533,23.816,24.401,24.439,24.901,25.044,25.119,25.134,25.149,25.127,24.984,24.863,24.765,24.568,24.492,24.386,23.998,23.93,23.732,23.525,23.257,23.242,23.219,23.326,23.907,24.765,25.277,25.383,25.48,25.48,25.428,25.292,25.195,25.029,24.923,24.787,24.666,24.515,24.447,24.325,24.227,24.12,24.105,24.044,24.037,24.029,24.082,24.097,24.067,24.067,24.014,23.976,23.983,23.968,23.976,23.968,23.938,23.816,23.8,23.693,23.64,23.464,23.272,23.058,23.004,22.78,22.765,22.688,22.673,22.649,23.663,24.28,24.318,24.341,24.401,24.424,24.855,24.938,24.969,25.067,25.089,25.029,24.954,24.946,24.923,24.923,25.134,25.217,25.24,25.195,25.187,25.112,24.946,24.78,24.424,24.173,24.052,23.762,23.808,23.747,23.701,23.693,23.693,23.609,23.663,23.609,23.586,23.319,22.996,22.788,22.927,22.742,22.649,22.626,22.572,22.526,22.541,22.534,22.526,22.51,22.526,22.51,22.479,22.479,22.495,22.503,22.441,22.472,22.487,22.456,22.487,22.479,22.449,22.387,22.356,22.402,22.402,22.433,22.379,22.371,22.402,22.379,22.363,22.402,22.402,22.387,22.363,22.363,22.356,22.363,22.356,22.387
,21.96,21.984,21.984,21.984,22.015,21.999,22.03,22.007,22.015,21.999,22.015,22.007,22.061,22.053,22.092,22.061,22.1,22.092,22.123,22.108,22.123,22.116,22.131,22.123,22.131,22.116,22.123,22.116,22.108,22.116,22.147,22.123,22.123,22.139,22.17,22.193,22.178,22.162,22.178,22.17,22.17,22.178,22.17,22.147,22.17,22.178,22.201,22.216,22.185,22.193,22.201,22.201,22.216,22.216,22.216,22.286,22.356,22.371,22.441,22.495,22.58,22.703,22.788,22.788,22.881,22.965,22.965,23.027,23.196,23.249,23.242,23.28,23.403,23.433,23.472,23.525,23.747,23.8,23.953,24.53,24.84,24.938,24.984,25.021,25.165,25.338,25.57,25.743,25.87,25.997,26.057,26.072,26.079,25.997,25.082,23.831,23.541,23.387,23.027,22.896,22.85,22.819,22.865,22.919,22.958,23.065,23.334,23.533,23.816,23.983,24.181,24.356,24.583,24.613,24.75,24.848,25.021,25.172,25.292,25.338,25.405,25.383,25.443,25.443,25.465,25.458,25.45,25.33,25.353,25.277,25.262,25.3,25.232,25.195,25.24,25.24,25.36,25.405,25.428,25.533,25.533,25.54,25.54,25.533,25.503,25.428,25.36,25.262,25.036,24.923,24.553,24.333,24.272,24.151,24.113,24.059,23.976,23.968,23.96,23.968,24.014,24.044,24.067,24.075,24.067,23.991,23.838,23.762,23.755,23.678,23.609,23.556,23.571,23.495,23.464,23.41,23.387,23.38,23.341,23.311,23.265,23.249,23.203,23.203,23.188,23.111,23.027,23.042,22.965,22.958,22.927,22.904,22.842,22.842,22.85,22.865,22.904,22.911,23.395,24.356,25.788,24.772,24.272,24.067,23.938,23.877,23.755,23.716,23.724,23.709,23.716,23.793,23.838,23.838,23.854,23.846,23.838,23.816,23.808,23.732,23.747,23.686,23.655,23.579,23.541,23.464,23.364,23.326,23.249,23.257,23.234,23.249,23.249,23.334,23.311,23.334,23.487,23.716,23.869,24.021,24.234,24.394,24.53,24.598,24.697,24.78,24.81,24.803,24.855,24.84,24.78,24.78,24.666,24.606,24.591,24.538,24.462,24.477,24.447,24.416,24.5,24.545,24.545,24.553,24.553,24.545,24.538,24.545,24.515,24.447,24.416,24.371,24.295,24.333,24.303,24.303,24.318,24.287,24.287,24.318,24.341,24.325,24.318,24.356,24.371,24.341,24.219,24.09,23.945,23.785,23.648,23.51,23.541,23.518,23.709,23.846,23.915,23.945,23.968,23.976,23.922,23.915,23.877,23.861,23.838,23.861,23.823,23.846,23.884,23.861,23.922,23.983,24.09,24.356,24.432,24.515,24.553,24.606,24.629,24.644,24.659,24.674,24.659,24.659,24.576,24.553,24.462,24.432,24.295,24.31,24.143,24.151,24.059,24.021,23.945,23.884,23.777,23.701,23.648,23.609,23.456,23.472,23.41,23.341,23.341,23.303,23.28,23.249,23.249,23.272,23.326,23.433,23.701,23.869,23.915,23.96,24.037,24.082,24.181,24.272,24.28,24.318,24.303,24.28,24.227,24.227,24.12,24.044,23.991,23.869,23.8,23.739,23.655,23.495,23.41,23.372,23.15,22.904,22.773,22.68,22.619,22.58,22.526,22.495,22.51,22.534,23.709,24.424,24.394,24.356,24.341,24.31,24.181,24.105,24.029,23.93,23.793,23.525,23.502,23.403,23.364,23.372,23.349,23.319,23.303,23.319,23.334,23.372,23.395,23.449,23.441,23.518,23.441,23.541,23.533,23.51,23.502,23.502,23.487,23.495,23.495,23.449,23.441,23.41,23.364,23.319,23.319,23.257,23.165,23.111,23.058,23.004,22.881,22.873,22.827,22.757,22.78,22.765,22.78,22.896,22.873,23.173,23.203,23.41,23.907,24.515,25.014,25.262,25.383,25.585,25.6,25.578,25.608,25.54,25.548,25.488,25.398,25.375,25.435,25.42,25.45,25.503,25.518,25.555,25.615,25.608,25.623,25.458,25.292,25.097,24.432,24.181,23.785,23.701,23.678,23.556,23.518,23.479,23.464,23.395,23.357,23.326,23.272,23.265,23.265,23.28,23.296,23.334,23.594,23.884,24.113,24.613,24.961,25.067,25.157,25.195,25.119,25.059,24.931,24.893,24.674,24.644,24.447,24.341,24.173,23.877,23.51,23.602,23.372,23.203,23.219,23.364,24.333,24.931,25.398,25.488,25.518,25.458,25.39,25.308,25.217,25.029,24.84,24.75,24.644,24.56,24.409,24.227,24.181,24.082,24.052,24.006,24.006,23.998,24.044,24.021,24.029,23.983,23.991,23.976,23.96,23.953,23.96,23.953,23.922,23.831,23.808,23.762,23.64,23.395,23.296,23.165,22.934,22.75,22.727,22.673,22.657,22.595,23.655,24.28,24.341,24.348,24.424,24.53,24.901,24.999,25.029,25.052,25.029,25.059,24.991,24.871,24.908,25.052,25.127,25.255,25.308,25.262,25.217,25.021,24.825,24.787,24.553,24.249,23.892,23.808,23.732,23.785,23.709,23.716,23.693,23.663,23.648,23.571,23.487,23.387,23.065,22.927,22.742,22.665,22.642,22.611,22.58,22.557,22.541,22.534,22.534,22.541,22.495,22.534,22.472,22.464,22.472,22.479,22.472,22.487,22.394,22.425,22.464,22.418,22.433,22.464,22.41,22.402,22.449,22.402,22.379,22.363,22.348,22.356,22.394,22.371,22.402,22.402,22.356,22.363,22.363,22.348,22.379,22.309
,21.96,21.999,21.999,22.007,22.015,22.022,22.015,22.046,22.022,22.038,22.038,22.038,22.061,22.046,22.069,22.084,22.077,22.1,22.084,22.108,22.154,22.108,22.116,22.108,22.131,22.139,22.069,22.1,22.1,22.123,22.131,22.131,22.139,22.131,22.162,22.201,22.185,22.209,22.193,22.178,22.185,22.17,22.147,22.17,22.178,22.193,22.216,22.224,22.201,22.201,22.209,22.201,22.216,22.209,22.255,22.34,22.317,22.418,22.487,22.526,22.665,22.773,22.919,22.888,22.919,23.019,22.95,23.104,23.226,23.226,23.326,23.418,23.464,23.533,23.579,23.609,23.701,23.869,24.196,24.787,24.901,24.954,24.976,25.044,25.082,25.42,25.578,25.795,25.87,25.997,26.124,26.139,26.124,25.997,24.272,23.556,23.364,23.027,22.958,22.888,22.819,22.819,22.842,22.973,23.004,23.203,23.326,23.686,23.8,24.014,24.303,24.454,24.576,24.75,24.916,25.021,25.217,25.315,25.39,25.398,25.518,25.533,25.525,25.51,25.495,25.465,25.458,25.36,25.45,25.353,25.375,25.292,25.323,25.308,25.323,25.33,25.413,25.428,25.458,25.533,25.585,25.57,25.533,25.525,25.473,25.383,25.255,25.195,25.089,24.901,24.697,24.409,24.348,24.151,24.075,24.029,23.96,23.96,23.945,23.968,24.021,24.029,24.075,24.067,24.052,23.938,23.869,23.777,23.693,23.655,23.617,23.564,23.525,23.472,23.426,23.395,23.372,23.357,23.334,23.28,23.242,23.219,23.219,23.173,23.127,23.05,22.988,22.973,22.934,22.873,22.873,22.842,22.834,22.834,22.827,22.842,22.896,23.088,23.586,25.277,25.975,24.492,24.12,24.067,23.899,23.8,23.709,23.709,23.693,23.693,23.709,23.755,23.785,23.846,23.838,23.831,23.808,23.8,23.755,23.747,23.701,23.678,23.602,23.579,23.525,23.456,23.326,23.326,23.249,23.242,23.249,23.219,23.257,23.296,23.341,23.387,23.403,23.602,23.838,23.968,24.219,24.272,24.492,24.583,24.644,24.757,24.825,24.818,24.871,24.825,24.75,24.727,24.697,24.674,24.56,24.515,24.492,24.47,24.416,24.454,24.477,24.492,24.53,24.56,24.568,24.53,24.545,24.485,24.515,24.454,24.416,24.371,24.356,24.333,24.318,24.325,24.333,24.295,24.287,24.272,24.287,24.333,24.348,24.341,24.325,24.28,24.143,24.006,24.059,23.793,23.594,23.579,23.541,23.564,23.701,23.8,23.915,23.938,23.968,23.953,23.915,23.907,23.877,23.854,23.831,23.831,23.816,23.823,23.831,23.892,23.938,24.006,24.143,24.272,24.409,24.507,24.53,24.568,24.613,24.606,24.606,24.591,24.598,24.53,24.523,24.47,24.432,24.394,24.287,24.135,24.211,24.059,24.029,23.976,23.93,23.838,23.77,23.686,23.602,23.548,23.472,23.449,23.403,23.334,23.319,23.303,23.265,23.226,23.242,23.272,23.326,23.541,23.724,23.777,23.945,23.991,24.006,24.067,24.135,24.341,24.28,24.31,24.303,24.272,24.219,24.166,24.143,24.097,23.938,23.892,23.854,23.755,23.525,23.525,23.426,23.341,23.058,22.934,22.78,22.711,22.642,22.534,22.503,22.495,22.518,22.557,24.173,24.447,24.462,24.416,24.409,24.303,24.242,24.143,24.082,23.899,23.777,23.64,23.625,23.518,23.541,23.403,23.357,23.357,23.357,23.364,23.387,23.395,23.418,23.456,23.51,23.533,23.548,23.533,23.525,23.525,23.51,23.502,23.51,23.502,23.51,23.464,23.441,23.403,23.364,23.349,23.303,23.211,23.203,23.15,23.065,23.011,22.919,22.858,22.842,22.765,22.75,22.75,22.78,22.865,22.981,23.18,23.249,23.341,23.762,24.447,24.931,24.863,25.345,25.578,25.63,25.638,25.63,25.563,25.525,25.473,25.435,25.42,25.435,25.45,25.458,25.54,25.548,25.548,25.57,25.57,25.495,25.428,25.277,24.946,24.47,24.287,23.77,23.762,23.648,23.571,23.525,23.479,23.433,23.372,23.334,23.303,23.28,23.265,23.265,23.28,23.372,23.441,23.594,24.021,24.507,24.598,24.878,25.059,25.157,25.119,25.112,25.067,25.006,24.878,24.727,24.666,24.287,24.166,24.075,23.892,23.487,23.518,23.242,23.203,23.272,23.838,24.803,25.277,25.405,25.51,25.48,25.473,25.413,25.315,25.149,24.961,24.757,24.742,24.629,24.553,24.31,24.257,24.143,24.075,24.059,23.983,23.953,23.976,23.998,24.037,24.006,24.021,23.945,23.968,23.96,23.96,23.945,23.922,23.938,23.907,23.823,23.625,23.594,23.334,23.249,23.134,22.881,22.78,22.688,22.696,22.642,22.68,23.663,24.348,24.379,24.386,24.424,24.523,24.765,24.863,25.006,25.014,24.954,24.969,24.946,24.938,24.999,25.089,25.202,25.368,25.398,25.292,25.262,25.21,24.825,24.757,24.394,24.234,24.052,23.899,23.724,23.716,23.732,23.732,23.686,23.693,23.602,23.533,23.464,23.433,23.265,23.226,22.958,22.765,22.634,22.611,22.572,22.564,22.549,22.534,22.495,22.549,22.51,22.503,22.518,22.464,22.479,22.487,22.456,22.425,22.379,22.433,22.479,22.418,22.449,22.441,22.464,22.433,22.418,22.418,22.425,22.356,22.371,22.371,22.425,22.371,22.332,22.34,22.332,22.325,22.34,22.332,22.332,22.332
,21.999,21.999,21.991,21.999,22.015,21.999,21.991,22.022,22.015,22.015,22.038,22.022,22.022,22.053,22.077,22.069,22.084,22.077,22.061,22.131,22.123,22.116,22.123,22.139,22.092,22.092,22.092,22.1,22.061,22.092,22.123,22.123,22.123,22.154,22.162,22.17,22.147,22.201,22.185,22.147,22.193,22.178,22.131,22.162,22.17,22.209,22.209,22.216,22.216,22.209,22.216,22.193,22.216,22.193,22.232,22.309,22.379,22.479,22.503,22.534,22.634,22.765,22.811,22.873,22.95,22.981,23.034,23.142,23.188,23.188,23.296,23.38,23.395,23.502,23.556,23.648,23.762,23.808,23.93,24.742,24.871,24.916,25.006,25.029,25.18,25.368,25.488,25.728,25.937,25.967,26.094,26.116,26.079,25.87,24.189,23.472,23.341,22.988,22.834,22.796,22.788,22.796,22.834,22.881,23.134,23.219,23.357,23.632,23.846,24.189,24.363,24.424,24.742,24.825,24.991,25.27,25.338,25.383,25.503,25.54,25.525,25.563,25.54,25.57,25.563,25.555,25.548,25.525,25.458,25.428,25.39,25.375,25.353,25.338,25.345,25.36,25.405,25.465,25.51,25.548,25.563,25.54,25.51,25.473,25.473,25.315,25.127,25.119,25.029,24.795,24.492,24.401,24.219,24.173,24.097,24.006,23.976,23.938,23.953,23.892,23.976,23.991,24.044,24.029,23.998,23.991,23.892,23.823,23.739,23.648,23.586,23.541,23.495,23.449,23.403,23.395,23.357,23.319,23.311,23.242,23.226,23.211,23.15,23.134,23.042,22.996,22.95,22.919,22.881,22.819,22.827,22.819,22.796,22.804,22.804,22.834,22.919,23.027,23.709,26.012,25.96,24.5,24.211,24.006,23.823,23.793,23.686,23.678,23.678,23.686,23.739,23.747,23.793,23.831,23.823,23.816,23.777,23.755,23.732,23.693,23.671,23.64,23.602,23.541,23.51,23.449,23.364,23.288,23.257,23.226,23.226,23.234,23.249,23.242,23.288,23.41,23.395,23.602,23.739,23.998,24.128,24.135,24.341,24.56,24.712,24.735,24.81,24.81,24.803,24.818,24.735,24.719,24.644,24.644,24.576,24.515,24.477,24.447,24.432,24.409,24.447,24.492,24.523,24.53,24.523,24.523,24.492,24.47,24.485,24.401,24.371,24.348,24.333,24.325,24.318,24.31,24.333,24.28,24.295,24.287,24.272,24.287,24.295,24.287,24.28,24.242,24.219,23.96,23.854,23.732,23.64,23.525,23.579,23.655,23.701,23.8,23.884,23.953,23.938,23.93,23.907,23.877,23.854,23.831,23.816,23.816,23.808,23.785,23.808,23.869,23.96,24.014,24.105,24.28,24.356,24.439,24.545,24.545,24.568,24.576,24.56,24.545,24.538,24.47,24.439,24.386,24.394,24.242,24.181,24.166,24.135,24.059,23.976,23.96,23.861,23.755,23.777,23.609,23.556,23.426,23.38,23.357,23.326,23.303,23.272,23.242,23.242,23.242,23.249,23.272,23.311,23.594,23.686,23.777,23.854,23.976,24.021,24.059,24.204,24.272,24.295,24.287,24.257,24.227,24.181,24.173,24.143,24.052,23.96,23.861,23.816,23.609,23.632,23.487,23.418,23.288,23.058,22.927,22.765,22.642,22.58,22.518,22.503,22.479,22.456,22.503,23.892,24.515,24.485,24.447,24.416,24.356,24.303,24.158,24.173,23.968,23.755,23.709,23.693,23.617,23.625,23.525,23.487,23.433,23.426,23.403,23.433,23.441,23.464,23.487,23.533,23.533,23.556,23.556,23.541,23.533,23.51,23.502,23.479,23.518,23.51,23.479,23.456,23.395,23.38,23.334,23.28,23.226,23.18,23.111,23.042,22.988,22.942,22.858,22.811,22.78,22.765,22.757,22.804,22.858,22.942,23.042,23.234,23.311,23.823,24.53,24.886,25.195,25.338,25.495,25.593,25.615,25.615,25.593,25.533,25.465,25.465,25.435,25.435,25.443,25.45,25.473,25.54,25.488,25.533,25.54,25.503,25.42,25.27,24.931,24.644,24.006,23.869,23.617,23.586,23.518,23.479,23.456,23.441,23.38,23.319,23.272,23.265,23.249,23.265,23.288,23.311,23.449,23.686,24.037,24.371,24.712,24.938,25.014,25.157,25.127,25.112,25.044,24.976,24.84,24.712,24.606,24.257,24.249,23.884,23.671,23.533,23.326,23.157,23.119,23.226,23.884,24.999,25.368,25.45,25.495,25.48,25.435,25.33,25.247,25.134,24.999,24.931,24.674,24.651,24.613,24.341,24.227,24.113,24.09,23.983,23.953,23.915,23.945,23.96,24.014,24.021,24.014,23.953,23.899,23.938,23.922,23.93,23.915,23.938,23.869,23.816,23.617,23.548,23.303,23.004,23.096,22.788,22.711,22.673,22.673,22.657,22.696,24.006,24.333,24.341,24.424,24.485,24.576,24.719,24.938,24.976,24.946,24.916,24.999,24.954,24.916,24.923,24.946,25.187,25.375,25.383,25.33,25.27,25.067,24.916,24.78,24.454,24.265,24.082,23.709,23.716,23.709,23.709,23.724,23.594,23.548,23.541,23.487,23.487,23.441,23.226,23.173,22.911,22.68,22.649,22.603,22.564,22.557,22.541,22.541,22.495,22.526,22.456,22.487,22.495,22.495,22.464,22.456,22.394,22.449,22.41,22.394,22.464,22.495,22.387,22.387,22.402,22.464,22.433,22.425,22.418,22.402,22.34,22.363,22.379,22.379,22.371,22.332,22.325,22.332,22.332,22.34,22.363,22.356
,22.022,22.007,22.015,21.991,22.007,21.999,22.015,22.022,21.999,22.038,22.015,22.03,22.038,22.053,22.053,22.053,22.046,22.092,22.092,22.092,22.1,22.108,22.1,22.123,22.108,22.084,22.084,22.061,22.069,22.084,22.1,22.1,22.116,22.147,22.154,22.193,22.193,22.216,22.178,22.17,22.185,22.185,22.123,22.185,22.178,22.209,22.201,22.216,22.216,22.216,22.224,22.232,22.247,22.232,22.294,22.309,22.363,22.464,22.518,22.541,22.58,22.796,22.865,22.873,22.904,22.981,23.05,23.127,23.18,23.219,23.326,23.38,23.426,23.548,23.632,23.617,23.831,23.899,24.454,24.833,24.886,24.954,24.969,25.119,25.323,25.398,25.533,25.81,25.937,26.109,26.072,26.176,26.049,25.443,24.173,23.257,23.019,22.934,22.75,22.742,22.765,22.765,22.842,22.888,23.065,23.311,23.487,23.823,24.082,24.265,24.47,24.833,24.833,25.104,25.18,25.33,25.473,25.533,25.563,25.615,25.638,25.6,25.6,25.585,25.593,25.563,25.585,25.51,25.503,25.48,25.435,25.443,25.39,25.338,25.368,25.383,25.435,25.473,25.57,25.548,25.54,25.518,25.458,25.428,25.368,25.33,25.104,25.104,24.976,24.81,24.477,24.341,24.234,24.196,24.097,23.998,23.96,23.953,23.953,23.953,23.968,24.014,23.998,24.029,23.991,23.998,23.877,23.861,23.724,23.655,23.564,23.541,23.441,23.395,23.364,23.357,23.319,23.326,23.28,23.249,23.188,23.188,23.127,23.081,23.042,22.981,22.919,22.881,22.834,22.811,22.796,22.788,22.78,22.773,22.788,22.85,22.911,23.004,24.28,27.17,26.019,24.341,24.044,23.884,23.785,23.716,23.678,23.671,23.678,23.686,23.716,23.762,23.785,23.793,23.785,23.77,23.762,23.716,23.686,23.671,23.632,23.609,23.564,23.556,23.51,23.464,23.349,23.296,23.265,23.219,23.234,23.219,23.211,23.234,23.226,23.234,23.395,23.441,23.785,23.793,24.021,24.105,24.333,24.576,24.666,24.75,24.765,24.825,24.825,24.81,24.757,24.795,24.697,24.576,24.515,24.523,24.492,24.439,24.432,24.439,24.462,24.5,24.523,24.53,24.523,24.515,24.507,24.492,24.447,24.401,24.386,24.356,24.318,24.333,24.333,24.318,24.333,24.287,24.287,24.272,24.272,24.287,24.28,24.265,24.234,24.242,24.227,24.09,23.915,23.724,23.571,23.586,23.632,23.648,23.747,23.831,23.907,23.93,23.938,23.922,23.892,23.869,23.846,23.816,23.808,23.793,23.77,23.777,23.808,23.884,23.968,24.014,24.166,24.257,24.356,24.439,24.462,24.523,24.53,24.523,24.545,24.523,24.492,24.5,24.386,24.439,24.333,24.242,24.227,24.113,24.128,24.029,23.976,23.884,23.808,23.846,23.693,23.609,23.525,23.41,23.364,23.296,23.288,23.265,23.226,23.219,23.219,23.211,23.242,23.242,23.38,23.571,23.678,23.785,23.899,23.976,24.044,24.128,24.151,24.265,24.287,24.28,24.28,24.242,24.173,24.158,24.128,24.037,23.976,23.892,23.846,23.701,23.632,23.495,23.433,23.288,22.988,22.865,22.773,22.75,22.541,22.51,22.495,22.456,22.472,22.518,23.785,24.568,24.5,24.515,24.447,24.416,24.409,24.31,24.356,24.143,23.945,23.793,23.747,23.686,23.602,23.64,23.625,23.564,23.449,23.518,23.479,23.487,23.51,23.541,23.533,23.579,23.556,23.541,23.533,23.533,23.518,23.541,23.533,23.533,23.502,23.502,23.464,23.426,23.372,23.326,23.296,23.288,23.196,23.127,23.088,23.011,22.942,22.842,22.804,22.78,22.78,22.796,22.834,22.904,22.988,23.18,23.272,23.334,23.739,24.28,24.787,25.232,25.36,25.495,25.578,25.608,25.615,25.608,25.578,25.503,25.48,25.465,25.45,25.458,25.45,25.48,25.48,25.48,25.51,25.495,25.443,25.405,25.27,25.195,24.409,24.173,23.716,23.678,23.541,23.556,23.479,23.441,23.418,23.372,23.334,23.296,23.288,23.242,23.265,23.288,23.311,23.487,23.64,23.991,24.462,24.568,24.938,25.074,25.134,25.127,25.089,25.006,24.908,24.803,24.719,24.674,24.318,24.181,23.854,23.602,23.525,23.226,23.188,23.15,23.188,24.523,25.27,25.458,25.473,25.51,25.458,25.375,25.315,25.217,25.074,24.923,24.803,24.697,24.651,24.515,24.424,24.227,24.105,24.006,23.968,23.968,23.899,23.922,23.93,23.968,23.96,23.953,23.938,23.96,23.945,23.922,23.922,23.922,23.869,23.899,23.838,23.678,23.556,23.472,23.288,22.942,22.842,22.78,22.696,22.68,22.688,23.088,24.227,24.416,24.401,24.462,24.507,24.523,24.84,24.923,24.984,24.991,24.984,24.969,24.946,24.901,24.908,25.059,25.262,25.458,25.443,25.443,25.27,25.21,24.833,24.697,24.477,24.371,23.983,23.732,23.686,23.632,23.655,23.686,23.602,23.548,23.518,23.479,23.472,23.38,23.403,23.319,23.088,22.865,22.657,22.642,22.603,22.564,22.557,22.572,22.518,22.495,22.456,22.503,22.495,22.495,22.487,22.425,22.449,22.418,22.41,22.402,22.433,22.371,22.41,22.449,22.433,22.456,22.456,22.464,22.425,22.371,22.371,22.356,22.325,22.34,22.356,22.325,22.34,22.317,22.325,22.332,22.363,22.332
,21.976,21.999,22.007,22.007,22.007,22.007,21.991,22.03,21.999,22.007,22.038,22.022,22.038,22.03,22.038,22.046,22.077,22.092,22.116,22.108,22.061,22.116,22.108,22.123,22.116,22.077,22.061,22.053,22.084,22.084,22.092,22.1,22.139,22.139,22.162,22.178,22.17,22.116,22.193,22.185,22.162,22.178,22.178,22.185,22.185,22.201,22.193,22.193,22.201,22.209,22.216,22.216,22.24,22.255,22.278,22.348,22.418,22.503,22.595,22.619,22.665,22.757,22.834,22.888,22.958,22.988,23.034,23.111,23.157,23.257,23.28,23.372,23.395,23.564,23.609,23.686,23.785,24.082,24.47,24.848,24.923,24.923,24.991,25.119,25.292,25.488,25.578,25.683,25.937,26.079,26.146,26.057,26.116,25.675,24.052,23.196,22.896,22.804,22.757,22.727,22.742,22.757,22.834,22.958,23.027,23.433,23.716,23.854,24.204,24.325,24.416,24.704,24.863,25.232,25.428,25.548,25.51,25.615,25.668,25.66,25.66,25.668,25.638,25.608,25.593,25.555,25.593,25.57,25.548,25.473,25.428,25.45,25.398,25.39,25.383,25.39,25.405,25.458,25.488,25.533,25.45,25.435,25.48,25.383,25.33,25.232,25.097,25.036,24.984,24.727,24.447,24.303,24.249,24.158,24.09,24.021,23.998,23.96,23.976,23.968,23.96,23.998,23.991,23.998,23.968,23.922,23.869,23.793,23.724,23.663,23.579,23.541,23.464,23.403,23.41,23.334,23.288,23.272,23.249,23.242,23.226,23.142,23.111,23.058,23.011,22.919,22.881,22.888,22.842,22.811,22.78,22.765,22.765,22.75,22.75,22.827,22.95,23.203,25.044,27.303,26.034,24.432,24.082,23.877,23.693,23.693,23.648,23.671,23.663,23.678,23.716,23.755,23.762,23.77,23.762,23.747,23.724,23.671,23.663,23.632,23.625,23.586,23.571,23.525,23.495,23.441,23.296,23.272,23.272,23.257,23.226,23.188,23.119,23.18,23.15,23.326,23.387,23.609,23.609,23.831,24.006,24.105,24.28,24.583,24.719,24.666,24.772,24.795,24.818,24.78,24.757,24.682,24.606,24.568,24.56,24.485,24.454,24.439,24.424,24.432,24.462,24.485,24.5,24.515,24.523,24.5,24.454,24.462,24.424,24.409,24.348,24.356,24.325,24.341,24.333,24.318,24.318,24.287,24.303,24.295,24.287,24.28,24.257,24.257,24.249,24.204,24.067,23.968,23.793,23.64,23.617,23.594,23.609,23.716,23.77,23.831,23.93,23.93,23.93,23.922,23.884,23.861,23.831,23.808,23.8,23.77,23.785,23.777,23.808,23.899,23.998,24.082,24.181,24.356,24.409,24.447,24.424,24.492,24.5,24.47,24.477,24.492,24.47,24.409,24.356,24.333,24.295,24.227,24.173,24.181,24.135,24.044,23.991,23.915,23.877,23.663,23.625,23.495,23.464,23.387,23.357,23.288,23.257,23.234,23.211,23.188,23.188,23.173,23.203,23.242,23.319,23.586,23.617,23.854,23.899,23.938,24.105,24.151,24.204,24.242,24.265,24.265,24.257,24.211,24.158,24.113,24.12,23.998,23.968,23.922,23.831,23.724,23.625,23.502,23.418,23.234,23.019,22.873,22.804,22.727,22.611,22.51,22.518,22.487,22.456,22.595,23.808,24.576,24.538,24.568,24.515,24.485,24.424,24.416,24.379,24.272,24.234,24.021,23.922,23.77,23.716,23.648,23.586,23.625,23.655,23.586,23.541,23.525,23.548,23.564,23.579,23.586,23.564,23.586,23.533,23.541,23.541,23.518,23.533,23.541,23.51,23.495,23.456,23.41,23.38,23.357,23.311,23.288,23.203,23.142,23.088,23.004,22.911,22.881,22.827,22.788,22.78,22.811,22.765,22.865,23.011,23.134,23.265,23.319,23.648,24.386,24.991,25.187,25.39,25.488,25.585,25.623,25.6,25.593,25.57,25.518,25.495,25.473,25.458,25.465,25.45,25.51,25.48,25.435,25.48,25.473,25.465,25.465,25.33,25.006,24.568,24.227,23.709,23.648,23.586,23.533,23.487,23.449,23.41,23.349,23.326,23.28,23.257,23.257,23.28,23.311,23.372,23.426,23.785,23.877,24.325,24.719,24.961,25.044,25.097,25.097,25.074,24.984,24.916,24.825,24.75,24.492,24.303,24.105,23.854,23.541,23.387,23.28,23.142,23.203,23.234,24.803,25.39,25.435,25.495,25.503,25.473,25.338,25.277,25.149,25.059,24.878,24.818,24.727,24.651,24.5,24.363,24.227,24.181,24.067,23.938,23.907,23.884,23.831,23.96,24.006,23.976,23.983,23.922,23.907,23.892,23.884,23.907,23.915,23.877,23.823,23.762,23.648,23.586,23.296,23.042,23.065,22.904,22.75,22.688,22.703,22.696,23.004,24.272,24.318,24.401,24.416,24.485,24.583,24.772,24.803,24.946,24.976,24.938,24.999,24.961,24.976,24.954,25.142,25.42,25.473,25.45,25.42,25.398,25.134,24.999,24.908,24.553,24.181,24.067,23.777,23.648,23.586,23.602,23.525,23.586,23.495,23.449,23.449,23.41,23.38,23.349,23.296,23.219,22.988,22.788,22.68,22.595,22.534,22.526,22.526,22.503,22.503,22.479,22.503,22.472,22.425,22.464,22.425,22.402,22.41,22.425,22.418,22.41,22.379,22.394,22.402,22.402,22.441,22.449,22.449,22.433,22.394,22.379,22.332,22.348,22.332,22.34,22.302,22.317,22.332,22.363,22.332,22.363,22.387
,22.007,22.03,21.999,21.991,22.007,21.991,21.999,22.022,21.999,22.038,22.038,22.03,22.015,22.015,22.015,22.03,22.046,22.092,22.1,22.116,22.084,22.131,22.116,22.116,22.108,22.084,22.069,22.077,22.092,22.084,22.1,22.092,22.116,22.131,22.123,22.17,22.178,22.17,22.162,22.178,22.185,22.17,22.162,22.185,22.185,22.193,22.216,22.209,22.216,22.216,22.224,22.232,22.255,22.271,22.302,22.371,22.456,22.549,22.564,22.626,22.719,22.757,22.804,22.85,22.942,22.981,23.05,23.127,23.157,23.234,23.257,23.387,23.364,23.464,23.556,23.701,23.884,24.021,24.818,24.84,24.931,24.938,24.946,25.127,25.383,25.48,25.6,25.81,25.937,26.079,26.131,26.109,25.93,25.112,23.479,23.096,22.881,22.711,22.703,22.711,22.742,22.75,22.858,22.996,23.15,23.495,23.861,24.09,24.272,24.462,24.553,24.81,25.187,25.33,25.488,25.555,25.623,25.653,25.698,25.705,25.675,25.675,25.638,25.63,25.608,25.548,25.533,25.473,25.473,25.428,25.42,25.405,25.375,25.39,25.39,25.405,25.42,25.39,25.428,25.458,25.465,25.383,25.375,25.308,25.24,25.142,25.052,25.021,24.931,24.757,24.47,24.295,24.257,24.128,24.082,24.021,23.976,23.968,23.96,23.968,23.976,23.998,24.006,24.006,23.983,23.922,23.808,23.739,23.678,23.632,23.556,23.502,23.418,23.387,23.303,23.296,23.288,23.234,23.211,23.188,23.188,23.157,23.111,23.088,22.958,22.888,22.881,22.842,22.827,22.788,22.765,22.757,22.734,22.742,22.734,22.811,23.019,23.433,25.743,27.414,26.034,24.409,24.082,23.899,23.755,23.663,23.625,23.648,23.64,23.678,23.724,23.739,23.762,23.739,23.762,23.724,23.678,23.671,23.64,23.632,23.594,23.586,23.548,23.502,23.441,23.433,23.341,23.28,23.265,23.226,23.203,23.196,23.134,23.142,23.15,23.226,23.226,23.464,23.51,23.632,23.983,24.044,24.287,24.5,24.621,24.644,24.742,24.787,24.757,24.787,24.712,24.697,24.583,24.583,24.485,24.462,24.432,24.439,24.416,24.439,24.462,24.477,24.492,24.485,24.477,24.454,24.447,24.432,24.432,24.394,24.356,24.325,24.333,24.325,24.325,24.348,24.303,24.287,24.295,24.287,24.287,24.265,24.234,24.219,24.151,24.189,24.021,23.884,23.785,23.648,23.579,23.594,23.617,23.716,23.762,23.816,23.892,23.93,23.938,23.938,23.907,23.869,23.831,23.808,23.793,23.777,23.762,23.793,23.808,23.945,23.998,24.097,24.181,24.227,24.356,24.394,24.416,24.454,24.439,24.454,24.454,24.447,24.416,24.409,24.341,24.295,24.249,24.211,24.173,24.166,24.12,24.052,23.907,23.808,23.755,23.617,23.617,23.464,23.387,23.341,23.319,23.272,23.257,23.203,23.165,23.111,23.111,23.127,23.242,23.234,23.433,23.548,23.663,23.755,23.907,23.915,24.097,24.158,24.227,24.219,24.272,24.257,24.242,24.189,24.173,24.128,24.09,24.021,23.938,23.877,23.785,23.701,23.571,23.418,23.319,23.165,22.996,22.911,22.742,22.649,22.564,22.456,22.449,22.41,22.479,22.541,23.762,24.598,24.56,24.591,24.56,24.515,24.5,24.447,24.477,24.371,24.341,24.173,23.998,23.983,23.777,23.808,23.709,23.678,23.609,23.625,23.533,23.571,23.579,23.586,23.579,23.609,23.571,23.602,23.579,23.533,23.548,23.548,23.518,23.556,23.518,23.464,23.449,23.41,23.395,23.357,23.226,23.234,23.142,23.127,23.058,23.027,22.965,22.85,22.834,22.78,22.796,22.788,22.819,22.85,22.965,23.173,23.28,23.357,23.678,24.09,24.666,25.112,25.338,25.443,25.578,25.593,25.615,25.615,25.6,25.578,25.503,25.458,25.45,25.465,25.435,25.443,25.443,25.45,25.443,25.443,25.443,25.36,25.217,24.984,24.689,24.158,23.861,23.579,23.502,23.495,23.449,23.418,23.395,23.349,23.303,23.257,23.249,23.226,23.265,23.296,23.395,23.487,23.831,23.968,24.5,24.878,24.976,25.021,25.044,25.067,25.074,24.954,24.855,24.803,24.538,24.492,24.295,24.113,23.991,23.586,23.288,23.226,23.119,23.119,23.793,24.938,25.443,25.48,25.533,25.458,25.473,25.33,25.187,25.119,24.954,24.825,24.795,24.674,24.629,24.424,24.348,24.287,24.014,24.029,23.907,23.846,23.854,23.823,23.93,23.953,23.976,23.991,23.953,23.938,23.93,23.899,23.892,23.899,23.854,23.739,23.663,23.617,23.464,23.219,23.15,23.011,22.911,22.796,22.75,22.673,22.68,22.919,24.295,24.409,24.401,24.5,24.545,24.613,24.803,24.871,24.954,24.893,24.969,24.954,24.931,24.961,24.954,25.112,25.338,25.48,25.488,25.398,25.473,25.232,25.067,24.689,24.477,24.105,24.097,23.762,23.648,23.556,23.541,23.495,23.464,23.456,23.464,23.441,23.433,23.387,23.38,23.364,23.257,23.127,22.773,22.796,22.665,22.58,22.549,22.518,22.487,22.464,22.456,22.449,22.479,22.456,22.441,22.433,22.41,22.433,22.418,22.394,22.402,22.402,22.402,22.402,22.418,22.441,22.441,22.418,22.41,22.379,22.348,22.317,22.371,22.348,22.325,22.325,22.317,22.348,22.363,22.363,22.402,22.394
,22.046,22.015,22.03,22.03,22.007,22.03,22.015,22.022,22.022,22.015,22.03,22.046,22.038,22.022,22.015,22.053,22.061,22.077,22.084,22.092,22.108,22.1,22.1,22.131,22.108,22.1,22.077,22.1,22.092,22.108,22.1,22.1,22.1,22.116,22.139,22.147,22.147,22.178,22.162,22.147,22.17,22.162,22.178,22.201,22.201,22.193,22.201,22.185,22.216,22.216,22.224,22.255,22.255,22.286,22.278,22.371,22.479,22.557,22.58,22.634,22.68,22.796,22.842,22.881,22.911,23.004,23.073,23.127,23.165,23.249,23.272,23.372,23.364,23.464,23.586,23.777,23.831,24.189,24.75,24.878,24.931,24.923,24.999,25.262,25.353,25.54,25.683,25.847,26.012,26.131,26.161,26.079,25.982,24.833,23.296,23.058,22.742,22.711,22.665,22.696,22.719,22.75,22.881,23.05,23.334,23.571,23.594,24.204,24.485,24.644,24.742,25.262,25.465,25.503,25.675,25.675,25.69,25.705,25.713,25.713,25.698,25.638,25.653,25.578,25.548,25.533,25.473,25.488,25.413,25.413,25.398,25.39,25.383,25.383,25.383,25.383,25.405,25.39,25.368,25.383,25.345,25.33,25.27,25.24,25.127,25.067,25.036,24.976,24.954,24.825,24.477,24.272,24.227,24.181,24.075,24.014,23.998,23.968,23.96,23.96,23.998,23.998,23.998,23.998,23.968,23.892,23.846,23.747,23.655,23.586,23.556,23.502,23.456,23.372,23.311,23.296,23.272,23.249,23.219,23.188,23.15,23.157,23.081,22.965,22.934,22.904,22.873,22.834,22.78,22.796,22.75,22.734,22.734,22.734,22.719,22.78,23.065,23.716,26.593,27.436,26.243,24.598,23.976,23.793,23.693,23.663,23.609,23.632,23.701,23.663,23.693,23.732,23.716,23.747,23.732,23.663,23.671,23.648,23.617,23.632,23.594,23.564,23.533,23.495,23.456,23.395,23.349,23.296,23.257,23.226,23.196,23.134,23.104,23.15,23.173,23.226,23.234,23.426,23.548,23.594,23.869,24.006,24.325,24.454,24.523,24.636,24.735,24.78,24.803,24.772,24.742,24.719,24.629,24.583,24.507,24.507,24.439,24.447,24.424,24.447,24.462,24.477,24.477,24.454,24.454,24.432,24.432,24.409,24.416,24.394,24.348,24.341,24.341,24.348,24.318,24.363,24.333,24.295,24.303,24.295,24.287,24.249,24.234,24.227,24.135,24.097,24.059,23.877,23.808,23.678,23.586,23.579,23.632,23.724,23.739,23.861,23.922,23.976,23.968,23.945,23.93,23.899,23.861,23.823,23.793,23.793,23.793,23.785,23.846,24.029,24.09,24.135,24.166,24.249,24.371,24.379,24.394,24.424,24.439,24.432,24.462,24.439,24.401,24.416,24.287,24.31,24.249,24.204,24.158,24.151,24.12,24.067,23.838,23.785,23.716,23.609,23.51,23.449,23.38,23.326,23.28,23.249,23.203,23.188,23.127,23.073,23.111,23.111,23.226,23.296,23.38,23.564,23.648,23.747,23.892,23.976,24.059,24.151,24.234,24.242,24.265,24.265,24.204,24.189,24.135,24.128,24.09,24.006,23.945,23.884,23.854,23.762,23.64,23.533,23.296,23.127,23.011,22.858,22.719,22.688,22.534,22.495,22.472,22.456,22.464,22.534,23.823,24.621,24.613,24.629,24.659,24.606,24.636,24.583,24.515,24.454,24.447,24.204,24.105,23.991,23.93,23.793,23.838,23.762,23.701,23.655,23.632,23.594,23.617,23.617,23.64,23.617,23.609,23.602,23.556,23.564,23.579,23.556,23.564,23.548,23.548,23.518,23.464,23.418,23.387,23.387,23.326,23.272,23.188,23.134,23.104,23.011,22.965,22.888,22.842,22.78,22.796,22.788,22.819,22.896,22.95,23.05,23.211,23.387,23.609,24.151,24.666,25.165,25.308,25.458,25.608,25.578,25.608,25.6,25.6,25.488,25.518,25.488,25.443,25.465,25.473,25.428,25.428,25.428,25.413,25.428,25.39,25.338,25.187,24.954,24.485,24.021,23.892,23.663,23.609,23.51,23.426,23.41,23.334,23.364,23.265,23.249,23.272,23.211,23.257,23.296,23.372,23.357,23.77,24.28,24.568,24.651,24.969,25.036,25.044,25.059,25.036,24.969,24.954,24.803,24.538,24.416,24.158,24.075,23.693,23.609,23.28,23.226,23.173,23.211,23.998,25.292,25.51,25.585,25.548,25.495,25.443,25.308,25.157,25.157,25.021,24.916,24.878,24.644,24.598,24.507,24.424,24.295,24.189,24.105,23.922,23.892,23.808,23.793,23.861,23.938,23.976,23.976,23.976,23.953,23.93,23.907,23.854,23.892,23.777,23.755,23.655,23.502,23.579,23.234,23.173,23.173,22.819,22.75,22.757,22.78,22.742,23.034,24.227,24.333,24.379,24.416,24.56,24.636,24.795,24.863,24.931,24.984,24.984,24.991,24.984,24.954,25.097,25.074,25.338,25.533,25.548,25.495,25.405,25.112,24.999,24.56,24.432,24.128,23.823,23.823,23.648,23.571,23.495,23.495,23.464,23.364,23.456,23.372,23.357,23.311,23.341,23.341,23.242,23.18,22.965,22.703,22.68,22.572,22.572,22.534,22.51,22.495,22.487,22.472,22.456,22.472,22.472,22.456,22.472,22.456,22.433,22.425,22.402,22.387,22.41,22.41,22.387,22.425,22.402,22.402,22.356,22.387,22.387,22.356,22.387,22.371,22.317,22.356,22.34,22.34,22.363,22.402,22.41,22.433
,22.123,22.03,22.022,21.991,22.03,21.991,22.03,22.03,22.022,22.03,22.015,22.046,22.038,22.022,22.015,22.015,22.038,22.038,22.069,22.092,22.116,22.1,22.123,22.116,22.108,22.084,22.116,22.123,22.108,22.092,22.116,22.108,22.116,22.123,22.139,22.154,22.17,22.154,22.17,22.139,22.17,22.147,22.17,22.193,22.162,22.209,22.255,22.201,22.216,22.232,22.232,22.24,22.24,22.271,22.348,22.441,22.503,22.58,22.611,22.649,22.703,22.811,22.865,22.896,22.927,22.996,23.034,23.119,23.157,23.203,23.288,23.288,23.41,23.533,23.648,23.732,23.968,24.348,24.825,24.871,24.923,24.938,25.006,25.157,25.255,25.525,25.683,25.982,25.967,26.154,26.154,26.146,25.832,24.727,23.265,22.819,22.68,22.696,22.688,22.711,22.734,22.765,22.842,23.15,23.319,23.907,24.097,24.272,24.462,24.991,25.082,25.495,25.525,25.69,25.713,25.713,25.705,25.713,25.72,25.72,25.683,25.623,25.57,25.503,25.48,25.48,25.345,25.383,25.33,25.368,25.36,25.36,25.368,25.353,25.368,25.375,25.383,25.353,25.39,25.353,25.24,25.202,25.262,25.195,25.097,25.052,25.014,24.991,24.938,24.666,24.523,24.318,24.189,24.158,24.113,24.037,23.983,23.96,23.96,23.968,23.991,24.006,24.014,23.983,23.953,23.869,23.793,23.77,23.648,23.571,23.502,23.41,23.38,23.349,23.296,23.28,23.257,23.242,23.188,23.127,23.111,23.05,23.019,22.934,22.888,22.834,22.842,22.819,22.796,22.75,22.734,22.727,22.719,22.711,22.765,22.873,23.004,24.613,27.082,27.554,26.504,24.348,23.861,23.8,23.686,23.609,23.594,23.564,23.64,23.671,23.724,23.747,23.716,23.686,23.686,23.655,23.655,23.625,23.625,23.617,23.579,23.564,23.51,23.472,23.426,23.387,23.357,23.296,23.242,23.211,23.157,23.15,23.119,23.142,23.173,23.211,23.257,23.464,23.556,23.732,23.892,24.014,24.227,24.409,24.523,24.568,24.682,24.735,24.757,24.765,24.735,24.666,24.613,24.56,24.515,24.507,24.462,24.47,24.439,24.454,24.447,24.462,24.409,24.439,24.424,24.416,24.401,24.401,24.363,24.356,24.356,24.318,24.341,24.333,24.325,24.348,24.31,24.325,24.31,24.31,24.295,24.249,24.219,24.219,24.151,24.135,23.998,23.899,23.77,23.686,23.564,23.617,23.556,23.709,23.816,23.861,23.93,23.991,24.006,24.029,23.96,23.93,23.838,23.823,23.808,23.808,23.854,23.846,23.899,24.021,24.044,24.128,24.204,24.234,24.348,24.363,24.363,24.394,24.409,24.409,24.401,24.401,24.363,24.371,24.265,24.257,24.227,24.189,24.135,24.09,24.097,23.953,23.869,23.716,23.655,23.602,23.502,23.403,23.387,23.334,23.226,23.211,23.173,23.142,23.088,23.096,23.096,23.157,23.219,23.326,23.364,23.541,23.625,23.808,23.861,23.991,24.128,24.166,24.227,24.242,24.257,24.242,24.181,24.158,24.12,24.097,24.082,24.029,23.922,23.861,23.747,23.655,23.625,23.495,23.38,23.065,22.958,22.796,22.719,22.657,22.534,22.472,22.495,22.41,22.464,22.456,23.272,24.606,24.651,24.651,24.666,24.666,24.666,24.644,24.613,24.5,24.462,24.356,24.242,24.196,24.029,23.983,23.915,23.8,23.755,23.678,23.739,23.732,23.602,23.64,23.64,23.617,23.64,23.625,23.609,23.617,23.617,23.594,23.579,23.564,23.541,23.541,23.502,23.433,23.403,23.403,23.311,23.219,23.226,23.142,23.111,23.011,22.973,22.858,22.796,22.788,22.773,22.811,22.819,22.911,22.888,23.119,23.088,23.502,23.709,24.12,24.621,25.149,25.353,25.473,25.6,25.608,25.585,25.593,25.548,25.525,25.495,25.488,25.458,25.465,25.428,25.398,25.405,25.39,25.42,25.39,25.353,25.3,25.044,24.923,24.53,24.113,23.823,23.564,23.541,23.433,23.418,23.387,23.319,23.257,23.226,23.211,23.211,23.249,23.272,23.341,23.395,23.372,23.724,24.151,24.538,24.863,25.014,25.021,25.036,25.036,25.021,24.961,24.908,24.787,24.515,24.356,24.249,24.021,23.816,23.464,23.272,23.211,23.219,23.456,24.81,25.51,25.638,25.608,25.57,25.503,25.45,25.338,25.225,25.059,24.938,24.855,24.735,24.689,24.515,24.492,24.394,24.348,24.257,24.044,23.938,23.831,23.8,23.793,23.785,23.823,23.884,23.976,23.976,23.983,23.907,23.884,23.846,23.831,23.808,23.64,23.64,23.525,23.326,23.349,23.058,22.888,22.85,22.796,22.696,22.696,22.727,23.05,24.287,24.447,24.424,24.507,24.629,24.719,24.81,24.878,24.923,24.931,24.984,24.976,24.954,25.014,24.999,25.195,25.428,25.495,25.585,25.585,25.48,25.27,24.938,24.719,24.371,24.204,24.029,23.724,23.579,23.495,23.472,23.456,23.41,23.319,23.395,23.319,23.319,23.349,23.326,23.319,23.296,23.234,22.934,22.788,22.642,22.572,22.595,22.541,22.518,22.51,22.495,22.479,22.487,22.472,22.464,22.425,22.472,22.487,22.425,22.41,22.425,22.402,22.449,22.418,22.379,22.379,22.387,22.387,22.363,22.34,22.394,22.387,22.425,22.356,22.379,22.348,22.379,22.371,22.379,22.433,22.441,22.441
,22.046,22.03,22.053,22.022,22.007,22.03,22.03,22.03,22.015,22.03,22.007,22.03,22.007,22.007,22.046,22.053,22.069,22.077,22.077,22.084,22.1,22.116,22.092,22.116,22.123,22.123,22.108,22.092,22.131,22.139,22.108,22.123,22.123,22.116,22.147,22.154,22.139,22.185,22.162,22.154,22.147,22.147,22.154,22.185,22.193,22.216,22.24,22.232,22.232,22.247,22.263,22.255,22.271,22.294,22.418,22.464,22.51,22.588,22.603,22.642,22.673,22.834,22.865,22.95,22.965,23.004,23.042,23.119,23.203,23.219,23.303,23.372,23.449,23.487,23.533,23.678,23.899,24.795,24.787,24.908,24.901,24.901,25.044,25.195,25.255,25.593,25.653,25.855,26.064,26.176,26.183,26.169,26.012,24.651,23.119,22.911,22.673,22.68,22.626,22.703,22.757,22.804,22.988,23.403,23.716,24.021,24.135,24.772,24.961,25.097,25.345,25.533,25.675,25.743,25.743,25.743,25.735,25.72,25.72,25.69,25.623,25.578,25.495,25.45,25.405,25.435,25.33,25.323,25.323,25.292,25.33,25.345,25.338,25.36,25.36,25.368,25.33,25.3,25.33,25.323,25.292,25.172,25.149,25.119,25.044,25.052,25.021,25.021,24.825,24.644,24.439,24.272,24.219,24.158,24.097,24.014,23.953,23.945,23.945,23.968,23.991,24.006,24.006,23.991,23.945,23.869,23.816,23.678,23.586,23.518,23.518,23.441,23.395,23.38,23.326,23.265,23.249,23.249,23.18,23.119,23.088,23.042,22.996,22.973,22.904,22.842,22.819,22.827,22.773,22.727,22.719,22.711,22.719,22.742,22.742,22.819,23.134,24.742,27.635,27.745,26.749,24.439,23.816,23.732,23.655,23.64,23.602,23.579,23.632,23.663,23.709,23.732,23.693,23.716,23.648,23.609,23.594,23.617,23.594,23.586,23.571,23.533,23.495,23.449,23.403,23.387,23.341,23.326,23.234,23.196,23.15,23.134,23.127,23.127,23.18,23.196,23.288,23.288,23.564,23.671,23.816,23.991,24.295,24.447,24.515,24.591,24.689,24.712,24.757,24.742,24.712,24.697,24.613,24.568,24.515,24.5,24.523,24.462,24.485,24.439,24.409,24.439,24.386,24.363,24.409,24.379,24.371,24.386,24.386,24.341,24.325,24.31,24.318,24.333,24.348,24.356,24.348,24.341,24.318,24.31,24.287,24.242,24.204,24.196,24.173,24.113,23.968,23.846,23.747,23.617,23.586,23.602,23.64,23.732,23.8,23.816,23.976,24.021,24.044,24.044,24.006,23.938,23.938,23.846,23.816,23.854,23.838,23.869,23.907,23.998,24.067,24.113,24.181,24.295,24.318,24.333,24.363,24.379,24.379,24.371,24.394,24.401,24.379,24.318,24.227,24.219,24.211,24.173,24.097,24.052,24.059,23.907,23.823,23.655,23.671,23.602,23.472,23.349,23.326,23.257,23.226,23.165,23.142,23.111,23.073,23.073,23.104,23.134,23.272,23.364,23.403,23.502,23.648,23.762,23.884,24.113,24.082,24.173,24.211,24.234,24.249,24.257,24.211,24.181,24.12,24.082,24.082,24.059,23.96,23.938,23.8,23.693,23.609,23.525,23.456,23.127,22.965,22.819,22.75,22.634,22.58,22.456,22.479,22.433,22.394,22.503,23.257,24.659,24.712,24.719,24.727,24.712,24.727,24.742,24.674,24.576,24.538,24.439,24.462,24.333,24.173,24.059,24.029,23.877,23.823,23.762,23.785,23.762,23.701,23.678,23.686,23.617,23.655,23.678,23.663,23.648,23.64,23.655,23.617,23.609,23.541,23.541,23.487,23.479,23.426,23.364,23.334,23.288,23.234,23.18,23.058,23.004,22.934,22.888,22.811,22.796,22.78,22.804,22.834,22.865,22.896,23.111,23.119,23.311,23.693,24.143,24.591,25.18,25.398,25.405,25.555,25.615,25.615,25.615,25.578,25.525,25.488,25.465,25.443,25.435,25.42,25.398,25.383,25.368,25.375,25.368,25.36,25.232,25.059,24.863,24.348,24.166,23.678,23.709,23.472,23.456,23.426,23.364,23.303,23.219,23.257,23.196,23.211,23.234,23.249,23.272,23.357,23.632,23.831,23.838,24.462,24.871,24.938,25.021,25.014,25.044,25.029,24.969,24.84,24.795,24.53,24.363,24.249,23.877,23.716,23.525,23.265,23.188,23.119,23.28,25.052,25.57,25.653,25.63,25.623,25.593,25.405,25.195,25.232,24.999,24.923,24.848,24.787,24.651,24.606,24.507,24.447,24.318,24.204,24.151,23.884,23.899,23.823,23.831,23.8,23.854,23.915,23.938,23.96,23.991,23.93,23.869,23.831,23.823,23.793,23.64,23.625,23.502,23.341,23.226,23.104,23.127,22.78,22.734,22.757,22.68,22.719,23.303,24.386,24.515,24.523,24.485,24.682,24.795,24.78,24.908,24.984,24.946,24.961,25.021,24.999,25.006,25.127,25.187,25.435,25.608,25.578,25.465,25.345,25.308,25.059,24.855,24.386,24.287,24.029,23.793,23.571,23.464,23.441,23.441,23.441,23.38,23.372,23.319,23.296,23.349,23.326,23.303,23.311,23.288,23.211,22.881,22.703,22.619,22.611,22.588,22.526,22.526,22.479,22.495,22.479,22.464,22.472,22.449,22.472,22.449,22.456,22.456,22.402,22.41,22.425,22.402,22.41,22.387,22.379,22.363,22.402,22.425,22.325,22.34,22.363,22.41,22.325,22.34,22.363,22.332,22.449,22.425,22.425,22.425
,22.053,22.046,21.968,22.007,22.022,22.015,22.022,22.022,22.015,22.03,22.007,21.999,22.03,22.015,22.053,22.069,22.077,22.061,22.069,22.069,22.061,22.092,22.108,22.092,22.092,22.116,22.092,22.123,22.131,22.084,22.116,22.123,22.116,22.123,22.116,22.116,22.17,22.131,22.17,22.131,22.116,22.147,22.154,22.178,22.209,22.201,22.224,22.24,22.255,22.232,22.24,22.24,22.255,22.309,22.379,22.487,22.534,22.564,22.634,22.68,22.773,22.834,22.858,22.919,22.927,23.011,23.058,23.081,23.142,23.104,23.311,23.38,23.441,23.51,23.579,23.732,24.075,24.568,24.81,24.825,24.848,24.878,25.006,25.036,25.413,25.465,25.69,26.012,26.154,26.139,26.154,26.139,25.683,23.945,22.958,22.696,22.649,22.649,22.626,22.68,22.734,22.881,23.173,23.441,23.861,24.09,24.401,24.787,25.112,25.368,25.42,25.593,25.705,25.683,25.735,25.758,25.758,25.72,25.69,25.593,25.615,25.458,25.405,25.368,25.338,25.262,25.18,25.187,25.247,25.172,25.24,25.292,25.323,25.338,25.315,25.315,25.285,25.24,25.285,25.187,25.18,25.082,25.067,25.052,25.021,25.052,25.029,24.999,24.772,24.515,24.348,24.287,24.196,24.082,24.037,23.983,23.953,23.938,23.945,23.945,23.976,23.998,23.983,23.96,23.922,23.831,23.755,23.671,23.609,23.548,23.456,23.441,23.38,23.349,23.319,23.219,23.242,23.219,23.188,23.104,23.058,23.034,23.019,22.934,22.881,22.85,22.788,22.796,22.75,22.711,22.703,22.688,22.657,22.703,22.811,22.958,23.334,25.195,27.605,27.686,26.66,24.348,23.793,23.686,23.625,23.609,23.609,23.602,23.655,23.602,23.655,23.709,23.701,23.671,23.655,23.64,23.579,23.571,23.579,23.541,23.533,23.518,23.472,23.41,23.395,23.364,23.349,23.249,23.196,23.157,23.127,23.111,23.119,23.111,23.157,23.196,23.203,23.334,23.349,23.648,23.793,23.877,24.044,24.356,24.409,24.568,24.629,24.719,24.75,24.727,24.719,24.682,24.591,24.568,24.538,24.523,24.515,24.47,24.477,24.424,24.379,24.356,24.363,24.325,24.356,24.363,24.371,24.371,24.356,24.31,24.333,24.31,24.325,24.325,24.356,24.325,24.356,24.348,24.318,24.318,24.287,24.219,24.211,24.158,24.128,24.067,23.983,23.854,23.716,23.693,23.617,23.579,23.617,23.724,23.8,23.869,23.953,24.052,24.059,24.067,24.052,24.006,23.93,23.899,23.869,23.861,23.877,23.892,23.938,24.044,24.082,24.143,24.234,24.257,24.31,24.333,24.333,24.325,24.356,24.341,24.333,24.363,24.333,24.28,24.28,24.234,24.143,24.113,24.09,24.052,23.976,23.907,23.747,23.655,23.64,23.464,23.403,23.357,23.288,23.219,23.188,23.142,23.096,23.081,23.081,23.081,23.081,23.188,23.272,23.334,23.364,23.518,23.594,23.739,23.899,23.968,24.105,24.158,24.166,24.272,24.242,24.257,24.196,24.181,24.09,24.075,24.059,24.029,23.968,23.861,23.793,23.663,23.609,23.51,23.226,23.111,22.965,22.78,22.727,22.603,22.634,22.479,22.41,22.402,22.387,22.464,23.234,24.704,24.757,24.772,24.75,24.772,24.81,24.772,24.704,24.682,24.644,24.606,24.462,24.379,24.158,24.151,24.059,23.968,23.899,23.892,23.8,23.777,23.732,23.755,23.693,23.686,23.655,23.678,23.671,23.663,23.655,23.648,23.632,23.64,23.571,23.548,23.51,23.472,23.441,23.403,23.326,23.272,23.234,23.188,23.142,22.958,22.958,22.896,22.811,22.788,22.796,22.796,22.834,22.873,22.927,22.95,23.188,23.364,23.693,24.014,24.629,25.134,25.458,25.398,25.548,25.51,25.593,25.6,25.578,25.533,25.503,25.465,25.458,25.42,25.375,25.353,25.368,25.368,25.353,25.33,25.3,25.323,25.21,25.097,24.515,24.12,23.922,23.533,23.487,23.403,23.326,23.334,23.311,23.234,23.211,23.173,23.196,23.188,23.188,23.349,23.38,23.502,23.892,24.135,24.538,24.651,24.901,25.014,25.006,25.029,25.006,24.991,24.833,24.81,24.568,24.447,24.325,23.93,23.648,23.38,23.341,23.18,23.257,23.716,25.195,25.555,25.683,25.638,25.623,25.578,25.428,25.127,25.112,24.999,24.893,24.871,24.719,24.659,24.553,24.515,24.439,24.31,24.219,24.105,23.968,23.854,23.846,23.8,23.785,23.777,23.823,23.96,23.953,23.945,23.93,23.892,23.846,23.823,23.747,23.678,23.564,23.556,23.311,23.219,23.096,22.919,22.819,22.673,22.703,22.611,22.996,23.349,24.416,24.5,24.477,24.568,24.613,24.719,24.886,24.931,24.938,24.923,24.954,24.991,25.029,25.082,25.172,25.48,25.563,25.563,25.533,25.525,25.375,25.059,24.803,24.727,24.189,24.189,23.976,23.678,23.495,23.456,23.456,23.433,23.41,23.372,23.341,23.334,23.303,23.288,23.296,23.28,23.311,23.257,23.203,22.819,22.665,22.673,22.603,22.619,22.588,22.603,22.526,22.51,22.487,22.479,22.464,22.464,22.479,22.464,22.433,22.433,22.418,22.379,22.418,22.394,22.363,22.356,22.387,22.402,22.425,22.363,22.371,22.371,22.371,22.402,22.363,22.425,22.41,22.394,22.402,22.387,22.425,22.402
,22.061,22.038,22.022,21.984,22.015,21.999,22.015,22.007,21.999,22.007,22.007,21.952,22.007,22.007,22.015,22.077,22.053,22.061,22.077,22.046,22.069,22.084,22.053,22.069,22.077,22.1,22.061,22.154,22.092,22.108,22.077,22.116,22.116,22.131,22.131,22.147,22.17,22.139,22.162,22.139,22.139,22.147,22.147,22.154,22.17,22.201,22.201,22.216,22.24,22.247,22.216,22.247,22.271,22.317,22.356,22.433,22.479,22.564,22.642,22.68,22.75,22.788,22.85,22.896,22.973,23.058,23.034,23.081,23.142,23.188,23.296,23.426,23.441,23.518,23.533,23.648,24.47,24.621,24.78,24.871,24.84,24.901,25.067,25.165,25.435,25.615,25.818,25.922,26.109,26.139,26.139,26.064,25.48,23.785,22.865,22.657,22.626,22.642,22.626,22.673,22.719,22.842,23.487,23.854,24.12,24.538,24.901,24.923,25.165,25.375,25.51,25.623,25.698,25.728,25.758,25.78,25.72,25.728,25.593,25.608,25.428,25.428,25.345,25.315,25.277,25.217,25.142,25.104,25.157,25.119,25.165,25.225,25.24,25.285,25.292,25.308,25.172,25.142,25.112,25.112,25.067,24.961,24.954,24.916,25.021,25.067,25.014,25.021,24.568,24.591,24.432,24.325,24.204,24.211,24.029,23.938,23.93,23.922,23.915,23.938,23.96,23.968,23.953,23.953,23.907,23.846,23.701,23.602,23.556,23.502,23.464,23.418,23.38,23.311,23.272,23.165,23.173,23.134,23.088,23.073,23.05,23.004,22.904,22.911,22.842,22.819,22.773,22.765,22.734,22.665,22.657,22.68,22.703,22.727,22.78,22.911,23.372,25.788,27.613,27.627,26.63,24.386,23.716,23.739,23.586,23.594,23.586,23.594,23.556,23.586,23.655,23.625,23.655,23.64,23.602,23.548,23.533,23.525,23.525,23.51,23.487,23.487,23.441,23.41,23.38,23.349,23.303,23.257,23.211,23.142,23.127,23.104,23.104,23.111,23.134,23.165,23.211,23.265,23.357,23.456,23.732,23.724,24.006,24.348,24.454,24.53,24.644,24.689,24.697,24.719,24.704,24.598,24.583,24.538,24.545,24.53,24.507,24.5,24.454,24.432,24.363,24.295,24.295,24.31,24.318,24.341,24.31,24.348,24.318,24.295,24.287,24.28,24.287,24.318,24.333,24.356,24.371,24.341,24.333,24.31,24.287,24.242,24.128,24.097,24.082,23.991,23.983,23.846,23.701,23.586,23.594,23.548,23.609,23.686,23.808,23.831,23.93,23.998,24.044,24.044,24.075,24.044,24.006,23.899,23.861,23.907,23.899,23.938,23.968,23.998,24.09,24.158,24.219,24.249,24.272,24.287,24.318,24.318,24.287,24.287,24.287,24.31,24.265,24.249,24.272,24.189,24.166,24.12,23.983,23.945,23.907,23.846,23.816,23.663,23.502,23.479,23.364,23.311,23.234,23.196,23.119,23.096,23.081,23.065,23.065,23.073,23.088,23.15,23.242,23.334,23.418,23.449,23.602,23.8,23.907,24.067,24.052,24.151,24.211,24.265,24.265,24.227,24.173,24.158,24.105,24.075,24.044,23.991,23.983,23.877,23.777,23.762,23.548,23.472,23.441,23.41,23.019,22.827,22.757,22.688,22.603,22.495,22.449,22.449,22.379,22.41,22.603,24.697,24.742,24.825,24.78,24.818,24.818,24.803,24.803,24.75,24.719,24.56,24.53,24.371,24.341,24.219,24.12,24.021,23.93,23.869,23.877,23.869,23.777,23.823,23.755,23.724,23.686,23.663,23.686,23.663,23.655,23.671,23.609,23.609,23.594,23.556,23.518,23.472,23.441,23.418,23.303,23.319,23.203,23.18,23.05,22.988,22.888,22.873,22.834,22.788,22.796,22.788,22.834,22.858,22.927,23.011,23.096,23.303,23.625,23.686,24.424,24.727,25.292,25.473,25.488,25.6,25.585,25.6,25.563,25.525,25.51,25.488,25.443,25.413,25.36,25.36,25.315,25.345,25.308,25.308,25.285,25.217,24.999,24.674,24.424,24.128,23.945,23.579,23.41,23.418,23.357,23.296,23.257,23.226,23.188,23.142,23.157,23.165,23.188,23.349,23.334,23.418,24.006,24.143,24.553,24.682,24.901,24.976,25.029,25.021,25.021,24.923,24.787,24.644,24.568,24.401,24.044,23.732,23.701,23.334,23.319,23.081,23.165,23.701,25.323,25.525,25.615,25.585,25.57,25.48,25.225,25.195,25.014,24.954,24.863,24.78,24.787,24.674,24.629,24.485,24.447,24.31,24.204,24.082,24.052,23.838,23.77,23.785,23.716,23.739,23.755,23.823,23.915,23.884,23.869,23.854,23.838,23.808,23.816,23.663,23.594,23.518,23.303,23.28,23.027,23.011,22.811,22.688,22.619,22.611,22.703,23.357,24.53,24.538,24.538,24.568,24.697,24.742,24.871,24.916,24.946,24.954,24.938,24.984,25.029,25.149,25.21,25.45,25.578,25.548,25.48,25.548,25.435,25.074,24.908,24.682,24.439,24.249,23.816,23.648,23.472,23.495,23.449,23.41,23.403,23.357,23.387,23.326,23.272,23.242,23.265,23.28,23.257,23.249,23.196,23.019,22.711,22.68,22.673,22.58,22.603,22.541,22.549,22.51,22.51,22.449,22.487,22.449,22.472,22.449,22.433,22.433,22.41,22.433,22.41,22.387,22.387,22.379,22.371,22.371,22.363,22.363,22.418,22.394,22.371,22.363,22.402,22.309,22.379,22.379,22.363,22.41,22.402,22.379
,22.061,22.03,22.03,22.022,22.007,22.022,22.007,22.015,21.999,22.007,21.984,21.968,21.991,21.991,22.046,22.069,22.077,22.077,22.077,22.084,22.038,22.069,22.108,22.092,22.116,22.108,22.108,22.108,22.092,22.1,22.092,22.108,22.1,22.131,22.17,22.17,22.154,22.147,22.123,22.123,22.108,22.116,22.154,22.17,22.17,22.17,22.178,22.193,22.232,22.17,22.209,22.247,22.317,22.356,22.379,22.441,22.495,22.603,22.649,22.696,22.734,22.804,22.865,22.942,22.996,23.027,23.088,23.096,23.18,23.173,23.38,23.41,23.456,23.564,23.579,24.265,24.538,24.712,24.795,24.893,24.923,24.976,25.104,25.277,25.488,25.578,25.825,25.907,26.034,26.094,26.146,26.012,25.495,23.625,22.796,22.642,22.642,22.603,22.595,22.665,22.819,23.119,23.533,24.09,24.242,24.666,25.089,25.21,25.435,25.518,25.615,25.653,25.72,25.75,25.795,25.773,25.735,25.653,25.555,25.51,25.3,25.285,25.24,25.187,25.127,25.112,25.074,25.059,25.059,25.112,25.172,25.134,25.232,25.225,25.187,25.202,25.119,25.074,25.089,24.991,24.969,24.961,24.923,24.999,25.052,25.104,25.089,25.014,24.553,24.545,24.424,24.295,24.28,24.128,24.052,23.976,23.899,23.899,23.899,23.892,23.922,23.93,23.938,23.93,23.877,23.785,23.709,23.625,23.541,23.556,23.433,23.426,23.341,23.296,23.272,23.18,23.127,23.081,23.027,23.065,23.019,22.988,22.965,22.904,22.858,22.819,22.788,22.727,22.688,22.657,22.649,22.696,22.711,22.742,22.773,23.111,23.594,26.116,27.745,27.701,26.719,24.515,23.793,23.625,23.571,23.564,23.564,23.571,23.579,23.564,23.609,23.602,23.586,23.609,23.594,23.556,23.533,23.518,23.502,23.495,23.495,23.449,23.418,23.403,23.326,23.311,23.226,23.18,23.104,23.104,23.104,23.065,23.065,23.096,23.127,23.173,23.196,23.272,23.303,23.548,23.716,23.915,24.204,24.28,24.325,24.462,24.598,24.689,24.704,24.727,24.682,24.621,24.621,24.606,24.545,24.53,24.538,24.507,24.447,24.341,24.31,24.265,24.28,24.249,24.287,24.31,24.303,24.333,24.333,24.295,24.272,24.28,24.265,24.325,24.348,24.356,24.371,24.356,24.356,24.325,24.287,24.219,24.143,24.12,24.082,24.014,23.968,23.854,23.793,23.701,23.64,23.556,23.602,23.648,23.77,23.8,23.998,24.052,24.037,24.075,24.075,24.044,24.029,23.976,23.968,23.938,23.907,23.953,24.037,24.075,24.158,24.158,24.204,24.242,24.28,24.287,24.287,24.318,24.303,24.303,24.272,24.265,24.28,24.257,24.242,24.128,24.09,24.067,23.968,23.922,23.861,23.831,23.755,23.609,23.487,23.41,23.334,23.265,23.226,23.157,23.111,23.081,23.058,23.058,23.065,23.088,23.127,23.219,23.265,23.326,23.364,23.449,23.594,23.808,23.846,24.014,24.105,24.173,24.227,24.249,24.234,24.227,24.189,24.151,24.105,24.075,24.044,24.006,23.96,23.915,23.785,23.693,23.602,23.564,23.426,23.311,22.927,22.865,22.734,22.649,22.595,22.534,22.418,22.41,22.387,22.387,22.564,24.757,24.825,24.84,24.833,24.855,24.855,24.871,24.84,24.795,24.765,24.591,24.576,24.416,24.325,24.242,24.219,24.082,23.991,23.945,23.938,23.884,23.831,23.808,23.846,23.77,23.732,23.739,23.701,23.678,23.724,23.686,23.64,23.64,23.594,23.579,23.586,23.495,23.456,23.364,23.357,23.257,23.196,23.157,23.034,22.996,22.934,22.865,22.811,22.811,22.819,22.811,22.827,22.896,22.934,23.027,23.142,23.296,23.533,23.899,24.432,24.704,25.285,25.398,25.525,25.57,25.615,25.585,25.6,25.548,25.533,25.495,25.45,25.42,25.39,25.338,25.33,25.292,25.285,25.262,25.255,25.21,25.074,24.727,24.272,24.12,23.8,23.456,23.41,23.372,23.303,23.334,23.265,23.203,23.142,23.165,23.142,23.157,23.15,23.311,23.472,23.594,23.968,24.31,24.613,24.803,24.81,24.991,25.021,25.029,24.999,25.006,24.84,24.735,24.629,24.318,24.082,23.785,23.548,23.28,23.303,23.188,23.38,24.538,25.6,25.66,25.623,25.6,25.555,25.473,25.247,25.172,25.059,24.916,24.871,24.78,24.651,24.636,24.507,24.432,24.341,24.333,24.151,24.12,24.021,23.892,23.831,23.732,23.732,23.747,23.755,23.816,23.823,23.869,23.877,23.861,23.831,23.854,23.709,23.632,23.548,23.449,23.38,23.15,23.034,22.904,22.873,22.642,22.68,22.626,22.773,23.96,24.53,24.523,24.583,24.591,24.772,24.871,24.946,24.916,24.954,24.938,24.961,24.984,25.089,25.21,25.262,25.548,25.525,25.608,25.488,25.443,25.413,25.33,24.81,24.674,24.47,24.31,23.922,23.64,23.525,23.495,23.372,23.334,23.395,23.341,23.272,23.242,23.226,23.196,23.211,23.234,23.249,23.219,23.188,23.173,23.203,22.711,22.688,22.611,22.603,22.595,22.549,22.526,22.51,22.487,22.487,22.479,22.464,22.425,22.425,22.418,22.402,22.41,22.433,22.387,22.394,22.402,22.402,22.402,22.402,22.394,22.387,22.394,22.394,22.356,22.394,22.363,22.356,22.425,22.402,22.379,22.379,22.34
,22.046,21.976,21.984,22.03,22.03,22.022,22.015,22.007,21.976,22.015,21.999,22.038,22.007,22.015,22.022,22.053,22.046,22.077,22.084,22.061,22.084,22.061,22.046,22.069,22.092,22.077,22.131,22.1,22.084,22.092,22.092,22.084,22.1,22.092,22.123,22.139,22.116,22.131,22.131,22.116,22.131,22.1,22.147,22.154,22.154,22.162,22.162,22.193,22.193,22.193,22.224,22.216,22.224,22.379,22.394,22.472,22.534,22.626,22.665,22.727,22.765,22.804,22.85,22.919,22.973,23.042,23.111,23.142,23.142,23.173,23.357,23.433,23.518,23.556,23.64,24.075,24.629,24.78,24.818,24.84,24.886,24.923,25.119,25.323,25.413,25.72,25.9,25.982,26.042,26.064,26.049,25.735,25.202,23.609,22.649,22.626,22.564,22.564,22.619,22.75,22.927,23.296,24.158,24.249,24.591,24.787,25.067,25.217,25.443,25.525,25.623,25.66,25.698,25.735,25.758,25.743,25.72,25.578,25.518,25.42,25.285,25.27,25.21,25.157,25.119,25.036,25.014,25.021,24.984,25.052,25.104,25.127,25.165,25.195,25.142,25.089,25.052,25.014,25.006,24.961,24.961,24.938,24.946,25.067,25.059,25.112,25.074,24.901,24.553,24.492,24.401,24.295,24.211,24.135,24.052,24.006,23.945,23.877,23.884,23.892,23.899,23.915,23.907,23.892,23.846,23.755,23.686,23.648,23.518,23.502,23.372,23.357,23.357,23.203,23.196,23.134,23.104,23.073,23.05,23.034,23.004,22.965,22.927,22.896,22.85,22.827,22.75,22.719,22.68,22.657,22.657,22.665,22.711,22.75,22.842,23.088,24.021,26.689,27.76,27.664,26.726,24.507,23.732,23.609,23.518,23.64,23.564,23.564,23.564,23.548,23.541,23.625,23.571,23.586,23.571,23.548,23.518,23.51,23.487,23.472,23.456,23.456,23.433,23.38,23.349,23.334,23.111,23.142,23.111,23.111,23.096,23.073,23.081,23.104,23.119,23.142,23.203,23.265,23.334,23.449,23.701,23.831,24.097,24.318,24.341,24.47,24.606,24.591,24.651,24.674,24.659,24.583,24.613,24.56,24.553,24.56,24.53,24.485,24.462,24.386,24.265,24.219,24.219,24.249,24.272,24.287,24.341,24.318,24.325,24.295,24.28,24.28,24.31,24.325,24.295,24.371,24.379,24.371,24.348,24.348,24.287,24.265,24.151,24.097,24.067,24.044,23.968,23.892,23.861,23.739,23.602,23.579,23.579,23.678,23.747,23.884,23.938,24.052,24.067,24.082,24.059,24.075,24.029,23.991,23.983,23.938,23.976,23.976,24.029,24.113,24.151,24.181,24.242,24.242,24.272,24.295,24.287,24.272,24.295,24.257,24.249,24.257,24.242,24.234,24.196,24.151,24.037,23.968,23.907,23.892,23.816,23.808,23.617,23.586,23.472,23.403,23.326,23.249,23.173,23.111,23.065,23.058,23.058,23.042,23.081,23.096,23.119,23.142,23.234,23.28,23.395,23.564,23.671,23.755,23.899,23.96,24.067,24.181,24.227,24.234,24.242,24.249,24.181,24.158,24.09,24.067,24.029,23.998,23.96,23.93,23.816,23.693,23.571,23.495,23.349,23.257,23.019,22.819,22.68,22.611,22.588,22.495,22.433,22.425,22.41,22.441,22.526,24.682,24.878,24.825,24.893,24.893,24.931,24.984,24.954,24.81,24.81,24.712,24.666,24.515,24.394,24.333,24.265,24.12,24.021,24.029,23.96,23.976,23.899,23.938,23.884,23.861,23.755,23.755,23.678,23.693,23.701,23.716,23.693,23.693,23.609,23.594,23.548,23.51,23.479,23.403,23.319,23.257,23.219,23.104,23.05,23.065,22.927,22.904,22.858,22.834,22.811,22.834,22.881,22.904,22.927,22.973,23.096,23.525,23.617,23.816,24.158,24.742,25.225,25.428,25.503,25.578,25.615,25.615,25.593,25.578,25.548,25.503,25.465,25.39,25.375,25.353,25.315,25.27,25.247,25.24,25.195,25.18,25.052,24.727,24.538,24.044,23.793,23.617,23.387,23.303,23.311,23.272,23.196,23.18,23.119,23.119,23.119,23.142,23.157,23.272,23.479,23.701,23.991,24.219,24.545,24.803,24.969,24.999,24.991,25.014,25.036,24.976,24.886,24.697,24.485,24.166,24.075,23.609,23.533,23.272,23.203,23.134,23.502,25.074,25.593,25.653,25.66,25.57,25.48,25.405,25.195,25.074,25.089,24.961,24.833,24.727,24.651,24.545,24.462,24.371,24.295,24.28,24.135,24.105,24.006,23.816,23.755,23.747,23.716,23.701,23.693,23.739,23.808,23.831,23.846,23.846,23.846,23.755,23.724,23.625,23.487,23.357,23.173,23.027,22.95,22.873,22.819,22.742,22.657,22.696,22.742,23.747,24.507,24.576,24.629,24.651,24.742,24.81,24.878,24.938,24.938,24.969,25.006,25.157,25.225,25.202,25.555,25.608,25.615,25.465,25.54,25.51,25.315,25.27,24.916,24.53,24.401,24.105,24.014,23.793,23.395,23.441,23.296,23.272,23.372,23.28,23.272,23.249,23.203,23.188,23.18,23.188,23.196,23.188,23.15,23.104,22.981,22.834,22.711,22.626,22.603,22.564,22.534,22.495,22.51,22.518,22.503,22.456,22.472,22.41,22.418,22.41,22.402,22.425,22.387,22.402,22.41,22.394,22.379,22.394,22.387,22.387,22.379,22.394,22.394,22.41,22.34,22.356,22.371,22.356,22.402,22.394,22.379,22.394
,22.038,22.03,22.046,22.03,22.015,22.015,21.991,21.999,21.999,21.96,22.022,22.038,22.022,22.038,22.022,22.022,22.069,22.069,22.077,22.077,22.084,22.1,22.061,22.1,22.084,22.084,22.084,22.131,22.131,22.1,22.092,22.084,22.1,22.1,22.123,22.131,22.123,22.131,22.123,22.116,22.069,22.131,22.154,22.131,22.154,22.154,22.154,22.193,22.178,22.178,22.108,22.247,22.317,22.394,22.441,22.472,22.557,22.711,22.68,22.734,22.78,22.819,22.858,22.911,23.05,23.088,23.104,23.165,23.196,23.319,23.349,23.464,23.541,23.602,23.877,24.386,24.606,24.757,24.863,24.931,24.908,24.999,25.165,25.368,25.63,25.713,25.832,25.922,26.019,26.064,26.072,25.705,24.606,22.911,22.696,22.564,22.58,22.603,22.649,22.619,23.234,23.846,24.143,24.538,24.689,25.021,25.345,25.398,25.51,25.555,25.608,25.66,25.705,25.735,25.713,25.713,25.72,25.518,25.495,25.292,25.18,25.232,25.149,24.976,24.984,24.946,24.954,24.961,24.984,25.014,25.089,25.104,25.127,25.134,25.119,25.021,25.006,24.976,24.976,24.954,24.916,24.923,24.946,25.082,25.097,25.18,25.089,24.991,24.787,24.568,24.348,24.303,24.257,24.128,24.044,24.037,23.915,23.877,23.854,23.869,23.854,23.892,23.877,23.869,23.823,23.747,23.655,23.518,23.556,23.395,23.372,23.334,23.288,23.249,23.219,23.15,23.104,23.065,23.034,23.019,22.958,22.934,22.904,22.858,22.827,22.765,22.734,22.719,22.665,22.657,22.665,22.68,22.804,22.734,22.934,23.081,24.196,27.266,27.752,27.716,26.86,24.53,23.686,23.617,23.579,23.495,23.556,23.525,23.548,23.571,23.586,23.564,23.571,23.541,23.479,23.541,23.518,23.495,23.472,23.472,23.472,23.433,23.433,23.403,23.319,23.319,23.219,23.188,23.111,23.104,23.096,23.081,23.088,23.088,23.134,23.173,23.211,23.265,23.349,23.441,23.724,23.838,24.097,24.249,24.409,24.523,24.591,24.644,24.719,24.697,24.636,24.583,24.583,24.591,24.591,24.56,24.538,24.523,24.401,24.28,24.219,24.189,24.219,24.227,24.234,24.287,24.325,24.295,24.325,24.287,24.318,24.303,24.31,24.348,24.363,24.379,24.386,24.379,24.371,24.333,24.257,24.219,24.166,24.12,24.09,24.067,24.067,23.93,23.915,23.823,23.632,23.609,23.586,23.655,23.732,23.785,23.983,24.029,24.067,24.052,24.059,24.052,24.075,24.037,24.029,23.983,23.93,24.029,23.991,24.105,24.196,24.242,24.257,24.265,24.287,24.295,24.272,24.295,24.287,24.249,24.219,24.211,24.219,24.204,24.173,24.158,23.983,23.968,23.915,23.816,23.808,23.747,23.648,23.518,23.441,23.357,23.265,23.196,23.142,23.088,23.065,23.05,23.05,23.034,23.088,23.119,23.173,23.18,23.203,23.357,23.41,23.525,23.655,23.831,23.861,23.991,24.075,24.128,24.196,24.227,24.227,24.234,24.196,24.196,24.105,24.059,24.037,24.006,23.96,23.838,23.823,23.755,23.579,23.464,23.349,23.387,23.073,22.804,22.673,22.58,22.557,22.472,22.449,22.425,22.402,22.425,22.873,24.697,24.825,24.863,24.931,24.931,24.946,24.946,24.976,24.878,24.803,24.697,24.576,24.538,24.462,24.394,24.242,24.189,24.151,24.082,24.052,24.029,23.983,23.976,23.96,23.907,23.793,23.846,23.77,23.732,23.747,23.709,23.709,23.724,23.678,23.586,23.579,23.533,23.487,23.41,23.28,23.234,23.211,23.165,23.104,23.042,22.996,22.881,22.896,22.858,22.819,22.842,22.858,22.873,22.942,23.027,23.188,23.319,23.716,23.762,24.379,24.674,25.119,25.443,25.555,25.578,25.6,25.623,25.615,25.593,25.54,25.533,25.45,25.428,25.368,25.338,25.315,25.27,25.24,25.225,25.202,25.165,25.119,24.818,24.598,24.044,23.968,23.594,23.395,23.334,23.326,23.226,23.211,23.15,23.111,23.104,23.096,23.142,23.173,23.311,23.479,23.663,23.854,24.204,24.644,24.803,24.923,25.006,25.036,25.029,25.006,24.954,24.893,24.538,24.424,24.341,24.037,23.609,23.387,23.303,23.226,23.173,23.716,25.42,25.593,25.675,25.66,25.563,25.428,25.36,25.195,25.104,24.961,24.848,24.855,24.682,24.545,24.477,24.394,24.379,24.295,24.204,24.09,24.037,23.976,23.915,23.793,23.755,23.693,23.686,23.678,23.724,23.777,23.808,23.854,23.861,23.823,23.816,23.739,23.64,23.449,23.326,23.211,23.157,22.981,22.85,22.811,22.711,22.634,22.688,22.811,24.181,24.613,24.644,24.666,24.772,24.803,24.886,24.946,24.961,25.021,25.029,25.21,25.172,25.345,25.383,25.503,25.615,25.645,25.6,25.525,25.338,25.39,25.157,24.984,24.682,24.371,24.204,23.991,23.899,23.533,23.334,23.364,23.219,23.288,23.226,23.272,23.219,23.188,23.173,23.173,23.173,23.173,23.142,23.142,23.127,22.911,22.85,22.796,22.665,22.626,22.564,22.557,22.534,22.518,22.518,22.487,22.503,22.472,22.479,22.418,22.379,22.41,22.433,22.449,22.418,22.394,22.371,22.41,22.394,22.387,22.418,22.418,22.379,22.387,22.348,22.363,22.363,22.379,22.379,22.387,22.41,22.425,22.371
,22.03,22.015,22.022,22.046,22.03,22.022,21.984,21.999,22.007,21.999,22.007,22.015,22.022,22.007,22.038,22.061,22.069,22.069,22.069,22.053,22.092,22.092,22.084,22.061,22.092,22.084,22.116,22.092,22.1,22.108,22.108,22.077,22.077,22.1,22.116,22.147,22.123,22.131,22.123,22.131,22.108,22.092,22.147,22.131,22.154,22.147,22.147,22.147,22.131,22.17,22.17,22.224,22.309,22.418,22.479,22.549,22.572,22.665,22.711,22.742,22.873,22.858,22.934,22.988,23.042,23.081,23.157,23.196,23.265,23.288,23.426,23.433,23.479,23.609,23.953,24.386,24.697,24.712,24.848,24.871,24.863,25.021,25.187,25.435,25.615,25.705,25.803,25.975,26.019,26.012,26.027,25.713,23.945,22.811,22.58,22.595,22.557,22.611,22.634,22.942,23.341,24.173,24.538,24.787,25.172,25.24,25.338,25.443,25.51,25.585,25.638,25.668,25.683,25.705,25.683,25.623,25.615,25.525,25.285,25.315,25.24,25.112,25.082,24.954,25.006,24.878,24.886,24.916,24.976,25.021,25.059,25.059,25.097,25.089,25.021,24.954,24.938,24.954,24.923,24.931,24.923,24.931,25.006,25.149,25.142,25.18,25.142,24.886,24.583,24.485,24.348,24.341,24.204,24.12,24.059,24.006,23.869,23.831,23.854,23.823,23.831,23.877,23.861,23.846,23.777,23.678,23.655,23.609,23.518,23.387,23.326,23.319,23.234,23.219,23.165,23.157,23.104,23.05,23.027,23.004,22.958,22.911,22.888,22.819,22.788,22.727,22.711,22.696,22.673,22.642,22.657,22.673,22.788,22.811,22.996,23.257,24.409,27.495,27.752,27.723,26.889,24.515,23.755,23.64,23.548,23.518,23.548,23.525,23.533,23.541,23.556,23.571,23.571,23.564,23.533,23.51,23.518,23.495,23.495,23.51,23.464,23.418,23.433,23.319,23.311,23.296,23.288,23.196,23.134,23.111,23.104,23.088,23.096,23.081,23.119,23.15,23.196,23.265,23.334,23.487,23.785,23.945,24.12,24.272,24.394,24.485,24.576,24.629,24.719,24.613,24.621,24.613,24.598,24.606,24.591,24.583,24.576,24.454,24.432,24.249,24.219,24.204,24.181,24.227,24.265,24.31,24.303,24.341,24.318,24.333,24.325,24.31,24.325,24.318,24.371,24.371,24.386,24.386,24.363,24.356,24.28,24.227,24.143,24.12,24.105,24.082,24.029,24.014,23.998,23.77,23.671,23.648,23.617,23.663,23.701,23.785,23.968,24.021,24.037,24.059,24.09,24.097,24.09,24.067,24.021,24.006,23.991,24.059,24.09,24.151,24.189,24.249,24.257,24.28,24.303,24.28,24.287,24.265,24.272,24.204,24.211,24.204,24.181,24.166,24.158,24.097,24.044,23.976,23.907,23.816,23.747,23.716,23.564,23.464,23.441,23.418,23.196,23.096,23.104,23.058,23.034,23.034,23.058,23.065,23.104,23.111,23.173,23.15,23.226,23.265,23.426,23.472,23.609,23.846,23.8,23.998,24.113,24.135,24.189,24.219,24.234,24.227,24.204,24.166,24.113,24.052,24.037,24.014,23.907,23.899,23.77,23.739,23.571,23.403,23.349,23.104,22.981,22.804,22.796,22.588,22.534,22.518,22.433,22.425,22.441,22.433,22.788,24.606,24.969,24.991,24.991,25.014,25.036,24.961,25.021,24.893,24.787,24.757,24.666,24.545,24.432,24.356,24.31,24.219,24.158,24.135,24.12,24.12,24.052,24.021,23.983,23.953,23.976,23.892,23.861,23.793,23.755,23.739,23.716,23.693,23.671,23.602,23.564,23.533,23.495,23.426,23.288,23.249,23.203,23.15,23.065,23.027,23.073,22.934,22.927,22.873,22.842,22.842,22.865,22.896,22.927,23.042,23.288,23.418,23.625,23.892,24.341,24.659,25.127,25.398,25.533,25.548,25.63,25.623,25.645,25.608,25.57,25.525,25.48,25.495,25.42,25.368,25.315,25.277,25.232,25.202,25.187,25.172,25.067,24.787,24.666,24.075,23.831,23.525,23.387,23.341,23.234,23.211,23.173,23.142,23.111,23.104,23.104,23.157,23.134,23.249,23.525,23.518,23.884,24.211,24.659,24.735,24.908,24.984,24.991,25.029,24.999,24.893,24.659,24.515,24.416,24.189,23.991,23.472,23.357,23.364,23.226,23.188,23.64,25.54,25.638,25.623,25.63,25.578,25.383,25.292,25.187,25.059,24.991,24.901,24.81,24.666,24.523,24.401,24.356,24.31,24.242,24.181,24.105,24.052,24.006,23.884,23.838,23.747,23.732,23.671,23.648,23.693,23.8,23.838,23.831,23.907,23.816,23.777,23.709,23.556,23.51,23.303,23.05,23.081,22.958,22.865,22.804,22.727,22.657,22.719,22.827,24.401,24.583,24.659,24.674,24.735,24.938,24.908,24.976,24.991,25.014,25.104,25.157,25.27,25.308,25.33,25.518,25.675,25.66,25.645,25.563,25.503,25.39,25.036,24.893,24.666,24.454,24.265,24.014,23.655,23.556,23.265,23.234,23.242,23.249,23.226,23.242,23.211,23.196,23.165,23.165,23.157,23.15,23.142,23.134,23.111,23.034,23.073,22.75,22.649,22.626,22.572,22.557,22.534,22.526,22.51,22.487,22.487,22.472,22.456,22.479,22.441,22.433,22.441,22.433,22.41,22.425,22.379,22.41,22.394,22.41,22.363,22.41,22.394,22.394,22.387,22.387,22.379,22.348,22.433,22.387,22.387,22.472,22.472
,22.038,22.038,21.999,21.991,21.999,22.015,22.007,21.984,21.976,22.015,21.999,21.999,22.007,21.984,21.999,22.015,22.069,22.069,22.069,22.077,22.061,22.061,22.061,22.084,22.069,22.092,22.092,22.092,22.092,22.116,22.092,22.077,22.069,22.069,22.108,22.123,22.1,22.139,22.108,22.139,22.139,22.147,22.154,22.154,22.147,22.147,22.162,22.131,22.108,22.131,22.17,22.224,22.302,22.371,22.51,22.611,22.603,22.711,22.727,22.796,22.811,22.896,22.919,22.965,23.011,23.05,23.15,23.196,23.242,23.357,23.403,23.464,23.564,23.686,24.09,24.613,24.629,24.735,24.863,24.855,24.938,24.961,25.082,25.33,25.6,25.713,25.93,25.93,25.989,26.012,26.064,25.967,23.724,22.719,22.649,22.619,22.588,22.619,22.703,23.226,23.907,24.409,24.78,25.119,25.247,25.36,25.435,25.443,25.608,25.608,25.66,25.653,25.653,25.66,25.615,25.63,25.518,25.315,25.277,25.277,25.104,25.029,24.999,24.916,24.938,24.871,24.863,24.901,24.931,24.969,25.014,25.029,25.029,24.984,24.946,24.946,24.923,24.916,24.901,24.908,24.923,24.984,25.089,25.18,25.157,25.232,25.097,24.863,24.606,24.492,24.462,24.401,24.181,24.09,24.006,23.907,23.854,23.808,23.816,23.808,23.785,23.823,23.846,23.762,23.716,23.755,23.686,23.472,23.395,23.357,23.303,23.296,23.242,23.18,23.188,23.18,23.088,23.05,23.004,22.95,22.942,22.873,22.896,22.811,22.765,22.727,22.688,22.673,22.649,22.649,22.642,22.665,22.773,22.904,22.919,23.257,25.097,27.627,27.679,27.671,26.57,24.432,23.739,23.579,23.472,23.518,23.51,23.525,23.51,23.533,23.541,23.586,23.579,23.548,23.502,23.525,23.487,23.479,23.487,23.472,23.441,23.418,23.387,23.303,23.319,23.296,23.203,23.219,23.15,23.127,23.104,23.096,23.088,23.065,23.104,23.096,23.165,23.249,23.364,23.433,23.693,23.831,23.983,24.295,24.401,24.409,24.538,24.553,24.621,24.606,24.598,24.598,24.606,24.621,24.606,24.591,24.583,24.538,24.401,24.249,24.181,24.173,24.166,24.219,24.242,24.295,24.31,24.325,24.333,24.356,24.341,24.333,24.341,24.356,24.356,24.371,24.386,24.371,24.371,24.325,24.265,24.211,24.151,24.143,24.105,24.09,24.059,23.983,23.96,23.884,23.617,23.564,23.602,23.625,23.671,23.762,23.899,23.983,24.059,24.082,24.082,24.097,24.105,24.097,24.075,24.052,24.029,24.052,24.09,24.173,24.249,24.257,24.272,24.295,24.28,24.272,24.265,24.28,24.227,24.173,24.135,24.151,24.12,24.128,24.09,24.052,24.014,23.96,23.854,23.831,23.671,23.602,23.525,23.41,23.334,23.319,23.188,23.119,23.034,23.027,23.019,23.027,23.027,22.981,23.081,23.088,23.096,23.127,23.188,23.219,23.303,23.449,23.586,23.755,23.8,23.96,24.082,24.181,24.173,24.219,24.227,24.234,24.189,24.181,24.113,24.082,23.991,23.96,23.899,23.854,23.762,23.609,23.518,23.456,23.219,23.219,22.834,22.85,22.703,22.58,22.51,22.518,22.456,22.418,22.441,22.433,22.973,24.56,25.029,24.991,25.029,25.029,25.036,25.014,24.931,24.848,24.803,24.712,24.689,24.576,24.492,24.401,24.234,24.196,24.211,24.166,24.158,24.151,24.135,24.052,24.037,24.006,23.968,23.915,23.861,23.838,23.808,23.793,23.755,23.739,23.671,23.579,23.548,23.556,23.449,23.387,23.288,23.257,23.188,23.157,23.058,23.042,23.05,22.942,22.919,22.873,22.865,22.85,22.858,22.85,22.911,23.081,23.311,23.449,23.479,23.861,24.219,24.56,24.886,25.285,25.488,25.593,25.585,25.668,25.645,25.668,25.593,25.495,25.495,25.428,25.368,25.33,25.3,25.255,25.24,25.187,25.157,25.104,25.036,24.999,24.682,24.272,23.861,23.487,23.319,23.272,23.242,23.188,23.134,23.111,23.088,23.104,23.104,23.134,23.157,23.296,23.464,23.732,24.037,24.325,24.674,24.795,24.855,24.938,24.991,24.999,24.976,24.916,24.697,24.606,24.318,24.128,23.854,23.51,23.41,23.288,23.28,23.334,24.507,25.608,25.63,25.578,25.563,25.533,25.45,25.247,25.202,24.976,24.961,24.787,24.674,24.591,24.341,24.333,24.318,24.272,24.166,24.113,24.082,24.059,24.029,23.869,23.884,23.709,23.693,23.663,23.663,23.686,23.755,23.823,23.861,23.869,23.877,23.77,23.777,23.564,23.418,23.226,23.226,22.981,22.888,22.819,22.788,22.719,22.688,22.719,22.827,24.371,24.538,24.719,24.719,24.825,24.886,24.916,25.029,25.021,25.142,25.149,25.24,25.262,25.338,25.443,25.615,25.698,25.645,25.623,25.473,25.458,25.36,25.157,24.863,24.727,24.401,24.295,23.976,23.663,23.449,23.257,23.272,23.196,23.203,23.219,23.219,23.188,23.188,23.165,23.127,23.15,23.134,23.096,23.119,23.104,23.104,23.058,22.865,22.765,22.634,22.595,22.58,22.518,22.526,22.495,22.479,22.487,22.479,22.449,22.433,22.433,22.425,22.433,22.425,22.449,22.317,22.402,22.418,22.363,22.387,22.348,22.356,22.394,22.379,22.41,22.402,22.379,22.402,22.418,22.371,22.418,22.472,22.433
,22.038,22.022,22.022,22.038,22.022,22.015,22.015,21.984,22.03,22.038,21.999,21.999,22.007,22.015,22.03,22.03,22.053,22.061,22.046,22.046,22.053,22.046,22.053,22.084,22.069,22.077,22.108,22.131,22.123,22.092,22.061,22.1,22.092,22.1,22.1,22.123,22.116,22.123,22.123,22.131,22.154,22.147,22.147,22.162,22.162,22.154,22.154,22.147,22.139,22.147,22.178,22.294,22.317,22.394,22.51,22.572,22.611,22.734,22.703,22.757,22.819,22.858,22.934,23.004,23.042,23.134,23.142,23.257,23.303,23.372,23.479,23.472,23.533,23.8,24.181,24.576,24.682,24.757,24.848,24.886,24.931,25.006,25.119,25.383,25.653,25.593,25.862,25.922,26.004,26.012,25.989,25.653,23.319,22.696,22.619,22.603,22.642,22.665,22.719,23.15,24.12,24.818,25.089,25.195,25.458,25.435,25.57,25.578,25.645,25.66,25.645,25.653,25.638,25.6,25.525,25.525,25.405,25.27,25.24,25.149,25.029,24.938,24.916,24.916,24.84,24.772,24.84,24.871,24.916,24.954,24.984,25.029,24.999,24.991,24.878,24.916,24.893,24.871,24.901,24.908,24.923,25.014,25.119,25.232,25.225,25.262,25.255,24.772,24.545,24.424,24.379,24.341,24.234,24.143,23.922,23.915,23.808,23.77,23.755,23.755,23.762,23.808,23.77,23.762,23.762,23.678,23.64,23.449,23.464,23.357,23.296,23.28,23.203,23.188,23.165,23.081,23.05,23.027,22.988,22.942,22.896,22.834,22.796,22.765,22.742,22.719,22.68,22.657,22.649,22.634,22.665,22.657,22.734,22.842,23.042,24.037,26.012,27.745,27.723,27.598,26.489,24.363,23.701,23.548,23.495,23.479,23.479,23.479,23.518,23.548,23.556,23.571,23.556,23.533,23.564,23.495,23.487,23.495,23.487,23.479,23.433,23.418,23.357,23.341,23.341,23.326,23.265,23.219,23.157,23.127,23.096,23.088,23.096,23.081,23.134,23.081,23.165,23.211,23.38,23.403,23.609,23.899,23.983,24.12,24.356,24.386,24.538,24.576,24.613,24.598,24.598,24.621,24.598,24.613,24.629,24.606,24.56,24.485,24.401,24.272,24.151,24.151,24.158,24.211,24.242,24.28,24.333,24.333,24.348,24.333,24.31,24.325,24.333,24.325,24.341,24.371,24.371,24.386,24.379,24.325,24.287,24.219,24.135,24.143,24.12,24.105,24.097,24.059,23.983,23.831,23.663,23.541,23.556,23.625,23.671,23.747,23.823,24.006,24.029,24.082,24.09,24.113,24.128,24.151,24.128,24.097,24.067,24.097,24.12,24.181,24.211,24.257,24.272,24.28,24.272,24.272,24.28,24.265,24.211,24.166,24.12,24.12,24.097,24.09,24.067,24.014,24.006,23.945,23.831,23.747,23.739,23.678,23.456,23.364,23.41,23.226,23.157,23.065,23.011,22.988,22.996,22.988,23.019,23.042,23.065,23.034,23.119,23.088,23.165,23.296,23.372,23.456,23.617,23.732,23.846,24.014,24.128,24.143,24.196,24.204,24.211,24.234,24.227,24.166,24.113,24.082,24.037,23.938,23.915,23.899,23.838,23.571,23.533,23.426,23.334,23.142,23.034,22.773,22.734,22.588,22.549,22.526,22.472,22.41,22.41,22.433,22.688,24.666,24.923,25.059,25.036,25.052,25.029,24.984,24.946,24.893,24.871,24.772,24.75,24.553,24.5,24.394,24.318,24.303,24.211,24.196,24.249,24.211,24.143,24.12,24.09,24.075,23.998,23.96,23.907,23.892,23.823,23.816,23.777,23.693,23.655,23.655,23.617,23.525,23.525,23.41,23.303,23.288,23.203,23.127,23.081,23.081,23.042,22.988,22.927,22.911,22.85,22.858,22.858,22.896,22.927,23.058,23.211,23.441,23.648,23.899,24.28,24.53,24.871,25.24,25.428,25.57,25.615,25.653,25.653,25.653,25.593,25.548,25.458,25.473,25.555,25.39,25.308,25.247,25.225,25.172,25.082,25.044,24.938,24.969,24.613,24.363,23.983,23.602,23.632,23.28,23.196,23.196,23.134,23.096,23.088,23.081,23.096,23.188,23.15,23.265,23.418,23.777,23.877,24.333,24.576,24.719,24.825,24.961,24.991,25.006,24.976,24.916,24.795,24.432,24.409,23.854,23.793,23.41,23.326,23.249,23.226,23.395,24.583,25.645,25.653,25.615,25.488,25.533,25.57,25.217,25.142,25.059,24.833,24.825,24.697,24.401,24.348,24.341,24.287,24.196,24.166,24.082,24.052,24.014,23.915,23.945,23.793,23.709,23.663,23.602,23.678,23.686,23.709,23.785,23.861,23.831,23.816,23.762,23.663,23.632,23.326,23.203,23.127,22.958,22.873,22.804,22.765,22.727,22.703,22.719,22.965,24.477,24.636,24.689,24.765,24.878,24.961,24.969,24.976,25.052,25.142,25.232,25.323,25.323,25.36,25.555,25.668,25.69,25.72,25.66,25.623,25.473,25.458,25.368,25.119,24.651,24.356,24.341,23.785,23.663,23.518,23.349,23.211,23.196,23.18,23.203,23.203,23.188,23.173,23.15,23.111,23.104,23.096,23.081,23.104,23.104,23.073,23.081,22.996,22.827,22.657,22.626,22.557,22.526,22.51,22.503,22.472,22.487,22.464,22.464,22.449,22.441,22.449,22.441,22.456,22.449,22.418,22.41,22.363,22.34,22.41,22.348,22.379,22.394,22.379,22.394,22.418,22.394,22.379,22.41,22.387,22.41,22.433,22.402
,22.015,21.999,21.999,22.007,21.976,21.976,21.991,21.96,21.952,22.007,22.038,21.984,21.976,22.015,22.03,22.022,22.015,22.015,22.015,22.007,22.022,22.053,22.03,22.053,22.061,22.1,22.108,22.1,22.1,22.084,22.108,22.084,22.069,22.077,22.1,22.116,22.123,22.123,22.139,22.123,22.154,22.162,22.154,22.162,22.147,22.131,22.123,22.139,22.139,22.154,22.216,22.24,22.317,22.433,22.464,22.595,22.634,22.688,22.765,22.804,22.896,22.911,22.965,23.011,23.042,23.104,23.196,23.257,23.319,23.395,23.418,23.495,23.716,23.8,24.303,24.644,24.682,24.787,24.803,24.886,24.961,25.006,25.157,25.285,25.548,25.765,25.832,25.945,25.945,25.975,25.892,25.383,22.996,22.634,22.634,22.603,22.626,22.696,22.827,23.678,24.606,24.999,25.217,25.353,25.443,25.488,25.578,25.653,25.653,25.66,25.638,25.63,25.578,25.585,25.51,25.428,25.27,25.165,25.067,25.059,24.954,24.901,24.923,24.84,24.742,24.765,24.818,24.833,24.886,24.908,24.961,24.931,24.931,24.878,24.84,24.871,24.833,24.871,24.908,24.938,25.036,25.119,25.202,25.247,25.262,25.225,25.27,24.735,24.613,24.462,24.363,24.379,24.204,24.044,23.922,23.884,23.785,23.762,23.693,23.77,23.724,23.739,23.724,23.701,23.678,23.609,23.495,23.456,23.403,23.357,23.288,23.226,23.188,23.157,23.142,23.058,23.011,22.973,22.95,22.942,22.911,22.842,22.796,22.757,22.727,22.711,22.665,22.626,22.595,22.603,22.595,22.665,22.734,22.804,22.973,23.922,26.131,27.708,27.716,27.686,26.481,24.325,23.701,23.579,23.479,23.472,23.464,23.479,23.495,23.495,23.533,23.51,23.541,23.51,23.51,23.495,23.487,23.479,23.479,23.456,23.418,23.395,23.364,23.326,23.311,23.288,23.234,23.219,23.157,23.134,23.104,23.081,23.073,23.065,23.065,23.088,23.157,23.234,23.303,23.441,23.671,23.808,24.044,24.234,24.363,24.424,24.523,24.538,24.553,24.576,24.56,24.576,24.598,24.651,24.621,24.629,24.598,24.553,24.28,24.219,24.135,24.158,24.181,24.204,24.257,24.287,24.287,24.303,24.303,24.325,24.325,24.325,24.333,24.325,24.348,24.348,24.394,24.394,24.371,24.348,24.295,24.181,24.173,24.181,24.128,24.128,24.09,24.059,24.021,23.854,23.609,23.541,23.579,23.571,23.686,23.716,23.884,23.953,24.044,24.082,24.105,24.135,24.135,24.128,24.143,24.09,24.097,24.075,24.143,24.204,24.227,24.242,24.249,24.28,24.272,24.234,24.219,24.211,24.189,24.113,24.097,24.082,24.067,24.044,24.021,24.029,23.907,23.861,23.739,23.701,23.64,23.472,23.418,23.326,23.257,23.196,23.019,23.011,23.019,22.965,22.919,22.973,22.95,22.973,23.004,22.996,23.05,23.088,23.119,23.265,23.296,23.395,23.464,23.693,23.869,24.037,24.037,24.128,24.166,24.196,24.211,24.242,24.211,24.173,24.128,24.09,24.006,23.945,23.838,23.877,23.8,23.777,23.479,23.51,23.349,23.119,22.904,22.757,22.626,22.603,22.518,22.503,22.456,22.425,22.41,22.449,22.85,24.492,24.976,25.044,25.044,25.029,25.029,24.999,24.946,24.833,24.825,24.818,24.697,24.659,24.538,24.424,24.303,24.234,24.242,24.219,24.227,24.257,24.257,24.158,24.151,24.105,24.059,24.014,23.953,23.892,23.846,23.8,23.739,23.716,23.663,23.594,23.571,23.571,23.479,23.433,23.372,23.288,23.219,23.188,23.134,23.096,23.05,23.019,22.958,22.904,22.865,22.858,22.873,22.865,22.942,23.019,23.311,23.395,23.525,23.968,24.257,24.447,24.855,25.165,25.488,25.548,25.593,25.668,25.668,25.645,25.593,25.533,25.54,25.48,25.458,25.42,25.27,25.232,25.172,25.134,25.059,25.006,24.908,24.825,24.78,24.409,23.899,23.739,23.41,23.211,23.165,23.081,23.088,23.081,23.058,23.065,23.081,23.134,23.127,23.288,23.403,23.701,23.938,24.12,24.523,24.666,24.901,24.946,24.984,24.969,24.984,24.855,24.659,24.492,24.371,23.831,23.594,23.357,23.288,23.219,23.242,23.357,24.606,25.593,25.638,25.615,25.6,25.405,25.353,25.27,25.014,24.969,24.78,24.659,24.598,24.379,24.341,24.318,24.204,24.189,24.09,24.052,24.021,24.006,23.938,23.976,23.831,23.693,23.625,23.602,23.609,23.739,23.701,23.823,23.831,23.854,23.808,23.739,23.464,23.395,23.242,23.127,23.088,23.011,22.858,22.834,22.673,22.711,22.696,22.719,23.265,24.568,24.666,24.787,24.795,24.855,24.954,24.999,25.036,25.059,25.24,25.277,25.338,25.36,25.443,25.503,25.72,25.735,25.72,25.668,25.653,25.45,25.405,25.18,25.014,24.644,24.341,24.189,24.158,23.548,23.456,23.28,23.165,23.134,23.165,23.196,23.196,23.165,23.142,23.127,23.088,23.073,23.058,23.058,23.065,23.081,23.081,23.05,23.004,22.796,22.765,22.619,22.557,22.526,22.526,22.503,22.495,22.487,22.464,22.464,22.449,22.449,22.441,22.441,22.456,22.433,22.418,22.387,22.348,22.356,22.379,22.348,22.363,22.394,22.394,22.402,22.394,22.425,22.394,22.394,22.402,22.418,22.425,22.425
,22.007,22.007,22.007,21.984,21.976,21.976,21.999,22.007,21.952,22.022,21.968,22.007,22.022,21.984,22.015,22.007,22.061,22.046,22.053,22.007,22.022,22.038,22.038,22.046,22.069,22.084,22.1,22.084,22.123,22.084,22.069,22.077,22.077,22.092,22.116,22.108,22.108,22.1,22.116,22.147,22.131,22.131,22.139,22.147,22.123,22.123,22.131,22.123,22.147,22.193,22.247,22.309,22.302,22.433,22.518,22.588,22.611,22.75,22.757,22.827,22.873,22.927,22.981,23.042,23.073,23.142,23.165,23.303,23.326,23.403,23.464,23.556,23.678,24.09,24.439,24.629,24.697,24.742,24.795,24.81,24.954,24.954,25.217,25.345,25.593,25.51,25.615,25.915,25.922,25.9,25.847,24.908,22.757,22.642,22.68,22.634,22.657,22.673,22.965,24.219,24.78,25.157,25.338,25.638,25.615,25.66,25.743,25.645,25.675,25.653,25.645,25.585,25.57,25.488,25.458,25.277,25.225,25.104,25.074,24.969,24.931,24.878,24.863,24.735,24.787,24.697,24.735,24.833,24.863,24.886,24.908,24.886,24.878,24.863,24.803,24.848,24.863,24.84,24.938,24.961,25.052,25.149,25.21,25.285,25.292,25.308,25.104,24.697,24.485,24.439,24.371,24.325,24.113,24.059,23.938,23.8,23.77,23.755,23.693,23.716,23.716,23.686,23.716,23.693,23.648,23.625,23.495,23.51,23.403,23.326,23.28,23.242,23.234,23.134,23.05,23.034,22.988,22.95,22.942,22.904,22.811,22.78,22.757,22.727,22.727,22.68,22.649,22.611,22.619,22.626,22.673,22.742,22.703,22.865,23.111,24.052,26.637,27.745,27.679,27.451,26.496,24.272,23.609,23.487,23.456,23.487,23.449,23.456,23.487,23.502,23.51,23.495,23.495,23.51,23.472,23.479,23.472,23.479,23.479,23.456,23.441,23.403,23.395,23.341,23.311,23.288,23.288,23.234,23.173,23.119,23.104,23.042,23.058,23.019,23.011,23.042,23.165,23.234,23.311,23.433,23.64,23.739,23.793,24.097,24.166,24.401,24.523,24.545,24.553,24.553,24.568,24.583,24.583,24.613,24.613,24.613,24.591,24.538,24.47,24.211,24.166,24.128,24.135,24.227,24.272,24.265,24.287,24.31,24.318,24.303,24.325,24.333,24.341,24.348,24.348,24.386,24.371,24.379,24.371,24.371,24.303,24.234,24.211,24.219,24.211,24.158,24.12,24.067,24.029,23.938,23.602,23.564,23.556,23.564,23.625,23.663,23.732,23.922,23.976,24.067,24.113,24.143,24.181,24.181,24.158,24.143,24.143,24.158,24.181,24.204,24.234,24.234,24.265,24.249,24.272,24.242,24.234,24.181,24.158,24.075,24.044,24.044,24.037,24.029,23.991,23.991,23.93,23.838,23.739,23.747,23.579,23.472,23.288,23.265,23.203,23.119,23.065,23.019,22.942,22.95,22.927,22.904,22.958,22.942,22.965,22.965,23.027,23.096,23.096,23.211,23.418,23.456,23.602,23.716,23.816,23.922,24.006,24.143,24.151,24.166,24.211,24.227,24.196,24.181,24.12,24.075,24.037,23.945,23.861,23.838,23.785,23.732,23.487,23.387,23.357,23.173,22.896,22.757,22.665,22.588,22.51,22.479,22.441,22.433,22.394,22.425,22.85,24.356,25.014,25.052,25.044,25.029,25.014,24.946,24.923,24.855,24.803,24.78,24.712,24.659,24.629,24.432,24.356,24.303,24.265,24.234,24.287,24.265,24.28,24.257,24.189,24.151,24.09,24.059,23.976,23.93,23.861,23.816,23.755,23.716,23.663,23.663,23.609,23.571,23.449,23.403,23.349,23.334,23.265,23.219,23.127,23.134,23.073,23.042,22.981,22.904,22.881,22.842,22.858,22.911,22.927,23.019,23.28,23.38,23.556,23.846,24.204,24.576,24.735,25.059,25.345,25.525,25.615,25.66,25.675,25.645,25.6,25.555,25.533,25.518,25.42,25.36,25.255,25.247,25.172,25.067,25.052,24.991,24.991,24.954,24.613,24.379,24.135,23.525,23.495,23.18,23.18,23.065,23.088,23.058,23.034,23.058,23.081,23.088,23.134,23.165,23.311,23.732,23.93,24.287,24.553,24.644,24.787,24.901,24.976,24.999,24.938,24.757,24.674,24.553,24.12,24.006,23.8,23.303,23.242,23.211,23.18,23.28,25.345,25.6,25.608,25.593,25.578,25.503,25.315,25.187,24.893,25.021,24.75,24.719,24.629,24.379,24.287,24.211,24.219,24.113,24.12,24.037,23.991,23.93,23.945,23.861,23.724,23.678,23.64,23.632,23.625,23.663,23.724,23.8,23.777,23.861,23.8,23.686,23.64,23.38,23.249,23.142,23.042,22.888,22.811,22.773,22.719,22.673,22.688,22.68,23.134,24.477,24.727,24.772,24.901,24.938,24.976,25.014,25.074,25.097,25.292,25.345,25.353,25.405,25.458,25.63,25.75,25.84,25.743,25.713,25.638,25.525,25.428,25.33,24.674,24.477,24.348,23.968,23.838,23.724,23.395,23.357,23.127,23.058,23.042,23.081,23.15,23.111,23.15,23.119,23.058,23.05,23.034,23.027,23.042,23.042,23.027,23.065,22.919,22.842,22.742,22.75,22.557,22.518,22.51,22.479,22.51,22.503,22.441,22.479,22.456,22.449,22.449,22.449,22.449,22.394,22.387,22.363,22.379,22.348,22.34,22.371,22.379,22.394,22.418,22.402,22.418,22.387,22.425,22.402,22.379,22.41,22.402,22.41
,21.984,22.007,21.999,21.984,21.968,21.991,22.015,21.976,21.968,21.991,21.991,22.007,22.03,22.03,22.022,22.038,22.038,22.007,22.038,22.03,22.007,22.007,22.015,22.038,22.046,22.084,22.1,22.108,22.116,22.123,22.069,22.053,22.116,22.116,22.108,22.092,22.116,22.131,22.123,22.123,22.123,22.123,22.139,22.139,22.123,22.116,22.1,22.116,22.147,22.209,22.263,22.286,22.418,22.441,22.518,22.595,22.673,22.75,22.757,22.827,22.896,22.927,23.004,23.042,23.073,23.173,23.173,23.311,23.357,23.395,23.441,23.648,23.625,24.189,24.523,24.606,24.719,24.772,24.84,24.886,24.976,24.938,25.285,25.45,25.533,25.788,25.84,25.847,25.892,25.855,25.675,24.462,22.804,22.634,22.626,22.611,22.634,22.75,23.548,24.583,25.127,25.428,25.548,25.69,25.758,25.773,25.75,25.705,25.69,25.668,25.6,25.578,25.503,25.39,25.308,25.24,25.172,25.074,24.961,24.908,24.871,24.855,24.765,24.689,24.674,24.682,24.697,24.818,24.848,24.863,24.886,24.878,24.833,24.81,24.803,24.81,24.818,24.848,24.946,25.089,25.112,25.217,25.24,25.277,25.338,25.27,25.202,24.568,24.538,24.477,24.394,24.303,24.135,24.105,23.953,23.793,23.762,23.686,23.686,23.686,23.686,23.701,23.678,23.663,23.625,23.602,23.502,23.441,23.387,23.296,23.288,23.211,23.157,23.157,23.065,23.004,22.95,22.919,22.888,22.804,22.796,22.75,22.734,22.703,22.688,22.665,22.626,22.58,22.588,22.603,22.634,22.688,22.842,23.027,23.088,24.84,27.34,27.679,27.708,27.546,26.422,24.265,23.655,23.479,23.449,23.441,23.426,23.456,23.456,23.464,23.495,23.495,23.472,23.487,23.502,23.502,23.487,23.487,23.456,23.456,23.464,23.38,23.364,23.341,23.303,23.319,23.28,23.226,23.203,23.142,23.088,23.065,23.019,23.027,23.096,23.073,23.142,23.18,23.334,23.464,23.648,23.77,24.021,24.158,24.158,24.333,24.485,24.507,24.538,24.553,24.545,24.568,24.591,24.606,24.621,24.621,24.591,24.545,24.477,24.242,24.189,24.189,24.189,24.219,24.257,24.28,24.303,24.333,24.333,24.318,24.333,24.333,24.348,24.348,24.363,24.379,24.363,24.379,24.386,24.325,24.287,24.265,24.242,24.227,24.181,24.151,24.12,24.059,23.991,23.93,23.564,23.564,23.579,23.602,23.609,23.732,23.655,23.869,24.029,24.052,24.059,24.143,24.181,24.189,24.196,24.196,24.166,24.196,24.181,24.204,24.227,24.234,24.257,24.234,24.234,24.242,24.211,24.189,24.082,24.052,23.998,24.014,23.976,23.991,23.96,23.907,23.869,23.823,23.747,23.625,23.579,23.334,23.364,23.242,23.18,23.081,22.988,22.95,22.904,22.927,22.958,22.927,22.919,22.919,22.965,23.004,23.042,23.119,23.111,23.319,23.334,23.51,23.564,23.671,23.77,24.021,24.037,24.113,24.151,24.196,24.196,24.204,24.196,24.173,24.128,24.105,24.052,23.93,23.892,23.877,23.831,23.671,23.571,23.495,23.311,23.088,22.896,22.75,22.626,22.58,22.572,22.472,22.387,22.433,22.449,22.495,22.626,24.576,25.014,25.052,25.036,25.006,24.999,24.961,24.938,24.878,24.787,24.765,24.712,24.644,24.591,24.515,24.409,24.325,24.31,24.28,24.303,24.295,24.303,24.272,24.196,24.151,24.113,24.067,23.991,23.945,23.968,23.808,23.77,23.724,23.678,23.632,23.594,23.533,23.472,23.464,23.334,23.357,23.311,23.226,23.173,23.142,23.111,23.042,22.988,23.011,22.911,22.865,22.858,22.888,23.011,23.004,23.249,23.456,23.869,23.892,24.227,24.576,24.719,25.097,25.345,25.54,25.623,25.653,25.668,25.623,25.615,25.593,25.555,25.488,25.45,25.375,25.255,25.21,25.082,25.044,25.036,24.893,24.923,24.795,24.621,24.447,24.143,23.77,23.525,23.226,23.104,23.065,23.05,23.027,23.027,23.034,23.058,23.058,23.165,23.257,23.319,23.617,23.915,24.181,24.371,24.697,24.689,24.961,24.976,24.931,24.923,24.825,24.742,24.477,24.12,23.892,23.831,23.234,23.249,23.188,23.203,23.953,25.353,25.585,25.675,25.623,25.585,25.435,25.262,25.277,25.119,24.855,24.727,24.674,24.576,24.356,24.287,24.158,24.189,24.006,23.998,23.998,23.953,23.96,23.854,23.747,23.701,23.663,23.625,23.594,23.632,23.709,23.762,23.77,23.777,23.777,23.686,23.671,23.449,23.418,23.249,23.111,23.019,22.927,22.773,22.75,22.703,22.703,22.68,22.665,23.111,24.674,24.78,24.878,24.946,24.961,24.976,24.976,25.067,25.277,25.3,25.405,25.42,25.428,25.66,25.758,25.81,25.832,25.855,25.773,25.585,25.705,25.345,25.277,25.27,24.439,24.416,24.181,23.831,23.609,23.326,23.28,23.142,23.042,23.111,23.104,23.127,23.142,23.142,23.111,23.034,23.011,23.011,23.011,23.011,22.996,22.973,22.95,22.965,22.873,22.873,22.534,22.479,22.572,22.51,22.51,22.51,22.495,22.479,22.503,22.479,22.464,22.456,22.433,22.441,22.456,22.394,22.371,22.348,22.34,22.356,22.356,22.363,22.394,22.387,22.387,22.387,22.441,22.41,22.387,22.402,22.418,22.541,22.402
,22.03,21.991,21.976,21.984,21.991,21.96,21.968,21.976,21.968,21.984,21.999,22.038,22.007,21.999,22.046,22.03,22.03,22.007,22.015,22.015,22.053,22.015,21.999,22.046,22.077,22.077,22.092,22.092,22.092,22.084,22.053,22.077,22.061,22.053,22.077,22.069,22.077,22.116,22.123,22.1,22.108,22.108,22.108,22.108,22.108,22.1,22.069,22.116,22.147,22.232,22.294,22.371,22.433,22.487,22.549,22.649,22.657,22.75,22.819,22.842,22.911,22.965,23.011,23.081,23.096,23.196,23.18,23.326,23.38,23.433,23.433,23.556,23.793,24.234,24.424,24.689,24.682,24.78,24.803,24.848,24.931,24.991,25.368,25.345,25.668,25.765,25.885,25.892,25.907,25.885,25.78,23.823,22.688,22.642,22.626,22.626,22.696,22.842,23.693,24.938,25.48,25.653,25.608,25.758,25.803,25.78,25.758,25.75,25.668,25.66,25.57,25.465,25.443,25.308,25.172,25.195,25.029,25.014,24.938,24.84,24.833,24.757,24.727,24.697,24.689,24.682,24.719,24.795,24.765,24.84,24.863,24.825,24.78,24.825,24.78,24.81,24.818,24.84,25.029,25.18,25.21,25.232,25.277,25.292,25.345,25.323,25.059,24.848,24.606,24.5,24.303,24.097,24.09,23.93,23.823,23.709,23.716,23.671,23.655,23.655,23.686,23.678,23.671,23.64,23.602,23.602,23.548,23.441,23.349,23.311,23.257,23.211,23.15,23.104,23.042,22.996,22.919,22.904,22.873,22.804,22.788,22.742,22.711,22.68,22.665,22.626,22.595,22.603,22.588,22.595,22.657,22.68,22.75,23.004,23.38,24.908,27.34,27.613,27.642,27.465,26.161,24.249,23.518,23.472,23.441,23.426,23.41,23.441,23.456,23.449,23.479,23.472,23.456,23.495,23.472,23.495,23.502,23.472,23.449,23.433,23.441,23.387,23.38,23.41,23.319,23.303,23.296,23.219,23.188,23.134,23.104,23.088,23.034,23.065,23.042,23.042,23.134,23.142,23.311,23.38,23.586,23.816,23.831,24.158,24.196,24.287,24.341,24.485,24.515,24.523,24.538,24.553,24.583,24.613,24.606,24.598,24.56,24.553,24.477,24.295,24.227,24.227,24.181,24.234,24.257,24.287,24.31,24.325,24.318,24.325,24.333,24.341,24.348,24.371,24.371,24.401,24.386,24.371,24.371,24.348,24.333,24.31,24.257,24.257,24.219,24.166,24.128,24.075,24.014,23.747,23.671,23.556,23.518,23.564,23.564,23.609,23.686,23.838,24.006,24.059,24.12,24.189,24.166,24.219,24.196,24.204,24.242,24.242,24.234,24.219,24.242,24.219,24.242,24.234,24.196,24.189,24.204,24.135,24.128,24.006,23.968,23.968,23.968,23.96,23.922,23.892,23.892,23.755,23.739,23.625,23.548,23.364,23.219,23.196,23.142,23.065,23.019,22.927,22.934,22.911,22.934,22.934,22.919,22.934,22.958,22.973,23.081,23.119,23.104,23.288,23.403,23.51,23.64,23.663,23.732,23.907,24.029,24.097,24.143,24.173,24.196,24.211,24.189,24.158,24.135,24.097,24.075,23.976,23.968,23.808,23.762,23.709,23.625,23.441,23.364,23.226,22.873,22.78,22.642,22.603,22.518,22.441,22.433,22.425,22.425,22.433,22.634,24.371,25.052,25.036,25.021,25.014,25.014,24.954,24.946,24.871,24.855,24.81,24.719,24.697,24.591,24.5,24.454,24.363,24.333,24.325,24.318,24.318,24.303,24.28,24.234,24.173,24.128,24.067,24.006,23.976,23.899,23.838,23.77,23.709,23.671,23.648,23.609,23.564,23.51,23.456,23.403,23.334,23.357,23.28,23.211,23.196,23.111,23.042,22.996,23.019,22.981,22.881,22.927,22.95,22.981,23.011,23.249,23.663,23.8,24.067,24.242,24.568,24.946,25.172,25.368,25.428,25.63,25.66,25.66,25.645,25.63,25.6,25.548,25.533,25.48,25.39,25.338,25.202,25.149,25.067,25.014,24.931,24.855,24.772,24.742,24.477,24.272,23.739,23.296,23.211,23.081,23.073,23.058,23.004,23.034,23.027,23.011,23.065,23.111,23.142,23.395,23.655,23.922,24.082,24.401,24.606,24.855,24.908,24.916,24.946,24.871,24.704,24.583,24.341,24.151,23.907,23.602,23.272,23.234,23.188,23.219,24.021,25.615,25.69,25.63,25.593,25.488,25.375,25.33,25.18,24.991,24.871,24.727,24.629,24.462,24.325,24.227,24.097,24.075,24.021,23.953,23.945,23.907,23.816,23.816,23.77,23.693,23.655,23.625,23.594,23.609,23.632,23.747,23.793,23.8,23.785,23.663,23.609,23.426,23.334,23.242,23.088,22.95,22.958,22.75,22.711,22.68,22.673,22.673,22.734,23.518,24.704,24.84,24.886,24.931,24.946,24.999,25.052,25.097,25.217,25.345,25.42,25.435,25.533,25.623,25.885,25.922,25.87,25.803,25.765,25.758,25.63,25.338,25.21,24.893,24.477,24.333,24.113,23.861,23.609,23.326,23.219,23.134,23.073,23.073,23.088,23.096,23.088,23.081,23.065,23.042,22.996,22.973,22.988,22.973,22.927,22.95,22.896,22.888,22.881,22.873,22.711,22.541,22.595,22.518,22.518,22.51,22.51,22.526,22.503,22.464,22.433,22.456,22.449,22.433,22.441,22.394,22.394,22.402,22.379,22.371,22.371,22.387,22.387,22.402,22.371,22.379,22.441,22.387,22.402,22.433,22.441,22.379,22.487
,21.991,21.984,22.038,21.999,22.007,22.015,21.984,21.984,21.999,21.984,21.999,22.022,22.022,21.999,22.03,22.046,22.046,22.038,22.022,22.007,22.007,22.03,22.03,22.022,22.061,22.084,22.077,22.092,22.077,22.092,22.084,22.108,22.069,22.069,22.1,22.077,22.1,22.108,22.1,22.108,22.1,22.092,22.108,22.108,22.092,22.092,22.084,22.116,22.185,22.247,22.332,22.379,22.464,22.487,22.58,22.649,22.68,22.765,22.804,22.842,22.927,22.973,23.042,23.096,23.111,23.173,23.203,23.349,23.357,23.426,23.449,23.716,24.12,24.295,24.606,24.735,24.75,24.735,24.795,24.855,25.036,25.029,25.24,25.54,25.713,25.773,25.847,25.9,25.915,25.907,25.705,23.449,22.649,22.665,22.657,22.673,22.711,23.088,23.632,25.082,25.698,25.78,25.78,25.862,25.9,25.87,25.78,25.72,25.668,25.66,25.368,25.232,25.24,25.255,25.097,25.029,24.984,24.954,24.886,24.825,24.765,24.787,24.75,24.674,24.666,24.689,24.719,24.719,24.735,24.803,24.81,24.825,24.825,24.818,24.795,24.772,24.818,24.916,25.052,25.149,25.21,25.292,25.315,25.375,25.36,25.27,24.999,24.576,24.523,24.492,24.242,24.173,24.037,23.915,23.831,23.716,23.678,23.64,23.625,23.632,23.663,23.663,23.655,23.609,23.579,23.541,23.464,23.38,23.334,23.303,23.265,23.188,23.18,23.104,23.058,22.981,22.919,22.896,22.842,22.796,22.765,22.719,22.696,22.673,22.626,22.603,22.588,22.58,22.619,22.626,22.688,22.703,22.919,23.127,23.242,25.608,27.355,27.605,27.613,27.355,26.183,24.189,23.64,23.418,23.395,23.426,23.41,23.418,23.441,23.441,23.464,23.456,23.449,23.418,23.464,23.518,23.495,23.449,23.472,23.441,23.441,23.41,23.38,23.326,23.319,23.326,23.28,23.296,23.188,23.15,23.142,23.081,23.081,23.058,23.05,23.05,23.111,23.134,23.349,23.38,23.364,23.472,23.915,24.113,24.158,24.242,24.386,24.447,24.5,24.523,24.538,24.545,24.576,24.591,24.598,24.591,24.606,24.553,24.5,24.341,24.28,24.257,24.211,24.211,24.257,24.295,24.318,24.341,24.356,24.356,24.348,24.356,24.371,24.386,24.386,24.386,24.401,24.386,24.371,24.341,24.341,24.31,24.272,24.242,24.249,24.196,24.151,23.998,24.037,23.8,23.617,23.548,23.571,23.548,23.594,23.617,23.747,23.892,23.953,24.067,24.113,24.181,24.211,24.234,24.242,24.242,24.249,24.249,24.287,24.272,24.242,24.227,24.227,24.234,24.204,24.196,24.158,24.135,24.044,23.976,23.968,23.93,23.922,23.915,23.93,23.892,23.861,23.732,23.724,23.594,23.472,23.387,23.28,23.157,23.104,23.058,22.996,22.927,22.934,22.904,22.911,22.942,22.934,22.919,22.942,22.988,23.065,23.142,23.249,23.326,23.387,23.479,23.541,23.716,23.877,23.976,24.097,24.113,24.135,24.181,24.189,24.204,24.196,24.158,24.143,24.105,24.082,23.983,23.945,23.892,23.808,23.732,23.571,23.464,23.257,23.081,22.858,22.727,22.68,22.626,22.479,22.441,22.425,22.394,22.379,22.456,22.688,24.173,24.999,24.969,25.006,24.999,24.999,24.969,24.916,24.878,24.855,24.818,24.757,24.727,24.674,24.56,24.515,24.401,24.356,24.341,24.341,24.325,24.318,24.28,24.295,24.227,24.173,24.113,24.052,23.976,23.968,23.861,23.8,23.755,23.701,23.64,23.609,23.579,23.51,23.441,23.41,23.341,23.296,23.28,23.234,23.226,23.173,23.111,23.058,22.958,22.981,22.95,22.942,22.965,22.988,23.011,23.296,23.655,23.983,24.09,24.204,24.674,24.795,25.187,25.405,25.405,25.548,25.653,25.66,25.668,25.623,25.6,25.593,25.54,25.503,25.413,25.277,25.187,25.127,25.052,24.984,24.931,24.863,24.765,24.712,24.462,24.227,23.579,23.426,23.211,23.034,23.05,22.996,22.965,22.95,23.011,23.034,23.088,23.088,23.127,23.349,23.655,23.777,24.227,24.379,24.651,24.81,24.863,24.855,24.908,24.878,24.765,24.5,24.424,24.09,23.686,23.456,23.265,23.226,23.226,23.211,24.189,25.593,25.593,25.63,25.57,25.458,25.398,25.149,25.097,24.991,24.81,24.735,24.644,24.53,24.249,24.211,24.067,24.075,24.029,23.953,23.915,23.831,23.838,23.77,23.739,23.686,23.663,23.609,23.609,23.625,23.663,23.739,23.747,23.732,23.785,23.678,23.556,23.456,23.288,23.196,23.127,22.973,22.811,22.75,22.719,22.649,22.649,22.673,22.765,23.502,24.727,24.855,24.984,24.999,25.036,25.074,25.074,25.142,25.308,25.428,25.435,25.518,25.518,25.675,25.915,25.982,25.975,25.862,25.855,25.773,25.675,25.39,25.119,24.81,24.432,24.143,24.09,23.976,23.433,23.38,23.188,23.111,23.058,23.065,23.073,23.096,23.104,23.096,23.05,22.988,22.996,22.95,22.927,22.981,22.911,22.919,22.881,22.911,22.888,22.865,22.796,22.711,22.526,22.51,22.487,22.518,22.51,22.487,22.503,22.464,22.356,22.479,22.418,22.449,22.433,22.371,22.418,22.402,22.394,22.371,22.379,22.371,22.356,22.379,22.356,22.433,22.402,22.379,22.41,22.402,22.371,22.41,22.379
,22.038,22.015,22.015,21.991,21.991,21.968,22.007,22.015,21.976,21.991,22.007,22.007,22.015,22.022,22.03,22.046,22.03,22.015,22.007,21.984,21.999,21.984,22.007,22.077,22.077,22.116,22.162,22.092,22.1,22.038,22.108,22.092,22.092,22.077,22.077,22.077,22.108,22.116,22.084,22.084,22.123,22.1,22.108,22.084,22.053,22.03,22.092,22.092,22.193,22.309,22.387,22.41,22.518,22.534,22.649,22.634,22.688,22.796,22.804,22.819,22.904,22.981,23.019,23.073,23.142,23.188,23.234,23.319,23.357,23.38,23.449,23.579,24.173,24.53,24.507,24.727,24.795,24.772,24.803,24.848,24.931,25.021,25.315,25.413,25.698,25.825,25.855,25.907,25.937,25.862,25.488,23.349,22.649,22.68,22.657,22.703,22.734,22.911,23.892,25.69,25.765,25.96,25.922,25.982,25.847,25.847,25.81,25.675,25.645,25.435,25.292,25.285,25.149,25.104,25.052,24.976,25.006,24.855,24.803,24.84,24.78,24.735,24.712,24.621,24.704,24.689,24.719,24.765,24.742,24.75,24.803,24.803,24.818,24.795,24.795,24.803,24.833,24.886,25.067,25.21,25.195,25.277,25.345,25.345,25.3,25.277,24.727,24.659,24.538,24.386,24.386,24.318,24.037,23.922,23.701,23.632,23.586,23.594,23.617,23.64,23.64,23.663,23.655,23.579,23.533,23.518,23.456,23.418,23.364,23.303,23.265,23.203,23.15,23.065,23.027,22.973,22.919,22.85,22.819,22.804,22.765,22.727,22.673,22.642,22.595,22.549,22.564,22.572,22.58,22.603,22.619,22.68,22.819,22.988,23.372,26.556,27.583,27.642,27.51,27.311,26.116,24.158,23.449,23.364,23.326,23.403,23.395,23.395,23.403,23.395,23.441,23.387,23.426,23.464,23.502,23.487,23.495,23.487,23.441,23.433,23.433,23.403,23.387,23.364,23.326,23.319,23.28,23.272,23.18,23.096,23.088,23.073,23.058,23.027,23.034,23.058,23.065,23.15,23.326,23.357,23.487,23.609,23.716,24.029,24.128,24.234,24.325,24.371,24.409,24.447,24.515,24.53,24.568,24.576,24.613,24.606,24.583,24.545,24.523,24.454,24.295,24.242,24.242,24.211,24.265,24.303,24.333,24.341,24.363,24.356,24.356,24.356,24.371,24.401,24.409,24.416,24.394,24.394,24.379,24.363,24.356,24.318,24.295,24.28,24.234,24.166,24.135,24.029,23.823,23.755,23.586,23.525,23.502,23.533,23.571,23.625,23.747,23.823,23.991,23.991,24.09,24.173,24.227,24.242,24.234,24.265,24.28,24.272,24.272,24.272,24.234,24.219,24.189,24.219,24.189,24.151,24.143,24.029,24.021,23.968,23.953,23.915,23.915,23.892,23.899,23.869,23.823,23.686,23.686,23.525,23.403,23.272,23.249,23.142,23.058,23.019,22.934,22.911,22.919,22.927,22.934,22.904,22.911,22.95,22.927,22.965,23.034,23.058,23.203,23.296,23.341,23.357,23.663,23.762,23.884,23.976,24.082,24.113,24.189,24.189,24.211,24.227,24.181,24.166,24.143,24.12,24.082,24.006,23.93,23.869,23.808,23.724,23.586,23.464,23.211,23.111,22.85,22.804,22.696,22.58,22.479,22.425,22.387,22.387,22.387,22.387,22.418,23.953,24.931,24.969,25.059,24.991,24.984,24.946,24.938,24.916,24.855,24.825,24.765,24.697,24.636,24.621,24.545,24.439,24.386,24.363,24.348,24.356,24.341,24.325,24.265,24.249,24.166,24.128,24.052,23.983,23.953,23.884,23.785,23.755,23.716,23.64,23.609,23.571,23.556,23.51,23.387,23.372,23.303,23.265,23.288,23.219,23.196,23.127,23.065,23.004,22.973,22.965,22.927,22.95,23.019,23.027,23.18,23.548,23.8,24.097,24.12,24.462,24.954,25.119,25.33,25.518,25.615,25.593,25.668,25.653,25.608,25.585,25.548,25.525,25.443,25.368,25.315,25.134,25.097,25.014,24.954,24.871,24.81,24.651,24.613,24.409,24.242,23.663,23.341,23.15,23.073,22.981,22.996,22.973,22.973,22.996,23.027,23.027,23.127,23.272,23.433,23.456,23.785,24.166,24.515,24.666,24.78,24.803,24.886,24.886,24.803,24.704,24.462,24.211,24.006,23.586,23.426,23.265,23.234,23.242,23.265,24.946,25.593,25.6,25.593,25.555,25.45,25.39,25.225,25.059,24.916,24.772,24.787,24.583,24.325,24.204,24.143,24.113,24.014,23.991,23.922,23.846,23.838,23.747,23.77,23.732,23.678,23.625,23.579,23.579,23.602,23.655,23.693,23.739,23.793,23.724,23.648,23.495,23.418,23.364,23.196,23.058,22.958,22.796,22.711,22.703,22.665,22.642,22.703,22.819,23.991,24.697,24.916,25.006,25.006,25.052,25.097,25.112,25.225,25.315,25.413,25.45,25.525,25.773,25.81,25.93,25.989,25.93,25.922,25.885,25.758,25.69,25.217,25.059,24.931,24.371,24.196,23.907,23.747,23.533,23.249,23.219,23.081,23.027,23.034,23.05,23.088,23.088,23.088,23.019,22.958,22.958,22.934,22.95,22.958,22.927,22.95,22.881,22.85,22.881,22.804,22.734,22.673,22.518,22.518,22.495,22.487,22.495,22.464,22.479,22.479,22.332,22.425,22.402,22.449,22.425,22.379,22.418,22.356,22.394,22.34,22.394,22.379,22.379,22.41,22.394,22.34,22.433,22.371,22.379,22.418,22.387,22.356,22.317
,21.984,21.999,22.038,21.991,22.022,21.999,21.984,21.984,21.984,21.991,21.976,22.007,22.007,22.015,22.03,22.022,22.022,22.03,21.999,22.03,21.991,21.999,22.022,22.022,22.084,22.092,22.1,22.084,22.077,22.061,22.1,22.077,22.077,22.092,22.077,22.084,22.1,22.092,22.1,22.092,22.092,22.069,22.069,22.038,22.053,22.03,22.046,22.1,22.24,22.348,22.441,22.487,22.51,22.541,22.572,22.665,22.727,22.788,22.796,22.827,22.95,22.958,23.034,23.058,23.173,23.203,23.257,23.303,23.326,23.341,23.357,23.678,24.052,24.523,24.613,24.735,24.75,24.81,24.84,24.893,24.961,25.217,25.255,25.51,25.743,25.765,25.855,25.87,25.87,25.907,25.42,23.173,22.634,22.673,22.696,22.688,22.842,23.395,24.379,25.735,25.795,25.945,26.019,26.027,25.989,25.847,25.765,25.473,25.623,25.413,25.27,25.232,25.044,24.991,24.961,24.908,24.916,24.742,24.75,24.742,24.704,24.651,24.666,24.636,24.598,24.674,24.682,24.712,24.697,24.757,24.772,24.787,24.795,24.803,24.795,24.81,24.923,25.074,25.104,25.165,25.217,25.323,25.398,25.398,25.36,25.255,24.818,24.591,24.523,24.515,24.257,24.097,23.93,23.755,23.724,23.663,23.64,23.571,23.571,23.579,23.663,23.655,23.655,23.594,23.548,23.51,23.487,23.372,23.288,23.296,23.272,23.157,23.165,23.034,23.019,22.95,22.927,22.865,22.811,22.796,22.742,22.688,22.673,22.611,22.534,22.495,22.572,22.534,22.595,22.611,22.657,22.727,22.85,23.234,23.877,26.867,27.605,27.62,27.539,27.163,26.094,24.211,23.441,23.41,23.418,23.372,23.38,23.364,23.403,23.418,23.418,23.433,23.426,23.441,23.426,23.487,23.495,23.479,23.456,23.426,23.441,23.426,23.403,23.387,23.357,23.334,23.296,23.272,23.188,23.111,23.081,23.042,23.042,23.019,23.019,23.027,23.034,23.111,23.058,23.242,23.64,23.686,23.861,24.029,24.09,24.181,24.219,24.272,24.386,24.416,24.485,24.454,24.56,24.576,24.591,24.613,24.576,24.523,24.47,24.462,24.363,24.31,24.249,24.28,24.28,24.31,24.348,24.341,24.363,24.356,24.363,24.371,24.379,24.409,24.416,24.416,24.401,24.371,24.379,24.371,24.341,24.333,24.303,24.272,24.257,24.181,24.128,24.044,23.892,23.693,23.525,23.548,23.556,23.548,23.571,23.617,23.716,23.8,23.922,23.968,24.097,24.181,24.219,24.242,24.265,24.265,24.295,24.287,24.28,24.249,24.257,24.204,24.219,24.166,24.181,24.09,24.052,24.021,23.96,23.968,23.93,23.915,23.907,23.892,23.869,23.8,23.747,23.739,23.571,23.51,23.349,23.242,23.157,23.104,22.988,22.981,22.942,22.927,22.911,22.919,22.919,22.919,22.911,22.896,22.934,22.965,23.004,23.211,23.203,23.319,23.326,23.433,23.564,23.724,23.907,24.044,24.075,24.135,24.181,24.173,24.204,24.242,24.196,24.173,24.128,24.113,24.037,24.006,23.915,23.823,23.8,23.617,23.586,23.41,23.326,23.073,22.965,22.811,22.696,22.58,22.557,22.441,22.418,22.394,22.371,22.402,22.418,23.915,24.991,24.969,25.021,24.999,24.969,24.984,24.961,24.908,24.878,24.833,24.78,24.75,24.697,24.606,24.507,24.424,24.386,24.394,24.379,24.379,24.371,24.348,24.341,24.28,24.219,24.166,24.075,24.075,23.96,23.938,23.846,23.831,23.747,23.671,23.617,23.586,23.533,23.495,23.387,23.319,23.326,23.303,23.288,23.226,23.157,23.165,23.081,23.027,22.981,22.965,22.958,22.981,22.996,23.081,23.265,23.755,23.8,23.907,24.234,24.659,24.855,25.202,25.225,25.368,25.615,25.675,25.645,25.645,25.623,25.585,25.54,25.495,25.375,25.27,25.202,25.134,25.082,24.999,24.871,24.871,24.818,24.727,24.689,24.47,24.265,23.884,23.364,23.242,23.15,23.034,23.004,22.942,22.95,22.996,23.027,23.019,23.15,23.326,23.364,23.456,23.777,24.014,24.56,24.629,24.772,24.803,24.855,24.833,24.78,24.636,24.492,24.166,23.831,23.609,23.272,23.249,23.234,23.196,23.288,25.195,25.6,25.608,25.54,25.503,25.518,25.308,25.089,25.082,24.833,24.742,24.704,24.5,24.318,24.249,24.181,24.037,24.014,23.907,23.861,23.907,23.831,23.777,23.709,23.686,23.648,23.609,23.594,23.609,23.609,23.663,23.709,23.762,23.755,23.755,23.602,23.564,23.334,23.242,23.134,23.042,22.919,22.765,22.696,22.673,22.642,22.634,22.68,23.165,24.128,24.712,24.984,24.999,25.074,25.104,25.18,25.323,25.24,25.413,25.405,25.548,25.585,25.728,25.885,25.952,26.042,26.019,25.9,25.825,25.705,25.563,25.503,25.021,24.719,24.409,24.287,24.044,23.533,23.418,23.157,23.211,23.058,23.011,23.027,23.027,23.05,23.065,23.058,22.973,22.942,22.934,22.904,22.927,22.842,22.796,22.934,22.873,22.842,22.827,22.796,22.796,22.711,22.549,22.503,22.503,22.464,22.518,22.487,22.41,22.433,22.425,22.495,22.387,22.487,22.449,22.41,22.363,22.41,22.387,22.41,22.394,22.402,22.379,22.379,22.379,22.379,22.371,22.387,22.363,22.371,22.371,22.348,22.34
,21.991,21.984,22.007,21.976,21.999,21.976,21.984,21.968,21.976,21.929,22.022,22.007,22.007,22.046,22.03,22.03,22.03,22.046,21.991,22.007,22.022,21.991,22.069,22.069,22.069,22.084,22.069,22.108,22.108,22.1,22.092,22.092,22.061,22.092,22.069,22.108,22.116,22.092,22.092,22.116,22.092,22.139,22.084,22.053,22.022,22.061,22.108,22.131,22.209,22.402,22.41,22.51,22.487,22.595,22.626,22.665,22.734,22.811,22.834,22.904,22.95,23.011,23.034,23.042,23.081,23.165,23.188,23.234,23.303,23.341,23.502,23.755,24.439,24.568,24.583,24.75,24.818,24.833,24.863,24.923,24.984,25.165,25.277,25.488,25.72,25.773,25.81,25.832,25.743,25.9,24.803,22.719,22.642,22.68,22.703,22.734,22.827,23.226,24.492,25.705,25.945,26.124,26.094,26.027,25.96,25.877,25.525,25.285,25.3,25.195,25.089,24.984,24.931,24.961,24.901,24.84,24.757,24.742,24.629,24.674,24.644,24.636,24.644,24.644,24.659,24.644,24.674,24.666,24.697,24.727,24.75,24.772,24.795,24.803,24.81,24.855,24.871,25.036,25.052,25.149,25.247,25.353,25.39,25.405,25.398,24.999,24.78,24.591,24.477,24.341,24.227,24.044,23.907,23.846,23.724,23.655,23.625,23.609,23.632,23.586,23.617,23.64,23.64,23.602,23.579,23.51,23.456,23.41,23.357,23.334,23.288,23.173,23.088,23.042,23.011,22.958,22.896,22.858,22.827,22.788,22.727,22.703,22.626,22.572,22.495,22.51,22.541,22.541,22.58,22.665,22.642,22.727,22.881,23.058,24.037,26.986,27.362,27.488,27.333,27.052,25.922,23.793,23.495,23.395,23.395,23.349,23.334,23.364,23.395,23.387,23.41,23.372,23.38,23.41,23.426,23.433,23.456,23.479,23.456,23.449,23.433,23.426,23.41,23.41,23.349,23.28,23.272,23.265,23.142,23.073,23.073,23.05,23.027,23.027,23.004,23.019,23.065,23.081,23.226,23.487,23.556,23.686,23.808,24.059,24.143,24.128,24.204,24.303,24.303,24.363,24.485,24.507,24.545,24.576,24.576,24.568,24.56,24.545,24.523,24.447,24.401,24.318,24.287,24.295,24.31,24.31,24.371,24.394,24.386,24.379,24.386,24.394,24.416,24.409,24.416,24.416,24.424,24.394,24.379,24.386,24.348,24.348,24.318,24.28,24.287,24.249,24.181,24.044,23.907,23.648,23.556,23.541,23.548,23.533,23.571,23.625,23.777,23.77,23.861,23.953,24.075,24.204,24.242,24.272,24.272,24.287,24.272,24.295,24.265,24.272,24.257,24.211,24.227,24.158,24.135,24.097,24.021,24.006,23.96,23.93,23.915,23.915,23.884,23.892,23.861,23.877,23.77,23.671,23.541,23.586,23.38,23.196,23.111,23.019,22.988,22.919,22.896,22.919,22.904,22.911,22.904,22.919,22.873,22.85,22.95,22.919,23.004,23.142,23.211,23.296,23.319,23.41,23.693,23.777,23.945,23.998,24.105,24.166,24.151,24.181,24.242,24.234,24.211,24.204,24.151,24.075,24.014,23.983,23.892,23.777,23.755,23.686,23.548,23.387,23.15,23.004,22.919,22.773,22.688,22.572,22.534,22.456,22.433,22.387,22.363,22.363,22.51,23.609,24.946,24.969,24.984,24.991,24.999,24.931,24.923,24.886,24.871,24.818,24.742,24.719,24.629,24.538,24.515,24.477,24.424,24.424,24.432,24.432,24.424,24.325,24.363,24.28,24.242,24.227,24.059,24.113,24.014,23.915,23.915,23.816,23.793,23.709,23.625,23.571,23.556,23.51,23.41,23.364,23.311,23.303,23.303,23.257,23.196,23.119,23.088,23.034,22.996,22.95,22.958,22.934,23.019,23.058,23.242,23.678,23.831,23.892,24.341,24.704,24.878,25.157,25.285,25.488,25.645,25.668,25.683,25.653,25.638,25.608,25.548,25.435,25.315,25.247,25.202,25.082,25.021,24.991,24.871,24.787,24.682,24.674,24.56,24.53,24.341,24.097,23.364,23.119,23.119,23.05,22.95,23.004,22.958,22.958,22.996,23.05,23.127,23.288,23.349,23.525,23.571,23.747,24.477,24.568,24.719,24.803,24.84,24.757,24.727,24.5,24.303,24.135,23.907,23.586,23.464,23.288,23.219,23.18,23.272,25.353,25.6,25.518,25.54,25.48,25.368,25.3,25.089,25.006,24.765,24.666,24.553,24.363,24.28,24.219,24.12,24.082,23.945,23.907,23.854,23.816,23.793,23.747,23.739,23.663,23.586,23.602,23.548,23.586,23.594,23.716,23.716,23.747,23.709,23.678,23.541,23.51,23.28,23.272,23.165,22.988,22.827,22.742,22.703,22.642,22.634,22.634,22.642,22.904,24.09,24.629,25.014,25.044,25.067,25.142,25.262,25.39,25.443,25.495,25.533,25.495,25.69,25.75,25.982,25.975,26.094,26.042,25.967,25.765,25.78,25.555,25.353,24.999,24.938,24.356,24.265,24.097,23.571,23.395,23.242,23.142,23.027,22.934,22.919,22.973,23.011,23.05,23.058,23.034,22.911,22.927,22.888,22.888,22.804,22.788,22.842,22.804,22.804,22.834,22.742,22.734,22.619,22.58,22.495,22.526,22.495,22.487,22.479,22.464,22.495,22.495,22.449,22.425,22.449,22.441,22.387,22.441,22.433,22.418,22.41,22.387,22.394,22.394,22.418,22.402,22.387,22.394,22.379,22.394,22.387,22.332,22.348,22.325
,22.03,21.984,21.999,21.991,21.999,21.976,21.984,21.976,21.976,22.015,22.007,22.061,22.053,21.999,22.03,22.015,22.046,22.022,22.046,22.007,21.991,22.038,22.046,22.077,22.061,22.077,22.084,22.092,22.108,22.123,22.092,22.1,22.053,22.1,22.077,22.084,22.108,22.1,22.123,22.092,22.108,22.1,22.03,21.999,22.03,22.022,22.092,22.185,22.278,22.371,22.449,22.503,22.557,22.603,22.673,22.68,22.734,22.796,22.858,22.858,22.942,23.011,23.027,23.058,23.088,23.157,23.173,23.334,23.265,23.334,23.472,23.915,24.447,24.591,24.697,24.803,24.803,24.84,24.901,24.931,24.954,25.036,25.285,25.48,25.668,25.728,25.773,25.84,25.765,25.818,24.735,22.773,22.665,22.665,22.703,22.711,22.842,23.915,25.548,26.206,26.169,26.183,26.146,26.079,25.758,25.57,25.262,25.225,25.149,25.067,25.074,24.938,24.923,24.818,24.818,24.757,24.757,24.712,24.682,24.636,24.613,24.613,24.613,24.613,24.621,24.644,24.636,24.659,24.666,24.666,24.735,24.765,24.772,24.803,24.81,24.901,24.923,25.006,25.187,25.127,25.315,25.383,25.443,25.383,25.413,25.18,24.704,24.576,24.553,24.386,24.227,24.181,23.991,23.8,23.739,23.663,23.579,23.602,23.594,23.617,23.617,23.625,23.594,23.579,23.594,23.495,23.479,23.349,23.265,23.341,23.272,23.226,23.142,23.042,22.996,22.911,22.881,22.85,22.804,22.75,22.711,22.657,22.619,22.572,22.51,22.487,22.495,22.572,22.619,22.649,22.673,22.765,23.019,23.265,24.908,27.111,27.392,27.407,27.384,27.015,25.638,24.029,23.495,23.395,23.38,23.334,23.319,23.349,23.349,23.364,23.387,23.403,23.372,23.395,23.403,23.433,23.456,23.479,23.472,23.449,23.456,23.441,23.38,23.418,23.357,23.326,23.272,23.188,23.157,23.104,23.058,23.058,23.019,22.981,23.004,22.965,23.011,23.05,23.296,23.556,23.609,23.678,23.808,23.983,24.075,24.12,24.196,24.249,24.318,24.371,24.401,24.5,24.492,24.568,24.553,24.56,24.56,24.538,24.53,24.515,24.401,24.348,24.341,24.356,24.348,24.356,24.363,24.371,24.386,24.401,24.401,24.394,24.432,24.439,24.454,24.416,24.416,24.401,24.401,24.386,24.371,24.356,24.363,24.333,24.257,24.242,24.052,24.067,23.907,23.632,23.594,23.548,23.525,23.571,23.586,23.632,23.701,23.823,23.953,24.143,24.173,24.211,24.265,24.287,24.318,24.31,24.287,24.287,24.287,24.265,24.234,24.196,24.189,24.151,24.105,24.075,23.983,23.953,23.93,23.907,23.907,23.915,23.899,23.892,23.877,23.816,23.755,23.609,23.541,23.41,23.272,23.265,23.096,22.996,22.965,22.919,22.888,22.888,22.896,22.896,22.888,22.881,22.888,22.85,22.934,22.919,23.019,23.134,23.188,23.219,23.296,23.594,23.671,23.854,23.899,24.067,24.113,24.196,24.287,24.265,24.265,24.265,24.265,24.204,24.196,24.067,24.052,23.953,23.922,23.823,23.755,23.716,23.487,23.326,23.234,23.096,22.919,22.842,22.649,22.595,22.526,22.433,22.433,22.394,22.402,22.394,22.68,23.625,24.946,24.969,24.991,24.976,24.961,24.991,24.931,24.923,24.871,24.833,24.772,24.697,24.651,24.568,24.56,24.5,24.47,24.462,24.485,24.485,24.439,24.416,24.371,24.348,24.28,24.227,24.143,24.059,24.021,23.953,23.869,23.816,23.823,23.671,23.617,23.579,23.533,23.51,23.449,23.364,23.38,23.319,23.319,23.249,23.226,23.134,23.096,23.042,23.004,22.996,22.965,22.965,23.027,23.058,23.28,23.548,23.869,23.922,24.143,24.606,24.893,25.029,25.383,25.465,25.683,25.675,25.698,25.698,25.675,25.6,25.503,25.375,25.3,25.187,25.104,25.074,25.029,24.901,24.833,24.772,24.689,24.621,24.591,24.5,24.363,24.037,23.693,23.296,23.104,23.058,23.011,22.919,22.95,22.95,22.965,22.942,23.173,23.38,23.311,23.433,23.655,23.945,24.363,24.719,24.689,24.772,24.833,24.772,24.697,24.568,24.173,24.082,23.686,23.564,23.334,23.311,23.249,23.257,23.632,25.383,25.503,25.533,25.518,25.413,25.435,25.308,25.052,24.938,24.954,24.659,24.568,24.447,24.265,24.181,24.105,24.059,23.938,23.861,23.823,23.785,23.785,23.732,23.716,23.678,23.655,23.586,23.571,23.556,23.617,23.686,23.747,23.762,23.732,23.678,23.632,23.525,23.38,23.196,22.973,22.981,22.919,22.734,22.673,22.665,22.657,22.642,22.665,23.173,24.613,24.901,25.029,25.021,25.112,25.195,25.255,25.375,25.428,25.555,25.57,25.623,25.713,25.885,25.997,25.937,26.087,25.975,25.915,25.84,25.675,25.495,25.338,25.142,24.855,24.666,24.28,23.793,23.495,23.242,23.157,23.058,22.942,22.965,22.958,22.973,23.05,23.058,23.065,23.019,22.934,22.888,22.865,22.804,22.773,22.834,22.773,22.765,22.811,22.78,22.788,22.773,22.68,22.657,22.541,22.51,22.503,22.51,22.487,22.456,22.495,22.472,22.449,22.433,22.371,22.425,22.379,22.402,22.394,22.418,22.418,22.433,22.449,22.425,22.394,22.402,22.41,22.387,22.425,22.394,22.379,22.332,22.309,22.317
,22.03,22.03,22.015,21.976,21.991,21.984,21.984,21.976,21.96,21.968,22.007,22.007,22.069,22.015,22.053,22.022,22.046,22.022,22.015,22.038,22.038,22.061,22.046,22.061,22.061,22.069,22.077,22.077,22.1,22.116,22.139,22.1,22.077,22.069,22.092,22.077,22.1,22.092,22.1,22.1,22.077,22.038,22.015,22.015,21.999,22.092,22.1,22.263,22.232,22.418,22.418,22.557,22.572,22.588,22.657,22.711,22.75,22.819,22.858,22.888,22.958,22.958,23.011,23.034,23.05,23.134,23.188,23.257,23.334,23.395,23.426,24.348,24.492,24.697,24.742,24.84,24.855,24.878,24.916,24.938,25.006,25.089,25.36,25.473,25.638,25.75,25.818,25.84,25.832,25.698,24.044,22.703,22.657,22.688,22.703,22.988,23.226,24.105,25.69,26.273,26.243,26.221,26.169,25.72,25.6,25.383,25.134,25.157,24.863,25.059,24.878,24.84,24.855,24.81,24.712,24.735,24.674,24.674,24.636,24.621,24.576,24.583,24.583,24.598,24.613,24.621,24.621,24.606,24.674,24.697,24.704,24.742,24.765,24.757,24.833,24.863,25.029,25.014,25.112,25.127,25.217,25.345,25.383,25.465,25.39,25.044,24.613,24.598,24.416,24.318,24.219,24.135,23.991,23.8,23.732,23.671,23.655,23.625,23.625,23.625,23.617,23.609,23.602,23.594,23.564,23.502,23.38,23.41,23.364,23.303,23.242,23.134,23.127,23.065,22.981,22.934,22.858,22.827,22.788,22.757,22.703,22.626,22.611,22.534,22.495,22.472,22.518,22.564,22.626,22.673,22.719,22.765,23.088,23.38,25.187,27.222,27.289,27.355,27.296,27,25.473,23.808,23.556,23.456,23.403,23.357,23.326,23.349,23.357,23.364,23.395,23.395,23.372,23.372,23.387,23.41,23.464,23.464,23.472,23.456,23.433,23.449,23.426,23.395,23.349,23.296,23.272,23.18,23.157,23.119,23.081,23.034,23.004,23.004,22.996,23.011,23.027,23.173,23.265,23.433,23.609,23.8,23.892,23.976,24.037,24.075,24.143,24.242,24.272,24.348,24.416,24.447,24.507,24.56,24.553,24.576,24.568,24.545,24.507,24.485,24.401,24.409,24.341,24.356,24.348,24.371,24.363,24.401,24.394,24.424,24.409,24.439,24.439,24.439,24.447,24.432,24.416,24.401,24.394,24.379,24.348,24.333,24.325,24.325,24.295,24.173,24.143,24.059,23.884,23.571,23.564,23.541,23.556,23.609,23.648,23.655,23.739,23.846,23.915,24.075,24.181,24.257,24.272,24.318,24.31,24.333,24.303,24.295,24.257,24.249,24.234,24.181,24.166,24.128,24.082,24.006,23.96,23.938,23.915,23.915,23.907,23.922,23.899,23.899,23.831,23.709,23.671,23.663,23.495,23.364,23.296,23.127,23.034,23.011,22.965,22.904,22.888,22.881,22.881,22.873,22.873,22.865,22.873,22.865,22.896,23.042,23.019,23.111,23.196,23.334,23.449,23.426,23.739,23.793,23.877,24.021,24.113,24.28,24.28,24.325,24.333,24.257,24.265,24.219,24.204,24.097,24.037,23.968,23.922,23.854,23.632,23.525,23.541,23.357,23.196,23.088,22.988,22.788,22.665,22.595,22.503,22.51,22.433,22.41,22.394,22.379,22.363,23.564,24.908,24.976,24.999,24.969,24.984,24.954,24.923,24.923,24.863,24.818,24.757,24.689,24.659,24.591,24.507,24.538,24.477,24.485,24.507,24.492,24.485,24.462,24.394,24.356,24.28,24.249,24.189,24.113,24.052,23.991,23.945,23.869,23.838,23.701,23.64,23.617,23.564,23.479,23.464,23.456,23.357,23.357,23.341,23.296,23.226,23.157,23.119,23.073,23.042,22.988,22.981,23.004,23.027,23.142,23.349,23.609,23.777,24.105,24.341,24.659,24.825,25.232,25.187,25.608,25.72,25.743,25.69,25.728,25.638,25.623,25.383,25.308,25.232,25.134,25.112,25.036,24.931,24.75,24.787,24.742,24.629,24.606,24.583,24.47,24.257,23.998,23.403,23.257,23.104,23.004,22.927,22.919,22.927,22.942,22.958,23.065,23.119,23.319,23.418,23.594,23.632,23.854,24.439,24.712,24.78,24.772,24.787,24.674,24.666,24.295,24.181,24.135,23.823,23.579,23.311,23.18,23.196,23.142,23.739,25.45,25.503,25.435,25.428,25.413,25.142,25.165,25.036,24.984,24.787,24.598,24.591,24.394,24.31,24.166,24.067,23.953,23.96,23.846,23.816,23.8,23.77,23.747,23.739,23.701,23.671,23.609,23.571,23.564,23.632,23.663,23.732,23.755,23.739,23.686,23.548,23.525,23.265,23.15,23.042,22.973,22.865,22.788,22.657,22.673,22.642,22.634,22.665,23.41,24.712,24.908,24.855,25.059,25.142,25.27,25.21,25.458,25.495,25.563,25.578,25.683,25.803,25.922,25.945,26.057,26.064,26.004,25.997,25.78,25.623,25.525,25.315,24.923,24.961,24.196,24.211,24.105,23.426,23.387,23.104,23.05,22.973,22.95,22.958,22.927,23.027,23.034,23.019,23.019,22.888,22.865,22.85,22.811,22.796,22.804,22.765,22.765,22.773,22.757,22.804,22.742,22.719,22.619,22.657,22.58,22.518,22.534,22.495,22.503,22.479,22.472,22.51,22.371,22.456,22.402,22.387,22.433,22.402,22.425,22.433,22.449,22.456,22.433,22.433,22.418,22.402,22.425,22.387,22.433,22.387,22.34,22.317,22.309
,22.046,22.007,21.999,21.991,21.976,21.968,21.96,21.96,21.952,21.984,21.991,22.022,22.022,22.022,22.069,22.061,22.053,22.03,22.03,22.053,22.077,22.053,22.053,22.007,22.007,22.053,22.053,22.092,22.092,22.1,22.108,22.1,22.108,22.092,22.092,22.084,22.092,22.1,22.084,22.092,22.077,22.022,21.984,21.984,22.022,22.061,22.092,22.271,22.317,22.379,22.464,22.518,22.58,22.603,22.649,22.68,22.75,22.773,22.85,22.881,22.919,22.965,22.942,23.034,23.034,23.081,23.188,23.234,23.357,23.479,23.525,24.379,24.591,24.651,24.727,24.765,24.878,24.878,24.923,24.961,25.006,25.097,25.345,25.51,25.75,25.69,25.788,25.825,25.765,25.668,23.663,22.665,22.673,22.696,22.765,22.804,23.257,23.762,26.139,26.251,26.228,26.146,25.735,25.638,25.21,25.052,24.931,24.795,24.855,24.855,24.795,24.719,24.712,24.712,24.674,24.682,24.689,24.651,24.583,24.598,24.568,24.568,24.568,24.591,24.621,24.568,24.606,24.576,24.583,24.606,24.666,24.689,24.75,24.772,24.81,24.871,24.991,25.021,25.089,25.247,25.285,25.292,25.368,25.473,25.277,24.871,24.735,24.523,24.371,24.227,24.196,24.097,23.831,23.762,23.716,23.632,23.617,23.617,23.617,23.602,23.594,23.602,23.586,23.571,23.556,23.487,23.479,23.41,23.364,23.319,23.249,23.188,23.127,23.05,22.988,22.934,22.873,22.819,22.757,22.711,22.665,22.595,22.557,22.503,22.464,22.503,22.526,22.58,22.619,22.68,22.757,22.819,22.865,23.449,25.832,27.274,27.325,27.348,27.274,26.734,25.217,23.724,23.472,23.387,23.341,23.311,23.326,23.319,23.341,23.341,23.334,23.364,23.364,23.38,23.387,23.41,23.433,23.456,23.449,23.441,23.426,23.41,23.403,23.38,23.38,23.311,23.234,23.188,23.157,23.111,23.088,23.042,23.019,23.011,23.019,23.042,23.05,23.104,23.234,23.441,23.693,23.77,23.808,23.96,23.983,24.044,24.151,24.128,24.272,24.303,24.386,24.401,24.485,24.545,24.545,24.583,24.568,24.545,24.545,24.5,24.47,24.432,24.371,24.363,24.386,24.363,24.371,24.401,24.409,24.432,24.439,24.447,24.424,24.454,24.439,24.447,24.432,24.401,24.401,24.371,24.363,24.363,24.318,24.295,24.318,24.166,24.082,23.998,23.907,23.594,23.564,23.571,23.586,23.594,23.678,23.777,23.823,23.96,24.037,24.143,24.166,24.257,24.295,24.318,24.341,24.31,24.303,24.265,24.242,24.242,24.173,24.143,24.128,24.113,24.059,24.014,23.915,23.907,23.892,23.884,23.899,23.922,23.892,23.854,23.793,23.693,23.648,23.586,23.349,23.265,23.173,23.111,23.011,22.95,22.904,22.881,22.865,22.858,22.865,22.858,22.85,22.85,22.842,22.865,22.873,22.958,22.981,23.034,23.104,23.326,23.357,23.487,23.716,23.8,23.877,24.09,24.151,24.31,24.272,24.333,24.348,24.287,24.272,24.189,24.158,24.113,24.021,23.976,23.922,23.762,23.655,23.617,23.456,23.311,23.119,23.065,22.881,22.727,22.642,22.588,22.541,22.503,22.495,22.402,22.356,22.418,22.58,23.296,24.772,24.976,24.991,24.984,24.984,24.991,24.976,24.923,24.908,24.795,24.787,24.735,24.613,24.598,24.591,24.523,24.507,24.507,24.507,24.492,24.515,24.47,24.424,24.363,24.333,24.242,24.196,24.113,24.052,24.029,23.93,23.93,23.816,23.693,23.632,23.602,23.556,23.502,23.51,23.403,23.372,23.334,23.326,23.357,23.234,23.196,23.119,23.081,23.034,23.011,23.004,23.004,23.042,23.096,23.211,23.648,23.884,23.991,24.356,24.477,24.772,25.172,25.39,25.66,25.668,25.735,25.728,25.75,25.653,25.42,25.383,25.277,25.195,25.089,25.089,24.931,24.878,24.855,24.75,24.719,24.606,24.545,24.515,24.424,24.189,23.8,23.418,23.173,23.065,23.034,22.95,22.919,22.942,22.911,22.981,23.096,23.119,23.211,23.341,23.525,23.625,24.158,24.394,24.591,24.735,24.765,24.712,24.682,24.56,24.158,24.204,23.854,23.548,23.38,23.334,23.28,23.211,23.219,23.922,25.405,25.443,25.443,25.405,25.292,25.232,25.089,24.999,24.878,24.719,24.583,24.56,24.257,24.151,24.135,24.044,24.006,23.907,23.861,23.808,23.793,23.785,23.77,23.732,23.709,23.678,23.571,23.594,23.602,23.632,23.678,23.724,23.747,23.716,23.655,23.525,23.326,23.165,23.157,22.996,22.911,22.904,22.765,22.742,22.703,22.642,22.657,22.673,23.594,24.719,24.818,25.006,24.999,25.187,25.24,25.3,25.518,25.533,25.623,25.675,25.638,25.855,25.945,26.042,26.124,26.139,26.012,25.758,25.915,25.525,25.458,25.353,24.908,24.629,24.249,23.991,23.693,23.479,23.303,23.127,23.05,22.973,22.904,22.934,22.919,23.004,23.034,23.027,23.011,22.927,22.85,22.85,22.804,22.796,22.788,22.75,22.75,22.765,22.719,22.788,22.719,22.727,22.657,22.572,22.564,22.518,22.487,22.503,22.464,22.441,22.518,22.464,22.449,22.387,22.425,22.402,22.394,22.425,22.418,22.449,22.433,22.464,22.433,22.387,22.425,22.418,22.394,22.41,22.332,22.379,22.34,22.332,22.302
,22.061,22.007,22.007,22.038,22.03,21.991,21.984,21.976,21.976,21.991,22.015,21.999,22.015,22.038,22.03,22.03,22.046,22.046,22.069,22.046,22.084,22.053,22.061,22.069,22.046,22.077,22.069,22.084,22.1,22.092,22.084,22.116,22.1,22.108,22.131,22.116,22.123,22.1,22.092,22.108,22.069,22.007,21.968,21.991,22.03,22.077,22.154,22.24,22.325,22.402,22.433,22.456,22.526,22.603,22.626,22.665,22.711,22.75,22.85,22.873,22.881,22.911,22.965,22.996,23.088,23.104,23.226,23.311,23.319,23.449,23.8,24.439,24.583,24.704,24.75,24.825,24.848,24.916,24.871,24.946,25.074,25.149,25.292,25.495,25.533,25.75,25.825,25.825,25.773,25.473,23.602,22.68,22.649,22.703,22.865,22.996,23.357,24.318,26.236,26.288,26.228,25.892,25.615,24.961,24.871,24.719,24.659,24.644,24.651,24.727,24.682,24.651,24.674,24.659,24.651,24.613,24.613,24.606,24.613,24.583,24.568,24.56,24.583,24.553,24.583,24.621,24.606,24.591,24.591,24.621,24.674,24.682,24.697,24.757,24.833,24.931,24.938,25.036,25.082,25.172,25.262,25.315,25.383,25.435,25.36,24.78,24.697,24.424,24.379,24.287,24.181,24.006,23.793,23.724,23.693,23.648,23.632,23.609,23.594,23.594,23.586,23.579,23.586,23.564,23.533,23.51,23.449,23.41,23.364,23.296,23.242,23.257,23.119,23.073,22.988,22.911,22.827,22.788,22.773,22.703,22.626,22.588,22.549,22.51,22.503,22.51,22.526,22.588,22.665,22.703,22.78,22.819,23.027,23.632,25.877,27.244,27.333,27.333,27.296,26.941,25.308,23.678,23.41,23.395,23.311,23.303,23.28,23.334,23.311,23.326,23.341,23.357,23.38,23.372,23.372,23.426,23.41,23.449,23.441,23.418,23.418,23.403,23.418,23.38,23.334,23.372,23.265,23.211,23.15,23.111,23.073,23.05,23.019,22.996,23.004,23.011,23.111,23.127,23.226,23.495,23.632,23.686,23.869,23.945,23.976,24.021,24.075,24.173,24.204,24.28,24.333,24.416,24.432,24.538,24.583,24.591,24.576,24.598,24.568,24.538,24.507,24.462,24.432,24.394,24.386,24.379,24.379,24.386,24.401,24.447,24.432,24.439,24.439,24.439,24.439,24.447,24.432,24.416,24.394,24.401,24.386,24.386,24.318,24.325,24.287,24.173,24.128,24.029,23.861,23.609,23.571,23.579,23.594,23.632,23.671,23.755,23.945,23.907,24.014,24.105,24.211,24.234,24.333,24.341,24.333,24.318,24.303,24.265,24.211,24.196,24.173,24.135,24.105,24.09,24.037,24.006,23.922,23.884,23.899,23.907,23.892,23.892,23.877,23.884,23.777,23.701,23.64,23.395,23.319,23.234,23.134,23.05,22.981,22.934,22.904,22.873,22.858,22.827,22.834,22.834,22.834,22.827,22.827,22.85,22.904,22.988,22.973,23.081,23.119,23.272,23.403,23.548,23.625,23.701,24.052,24.097,24.219,24.287,24.356,24.371,24.356,24.303,24.287,24.242,24.173,24.135,24.006,23.976,23.907,23.8,23.648,23.586,23.456,23.319,23.173,22.996,22.927,22.757,22.727,22.588,22.534,22.503,22.472,22.402,22.379,22.394,22.418,23.533,24.704,24.984,24.961,24.984,24.999,24.984,25.014,24.954,24.871,24.833,24.75,24.735,24.659,24.598,24.598,24.515,24.523,24.5,24.5,24.538,24.492,24.507,24.454,24.386,24.318,24.28,24.196,24.12,24.09,24.014,23.991,23.877,23.785,23.762,23.678,23.648,23.602,23.525,23.487,23.433,23.403,23.387,23.349,23.311,23.203,23.173,23.134,23.081,23.05,23.05,23.011,23.019,23.073,23.096,23.249,23.617,23.823,23.907,24.257,24.28,24.78,25.067,25.285,25.57,25.743,25.765,25.743,25.705,25.623,25.48,25.368,25.217,25.149,25.097,25.074,24.916,24.871,24.78,24.704,24.636,24.553,24.485,24.47,24.356,24.371,23.907,23.372,23.288,23.165,22.958,22.958,22.896,22.896,22.888,22.904,22.981,23.05,23.196,23.334,23.387,23.755,24.151,24.409,24.674,24.629,24.803,24.719,24.613,24.523,24.447,24.021,23.892,23.693,23.319,23.296,23.226,23.219,23.249,23.899,25.42,25.428,25.443,25.383,25.292,25.232,25.052,25.036,24.848,24.742,24.629,24.492,24.439,24.135,24.166,24.052,24.014,23.907,23.854,23.846,23.8,23.8,23.77,23.755,23.716,23.671,23.617,23.602,23.586,23.64,23.693,23.709,23.724,23.655,23.579,23.464,23.387,23.234,23.096,23.05,22.958,22.842,22.742,22.75,22.703,22.68,22.665,22.688,23.846,24.735,24.75,24.938,24.976,24.969,25.255,25.428,25.615,25.653,25.608,25.69,25.825,25.982,26.064,26.131,26.019,26.087,26.064,25.825,25.743,25.525,25.488,25.202,24.765,24.757,24.28,24.014,23.678,23.41,23.265,23.119,23.011,22.981,22.873,22.911,22.95,22.973,22.996,22.973,22.958,22.888,22.842,22.796,22.78,22.804,22.711,22.788,22.742,22.727,22.757,22.765,22.742,22.68,22.696,22.626,22.534,22.503,22.534,22.449,22.472,22.456,22.518,22.526,22.456,22.433,22.433,22.394,22.433,22.418,22.449,22.472,22.441,22.487,22.449,22.449,22.441,22.418,22.425,22.418,22.363,22.387,22.371,22.356,22.317
,22.03,22.038,22.038,21.984,22.007,21.991,21.96,21.976,21.976,21.984,22.015,22.022,22.038,22.038,22.046,22.061,22.061,22.069,22.061,22.077,22.077,22.084,22.1,22.108,22.053,22.069,22.084,22.053,22.092,22.092,22.084,22.1,22.1,22.123,22.147,22.116,22.123,22.108,22.1,22.084,22.053,21.929,21.984,21.999,21.999,22.123,22.154,22.271,22.363,22.402,22.394,22.526,22.557,22.58,22.626,22.649,22.68,22.703,22.796,22.827,22.881,22.911,22.942,22.973,23.027,23.058,23.219,23.41,23.395,23.533,24.044,24.416,24.583,24.682,24.735,24.81,24.855,24.878,24.893,24.923,25.052,25.134,25.315,25.405,25.683,25.743,25.84,25.803,25.795,25.383,23.602,22.68,22.719,22.703,22.904,22.95,23.426,24.598,26.31,26.273,25.952,25.518,25.097,24.901,24.712,24.583,24.56,24.591,24.651,24.606,24.636,24.644,24.613,24.613,24.606,24.613,24.568,24.56,24.568,24.553,24.545,24.568,24.538,24.576,24.576,24.576,24.568,24.583,24.606,24.629,24.659,24.689,24.727,24.78,24.863,24.916,24.961,25.089,25.082,25.232,25.27,25.323,25.338,25.308,25.014,24.81,24.545,24.47,24.333,24.257,24.158,24.044,23.808,23.716,23.64,23.609,23.602,23.602,23.548,23.579,23.579,23.564,23.548,23.556,23.541,23.495,23.449,23.433,23.38,23.326,23.257,23.203,23.157,23.081,22.927,22.873,22.834,22.788,22.711,22.657,22.626,22.51,22.464,22.464,22.464,22.518,22.557,22.611,22.657,22.727,22.75,22.827,23.096,23.945,26.637,27.252,27.259,27.311,27.148,26.511,24.56,23.678,23.426,23.387,23.341,23.303,23.303,23.341,23.349,23.326,23.364,23.349,23.357,23.357,23.38,23.38,23.41,23.426,23.418,23.418,23.418,23.403,23.403,23.387,23.341,23.257,23.242,23.203,23.142,23.096,23.073,23.027,23.027,23.034,23.019,23.027,23.127,23.203,23.265,23.395,23.586,23.739,23.854,23.938,23.907,24.006,24.067,24.173,24.242,24.227,24.318,24.363,24.409,24.507,24.576,24.583,24.576,24.583,24.568,24.545,24.538,24.477,24.432,24.416,24.386,24.386,24.394,24.409,24.439,24.447,24.462,24.454,24.454,24.454,24.454,24.432,24.439,24.409,24.416,24.386,24.386,24.363,24.318,24.333,24.189,24.204,24.082,23.938,23.816,23.632,23.564,23.586,23.602,23.648,23.724,23.877,23.907,23.892,23.998,24.113,24.128,24.257,24.303,24.325,24.325,24.318,24.287,24.242,24.204,24.158,24.128,24.082,24.075,24.052,24.044,23.983,23.93,23.907,23.907,23.884,23.922,23.907,23.877,23.861,23.785,23.709,23.602,23.456,23.234,23.18,23.096,23.019,22.973,22.927,22.865,22.842,22.827,22.819,22.819,22.827,22.827,22.85,22.858,22.827,22.888,22.942,22.988,23.065,23.203,23.257,23.349,23.525,23.671,23.854,24.082,24.265,24.257,24.348,24.356,24.363,24.371,24.333,24.31,24.234,24.166,24.158,24.059,23.983,23.915,23.755,23.586,23.571,23.502,23.334,23.15,23.157,22.842,22.78,22.742,22.595,22.564,22.464,22.441,22.41,22.41,22.317,22.472,23.28,24.666,24.969,25.014,24.999,25.014,25.006,24.999,24.931,24.931,24.848,24.81,24.772,24.682,24.666,24.576,24.53,24.538,24.507,24.507,24.515,24.523,24.5,24.477,24.447,24.416,24.272,24.219,24.12,24.082,24.029,23.968,23.846,23.816,23.762,23.732,23.663,23.564,23.51,23.487,23.449,23.403,23.372,23.357,23.319,23.234,23.173,23.104,23.081,23.065,23.027,23.027,23.019,23.065,23.104,23.296,23.518,23.838,24.135,24.31,24.515,24.893,25.006,25.285,25.645,25.645,25.773,25.728,25.743,25.66,25.585,25.338,25.21,25.059,24.946,24.893,24.878,24.78,24.75,24.697,24.644,24.56,24.454,24.409,24.371,24.249,23.907,23.387,23.219,23.142,22.981,22.95,22.888,22.942,22.95,22.996,23.027,23.173,23.211,23.272,23.456,23.877,24.189,24.515,24.674,24.704,24.697,24.757,24.523,24.477,24.439,24.044,23.854,23.709,23.586,23.326,23.219,23.196,23.249,24.666,25.443,25.443,25.428,25.353,25.33,25.27,25.097,25.067,24.961,24.735,24.674,24.53,24.485,24.189,24.097,24.044,23.983,23.915,23.877,23.854,23.8,23.823,23.762,23.747,23.709,23.648,23.609,23.609,23.571,23.663,23.693,23.701,23.655,23.701,23.495,23.472,23.341,23.188,23.111,23.004,22.873,22.896,22.765,22.719,22.673,22.649,22.68,22.888,23.907,24.765,24.863,24.969,25.014,25.149,25.27,25.428,25.668,25.585,25.765,25.847,25.915,26.087,26.109,26.079,26.139,26.101,26.034,25.952,25.743,25.6,25.292,25.082,24.803,24.636,24.196,23.991,23.77,23.38,23.234,23.196,23.027,22.958,22.927,22.934,22.942,22.965,22.965,22.927,22.927,22.858,22.819,22.757,22.773,22.757,22.742,22.78,22.727,22.673,22.665,22.688,22.68,22.696,22.673,22.619,22.634,22.58,22.479,22.518,22.526,22.487,22.495,22.51,22.464,22.472,22.456,22.418,22.402,22.425,22.449,22.479,22.456,22.418,22.433,22.433,22.402,22.425,22.387,22.379,22.441,22.325,22.34,22.332,22.325
,22.015,21.999,21.999,21.968,21.968,21.991,21.976,21.984,21.984,21.968,21.976,22.015,22.022,22.022,22.046,22.061,22.061,22.061,22.061,22.084,22.069,22.069,22.061,22.123,22.069,22.069,22.077,22.077,22.069,22.053,22.069,22.116,22.123,22.154,22.162,22.162,22.139,22.092,22.092,22.053,21.999,21.945,21.952,21.999,22.007,22.053,22.123,22.255,22.34,22.387,22.456,22.495,22.549,22.572,22.58,22.619,22.634,22.703,22.757,22.811,22.873,22.904,22.95,22.973,23.019,23.073,23.211,23.334,23.395,23.464,23.945,24.47,24.598,24.666,24.712,24.795,24.855,24.886,24.886,24.908,24.991,25.149,25.232,25.368,25.773,25.743,25.84,25.832,25.773,25.059,23.034,22.703,22.719,22.827,22.842,23.027,23.548,24.727,25.945,26.034,25.855,25.18,24.735,24.606,24.47,24.515,24.477,24.507,24.515,24.53,24.553,24.576,24.598,24.583,24.576,24.545,24.507,24.492,24.538,24.56,24.553,24.553,24.538,24.598,24.553,24.591,24.613,24.598,24.621,24.651,24.666,24.682,24.689,24.742,24.765,24.833,24.916,24.969,25.029,25.134,25.247,25.285,25.315,25.24,24.976,24.742,24.462,24.439,24.386,24.242,24.204,23.899,23.831,23.701,23.663,23.594,23.564,23.586,23.564,23.564,23.564,23.548,23.541,23.533,23.518,23.51,23.472,23.41,23.372,23.319,23.249,23.173,23.127,23.042,22.942,22.911,22.788,22.773,22.68,22.603,22.572,22.479,22.487,22.441,22.456,22.487,22.557,22.603,22.642,22.665,22.765,23.011,23.234,24.272,26.459,27.222,27.163,27.259,27.17,26.466,24.545,23.564,23.341,23.311,23.311,23.311,23.326,23.303,23.296,23.319,23.341,23.349,23.349,23.372,23.372,23.38,23.395,23.403,23.41,23.418,23.41,23.395,23.395,23.372,23.288,23.234,23.203,23.165,23.15,23.081,23.065,23.019,22.981,23.004,22.981,23.019,23.104,23.211,23.272,23.41,23.556,23.663,23.846,23.884,23.945,24.006,24.052,24.044,24.151,24.219,24.31,24.348,24.416,24.462,24.53,24.545,24.583,24.538,24.56,24.545,24.5,24.477,24.507,24.424,24.394,24.386,24.409,24.439,24.462,24.47,24.447,24.424,24.447,24.462,24.432,24.454,24.424,24.416,24.416,24.386,24.386,24.341,24.341,24.287,24.181,24.12,23.991,23.938,23.732,23.64,23.571,23.594,23.609,23.632,23.709,23.793,23.892,23.968,23.991,24.105,24.151,24.249,24.28,24.295,24.318,24.303,24.272,24.219,24.166,24.128,24.113,24.082,24.059,24.014,23.968,23.915,23.907,23.945,23.907,23.915,23.877,23.877,23.877,23.77,23.663,23.586,23.533,23.357,23.319,23.15,23.081,22.988,22.896,22.904,22.85,22.811,22.804,22.788,22.811,22.811,22.819,22.811,22.78,22.834,22.85,22.911,22.973,23.058,23.104,23.173,23.418,23.586,23.671,23.884,23.998,24.189,24.287,24.333,24.363,24.409,24.371,24.333,24.348,24.265,24.181,24.067,24.014,23.976,23.93,23.77,23.693,23.609,23.395,23.326,23.211,22.896,22.811,22.727,22.688,22.626,22.526,22.472,22.449,22.387,22.371,22.363,22.402,22.464,24.621,24.901,24.999,24.991,25.014,25.021,25.006,24.976,24.931,24.825,24.78,24.735,24.719,24.666,24.613,24.56,24.523,24.545,24.523,24.53,24.507,24.5,24.5,24.447,24.356,24.325,24.211,24.181,24.082,24.067,23.93,23.899,23.823,23.716,23.739,23.663,23.632,23.533,23.479,23.449,23.41,23.387,23.303,23.288,23.188,23.157,23.134,23.073,23.027,23.027,23.019,23.011,23.05,23.173,23.288,23.602,23.785,24.075,24.075,24.477,24.818,24.931,25.383,25.533,25.743,25.728,25.705,25.735,25.6,25.48,25.353,25.18,25.052,25.014,24.871,24.78,24.772,24.659,24.651,24.538,24.507,24.454,24.386,24.348,24.348,23.831,23.433,23.28,23.142,22.981,22.988,22.919,22.911,22.919,22.981,23.019,23.081,23.196,23.288,23.418,23.899,24.249,24.523,24.621,24.689,24.651,24.598,24.507,24.386,24.249,24.021,23.762,23.655,23.418,23.341,23.203,23.234,23.257,24.712,25.465,25.458,25.45,25.375,25.292,25.18,25.134,25.036,24.999,24.818,24.507,24.485,24.409,24.234,24.12,24.082,23.983,23.93,23.831,23.831,23.823,23.816,23.777,23.732,23.709,23.671,23.625,23.602,23.579,23.632,23.625,23.602,23.678,23.655,23.449,23.464,23.326,23.234,23.088,22.95,22.911,22.796,22.727,22.727,22.696,22.68,22.642,22.888,23.983,24.712,24.863,24.969,25.149,25.187,25.368,25.473,25.6,25.623,25.818,25.877,26.087,26.176,26.183,26.183,26.169,26.124,25.93,25.825,25.638,25.518,25.443,25.044,24.803,24.386,24.265,24.067,23.632,23.548,23.311,23.142,23.042,22.904,22.873,22.834,22.934,22.927,22.934,22.942,22.896,22.858,22.788,22.757,22.727,22.703,22.673,22.665,22.642,22.634,22.649,22.611,22.611,22.649,22.665,22.611,22.595,22.549,22.518,22.51,22.449,22.534,22.526,22.472,22.464,22.425,22.441,22.394,22.449,22.433,22.433,22.425,22.456,22.503,22.456,22.456,22.418,22.425,22.402,22.425,22.41,22.371,22.34,22.332,22.309
,22.015,22.007,22.015,21.984,21.976,21.991,21.976,21.999,21.984,21.976,21.999,22.007,22.015,22.046,22.053,22.053,22.046,22.053,22.084,22.069,22.077,22.069,22.061,22.077,22.061,22.1,22.038,22.077,22.084,22.053,22.108,22.1,22.123,22.131,22.154,22.147,22.108,22.061,22.077,22.022,21.921,21.906,21.96,21.991,22.022,22.139,22.209,22.286,22.294,22.371,22.433,22.456,22.503,22.564,22.595,22.619,22.634,22.742,22.765,22.819,22.842,22.927,22.927,23.004,23.011,23.165,23.203,23.349,23.456,23.51,24.265,24.507,24.591,24.659,24.757,24.818,24.871,24.863,24.886,24.871,24.984,25.067,25.27,25.413,25.75,25.832,25.862,25.84,25.705,24.689,22.927,22.765,22.765,22.834,22.911,23.111,23.395,25.308,26.198,25.907,25.36,24.976,24.553,24.492,24.492,24.447,24.447,24.439,24.454,24.477,24.515,24.545,24.523,24.507,24.454,24.485,24.515,24.523,24.507,24.545,24.538,24.598,24.576,24.606,24.598,24.613,24.636,24.644,24.659,24.682,24.697,24.704,24.712,24.727,24.772,24.833,24.893,24.969,25.006,25.044,25.27,25.255,25.285,25.21,24.833,24.56,24.424,24.477,24.348,24.287,24.113,23.915,23.732,23.716,23.617,23.594,23.586,23.556,23.564,23.548,23.548,23.518,23.525,23.533,23.518,23.479,23.433,23.426,23.357,23.326,23.219,23.211,23.127,23.011,22.873,22.788,22.727,22.703,22.688,22.58,22.51,22.495,22.441,22.472,22.479,22.557,22.58,22.619,22.611,22.742,22.75,23.011,23.15,24.598,26.57,26.986,26.867,27.163,27.06,26.221,24.454,23.502,23.364,23.326,23.311,23.296,23.311,23.311,23.319,23.288,23.357,23.341,23.357,23.38,23.364,23.395,23.38,23.395,23.395,23.418,23.403,23.403,23.372,23.326,23.265,23.242,23.211,23.157,23.127,23.088,23.034,23.019,22.981,22.973,22.996,22.996,23.096,23.196,23.334,23.326,23.564,23.686,23.77,23.869,23.785,23.922,24.12,24.151,24.211,24.249,24.303,24.363,24.401,24.462,24.523,24.56,24.545,24.53,24.53,24.538,24.538,24.507,24.454,24.416,24.394,24.363,24.432,24.454,24.477,24.477,24.462,24.447,24.439,24.447,24.439,24.416,24.409,24.394,24.394,24.401,24.379,24.371,24.318,24.265,24.242,24.135,24.075,23.96,23.747,23.602,23.617,23.586,23.655,23.64,23.701,23.854,23.892,23.96,24.059,24.105,24.196,24.257,24.295,24.31,24.295,24.28,24.242,24.219,24.173,24.135,24.09,24.052,24.021,23.991,23.983,23.96,23.938,23.968,23.96,23.93,23.922,23.892,23.877,23.762,23.617,23.564,23.441,23.272,23.15,23.081,23.034,22.973,22.927,22.865,22.827,22.788,22.773,22.78,22.796,22.804,22.811,22.788,22.804,22.85,22.896,22.927,22.996,23.019,23.127,23.364,23.449,23.533,23.625,23.823,23.93,24.151,24.249,24.379,24.386,24.401,24.394,24.379,24.341,24.265,24.189,24.09,24.029,23.945,23.976,23.846,23.625,23.525,23.387,23.272,23.142,23.073,22.819,22.78,22.696,22.611,22.557,22.479,22.394,22.379,22.363,22.379,22.418,22.911,24.47,24.735,24.946,24.999,24.999,25.029,25.021,24.976,24.938,24.848,24.787,24.75,24.719,24.636,24.606,24.576,24.53,24.53,24.515,24.53,24.515,24.507,24.477,24.454,24.401,24.371,24.28,24.189,24.105,24.067,24.014,23.922,23.846,23.777,23.732,23.724,23.625,23.548,23.487,23.441,23.395,23.38,23.311,23.249,23.196,23.157,23.111,23.088,23.065,22.996,23.034,23.004,23.05,23.088,23.226,23.617,23.899,24.021,24.135,24.303,24.84,24.863,25.165,25.525,25.623,25.773,25.758,25.743,25.69,25.488,25.443,25.262,25.157,24.908,24.818,24.765,24.674,24.613,24.591,24.591,24.523,24.439,24.424,24.439,24.128,23.831,23.456,23.249,23.157,23.065,22.965,22.904,22.927,22.919,22.95,22.996,23.019,23.196,23.242,23.41,23.838,24.295,24.47,24.621,24.644,24.659,24.583,24.409,24.341,24.151,23.846,23.762,23.502,23.38,23.265,23.211,23.203,23.203,24.659,25.495,25.48,25.443,25.308,25.292,25.21,25.089,25.021,24.969,24.803,24.583,24.462,24.386,24.234,24.097,24.097,23.976,23.922,23.922,23.846,23.831,23.793,23.777,23.716,23.693,23.648,23.571,23.602,23.609,23.625,23.678,23.617,23.617,23.663,23.41,23.364,23.249,23.073,23.011,22.904,22.904,22.819,22.734,22.727,22.688,22.696,22.734,23.234,24.447,24.787,24.946,25.014,25.134,25.217,25.375,25.473,25.735,25.915,26.072,26.019,26.191,26.243,26.161,26.154,26.072,26.109,25.982,25.773,25.495,25.36,25.172,24.81,24.712,24.295,24.265,24.067,23.602,23.449,23.28,23.142,22.996,22.911,22.911,22.896,22.904,22.95,22.888,22.896,22.896,22.811,22.865,22.727,22.719,22.68,22.742,22.634,22.619,22.619,22.649,22.634,22.634,22.634,22.642,22.619,22.634,22.572,22.557,22.58,22.534,22.503,22.495,22.456,22.51,22.449,22.456,22.449,22.441,22.402,22.418,22.371,22.394,22.449,22.363,22.433,22.464,22.449,22.356,22.449,22.348,22.34,22.379,22.34,22.302
,22.03,21.976,21.999,21.976,21.945,21.984,21.976,21.976,21.991,21.945,21.89,21.991,22.015,22.038,22.053,22.038,22.077,22.077,22.061,22.038,22.092,22.061,22.123,22.084,22.108,22.053,22.069,22.053,22.038,22.046,22.061,22.084,22.147,22.147,22.116,22.131,22.154,22.116,22.015,21.906,21.937,21.945,21.952,21.984,22.022,22.131,22.224,22.286,22.325,22.433,22.402,22.51,22.518,22.603,22.603,22.626,22.649,22.703,22.773,22.804,22.865,22.896,22.942,22.996,23.034,23.104,23.211,23.265,23.449,23.655,24.12,24.47,24.545,24.636,24.818,24.84,24.863,24.878,24.886,24.938,24.946,25.067,25.247,25.405,25.66,25.803,25.855,25.862,25.818,24.553,22.85,22.804,22.719,22.819,23.027,23.058,23.51,25.428,26.154,25.758,25.232,24.583,24.56,24.394,24.371,24.325,24.379,24.348,24.379,24.454,24.492,24.477,24.477,24.416,24.424,24.409,24.507,24.5,24.538,24.545,24.545,24.598,24.613,24.629,24.644,24.636,24.651,24.689,24.704,24.704,24.719,24.719,24.727,24.735,24.765,24.803,24.855,24.931,24.999,25.187,25.21,25.262,25.24,25.127,24.946,24.666,24.432,24.394,24.386,24.181,24.12,23.907,23.77,23.671,23.632,23.579,23.564,23.541,23.525,23.518,23.518,23.495,23.51,23.51,23.456,23.479,23.41,23.372,23.341,23.303,23.242,23.157,23.104,22.973,22.858,22.796,22.742,22.68,22.611,22.549,22.534,22.464,22.441,22.456,22.433,22.464,22.526,22.534,22.534,22.688,22.788,23.05,23.188,25.157,26.852,27.104,27.111,27.067,26.778,26.049,24.341,23.418,23.341,23.349,23.296,23.303,23.303,23.303,23.311,23.326,23.341,23.349,23.357,23.372,23.38,23.387,23.38,23.395,23.403,23.41,23.41,23.403,23.387,23.303,23.272,23.226,23.157,23.134,23.096,23.05,23.011,23.004,22.981,22.996,22.981,23.034,23.111,23.203,23.349,23.441,23.548,23.701,23.732,23.808,23.877,23.922,24.006,24.113,24.189,24.272,24.272,24.341,24.363,24.401,24.5,24.47,24.523,24.56,24.538,24.523,24.507,24.492,24.454,24.432,24.394,24.394,24.454,24.477,24.492,24.492,24.47,24.409,24.439,24.447,24.424,24.371,24.386,24.416,24.386,24.394,24.386,24.333,24.265,24.219,24.189,24.113,24.044,23.838,23.648,23.594,23.579,23.586,23.602,23.663,23.709,23.808,23.907,23.991,24.052,24.151,24.151,24.242,24.265,24.28,24.287,24.28,24.257,24.189,24.166,24.12,24.09,24.067,24.006,23.983,23.96,23.968,23.953,23.96,23.945,23.976,23.899,23.861,23.793,23.724,23.525,23.464,23.28,23.242,23.119,23.065,22.965,22.927,22.865,22.858,22.819,22.78,22.78,22.773,22.796,22.788,22.804,22.773,22.788,22.842,22.858,22.942,23.004,23.05,23.073,23.334,23.426,23.571,23.762,23.922,24.158,24.204,24.303,24.416,24.409,24.439,24.394,24.394,24.348,24.272,24.257,24.075,24.014,23.915,23.8,23.762,23.701,23.502,23.518,23.296,23.165,23.011,22.881,22.796,22.711,22.619,22.541,22.479,22.441,22.394,22.379,22.379,22.418,22.95,24.538,24.886,24.961,24.976,25.014,25.036,25.036,24.991,24.931,24.848,24.803,24.75,24.689,24.598,24.613,24.606,24.576,24.56,24.545,24.53,24.515,24.492,24.492,24.447,24.394,24.356,24.303,24.211,24.128,24.097,24.029,23.998,23.915,23.793,23.732,23.732,23.648,23.541,23.51,23.449,23.395,23.364,23.303,23.249,23.196,23.142,23.104,23.096,23.05,23.011,22.988,23.058,23.157,23.326,23.326,23.564,23.594,23.938,24.097,24.257,24.697,24.825,25.097,25.375,25.683,25.765,25.743,25.713,25.593,25.563,25.465,25.345,25.089,24.878,24.81,24.735,24.704,24.674,24.613,24.568,24.553,24.416,24.401,24.287,24.006,23.922,23.747,23.226,23.058,22.958,22.942,22.919,22.919,22.904,22.958,23.011,23.042,23.088,23.165,23.326,23.945,24.242,24.477,24.56,24.636,24.613,24.454,24.432,24.257,24.09,23.846,23.716,23.502,23.372,23.288,23.165,23.119,23.211,24.991,25.495,25.473,25.465,25.42,25.33,25.157,25.149,25.021,24.923,24.689,24.53,24.439,24.363,24.249,24.173,24.014,23.983,23.915,23.808,23.823,23.732,23.755,23.777,23.709,23.678,23.648,23.64,23.625,23.579,23.571,23.625,23.671,23.617,23.602,23.472,23.334,23.211,23.027,23.088,22.911,22.865,22.75,22.742,22.734,22.68,22.696,22.734,23.081,24.507,24.901,24.893,25.082,25.21,25.255,25.675,25.578,25.78,26.049,26.176,26.116,26.236,26.243,26.183,26.191,26.109,25.975,26.004,25.525,25.473,25.277,25.097,24.901,24.682,24.348,24.242,24.09,23.739,23.548,23.28,23.196,23.027,22.858,22.842,22.896,22.85,22.911,22.881,22.873,22.858,22.811,22.842,22.75,22.711,22.665,22.626,22.619,22.588,22.595,22.595,22.595,22.603,22.603,22.58,22.619,22.603,22.603,22.51,22.518,22.495,22.464,22.449,22.472,22.464,22.449,22.472,22.41,22.433,22.418,22.356,22.425,22.394,22.441,22.371,22.449,22.387,22.363,22.348,22.363,22.425,22.332,22.325,22.302,22.286
,21.968,21.991,21.976,21.945,21.96,21.984,21.984,21.984,21.968,21.945,21.968,21.984,22.007,22.03,22.03,22.053,22.053,22.007,22.038,22.053,22.053,22.069,22.077,22.038,22.038,22.022,22.061,22.046,22.053,22.038,22.046,22.038,22.123,22.139,22.116,22.084,22.084,22.022,21.929,21.921,21.883,21.914,21.968,22.007,22.053,22.053,22.185,22.294,22.302,22.402,22.418,22.51,22.541,22.603,22.626,22.642,22.642,22.711,22.78,22.819,22.827,22.873,22.927,22.988,23.011,23.142,23.142,23.326,23.479,23.869,24.325,24.5,24.576,24.697,24.81,24.833,24.878,24.893,24.901,24.931,24.938,25.044,25.24,25.503,25.645,25.705,25.788,25.788,25.743,24.439,22.896,22.858,22.85,22.919,23.004,23.157,23.655,25.465,26.087,25.84,25.059,24.613,24.492,24.379,24.287,24.287,24.265,24.379,24.386,24.432,24.462,24.439,24.439,24.462,24.409,24.439,24.47,24.485,24.523,24.56,24.56,24.598,24.621,24.644,24.659,24.697,24.704,24.719,24.727,24.742,24.757,24.735,24.742,24.757,24.757,24.818,24.855,24.923,25.014,25.127,25.195,25.247,25.165,25.052,24.659,24.485,24.409,24.379,24.303,24.227,23.953,23.854,23.701,23.655,23.602,23.571,23.525,23.51,23.487,23.51,23.487,23.51,23.449,23.502,23.487,23.426,23.426,23.372,23.311,23.257,23.203,23.15,23.027,22.911,22.827,22.819,22.734,22.642,22.564,22.51,22.503,22.441,22.472,22.456,22.518,22.526,22.541,22.557,22.588,22.657,22.819,23.226,23.441,25.885,26.793,26.926,27.06,27.06,26.749,26.072,24.128,23.38,23.334,23.272,23.272,23.265,23.265,23.288,23.303,23.288,23.319,23.341,23.38,23.38,23.38,23.364,23.387,23.41,23.403,23.41,23.41,23.349,23.349,23.319,23.257,23.226,23.165,23.104,23.05,23.027,23.027,22.958,22.973,22.965,23.004,23.027,23.096,23.111,23.349,23.464,23.548,23.648,23.732,23.785,23.854,23.922,23.991,24.135,24.181,24.189,24.303,24.333,24.379,24.409,24.454,24.485,24.515,24.523,24.538,24.553,24.523,24.515,24.447,24.424,24.401,24.401,24.462,24.485,24.485,24.5,24.454,24.439,24.424,24.424,24.432,24.416,24.394,24.371,24.379,24.363,24.371,24.341,24.287,24.265,24.189,24.128,24.09,23.892,23.732,23.648,23.564,23.564,23.632,23.655,23.701,23.816,23.907,23.983,24.097,24.151,24.166,24.234,24.265,24.295,24.318,24.272,24.242,24.196,24.173,24.143,24.097,24.052,24.037,23.976,23.983,23.983,23.968,23.976,23.976,23.945,23.907,23.823,23.762,23.655,23.433,23.38,23.357,23.119,23.104,22.996,22.988,22.927,22.85,22.788,22.796,22.773,22.765,22.75,22.757,22.734,22.727,22.78,22.819,22.834,22.865,22.919,22.958,23.05,23.096,23.372,23.456,23.548,23.785,23.899,24.181,24.249,24.348,24.409,24.454,24.454,24.363,24.401,24.356,24.287,24.242,24.097,24.075,23.915,23.701,23.686,23.586,23.602,23.403,23.226,23.211,22.988,22.811,22.765,22.711,22.642,22.572,22.487,22.418,22.387,22.387,22.387,22.402,22.603,24.507,24.818,24.954,24.984,25.021,25.052,25.044,25.006,24.976,24.923,24.833,24.787,24.712,24.659,24.598,24.553,24.553,24.485,24.515,24.523,24.507,24.5,24.462,24.447,24.401,24.371,24.325,24.28,24.227,24.151,24.09,23.96,23.93,23.816,23.762,23.739,23.64,23.579,23.518,23.456,23.41,23.349,23.28,23.196,23.196,23.173,23.127,23.096,23.058,23.027,23.058,23.073,23.034,23.272,23.395,23.701,23.724,23.907,24.181,24.341,24.576,24.916,25.187,25.48,25.585,25.735,25.773,25.728,25.78,25.645,25.428,25.323,25.097,25.044,24.893,24.81,24.78,24.644,24.621,24.56,24.492,24.477,24.409,24.257,24.219,23.93,23.571,23.157,23.027,22.973,23.004,22.95,22.927,22.95,22.942,23.019,23.05,23.104,23.242,23.418,23.884,24.432,24.515,24.47,24.583,24.507,24.432,24.249,24.12,23.877,23.899,23.602,23.64,23.395,23.28,23.134,23.173,23.372,25.398,25.525,25.465,25.36,25.398,25.262,25.149,25.142,25.067,24.961,24.735,24.629,24.553,24.485,24.166,24.249,24.075,24.006,23.915,23.884,23.854,23.793,23.755,23.732,23.724,23.64,23.617,23.594,23.586,23.609,23.594,23.594,23.586,23.564,23.617,23.449,23.341,23.219,23.058,22.988,22.858,22.865,22.75,22.742,22.649,22.711,22.757,22.734,23.134,24.53,24.878,24.878,25.074,25.225,25.525,25.788,25.945,26.146,26.236,26.183,26.273,26.28,26.243,26.176,26.206,26.087,25.9,25.668,25.615,25.39,25.308,25.036,24.901,24.81,24.379,24.401,24.059,23.808,23.51,23.433,23.134,22.904,22.834,22.896,22.873,22.811,22.888,22.811,22.842,22.85,22.804,22.765,22.811,22.673,22.665,22.619,22.588,22.564,22.564,22.572,22.549,22.572,22.603,22.595,22.595,22.595,22.588,22.557,22.51,22.518,22.441,22.51,22.433,22.456,22.464,22.449,22.449,22.433,22.402,22.433,22.456,22.425,22.456,22.449,22.41,22.402,22.348,22.371,22.456,22.441,22.348,22.317,22.302,22.286
,21.937,21.976,21.976,21.968,21.968,21.984,21.976,21.984,22.007,21.96,21.952,21.952,22.03,21.999,22.038,22.053,22.046,22.038,22.038,22.046,22.077,22.077,22.053,22.077,21.96,22.108,21.999,22.022,22.1,22.015,22.015,22.131,22.108,22.116,22.077,22.069,22.022,22.03,21.859,21.844,21.906,21.921,22.015,22.015,22.015,22.131,22.193,22.24,22.332,22.371,22.449,22.487,22.518,22.572,22.595,22.611,22.68,22.719,22.757,22.804,22.834,22.873,22.965,22.95,23.058,23.073,23.134,23.249,23.533,24.189,24.341,24.485,24.606,24.712,24.795,24.833,24.863,24.908,24.931,24.931,24.999,25.134,25.285,25.495,25.623,25.653,25.698,25.75,25.593,24.037,22.827,22.788,22.765,22.904,23.004,23.096,23.747,25.758,25.982,25.473,24.923,24.583,24.371,24.265,24.28,24.181,24.196,24.325,24.371,24.325,24.401,24.394,24.379,24.409,24.379,24.447,24.477,24.5,24.53,24.538,24.56,24.591,24.613,24.644,24.674,24.689,24.719,24.757,24.75,24.787,24.772,24.757,24.765,24.78,24.772,24.803,24.848,24.901,24.984,25.097,25.18,25.187,25.187,24.999,24.56,24.447,24.401,24.356,24.257,24.181,23.945,23.739,23.686,23.64,23.579,23.541,23.495,23.433,23.418,23.426,23.464,23.495,23.449,23.449,23.426,23.449,23.387,23.349,23.303,23.173,23.165,23.081,22.927,22.865,22.881,22.757,22.665,22.58,22.534,22.495,22.472,22.472,22.479,22.487,22.503,22.541,22.549,22.572,22.588,22.657,22.649,22.95,23.495,25.96,26.704,26.86,27.015,27,26.793,25.375,23.938,23.41,23.296,23.28,23.272,23.272,23.265,23.28,23.288,23.28,23.319,23.334,23.349,23.38,23.364,23.357,23.364,23.357,23.395,23.395,23.41,23.395,23.357,23.303,23.249,23.211,23.119,23.073,23.042,23.011,22.981,22.973,22.981,22.981,22.996,23.027,23.15,23.15,23.326,23.456,23.502,23.602,23.693,23.732,23.747,23.96,24.059,24.158,24.173,24.196,24.249,24.295,24.318,24.394,24.379,24.432,24.5,24.507,24.538,24.53,24.53,24.515,24.5,24.454,24.416,24.409,24.462,24.485,24.477,24.47,24.47,24.447,24.432,24.432,24.416,24.386,24.401,24.401,24.379,24.416,24.363,24.333,24.287,24.265,24.196,24.135,23.93,23.869,23.701,23.663,23.564,23.594,23.609,23.671,23.816,23.823,23.96,24.014,24.09,24.166,24.189,24.227,24.249,24.257,24.287,24.249,24.265,24.219,24.173,24.135,24.105,24.067,24.029,24.006,23.991,23.983,23.983,23.983,23.983,23.983,23.884,23.785,23.64,23.495,23.487,23.357,23.249,23.226,23.05,22.988,22.927,22.888,22.858,22.842,22.811,22.773,22.765,22.727,22.742,22.742,22.75,22.765,22.796,22.842,22.819,22.911,22.958,23.073,23.226,23.433,23.433,23.632,23.838,24.029,24.219,24.341,24.401,24.439,24.454,24.47,24.439,24.394,24.333,24.325,24.272,24.181,24.052,23.96,23.785,23.671,23.548,23.479,23.41,23.173,23.165,23.05,22.842,22.765,22.703,22.634,22.534,22.487,22.418,22.394,22.379,22.402,22.441,22.858,24.439,24.855,24.863,24.969,25.082,25.059,25.074,25.059,25.006,24.916,24.871,24.75,24.75,24.629,24.583,24.553,24.56,24.576,24.485,24.485,24.485,24.492,24.462,24.447,24.432,24.363,24.341,24.287,24.242,24.135,24.105,23.976,23.915,23.869,23.785,23.709,23.693,23.625,23.548,23.441,23.395,23.326,23.326,23.257,23.196,23.157,23.157,23.119,23.058,23.05,23.088,23.034,23.165,23.265,23.449,23.586,23.663,23.938,24.158,24.371,24.485,24.871,25.119,25.323,25.45,25.72,25.788,25.788,25.788,25.645,25.63,25.45,25.375,25.006,24.991,24.825,24.727,24.697,24.629,24.553,24.523,24.432,24.416,24.287,24.158,23.877,23.541,23.303,23.027,23.004,22.942,22.934,22.911,22.888,22.934,23.004,23.011,23.127,23.395,23.663,24.021,24.363,24.5,24.523,24.538,24.492,24.341,24.211,24.113,23.861,23.8,23.464,23.418,23.319,23.296,23.104,23.211,23.548,25.39,25.525,25.533,25.48,25.353,25.277,25.217,25.089,24.999,24.923,24.878,24.629,24.507,24.371,24.257,24.12,24.044,24.037,23.907,23.93,23.861,23.785,23.762,23.701,23.678,23.632,23.571,23.579,23.564,23.571,23.571,23.625,23.617,23.579,23.571,23.426,23.28,23.165,22.988,22.988,22.927,22.834,22.642,22.757,22.773,22.734,22.742,22.904,23.747,24.727,24.886,25.006,25.127,25.082,25.398,25.855,26.012,26.206,26.37,26.347,26.333,26.31,26.251,26.213,26.146,26.101,26.072,25.578,25.458,25.353,25.195,24.969,24.848,24.818,24.394,24.242,24.067,23.854,23.663,23.533,23.242,23.073,22.873,22.827,22.858,22.834,22.881,22.804,22.78,22.734,22.734,22.765,22.75,22.703,22.642,22.619,22.588,22.564,22.58,22.564,22.557,22.534,22.534,22.541,22.534,22.541,22.58,22.572,22.495,22.456,22.495,22.479,22.487,22.464,22.472,22.456,22.433,22.425,22.387,22.418,22.433,22.495,22.394,22.371,22.309,22.402,22.394,22.402,22.425,22.363,22.379,22.317,22.302,22.294
,21.937,21.968,21.968,21.968,21.976,21.999,21.999,21.984,21.976,21.952,21.952,21.968,22.022,22.03,22.046,21.999,22.022,22.007,22.061,22.061,22.069,22.046,22.015,22.046,22.084,22.007,22.03,22.061,22.069,22.038,22.084,22.084,22.092,22.108,22.092,22.046,22.03,21.976,21.844,21.813,21.883,21.952,21.952,22.038,22.092,22.139,22.216,22.24,22.317,22.356,22.371,22.464,22.541,22.58,22.619,22.642,22.665,22.703,22.765,22.804,22.842,22.881,22.911,22.958,23.004,23.034,23.173,23.296,23.479,24.037,24.341,24.545,24.659,24.689,24.787,24.825,24.871,24.893,24.916,25.014,24.999,25.134,25.33,25.503,25.57,25.66,25.765,25.69,25.66,23.602,22.811,22.811,22.811,22.95,23.004,23.127,23.892,25.832,25.937,25.458,25.036,24.545,24.341,24.31,24.181,24.249,24.158,24.211,24.325,24.287,24.295,24.295,24.363,24.409,24.424,24.454,24.492,24.5,24.523,24.545,24.545,24.576,24.613,24.629,24.682,24.719,24.757,24.78,24.803,24.81,24.803,24.787,24.765,24.787,24.818,24.81,24.848,24.886,24.961,25.149,25.172,25.172,25.052,24.666,24.583,24.424,24.31,24.272,24.052,23.991,23.755,23.693,23.655,23.594,23.564,23.495,23.456,23.456,23.441,23.418,23.449,23.441,23.449,23.395,23.418,23.38,23.357,23.349,23.249,23.165,23.119,23.034,22.927,22.865,22.865,22.75,22.626,22.603,22.51,22.495,22.456,22.456,22.456,22.526,22.518,22.51,22.541,22.572,22.611,22.634,22.85,23.058,23.617,25.952,26.778,26.867,27.008,27.008,26.756,25.24,23.693,23.319,23.319,23.272,23.257,23.272,23.257,23.272,23.28,23.257,23.311,23.349,23.349,23.357,23.357,23.364,23.372,23.387,23.41,23.403,23.418,23.395,23.357,23.296,23.242,23.203,23.088,23.058,23.019,23.004,22.981,22.965,22.973,22.965,23.011,23.019,23.042,23.265,23.28,23.456,23.487,23.609,23.632,23.755,23.793,23.861,24.075,24.105,24.143,24.204,24.234,24.272,24.303,24.325,24.371,24.394,24.447,24.507,24.523,24.538,24.538,24.523,24.454,24.409,24.447,24.416,24.462,24.477,24.507,24.507,24.477,24.447,24.439,24.432,24.394,24.409,24.416,24.401,24.394,24.379,24.348,24.325,24.28,24.257,24.181,24.075,24.029,23.747,23.709,23.548,23.548,23.571,23.625,23.693,23.762,23.823,23.938,23.968,24.082,24.135,24.151,24.211,24.234,24.257,24.265,24.272,24.272,24.219,24.173,24.151,24.113,24.052,24.037,24.021,24.006,23.998,24.014,24.006,23.968,23.938,23.8,23.838,23.602,23.525,23.41,23.296,23.257,23.134,23.011,22.965,22.896,22.858,22.819,22.796,22.78,22.788,22.742,22.727,22.734,22.734,22.75,22.788,22.788,22.811,22.827,22.919,22.958,23.173,23.165,23.426,23.418,23.823,23.93,24.181,24.249,24.363,24.416,24.47,24.462,24.462,24.439,24.363,24.379,24.31,24.234,24.12,23.968,23.96,23.785,23.671,23.518,23.479,23.303,23.242,23.157,22.958,22.842,22.734,22.696,22.603,22.572,22.51,22.441,22.425,22.394,22.441,22.464,22.765,24.318,24.81,24.923,25.052,25.052,25.112,25.104,25.059,24.999,25.006,24.871,24.772,24.742,24.644,24.56,24.576,24.515,24.507,24.576,24.538,24.515,24.5,24.485,24.439,24.401,24.416,24.31,24.287,24.211,24.211,24.135,23.983,23.899,23.823,23.762,23.777,23.686,23.655,23.571,23.51,23.464,23.349,23.296,23.288,23.196,23.196,23.165,23.111,23.05,23.034,23.065,23.073,23.219,23.234,23.479,23.502,23.716,23.907,24.128,24.424,24.621,24.757,25.097,25.3,25.443,25.585,25.72,25.743,25.803,25.675,25.6,25.495,25.338,25.24,25.119,25.082,24.825,24.772,24.727,24.576,24.492,24.454,24.401,24.227,24.135,24.128,23.747,23.395,23.119,23.019,22.981,22.934,22.95,22.881,22.873,22.996,23.042,23.042,23.464,23.502,23.777,24.341,24.432,24.492,24.485,24.447,24.318,24.143,24.158,23.922,23.617,23.525,23.495,23.372,23.242,23.219,23.165,23.472,25.435,25.585,25.495,25.465,25.368,25.338,25.21,25.18,25.036,24.999,24.742,24.803,24.742,24.523,24.303,24.234,24.075,24.029,23.976,23.907,23.838,23.793,23.732,23.678,23.663,23.617,23.602,23.586,23.564,23.594,23.609,23.625,23.594,23.564,23.472,23.265,23.272,23.034,23.05,22.858,22.804,22.673,22.75,22.727,22.68,22.757,22.727,22.973,23.808,24.545,24.893,25.014,25.165,25.353,25.78,25.87,26.31,26.333,26.392,26.347,26.347,26.318,26.243,26.176,26.176,26.116,26.027,25.698,25.488,25.353,25.134,24.991,24.938,24.795,24.674,24.249,24.09,23.785,23.609,23.502,23.288,23.065,22.95,22.834,22.796,22.896,22.873,22.873,22.811,22.85,22.796,22.796,22.719,22.673,22.626,22.603,22.611,22.58,22.534,22.518,22.518,22.479,22.541,22.534,22.557,22.588,22.603,22.557,22.564,22.503,22.526,22.487,22.464,22.456,22.472,22.433,22.441,22.433,22.41,22.433,22.456,22.425,22.449,22.41,22.348,22.348,22.379,22.387,22.425,22.379,22.371,22.317,22.325,22.302
,21.921,21.945,21.96,21.984,21.984,21.999,21.976,21.968,21.96,21.96,22.03,21.968,21.991,22.03,21.984,22.015,21.984,21.999,22.03,22.038,22.038,22.03,22.03,22.03,22.069,22.053,22.077,22.015,22.03,22.03,22.077,22.092,22.092,22.108,22.092,22.077,21.991,21.914,21.781,21.844,21.937,21.976,22.007,22.061,22.1,22.1,22.216,22.255,22.278,22.348,22.402,22.479,22.526,22.58,22.611,22.642,22.665,22.727,22.757,22.78,22.827,22.865,22.896,22.927,22.988,23.111,23.188,23.28,23.64,24.173,24.341,24.523,24.629,24.659,24.772,24.84,24.84,24.901,24.916,24.976,25.074,25.172,25.338,25.435,25.585,25.66,25.713,25.735,25.473,23.846,22.804,22.811,22.827,22.927,22.996,23.319,24.227,26.019,26.027,25.788,25.18,24.636,24.356,24.219,24.234,24.211,24.219,24.211,24.204,24.227,24.227,24.325,24.325,24.379,24.424,24.432,24.492,24.485,24.523,24.53,24.515,24.56,24.591,24.644,24.651,24.689,24.75,24.795,24.78,24.818,24.795,24.795,24.787,24.803,24.787,24.825,24.855,24.878,24.938,25.134,25.172,25.104,25.036,24.772,24.432,24.424,24.333,24.151,24.029,23.991,23.755,23.693,23.64,23.586,23.556,23.51,23.441,23.395,23.395,23.364,23.395,23.395,23.426,23.38,23.403,23.372,23.334,23.272,23.203,23.127,23.096,23.004,22.911,22.842,22.796,22.719,22.634,22.526,22.51,22.472,22.449,22.433,22.464,22.51,22.549,22.564,22.595,22.588,22.642,22.634,22.688,22.965,24.249,26.265,26.741,26.889,26.86,26.926,26.608,25.24,23.846,23.38,23.303,23.28,23.265,23.257,23.265,23.265,23.272,23.257,23.303,23.303,23.349,23.357,23.357,23.38,23.349,23.395,23.372,23.372,23.372,23.303,23.326,23.288,23.219,23.173,23.134,23.081,22.996,22.973,22.973,22.973,22.958,22.95,23.004,23.027,23.088,23.226,23.249,23.326,23.479,23.464,23.617,23.632,23.808,23.915,23.976,24.075,24.105,24.173,24.211,24.227,24.265,24.303,24.341,24.379,24.409,24.432,24.507,24.523,24.523,24.523,24.492,24.454,24.416,24.47,24.485,24.507,24.523,24.523,24.492,24.462,24.439,24.432,24.447,24.432,24.424,24.416,24.401,24.356,24.333,24.265,24.257,24.173,24.135,24.059,23.938,23.861,23.693,23.525,23.541,23.625,23.64,23.709,23.755,23.838,23.892,24.029,24.037,24.097,24.166,24.234,24.234,24.257,24.257,24.287,24.257,24.196,24.151,24.158,24.075,24.052,24.029,24.021,24.037,24.037,24.014,24.014,23.938,23.915,23.838,23.716,23.617,23.495,23.326,23.28,23.234,23.088,23.027,22.958,22.888,22.811,22.804,22.78,22.734,22.703,22.742,22.727,22.75,22.734,22.742,22.773,22.827,22.827,22.858,22.881,22.965,23.196,23.196,23.433,23.655,23.838,23.998,24.105,24.295,24.379,24.447,24.454,24.47,24.447,24.379,24.409,24.363,24.265,24.211,24.181,23.991,23.838,23.777,23.64,23.571,23.349,23.257,23.18,23.096,22.934,22.804,22.796,22.703,22.595,22.541,22.479,22.418,22.356,22.379,22.402,22.433,22.626,24.113,24.674,24.833,24.961,25.052,25.127,25.112,25.089,25.036,25.006,24.938,24.78,24.757,24.697,24.583,24.553,24.5,24.5,24.56,24.553,24.553,24.523,24.477,24.477,24.401,24.447,24.333,24.31,24.242,24.189,24.006,24.052,23.945,23.846,23.808,23.777,23.739,23.686,23.617,23.548,23.403,23.357,23.311,23.203,23.188,23.134,23.134,23.134,23.081,23.088,23.088,23.073,23.134,23.28,23.487,23.548,23.854,23.785,24.014,24.113,24.538,24.757,25.021,25.3,25.488,25.428,25.743,25.765,25.765,25.735,25.735,25.548,25.45,25.195,25.18,25.112,24.923,24.855,24.742,24.553,24.523,24.424,24.379,24.249,24.143,24.037,23.602,23.28,23.119,23.05,22.973,22.934,22.888,22.896,22.934,22.927,22.988,23.096,23.326,23.678,24.044,24.371,24.462,24.485,24.424,24.409,24.356,24.166,24.052,23.976,23.762,23.403,23.395,23.334,23.234,23.203,23.249,24.12,25.495,25.563,25.51,25.48,25.39,25.353,25.225,25.157,25.097,25.036,24.855,24.772,24.682,24.356,24.341,24.257,24.143,24.052,24.029,23.915,23.854,23.8,23.724,23.686,23.655,23.609,23.602,23.579,23.556,23.602,23.586,23.579,23.579,23.548,23.479,23.326,23.203,23.127,23.042,22.85,22.811,22.765,22.688,22.703,22.626,22.719,22.765,23.088,23.709,24.697,24.818,24.984,25.3,25.705,25.892,26.221,26.377,26.385,26.422,26.422,26.347,26.288,26.228,26.176,26.042,25.982,25.765,25.683,25.443,25.488,25.202,25.014,24.984,24.78,24.56,24.227,24.196,23.915,23.579,23.364,23.088,23.081,23.027,22.904,22.811,22.819,22.919,22.858,22.827,22.811,22.742,22.757,22.703,22.665,22.649,22.588,22.572,22.549,22.595,22.526,22.503,22.472,22.526,22.518,22.541,22.572,22.58,22.557,22.541,22.557,22.534,22.495,22.464,22.456,22.449,22.441,22.41,22.433,22.402,22.41,22.425,22.479,22.449,22.379,22.394,22.363,22.371,22.402,22.394,22.394,22.495,22.387,22.34,22.309
,21.914,21.945,21.991,21.991,21.991,21.984,21.984,21.984,21.968,21.96,21.976,21.96,21.984,22.015,21.984,21.999,22.046,22.007,21.999,22.007,22.03,22.022,22.046,22.022,22.022,22.092,22.084,22.022,22.069,22.053,22.069,22.092,22.092,22.108,22.061,22.015,21.952,21.82,21.867,21.828,21.945,21.999,21.999,22.038,22.069,22.147,22.154,22.24,22.302,22.34,22.418,22.472,22.534,22.588,22.603,22.649,22.688,22.727,22.75,22.773,22.804,22.858,22.911,22.958,22.988,23.019,23.219,23.234,23.755,24.325,24.386,24.515,24.613,24.719,24.735,24.765,24.848,24.886,24.923,25.021,25.127,25.097,25.345,25.563,25.585,25.72,25.743,25.743,25.473,23.716,22.788,22.773,22.819,22.904,22.934,23.602,23.998,26.057,26.116,25.818,25.157,24.81,24.363,24.257,24.227,24.189,24.166,24.151,24.227,24.249,24.295,24.28,24.379,24.363,24.416,24.439,24.47,24.492,24.485,24.553,24.523,24.56,24.591,24.636,24.659,24.682,24.727,24.75,24.772,24.803,24.772,24.787,24.795,24.787,24.803,24.795,24.863,24.878,24.908,25.029,25.172,25.097,24.893,24.712,24.462,24.432,24.272,24.173,23.968,23.854,23.724,23.602,23.625,23.571,23.464,23.51,23.41,23.418,23.334,23.341,23.334,23.311,23.326,23.296,23.334,23.319,23.296,23.226,23.157,23.104,23.027,23.011,22.911,22.819,22.78,22.688,22.588,22.51,22.479,22.456,22.464,22.441,22.51,22.534,22.549,22.557,22.58,22.588,22.657,22.788,22.75,23.288,24.545,25.989,26.6,26.845,26.926,26.867,26.882,25.18,23.8,23.426,23.326,23.303,23.28,23.28,23.265,23.272,23.28,23.272,23.319,23.319,23.349,23.357,23.372,23.395,23.387,23.38,23.38,23.372,23.364,23.303,23.28,23.211,23.196,23.157,23.127,23.042,23.058,22.965,22.973,22.965,22.965,22.973,22.981,23.004,23.127,23.15,23.288,23.349,23.433,23.456,23.533,23.716,23.739,23.922,23.998,24.158,24.128,24.151,24.173,24.189,24.219,24.204,24.242,24.295,24.401,24.416,24.47,24.477,24.523,24.5,24.515,24.447,24.477,24.462,24.47,24.515,24.53,24.515,24.5,24.462,24.447,24.439,24.447,24.447,24.424,24.432,24.394,24.371,24.348,24.295,24.242,24.181,24.135,24.075,23.953,23.877,23.625,23.609,23.586,23.594,23.617,23.755,23.77,23.846,23.915,23.998,24.059,24.12,24.219,24.204,24.234,24.219,24.249,24.249,24.242,24.219,24.151,24.166,24.113,24.052,24.021,24.029,24.044,24.052,24.029,24.014,23.922,23.922,23.77,23.655,23.556,23.51,23.357,23.296,23.157,23.073,22.965,22.934,22.842,22.757,22.75,22.75,22.742,22.719,22.711,22.711,22.727,22.765,22.811,22.804,22.827,22.796,22.85,22.919,22.95,23.034,23.219,23.686,23.693,23.899,23.983,24.189,24.181,24.295,24.432,24.47,24.477,24.47,24.439,24.409,24.394,24.242,24.211,24.151,23.998,23.96,23.808,23.678,23.564,23.495,23.334,23.134,23.042,22.965,22.888,22.773,22.742,22.564,22.588,22.456,22.433,22.402,22.379,22.387,22.418,22.657,23.892,24.697,24.735,24.886,25.082,25.127,25.127,25.134,25.059,25.006,24.938,24.833,24.757,24.666,24.629,24.704,24.553,24.553,24.553,24.576,24.576,24.591,24.576,24.621,24.47,24.515,24.325,24.287,24.265,24.204,24.135,24.052,23.983,23.922,23.854,23.755,23.732,23.655,23.617,23.495,23.387,23.311,23.303,23.188,23.196,23.142,23.104,23.119,23.065,23.042,23.034,23.081,23.142,23.334,23.518,23.502,23.747,23.861,24.067,24.075,24.318,24.485,24.629,25.134,25.323,25.488,25.698,25.713,25.773,25.743,25.78,25.72,25.548,25.405,25.172,25.089,25.036,24.961,24.75,24.591,24.477,24.394,24.394,24.272,24.143,23.983,23.854,23.487,23.134,23.042,23.027,22.942,22.911,22.911,22.911,22.95,22.988,23.05,23.28,23.602,24.044,24.295,24.401,24.439,24.454,24.439,24.287,24.166,24.09,23.777,23.823,23.556,23.449,23.326,23.265,23.234,23.249,24.348,25.503,25.608,25.518,25.503,25.398,25.3,25.232,25.24,25.067,25.052,24.961,24.833,24.659,24.447,24.416,24.325,24.113,24.082,23.983,23.922,23.884,23.808,23.785,23.701,23.602,23.586,23.556,23.571,23.564,23.579,23.564,23.579,23.525,23.548,23.51,23.479,23.272,22.95,22.934,22.85,22.773,22.742,22.719,22.673,22.68,22.765,22.75,22.773,24.439,24.727,24.984,25.36,25.608,25.982,26.176,26.347,26.377,26.452,26.452,26.399,26.295,26.273,26.169,26.131,25.989,25.907,25.84,25.518,25.458,25.42,25.21,25.059,24.931,24.863,24.84,24.371,24.287,23.808,23.663,23.533,23.242,23.188,22.965,22.873,22.827,22.834,22.888,22.827,22.827,22.811,22.757,22.742,22.688,22.665,22.611,22.58,22.58,22.557,22.557,22.534,22.472,22.495,22.487,22.464,22.464,22.526,22.534,22.564,22.526,22.479,22.526,22.487,22.503,22.472,22.433,22.418,22.425,22.418,22.394,22.394,22.41,22.441,22.418,22.425,22.379,22.379,22.387,22.379,22.387,22.418,22.479,22.371,22.51,22.309
,21.976,21.968,21.984,21.976,21.984,21.984,21.96,21.968,21.96,21.945,21.952,21.968,21.96,21.999,22.022,21.991,22.007,22.038,22.022,21.991,22.022,22.046,22.015,22.046,22.046,22.069,22.061,22.046,22.077,22.069,22.084,22.084,22.1,22.092,22.053,22.015,21.898,21.789,21.867,21.89,21.914,21.96,21.96,22.007,22.077,22.1,22.178,22.224,22.294,22.348,22.441,22.51,22.534,22.557,22.619,22.649,22.68,22.703,22.757,22.78,22.796,22.85,22.911,22.942,22.996,23.05,23.219,23.41,23.823,24.333,24.424,24.545,24.598,24.644,24.704,24.757,24.81,24.863,24.901,25.104,25.149,25.217,25.443,25.503,25.645,25.63,25.705,25.69,25.428,23.196,22.765,22.819,22.811,22.919,23.104,23.579,24.166,26.079,26.191,26.034,25.525,24.833,24.416,24.272,24.227,24.196,24.173,24.151,24.158,24.196,24.204,24.272,24.318,24.318,24.416,24.424,24.454,24.477,24.477,24.591,24.538,24.545,24.606,24.613,24.644,24.674,24.719,24.765,24.803,24.825,24.765,24.75,24.75,24.765,24.795,24.765,24.84,24.886,24.893,25.036,25.104,24.999,24.84,24.644,24.477,24.348,24.135,24.097,23.869,23.816,23.693,23.693,23.602,23.525,23.487,23.487,23.426,23.357,23.349,23.319,23.296,23.296,23.296,23.28,23.272,23.272,23.211,23.173,23.104,23.073,22.973,22.95,22.865,22.804,22.727,22.68,22.534,22.518,22.479,22.456,22.449,22.464,22.503,22.549,22.564,22.541,22.58,22.588,22.619,22.703,22.773,23.586,24.946,26.228,26.548,26.889,26.889,26.889,26.57,25.134,23.51,23.441,23.41,23.311,23.288,23.265,23.28,23.265,23.28,23.28,23.326,23.319,23.349,23.372,23.372,23.387,23.403,23.403,23.41,23.372,23.326,23.357,23.226,23.219,23.188,23.157,23.127,23.088,23.058,23.019,22.981,22.965,22.996,22.996,23.019,23.042,23.104,23.134,23.296,23.326,23.403,23.479,23.51,23.64,23.854,23.877,23.968,24.059,24.082,24.105,24.143,24.151,24.173,24.211,24.211,24.333,24.348,24.394,24.416,24.439,24.477,24.462,24.462,24.454,24.439,24.447,24.47,24.507,24.553,24.538,24.507,24.477,24.454,24.432,24.432,24.409,24.416,24.416,24.363,24.363,24.341,24.272,24.242,24.166,24.09,24.052,23.998,23.785,23.701,23.518,23.556,23.617,23.693,23.732,23.777,23.831,23.907,23.976,24.037,24.067,24.143,24.158,24.204,24.242,24.242,24.242,24.204,24.173,24.158,24.135,24.113,24.059,24.059,24.044,24.059,24.052,24.014,24.014,23.938,23.846,23.709,23.586,23.525,23.449,23.349,23.196,23.111,23.05,22.988,22.896,22.834,22.788,22.75,22.742,22.75,22.75,22.703,22.727,22.719,22.788,22.773,22.804,22.804,22.834,22.858,22.934,22.996,23.219,23.188,23.403,23.64,23.877,23.998,24.105,24.219,24.409,24.424,24.477,24.492,24.492,24.462,24.439,24.295,24.341,24.242,24.105,24.052,23.861,23.785,23.709,23.548,23.395,23.334,23.157,23.081,22.988,22.873,22.78,22.673,22.572,22.534,22.456,22.433,22.387,22.394,22.394,22.402,22.541,23.693,24.636,24.84,24.863,25.112,25.127,25.134,25.127,25.089,25.036,24.976,24.901,24.78,24.666,24.644,24.591,24.583,24.591,24.568,24.598,24.583,24.591,24.606,24.568,24.515,24.523,24.356,24.348,24.257,24.196,24.113,24.029,23.983,23.96,23.877,23.831,23.747,23.671,23.571,23.418,23.403,23.319,23.319,23.173,23.15,23.111,23.088,23.05,23.081,23.011,23.073,23.127,23.165,23.326,23.426,23.594,23.701,23.907,24.12,24.272,24.31,24.492,24.644,24.878,25.255,25.548,25.585,25.683,25.728,25.758,25.72,25.63,25.615,25.323,25.277,25.202,25.157,24.969,24.931,24.735,24.462,24.432,24.242,24.189,24.105,23.953,23.732,23.357,23.157,23.058,22.981,22.965,22.934,22.888,22.904,22.919,22.981,23.05,23.41,23.808,24.029,24.363,24.333,24.401,24.371,24.386,24.287,24.135,24.029,23.785,23.655,23.487,23.334,23.303,23.242,23.219,23.319,24.47,25.48,25.578,25.525,25.443,25.428,25.36,25.3,25.21,25.149,25.104,24.855,24.765,24.795,24.47,24.386,24.348,24.173,24.09,24.029,23.96,23.907,23.823,23.77,23.678,23.548,23.64,23.579,23.518,23.571,23.548,23.533,23.548,23.487,23.441,23.311,23.326,23.18,22.95,22.911,22.834,22.804,22.788,22.68,22.665,22.673,22.673,22.734,23.165,24.447,24.712,25.127,25.555,25.788,26.176,26.295,26.362,26.377,26.399,26.392,26.377,26.265,26.243,26.183,26.176,26.042,25.967,25.81,25.758,25.503,25.368,25.308,25.089,24.931,24.938,24.553,24.636,24.272,24.189,23.915,23.395,23.265,23.058,23.011,22.904,22.834,22.834,22.834,22.811,22.811,22.788,22.765,22.711,22.673,22.642,22.626,22.603,22.58,22.626,22.588,22.557,22.472,22.526,22.441,22.441,22.425,22.464,22.495,22.526,22.564,22.487,22.572,22.464,22.479,22.449,22.41,22.41,22.402,22.402,22.41,22.41,22.394,22.402,22.418,22.394,22.402,22.371,22.387,22.394,22.379,22.394,22.418,22.41,22.325,22.34
,21.984,21.999,21.984,21.984,21.976,21.976,21.96,21.952,21.96,21.976,21.952,21.96,21.96,21.976,22.061,22.053,22.03,22.061,22.038,22.022,21.991,22.022,22.03,22.038,22.038,22.022,22.046,22.069,22.069,22.061,22.084,22.092,22.084,22.069,22.061,21.991,21.937,21.704,21.867,21.867,21.875,21.914,21.937,21.945,22.046,22.108,22.201,22.24,22.317,22.371,22.464,22.487,22.526,22.557,22.619,22.626,22.657,22.696,22.727,22.727,22.788,22.842,22.842,22.896,22.973,23.088,23.234,23.311,23.854,24.196,24.31,24.492,24.56,24.644,24.697,24.818,24.772,24.931,24.969,25.082,25.172,25.24,25.353,25.57,25.57,25.675,25.653,25.488,25.074,22.881,22.827,22.811,22.819,22.873,23.027,23.288,24.523,26.116,26.183,26.161,25.6,24.855,24.621,24.295,24.189,24.158,24.158,24.135,24.151,24.181,24.242,24.265,24.325,24.333,24.363,24.394,24.454,24.47,24.477,24.515,24.56,24.583,24.598,24.613,24.644,24.659,24.697,24.727,24.727,24.697,24.719,24.697,24.682,24.682,24.742,24.757,24.803,24.818,25.006,24.961,25.059,24.848,24.735,24.523,24.523,24.303,24.204,24.067,23.983,23.846,23.617,23.617,23.495,23.541,23.456,23.426,23.38,23.319,23.265,23.265,23.265,23.249,23.226,23.219,23.265,23.226,23.157,23.15,23.065,23.05,22.919,22.881,22.873,22.734,22.711,22.649,22.541,22.51,22.449,22.456,22.441,22.495,22.487,22.549,22.557,22.557,22.557,22.595,22.619,22.657,22.858,23.433,25.563,26.466,26.652,26.719,26.815,26.83,26.496,24.938,23.663,23.433,23.395,23.326,23.288,23.265,23.265,23.288,23.288,23.28,23.326,23.334,23.364,23.364,23.372,23.387,23.395,23.387,23.395,23.364,23.341,23.242,23.211,23.142,23.142,23.127,23.073,23.011,22.996,23.004,22.981,22.988,22.996,22.965,22.996,23.034,23.05,23.096,23.226,23.311,23.326,23.341,23.464,23.632,23.747,23.861,23.976,24.014,24.067,24.059,24.097,24.059,24.097,24.158,24.211,24.242,24.348,24.348,24.416,24.409,24.454,24.454,24.432,24.424,24.424,24.432,24.5,24.507,24.553,24.568,24.492,24.492,24.447,24.432,24.432,24.439,24.409,24.394,24.333,24.333,24.287,24.272,24.181,24.166,24.097,23.983,23.968,23.884,23.579,23.525,23.525,23.564,23.617,23.755,23.808,23.877,23.907,23.976,24.029,24.143,24.12,24.166,24.219,24.211,24.211,24.242,24.196,24.158,24.143,24.151,24.067,24.021,24.059,24.059,24.059,24.059,24.021,23.976,23.869,23.716,23.716,23.617,23.487,23.433,23.272,23.188,23.081,23.019,22.934,22.827,22.811,22.773,22.727,22.727,22.742,22.696,22.734,22.734,22.719,22.757,22.757,22.78,22.788,22.842,22.834,22.888,22.981,23.065,23.226,23.525,23.648,23.899,24.037,24.219,24.348,24.409,24.447,24.485,24.5,24.492,24.462,24.416,24.363,24.318,24.249,24.082,23.976,23.892,23.8,23.525,23.564,23.403,23.326,23.073,23.058,22.919,22.911,22.773,22.742,22.603,22.487,22.441,22.418,22.387,22.371,22.379,22.394,22.557,23.693,24.636,24.78,24.848,25.052,25.089,25.119,25.119,25.112,25.052,24.969,24.954,24.81,24.704,24.659,24.598,24.598,24.598,24.598,24.606,24.621,24.621,24.629,24.598,24.47,24.47,24.379,24.333,24.272,24.219,24.113,24.052,23.998,23.96,23.899,23.884,23.777,23.747,23.602,23.456,23.364,23.319,23.211,23.219,23.157,23.088,23.027,23.034,23.011,23.065,23.058,23.073,23.18,23.349,23.456,23.541,23.625,23.907,23.96,24.097,24.09,24.318,24.447,24.848,25.149,25.285,25.277,25.705,25.75,25.698,25.72,25.668,25.563,25.51,25.33,25.247,25.119,25.044,24.908,24.682,24.553,24.492,24.287,24.105,24.082,23.808,23.831,23.387,23.111,23.034,23.058,22.827,22.834,22.881,22.919,22.95,23.042,23.211,23.449,23.724,23.93,24.31,24.371,24.363,24.371,24.295,24.173,23.976,23.861,23.762,23.533,23.41,23.341,23.28,23.257,23.203,23.265,24.598,25.555,25.525,25.48,25.465,25.405,25.36,25.315,25.232,25.127,25.104,24.991,24.855,24.735,24.538,24.5,24.341,24.173,24.128,24.09,23.953,23.899,23.777,23.747,23.648,23.609,23.518,23.518,23.502,23.502,23.456,23.51,23.441,23.441,23.41,23.334,23.073,23.119,22.934,22.927,22.834,22.834,22.727,22.696,22.696,22.649,22.696,22.78,22.827,24.394,25.292,25.323,25.57,25.952,26.265,26.318,26.355,26.407,26.392,26.392,26.333,26.236,26.228,26.146,26.094,25.967,25.862,25.803,25.645,25.42,25.405,25.33,25.18,24.999,24.795,24.704,24.576,24.227,23.953,23.968,23.533,23.456,23.18,22.95,23.034,22.804,22.804,22.842,22.827,22.819,22.773,22.773,22.703,22.68,22.649,22.595,22.58,22.564,22.549,22.534,22.51,22.479,22.487,22.433,22.418,22.394,22.379,22.441,22.487,22.495,22.479,22.479,22.441,22.464,22.41,22.394,22.394,22.387,22.387,22.402,22.402,22.387,22.41,22.394,22.371,22.394,22.371,22.363,22.387,22.394,22.394,22.394,22.379,22.363,22.332
,21.991,21.976,21.984,21.976,21.976,21.968,21.96,21.96,21.945,21.96,21.976,21.991,21.968,21.945,21.96,22.007,22.015,22.061,22.022,22.038,22.046,22.038,22.03,22.061,22.038,22.069,22.084,22.116,22.084,22.069,22.084,22.084,22.084,22.061,21.976,21.991,21.836,21.836,21.781,21.828,21.859,21.89,21.883,21.921,22.069,22.092,22.247,22.247,22.286,22.402,22.425,22.456,22.518,22.564,22.58,22.626,22.649,22.657,22.696,22.727,22.765,22.78,22.881,22.965,23.027,23.019,23.065,23.433,24.082,24.219,24.28,24.485,24.583,24.644,24.712,24.757,24.803,24.886,25.044,25.149,25.18,25.3,25.435,25.638,25.548,25.675,25.585,25.578,25.067,22.873,22.827,22.819,22.827,22.927,22.934,23.203,24.545,26.295,26.258,26.206,25.907,25.45,24.757,24.303,24.196,24.158,24.105,24.12,24.151,24.151,24.249,24.257,24.31,24.325,24.394,24.401,24.401,24.447,24.462,24.523,24.56,24.591,24.591,24.644,24.636,24.644,24.682,24.697,24.689,24.674,24.659,24.636,24.659,24.689,24.689,24.757,24.818,24.871,24.908,25.014,25.029,24.931,24.621,24.477,24.432,24.265,24.082,23.907,23.846,23.785,23.724,23.632,23.479,23.441,23.456,23.372,23.387,23.296,23.257,23.234,23.219,23.203,23.211,23.211,23.203,23.18,23.157,23.104,23.058,22.942,22.896,22.896,22.85,22.719,22.703,22.58,22.549,22.503,22.433,22.449,22.456,22.479,22.487,22.518,22.534,22.541,22.549,22.603,22.619,22.696,22.85,23.387,25.645,26.459,26.593,26.697,26.756,26.667,26.541,24.901,23.617,23.418,23.357,23.349,23.311,23.28,23.257,23.265,23.265,23.296,23.303,23.357,23.357,23.372,23.38,23.38,23.387,23.38,23.38,23.395,23.319,23.303,23.165,23.157,23.142,23.058,23.05,23.027,22.996,22.996,22.981,22.981,22.981,22.981,22.988,23.019,23.019,23.088,23.157,23.28,23.319,23.403,23.41,23.579,23.571,23.884,23.945,24.021,24.021,23.991,24.029,24.037,24.067,24.082,24.143,24.249,24.318,24.348,24.379,24.416,24.432,24.439,24.401,24.424,24.439,24.432,24.492,24.5,24.523,24.515,24.492,24.462,24.47,24.462,24.447,24.454,24.416,24.416,24.379,24.31,24.287,24.227,24.173,24.173,24.067,24.044,23.938,23.632,23.556,23.556,23.541,23.586,23.701,23.747,23.8,23.846,23.93,23.991,24.029,24.052,24.097,24.12,24.151,24.181,24.181,24.196,24.204,24.181,24.166,24.12,24.067,24.014,24.059,24.044,24.044,24.021,23.976,23.869,23.854,23.678,23.671,23.548,23.472,23.426,23.219,23.18,23.127,23.027,22.904,22.842,22.773,22.75,22.734,22.727,22.719,22.688,22.688,22.711,22.742,22.734,22.742,22.757,22.78,22.804,22.811,22.873,22.965,23.004,23.081,23.311,23.709,23.777,23.968,24.158,24.31,24.386,24.447,24.515,24.56,24.523,24.462,24.439,24.401,24.371,24.234,24.082,23.976,23.899,23.808,23.632,23.51,23.441,23.296,23.081,23.027,22.927,22.865,22.788,22.75,22.619,22.479,22.456,22.387,22.371,22.371,22.363,22.379,22.642,23.64,24.576,24.712,24.878,25.044,25.052,25.082,25.142,25.119,25.052,25.006,24.961,24.81,24.704,24.636,24.621,24.613,24.591,24.606,24.621,24.621,24.621,24.629,24.598,24.53,24.462,24.386,24.325,24.295,24.242,24.173,24.059,24.044,23.976,23.915,23.854,23.854,23.77,23.671,23.426,23.418,23.38,23.234,23.157,23.096,23.05,23.05,23.034,22.973,22.988,23.011,23.073,23.15,23.249,23.311,23.625,23.793,23.861,24.052,24.173,24.295,24.257,24.416,24.795,24.976,25.134,25.27,25.623,25.66,25.705,25.653,25.653,25.608,25.488,25.39,25.262,25.127,25.059,24.916,24.78,24.606,24.386,24.234,24.234,24.067,23.793,23.762,23.51,23.219,23.081,22.95,22.904,22.85,22.85,22.919,22.927,23.065,23.211,23.495,23.77,23.96,24.242,24.325,24.348,24.28,24.249,24.12,23.945,23.953,23.762,23.579,23.395,23.311,23.288,23.242,23.211,23.188,24.682,25.533,25.503,25.48,25.458,25.398,25.398,25.27,25.24,25.172,25.052,24.961,24.901,24.689,24.863,24.606,24.515,24.249,24.143,24.082,24.029,23.922,23.854,23.785,23.625,23.564,23.579,23.525,23.495,23.487,23.479,23.472,23.433,23.403,23.395,23.311,23.173,22.988,22.911,22.904,22.827,22.796,22.765,22.688,22.657,22.642,22.719,22.75,22.919,24.719,25.172,25.435,25.877,25.982,26.265,26.303,26.377,26.392,26.407,26.377,26.318,26.28,26.213,26.154,26.094,26.012,25.788,25.803,25.488,25.45,25.36,25.42,25.255,25.089,24.757,24.719,24.257,24.097,23.907,23.861,23.502,23.265,23.211,23.042,22.888,22.811,22.788,22.78,22.819,22.796,22.719,22.734,22.688,22.626,22.626,22.603,22.611,22.595,22.549,22.557,22.526,22.526,22.433,22.425,22.425,22.394,22.371,22.387,22.495,22.487,22.456,22.51,22.449,22.495,22.394,22.41,22.402,22.402,22.418,22.41,22.394,22.41,22.425,22.356,22.379,22.363,22.356,22.379,22.325,22.309,22.41,22.387,22.356,22.379,22.348
,21.991,21.976,21.968,21.96,21.976,21.945,21.937,21.96,21.968,21.968,21.976,21.976,22.015,21.976,22.038,22.007,22.022,22.007,22.022,22.022,22.053,22.03,22.03,22.061,22.046,22.061,22.069,22.069,22.077,22.092,22.092,22.084,22.069,22.015,22.007,21.89,21.867,21.789,21.82,21.805,21.851,21.883,21.914,21.968,22.077,22.116,22.193,22.271,22.325,22.387,22.433,22.51,22.526,22.479,22.588,22.611,22.626,22.626,22.649,22.665,22.688,22.811,22.911,22.881,22.996,23.034,23.157,23.548,24.09,24.135,24.31,24.462,24.644,24.606,24.719,24.78,24.81,24.931,25.082,25.044,25.217,25.33,25.458,25.585,25.645,25.668,25.66,25.645,24.772,23.019,22.834,22.85,22.881,23.05,23.249,23.372,24.606,26.258,26.414,26.198,26.139,25.735,24.765,24.515,24.196,24.158,24.113,24.113,24.128,24.158,24.204,24.227,24.257,24.31,24.341,24.371,24.416,24.409,24.485,24.523,24.545,24.568,24.644,24.621,24.606,24.636,24.666,24.651,24.689,24.621,24.621,24.636,24.629,24.651,24.697,24.727,24.78,24.84,24.954,24.991,24.931,24.689,24.598,24.424,24.333,24.151,23.96,23.93,23.838,23.747,23.609,23.571,23.426,23.418,23.41,23.364,23.288,23.257,23.234,23.196,23.134,23.18,23.134,23.196,23.157,23.142,23.142,23.065,23.004,22.919,22.904,22.796,22.742,22.688,22.634,22.588,22.549,22.495,22.472,22.456,22.449,22.487,22.51,22.518,22.526,22.541,22.549,22.557,22.588,22.634,22.85,23.892,25.758,26.429,26.6,26.556,26.622,26.63,26.258,24.583,23.51,23.387,23.341,23.319,23.288,23.265,23.257,23.265,23.272,23.28,23.341,23.364,23.357,23.38,23.387,23.38,23.395,23.38,23.372,23.349,23.326,23.288,23.165,23.142,23.104,23.034,23.019,23.004,22.981,22.988,22.988,22.973,22.981,22.965,22.996,23.019,23.034,23.088,23.081,23.203,23.272,23.249,23.303,23.541,23.762,23.915,23.953,24.029,23.991,24.006,23.991,24.029,24.037,24.097,24.128,24.211,24.295,24.303,24.379,24.401,24.379,24.401,24.416,24.424,24.386,24.416,24.462,24.477,24.53,24.5,24.53,24.492,24.454,24.47,24.424,24.424,24.416,24.386,24.371,24.318,24.28,24.227,24.189,24.128,24.067,24.037,23.915,23.747,23.541,23.51,23.525,23.556,23.671,23.701,23.8,23.831,23.869,24.029,24.014,24.067,24.097,24.143,24.12,24.158,24.166,24.204,24.189,24.143,24.135,24.113,24.059,24.075,24.044,24.037,24.029,24.006,23.998,23.915,23.755,23.671,23.51,23.502,23.372,23.234,23.219,23.104,23.065,22.988,22.827,22.804,22.773,22.75,22.742,22.734,22.727,22.719,22.734,22.727,22.711,22.703,22.734,22.757,22.78,22.819,22.842,22.896,22.958,22.988,23.288,23.533,23.556,23.793,23.922,24.067,24.333,24.325,24.538,24.545,24.591,24.553,24.485,24.432,24.379,24.31,24.211,24.09,23.991,23.884,23.785,23.686,23.556,23.341,23.18,23.127,23.011,22.981,22.888,22.788,22.711,22.657,22.526,22.433,22.394,22.371,22.394,22.363,22.41,22.703,23.296,24.371,24.697,24.818,24.984,25.067,25.112,25.127,25.127,25.067,25.014,24.954,24.818,24.757,24.689,24.651,24.644,24.621,24.606,24.621,24.621,24.636,24.636,24.613,24.568,24.515,24.432,24.348,24.341,24.249,24.211,24.128,24.09,24.021,23.945,23.884,23.899,23.762,23.701,23.663,23.487,23.349,23.272,23.157,23.142,23.073,23.027,22.958,22.973,23.027,22.996,23.042,23.127,23.173,23.219,23.678,23.701,23.861,23.968,24.052,24.135,24.196,24.287,24.523,24.84,25.172,25.315,25.413,25.54,25.66,25.675,25.69,25.638,25.615,25.465,25.262,25.262,25.059,24.999,24.803,24.742,24.545,24.341,24.143,23.998,23.816,23.556,23.303,23.249,23.034,22.934,22.911,22.865,22.881,22.942,23.034,23.011,23.111,23.28,23.579,23.899,24.059,24.295,24.28,24.287,24.075,24.014,23.938,23.869,23.701,23.433,23.395,23.272,23.272,23.219,23.272,23.303,25.323,25.548,25.555,25.495,25.488,25.39,25.368,25.315,25.247,25.202,25.157,25.006,25.014,24.946,24.901,24.742,24.56,24.287,24.204,24.113,24.044,23.922,23.877,23.739,23.732,23.632,23.518,23.487,23.472,23.464,23.449,23.433,23.426,23.418,23.257,23.203,23.096,22.996,22.988,22.873,22.827,22.819,22.757,22.703,22.649,22.688,22.742,22.804,23.372,25.112,25.285,25.375,25.922,26.146,26.31,26.333,26.399,26.407,26.377,26.362,26.325,26.228,26.191,26.131,26.087,25.997,25.847,25.765,25.668,25.675,25.458,25.443,25.368,25.112,24.833,24.742,24.348,24.181,24.006,23.701,23.472,23.18,23.065,22.919,22.827,22.796,22.757,22.796,22.804,22.811,22.773,22.804,22.696,22.673,22.665,22.619,22.611,22.58,22.472,22.534,22.503,22.441,22.441,22.394,22.425,22.41,22.402,22.441,22.379,22.464,22.51,22.487,22.534,22.394,22.449,22.402,22.394,22.402,22.394,22.425,22.418,22.387,22.418,22.387,22.387,22.41,22.309,22.379,22.356,22.394,22.402,22.402,22.34,22.348,22.348
,21.999,21.945,21.968,21.952,21.945,21.984,21.937,21.968,21.952,21.976,21.984,22.007,22.007,21.984,21.976,21.984,21.984,22.022,22.022,22.022,22.03,22.03,22.069,22.053,22.069,22.061,22.053,22.1,22.084,22.084,22.077,22.046,22.053,22.046,21.921,21.875,21.82,21.805,21.781,21.789,21.781,21.828,21.898,21.937,21.991,22.17,22.232,22.271,22.34,22.363,22.418,22.441,22.526,22.487,22.534,22.564,22.595,22.611,22.611,22.642,22.68,22.827,22.75,22.819,22.896,23.034,23.203,23.732,24.029,24.113,24.295,24.576,24.568,24.666,24.75,24.818,24.871,24.946,25.059,25.149,25.187,25.338,25.593,25.578,25.623,25.653,25.615,25.57,24.682,22.981,22.834,22.834,22.873,22.988,23.249,23.341,24.621,26.444,26.474,26.34,26.124,25.608,25.3,24.401,24.219,24.113,24.097,24.128,24.128,24.166,24.181,24.211,24.265,24.265,24.257,24.31,24.401,24.432,24.447,24.515,24.53,24.576,24.568,24.613,24.598,24.629,24.591,24.583,24.591,24.598,24.591,24.583,24.606,24.636,24.666,24.666,24.78,24.81,24.848,24.871,24.803,24.644,24.606,24.356,24.249,24.173,23.922,23.877,23.755,23.693,23.571,23.472,23.472,23.41,23.364,23.303,23.265,23.219,23.165,23.142,23.127,23.096,23.088,23.088,23.073,23.096,23.065,23.096,22.981,22.896,22.873,22.827,22.719,22.696,22.619,22.595,22.51,22.479,22.472,22.472,22.495,22.503,22.51,22.51,22.479,22.51,22.526,22.526,22.588,22.788,23.042,23.831,25.668,26.407,26.548,26.652,26.585,26.556,26.206,24.659,23.403,23.349,23.303,23.303,23.288,23.272,23.249,23.257,23.249,23.272,23.296,23.387,23.387,23.38,23.387,23.38,23.38,23.349,23.364,23.28,23.249,23.211,23.15,23.134,23.096,23.042,22.996,22.981,22.958,22.965,22.988,22.965,22.958,22.965,22.996,23.019,23.034,23.058,23.104,23.188,23.203,23.234,23.311,23.525,23.655,23.671,23.877,23.976,23.915,23.953,23.945,23.968,24.014,24.09,24.135,24.151,24.272,24.31,24.341,24.379,24.379,24.386,24.401,24.394,24.416,24.439,24.447,24.454,24.523,24.5,24.477,24.492,24.454,24.454,24.439,24.424,24.394,24.386,24.341,24.303,24.265,24.204,24.173,24.128,24.037,23.991,23.892,23.609,23.525,23.525,23.525,23.609,23.709,23.755,23.793,23.816,23.877,23.96,23.991,24.052,24.067,24.105,24.113,24.143,24.143,24.173,24.135,24.135,24.12,24.135,24.082,24.052,24.044,23.998,24.006,23.983,23.968,23.899,23.808,23.594,23.518,23.357,23.319,23.257,23.111,23.019,23.042,22.934,22.742,22.819,22.757,22.742,22.734,22.734,22.727,22.688,22.696,22.688,22.703,22.703,22.734,22.734,22.773,22.78,22.819,22.85,22.927,23.004,23.142,23.387,23.479,23.709,24.029,24.113,24.325,24.394,24.56,24.591,24.583,24.568,24.523,24.424,24.394,24.295,24.234,24.173,24.014,23.808,23.8,23.671,23.495,23.28,23.226,23.073,23.034,22.919,22.865,22.796,22.688,22.58,22.495,22.441,22.418,22.379,22.356,22.356,22.387,22.649,22.742,24.204,24.477,24.787,24.893,25.021,25.052,25.089,25.127,25.104,25.059,24.991,24.901,24.795,24.674,24.666,24.621,24.621,24.613,24.613,24.636,24.636,24.636,24.621,24.576,24.5,24.401,24.371,24.318,24.28,24.196,24.12,24.052,23.991,23.938,23.907,23.869,23.838,23.686,23.625,23.464,23.403,23.272,23.203,23.15,23.081,22.988,23.004,22.981,22.996,23.027,23.065,23.104,23.219,23.242,23.579,23.724,23.816,24.014,24.059,24.075,24.181,24.181,24.598,24.727,25.052,25.277,25.368,25.533,25.638,25.645,25.615,25.623,25.578,25.548,25.308,25.232,25.052,24.893,24.863,24.719,24.424,24.265,24.151,23.983,23.655,23.686,23.372,23.272,23.104,22.958,22.919,22.911,22.888,22.934,22.958,23.058,23.234,23.288,23.709,23.838,24.044,24.135,24.204,24.113,24.021,23.991,23.831,23.709,23.602,23.449,23.334,23.28,23.188,23.173,23.257,23.364,25.323,25.51,25.563,25.48,25.48,25.42,25.39,25.308,25.202,25.225,25.157,25.089,25.006,24.931,24.954,24.689,24.735,24.523,24.181,24.158,24.067,24.006,23.838,23.724,23.648,23.586,23.518,23.487,23.487,23.426,23.334,23.441,23.372,23.311,23.272,23.127,23.065,22.996,22.919,22.827,22.788,22.788,22.68,22.665,22.696,22.696,22.719,22.896,24.151,25.127,25.383,25.937,25.93,26.109,26.347,26.31,26.407,26.37,26.385,26.318,26.28,26.228,26.191,26.154,26.087,26.094,25.885,25.795,25.743,25.6,25.585,25.375,25.127,25.036,24.742,24.591,24.166,24.097,24.044,23.655,23.51,23.234,23.034,22.888,22.85,22.804,22.804,22.811,22.788,22.757,22.696,22.719,22.68,22.68,22.603,22.595,22.603,22.58,22.518,22.441,22.464,22.41,22.449,22.418,22.402,22.402,22.363,22.441,22.402,22.41,22.495,22.449,22.441,22.449,22.418,22.41,22.41,22.402,22.387,22.394,22.402,22.41,22.418,22.394,22.425,22.433,22.356,22.34,22.363,22.348,22.371,22.402,22.387,22.356,22.356
,21.976,21.945,21.929,21.921,21.929,21.952,21.952,21.976,21.976,21.991,22.007,21.991,21.999,21.999,21.976,21.976,22.022,22.022,22.03,22.046,22.038,21.999,21.952,22.038,22.046,22.061,22.077,22.069,22.084,22.077,22.077,22.053,22.015,22.007,21.929,21.859,21.742,21.735,21.766,21.766,21.781,21.797,21.906,21.999,22.116,22.123,22.216,22.309,22.348,22.379,22.387,22.441,22.518,22.487,22.534,22.564,22.595,22.626,22.642,22.642,22.688,22.711,22.78,22.788,22.95,23.05,23.104,23.922,24.029,24.135,24.333,24.416,24.651,24.666,24.742,24.818,24.901,24.969,25.134,25.149,25.3,25.443,25.585,25.615,25.615,25.638,25.608,25.533,24.56,22.934,22.811,22.858,22.85,22.919,23.142,23.548,24.697,26.422,26.466,26.474,26.183,25.87,25.398,24.507,24.249,24.173,24.143,24.128,24.113,24.166,24.158,24.166,24.189,24.234,24.28,24.318,24.318,24.401,24.454,24.47,24.515,24.53,24.56,24.568,24.56,24.568,24.568,24.583,24.568,24.568,24.598,24.621,24.583,24.636,24.606,24.697,24.772,24.787,24.848,24.916,24.78,24.636,24.538,24.462,24.295,24.037,23.854,23.808,23.755,23.602,23.387,23.541,23.403,23.38,23.334,23.303,23.234,23.211,23.157,23.157,23.088,23.111,23.05,23.073,23.042,23.027,23.004,22.973,22.942,22.842,22.865,22.78,22.75,22.634,22.595,22.58,22.534,22.51,22.479,22.495,22.503,22.51,22.503,22.51,22.503,22.503,22.526,22.572,22.642,22.811,23.027,24.416,26.094,26.28,26.548,26.6,26.57,26.556,26.228,24.636,23.51,23.349,23.334,23.303,23.288,23.28,23.272,23.257,23.272,23.265,23.303,23.341,23.38,23.38,23.403,23.387,23.364,23.364,23.319,23.303,23.257,23.234,23.15,23.119,23.088,23.073,22.988,22.95,22.958,22.973,22.973,22.973,22.973,22.965,22.988,22.988,22.996,23.034,23.096,23.134,23.203,23.28,23.303,23.533,23.671,23.732,23.869,23.816,23.899,23.899,23.945,23.945,24.006,24.128,24.166,24.204,24.257,24.295,24.341,24.371,24.379,24.401,24.394,24.401,24.416,24.424,24.447,24.47,24.47,24.47,24.477,24.5,24.454,24.447,24.432,24.416,24.401,24.386,24.333,24.295,24.28,24.219,24.166,24.151,24.075,23.953,23.831,23.602,23.564,23.533,23.525,23.586,23.701,23.732,23.747,23.816,23.846,23.922,23.976,24.044,24.082,24.075,24.105,24.128,24.143,24.173,24.135,24.143,24.166,24.105,24.09,24.059,23.991,23.998,23.991,23.945,23.854,23.846,23.777,23.571,23.456,23.303,23.288,23.226,23.18,23.034,22.988,22.819,22.827,22.827,22.75,22.711,22.734,22.734,22.757,22.742,22.711,22.703,22.703,22.696,22.742,22.773,22.765,22.796,22.819,22.858,22.888,23.104,23.234,23.311,23.625,23.739,23.976,24.219,24.303,24.462,24.636,24.666,24.629,24.56,24.53,24.454,24.386,24.333,24.272,24.227,23.976,23.953,23.732,23.579,23.479,23.364,23.15,23.111,22.981,22.95,22.865,22.78,22.696,22.634,22.534,22.503,22.433,22.387,22.371,22.402,22.418,22.534,23.004,24.234,24.666,24.742,24.961,24.946,25.082,25.142,25.104,25.097,25.097,24.961,24.961,24.81,24.878,24.727,24.682,24.636,24.629,24.629,24.644,24.636,24.636,24.613,24.576,24.538,24.47,24.371,24.379,24.272,24.234,24.181,24.128,24.067,23.953,23.915,23.831,23.846,23.609,23.594,23.518,23.395,23.319,23.196,23.18,23.096,23.027,23.034,22.988,22.996,23.011,23.088,23.104,23.188,23.257,23.357,23.372,23.609,23.899,23.976,24.082,24.059,24.082,24.257,24.523,24.765,24.991,25.323,25.428,25.473,25.615,25.66,25.645,25.623,25.608,25.338,25.172,25.157,24.863,24.893,24.515,24.356,24.211,24.265,23.945,23.747,23.625,23.319,23.242,23.157,23.019,22.942,22.919,22.911,22.95,23.004,23.027,23.15,23.518,23.762,23.899,24.037,24.09,24.12,24.113,23.983,23.945,23.854,23.716,23.586,23.449,23.334,23.196,23.219,23.211,23.211,23.326,25.353,25.593,25.563,25.533,25.495,25.443,25.39,25.323,25.27,25.21,25.21,25.127,25.036,24.938,24.878,24.659,24.81,24.424,24.379,24.181,24.09,23.915,23.899,23.77,23.564,23.533,23.518,23.472,23.464,23.456,23.426,23.357,23.372,23.226,23.134,23.042,23.004,22.95,22.834,22.85,22.773,22.757,22.696,22.68,22.665,22.696,22.719,23.011,24.583,25.368,25.292,26.004,26.161,26.273,26.34,26.362,26.37,26.407,26.385,26.377,26.28,26.243,26.183,26.154,26.019,25.937,25.832,25.78,25.72,25.645,25.42,25.375,25.112,24.946,24.803,24.704,24.325,24.075,23.915,23.541,23.449,23.364,23.042,22.888,22.958,22.788,22.757,22.78,22.765,22.757,22.788,22.711,22.688,22.696,22.657,22.634,22.588,22.572,22.518,22.51,22.51,22.464,22.433,22.433,22.433,22.348,22.425,22.41,22.418,22.394,22.464,22.495,22.487,22.487,22.441,22.441,22.425,22.394,22.456,22.41,22.433,22.433,22.433,22.425,22.441,22.433,22.379,22.394,22.371,22.379,22.387,22.379,22.387,22.394,22.387
,21.945,21.952,21.929,21.898,21.937,21.976,21.96,21.968,21.976,21.976,21.991,22.007,21.999,21.999,21.976,21.984,21.984,22.015,22.022,22.077,22.022,21.999,21.991,21.999,22.077,22.038,22.046,22.084,22.061,22.069,22.069,22.046,22.046,22.015,21.929,21.805,21.789,21.735,21.75,21.781,21.797,21.859,21.914,21.96,22.03,22.162,22.185,22.294,22.332,22.371,22.394,22.41,22.464,22.495,22.51,22.541,22.58,22.626,22.649,22.642,22.688,22.703,22.734,22.765,22.896,23.065,23.349,23.869,24.021,24.113,24.379,24.462,24.651,24.697,24.75,24.84,24.863,25.029,25.082,25.255,25.338,25.435,25.518,25.623,25.608,25.615,25.54,25.533,24.568,22.981,22.804,22.904,22.858,22.958,23.011,23.525,24.674,26.414,26.466,26.585,26.154,25.803,25.398,24.606,24.295,24.196,24.128,24.135,24.113,24.113,24.097,24.151,24.151,24.211,24.265,24.265,24.31,24.333,24.401,24.439,24.454,24.515,24.545,24.545,24.545,24.523,24.53,24.545,24.53,24.545,24.507,24.523,24.583,24.636,24.621,24.727,24.803,24.772,24.825,24.818,24.75,24.591,24.47,24.287,24.059,23.953,23.785,23.724,23.625,23.678,23.533,23.41,23.38,23.364,23.303,23.272,23.196,23.188,23.196,23.104,23.05,23.065,23.05,23.042,23.011,22.973,23.034,22.958,22.911,22.842,22.796,22.796,22.696,22.649,22.611,22.51,22.526,22.495,22.495,22.487,22.503,22.503,22.518,22.495,22.479,22.487,22.51,22.541,22.588,22.85,23.104,24.848,25.907,26.318,26.459,26.526,26.526,26.526,26.124,24.333,23.525,23.372,23.311,23.296,23.28,23.265,23.265,23.28,23.272,23.28,23.296,23.326,23.387,23.364,23.387,23.38,23.341,23.372,23.357,23.319,23.272,23.203,23.15,23.142,23.073,23.065,23.011,22.958,22.958,22.934,22.934,22.95,22.958,22.958,22.965,22.981,23.011,23.004,23.058,23.111,23.196,23.296,23.265,23.533,23.625,23.762,23.884,23.892,23.823,23.884,23.915,23.953,24.037,24.12,24.113,24.211,24.242,24.272,24.303,24.325,24.363,24.371,24.379,24.409,24.401,24.416,24.432,24.447,24.477,24.47,24.47,24.47,24.454,24.432,24.416,24.409,24.386,24.371,24.341,24.287,24.272,24.211,24.166,24.173,24.09,23.907,23.823,23.586,23.556,23.51,23.556,23.609,23.655,23.762,23.793,23.808,23.892,23.93,23.991,24.014,24.059,24.082,24.105,24.105,24.143,24.166,24.166,24.151,24.143,24.12,24.052,24.029,24.006,23.998,23.96,23.938,23.884,23.77,23.8,23.556,23.319,23.326,23.265,23.15,23.05,22.973,22.927,22.827,22.773,22.773,22.75,22.75,22.719,22.742,22.75,22.742,22.727,22.688,22.696,22.703,22.711,22.75,22.742,22.796,22.788,22.858,22.973,22.973,23.18,23.303,23.441,23.892,23.938,24.303,24.492,24.659,24.659,24.689,24.644,24.583,24.545,24.485,24.363,24.318,24.257,24.037,23.922,23.732,23.77,23.625,23.38,23.319,23.165,23.034,22.988,22.942,22.834,22.734,22.688,22.634,22.518,22.464,22.441,22.379,22.387,22.379,22.418,22.534,22.819,24.234,24.651,24.719,24.81,24.976,25.006,25.097,25.104,25.112,25.059,24.984,24.893,24.855,24.727,24.712,24.712,24.659,24.644,24.651,24.644,24.636,24.636,24.636,24.568,24.538,24.492,24.432,24.325,24.318,24.219,24.143,24.257,24.135,23.983,23.915,23.869,23.732,23.777,23.594,23.617,23.395,23.372,23.249,23.203,23.134,23.05,23.019,22.996,22.996,23.027,23.058,23.104,23.219,23.326,23.28,23.472,23.602,23.861,23.922,23.983,24.075,24.09,24.166,24.318,24.56,24.81,25.195,25.42,25.465,25.593,25.623,25.623,25.653,25.585,25.398,25.285,25.202,25.036,24.871,24.659,24.545,24.492,24.219,24.052,23.808,23.747,23.364,23.15,23.127,23.027,22.904,22.904,22.888,22.942,22.988,23.058,23.196,23.464,23.709,23.777,23.938,24.067,24.09,24.052,23.983,23.915,23.846,23.701,23.525,23.464,23.341,23.257,23.257,23.234,23.265,23.464,25.33,25.578,25.578,25.555,25.503,25.465,25.383,25.345,25.292,25.247,25.217,25.127,25.021,24.938,24.901,24.712,24.651,24.454,24.348,24.173,24.067,23.899,23.816,23.701,23.617,23.579,23.456,23.464,23.441,23.38,23.418,23.357,23.319,23.219,23.073,23.15,22.958,22.934,22.858,22.827,22.75,22.711,22.696,22.688,22.711,22.688,22.742,23.157,24.583,25.285,25.735,25.989,26.213,26.325,26.392,26.407,26.437,26.429,26.407,26.37,26.318,26.333,26.198,26.176,26.087,25.84,25.847,25.81,25.705,25.653,25.533,25.3,25.021,24.961,24.84,24.591,24.31,24.037,23.884,23.449,23.433,23.226,23.15,22.95,22.919,22.796,22.78,22.804,22.773,22.75,22.727,22.719,22.703,22.657,22.642,22.619,22.603,22.541,22.526,22.495,22.479,22.487,22.449,22.464,22.464,22.425,22.418,22.433,22.418,22.456,22.526,22.472,22.503,22.479,22.433,22.433,22.418,22.402,22.425,22.394,22.387,22.441,22.418,22.441,22.456,22.41,22.363,22.371,22.425,22.371,22.379,22.371,22.379,22.348,22.379
,22.046,21.945,21.929,21.906,21.906,21.968,21.952,21.968,21.984,21.999,22.015,21.999,21.991,21.991,21.984,21.991,22.022,21.984,22.022,22.015,21.991,21.96,22.053,21.952,22.092,22.022,22.069,22.084,22.077,22.069,22.069,22.053,22.022,22.015,21.89,21.766,21.742,21.711,21.704,21.774,21.774,21.883,21.906,21.999,22.092,22.139,22.193,22.24,22.302,22.371,22.387,22.418,22.464,22.433,22.495,22.487,22.526,22.549,22.619,22.649,22.665,22.696,22.734,22.75,22.765,23.004,23.441,23.915,24.029,24.135,24.333,24.5,24.545,24.659,24.765,24.81,24.833,24.976,25.112,25.21,25.27,25.428,25.503,25.593,25.578,25.638,25.6,25.495,24.515,22.934,22.85,22.981,22.85,23.019,23.311,23.456,24.712,26.444,26.548,26.459,26.243,26.057,25.458,24.735,24.379,24.181,24.143,24.113,24.082,24.059,24.082,24.082,24.135,24.181,24.219,24.242,24.272,24.303,24.356,24.416,24.409,24.439,24.477,24.507,24.47,24.454,24.492,24.515,24.56,24.576,24.523,24.454,24.523,24.5,24.659,24.666,24.727,24.78,24.803,24.818,24.712,24.591,24.173,24.128,23.808,23.838,23.793,23.686,23.617,23.472,23.41,23.41,23.357,23.326,23.288,23.211,23.203,23.157,23.119,23.127,23.058,23.058,23.027,22.996,22.958,22.965,22.965,22.958,22.934,22.873,22.796,22.727,22.711,22.657,22.619,22.572,22.534,22.51,22.503,22.495,22.503,22.51,22.526,22.464,22.472,22.479,22.503,22.526,22.595,22.873,23.226,24.969,26.243,26.37,26.459,26.466,26.511,26.414,25.825,24.12,23.479,23.372,23.311,23.272,23.265,23.249,23.249,23.265,23.265,23.288,23.326,23.319,23.364,23.357,23.364,23.349,23.341,23.357,23.319,23.272,23.18,23.188,23.127,23.119,23.088,23.05,22.988,22.958,22.927,22.942,22.958,22.919,22.958,22.942,22.965,22.973,22.958,23.019,23.019,23.065,23.188,23.226,23.357,23.617,23.64,23.709,23.8,23.808,23.846,23.831,23.884,23.907,24.037,24.052,24.166,24.173,24.204,24.28,24.272,24.303,24.333,24.356,24.379,24.394,24.401,24.409,24.432,24.454,24.47,24.485,24.47,24.462,24.439,24.424,24.409,24.409,24.386,24.348,24.333,24.265,24.257,24.196,24.189,24.181,24.135,23.854,23.785,23.64,23.571,23.525,23.548,23.617,23.671,23.739,23.777,23.823,23.861,23.945,23.953,23.983,24.044,24.075,24.09,24.12,24.151,24.173,24.181,24.151,24.135,24.097,24.044,23.998,23.96,23.938,23.907,23.877,23.816,23.724,23.625,23.472,23.326,23.249,23.203,23.142,23.027,22.896,22.858,22.796,22.788,22.773,22.75,22.742,22.719,22.734,22.727,22.742,22.727,22.734,22.711,22.719,22.734,22.734,22.727,22.75,22.773,22.811,22.865,22.996,23.134,23.272,23.418,23.823,23.991,24.31,24.318,24.689,24.697,24.712,24.682,24.644,24.568,24.454,24.379,24.318,24.181,23.976,23.846,23.77,23.701,23.541,23.441,23.265,23.196,23.119,22.927,22.881,22.819,22.757,22.673,22.603,22.534,22.472,22.441,22.387,22.387,22.41,22.418,22.503,22.688,23.747,24.576,24.697,24.795,24.916,25.067,25.097,25.112,25.097,25.059,25.006,24.923,24.848,24.75,24.735,24.689,24.674,24.659,24.659,24.651,24.666,24.629,24.659,24.598,24.598,24.477,24.416,24.363,24.318,24.31,24.196,24.113,24.067,23.968,23.922,23.892,23.793,23.8,23.609,23.602,23.51,23.426,23.296,23.173,23.15,23.034,23.027,23.004,23.011,23.019,23.042,23.104,23.18,23.257,23.372,23.456,23.533,23.747,23.823,23.892,23.899,23.968,24.105,24.204,24.439,24.674,25.074,25.255,25.428,25.555,25.608,25.623,25.63,25.6,25.54,25.345,25.036,24.946,24.772,24.583,24.432,24.439,24.196,23.983,23.816,23.586,23.495,23.349,23.119,23.05,22.896,22.858,22.888,22.888,22.942,23.088,23.142,23.372,23.671,23.671,23.877,24.082,24.075,24.037,24.067,23.922,23.816,23.632,23.495,23.319,23.319,23.226,23.249,23.203,23.296,24.143,25.488,25.608,25.555,25.578,25.548,25.473,25.36,25.36,25.308,25.277,25.262,25.18,25.021,24.991,24.923,24.757,24.621,24.568,24.386,24.295,24.105,24.006,23.983,23.816,23.541,23.518,23.487,23.387,23.426,23.41,23.319,23.265,23.265,23.165,23.142,23.011,22.934,22.858,22.834,22.765,22.719,22.68,22.688,22.688,22.665,22.703,22.78,23.226,24.727,25.157,25.862,25.877,26.28,26.355,26.422,26.459,26.459,26.459,26.422,26.385,26.34,26.273,26.213,26.146,26.087,25.788,25.855,25.773,25.713,25.45,25.413,25.187,25.127,24.871,24.727,24.485,24.075,23.953,23.96,23.686,23.403,23.28,23.157,22.888,22.842,22.804,22.773,22.757,22.742,22.727,22.696,22.719,22.696,22.68,22.611,22.564,22.564,22.541,22.541,22.425,22.433,22.479,22.418,22.495,22.472,22.441,22.449,22.402,22.441,22.464,22.464,22.456,22.472,22.464,22.479,22.441,22.472,22.402,22.363,22.418,22.449,22.418,22.441,22.41,22.425,22.394,22.387,22.41,22.379,22.379,22.394,22.387,22.387,22.363,22.356
,21.96,21.937,21.921,21.906,21.914,21.937,21.945,21.96,21.976,21.976,21.999,21.999,21.991,21.991,21.991,21.991,22.007,22.015,22.038,22.03,22.015,21.991,22.007,21.968,22.007,22.061,22.046,22.077,22.069,22.061,22.077,22.069,22.038,21.96,21.945,21.742,21.727,21.704,21.758,21.758,21.828,21.875,21.96,21.976,22.084,22.178,22.209,22.255,22.348,22.379,22.402,22.379,22.394,22.464,22.526,22.51,22.503,22.58,22.595,22.603,22.657,22.68,22.696,22.75,22.788,23.127,23.556,23.899,24.097,24.173,24.318,24.394,24.492,24.591,24.727,24.833,24.954,25.119,25.112,25.262,25.292,25.353,25.443,25.54,25.54,25.563,25.495,25.443,24.348,22.85,22.819,22.865,22.942,22.958,23.319,23.571,24.727,26.504,26.474,26.429,26.37,26.101,25.39,24.78,24.348,24.158,24.12,24.09,24.037,24.021,24.029,24.052,24.128,24.158,24.196,24.249,24.249,24.31,24.287,24.363,24.371,24.348,24.432,24.424,24.454,24.447,24.447,24.56,24.439,24.447,24.538,24.47,24.5,24.568,24.598,24.689,24.719,24.757,24.712,24.772,24.538,24.454,24.143,23.93,23.976,23.808,23.739,23.586,23.495,23.495,23.41,23.426,23.341,23.272,23.234,23.211,23.188,23.15,23.088,23.042,23.027,23.011,22.988,22.973,22.942,22.942,22.958,22.927,22.919,22.858,22.788,22.688,22.665,22.634,22.603,22.564,22.534,22.541,22.503,22.495,22.51,22.51,22.495,22.479,22.479,22.487,22.495,22.557,22.634,22.673,23.288,25.555,26.213,26.318,26.385,26.481,26.481,26.377,25.473,24.113,23.548,23.38,23.349,23.272,23.272,23.226,23.242,23.249,23.288,23.296,23.296,23.319,23.326,23.334,23.349,23.311,23.334,23.334,23.311,23.288,23.219,23.18,23.127,23.088,23.05,23.058,22.973,22.942,22.927,22.919,22.911,22.911,22.888,22.904,22.896,22.919,22.934,22.988,23.011,23.058,23.234,23.38,23.403,23.533,23.716,23.762,23.785,23.793,23.785,23.793,23.884,23.899,23.953,24.044,24.12,24.166,24.173,24.234,24.272,24.265,24.303,24.348,24.356,24.386,24.379,24.401,24.432,24.424,24.477,24.47,24.477,24.454,24.432,24.416,24.409,24.386,24.386,24.356,24.318,24.257,24.242,24.189,24.097,24.059,24.075,23.861,23.739,23.594,23.564,23.541,23.548,23.648,23.693,23.739,23.8,23.831,23.869,23.915,23.93,23.991,24.029,24.059,24.09,24.128,24.151,24.158,24.173,24.143,24.097,24.105,24.006,23.968,23.953,23.907,23.915,23.846,23.808,23.747,23.617,23.41,23.319,23.265,23.196,23.081,22.981,22.865,22.842,22.796,22.765,22.75,22.742,22.719,22.711,22.703,22.742,22.734,22.75,22.711,22.727,22.727,22.727,22.734,22.727,22.742,22.757,22.804,22.842,22.942,23.111,23.334,23.564,24.006,24.143,24.447,24.583,24.757,24.78,24.795,24.712,24.697,24.515,24.454,24.394,24.272,24.105,24.059,23.854,23.8,23.755,23.525,23.403,23.288,23.234,23.05,22.911,22.927,22.811,22.742,22.688,22.611,22.541,22.479,22.433,22.402,22.402,22.394,22.425,22.472,22.765,24.394,24.621,24.697,24.75,24.848,25.052,25.067,25.097,25.074,25.052,25.044,24.923,24.848,24.772,24.735,24.689,24.689,24.682,24.674,24.666,24.682,24.659,24.644,24.606,24.613,24.523,24.447,24.394,24.295,24.265,24.211,24.135,24.059,23.976,23.953,23.884,23.838,23.724,23.609,23.518,23.479,23.364,23.288,23.242,23.119,23.088,23.034,23.019,23.011,23.019,23.042,23.096,23.119,23.234,23.364,23.472,23.548,23.686,23.693,23.831,23.838,23.877,23.854,24.196,24.31,24.394,24.75,24.795,25.277,25.54,25.645,25.593,25.608,25.585,25.525,25.338,25.172,25.097,24.969,24.719,24.621,24.181,24.052,23.922,23.892,23.655,23.41,23.242,23.127,23.104,22.919,22.888,22.904,22.942,22.996,23.042,23.142,23.586,23.594,23.77,23.846,23.938,24.059,24.021,23.938,23.854,23.785,23.632,23.495,23.433,23.311,23.234,23.265,23.219,23.319,24.227,25.555,25.6,25.563,25.555,25.548,25.48,25.45,25.368,25.323,25.323,25.27,25.172,25.082,24.961,24.976,24.757,24.644,24.507,24.439,24.242,24.204,24.014,23.968,23.755,23.655,23.518,23.464,23.433,23.395,23.364,23.288,23.296,23.226,23.134,23.065,22.988,22.896,22.842,22.796,22.78,22.703,22.673,22.665,22.665,22.703,22.757,22.881,23.334,25.157,25.413,25.855,26.101,26.265,26.414,26.452,26.459,26.481,26.466,26.429,26.407,26.355,26.243,26.101,26.057,25.952,25.922,25.773,25.72,25.548,25.428,25.405,25.149,24.999,24.863,24.825,24.333,24.173,23.938,23.861,23.495,23.372,23.242,23.188,22.958,22.819,22.796,22.719,22.688,22.696,22.703,22.734,22.719,22.68,22.642,22.595,22.564,22.549,22.534,22.472,22.441,22.433,22.449,22.472,22.472,22.456,22.449,22.449,22.456,22.456,22.433,22.464,22.479,22.425,22.433,22.479,22.41,22.418,22.394,22.449,22.394,22.441,22.402,22.441,22.425,22.394,22.371,22.394,22.371,22.387,22.348,22.526,22.379,22.356,22.348,22.549
,21.937,21.921,21.921,21.89,21.906,21.921,21.945,21.984,21.984,21.968,21.96,21.976,21.984,21.999,21.991,21.991,21.984,22.015,21.952,22.061,21.976,22.022,21.991,21.976,22.053,22.038,22.046,22.1,22.022,22.077,22.069,22.03,22.015,21.984,21.945,21.774,21.735,21.75,21.704,21.836,21.82,21.921,21.937,21.968,22.022,22.131,22.193,22.17,22.247,22.286,22.332,22.363,22.387,22.379,22.418,22.441,22.503,22.495,22.534,22.564,22.611,22.657,22.673,22.719,22.858,23.088,23.77,23.899,24.044,24.097,24.295,24.424,24.447,24.636,24.727,24.871,24.938,25.082,25.149,25.202,25.292,25.398,25.368,25.443,25.525,25.495,25.428,25.323,24.242,22.796,22.819,22.834,22.888,23.027,23.372,23.579,24.697,26.414,26.6,26.496,26.206,25.885,25.42,24.689,24.151,24.113,24.044,24.029,24.014,23.998,23.998,24.021,24.044,24.105,24.151,24.113,24.143,24.196,24.234,24.31,24.333,24.356,24.348,24.424,24.416,24.394,24.401,24.394,24.386,24.424,24.356,24.47,24.447,24.56,24.545,24.682,24.674,24.704,24.75,24.53,24.341,24.082,24.044,23.953,23.854,23.686,23.518,23.449,23.556,23.449,23.341,23.319,23.334,23.249,23.242,23.203,23.157,23.104,23.042,23.034,22.988,22.965,22.927,22.958,22.904,22.904,22.904,22.911,22.85,22.796,22.719,22.673,22.642,22.611,22.588,22.595,22.541,22.534,22.518,22.487,22.487,22.472,22.464,22.456,22.479,22.456,22.51,22.51,22.603,22.85,23.678,25.585,26.131,26.288,26.392,26.414,26.392,26.295,25.465,23.96,23.418,23.296,23.288,23.265,23.242,23.234,23.226,23.234,23.242,23.28,23.303,23.334,23.326,23.341,23.326,23.319,23.319,23.319,23.288,23.272,23.196,23.134,23.142,23.081,23.065,23.042,22.965,22.95,22.942,22.896,22.904,22.881,22.896,22.842,22.85,22.819,22.842,22.873,22.919,23.019,23.157,23.296,23.426,23.594,23.663,23.671,23.701,23.755,23.777,23.8,23.846,23.884,23.938,24.029,24.067,24.143,24.166,24.158,24.227,24.219,24.272,24.303,24.333,24.341,24.363,24.371,24.379,24.432,24.477,24.477,24.477,24.454,24.439,24.416,24.394,24.386,24.363,24.333,24.303,24.257,24.181,24.135,24.113,24.059,23.953,23.846,23.724,23.556,23.548,23.548,23.602,23.648,23.686,23.755,23.785,23.838,23.869,23.922,23.96,24.006,24.021,24.075,24.09,24.143,24.143,24.158,24.158,24.143,24.105,24.097,24.021,24.006,23.953,23.907,23.899,23.808,23.701,23.579,23.525,23.364,23.249,23.203,23.157,23.027,22.896,22.85,22.819,22.788,22.757,22.742,22.711,22.719,22.703,22.719,22.719,22.719,22.719,22.727,22.727,22.719,22.719,22.719,22.734,22.742,22.757,22.78,22.819,22.942,23.119,23.296,23.899,24.021,24.363,24.379,24.727,24.727,24.795,24.757,24.704,24.674,24.53,24.492,24.379,24.196,24.128,24.021,23.899,23.755,23.678,23.51,23.433,23.234,23.165,23.111,23.004,22.858,22.834,22.703,22.649,22.595,22.518,22.472,22.425,22.371,22.402,22.379,22.402,22.541,22.634,23.739,24.621,24.644,24.735,24.818,24.991,24.976,25.104,25.067,25.059,25.006,24.886,24.893,24.772,24.75,24.674,24.689,24.712,24.689,24.674,24.644,24.636,24.666,24.598,24.568,24.538,24.447,24.371,24.356,24.272,24.257,24.234,24.044,24.029,23.93,23.884,23.793,23.709,23.655,23.556,23.495,23.433,23.349,23.242,23.173,23.058,23.05,23.011,23.011,23.019,23.034,23.096,23.127,23.188,23.311,23.38,23.625,23.678,23.716,23.732,23.716,23.648,23.838,23.899,24.143,24.356,24.47,24.795,25.195,25.398,25.458,25.593,25.563,25.6,25.518,25.24,25.36,25.21,24.878,24.742,24.545,24.447,24.09,23.991,23.831,23.693,23.357,23.242,23.18,23.058,22.881,22.919,22.911,22.95,23.019,23.196,23.081,23.456,23.609,23.632,23.838,23.998,23.938,23.953,23.96,23.747,23.709,23.625,23.472,23.303,23.272,23.296,23.28,23.249,23.288,24.196,25.533,25.615,25.608,25.615,25.585,25.548,25.495,25.435,25.375,25.315,25.308,25.18,25.157,25.052,24.976,24.757,24.712,24.629,24.462,24.234,24.189,24.021,23.93,23.755,23.586,23.502,23.487,23.433,23.319,23.296,23.303,23.18,23.157,23.127,23.104,22.981,22.896,22.865,22.703,22.703,22.688,22.649,22.673,22.673,22.68,22.711,23.058,24.135,25.18,25.72,25.945,26.109,26.295,26.377,26.459,26.466,26.474,26.459,26.414,26.444,26.444,26.146,26.019,25.945,25.855,25.638,25.803,25.608,25.443,25.375,25.39,25.014,25.127,24.81,24.545,24.591,24.044,23.968,23.777,23.51,23.288,23.157,23.127,22.934,22.827,22.811,22.703,22.688,22.742,22.734,22.703,22.727,22.673,22.657,22.549,22.526,22.518,22.479,22.441,22.464,22.402,22.449,22.441,22.472,22.441,22.464,22.456,22.464,22.449,22.41,22.472,22.418,22.449,22.394,22.41,22.456,22.433,22.41,22.387,22.387,22.371,22.41,22.394,22.402,22.379,22.402,22.387,22.371,22.371,22.34,22.356,22.371,22.363,22.356,22.394
,21.921,21.929,21.921,21.906,21.898,21.929,21.945,21.945,21.937,21.952,21.937,21.952,21.968,21.999,21.976,21.999,22.007,21.991,22.053,22.022,22.015,22.077,21.999,22.015,22.022,22.053,22.03,22.053,22.03,22.108,22.084,22.092,22.077,22.046,21.883,21.859,21.781,21.766,21.758,21.813,21.844,21.89,21.96,21.968,22.007,22.069,22.147,22.216,22.271,22.348,22.325,22.379,22.356,22.371,22.402,22.479,22.464,22.479,22.51,22.51,22.588,22.642,22.68,22.696,22.888,23.15,23.747,23.96,23.998,24.135,24.295,24.47,24.507,24.666,24.719,24.795,24.901,25.059,25.157,25.24,25.323,25.315,25.42,25.435,25.48,25.428,25.495,25.277,24.303,22.865,22.873,22.858,22.95,23.034,23.303,23.625,24.666,26.481,26.645,26.504,26.243,25.975,25.405,24.878,24.181,24.059,24.014,24.021,23.976,23.983,23.991,23.998,24.029,24.037,24.037,24.082,24.158,24.12,24.204,24.265,24.219,24.303,24.318,24.341,24.356,24.401,24.379,24.363,24.363,24.379,24.379,24.416,24.439,24.553,24.568,24.613,24.666,24.697,24.659,24.53,24.424,24.105,23.899,23.777,23.663,23.655,23.579,23.472,23.395,23.341,23.334,23.28,23.257,23.219,23.219,23.134,23.127,23.065,23.042,22.988,22.973,22.927,22.888,22.873,22.888,22.85,22.865,22.85,22.834,22.773,22.719,22.68,22.611,22.595,22.564,22.549,22.534,22.534,22.51,22.503,22.51,22.464,22.472,22.456,22.441,22.449,22.487,22.51,22.557,22.85,23.8,25.51,26.109,26.236,26.265,26.31,26.303,26.034,25.368,23.998,23.387,23.334,23.272,23.257,23.234,23.226,23.226,23.234,23.257,23.265,23.326,23.357,23.364,23.38,23.319,23.326,23.326,23.296,23.288,23.249,23.288,23.134,23.111,23.096,23.05,23.042,22.988,22.95,22.934,22.896,22.881,22.896,22.858,22.827,22.842,22.842,22.834,22.834,22.934,22.973,23.234,23.326,23.41,23.51,23.693,23.663,23.755,23.785,23.77,23.77,23.808,23.861,23.892,23.968,24.059,24.113,24.135,24.143,24.219,24.211,24.242,24.287,24.303,24.333,24.348,24.348,24.394,24.416,24.462,24.477,24.462,24.447,24.416,24.401,24.394,24.379,24.371,24.333,24.303,24.242,24.227,24.135,24.09,23.998,23.945,23.854,23.693,23.579,23.594,23.556,23.564,23.671,23.693,23.777,23.816,23.854,23.899,23.922,23.96,24.037,24.059,24.082,24.097,24.135,24.158,24.158,24.166,24.143,24.105,24.09,24.029,23.96,23.938,23.899,23.861,23.785,23.732,23.571,23.502,23.296,23.203,23.173,23.134,22.988,22.873,22.842,22.819,22.773,22.765,22.78,22.719,22.727,22.711,22.734,22.719,22.727,22.719,22.719,22.719,22.719,22.727,22.727,22.727,22.75,22.773,22.811,22.881,23.111,23.119,23.785,24.082,24.037,24.287,24.621,24.719,24.75,24.78,24.727,24.757,24.659,24.553,24.568,24.333,24.204,24.12,23.983,23.884,23.808,23.632,23.51,23.395,23.319,23.211,23.157,22.942,22.834,22.75,22.719,22.696,22.611,22.534,22.479,22.425,22.356,22.387,22.418,22.418,22.526,22.603,23.724,24.621,24.644,24.727,24.81,24.908,24.976,25.036,25.067,25.029,25.021,24.938,24.878,24.78,24.757,24.757,24.689,24.689,24.697,24.697,24.697,24.697,24.735,24.666,24.621,24.53,24.454,24.401,24.356,24.287,24.227,24.166,24.135,24.006,23.968,23.884,23.846,23.762,23.586,23.533,23.472,23.433,23.303,23.234,23.111,23.127,23.073,23.058,23.034,23.011,23.042,23.073,23.119,23.157,23.249,23.319,23.594,23.533,23.602,23.678,23.609,23.663,23.739,23.686,23.846,24.158,24.462,24.598,24.871,25.33,25.428,25.54,25.563,25.563,25.57,25.443,25.255,25.119,24.863,24.757,24.53,24.409,24.265,24.006,23.693,23.464,23.433,23.257,23.173,23.096,22.934,22.888,22.934,22.927,23.004,23.004,23.058,23.487,23.625,23.747,23.869,23.998,23.983,23.907,23.869,23.77,23.747,23.655,23.418,23.303,23.349,23.257,23.257,23.249,23.341,24.538,25.63,25.615,25.653,25.66,25.615,25.533,25.518,25.473,25.405,25.338,25.308,25.277,25.195,25.014,24.976,24.697,24.659,24.5,24.409,24.227,24.151,24.044,23.877,23.678,23.609,23.541,23.495,23.426,23.311,23.311,23.265,23.165,23.088,23.058,23.042,22.958,22.827,22.811,22.727,22.673,22.665,22.642,22.572,22.673,22.703,22.834,22.981,24.097,25.195,25.66,25.937,26.191,26.355,26.444,26.474,26.459,26.452,26.459,26.399,26.34,26.288,26.191,25.967,25.922,25.825,25.645,25.57,25.458,25.383,25.398,25.165,25.127,24.946,24.78,24.735,24.386,24.082,23.915,23.693,23.449,23.249,23.142,23.073,22.919,22.85,22.711,22.696,22.727,22.765,22.719,22.719,22.734,22.673,22.68,22.619,22.518,22.464,22.441,22.433,22.41,22.402,22.402,22.425,22.418,22.449,22.479,22.479,22.479,22.456,22.449,22.418,22.402,22.418,22.402,22.363,22.425,22.379,22.356,22.394,22.348,22.472,22.394,22.418,22.418,22.418,22.402,22.425,22.41,22.387,22.394,22.363,22.394,22.402,22.371,22.379
,21.937,21.921,21.906,21.89,21.898,21.937,21.929,21.945,21.929,21.937,21.96,21.945,21.968,21.984,21.976,21.952,21.999,21.968,22.038,22.022,22.007,22.015,22.022,22.007,21.999,22.046,22.03,22.007,22.015,22.053,22.092,22.092,22.077,22.015,21.921,21.999,21.937,21.813,21.805,21.82,21.844,21.898,21.96,22.061,22.03,22.108,22.123,22.263,22.201,22.278,22.348,22.294,22.356,22.363,22.387,22.387,22.441,22.464,22.487,22.495,22.549,22.642,22.673,22.757,22.865,23.441,23.808,23.907,23.899,24.113,24.265,24.5,24.591,24.629,24.765,24.923,25.014,25.074,25.232,25.27,25.3,25.323,25.345,25.398,25.473,25.405,25.405,25.149,24.12,22.881,22.865,22.934,23.034,23.142,23.234,23.564,24.629,26.511,26.645,26.645,26.183,26.027,25.119,24.772,24.553,24.082,24.097,23.991,23.968,23.96,23.953,23.968,24.029,24.021,24.044,24.037,24.059,24.113,24.151,24.135,24.181,24.257,24.295,24.318,24.348,24.333,24.356,24.356,24.333,24.333,24.356,24.401,24.424,24.477,24.5,24.576,24.621,24.56,24.462,24.303,24.105,24.082,23.854,23.709,23.632,23.541,23.433,23.341,23.296,23.311,23.265,23.249,23.234,23.173,23.142,23.096,23.058,23.05,22.996,22.965,22.896,22.865,22.842,22.842,22.842,22.834,22.834,22.796,22.804,22.734,22.703,22.634,22.611,22.564,22.557,22.541,22.534,22.541,22.534,22.526,22.51,22.449,22.433,22.441,22.433,22.456,22.479,22.518,22.603,23.073,23.861,25.967,26.176,26.191,26.258,26.236,26.176,26.183,25.157,24.052,23.372,23.265,23.265,23.249,23.234,23.211,23.219,23.234,23.234,23.272,23.334,23.38,23.364,23.349,23.372,23.326,23.319,23.319,23.296,23.272,23.257,23.157,23.096,23.096,23.05,23.034,22.988,22.981,22.934,22.896,22.865,22.796,22.804,22.804,22.78,22.788,22.788,22.896,22.973,23.027,23.319,23.341,23.395,23.533,23.625,23.655,23.732,23.793,23.77,23.808,23.808,23.846,23.884,23.968,24.021,24.052,24.105,24.143,24.173,24.204,24.227,24.257,24.265,24.287,24.31,24.371,24.379,24.401,24.439,24.462,24.439,24.432,24.409,24.394,24.401,24.363,24.341,24.287,24.265,24.234,24.173,24.128,24.044,23.915,23.976,23.831,23.678,23.594,23.617,23.579,23.594,23.64,23.747,23.777,23.854,23.877,23.93,23.968,24.021,24.037,24.082,24.105,24.12,24.166,24.143,24.158,24.158,24.128,24.113,24.059,24.037,23.983,23.938,23.899,23.892,23.808,23.655,23.556,23.449,23.272,23.234,23.173,23.088,22.965,22.904,22.85,22.811,22.78,22.742,22.765,22.727,22.765,22.727,22.734,22.727,22.734,22.711,22.68,22.711,22.719,22.719,22.734,22.742,22.742,22.765,22.788,22.858,23.096,23.288,23.602,23.976,24.249,24.5,24.613,24.636,24.735,24.787,24.765,24.712,24.644,24.545,24.454,24.401,24.105,24.135,23.96,23.915,23.846,23.648,23.625,23.495,23.341,23.226,23.058,22.834,22.85,22.858,22.773,22.688,22.642,22.549,22.479,22.41,22.387,22.371,22.387,22.526,22.495,22.595,23.701,24.523,24.674,24.742,24.78,24.916,24.976,25.006,25.036,25.036,25.021,24.969,24.908,24.81,24.795,24.735,24.682,24.682,24.697,24.719,24.704,24.689,24.682,24.644,24.583,24.523,24.447,24.409,24.318,24.295,24.219,24.189,24.12,24.029,23.93,23.915,23.793,23.709,23.579,23.556,23.495,23.403,23.372,23.257,23.165,23.15,23.065,23.065,23.058,23.042,23.004,23.081,23.081,23.15,23.203,23.364,23.41,23.502,23.586,23.586,23.609,23.602,23.579,23.632,23.861,23.922,24.28,24.325,24.644,24.908,25.3,25.488,25.608,25.54,25.488,25.345,25.247,25.067,24.931,24.689,24.447,24.416,24.227,23.915,23.747,23.785,23.525,23.265,23.065,23.15,22.981,22.927,22.934,22.958,23.011,23.042,23.011,23.364,23.586,23.77,23.838,23.915,23.976,23.93,23.732,23.762,23.579,23.403,23.334,23.349,23.257,23.234,23.226,23.219,23.319,24.439,25.653,25.69,25.675,25.668,25.653,25.6,25.548,25.488,25.473,25.398,25.33,25.195,25.157,25.067,24.991,24.772,24.621,24.477,24.485,24.227,24.113,24.105,23.8,23.8,23.617,23.518,23.403,23.364,23.334,23.242,23.157,23.119,23.081,23.019,23.011,22.934,22.827,22.804,22.696,22.688,22.634,22.642,22.634,22.649,22.696,22.773,23.004,24.803,25.443,25.982,26.101,26.243,26.34,26.385,26.459,26.452,26.459,26.437,26.452,26.303,26.265,26.072,25.967,25.84,25.818,25.683,25.458,25.48,25.375,25.27,25.172,24.954,24.863,24.765,24.485,24.219,24.037,23.861,23.655,23.525,23.311,23.219,22.927,22.881,22.788,22.78,22.742,22.734,22.734,22.727,22.727,22.688,22.703,22.649,22.557,22.441,22.425,22.433,22.418,22.479,22.41,22.363,22.402,22.425,22.441,22.472,22.472,22.487,22.479,22.449,22.418,22.41,22.387,22.356,22.363,22.363,22.356,22.441,22.363,22.402,22.363,22.387,22.418,22.41,22.402,22.441,22.41,22.402,22.41,22.387,22.371,22.387,22.379,22.363,22.371
,21.929,21.929,21.898,21.906,21.898,21.921,21.937,21.937,21.968,21.96,21.945,21.96,21.96,21.96,21.999,21.976,22.015,22.015,22.069,22.069,22.046,21.999,22.053,21.984,22.007,22.03,22.022,22.069,22.007,22.069,22.053,22.069,22.077,22.022,22.046,21.999,21.898,21.859,21.781,21.813,21.82,21.867,21.89,21.937,22.022,22.092,22.162,22.178,22.224,22.24,22.348,22.286,22.317,22.317,22.348,22.394,22.379,22.433,22.464,22.479,22.534,22.611,22.719,22.734,22.981,23.502,23.793,23.976,24.044,24.211,24.341,24.379,24.576,24.674,24.757,24.938,24.954,25.142,25.232,25.33,25.345,25.3,25.338,25.36,25.383,25.398,25.383,25.165,24.303,22.888,22.911,22.981,22.996,23.065,23.288,23.502,24.772,26.511,26.734,26.556,26.437,26.049,25.33,24.818,24.485,24.363,24.196,24.014,23.945,23.96,23.96,23.93,23.983,23.976,24.006,24.037,24.014,24.059,24.105,24.181,24.158,24.257,24.265,24.272,24.318,24.333,24.318,24.325,24.287,24.303,24.348,24.348,24.432,24.477,24.538,24.545,24.507,24.492,24.348,23.991,23.998,23.816,23.732,23.625,23.571,23.479,23.357,23.326,23.288,23.272,23.226,23.203,23.226,23.142,23.111,23.073,23.065,23.019,22.988,22.934,22.896,22.904,22.811,22.811,22.78,22.765,22.765,22.757,22.719,22.719,22.68,22.657,22.595,22.534,22.518,22.534,22.518,22.518,22.518,22.51,22.518,22.472,22.425,22.425,22.425,22.441,22.495,22.588,22.665,23.05,24.674,25.989,26.116,26.146,26.146,26.191,26.161,26.087,25.18,23.77,23.319,23.242,23.242,23.242,23.242,23.242,23.234,23.234,23.257,23.296,23.357,23.357,23.372,23.334,23.395,23.357,23.311,23.311,23.288,23.226,23.211,23.15,23.119,23.081,23.058,23.042,22.996,22.95,22.919,22.888,22.858,22.858,22.811,22.773,22.773,22.796,22.765,22.804,23.004,23.05,23.326,23.387,23.456,23.556,23.564,23.648,23.693,23.747,23.724,23.716,23.785,23.838,23.899,23.945,23.96,24.014,24.067,24.097,24.105,24.12,24.105,24.227,24.265,24.287,24.295,24.341,24.394,24.416,24.401,24.454,24.424,24.432,24.401,24.401,24.394,24.356,24.333,24.295,24.272,24.227,24.12,24.097,24.052,23.976,23.854,23.777,23.724,23.663,23.602,23.571,23.609,23.663,23.762,23.808,23.854,23.907,23.922,24.006,24.052,24.052,24.105,24.12,24.151,24.158,24.166,24.181,24.158,24.128,24.12,24.082,24.014,23.96,23.938,23.877,23.846,23.617,23.625,23.571,23.364,23.226,23.15,23.111,23.027,22.942,22.858,22.842,22.796,22.78,22.742,22.757,22.727,22.727,22.703,22.727,22.711,22.711,22.711,22.703,22.727,22.642,22.727,22.742,22.765,22.742,22.75,22.773,22.85,23.265,23.518,23.831,24.037,24.401,24.348,24.666,24.727,24.757,24.719,24.757,24.666,24.598,24.47,24.492,24.386,24.219,24.059,23.93,23.899,23.831,23.648,23.51,23.426,23.296,23.081,22.988,22.881,22.888,22.78,22.734,22.673,22.611,22.58,22.456,22.371,22.379,22.363,22.371,22.433,22.51,22.611,23.426,24.432,24.598,24.78,24.795,24.938,24.991,25.006,25.036,25.021,24.991,24.954,24.863,24.825,24.78,24.689,24.697,24.689,24.704,24.727,24.712,24.704,24.674,24.651,24.598,24.545,24.485,24.424,24.416,24.295,24.265,24.181,24.143,24.059,23.976,23.899,23.785,23.701,23.617,23.556,23.51,23.456,23.357,23.303,23.165,23.142,23.027,23.05,23.05,23.042,23.05,23.065,23.088,23.111,23.226,23.334,23.395,23.441,23.495,23.495,23.472,23.433,23.602,23.693,23.755,23.884,23.991,23.991,24.31,24.908,25.029,25.398,25.473,25.473,25.54,25.368,25.323,25.014,24.938,24.644,24.591,24.341,24.12,24.052,23.709,23.533,23.364,23.265,23.088,23.05,22.973,22.965,22.965,22.95,22.996,22.996,23.019,23.372,23.64,23.747,23.785,23.899,23.907,23.922,23.808,23.724,23.724,23.387,23.372,23.326,23.288,23.219,23.188,23.226,23.449,24.772,25.713,25.728,25.72,25.683,25.698,25.645,25.623,25.548,25.503,25.39,25.338,25.292,25.119,24.969,24.916,24.848,24.704,24.598,24.341,24.227,24.113,23.93,23.831,23.678,23.586,23.525,23.403,23.364,23.265,23.265,23.134,23.119,23.081,23.019,22.981,22.95,22.842,22.757,22.68,22.688,22.673,22.619,22.642,22.634,22.642,22.765,23.242,24.833,25.338,26.012,26.124,26.198,26.347,26.385,26.399,26.437,26.422,26.414,26.333,26.273,26.161,25.982,25.9,25.885,25.623,25.458,25.375,25.3,25.262,25.225,25.006,24.923,24.871,24.81,24.523,24.356,24.075,23.854,23.701,23.564,23.226,23.127,22.911,22.858,22.75,22.75,22.742,22.719,22.727,22.734,22.742,22.727,22.673,22.657,22.518,22.51,22.456,22.433,22.425,22.425,22.449,22.371,22.371,22.387,22.456,22.464,22.479,22.479,22.456,22.418,22.425,22.394,22.418,22.41,22.348,22.309,22.363,22.371,22.387,22.387,22.425,22.441,22.402,22.433,22.402,22.402,22.41,22.425,22.394,22.433,22.356,22.348,22.363,22.356,22.379
,21.937,21.929,21.921,21.937,21.914,21.929,21.937,21.921,21.937,21.937,21.952,21.976,21.984,21.984,21.991,21.976,21.999,21.999,22.022,22.03,22.022,22.007,22.061,21.999,21.999,22.022,22.022,22.022,22.053,22.069,22.069,22.053,22.077,22.069,22.053,22.053,22.007,21.859,21.828,21.82,21.844,21.859,21.914,21.96,21.976,22.053,22.139,22.201,22.216,22.278,22.255,22.309,22.309,22.317,22.387,22.387,22.363,22.418,22.449,22.433,22.518,22.619,22.811,22.85,23.134,23.617,23.777,24.014,24.113,24.09,24.249,24.409,24.454,24.651,24.727,24.893,24.991,25.112,25.18,25.277,25.308,25.3,25.413,25.435,25.443,25.413,25.405,25.277,24.113,23.019,22.919,22.965,23.027,23.134,23.257,23.548,24.5,26.496,26.674,26.608,26.533,26.198,25.119,24.719,24.333,24.401,24.052,24.082,23.991,23.884,23.93,23.938,23.938,23.968,23.976,23.991,24.014,24.006,24.037,24.09,24.135,24.211,24.189,24.295,24.31,24.287,24.287,24.303,24.303,24.325,24.333,24.348,24.394,24.47,24.47,24.523,24.462,24.219,24.242,23.998,23.831,23.671,23.594,23.51,23.456,23.364,23.319,23.296,23.272,23.226,23.219,23.196,23.15,23.096,23.058,23.058,23.027,22.981,22.934,22.927,22.865,22.85,22.788,22.78,22.75,22.734,22.75,22.711,22.696,22.688,22.649,22.611,22.557,22.518,22.51,22.503,22.518,22.526,22.526,22.518,22.534,22.433,22.449,22.425,22.418,22.441,22.534,22.518,22.603,23.027,24.666,25.915,26.079,26.176,26.146,26.183,26.161,25.758,24.901,23.861,23.387,23.234,23.257,23.242,23.242,23.242,23.242,23.249,23.272,23.311,23.334,23.364,23.357,23.372,23.38,23.303,23.341,23.311,23.257,23.226,23.203,23.173,23.134,23.096,23.065,23.027,22.988,22.95,22.919,22.888,22.796,22.773,22.788,22.742,22.757,22.75,22.75,22.834,23.019,23.119,23.319,23.326,23.495,23.586,23.617,23.632,23.732,23.724,23.755,23.747,23.747,23.816,23.884,23.93,23.915,23.96,23.998,24.059,24.09,24.12,24.097,24.219,24.234,24.287,24.287,24.318,24.363,24.386,24.401,24.394,24.409,24.409,24.386,24.379,24.371,24.341,24.325,24.257,24.242,24.196,24.211,24.105,24.037,23.93,23.968,23.8,23.663,23.663,23.609,23.586,23.663,23.709,23.739,23.854,23.884,23.907,23.998,24.014,24.044,24.082,24.113,24.128,24.166,24.181,24.173,24.196,24.143,24.135,24.128,24.052,24.029,23.96,23.93,23.869,23.8,23.609,23.579,23.426,23.403,23.196,23.134,23.011,23.004,22.919,22.865,22.842,22.796,22.78,22.742,22.719,22.719,22.734,22.727,22.719,22.711,22.703,22.711,22.703,22.719,22.734,22.734,22.75,22.75,22.78,22.788,22.858,23.119,23.456,23.41,24.044,24.242,24.47,24.462,24.674,24.735,24.75,24.719,24.742,24.719,24.613,24.53,24.409,24.272,24.113,24.09,23.945,23.854,23.739,23.594,23.525,23.426,23.265,23.134,22.965,22.919,22.85,22.842,22.75,22.665,22.626,22.526,22.51,22.41,22.379,22.363,22.394,22.433,22.51,22.665,23.449,24.401,24.53,24.621,24.742,24.878,24.976,25.006,25.021,25.021,24.991,24.976,24.923,24.84,24.742,24.682,24.719,24.712,24.727,24.727,24.735,24.727,24.704,24.682,24.568,24.56,24.507,24.447,24.432,24.318,24.219,24.158,24.128,24.052,23.991,23.861,23.77,23.777,23.64,23.571,23.495,23.426,23.326,23.311,23.211,23.142,23.088,23.104,23.065,23.058,23.042,23.034,23.065,23.111,23.188,23.326,23.433,23.449,23.403,23.426,23.433,23.418,23.433,23.487,23.724,23.755,23.877,23.998,24.158,24.295,24.666,25.262,25.465,25.54,25.413,25.39,25.277,25.089,24.961,24.848,24.424,24.363,24.021,23.991,23.648,23.456,23.41,23.211,23.088,23.042,22.981,22.965,22.973,22.965,22.996,23.004,23.119,23.272,23.648,23.732,23.762,23.846,23.892,23.838,23.777,23.747,23.571,23.479,23.472,23.326,23.28,23.311,23.296,23.326,23.449,24.931,25.75,25.765,25.765,25.735,25.735,25.713,25.66,25.525,25.488,25.413,25.375,25.27,25.112,25.021,24.931,24.81,24.644,24.477,24.394,24.211,24.052,23.96,23.922,23.739,23.678,23.525,23.472,23.326,23.242,23.219,23.226,23.073,23.042,23.004,22.934,22.942,22.85,22.788,22.711,22.696,22.673,22.619,22.649,22.611,22.642,22.811,23.93,25.33,25.885,26.109,26.28,26.318,26.355,26.385,26.422,26.362,26.377,26.288,26.265,26.213,26.049,25.989,25.915,25.832,25.503,25.308,25.405,25.308,25.157,25.217,24.984,24.871,24.855,24.78,24.47,24.348,24.014,23.785,23.671,23.303,23.234,23.219,22.842,22.811,22.827,22.742,22.711,22.727,22.742,22.719,22.727,22.703,22.634,22.603,22.549,22.588,22.503,22.441,22.418,22.441,22.41,22.379,22.402,22.394,22.402,22.464,22.449,22.464,22.418,22.425,22.418,22.387,22.394,22.34,22.286,22.294,22.309,22.363,22.356,22.402,22.418,22.441,22.425,22.402,22.464,22.371,22.402,22.41,22.418,22.425,22.449,22.356,22.363,22.363,22.371
,21.906,21.921,21.921,21.906,21.914,21.945,21.921,21.945,21.937,21.937,21.952,21.976,21.968,21.984,21.984,21.991,21.991,21.999,22.007,21.999,22.007,21.991,22.053,22.015,21.999,21.991,21.999,22.015,22.03,22.038,22.038,22.038,22.069,22.069,22.053,22.038,21.976,21.991,21.859,21.867,21.844,21.883,21.898,21.906,21.96,22.061,22.123,22.154,22.209,22.271,22.263,22.247,22.255,22.255,22.348,22.34,22.348,22.363,22.402,22.433,22.487,22.479,22.526,22.719,23.05,23.571,23.884,24.029,24.052,24.135,24.272,24.553,24.462,24.697,24.636,24.871,24.871,25.059,25.195,25.262,25.315,25.353,25.405,25.398,25.405,25.383,25.33,25.097,23.976,22.904,22.919,22.927,23.027,23.18,23.311,23.571,24.492,26.452,26.682,26.689,26.518,25.945,25.24,24.576,24.454,24.257,24.113,24.029,23.953,23.96,23.884,23.915,23.915,23.93,23.96,23.938,23.96,23.953,23.938,24.021,24.135,24.158,24.189,24.219,24.227,24.257,24.242,24.265,24.257,24.333,24.356,24.363,24.371,24.409,24.341,24.401,24.416,24.135,23.938,23.686,23.64,23.518,23.51,23.502,23.449,23.28,23.257,23.219,23.234,23.219,23.173,23.157,23.134,23.096,23.042,23.019,22.973,22.904,22.873,22.904,22.834,22.819,22.773,22.75,22.703,22.665,22.688,22.719,22.68,22.634,22.626,22.588,22.534,22.518,22.495,22.51,22.503,22.518,22.503,22.518,22.472,22.464,22.433,22.425,22.41,22.456,22.487,22.557,22.765,22.865,24.735,26.012,26.034,26.146,26.139,26.169,26.154,25.788,24.84,23.724,23.272,23.265,23.249,23.265,23.242,23.288,23.272,23.272,23.296,23.311,23.319,23.364,23.364,23.372,23.349,23.334,23.296,23.288,23.265,23.226,23.203,23.15,23.119,23.127,23.05,23.019,22.988,22.942,22.896,22.842,22.75,22.773,22.727,22.719,22.703,22.696,22.734,22.804,23.073,23.127,23.272,23.364,23.472,23.571,23.609,23.663,23.663,23.686,23.709,23.739,23.747,23.838,23.861,23.877,23.907,23.915,23.915,24.021,24.021,24.082,24.097,24.189,24.219,24.234,24.265,24.318,24.325,24.356,24.363,24.371,24.356,24.379,24.371,24.348,24.356,24.318,24.318,24.31,24.257,24.189,24.151,24.097,23.93,23.892,23.877,23.8,23.739,23.64,23.609,23.609,23.617,23.671,23.8,23.831,23.846,23.907,23.983,24.044,24.052,24.09,24.105,24.135,24.151,24.196,24.196,24.166,24.158,24.12,24.113,24.052,23.976,23.892,23.869,23.808,23.716,23.632,23.51,23.41,23.226,23.165,23.042,22.981,22.973,22.888,22.865,22.827,22.804,22.773,22.765,22.757,22.703,22.711,22.711,22.696,22.703,22.696,22.711,22.711,22.734,22.734,22.734,22.75,22.734,22.78,22.804,22.896,23.058,23.479,23.854,24.12,24.386,24.56,24.636,24.719,24.742,24.765,24.75,24.727,24.606,24.507,24.485,24.363,24.257,24.158,23.96,23.861,23.777,23.686,23.579,23.479,23.372,23.357,23.134,22.927,22.942,22.888,22.796,22.75,22.642,22.619,22.541,22.472,22.425,22.379,22.371,22.394,22.441,22.456,22.479,23.18,24.287,24.553,24.644,24.689,24.901,24.938,24.969,25.006,25.006,24.984,24.984,24.901,24.825,24.727,24.75,24.704,24.712,24.727,24.727,24.742,24.735,24.697,24.644,24.621,24.53,24.485,24.454,24.386,24.348,24.287,24.128,24.105,24.014,23.93,23.861,23.777,23.686,23.655,23.632,23.541,23.433,23.334,23.326,23.219,23.104,23.081,23.073,23.019,23.042,22.996,23.027,23.073,23.088,23.134,23.272,23.288,23.357,23.38,23.395,23.319,23.372,23.372,23.433,23.548,23.51,23.854,23.915,24.067,24.272,24.538,25.089,25.398,25.42,25.405,25.39,25.285,24.991,24.954,24.75,24.432,24.333,24.135,23.991,23.625,23.495,23.387,23.188,23.065,23.027,22.988,22.981,22.981,22.981,22.996,23.004,23.081,23.226,23.456,23.594,23.709,23.739,23.808,23.8,23.77,23.671,23.632,23.479,23.364,23.326,23.28,23.265,23.28,23.234,23.533,24.878,25.758,25.825,25.803,25.818,25.735,25.683,25.698,25.57,25.488,25.345,25.285,25.24,25.082,24.833,24.863,24.742,24.485,24.47,24.318,24.12,24.128,23.968,23.831,23.617,23.64,23.387,23.319,23.303,23.249,23.203,23.096,23.058,23.034,22.973,22.927,22.881,22.811,22.711,22.742,22.703,22.642,22.642,22.626,22.611,22.696,22.75,24.014,24.931,25.915,26.094,26.236,26.325,26.31,26.407,26.325,26.325,26.318,26.288,26.154,26.161,26.004,25.93,25.84,25.735,25.563,25.24,25.3,25.172,25.036,25.097,24.931,24.893,24.795,24.553,24.401,24.067,24.075,23.808,23.449,23.234,23.157,23.15,22.95,22.788,22.719,22.626,22.696,22.673,22.703,22.734,22.642,22.673,22.68,22.673,22.611,22.564,22.51,22.479,22.441,22.425,22.41,22.371,22.387,22.363,22.41,22.433,22.433,22.402,22.418,22.371,22.425,22.34,22.325,22.317,22.302,22.24,22.247,22.294,22.317,22.394,22.402,22.425,22.418,22.348,22.371,22.348,22.387,22.379,22.402,22.425,22.41,22.379,22.371,22.356,22.363
,21.937,21.906,21.937,21.906,21.937,21.945,21.921,21.929,21.96,21.96,21.952,21.976,21.991,21.999,21.984,21.984,21.991,21.999,21.999,21.999,22.038,22.03,22.03,21.976,22.015,21.999,22.03,22.046,22.022,22.038,22.022,22.046,22.046,22.046,22.061,22.015,22.015,21.976,22.007,21.898,21.898,21.859,21.883,21.929,21.968,22.069,22.1,22.123,22.185,22.255,22.216,22.247,22.271,22.193,22.255,22.278,22.325,22.379,22.387,22.433,22.449,22.472,22.557,22.827,23.456,23.663,23.922,24.052,24.143,24.234,24.295,24.447,24.485,24.636,24.742,24.81,25.089,25.149,25.21,25.3,25.3,25.39,25.398,25.413,25.42,25.338,25.36,25.097,23.686,22.904,22.911,22.988,23.05,23.18,23.341,23.625,24.485,26.526,26.682,26.697,26.652,26.101,25.413,24.545,24.416,24.401,24.059,24.067,23.938,23.899,23.915,23.907,23.892,23.907,23.915,23.93,23.922,23.976,23.938,24.021,24.12,24.151,24.181,24.181,24.196,24.189,24.249,24.242,24.303,24.287,24.333,24.348,24.356,24.379,24.371,24.333,24.204,23.831,23.686,23.648,23.518,23.479,23.441,23.334,23.28,23.219,23.226,23.196,23.188,23.127,23.111,23.142,23.119,23.073,23.081,23.004,22.95,22.911,22.896,22.858,22.873,22.796,22.773,22.727,22.634,22.719,22.68,22.642,22.665,22.611,22.588,22.572,22.541,22.503,22.487,22.464,22.487,22.487,22.51,22.495,22.487,22.464,22.425,22.402,22.425,22.433,22.503,22.626,22.603,23.456,25.578,25.937,26.094,26.161,26.146,26.169,26.146,25.518,24.757,23.372,23.296,23.249,23.303,23.242,23.257,23.272,23.28,23.341,23.319,23.341,23.334,23.387,23.364,23.357,23.357,23.341,23.303,23.272,23.242,23.226,23.203,23.18,23.134,23.127,23.042,23.027,22.973,22.919,22.888,22.819,22.78,22.734,22.719,22.703,22.711,22.696,22.75,22.819,23.058,23.249,23.326,23.341,23.464,23.525,23.594,23.648,23.678,23.716,23.716,23.739,23.777,23.823,23.816,23.877,23.892,23.899,23.907,23.892,23.983,24.006,24.12,24.151,24.211,24.227,24.265,24.303,24.325,24.325,24.333,24.363,24.348,24.356,24.356,24.333,24.341,24.333,24.318,24.295,24.242,24.204,24.105,24.052,23.968,23.945,23.854,23.846,23.724,23.663,23.678,23.64,23.716,23.793,23.793,23.869,23.877,23.922,24.006,24.059,24.067,24.082,24.12,24.135,24.158,24.181,24.196,24.189,24.173,24.128,24.097,24.052,24.014,23.884,23.77,23.77,23.686,23.541,23.426,23.349,23.319,23.073,23.042,23.004,22.973,22.934,22.858,22.834,22.804,22.78,22.757,22.734,22.711,22.703,22.688,22.696,22.703,22.703,22.703,22.719,22.711,22.719,22.75,22.757,22.773,22.796,22.873,23.05,23.357,23.686,23.838,24.287,24.56,24.644,24.719,24.742,24.765,24.757,24.75,24.719,24.591,24.5,24.47,24.318,24.295,24.037,23.976,23.877,23.739,23.648,23.579,23.487,23.326,23.257,23.034,23.019,22.934,22.904,22.834,22.78,22.665,22.572,22.541,22.479,22.425,22.41,22.387,22.394,22.418,22.503,22.727,23.058,24.386,24.47,24.636,24.719,24.863,24.916,24.969,24.984,24.984,24.969,24.931,24.886,24.855,24.75,24.765,24.735,24.742,24.742,24.742,24.727,24.75,24.704,24.682,24.583,24.507,24.492,24.462,24.439,24.401,24.242,24.295,24.044,24.029,23.945,23.854,23.777,23.762,23.671,23.64,23.541,23.449,23.334,23.265,23.242,23.127,23.073,23.081,23.042,23.034,23.019,23.042,23.088,23.104,23.173,23.18,23.288,23.326,23.341,23.334,23.28,23.296,23.303,23.403,23.472,23.632,23.77,23.907,23.976,24.067,24.447,24.848,25.277,25.398,25.405,25.383,25.353,25.24,25.014,24.598,24.439,24.158,24.059,23.747,23.571,23.41,23.418,23.142,23.081,23.004,23.004,22.981,22.988,22.996,23.034,23.104,23.165,23.288,23.495,23.617,23.701,23.762,23.777,23.77,23.732,23.739,23.617,23.541,23.441,23.334,23.249,23.234,23.296,23.372,23.449,25.413,25.81,25.818,25.855,25.84,25.81,25.743,25.675,25.743,25.443,25.375,25.292,25.18,25.044,24.938,24.871,24.666,24.591,24.401,24.333,24.075,24.105,23.877,23.755,23.602,23.586,23.51,23.364,23.242,23.188,23.119,23.065,23.011,22.988,22.981,22.896,22.865,22.804,22.811,22.665,22.665,22.626,22.649,22.673,22.526,22.75,22.942,24.204,25.57,25.877,26.198,26.288,26.295,26.37,26.318,26.333,26.347,26.258,26.198,26.236,26.101,25.967,25.885,25.847,25.735,25.525,25.165,25.232,25.119,25.014,24.991,24.893,24.803,24.757,24.401,24.454,24.196,23.877,23.648,23.602,23.234,23.157,22.996,23.019,22.757,22.742,22.673,22.673,22.727,22.734,22.727,22.727,22.696,22.657,22.665,22.626,22.572,22.549,22.51,22.464,22.418,22.363,22.387,22.379,22.356,22.387,22.425,22.456,22.418,22.402,22.278,22.325,22.286,22.387,22.348,22.278,22.232,22.263,22.309,22.348,22.371,22.41,22.418,22.425,22.433,22.41,22.363,22.348,22.363,22.41,22.379,22.433,22.379,22.441,22.441,22.356
,21.929,21.914,21.929,21.921,21.929,21.914,21.921,21.921,21.937,21.952,21.968,21.991,21.984,21.976,21.999,21.991,21.984,21.984,22.015,22.007,22.046,22.015,21.999,22.007,22.03,21.984,22.038,22.03,22.038,22.053,22.046,22.038,22.046,22.046,22.046,22.053,22.007,22.046,21.991,21.968,21.859,21.875,21.851,21.921,21.968,22.03,22.092,22.092,22.147,22.224,22.216,22.178,22.201,22.232,22.271,22.286,22.363,22.371,22.387,22.456,22.472,22.456,22.611,22.819,23.495,23.854,23.976,24.082,24.173,24.173,24.31,24.477,24.523,24.674,24.757,24.84,25.014,25.149,25.187,25.27,25.308,25.368,25.435,25.398,25.428,25.375,25.383,25.292,23.823,22.927,22.942,22.988,23.058,23.257,23.441,23.472,24.454,26.221,26.682,26.689,26.615,25.877,25.465,24.719,24.439,24.272,24.082,24.029,23.976,23.877,23.861,23.907,23.892,23.93,23.907,23.907,23.922,23.96,24.044,24.082,24.09,24.151,24.151,24.158,24.166,24.173,24.196,24.242,24.265,24.31,24.295,24.265,24.287,24.333,24.135,24.09,23.968,23.701,23.625,23.502,23.449,23.341,23.364,23.319,23.265,23.203,23.18,23.157,23.173,23.134,23.081,23.111,23.073,23.065,23.073,22.942,22.942,22.927,22.911,22.85,22.85,22.757,22.742,22.696,22.642,22.649,22.665,22.619,22.611,22.619,22.557,22.549,22.487,22.456,22.456,22.479,22.487,22.487,22.503,22.479,22.472,22.456,22.387,22.379,22.348,22.479,22.479,22.619,22.611,23.533,25.593,25.982,26.109,26.116,26.154,26.131,26.064,25.3,24.059,23.518,23.341,23.334,23.226,23.311,23.311,23.288,23.288,23.303,23.349,23.357,23.387,23.38,23.357,23.334,23.341,23.311,23.303,23.257,23.242,23.211,23.188,23.157,23.157,23.073,23.065,23.042,22.919,22.873,22.858,22.811,22.765,22.734,22.711,22.703,22.703,22.703,22.719,22.927,23.065,23.196,23.257,23.334,23.472,23.564,23.617,23.609,23.663,23.701,23.732,23.755,23.762,23.808,23.816,23.861,23.884,23.892,23.877,23.922,23.93,23.945,24.075,24.12,24.158,24.196,24.257,24.265,24.31,24.303,24.318,24.325,24.303,24.318,24.333,24.31,24.333,24.318,24.318,24.303,24.28,24.196,24.128,24.014,24.021,23.983,23.884,23.793,23.701,23.625,23.655,23.632,23.709,23.77,23.838,23.899,23.945,23.983,24.021,24.067,24.075,24.105,24.128,24.158,24.151,24.181,24.196,24.181,24.173,24.135,24.12,24.037,23.991,23.823,23.823,23.686,23.594,23.433,23.341,23.311,23.196,23.065,23.042,22.996,22.95,22.919,22.881,22.834,22.811,22.773,22.742,22.711,22.68,22.665,22.696,22.688,22.688,22.703,22.711,22.727,22.703,22.75,22.757,22.765,22.796,22.865,22.919,23.104,23.479,23.525,24.021,24.28,24.53,24.704,24.697,24.75,24.825,24.78,24.75,24.697,24.598,24.5,24.409,24.325,24.242,24.037,23.907,23.785,23.739,23.671,23.556,23.51,23.372,23.18,23.134,22.988,22.911,22.919,22.827,22.75,22.626,22.549,22.518,22.487,22.433,22.418,22.41,22.394,22.418,22.503,22.487,22.919,24.211,24.409,24.666,24.712,24.863,24.946,24.969,24.991,24.969,24.969,24.901,24.886,24.803,24.772,24.765,24.742,24.757,24.765,24.772,24.772,24.75,24.727,24.674,24.606,24.568,24.538,24.485,24.454,24.409,24.28,24.234,24.135,24.128,23.953,23.922,23.8,23.716,23.693,23.602,23.594,23.449,23.418,23.311,23.226,23.15,23.119,23.073,23.034,23.05,23.042,23.042,23.081,23.104,23.15,23.219,23.265,23.288,23.272,23.257,23.226,23.257,23.326,23.341,23.456,23.525,23.755,23.983,23.983,24.067,24.166,24.795,24.916,25.368,25.383,25.345,25.255,25.165,25.059,24.84,24.56,24.135,23.991,23.854,23.64,23.441,23.249,23.203,23.088,23.034,23.011,22.988,23.004,23.034,23.034,23.05,23.104,23.265,23.326,23.502,23.693,23.732,23.739,23.755,23.709,23.724,23.602,23.502,23.38,23.265,23.272,23.188,23.265,23.288,23.968,25.54,25.87,25.877,25.87,25.87,25.847,25.773,25.743,25.6,25.39,25.338,25.285,25.059,25.089,24.923,24.901,24.712,24.507,24.47,24.166,24.113,24.059,23.793,23.747,23.655,23.426,23.357,23.234,23.196,23.15,23.127,23.019,23.011,22.973,22.888,22.873,22.819,22.742,22.719,22.68,22.642,22.649,22.626,22.68,22.696,22.734,23.096,24.78,25.765,25.989,26.139,26.243,26.325,26.34,26.347,26.236,26.183,26.139,26.206,26.146,26.019,25.93,25.825,25.78,25.518,25.353,25.187,25.217,25.014,24.969,24.893,24.878,24.772,24.735,24.363,24.272,24.037,23.823,23.533,23.395,23.334,23.088,23.004,22.834,22.734,22.703,22.634,22.657,22.703,22.742,22.727,22.734,22.688,22.703,22.688,22.649,22.642,22.58,22.518,22.503,22.449,22.418,22.379,22.379,22.371,22.387,22.34,22.379,22.371,22.363,22.294,22.332,22.255,22.255,22.255,22.185,22.247,22.286,22.286,22.332,22.356,22.371,22.425,22.402,22.387,22.449,22.371,22.363,22.387,22.371,22.387,22.433,22.456,22.387,22.441,22.379
,21.906,21.929,21.921,21.851,21.898,21.906,21.898,21.937,21.945,21.96,21.976,21.984,21.984,21.96,21.991,21.968,21.984,22.022,21.999,21.999,22.03,22.022,22.007,22.022,22.007,22.015,22.022,22.038,22.038,22.053,22.061,22.046,22.061,22.03,22.015,22.061,22.038,22.03,21.945,21.999,21.851,21.836,21.898,21.898,21.991,22.007,22.053,22.092,22.131,22.123,22.216,22.224,22.17,22.193,22.201,22.278,22.302,22.348,22.394,22.402,22.441,22.425,22.549,22.765,23.456,23.716,23.953,23.983,24.09,24.219,24.249,24.454,24.583,24.689,24.855,24.901,24.984,25.104,25.187,25.232,25.345,25.39,25.413,25.428,25.42,25.413,25.345,24.81,23.747,22.927,22.973,23.058,23.081,23.265,23.364,23.479,24.432,26.213,26.704,26.778,26.682,26.347,25.495,24.591,24.439,24.318,24.158,24.029,23.96,23.922,23.854,23.869,23.861,23.884,23.884,23.907,23.922,23.945,23.998,24.075,24.12,24.128,24.143,24.166,24.143,24.166,24.189,24.211,24.234,24.249,24.211,24.242,24.219,24.059,24.151,24.037,23.869,23.625,23.51,23.38,23.349,23.341,23.296,23.234,23.173,23.165,23.15,23.127,23.111,23.119,23.096,23.073,23.081,23.004,23.004,22.973,22.927,22.934,22.888,22.919,22.811,22.788,22.75,22.742,22.742,22.68,22.611,22.603,22.603,22.564,22.51,22.464,22.449,22.41,22.441,22.464,22.464,22.472,22.479,22.472,22.449,22.402,22.418,22.348,22.348,22.433,22.503,22.588,22.649,24.135,25.63,25.847,26.072,26.072,26.101,26.094,25.9,25.518,23.945,23.441,23.403,23.288,23.234,23.288,23.272,23.257,23.303,23.311,23.311,23.349,23.372,23.357,23.372,23.349,23.326,23.296,23.296,23.257,23.234,23.203,23.173,23.15,23.142,23.096,23.073,22.988,22.942,22.827,22.819,22.78,22.765,22.742,22.711,22.68,22.696,22.719,22.703,22.881,23.019,23.203,23.211,23.349,23.403,23.426,23.479,23.625,23.671,23.678,23.709,23.747,23.8,23.823,23.861,23.892,23.877,23.884,23.869,23.854,23.922,23.892,24.037,24.105,24.143,24.173,24.227,24.249,24.265,24.295,24.303,24.303,24.257,24.189,24.325,24.295,24.333,24.325,24.333,24.287,24.295,24.242,24.143,24.029,23.96,23.922,23.884,23.785,23.709,23.686,23.663,23.678,23.701,23.831,23.838,23.907,23.976,24.021,24.052,24.067,24.097,24.128,24.135,24.143,24.173,24.189,24.173,24.189,24.173,24.128,24.09,24.014,23.869,23.854,23.648,23.632,23.564,23.349,23.296,23.203,23.173,23.042,23.004,22.981,22.919,22.904,22.85,22.842,22.811,22.773,22.734,22.696,22.642,22.673,22.649,22.688,22.696,22.711,22.727,22.711,22.734,22.765,22.78,22.796,22.788,22.888,23.111,23.296,23.541,23.739,24.075,24.211,24.568,24.651,24.682,24.795,24.765,24.78,24.742,24.644,24.606,24.492,24.386,24.356,24.196,24.173,23.945,23.77,23.732,23.655,23.533,23.502,23.41,23.249,23.058,23.004,22.911,22.896,22.819,22.804,22.595,22.572,22.549,22.472,22.441,22.41,22.41,22.41,22.41,22.456,22.495,22.911,23.838,24.204,24.492,24.598,24.871,24.923,24.969,24.976,24.976,24.961,24.954,24.908,24.818,24.78,24.78,24.757,24.772,24.772,24.772,24.772,24.765,24.757,24.682,24.606,24.545,24.515,24.47,24.432,24.394,24.379,24.28,24.181,24.059,23.991,23.869,23.762,23.762,23.686,23.648,23.533,23.418,23.387,23.364,23.226,23.15,23.096,23.088,23.058,23.05,23.034,23.034,23.073,23.104,23.134,23.165,23.188,23.226,23.219,23.226,23.234,23.226,23.296,23.341,23.433,23.495,23.671,23.869,23.869,23.968,24.249,24.545,25.074,25.323,25.315,25.285,25.27,25.097,24.938,24.682,24.545,24.128,23.861,23.747,23.518,23.418,23.334,23.188,23.104,23.027,23.019,23.011,23.011,23.027,23.034,23.088,23.104,23.234,23.226,23.564,23.632,23.709,23.739,23.724,23.739,23.693,23.625,23.479,23.395,23.357,23.319,23.203,23.226,23.303,23.617,25.57,25.855,25.922,25.907,25.907,25.922,25.847,25.645,25.488,25.435,25.255,25.195,25.089,25.036,24.855,24.742,24.576,24.523,24.447,24.128,23.983,23.93,23.838,23.579,23.579,23.418,23.326,23.242,23.188,23.165,23.027,22.981,22.965,22.927,22.858,22.904,22.811,22.788,22.649,22.642,22.611,22.619,22.649,22.642,22.696,22.75,23.296,24.818,25.66,26.183,26.206,26.169,26.221,26.228,26.295,26.265,26.139,26.109,26.131,25.982,25.9,25.765,25.728,25.728,25.593,25.308,25.21,25.044,25.052,24.984,24.893,24.818,24.523,24.424,24.371,24.265,23.991,23.915,23.571,23.418,23.165,23.065,22.858,22.904,22.711,22.649,22.727,22.642,22.696,22.68,22.696,22.711,22.696,22.688,22.696,22.673,22.619,22.58,22.534,22.518,22.479,22.394,22.379,22.371,22.371,22.356,22.394,22.216,22.17,22.201,22.178,22.24,22.123,22.077,22.216,22.162,22.193,22.201,22.271,22.348,22.379,22.387,22.41,22.394,22.387,22.371,22.371,22.379,22.363,22.356,22.418,22.394,22.433,22.449,22.418,22.379
,21.774,21.945,21.937,21.921,21.906,21.921,21.906,21.929,21.952,21.976,21.96,21.991,21.984,21.968,21.984,21.929,21.976,22.022,22.007,22.022,22.015,22.007,22.007,22.022,22.03,22.038,22.046,22.053,22.053,22.077,22.061,22.077,22.092,22.053,22.046,22.053,22.061,22.077,22.007,22.046,21.991,21.859,21.859,21.952,21.984,22.022,22.053,22.084,22.131,22.131,22.178,22.178,22.17,22.17,22.17,22.193,22.247,22.302,22.325,22.387,22.487,22.564,22.541,22.958,23.609,23.808,24.021,24.105,24.219,24.318,24.325,24.394,24.629,24.719,24.833,24.931,25.044,25.059,25.157,25.24,25.308,25.353,25.413,25.428,25.405,25.42,25.375,25.082,23.793,22.888,22.927,22.95,23.058,23.326,23.403,23.671,24.416,26.183,26.741,26.756,26.593,26.37,25.855,25.052,24.447,24.371,24.173,24.128,23.968,23.945,23.983,23.892,23.854,23.877,23.884,23.93,23.938,24.021,24.029,24.09,24.113,24.151,24.173,24.128,24.166,24.113,24.196,24.234,24.227,24.227,24.219,24.09,24.044,23.998,23.983,23.861,23.671,23.487,23.426,23.357,23.249,23.28,23.226,23.188,23.15,23.119,23.142,23.119,23.111,23.096,23.104,23.088,23.065,23.081,23.019,23.004,22.988,22.996,22.95,22.942,22.973,22.834,22.858,22.865,22.858,22.711,22.588,22.588,22.588,22.564,22.549,22.456,22.433,22.425,22.41,22.433,22.425,22.472,22.425,22.433,22.394,22.356,22.363,22.34,22.332,22.34,22.363,22.611,22.734,24.166,25.705,25.705,25.818,25.997,26.049,25.982,25.855,24.923,23.93,23.41,23.288,23.257,23.303,23.28,23.272,23.28,23.303,23.326,23.341,23.372,23.372,23.38,23.341,23.311,23.319,23.296,23.265,23.249,23.234,23.203,23.196,23.157,23.142,23.104,23.096,22.942,22.981,22.819,22.788,22.773,22.742,22.719,22.719,22.696,22.703,22.75,22.734,22.981,23.104,23.173,23.249,23.357,23.403,23.472,23.525,23.594,23.617,23.64,23.716,23.77,23.808,23.838,23.854,23.869,23.884,23.831,23.877,23.861,23.877,23.998,24.067,24.059,24.158,24.166,24.196,24.227,24.249,24.28,24.295,24.295,24.272,24.303,24.28,24.325,24.325,24.341,24.333,24.295,24.28,24.219,24.181,24.014,23.998,23.899,23.899,23.793,23.732,23.686,23.686,23.724,23.732,23.831,23.877,23.96,23.968,24.014,24.067,24.097,24.09,24.128,24.151,24.151,24.204,24.166,24.181,24.204,24.181,24.113,24.052,24.006,23.884,23.77,23.671,23.594,23.495,23.395,23.341,23.219,23.157,23.042,23.011,22.965,22.911,22.888,22.888,22.834,22.804,22.765,22.703,22.703,22.673,22.649,22.657,22.673,22.696,22.711,22.696,22.734,22.757,22.757,22.788,22.796,22.873,22.904,23.265,23.418,23.724,24.067,24.234,24.371,24.613,24.651,24.75,24.825,24.84,24.757,24.757,24.682,24.629,24.47,24.363,24.28,24.113,24.067,23.915,23.77,23.724,23.586,23.533,23.479,23.334,23.226,23.111,23.011,22.919,22.873,22.827,22.734,22.642,22.595,22.518,22.456,22.449,22.418,22.418,22.418,22.449,22.456,22.719,22.788,23.991,24.416,24.515,24.591,24.818,24.908,24.954,24.976,24.991,24.976,24.984,24.946,24.871,24.78,24.772,24.772,24.78,24.825,24.803,24.803,24.787,24.772,24.727,24.629,24.576,24.523,24.492,24.47,24.409,24.371,24.341,24.189,24.059,24.029,23.938,23.892,23.739,23.724,23.625,23.655,23.479,23.403,23.326,23.288,23.157,23.157,23.088,23.058,23.065,23.05,23.058,23.058,23.096,23.127,23.134,23.173,23.18,23.203,23.196,23.211,23.188,23.288,23.372,23.495,23.655,23.739,23.854,24.006,24.128,24.424,24.538,25.165,25.262,25.285,25.262,25.195,25.036,24.871,24.848,24.454,24.196,23.899,23.724,23.548,23.387,23.357,23.15,23.119,23.042,23.019,23.019,23.034,23.034,23.042,23.119,23.088,23.18,23.319,23.548,23.648,23.709,23.739,23.755,23.724,23.693,23.571,23.556,23.449,23.395,23.303,23.234,23.257,23.265,23.877,25.45,25.877,25.9,25.937,25.937,25.952,25.862,25.713,25.653,25.488,25.323,25.3,24.999,24.863,24.855,24.727,24.507,24.485,24.303,24.09,24.029,23.922,23.777,23.655,23.533,23.372,23.303,23.203,23.111,23.073,23.034,23.004,22.958,22.927,22.827,22.819,22.75,22.68,22.649,22.649,22.619,22.58,22.619,22.619,22.78,22.973,23.617,24.84,25.877,26.191,26.183,26.228,26.236,26.206,26.213,26.236,26.154,25.96,26.049,25.847,25.758,25.758,25.645,25.555,25.255,25.202,25.014,25.089,24.908,24.863,24.825,24.75,24.515,24.363,24.371,24.128,23.93,23.739,23.701,23.296,23.157,23.05,22.896,22.827,22.734,22.68,22.673,22.634,22.665,22.757,22.727,22.75,22.734,22.711,22.696,22.619,22.649,22.595,22.572,22.487,22.487,22.464,22.41,22.387,22.371,22.363,22.232,22.201,22.154,22.162,22.154,22.108,22.1,22.069,22.108,22.092,22.162,22.178,22.209,22.34,22.379,22.402,22.425,22.41,22.387,22.379,22.402,22.363,22.402,22.387,22.487,22.449,22.487,22.464,22.425,22.425
,21.968,21.945,21.867,21.898,21.929,21.906,21.937,21.914,21.937,21.921,21.976,21.976,22.007,21.968,21.991,21.96,21.991,21.999,22.015,22.03,22.038,22.007,22.007,22.015,22.03,22.03,22.053,22.061,22.053,22.077,22.092,22.123,22.1,22.154,22.053,22.053,22.077,22.084,22.084,22.061,22.084,21.999,21.906,21.929,21.984,22.015,22.069,22.116,22.123,22.084,22.131,22.139,22.123,22.131,22.139,22.216,22.193,22.317,22.356,22.425,22.433,22.534,22.75,23.18,23.747,23.922,23.991,24.09,24.173,24.257,24.454,24.523,24.636,24.735,24.818,24.931,24.969,25.074,25.097,25.21,25.292,25.375,25.39,25.398,25.435,25.443,25.36,24.825,23.693,22.896,22.958,23.058,23.027,23.211,23.449,23.693,24.424,25.795,26.8,26.726,26.771,26.124,26.034,25.052,24.515,24.394,24.303,24.143,24.143,23.96,23.899,23.884,23.892,23.869,23.892,23.915,23.922,24.014,24.067,24.105,24.143,24.143,24.135,24.105,24.143,24.189,24.211,24.189,24.219,24.135,24.143,24.006,23.93,23.953,23.831,23.655,23.548,23.426,23.319,23.326,23.296,23.242,23.196,23.173,23.165,23.119,23.127,23.119,23.119,23.111,23.081,23.096,23.088,23.05,23.011,23.081,23.042,23.011,22.973,23.065,23.05,23.05,22.896,22.934,22.927,22.727,22.657,22.611,22.626,22.588,22.534,22.371,22.402,22.387,22.387,22.418,22.379,22.402,22.441,22.387,22.402,22.34,22.325,22.34,22.302,22.487,22.603,22.657,23.188,25.24,25.705,25.825,25.9,26.019,26.027,26.019,25.728,24.923,23.579,23.395,23.349,23.311,23.234,23.211,23.288,23.257,23.28,23.303,23.311,23.349,23.372,23.372,23.349,23.326,23.303,23.288,23.257,23.249,23.219,23.196,23.173,23.15,23.119,23.111,23.05,22.95,22.919,22.881,22.78,22.742,22.727,22.711,22.727,22.711,22.703,22.727,22.773,22.842,23.073,23.211,23.296,23.311,23.372,23.426,23.487,23.518,23.602,23.655,23.678,23.777,23.846,23.838,23.838,23.861,23.838,23.823,23.877,23.854,23.922,23.983,24.044,24.113,24.128,24.158,24.181,24.211,24.242,24.257,24.265,24.272,24.272,24.234,24.31,24.303,24.31,24.303,24.341,24.295,24.295,24.234,24.196,24.052,23.991,23.968,23.823,23.838,23.724,23.693,23.655,23.701,23.701,23.854,23.892,23.93,23.991,24.052,24.082,24.105,24.12,24.158,24.128,24.173,24.143,24.196,24.173,24.166,24.158,24.082,24.052,24.052,23.93,23.663,23.632,23.556,23.426,23.334,23.288,23.257,23.096,23.073,23.027,22.958,22.911,22.888,22.85,22.819,22.804,22.773,22.696,22.688,22.649,22.642,22.649,22.657,22.68,22.734,22.75,22.757,22.765,22.773,22.796,22.834,22.927,23.165,23.487,23.64,23.747,23.983,24.257,24.598,24.613,24.78,24.787,24.81,24.818,24.772,24.689,24.629,24.568,24.492,24.348,24.303,24.196,24.021,23.854,23.747,23.663,23.609,23.487,23.441,23.364,23.211,23.104,23.004,22.904,22.819,22.788,22.665,22.595,22.58,22.487,22.479,22.425,22.41,22.418,22.402,22.418,22.433,22.634,22.881,23.922,24.211,24.523,24.568,24.742,24.931,24.969,25.021,24.999,25.021,24.976,24.931,24.871,24.81,24.772,24.787,24.787,24.803,24.81,24.803,24.78,24.735,24.727,24.651,24.576,24.545,24.507,24.454,24.416,24.318,24.227,24.166,24.143,24.014,23.968,23.884,23.8,23.693,23.64,23.533,23.464,23.418,23.364,23.303,23.196,23.096,23.081,23.073,23.058,23.065,23.05,23.05,23.065,23.088,23.111,23.127,23.15,23.188,23.196,23.242,23.219,23.38,23.472,23.464,23.716,23.755,23.877,23.953,24.219,24.545,24.833,25.165,25.255,25.27,25.247,25.18,25.006,24.961,24.742,24.454,24.166,23.8,23.64,23.556,23.472,23.242,23.119,23.104,23.065,23.042,23.042,23.034,23.027,23.05,23.104,23.142,23.272,23.319,23.525,23.648,23.686,23.701,23.732,23.693,23.625,23.548,23.502,23.441,23.38,23.288,23.257,23.257,23.272,24.097,25.825,25.937,25.937,25.975,25.945,25.877,25.818,25.765,25.563,25.435,25.187,25.195,24.916,24.803,24.712,24.53,24.371,24.394,24.166,24.037,23.991,23.755,23.671,23.541,23.456,23.364,23.249,23.165,23.058,23.042,22.996,22.965,22.942,22.942,22.85,22.804,22.773,22.711,22.673,22.634,22.619,22.572,22.619,22.626,22.68,22.858,24.128,25.398,25.765,26.161,26.221,26.198,26.206,26.251,26.161,26.019,26.079,25.915,25.915,25.803,25.743,25.638,25.63,25.615,25.292,25.27,25.036,24.908,24.863,24.795,24.78,24.719,24.659,24.416,24.303,24.082,23.793,23.586,23.479,23.211,23.073,22.95,22.934,22.858,22.811,22.611,22.611,22.649,22.657,22.727,22.727,22.696,22.696,22.719,22.642,22.665,22.642,22.603,22.603,22.549,22.503,22.557,22.495,22.387,22.363,22.34,22.185,22.224,22.154,22.131,22.131,22.116,22.061,22.053,22.053,22.022,22.061,22.061,22.193,22.348,22.379,22.387,22.464,22.41,22.379,22.402,22.402,22.418,22.41,22.363,22.402,22.425,22.456,22.449,22.449,22.418
,21.921,21.945,21.984,21.898,21.952,21.921,21.945,21.96,21.945,21.921,21.96,22.007,21.976,21.991,22.007,21.999,21.984,21.984,22.007,22.015,22.022,22.022,22.007,22.03,22.038,22.038,22.038,22.061,22.077,22.084,22.108,22.108,22.1,22.092,22.1,22.03,22.069,22.1,22.077,21.999,22.116,21.984,21.991,21.968,22.022,22.046,22.061,22.046,22.084,22.077,22.116,22.069,22.092,22.053,22.069,22.123,22.162,22.185,22.263,22.348,22.495,22.564,22.673,23.541,23.846,23.899,23.991,24.12,24.097,24.242,24.348,24.379,24.636,24.682,24.757,24.893,24.999,25.082,25.134,25.18,25.262,25.323,25.375,25.42,25.435,25.383,25.353,24.961,23.686,22.85,22.911,23.004,23.042,23.311,23.533,23.648,24.492,25.818,26.726,26.815,26.771,26.533,26.139,25.044,24.765,24.386,24.265,24.242,24.059,23.991,23.907,23.869,23.869,23.861,23.877,23.899,23.938,23.96,24.059,24.113,24.158,24.166,24.128,24.166,24.151,24.166,24.173,24.181,24.097,24.052,24.014,23.892,23.777,23.755,23.724,23.495,23.387,23.303,23.288,23.234,23.242,23.203,23.188,23.157,23.127,23.127,23.127,23.127,23.127,23.127,23.104,23.127,23.111,23.127,23.127,23.096,23.081,23.142,23.081,23.073,23.088,23.081,23.173,23.104,23.119,22.881,22.834,22.665,22.619,22.549,22.549,22.456,22.379,22.332,22.34,22.294,22.294,22.356,22.309,22.348,22.387,22.294,22.34,22.302,22.286,22.363,22.402,22.58,23.134,25.232,25.63,25.795,25.78,26.072,26.057,25.989,25.54,24.462,23.564,23.403,23.296,23.288,23.265,23.242,23.226,23.249,23.272,23.303,23.349,23.364,23.38,23.357,23.319,23.326,23.303,23.28,23.272,23.234,23.211,23.188,23.165,23.127,23.096,23.104,23.081,22.888,22.881,22.796,22.75,22.727,22.711,22.711,22.696,22.688,22.727,22.75,22.858,22.896,23.096,23.096,23.234,23.357,23.372,23.41,23.449,23.479,23.556,23.663,23.716,23.709,23.785,23.816,23.793,23.854,23.793,23.823,23.869,23.877,23.938,23.953,23.991,24.135,24.143,24.166,24.196,24.196,24.204,24.227,24.234,24.219,24.219,24.234,24.257,24.287,24.287,24.341,24.287,24.272,24.257,24.219,24.166,24.082,23.953,23.899,23.854,23.762,23.747,23.686,23.678,23.716,23.823,23.854,23.922,23.96,24.037,24.059,24.12,24.151,24.135,24.135,24.128,24.135,24.151,24.173,24.173,24.173,24.113,24.075,24.044,23.991,23.884,23.693,23.579,23.502,23.418,23.303,23.234,23.188,23.096,23.065,23.011,22.942,22.904,22.881,22.858,22.842,22.804,22.765,22.711,22.703,22.649,22.657,22.657,22.649,22.703,22.742,22.742,22.75,22.773,22.788,22.811,22.827,23.027,23.196,23.311,23.632,23.93,24.105,24.356,24.598,24.674,24.727,24.795,24.795,24.787,24.75,24.719,24.568,24.545,24.439,24.409,24.257,24.242,23.938,23.793,23.777,23.648,23.586,23.556,23.449,23.357,23.15,23.081,22.996,22.842,22.773,22.757,22.649,22.557,22.534,22.503,22.479,22.425,22.41,22.418,22.418,22.379,22.425,22.518,22.626,23.892,24.219,24.394,24.629,24.75,24.916,24.901,24.969,25.006,25.036,24.999,24.961,24.901,24.81,24.795,24.795,24.818,24.825,24.818,24.787,24.803,24.757,24.712,24.666,24.606,24.56,24.538,24.462,24.424,24.363,24.257,24.166,24.09,24.029,23.945,23.922,23.816,23.77,23.64,23.548,23.495,23.426,23.357,23.319,23.272,23.18,23.111,23.081,23.058,23.042,23.065,23.034,23.05,23.081,23.088,23.096,23.111,23.104,23.142,23.249,23.387,23.403,23.571,23.586,23.785,23.755,24.021,24.158,24.265,24.666,24.946,25.21,25.262,25.27,25.232,25.187,24.84,24.901,24.507,24.348,24.067,23.869,23.686,23.571,23.265,23.188,23.142,23.081,23.065,23.058,23.058,23.034,23.065,23.034,23.111,23.173,23.226,23.28,23.441,23.426,23.701,23.686,23.716,23.686,23.602,23.632,23.571,23.395,23.311,23.226,23.249,23.265,23.272,24.059,25.915,25.989,25.967,25.945,25.907,25.907,25.818,25.773,25.585,25.375,25.202,24.969,24.84,24.848,24.568,24.507,24.432,24.249,24.135,23.922,23.892,23.8,23.594,23.541,23.418,23.349,23.18,23.157,23.004,22.988,22.965,22.934,22.934,22.85,22.827,22.811,22.727,22.711,22.673,22.657,22.642,22.626,22.564,22.626,22.657,22.934,24.204,25.593,26.004,26.094,26.183,26.161,26.109,26.176,26.101,25.997,25.982,25.952,25.855,25.728,25.623,25.525,25.458,25.368,25.353,25.187,24.886,24.901,24.833,24.803,24.697,24.477,24.432,24.379,24.242,24.09,23.686,23.625,23.311,23.41,23.042,22.965,22.873,22.865,22.804,22.696,22.649,22.642,22.68,22.657,22.703,22.673,22.696,22.696,22.673,22.657,22.626,22.603,22.588,22.541,22.518,22.526,22.456,22.441,22.394,22.278,22.247,22.17,22.178,22.116,22.108,22.092,22.046,22.03,22.053,22.03,22.069,22.147,22.216,22.317,22.363,22.418,22.41,22.387,22.441,22.394,22.402,22.371,22.41,22.394,22.402,22.425,22.441,22.425,22.441,22.41
,21.906,21.96,21.914,21.921,21.984,21.921,21.968,21.898,21.906,21.968,21.96,21.952,21.968,21.984,21.999,21.984,21.968,21.991,22.007,21.991,22.03,21.991,22.007,22.03,22.053,22.046,22.053,22.046,22.046,22.084,22.108,22.116,22.123,22.154,22.069,22.046,22.069,22.084,22.092,22.069,22.092,22.038,22.061,22.069,22.007,22.015,22.061,22.053,22.077,22.03,22.046,22.053,22.022,22.038,22.053,22.061,22.147,22.139,22.154,22.332,22.387,22.503,22.827,23.472,23.854,23.93,23.998,24.052,24.12,24.325,24.439,24.492,24.613,24.674,24.818,24.893,24.976,24.984,25.119,25.134,25.262,25.323,25.375,25.383,25.39,25.383,25.338,24.954,23.693,22.804,22.834,22.965,23.073,23.219,23.495,23.617,24.47,26.146,26.763,26.771,26.763,26.563,26.064,25.87,24.893,24.401,24.158,24.211,24.044,23.983,23.93,23.915,23.861,23.861,23.877,23.869,23.945,23.968,24.105,24.128,24.151,24.189,24.135,24.151,24.143,24.128,24.128,23.991,24.037,23.892,23.777,23.777,23.518,23.518,23.403,23.41,23.296,23.319,23.28,23.211,23.211,23.15,23.134,23.119,23.096,23.119,23.119,23.134,23.142,23.15,23.142,23.157,23.127,23.119,23.15,23.18,23.142,23.219,23.165,23.188,23.203,23.249,23.265,23.165,23.058,23.096,23.104,22.773,22.673,22.642,22.58,22.518,22.464,22.387,22.309,22.294,22.294,22.302,22.271,22.263,22.263,22.302,22.263,22.278,22.325,22.387,22.34,22.665,24.234,25.255,25.465,25.653,25.788,25.885,26.079,25.885,25.292,23.968,23.533,23.487,23.303,23.249,23.265,23.265,23.257,23.272,23.28,23.334,23.341,23.364,23.387,23.387,23.357,23.319,23.28,23.265,23.257,23.257,23.234,23.188,23.142,23.134,23.073,23.034,23.042,23.034,22.858,22.757,22.727,22.711,22.696,22.68,22.688,22.688,22.703,22.78,22.804,22.965,23.034,23.173,23.226,23.249,23.288,23.426,23.472,23.525,23.579,23.648,23.693,23.755,23.808,23.831,23.816,23.777,23.8,23.785,23.808,23.899,23.93,23.96,24.014,24.059,24.158,24.166,24.181,24.181,24.181,24.181,24.181,24.204,24.227,24.249,24.227,24.234,24.287,24.234,24.257,24.249,24.257,24.196,24.181,24.166,24.059,23.899,23.877,23.739,23.686,23.716,23.671,23.8,23.808,23.892,23.968,24.052,24.082,24.105,24.135,24.128,24.113,24.128,24.128,24.113,24.158,24.151,24.181,24.181,24.166,24.097,23.96,23.816,23.747,23.556,23.472,23.456,23.357,23.341,23.203,23.127,23.088,22.988,22.958,22.927,22.911,22.896,22.834,22.842,22.796,22.757,22.719,22.649,22.657,22.642,22.657,22.657,22.665,22.727,22.757,22.773,22.78,22.78,22.804,22.927,23.111,23.464,23.64,23.892,24.151,24.295,24.363,24.454,24.682,24.712,24.795,24.81,24.765,24.765,24.697,24.613,24.576,24.409,24.348,24.257,24.097,23.907,23.808,23.762,23.655,23.533,23.479,23.426,23.272,23.219,23.073,22.965,22.896,22.804,22.696,22.665,22.634,22.541,22.51,22.456,22.425,22.402,22.394,22.394,22.441,22.472,22.534,22.657,23.861,24.173,24.272,24.5,24.719,24.818,24.848,24.999,25.014,25.029,24.954,24.969,24.878,24.825,24.825,24.818,24.833,24.81,24.825,24.81,24.772,24.727,24.689,24.659,24.636,24.591,24.56,24.477,24.394,24.371,24.249,24.181,24.113,24.067,23.976,23.915,23.8,23.678,23.64,23.586,23.487,23.433,23.41,23.311,23.219,23.188,23.127,23.081,23.05,23.073,23.034,23.019,23.027,23.042,23.073,23.081,23.088,23.096,23.111,23.226,23.41,23.464,23.732,23.777,23.777,23.892,24.128,24.295,24.538,24.818,25.149,25.247,25.232,25.225,25.232,24.999,24.78,24.735,24.568,24.348,24.166,23.869,23.594,23.426,23.242,23.234,23.127,23.081,23.058,23.042,23.027,23.011,23.034,23.073,23.096,23.142,23.157,23.265,23.502,23.609,23.686,23.671,23.663,23.655,23.625,23.571,23.433,23.319,23.288,23.265,23.234,23.249,23.272,24.211,25.952,25.982,26.012,26.004,25.952,25.877,25.84,25.578,25.458,25.413,25.27,25.014,24.818,24.545,24.644,24.485,24.227,24.143,23.983,23.915,23.808,23.663,23.495,23.533,23.296,23.157,23.111,23.073,23.004,22.965,22.95,22.911,22.858,22.819,22.773,22.742,22.68,22.68,22.657,22.626,22.611,22.611,22.603,22.603,22.611,23.011,24.394,25.608,25.997,26.042,26.072,26.131,26.154,26.049,25.967,25.915,25.93,25.773,25.743,25.698,25.548,25.51,25.383,25.39,25.255,24.999,24.878,24.84,24.735,24.704,24.704,24.651,24.401,24.31,24.227,23.854,23.846,23.64,23.319,23.372,23.088,22.958,22.873,22.765,22.78,22.665,22.619,22.626,22.634,22.588,22.703,22.711,22.742,22.703,22.688,22.657,22.619,22.588,22.58,22.58,22.534,22.526,22.464,22.394,22.379,22.286,22.271,22.185,22.201,22.162,22.116,22.092,22.061,22.046,22.046,22.015,21.999,22.216,22.302,22.387,22.41,22.363,22.441,22.449,22.425,22.394,22.379,22.394,22.348,22.356,22.418,22.441,22.441,22.449,22.441,22.425
,21.898,21.968,21.945,21.952,21.991,21.968,21.976,21.945,21.921,21.875,21.968,21.976,21.991,22.015,21.984,21.991,21.968,21.976,22.015,22.03,22.015,22.03,22.03,22.038,22.046,22.007,22.007,22.046,22.015,22.069,22.084,22.1,22.131,22.092,22.077,22.053,22.053,22.116,22.038,22.092,22.092,22.069,22.116,22.1,22.108,22.038,22.022,21.999,22.015,22.015,22.022,22.038,22.007,22.015,22.03,22.038,22.069,22.116,22.247,22.34,22.356,22.572,22.657,23.617,23.808,23.938,24.029,24.128,24.151,24.295,24.325,24.507,24.606,24.674,24.765,24.961,24.984,25.059,25.157,25.195,25.27,25.3,25.375,25.398,25.39,25.383,25.338,25.082,23.701,22.804,22.873,22.904,22.988,23.111,23.479,23.594,24.432,25.683,26.763,26.808,26.771,26.6,26.325,25.72,24.795,24.394,24.341,24.234,24.021,23.983,23.907,23.899,23.869,23.846,23.861,23.869,23.907,24.044,24.029,24.158,24.158,24.196,24.151,24.143,24.135,24.135,24.128,24.052,23.77,23.755,23.693,23.541,23.426,23.426,23.311,23.364,23.28,23.219,23.226,23.196,23.188,23.157,23.134,23.088,23.088,23.127,23.134,23.15,23.165,23.165,23.173,23.196,23.173,23.196,23.18,23.234,23.226,23.242,23.257,23.272,23.288,23.303,23.334,23.303,23.28,23.188,23.081,23.096,22.742,22.688,22.619,22.479,22.418,22.317,22.317,22.255,22.24,22.232,22.216,22.255,22.216,22.24,22.247,22.263,22.309,22.387,22.541,22.696,24.371,25.33,25.563,25.765,25.855,25.862,25.96,25.832,24.976,23.831,23.51,23.418,23.296,23.326,23.28,23.272,23.242,23.272,23.296,23.334,23.326,23.38,23.395,23.403,23.349,23.288,23.272,23.28,23.257,23.211,23.211,23.188,23.134,23.096,23.065,23.011,23.011,22.911,22.85,22.757,22.734,22.696,22.688,22.673,22.657,22.688,22.696,22.773,22.811,22.988,23.088,23.134,23.219,23.272,23.319,23.357,23.464,23.502,23.579,23.701,23.701,23.762,23.793,23.808,23.816,23.8,23.755,23.793,23.793,23.93,23.915,23.945,24.044,24.135,24.12,24.189,24.211,24.204,24.166,24.143,24.135,24.128,24.151,24.189,24.219,24.189,24.196,24.257,24.257,24.287,24.28,24.189,24.151,24.021,23.968,23.991,23.793,23.732,23.686,23.671,23.701,23.777,23.922,23.938,24.014,24.082,24.113,24.151,24.12,24.158,24.158,24.128,24.12,24.135,24.135,24.166,24.158,24.143,24.151,24.006,23.861,23.854,23.594,23.586,23.479,23.395,23.349,23.219,23.18,23.104,23.088,22.988,22.942,22.927,22.904,22.896,22.858,22.85,22.804,22.719,22.711,22.673,22.657,22.649,22.673,22.657,22.734,22.773,22.75,22.78,22.788,22.811,22.811,22.858,23.211,23.571,23.663,23.983,24.128,24.234,24.545,24.583,24.659,24.75,24.795,24.795,24.765,24.735,24.682,24.53,24.477,24.371,24.341,24.173,24.014,23.907,23.793,23.671,23.594,23.541,23.464,23.38,23.341,23.165,23.058,22.981,22.904,22.788,22.75,22.657,22.564,22.526,22.503,22.472,22.418,22.394,22.387,22.371,22.379,22.464,22.603,22.626,23.701,24.097,24.31,24.409,24.659,24.908,24.825,24.969,25.021,25.014,24.999,24.938,24.833,24.855,24.787,24.772,24.803,24.825,24.81,24.795,24.78,24.742,24.719,24.682,24.651,24.583,24.56,24.454,24.341,24.31,24.272,24.211,24.12,24.09,24.059,23.816,23.808,23.701,23.632,23.564,23.51,23.41,23.357,23.349,23.203,23.15,23.311,23.15,23.081,23.065,23.019,23.027,23.019,23.027,23.042,23.065,23.088,23.134,23.173,23.211,23.341,23.678,23.747,23.892,23.968,24.067,24.318,24.409,24.704,25.006,25.195,25.225,25.247,25.225,25.134,24.976,24.818,24.682,24.492,24.28,24.204,23.869,23.594,23.564,23.226,23.157,23.173,23.104,23.088,23.05,23.042,23.104,23.011,23.027,23.088,23.173,23.173,23.272,23.433,23.602,23.64,23.663,23.663,23.64,23.556,23.449,23.426,23.326,23.257,23.265,23.219,23.242,23.303,24.629,25.989,26.004,26.027,26.042,25.96,25.952,25.818,25.548,25.51,25.368,25.165,24.772,24.719,24.674,24.454,24.394,24.272,24.082,23.953,23.884,23.732,23.671,23.533,23.395,23.349,23.203,23.104,23.019,22.981,22.958,22.965,22.904,22.873,22.842,22.773,22.757,22.742,22.696,22.657,22.626,22.603,22.603,22.611,22.649,22.719,23.586,25.195,25.773,25.96,26.027,26.094,26.034,26.064,25.96,25.945,25.93,25.862,25.78,25.713,25.615,25.555,25.488,25.443,25.225,25.195,25.006,24.795,24.757,24.712,24.727,24.674,24.583,24.363,24.31,23.976,23.838,23.808,23.579,23.226,23.142,23.004,22.95,22.873,22.703,22.688,22.595,22.58,22.557,22.541,22.58,22.68,22.688,22.719,22.711,22.665,22.634,22.611,22.603,22.595,22.58,22.534,22.495,22.456,22.456,22.34,22.294,22.24,22.232,22.139,22.139,22.123,22.1,22.069,21.945,21.991,22.147,22.193,22.371,22.387,22.418,22.456,22.41,22.487,22.441,22.402,22.394,22.394,22.363,22.387,22.402,22.418,22.418,22.449,22.441,22.441,22.418
,21.883,21.929,21.921,21.945,21.937,21.952,21.984,21.945,21.952,21.937,21.921,21.96,21.999,21.984,21.999,22.015,21.991,22.007,21.991,21.999,22.015,22.046,22.061,22.053,22.022,22.038,21.984,21.991,22.038,22.053,22.069,22.061,22.084,22.069,22.084,22.015,22.116,22.077,22.046,22.1,22.061,22.116,22.077,22.131,22.053,21.999,21.991,21.984,21.999,22.015,22.022,22.015,21.999,22.007,22.015,22.038,22.046,22.108,22.139,22.24,22.356,22.564,22.804,23.594,23.8,23.93,24.006,24.09,24.135,24.211,24.394,24.447,24.576,24.682,24.787,24.901,24.923,25.029,25.074,25.157,25.255,25.277,25.383,25.383,25.398,25.375,25.195,25.067,23.816,22.788,22.796,22.888,23.042,23.134,23.525,23.564,24.401,25.42,26.712,26.8,26.771,26.704,26.593,26.101,24.795,24.363,24.219,24.249,24.113,23.998,23.945,23.907,23.854,23.846,23.861,23.884,23.983,24.021,24.135,24.158,24.166,24.166,24.128,24.12,24.105,24.075,24.044,23.93,23.739,23.648,23.426,23.38,23.433,23.364,23.311,23.257,23.226,23.203,23.203,23.211,23.157,23.119,23.119,23.088,23.104,23.127,23.134,23.157,23.173,23.188,23.173,23.211,23.234,23.211,23.234,23.249,23.272,23.265,23.303,23.341,23.319,23.372,23.357,23.326,23.311,23.272,23.211,22.95,23.065,22.711,22.619,22.495,22.371,22.309,22.325,22.255,22.224,22.201,22.193,22.17,22.185,22.193,22.247,22.309,22.325,22.356,22.557,23.18,24.568,25.18,25.548,25.585,25.72,25.96,25.885,25.63,24.719,23.816,23.433,23.364,23.326,23.265,23.28,23.257,23.28,23.28,23.303,23.334,23.341,23.395,23.403,23.418,23.357,23.288,23.326,23.272,23.257,23.249,23.196,23.157,23.127,23.081,23.081,23.004,22.965,22.858,22.804,22.757,22.719,22.673,22.673,22.649,22.673,22.665,22.703,22.834,22.881,22.988,23.027,23.111,23.18,23.242,23.326,23.372,23.433,23.541,23.556,23.64,23.716,23.747,23.816,23.808,23.808,23.8,23.785,23.823,23.808,23.869,23.869,23.93,24.029,24.082,24.181,24.173,24.189,24.166,24.128,24.105,24.105,24.113,24.128,24.151,24.189,24.181,24.196,24.227,24.242,24.265,24.272,24.219,24.166,24.037,23.976,23.884,23.77,23.701,23.678,23.701,23.747,23.823,23.899,23.976,24.029,24.105,24.128,24.143,24.143,24.189,24.151,24.12,24.12,24.135,24.128,24.135,24.158,24.151,24.105,23.93,23.877,23.808,23.579,23.525,23.395,23.357,23.296,23.211,23.165,23.119,23.011,22.942,22.965,22.904,22.904,22.873,22.85,22.842,22.788,22.757,22.642,22.673,22.634,22.649,22.711,22.688,22.742,22.757,22.757,22.773,22.796,22.796,22.85,23.034,23.173,23.525,23.724,23.976,24.105,24.371,24.523,24.576,24.644,24.651,24.765,24.742,24.78,24.742,24.704,24.538,24.492,24.341,24.272,24.135,23.968,23.785,23.747,23.701,23.541,23.541,23.449,23.364,23.257,23.157,23.096,23.011,22.927,22.727,22.696,22.626,22.58,22.518,22.495,22.479,22.441,22.371,22.371,22.379,22.379,22.394,22.503,22.619,23.518,23.945,24.303,24.379,24.735,24.803,24.863,24.961,24.991,25.021,24.946,24.931,24.855,24.78,24.787,24.81,24.818,24.81,24.818,24.803,24.772,24.772,24.727,24.697,24.636,24.576,24.47,24.462,24.416,24.234,24.189,24.196,24.128,24.075,23.922,23.953,23.785,23.747,23.678,23.617,23.564,23.449,23.357,23.257,23.226,23.18,23.157,23.119,23.073,23.042,23.019,23.019,23.027,23.034,23.05,23.058,23.088,23.096,23.188,23.196,23.518,23.693,23.793,23.915,24.075,24.12,24.341,24.606,24.938,25.082,25.195,25.21,25.232,25.187,25.089,25.036,24.787,24.636,24.47,24.227,23.983,23.701,23.671,23.387,23.257,23.226,23.119,23.081,23.073,23.073,23.073,23.073,23.004,23.011,23.05,23.104,23.242,23.303,23.449,23.548,23.556,23.625,23.632,23.579,23.533,23.495,23.364,23.288,23.249,23.211,23.211,23.296,23.265,24.697,26.019,26.019,26.034,26.034,25.989,25.847,25.832,25.548,25.458,25.36,25.308,24.757,24.651,24.568,24.409,24.31,24.242,24.082,23.938,23.816,23.739,23.655,23.525,23.364,23.234,23.157,23.05,23.011,22.942,22.958,22.911,22.881,22.85,22.842,22.773,22.819,22.734,22.711,22.657,22.626,22.611,22.619,22.634,22.719,22.68,23.625,25.21,25.668,25.847,25.967,26.027,26.079,26.064,25.967,25.93,25.892,25.788,25.758,25.698,25.548,25.518,25.435,25.33,25.225,25.134,24.886,24.938,24.735,24.735,24.727,24.659,24.606,24.295,24.249,23.96,23.892,23.632,23.472,23.296,23.104,23.081,22.788,22.873,22.765,22.696,22.611,22.572,22.495,22.58,22.619,22.673,22.68,22.719,22.75,22.68,22.649,22.611,22.58,22.564,22.518,22.549,22.449,22.456,22.425,22.302,22.278,22.278,22.232,22.201,22.162,22.123,22.084,22.053,22.038,22.038,22.046,22.139,22.325,22.402,22.402,22.371,22.441,22.402,22.425,22.418,22.418,22.387,22.379,22.394,22.402,22.41,22.379,22.433,22.456,22.332,22.402
,21.875,21.945,21.914,21.945,21.952,21.968,21.968,21.952,21.984,21.976,21.991,21.999,21.984,21.96,21.991,21.976,21.945,21.937,21.968,21.968,22.03,22.046,22.053,22.061,22.022,21.991,22.007,22.015,22.046,22.038,22.061,22.084,22.046,22.046,22.038,22.053,22.03,22.077,22.084,22.077,22.116,22.116,22.1,22.108,22.069,22.03,21.984,21.984,21.984,21.991,21.999,22.015,21.999,21.991,22.007,22.03,22.046,22.116,22.077,22.263,22.402,22.657,23.203,23.525,23.724,23.922,23.968,24.029,24.12,24.28,24.371,24.416,24.56,24.644,24.795,24.961,24.961,25.059,25.134,25.18,25.247,25.308,25.33,25.383,25.39,25.308,25.217,25.014,23.846,22.804,22.834,22.842,22.973,23.349,23.525,23.541,24.386,25.458,26.741,26.786,26.726,26.704,26.556,26.109,25.443,24.651,24.272,24.12,24.128,24.052,23.915,23.899,23.884,23.869,23.854,23.869,23.96,24.067,24.135,24.173,24.151,24.151,24.143,24.105,24.097,24.082,24.075,23.899,23.586,23.564,23.495,23.426,23.357,23.341,23.28,23.242,23.242,23.196,23.165,23.165,23.119,23.127,23.111,23.073,23.096,23.127,23.157,23.18,23.188,23.203,23.196,23.188,23.242,23.364,23.249,23.303,23.319,23.311,23.341,23.387,23.403,23.403,23.387,23.38,23.296,23.257,23.211,23.127,22.911,22.78,22.696,22.649,22.449,22.325,22.302,22.224,22.216,22.193,22.162,22.162,22.162,22.178,22.232,22.278,22.294,22.363,22.595,23.242,25.029,25.225,25.525,25.66,25.698,25.9,25.982,25.353,24.447,23.838,23.456,23.41,23.303,23.272,23.296,23.288,23.265,23.242,23.272,23.249,23.387,23.38,23.41,23.387,23.341,23.387,23.288,23.257,23.249,23.257,23.18,23.188,23.127,23.081,23.073,22.988,22.927,22.858,22.78,22.734,22.703,22.68,22.619,22.634,22.642,22.665,22.734,22.819,22.888,22.934,23.058,23.15,23.188,23.249,23.326,23.357,23.426,23.518,23.541,23.686,23.732,23.785,23.8,23.8,23.816,23.823,23.823,23.823,23.762,23.869,23.838,23.838,23.976,23.884,24.105,24.128,24.166,24.128,24.12,24.097,24.075,24.082,24.105,24.143,24.166,24.181,24.234,24.249,24.265,24.265,24.242,24.196,24.158,24.052,23.96,23.823,23.785,23.724,23.693,23.686,23.724,23.808,23.899,23.938,24.067,24.09,24.12,24.128,24.151,24.158,24.128,24.113,24.135,24.128,24.128,24.143,24.113,24.105,24.082,23.838,23.892,23.602,23.571,23.464,23.426,23.364,23.303,23.165,23.15,23.142,23.034,22.973,22.942,22.919,22.904,22.888,22.85,22.819,22.765,22.719,22.649,22.657,22.611,22.657,22.688,22.734,22.742,22.757,22.757,22.78,22.788,22.819,22.858,23.011,23.364,23.64,23.823,24.227,24.424,24.485,24.538,24.606,24.682,24.697,24.757,24.765,24.742,24.727,24.636,24.538,24.424,24.379,24.143,24.113,23.945,23.77,23.724,23.663,23.571,23.502,23.479,23.349,23.265,23.15,23.065,23.034,22.911,22.804,22.734,22.626,22.572,22.534,22.495,22.472,22.425,22.394,22.379,22.34,22.394,22.449,22.503,22.611,23.495,23.823,24.257,24.439,24.606,24.765,24.878,24.969,24.999,24.999,24.961,24.938,24.863,24.901,24.795,24.833,24.833,24.818,24.795,24.795,24.757,24.757,24.689,24.689,24.629,24.568,24.485,24.47,24.432,24.272,24.227,24.143,24.158,24.059,24.021,23.953,23.8,23.739,23.663,23.571,23.502,23.472,23.395,23.257,23.311,23.142,23.15,23.096,23.081,23.034,23.019,23.004,23.011,23.019,23.042,23.065,23.073,23.142,23.111,23.234,23.701,23.793,23.846,23.938,24.143,24.333,24.682,24.848,24.946,25.165,25.187,25.217,25.18,25.142,25.036,24.961,24.863,24.515,24.28,24.211,24.158,23.671,23.579,23.426,23.242,23.203,23.142,23.081,23.058,23.104,23.058,23.034,23.05,23.058,23.058,23.111,23.272,23.288,23.334,23.495,23.556,23.564,23.594,23.541,23.533,23.479,23.433,23.418,23.219,23.219,23.18,23.203,23.311,24.833,26.019,26.034,26.042,26.027,26.004,25.877,25.743,25.6,25.465,25.375,25.044,24.757,24.613,24.568,24.257,24.356,24.128,24.067,23.938,23.8,23.701,23.602,23.533,23.303,23.249,23.196,23.042,23.027,22.934,22.904,22.85,22.765,22.842,22.842,22.727,22.757,22.719,22.703,22.657,22.611,22.611,22.619,22.657,22.765,22.765,24.12,25.255,25.862,25.967,26.019,26.034,26.027,26.027,25.967,25.907,25.892,25.84,25.795,25.6,25.585,25.465,25.398,25.338,25.119,24.855,24.991,24.757,24.606,24.719,24.644,24.447,24.333,24.234,24.12,23.96,23.816,23.732,23.709,23.372,23.157,22.919,22.858,22.819,22.765,22.68,22.611,22.58,22.557,22.572,22.619,22.673,22.688,22.719,22.711,22.68,22.68,22.588,22.58,22.479,22.51,22.51,22.418,22.464,22.41,22.325,22.302,22.286,22.263,22.224,22.193,22.108,22.069,22.061,22.046,22.077,22.263,22.309,22.348,22.394,22.487,22.456,22.479,22.433,22.449,22.418,22.418,22.425,22.402,22.425,22.418,22.394,22.441,22.433,22.418,22.433,22.418,

