File: ,F:\PostGraduation\Project\Manashi\ThermalDatabase\NonMalignant\P0226\P0226_up.jpg

Frame 1,23.77,23.793,23.861,23.892,23.945,23.861,23.838,23.854,23.846,23.823,23.816,23.777,23.793,23.793,23.8,23.823,23.846,23.846,23.915,23.915,23.899,23.907,23.907,23.884,23.869,23.861,23.838,23.831,23.892,23.907,23.907,23.892,23.899,23.907,23.884,23.915,23.899,23.922,23.938,23.938,23.938,23.945,23.922,23.915,23.907,23.915,23.93,23.899,23.915,23.953,23.93,23.938,23.922,23.945,23.915,23.899,23.877,23.892,23.884,23.899,23.907,23.907,23.922,23.877,23.915,23.922,23.93,23.922,23.953,23.922,23.884,23.899,23.884,23.907,23.915,23.93,23.953,23.938,23.93,23.945,23.945,23.938,23.96,23.96,23.953,23.998,23.968,23.983,23.976,23.93,23.991,23.953,23.945,23.938,23.953,23.907,23.892,23.938,23.938,23.922,23.96,23.953,23.945,23.953,23.96,23.953,23.945,23.93,23.922,23.922,23.922,23.854,23.922,23.884,23.907,23.938,23.884,23.884,23.915,23.899,23.922,23.938,23.915,23.922,23.938,23.915,23.938,23.938,23.938,23.938,23.945,23.953,23.938,23.945,23.968,23.968,23.953,23.938,23.922,23.915,23.922,23.938,23.93,23.945,23.953,23.945,23.945,23.953,23.96,23.953,23.968,23.953,23.922,23.922,23.907,23.922,23.93,23.823,23.968,23.899,23.945,23.945,23.93,23.945,23.953,23.945,23.998,24.006,24.021,24.029,23.983,23.991,23.93,23.945,23.93,23.93,23.938,23.945,23.945,23.922,23.922,23.93,23.93,23.945,23.93,23.93,23.938,23.976,23.96,23.96,23.96,23.945,23.953,23.93,23.915,23.884,23.892,23.915,24.037,23.991,23.968,23.953,23.96,23.976,23.93,23.938,23.945,23.953,23.945,23.93,23.938,23.93,23.922,23.922,23.93,23.945,23.938,23.945,23.96,23.945,23.938,23.945,23.922,23.915,23.899,23.915,23.938,23.93,23.938,23.938,23.96,23.968,23.93,23.945,23.915,23.907,23.884,23.877,23.877,23.877,23.869,23.892,23.899,23.861,23.899,23.899,23.915,23.869,23.877,23.899,23.899,23.907,23.907,23.877,23.877,23.899,23.877,23.892,23.915,23.915,23.93,23.915,23.93,23.907,23.922,23.922,23.915,23.945,23.915,23.922,23.922,23.922,23.93,23.938,23.945,23.938,23.945,23.922,23.945,23.945,23.938,23.945,23.945,23.938,23.953,23.938,23.938,23.938,23.915,23.922,23.915,23.938,23.93,23.93,23.922,23.945,23.938,23.96,23.938,23.945,23.915,23.892,23.907,23.915,23.907,23.907,23.884,23.877,23.877,23.877,23.861,23.869,23.854,23.838,23.823,23.831,23.808,23.808,23.838,23.861,23.816,23.838,23.861,23.869,23.877,23.877,23.869,23.869,23.861,23.861,23.854,23.854,23.854,23.854,23.846,23.877,23.892,23.892,23.907,23.892,23.892,23.869,23.892,23.877,23.869,23.884,23.869,23.869,23.854,23.823,23.831,23.831,23.846,23.854,23.854,23.854,23.823,23.823,23.808,23.793,23.816,23.846,23.854,23.854,23.854,23.854,23.846,23.838,23.854,23.838,23.854,23.861,23.846,23.869,23.892,23.869,23.884,23.869,23.869,23.861,23.877,23.846,23.869,23.816,23.816,23.838,23.831,23.823,23.846,23.861,23.877,23.869,23.869,23.838,23.831,23.816,23.823,23.8,23.808,23.823,23.823,23.823,23.838,23.854,23.846,23.838,23.823,23.823,23.831,23.793,23.823,23.8,23.816,23.831,23.793,23.823,23.793,23.8,23.831,23.838,23.877,23.907,23.907,23.877,23.877,23.854,23.831,23.823,23.816,23.8,23.793,23.8,23.8,23.785,23.8,23.8,23.8,23.831,23.846,23.854,23.846,23.861,23.869,23.877,23.861,23.861,23.877,23.861,23.877,23.945,23.861,23.884,23.892,23.899,23.899,23.922,23.899,23.915,23.884,23.907,23.915,23.899,23.892,23.915,23.892,23.907,23.907,23.892,23.884,23.854,23.861,23.884,23.884,23.907,23.915,23.899,23.945,23.93,23.93,23.907,23.915,23.892,23.892,23.892,23.877,23.854,23.869,23.877,23.877,23.869,23.869,23.861,23.869,23.861,23.846,23.831,23.838,23.838,23.838,23.869,23.854,23.838,23.838,23.831,23.816,23.838,23.808,23.808,23.823,23.846,23.846,23.8,23.816,23.816,23.838,23.846,23.831,23.823,23.823,23.816,23.8,23.816,23.831,23.823,23.823,23.808,23.808,23.77,23.762,23.793,23.777,23.77,23.755,23.739,23.732,23.732,23.732,23.777,23.762,23.747,23.777,23.777,23.785,23.77,23.77,23.785,23.739,23.747,23.724,23.724,23.762,23.747,23.747,23.755,23.755,23.762,23.739,23.747,23.732,23.724,23.732,23.724,23.762,23.77,23.77,23.777,23.762,23.762,23.77,23.785,23.755,23.762,23.724,23.716,23.739,23.739,23.755,23.755,23.77,23.777,23.777,23.8,23.77,23.785,23.777,23.777,23.77,23.762,23.755,23.739,23.77,23.793,23.793,23.793,23.785,23.762,23.755,23.739,23.8,23.716,23.755,23.716,23.762,23.739,23.747,23.755,23.77,23.777,23.777,23.793,23.823,23.8,23.808,23.785,23.785,23.755,23.77,23.777,23.693,23.716,23.785,23.77,23.785,23.793,23.755,23.755,23.777,23.755,23.732,23.709,23.77,23.701,23.747,23.739,23.739,23.747,23.762,23.762,23.747,23.739
,23.777,23.793,23.854,23.869,23.907,23.877,23.877,23.915,23.846,23.884,23.816,23.793,23.816,23.793,23.854,23.823,23.838,23.823,23.816,23.938,23.892,23.899,23.899,23.899,23.877,23.869,23.877,23.869,23.899,23.907,23.915,23.907,23.907,23.892,23.915,23.915,23.907,23.922,23.93,23.945,23.93,23.938,23.907,23.907,23.915,23.922,23.938,23.892,23.915,23.899,23.938,23.945,23.93,23.899,23.892,23.884,23.884,23.884,23.892,23.854,23.892,23.907,23.922,23.892,23.922,23.922,23.915,23.96,23.938,23.945,23.892,23.884,23.884,23.907,23.922,23.945,23.96,23.938,23.938,23.945,23.945,23.976,23.968,23.945,23.96,23.968,23.991,23.983,23.991,23.945,23.938,23.945,23.93,23.96,23.968,23.899,23.892,23.922,23.915,23.945,23.953,23.953,23.968,23.945,23.96,23.93,23.945,23.938,23.922,23.915,23.877,23.945,23.945,23.854,23.884,23.892,23.869,23.892,23.922,23.915,23.938,23.953,23.915,23.922,23.899,23.915,23.938,23.945,23.945,23.953,23.93,23.93,23.93,23.922,23.93,23.922,23.96,23.938,23.93,23.96,23.96,23.938,23.96,23.938,23.938,23.93,23.922,23.945,23.945,23.96,23.968,23.953,23.945,23.93,23.899,23.877,23.93,23.945,23.907,23.93,23.945,23.938,23.938,23.96,23.938,23.953,23.991,24.014,24.006,23.983,23.998,23.938,23.922,23.93,23.93,23.953,23.945,23.938,23.938,23.93,23.938,23.945,23.907,23.945,23.907,23.899,23.968,23.945,23.945,23.953,23.945,23.938,23.938,23.922,23.899,23.892,23.922,23.953,23.983,23.953,23.938,23.945,23.915,23.945,23.938,23.907,23.96,23.945,23.945,23.968,23.915,23.938,23.93,23.899,23.915,23.93,23.945,23.93,23.945,23.938,23.938,23.93,23.915,23.907,23.892,23.907,23.907,23.922,23.922,23.938,23.945,23.945,23.938,23.945,23.93,23.907,23.892,23.884,23.892,23.869,23.877,23.899,23.861,23.884,23.922,23.884,23.877,23.899,23.892,23.907,23.899,23.899,23.877,23.899,23.861,23.854,23.877,23.884,23.892,23.899,23.93,23.938,23.922,23.922,23.899,23.922,23.93,23.922,23.922,23.93,23.861,23.938,23.915,23.915,23.915,23.93,23.93,23.938,23.945,23.953,23.945,23.953,23.938,23.93,23.945,23.938,23.945,23.938,23.922,23.93,23.922,23.922,23.938,23.93,23.93,23.907,23.93,23.938,23.945,23.922,23.907,23.938,23.907,23.907,23.907,23.892,23.899,23.869,23.854,23.877,23.869,23.869,23.846,23.838,23.831,23.808,23.816,23.823,23.854,23.838,23.861,23.846,23.854,23.861,23.869,23.869,23.861,23.861,23.846,23.854,23.854,23.846,23.869,23.861,23.877,23.884,23.892,23.899,23.899,23.899,23.892,23.884,23.861,23.869,23.869,23.869,23.869,23.861,23.838,23.846,23.846,23.838,23.861,23.861,23.854,23.854,23.831,23.823,23.816,23.808,23.831,23.831,23.846,23.846,23.846,23.846,23.846,23.838,23.846,23.846,23.854,23.877,23.869,23.854,23.854,23.846,23.838,23.861,23.854,23.854,23.854,23.846,23.823,23.816,23.8,23.823,23.823,23.816,23.861,23.869,23.869,23.869,23.861,23.854,23.846,23.808,23.762,23.785,23.838,23.823,23.831,23.831,23.831,23.854,23.846,23.854,23.846,23.816,23.816,23.8,23.816,23.831,23.816,23.823,23.823,23.793,23.8,23.808,23.8,23.877,23.884,23.877,23.884,23.884,23.877,23.846,23.831,23.831,23.808,23.793,23.816,23.785,23.8,23.808,23.831,23.793,23.861,23.808,23.861,23.831,23.861,23.861,23.854,23.861,23.854,23.861,23.869,23.838,23.884,23.915,23.899,23.907,23.922,23.907,23.945,23.899,23.922,23.907,23.884,23.907,23.907,23.899,23.907,23.861,23.892,23.907,23.884,23.907,23.861,23.861,23.861,23.877,23.899,23.899,23.899,23.93,23.899,23.899,23.915,23.915,23.922,23.915,23.915,23.922,23.861,23.869,23.884,23.877,23.877,23.861,23.869,23.869,23.854,23.854,23.838,23.838,23.838,23.854,23.861,23.861,23.846,23.838,23.831,23.823,23.816,23.816,23.808,23.838,23.831,23.846,23.831,23.823,23.823,23.854,23.823,23.854,23.838,23.861,23.846,23.808,23.816,23.808,23.823,23.831,23.777,23.8,23.793,23.793,23.785,23.8,23.777,23.777,23.777,23.755,23.747,23.755,23.747,23.747,23.777,23.755,23.793,23.777,23.77,23.777,23.762,23.755,23.739,23.755,23.732,23.77,23.762,23.739,23.716,23.755,23.785,23.755,23.747,23.755,23.724,23.724,23.701,23.716,23.747,23.777,23.77,23.739,23.8,23.785,23.785,23.8,23.793,23.777,23.762,23.709,23.701,23.747,23.747,23.739,23.762,23.747,23.777,23.755,23.739,23.739,23.8,23.777,23.793,23.77,23.777,23.747,23.777,23.8,23.777,23.777,23.755,23.755,23.739,23.793,23.716,23.747,23.709,23.732,23.755,23.739,23.755,23.77,23.755,23.777,23.777,23.777,23.793,23.808,23.785,23.8,23.831,23.785,23.755,23.785,23.709,23.701,23.747,23.808,23.808,23.8,23.8,23.77,23.762,23.77,23.732,23.785,23.77,23.762,23.747,23.716,23.732,23.755,23.755,23.762,23.762,23.739
,23.777,23.8,23.846,23.877,23.884,23.892,23.899,23.922,23.838,23.861,23.838,23.823,23.831,23.838,23.846,23.816,23.846,23.838,23.907,23.915,23.953,23.922,23.915,23.884,23.869,23.877,23.861,23.869,23.93,23.907,23.915,23.93,23.915,23.892,23.907,23.877,23.922,23.915,23.93,23.938,23.938,23.915,23.907,23.907,23.915,23.93,23.915,23.892,23.884,23.915,23.884,23.907,23.922,23.922,23.915,23.884,23.884,23.93,23.907,23.899,23.884,23.899,23.907,23.938,23.899,23.922,23.922,23.907,23.93,23.907,23.915,23.922,23.915,23.915,23.93,23.93,23.938,23.945,23.945,23.96,23.945,23.953,23.968,23.945,23.953,23.991,23.983,23.998,23.968,23.945,23.968,23.922,23.945,23.945,23.968,23.953,23.907,23.892,23.938,23.945,23.953,23.96,23.953,23.96,23.968,23.953,23.938,23.93,23.915,23.922,23.915,23.884,23.93,23.899,23.877,23.892,23.892,23.892,23.938,23.938,23.938,23.945,23.945,23.915,23.93,23.922,23.922,23.93,23.938,23.93,23.915,23.899,23.96,23.922,23.976,23.953,23.93,23.945,23.922,23.968,23.953,23.93,23.96,23.93,23.938,23.922,23.922,23.922,23.922,23.945,23.968,23.945,23.953,23.938,23.93,23.922,23.938,23.93,23.953,23.953,23.915,23.93,23.938,23.953,23.953,23.976,23.976,23.998,23.991,23.96,23.953,23.953,23.93,23.93,23.945,23.96,23.945,23.915,23.907,23.915,23.915,23.922,23.93,23.907,23.93,23.945,23.953,23.968,23.968,23.953,23.953,23.938,23.93,23.899,23.892,23.892,23.899,23.93,24.052,23.983,23.96,23.938,23.945,23.915,23.915,23.907,23.976,23.938,23.945,23.945,23.93,23.922,23.899,23.915,23.922,23.93,23.938,23.93,23.953,23.945,23.922,23.922,23.907,23.907,23.892,23.899,23.915,23.899,23.915,23.922,23.938,23.93,23.938,23.938,23.915,23.915,23.899,23.892,23.877,23.838,23.877,23.884,23.854,23.877,23.907,23.892,23.892,23.892,23.892,23.899,23.892,23.907,23.892,23.899,23.869,23.892,23.884,23.907,23.907,23.93,23.938,23.93,23.93,23.922,23.93,23.938,23.938,23.938,23.938,23.922,23.922,23.922,23.907,23.93,23.922,23.938,23.96,23.945,23.953,23.953,23.945,23.953,23.953,23.953,23.945,23.945,23.953,23.93,23.93,23.93,23.922,23.938,23.938,23.922,23.922,23.93,23.938,23.922,23.953,23.938,23.899,23.907,23.899,23.892,23.907,23.907,23.892,23.877,23.877,23.877,23.877,23.877,23.869,23.861,23.831,23.831,23.823,23.808,23.838,23.816,23.823,23.823,23.846,23.861,23.861,23.869,23.869,23.869,23.854,23.877,23.854,23.838,23.854,23.846,23.861,23.877,23.877,23.884,23.892,23.884,23.869,23.877,23.861,23.861,23.869,23.861,23.869,23.884,23.869,23.838,23.846,23.846,23.854,23.861,23.854,23.846,23.838,23.816,23.823,23.816,23.861,23.854,23.854,23.861,23.854,23.838,23.831,23.838,23.831,23.838,23.854,23.877,23.877,23.892,23.869,23.846,23.831,23.846,23.861,23.838,23.846,23.861,23.861,23.854,23.816,23.816,23.8,23.823,23.808,23.854,23.861,23.877,23.869,23.861,23.846,23.838,23.8,23.816,23.793,23.831,23.823,23.838,23.838,23.838,23.838,23.831,23.838,23.823,23.831,23.816,23.823,23.823,23.816,23.808,23.808,23.808,23.808,23.808,23.823,23.831,23.892,23.884,23.884,23.877,23.861,23.854,23.831,23.831,23.8,23.8,23.808,23.8,23.816,23.816,23.8,23.838,23.846,23.869,23.861,23.861,23.861,23.861,23.861,23.869,23.861,23.877,23.861,23.869,23.884,23.899,23.907,23.915,23.907,23.915,23.907,23.907,23.907,23.892,23.892,23.892,23.884,23.892,23.884,23.877,23.892,23.877,23.884,23.884,23.884,23.869,23.869,23.877,23.899,23.907,23.892,23.899,23.884,23.907,23.899,23.915,23.922,23.907,23.869,23.915,23.892,23.899,23.884,23.884,23.869,23.861,23.861,23.846,23.854,23.846,23.838,23.838,23.846,23.831,23.861,23.861,23.854,23.838,23.823,23.816,23.816,23.823,23.838,23.823,23.831,23.831,23.823,23.816,23.8,23.8,23.831,23.854,23.869,23.854,23.816,23.831,23.808,23.8,23.823,23.831,23.808,23.785,23.808,23.777,23.785,23.785,23.793,23.8,23.777,23.762,23.762,23.724,23.747,23.747,23.747,23.8,23.8,23.793,23.793,23.77,23.762,23.762,23.755,23.755,23.732,23.724,23.732,23.716,23.716,23.739,23.739,23.747,23.724,23.701,23.747,23.747,23.716,23.709,23.701,23.732,23.777,23.785,23.77,23.762,23.808,23.777,23.739,23.755,23.701,23.762,23.739,23.755,23.739,23.747,23.762,23.762,23.755,23.8,23.785,23.762,23.777,23.77,23.8,23.793,23.793,23.8,23.8,23.816,23.793,23.785,23.77,23.732,23.739,23.716,23.709,23.755,23.747,23.762,23.762,23.755,23.77,23.77,23.77,23.777,23.785,23.793,23.777,23.77,23.8,23.77,23.808,23.747,23.808,23.755,23.693,23.762,23.747,23.785,23.77,23.8,23.777,23.785,23.785,23.762,23.747,23.755,23.747,23.762,23.747,23.732,23.724,23.77,23.777,23.77,23.762,23.739
,23.808,23.823,23.831,23.846,23.877,23.861,23.945,23.831,23.877,23.861,23.854,23.846,23.854,23.846,23.838,23.8,23.77,23.907,23.861,23.899,23.892,23.899,23.892,23.892,23.892,23.899,23.892,23.884,23.93,23.938,23.945,23.953,23.915,23.915,23.892,23.907,23.892,23.915,23.915,23.915,23.915,23.915,23.922,23.899,23.892,23.892,23.899,23.869,23.877,23.877,23.884,23.899,23.915,23.869,23.869,23.93,23.907,23.968,23.915,23.892,23.8,23.869,23.869,23.915,23.93,23.93,23.938,23.945,23.938,23.93,23.922,23.915,23.922,23.93,23.938,23.93,23.945,23.945,23.938,23.968,23.953,23.945,23.945,23.945,23.96,23.96,23.945,23.945,23.96,23.945,23.899,23.907,23.854,23.869,23.884,23.899,23.907,23.945,23.945,23.945,23.93,23.953,23.96,23.96,23.945,23.953,23.93,23.922,23.907,23.93,23.915,23.907,23.899,23.899,23.854,23.922,23.899,23.93,23.945,23.945,23.968,23.938,23.945,23.93,23.907,23.922,23.93,23.93,23.945,23.907,23.915,23.922,23.945,23.945,23.938,23.907,23.93,23.899,23.938,23.945,23.953,23.938,23.945,23.93,23.93,23.93,23.907,23.907,23.907,23.884,23.938,23.922,23.922,23.976,23.945,23.938,23.953,23.945,23.938,23.938,23.93,23.922,23.922,23.93,23.953,23.991,23.998,23.983,23.945,23.93,23.922,23.938,23.93,23.968,23.93,23.915,23.915,23.907,23.899,23.907,23.915,23.915,23.907,23.915,23.922,23.899,23.945,23.953,23.96,23.945,23.922,23.915,23.938,23.899,23.884,23.938,23.907,23.945,23.938,23.93,23.93,23.93,23.915,23.922,23.915,23.922,23.915,23.938,23.938,23.938,23.922,23.922,23.899,23.922,23.922,23.915,23.93,23.93,23.93,23.907,23.945,23.907,23.892,23.899,23.899,23.907,23.907,23.907,23.915,23.922,23.915,23.915,23.915,23.907,23.899,23.907,23.899,23.899,23.907,23.899,23.884,23.877,23.884,23.884,23.892,23.892,23.892,23.922,23.899,23.922,23.907,23.899,23.915,23.861,23.877,23.869,23.899,23.899,23.907,23.915,23.922,23.922,23.922,23.915,23.892,23.938,23.938,23.938,23.915,23.922,23.907,23.922,23.907,23.922,23.93,23.899,23.938,23.922,23.93,23.953,23.938,23.945,23.938,23.938,23.938,23.945,23.953,23.96,23.938,23.938,23.938,23.938,23.938,23.938,23.922,23.915,23.93,23.968,23.976,23.96,23.938,23.884,23.884,23.884,23.899,23.884,23.892,23.884,23.869,23.877,23.884,23.884,23.877,23.861,23.846,23.846,23.838,23.846,23.838,23.816,23.823,23.831,23.854,23.861,23.861,23.869,23.869,23.869,23.861,23.838,23.861,23.831,23.846,23.861,23.869,23.877,23.884,23.884,23.877,23.877,23.892,23.892,23.854,23.869,23.861,23.869,23.869,23.869,23.854,23.846,23.846,23.846,23.854,23.877,23.861,23.846,23.854,23.831,23.831,23.854,23.838,23.846,23.838,23.831,23.823,23.823,23.838,23.823,23.823,23.838,23.869,23.869,23.861,23.838,23.861,23.854,23.785,23.831,23.831,23.846,23.838,23.838,23.846,23.8,23.808,23.816,23.808,23.831,23.838,23.831,23.861,23.869,23.877,23.861,23.823,23.831,23.777,23.816,23.838,23.831,23.831,23.831,23.838,23.816,23.8,23.838,23.816,23.808,23.831,23.831,23.823,23.831,23.816,23.8,23.808,23.808,23.777,23.8,23.808,23.854,23.892,23.877,23.877,23.869,23.861,23.854,23.838,23.823,23.816,23.816,23.823,23.823,23.823,23.816,23.831,23.838,23.831,23.838,23.846,23.854,23.846,23.846,23.838,23.854,23.854,23.877,23.899,23.869,23.884,23.899,23.907,23.907,23.907,23.907,23.915,23.907,23.892,23.915,23.892,23.892,23.892,23.899,23.861,23.877,23.884,23.884,23.877,23.892,23.869,23.869,23.892,23.884,23.907,23.899,23.915,23.892,23.892,23.884,23.892,23.899,23.899,23.884,23.854,23.877,23.915,23.922,23.907,23.892,23.877,23.854,23.854,23.838,23.846,23.854,23.846,23.838,23.838,23.854,23.861,23.877,23.854,23.854,23.838,23.823,23.808,23.816,23.823,23.861,23.907,23.816,23.877,23.816,23.77,23.823,23.838,23.838,23.831,23.838,23.823,23.816,23.823,23.816,23.808,23.8,23.793,23.8,23.777,23.785,23.793,23.793,23.8,23.8,23.793,23.777,23.762,23.755,23.762,23.739,23.77,23.785,23.838,23.816,23.808,23.77,23.739,23.747,23.755,23.755,23.755,23.724,23.732,23.732,23.755,23.724,23.701,23.724,23.739,23.755,23.77,23.747,23.739,23.701,23.701,23.732,23.762,23.777,23.755,23.8,23.793,23.77,23.785,23.762,23.701,23.739,23.739,23.762,23.755,23.762,23.785,23.777,23.762,23.755,23.762,23.755,23.762,23.755,23.793,23.793,23.808,23.793,23.816,23.739,23.823,23.739,23.755,23.747,23.732,23.739,23.762,23.747,23.777,23.701,23.77,23.755,23.755,23.785,23.777,23.762,23.755,23.77,23.785,23.747,23.793,23.762,23.762,23.823,23.861,23.739,23.716,23.747,23.762,23.785,23.793,23.816,23.816,23.808,23.793,23.816,23.762,23.77,23.777,23.77,23.716,23.732,23.785,23.77,23.785,23.747,23.762,23.747
,23.823,23.823,23.838,23.861,23.877,23.869,23.907,23.892,23.846,23.877,23.861,23.838,23.846,23.838,23.861,23.877,23.854,23.884,23.861,23.892,23.93,23.899,23.907,23.922,23.899,23.907,23.922,23.915,23.93,23.96,23.953,23.938,23.915,23.915,23.915,23.877,23.907,23.915,23.922,23.915,23.907,23.915,23.899,23.907,23.907,23.884,23.877,23.846,23.861,23.907,23.899,23.907,23.892,23.884,23.884,23.922,23.892,23.938,23.892,23.877,23.899,23.846,23.892,23.915,23.953,23.938,23.938,23.922,23.93,23.938,23.93,23.93,23.938,23.93,23.938,23.93,23.922,23.93,23.93,23.953,23.953,23.945,23.96,23.953,23.953,23.953,23.953,23.96,23.938,23.922,23.907,23.907,23.899,23.884,23.869,23.884,23.938,23.945,23.945,23.938,23.945,23.945,23.93,23.922,23.953,23.915,23.907,23.915,23.899,23.907,23.953,23.899,23.915,23.93,23.907,23.892,23.915,23.922,23.938,23.96,23.96,23.968,23.93,23.93,23.907,23.915,23.93,23.907,23.899,23.892,23.899,23.892,23.93,23.945,23.915,23.922,23.899,23.915,23.945,23.93,23.945,23.938,23.93,23.953,23.93,23.922,23.915,23.907,23.922,23.915,23.899,23.945,23.976,23.976,23.96,23.96,23.96,23.953,23.93,23.915,23.907,23.915,23.93,23.938,23.968,23.991,23.953,23.93,23.922,23.915,23.907,23.922,23.938,23.968,23.945,23.915,23.915,23.915,23.899,23.884,23.907,23.899,23.915,23.922,23.869,23.922,23.953,23.945,23.953,23.945,23.945,23.922,23.899,23.922,23.93,23.907,23.899,23.945,23.915,23.922,23.945,23.945,23.945,23.93,23.907,23.915,23.945,23.938,23.968,23.953,23.93,23.922,23.899,23.915,23.915,23.915,23.915,23.93,23.907,23.938,23.938,23.899,23.907,23.892,23.899,23.899,23.915,23.899,23.922,23.899,23.915,23.907,23.892,23.907,23.899,23.899,23.899,23.892,23.899,23.892,23.877,23.869,23.877,23.884,23.907,23.907,23.892,23.915,23.892,23.899,23.915,23.922,23.899,23.915,23.892,23.884,23.884,23.907,23.877,23.899,23.907,23.907,23.938,23.938,23.922,23.922,23.93,23.945,23.938,23.93,23.93,23.915,23.907,23.922,23.93,23.93,23.96,23.96,23.938,23.945,23.945,23.938,23.93,23.93,23.945,23.968,23.96,23.953,23.953,23.945,23.945,23.938,23.93,23.93,23.915,23.915,23.899,23.915,23.96,23.953,23.892,23.877,23.892,23.892,23.892,23.899,23.877,23.892,23.884,23.884,23.877,23.861,23.877,23.861,23.854,23.838,23.846,23.838,23.846,23.816,23.838,23.838,23.846,23.861,23.884,23.877,23.869,23.877,23.877,23.884,23.861,23.854,23.869,23.854,23.877,23.861,23.861,23.869,23.899,23.869,23.877,23.892,23.877,23.884,23.877,23.884,23.861,23.861,23.861,23.854,23.854,23.861,23.861,23.861,23.861,23.861,23.823,23.846,23.838,23.854,23.846,23.854,23.838,23.838,23.823,23.808,23.816,23.823,23.823,23.838,23.854,23.861,23.861,23.861,23.846,23.823,23.854,23.838,23.823,23.838,23.846,23.838,23.816,23.793,23.793,23.808,23.831,23.831,23.854,23.861,23.838,23.869,23.861,23.877,23.861,23.846,23.816,23.808,23.823,23.869,23.861,23.838,23.838,23.831,23.816,23.823,23.831,23.838,23.823,23.838,23.823,23.823,23.831,23.823,23.816,23.793,23.816,23.846,23.831,23.838,23.846,23.846,23.869,23.854,23.838,23.838,23.838,23.831,23.816,23.823,23.831,23.823,23.831,23.831,23.831,23.831,23.816,23.831,23.838,23.838,23.869,23.846,23.861,23.838,23.854,23.884,23.884,23.884,23.892,23.877,23.907,23.915,23.922,23.915,23.915,23.915,23.907,23.892,23.877,23.892,23.854,23.869,23.869,23.861,23.892,23.907,23.892,23.877,23.892,23.877,23.899,23.884,23.915,23.907,23.884,23.892,23.877,23.877,23.877,23.884,23.869,23.884,23.877,23.938,23.907,23.907,23.915,23.884,23.877,23.854,23.846,23.861,23.854,23.854,23.838,23.838,23.899,23.869,23.884,23.877,23.846,23.846,23.831,23.816,23.823,23.831,23.831,23.823,23.831,23.831,23.816,23.831,23.816,23.846,23.854,23.846,23.846,23.831,23.816,23.816,23.838,23.808,23.808,23.838,23.785,23.793,23.793,23.793,23.8,23.793,23.8,23.793,23.785,23.777,23.785,23.747,23.747,23.747,23.785,23.793,23.785,23.785,23.793,23.785,23.762,23.762,23.77,23.77,23.755,23.732,23.777,23.732,23.777,23.732,23.716,23.755,23.762,23.739,23.777,23.8,23.716,23.693,23.693,23.747,23.716,23.8,23.785,23.762,23.823,23.777,23.785,23.8,23.762,23.762,23.755,23.77,23.77,23.77,23.777,23.785,23.762,23.762,23.732,23.777,23.724,23.762,23.831,23.823,23.8,23.823,23.838,23.823,23.755,23.8,23.747,23.747,23.724,23.709,23.739,23.8,23.739,23.724,23.724,23.747,23.77,23.77,23.777,23.755,23.777,23.755,23.762,23.777,23.785,23.816,23.77,23.793,23.869,23.816,23.762,23.755,23.77,23.785,23.793,23.808,23.816,23.823,23.793,23.8,23.777,23.709,23.785,23.762,23.8,23.8,23.755,23.793,23.8,23.77,23.77,23.732
,23.854,23.823,23.838,23.846,23.869,23.877,23.877,23.861,23.854,23.808,23.846,23.877,23.854,23.869,23.869,23.846,23.907,23.907,23.884,23.93,23.915,23.915,23.945,23.93,23.93,23.922,23.915,23.953,23.945,23.96,23.96,23.945,23.945,23.915,23.877,23.899,23.899,23.899,23.915,23.915,23.899,23.892,23.892,23.884,23.884,23.869,23.869,23.838,23.869,23.869,23.899,23.907,23.938,23.892,23.892,23.892,23.907,23.899,23.93,23.907,23.915,23.915,23.877,23.907,23.892,23.945,23.938,23.938,23.93,23.922,23.922,23.93,23.945,23.938,23.953,23.938,23.93,23.915,23.922,23.922,23.945,23.922,23.93,23.945,23.953,23.96,23.968,23.945,23.93,23.93,23.899,23.877,23.892,23.884,23.892,23.907,23.938,23.953,23.953,23.945,23.93,23.915,23.922,23.93,23.945,23.915,23.907,23.922,23.922,23.899,23.922,23.915,23.93,23.907,23.922,23.915,23.899,23.945,23.945,23.953,23.96,23.945,23.93,23.922,23.915,23.93,23.93,23.907,23.892,23.945,23.892,23.899,23.922,23.915,23.915,23.938,23.945,23.93,23.938,23.93,23.945,23.93,23.93,23.953,23.93,23.93,23.922,23.907,23.922,23.96,23.922,23.938,23.953,23.968,23.976,23.968,23.96,23.96,23.93,23.938,23.915,23.93,23.938,23.953,23.938,23.96,23.953,23.93,23.915,23.915,23.915,23.976,23.945,23.938,23.93,23.938,23.922,23.892,23.877,23.884,23.922,23.907,23.922,23.945,23.915,23.915,23.968,23.938,23.945,23.953,23.938,23.945,23.945,23.892,23.938,23.922,23.899,23.915,23.93,23.953,23.953,23.953,23.93,23.945,23.953,23.922,23.93,23.93,23.968,23.922,23.892,23.93,23.907,23.907,23.915,23.915,23.938,23.945,23.922,23.938,23.96,23.877,23.915,23.907,23.915,23.93,23.968,23.93,23.915,23.915,23.915,23.915,23.899,23.899,23.899,23.892,23.899,23.907,23.907,23.907,23.899,23.884,23.877,23.892,23.907,23.915,23.93,23.892,23.907,23.938,23.915,23.915,23.915,23.907,23.884,23.892,23.93,23.907,23.915,23.907,23.922,23.922,23.93,23.938,23.945,23.922,23.953,23.945,23.945,23.953,23.938,23.945,23.938,23.968,23.922,23.976,23.938,23.96,23.968,23.945,23.953,23.953,23.938,23.945,23.953,23.953,23.968,23.968,23.96,23.953,23.953,23.945,23.938,23.938,23.922,23.915,23.877,23.93,23.945,23.93,23.922,23.915,23.915,23.892,23.899,23.899,23.899,23.899,23.899,23.892,23.877,23.877,23.869,23.869,23.861,23.854,23.854,23.854,23.831,23.846,23.861,23.846,23.877,23.854,23.877,23.877,23.884,23.892,23.892,23.877,23.877,23.869,23.861,23.877,23.869,23.869,23.861,23.877,23.869,23.884,23.884,23.869,23.884,23.899,23.884,23.877,23.869,23.846,23.846,23.854,23.861,23.861,23.861,23.861,23.861,23.861,23.838,23.838,23.861,23.877,23.861,23.846,23.838,23.831,23.816,23.816,23.808,23.816,23.838,23.846,23.861,23.869,23.846,23.861,23.869,23.861,23.869,23.846,23.846,23.854,23.861,23.838,23.816,23.823,23.808,23.831,23.816,23.846,23.861,23.877,23.861,23.877,23.884,23.869,23.861,23.854,23.854,23.869,23.877,23.861,23.861,23.831,23.846,23.808,23.838,23.831,23.831,23.838,23.838,23.854,23.838,23.831,23.823,23.816,23.823,23.8,23.831,23.831,23.816,23.861,23.838,23.838,23.846,23.846,23.838,23.831,23.831,23.823,23.831,23.831,23.838,23.846,23.838,23.838,23.831,23.831,23.823,23.831,23.831,23.831,23.877,23.877,23.877,23.869,23.861,23.899,23.892,23.892,23.907,23.884,23.907,23.915,23.915,23.922,23.922,23.907,23.899,23.869,23.877,23.884,23.869,23.877,23.892,23.884,23.922,23.938,23.884,23.922,23.884,23.899,23.892,23.922,23.915,23.877,23.892,23.884,23.877,23.877,23.884,23.884,23.892,23.892,23.945,23.938,23.899,23.915,23.899,23.892,23.854,23.861,23.854,23.854,23.869,23.869,23.861,23.854,23.861,23.869,23.884,23.907,23.861,23.854,23.869,23.831,23.816,23.838,23.838,23.823,23.846,23.823,23.823,23.823,23.846,23.793,23.823,23.816,23.831,23.838,23.831,23.823,23.831,23.816,23.831,23.831,23.785,23.777,23.785,23.808,23.8,23.793,23.8,23.8,23.777,23.777,23.77,23.816,23.747,23.762,23.777,23.785,23.816,23.808,23.793,23.785,23.777,23.77,23.732,23.785,23.755,23.777,23.77,23.724,23.716,23.747,23.747,23.755,23.793,23.793,23.816,23.777,23.762,23.762,23.739,23.785,23.693,23.755,23.755,23.808,23.823,23.846,23.808,23.762,23.755,23.77,23.785,23.77,23.8,23.823,23.785,23.808,23.747,23.747,23.755,23.762,23.861,23.77,23.793,23.785,23.838,23.846,23.831,23.823,23.785,23.831,23.785,23.785,23.77,23.777,23.808,23.793,23.777,23.762,23.808,23.777,23.816,23.762,23.77,23.777,23.77,23.762,23.762,23.755,23.785,23.785,23.777,23.777,23.808,23.808,23.793,23.808,23.762,23.793,23.823,23.816,23.854,23.838,23.77,23.77,23.755,23.793,23.793,23.823,23.785,23.808,23.823,23.793,23.777,23.785,23.739,23.724
,23.884,23.861,23.861,23.854,23.861,23.884,23.877,23.869,23.915,23.8,23.854,23.831,23.854,23.869,23.861,23.877,23.869,23.884,23.899,23.915,23.899,23.899,23.938,23.915,23.899,23.915,23.96,23.953,23.945,23.953,23.953,23.93,23.938,23.938,23.915,23.922,23.892,23.922,23.907,23.899,23.907,23.892,23.915,23.877,23.907,23.854,23.854,23.869,23.854,23.907,23.899,23.892,23.922,23.892,23.899,23.884,23.892,23.892,23.922,23.922,23.93,23.915,23.915,23.96,23.96,23.907,23.945,23.922,23.899,23.915,23.915,23.922,23.938,23.945,23.93,23.93,23.915,23.922,23.915,23.945,23.938,23.907,23.938,23.953,23.907,23.922,23.945,23.93,23.907,23.915,23.907,23.877,23.884,23.892,23.907,23.907,23.922,23.953,23.938,23.945,23.93,23.907,23.968,23.945,23.938,23.938,23.922,23.915,23.899,23.915,23.922,23.922,23.907,23.922,23.899,23.938,23.907,23.938,23.953,23.945,23.945,23.968,23.922,23.915,23.922,23.922,23.915,23.922,23.884,23.869,23.899,23.899,23.899,23.922,23.915,23.892,23.938,23.922,23.945,23.938,23.945,23.93,23.945,23.945,23.945,23.945,23.922,23.93,23.945,23.938,23.945,23.96,23.96,23.96,23.968,23.968,23.976,23.945,23.945,23.953,23.938,23.93,23.953,23.922,23.96,23.953,23.96,23.915,23.907,23.907,23.907,23.93,23.915,23.93,23.93,23.907,23.922,23.93,23.922,23.892,23.915,23.915,23.93,23.93,23.922,23.922,23.938,23.938,23.93,23.953,23.938,23.938,23.938,23.93,23.938,23.938,23.922,23.899,23.93,23.93,23.945,23.96,23.968,23.96,23.953,23.953,23.953,23.922,23.93,23.93,23.915,23.938,23.93,23.915,23.915,23.93,23.915,23.93,23.922,23.922,23.915,23.892,23.915,23.915,23.922,23.953,23.96,23.922,23.93,23.915,23.899,23.907,23.899,23.892,23.899,23.892,23.899,23.899,23.915,23.907,23.892,23.884,23.892,23.892,23.907,23.884,23.915,23.922,23.93,23.93,23.922,23.915,23.907,23.915,23.907,23.938,23.899,23.907,23.915,23.922,23.915,23.922,23.938,23.907,23.938,23.93,23.93,23.953,23.915,23.96,23.96,23.945,23.945,23.968,23.96,23.96,23.976,23.938,23.96,23.953,23.953,23.953,23.938,23.945,23.953,23.968,23.968,23.976,23.968,23.968,23.968,23.953,23.945,23.938,23.907,23.915,23.915,23.922,23.915,23.938,23.953,23.899,23.915,23.93,23.899,23.907,23.899,23.907,23.892,23.877,23.877,23.869,23.854,23.861,23.861,23.869,23.861,23.854,23.892,23.854,23.861,23.884,23.861,23.861,23.877,23.892,23.892,23.892,23.884,23.877,23.877,23.877,23.884,23.877,23.869,23.877,23.869,23.861,23.854,23.854,23.861,23.877,23.884,23.877,23.884,23.884,23.846,23.838,23.861,23.846,23.854,23.861,23.861,23.861,23.877,23.854,23.861,23.869,23.854,23.861,23.861,23.854,23.823,23.823,23.823,23.8,23.808,23.823,23.831,23.846,23.846,23.861,23.846,23.854,23.861,23.854,23.846,23.854,23.861,23.869,23.884,23.854,23.838,23.831,23.831,23.838,23.854,23.861,23.869,23.884,23.877,23.884,23.877,23.854,23.854,23.869,23.838,23.861,23.877,23.854,23.838,23.861,23.823,23.823,23.861,23.846,23.884,23.861,23.846,23.838,23.838,23.831,23.831,23.8,23.816,23.838,23.823,23.838,23.877,23.823,23.854,23.846,23.854,23.823,23.831,23.877,23.838,23.877,23.846,23.846,23.838,23.838,23.846,23.838,23.831,23.823,23.823,23.816,23.831,23.854,23.854,23.831,23.861,23.831,23.884,23.899,23.907,23.892,23.884,23.915,23.884,23.892,23.915,23.93,23.922,23.907,23.884,23.877,23.869,23.869,23.884,23.869,23.892,23.877,23.922,23.892,23.907,23.899,23.884,23.884,23.922,23.93,23.907,23.854,23.907,23.877,23.877,23.877,23.861,23.892,23.884,23.899,23.899,23.93,23.922,23.93,23.884,23.884,23.869,23.861,23.869,23.869,23.869,23.877,23.869,23.854,23.869,23.877,23.892,23.899,23.854,23.884,23.861,23.854,23.846,23.838,23.823,23.816,23.831,23.808,23.854,23.816,23.838,23.808,23.808,23.838,23.838,23.831,23.823,23.838,23.846,23.831,23.869,23.816,23.808,23.785,23.816,23.785,23.785,23.793,23.8,23.777,23.8,23.785,23.777,23.77,23.777,23.777,23.793,23.808,23.823,23.808,23.823,23.77,23.747,23.77,23.762,23.77,23.762,23.762,23.755,23.77,23.77,23.747,23.755,23.793,23.8,23.77,23.808,23.793,23.777,23.785,23.77,23.77,23.785,23.793,23.8,23.831,23.838,23.854,23.846,23.816,23.785,23.77,23.785,23.793,23.793,23.785,23.823,23.785,23.793,23.77,23.755,23.739,23.755,23.877,23.77,23.777,23.762,23.762,23.793,23.724,23.762,23.838,23.793,23.785,23.8,23.755,23.716,23.77,23.8,23.755,23.785,23.785,23.816,23.816,23.762,23.762,23.716,23.762,23.755,23.762,23.762,23.793,23.785,23.8,23.831,23.785,23.808,23.816,23.8,23.8,23.8,23.823,23.838,23.816,23.8,23.8,23.755,23.816,23.808,23.678,23.793,23.823,23.785,23.816,23.755,23.77,23.739,23.686
,23.831,23.816,23.854,23.869,23.877,23.854,23.869,23.892,23.884,23.831,23.808,23.838,23.869,23.869,23.861,23.869,23.861,23.907,23.93,23.907,23.93,23.907,23.93,23.899,23.907,23.953,23.968,23.96,23.953,23.938,23.915,23.938,23.93,23.953,23.922,23.953,23.869,23.892,23.892,23.907,23.93,23.922,23.907,23.907,23.877,23.861,23.869,23.899,23.861,23.877,23.877,23.922,23.907,23.907,23.899,23.892,23.892,23.892,23.922,23.915,23.93,23.945,23.953,23.968,23.938,23.945,23.93,23.945,23.915,23.907,23.945,23.93,23.938,23.93,23.922,23.907,23.922,23.983,23.922,23.915,23.907,23.907,23.93,23.93,23.915,23.93,23.945,23.938,23.915,23.915,23.899,23.877,23.907,23.884,23.907,23.922,23.953,23.945,23.93,23.892,23.884,23.968,23.953,23.953,23.93,23.915,23.922,23.922,23.938,23.915,23.915,23.915,23.915,23.922,23.907,23.915,23.899,23.938,23.93,23.945,23.915,23.968,23.915,23.922,23.915,23.93,23.938,23.884,23.915,23.869,23.915,23.922,23.899,23.922,23.907,23.915,23.922,23.953,23.93,23.945,23.938,23.93,23.945,23.945,23.945,23.938,23.938,23.945,23.945,23.96,23.968,23.96,23.945,23.953,23.976,23.968,23.968,23.945,23.976,23.96,23.953,23.953,23.953,23.96,23.96,23.938,23.922,23.93,23.907,23.899,23.922,23.93,23.938,23.93,23.922,23.93,23.938,23.953,23.96,23.953,23.93,23.899,23.93,23.938,23.945,23.915,23.945,23.938,23.945,23.953,23.938,23.945,23.938,23.93,23.938,23.953,23.945,23.938,23.976,23.938,23.983,23.938,23.96,23.96,23.953,23.976,23.96,23.938,23.945,23.922,23.945,23.922,23.899,23.93,23.922,23.93,23.884,23.938,23.907,23.922,23.915,23.915,23.915,23.915,23.915,23.907,23.915,23.938,23.93,23.907,23.907,23.915,23.922,23.907,23.915,23.899,23.907,23.892,23.907,23.922,23.884,23.907,23.907,23.892,23.899,23.922,23.922,23.915,23.93,23.93,23.922,23.915,23.922,23.907,23.922,23.899,23.922,23.922,23.93,23.922,23.93,23.938,23.938,23.953,23.953,23.922,23.922,23.922,23.945,23.953,23.953,23.96,23.96,23.96,23.976,23.968,23.976,23.96,23.953,23.96,23.945,23.953,23.938,23.953,23.96,23.953,23.953,23.96,23.96,23.96,23.945,23.953,23.945,23.93,23.93,23.922,23.922,23.907,23.907,23.907,23.922,23.93,23.922,23.915,23.922,23.907,23.899,23.892,23.884,23.884,23.877,23.869,23.861,23.861,23.861,23.869,23.869,23.869,23.861,23.877,23.884,23.877,23.884,23.838,23.877,23.884,23.892,23.869,23.877,23.884,23.892,23.892,23.892,23.877,23.877,23.869,23.854,23.861,23.846,23.838,23.854,23.861,23.892,23.892,23.877,23.884,23.846,23.854,23.861,23.869,23.861,23.869,23.846,23.846,23.854,23.854,23.854,23.861,23.846,23.869,23.869,23.831,23.823,23.823,23.816,23.823,23.823,23.823,23.831,23.854,23.854,23.861,23.869,23.869,23.869,23.877,23.846,23.861,23.877,23.877,23.877,23.884,23.838,23.846,23.831,23.838,23.861,23.877,23.869,23.869,23.877,23.877,23.877,23.869,23.846,23.854,23.861,23.846,23.869,23.877,23.808,23.823,23.831,23.831,23.838,23.846,23.884,23.884,23.854,23.854,23.846,23.838,23.838,23.846,23.831,23.838,23.846,23.838,23.854,23.838,23.838,23.831,23.846,23.854,23.846,23.846,23.838,23.831,23.838,23.831,23.854,23.846,23.854,23.838,23.846,23.831,23.816,23.838,23.823,23.846,23.854,23.861,23.877,23.892,23.861,23.899,23.907,23.884,23.877,23.884,23.884,23.892,23.922,23.922,23.922,23.877,23.899,23.869,23.884,23.884,23.877,23.869,23.922,23.907,23.953,23.922,23.884,23.922,23.915,23.877,23.915,23.907,23.907,23.869,23.861,23.892,23.877,23.884,23.877,23.861,23.877,23.907,23.915,23.915,23.899,23.869,23.892,23.892,23.884,23.884,23.877,23.899,23.892,23.877,23.846,23.854,23.884,23.892,23.907,23.884,23.861,23.877,23.869,23.846,23.854,23.838,23.831,23.808,23.808,23.8,23.808,23.808,23.8,23.8,23.8,23.8,23.816,23.831,23.846,23.861,23.838,23.854,23.823,23.846,23.8,23.808,23.793,23.8,23.777,23.785,23.785,23.755,23.77,23.785,23.777,23.785,23.793,23.785,23.793,23.8,23.8,23.823,23.8,23.816,23.762,23.77,23.739,23.777,23.762,23.747,23.777,23.762,23.762,23.785,23.777,23.77,23.8,23.808,23.793,23.785,23.77,23.808,23.8,23.785,23.732,23.762,23.777,23.816,23.831,23.854,23.823,23.755,23.793,23.808,23.777,23.77,23.785,23.823,23.8,23.816,23.838,23.732,23.709,23.732,23.762,23.777,23.793,23.755,23.777,23.747,23.785,23.793,23.8,23.816,23.808,23.8,23.8,23.747,23.724,23.755,23.793,23.808,23.816,23.846,23.8,23.77,23.777,23.762,23.762,23.77,23.785,23.793,23.793,23.739,23.777,23.8,23.8,23.808,23.846,23.808,23.831,23.808,23.793,23.747,23.785,23.785,23.762,23.77,23.747,23.77,23.762,23.785,23.816,23.808,23.8,23.755,23.77,23.747,23.755,23.709
,23.816,23.854,23.892,23.869,23.838,23.884,23.854,23.877,23.915,23.793,23.861,23.823,23.854,23.854,23.861,23.884,23.869,23.884,23.869,23.869,23.915,23.899,23.899,23.884,23.907,23.899,23.93,23.93,23.915,23.93,23.907,23.938,23.938,23.953,23.93,23.907,23.922,23.938,23.907,23.93,23.915,23.915,23.915,23.892,23.884,23.861,23.899,23.884,23.869,23.945,23.922,23.884,23.899,23.892,23.892,23.884,23.922,23.899,23.915,23.938,23.945,23.945,23.96,23.96,23.953,23.938,23.953,23.922,23.938,23.93,23.922,23.922,23.922,23.93,23.953,23.945,23.922,23.922,23.907,23.907,23.915,23.907,23.907,23.945,23.877,23.945,23.96,23.93,23.922,23.907,23.877,23.884,23.899,23.892,23.899,23.899,23.938,23.93,23.922,23.93,23.915,23.945,23.93,23.938,23.915,23.938,23.945,23.938,23.93,23.922,23.915,23.915,23.907,23.922,23.922,23.899,23.922,23.907,23.96,23.953,23.93,23.93,23.899,23.907,23.938,23.945,23.983,23.899,23.93,23.854,23.915,23.945,23.915,23.915,23.915,23.884,23.907,23.907,23.945,23.915,23.938,23.938,23.945,23.938,23.945,23.93,23.938,23.96,23.96,23.968,23.968,23.945,23.945,23.938,23.945,23.96,23.953,23.96,23.953,23.945,23.983,23.968,23.96,23.945,23.938,23.953,23.915,23.938,23.922,23.907,23.93,23.938,23.915,23.945,23.93,23.945,23.945,23.96,23.96,23.96,23.976,23.938,23.945,23.938,23.953,23.938,23.96,23.96,23.953,23.953,23.945,23.938,23.938,23.945,23.938,23.953,23.93,23.945,23.938,23.945,23.96,23.938,23.953,23.96,23.953,23.968,23.953,23.93,23.93,23.93,23.915,23.922,23.915,23.915,23.922,23.938,23.907,23.884,23.907,23.892,23.93,23.922,23.945,23.938,23.93,23.96,23.922,23.922,23.93,23.915,23.915,23.907,23.907,23.915,23.922,23.915,23.915,23.915,23.922,23.938,23.907,23.915,23.922,23.899,23.915,23.915,23.922,23.93,23.968,23.93,23.922,23.922,23.907,23.922,23.884,23.915,23.922,23.93,23.938,23.953,23.945,23.938,23.945,23.953,23.953,23.938,23.938,23.922,23.93,23.938,23.945,23.953,23.968,23.953,23.968,23.976,23.968,23.945,23.983,23.945,23.945,23.96,23.93,23.945,23.953,23.953,23.96,23.953,23.96,23.953,23.953,23.945,23.938,23.953,23.945,23.922,23.93,23.915,23.907,23.922,23.93,23.93,23.922,23.907,23.899,23.884,23.915,23.892,23.907,23.884,23.877,23.869,23.869,23.861,23.877,23.861,23.869,23.831,23.846,23.884,23.869,23.892,23.854,23.861,23.869,23.884,23.892,23.884,23.877,23.884,23.877,23.892,23.892,23.892,23.884,23.869,23.861,23.854,23.838,23.831,23.838,23.846,23.861,23.869,23.869,23.869,23.869,23.854,23.861,23.854,23.869,23.846,23.846,23.846,23.846,23.854,23.854,23.861,23.838,23.869,23.869,23.854,23.854,23.8,23.838,23.838,23.838,23.838,23.838,23.823,23.869,23.854,23.899,23.869,23.869,23.861,23.861,23.869,23.877,23.884,23.892,23.884,23.854,23.854,23.846,23.854,23.869,23.869,23.869,23.861,23.861,23.869,23.884,23.861,23.846,23.846,23.846,23.854,23.854,23.823,23.816,23.808,23.8,23.831,23.838,23.838,23.861,23.884,23.846,23.854,23.854,23.846,23.861,23.831,23.846,23.846,23.846,23.846,23.838,23.823,23.831,23.831,23.869,23.861,23.846,23.831,23.823,23.838,23.838,23.831,23.838,23.854,23.884,23.831,23.846,23.846,23.823,23.831,23.831,23.838,23.846,23.861,23.838,23.861,23.907,23.907,23.907,23.907,23.869,23.884,23.884,23.892,23.915,23.922,23.922,23.922,23.892,23.884,23.892,23.899,23.899,23.907,23.93,23.945,23.899,23.907,23.907,23.915,23.922,23.907,23.922,23.884,23.922,23.884,23.899,23.877,23.884,23.892,23.892,23.884,23.884,23.892,23.899,23.915,23.899,23.907,23.892,23.884,23.915,23.877,23.915,23.892,23.877,23.838,23.846,23.846,23.877,23.899,23.869,23.899,23.869,23.854,23.892,23.861,23.846,23.831,23.831,23.808,23.808,23.823,23.823,23.808,23.8,23.823,23.8,23.8,23.831,23.854,23.854,23.838,23.854,23.846,23.861,23.869,23.831,23.793,23.8,23.808,23.793,23.77,23.777,23.785,23.785,23.8,23.785,23.785,23.823,23.823,23.831,23.808,23.8,23.838,23.823,23.808,23.77,23.785,23.8,23.785,23.747,23.785,23.777,23.793,23.77,23.762,23.808,23.8,23.8,23.793,23.793,23.777,23.77,23.8,23.777,23.785,23.762,23.777,23.816,23.785,23.823,23.838,23.861,23.831,23.831,23.816,23.762,23.785,23.785,23.8,23.793,23.831,23.77,23.77,23.755,23.755,23.777,23.77,23.823,23.793,23.838,23.854,23.8,23.838,23.793,23.816,23.816,23.808,23.808,23.8,23.755,23.785,23.8,23.816,23.831,23.823,23.838,23.777,23.777,23.777,23.77,23.785,23.793,23.8,23.8,23.777,23.77,23.762,23.793,23.808,23.808,23.838,23.823,23.854,23.777,23.755,23.793,23.785,23.777,23.777,23.793,23.77,23.8,23.762,23.816,23.808,23.8,23.785,23.762,23.747,23.762,23.762
,23.808,23.899,23.877,23.854,23.823,23.884,23.884,23.846,23.846,23.846,23.884,23.838,23.846,23.846,23.846,23.884,23.892,23.877,23.884,23.892,23.884,23.892,23.877,23.892,23.892,23.892,23.915,23.884,23.899,23.907,23.915,23.93,23.945,23.945,23.907,23.922,23.915,23.884,23.93,23.907,23.892,23.915,23.922,23.93,23.938,23.907,23.915,23.907,23.892,23.892,23.884,23.892,23.915,23.892,23.907,23.892,23.922,23.922,23.945,23.922,23.938,23.945,23.976,23.938,23.968,23.968,23.945,23.945,23.922,23.922,23.907,23.945,23.922,23.968,23.945,23.915,23.922,23.915,23.915,23.93,23.915,23.884,23.869,23.884,23.93,23.93,23.915,23.93,23.907,23.899,23.884,23.884,23.884,23.884,23.915,23.93,23.945,23.915,23.93,23.854,23.907,23.93,23.884,23.892,23.922,23.922,23.93,23.938,23.93,23.93,23.907,23.907,23.899,23.907,23.907,23.899,23.93,23.922,23.945,23.922,23.915,23.922,23.915,23.938,23.915,23.915,23.922,23.907,23.907,23.922,23.922,23.93,23.922,23.899,23.884,23.869,23.907,23.892,23.945,23.907,23.922,23.907,23.938,23.915,23.907,23.922,23.93,23.93,23.953,23.983,23.945,23.938,23.938,23.938,23.93,23.938,23.945,23.945,23.938,23.976,23.96,23.953,23.945,23.96,23.953,23.938,23.922,23.938,23.945,23.922,23.938,23.945,23.945,23.922,23.945,23.93,23.96,23.96,23.945,23.96,23.945,23.953,23.938,23.938,23.93,23.93,23.953,23.953,23.96,23.945,23.899,23.922,23.922,23.922,23.93,23.945,23.938,23.953,23.938,23.96,23.953,23.938,23.953,23.96,23.96,23.96,23.953,23.945,23.93,23.915,23.922,23.907,23.899,23.899,23.884,23.899,23.884,23.899,23.899,23.899,23.907,23.899,23.922,23.938,23.938,23.938,23.945,23.884,23.93,23.899,23.907,23.915,23.907,23.915,23.915,23.93,23.915,23.915,23.922,23.922,23.93,23.945,23.938,23.915,23.93,23.915,23.915,23.922,23.93,23.93,23.938,23.922,23.899,23.915,23.892,23.907,23.922,23.922,23.945,23.96,23.953,23.945,23.945,23.938,23.907,23.93,23.922,23.915,23.907,23.93,23.93,23.953,23.983,23.968,23.953,23.953,23.945,23.922,23.938,23.945,23.907,23.945,23.938,23.953,23.953,23.953,23.953,23.953,23.945,23.945,23.945,23.938,23.938,23.938,23.945,23.93,23.922,23.907,23.907,23.915,23.915,23.922,23.93,23.915,23.922,23.892,23.892,23.892,23.877,23.892,23.861,23.869,23.861,23.869,23.877,23.869,23.861,23.854,23.846,23.861,23.854,23.838,23.838,23.854,23.846,23.869,23.877,23.854,23.869,23.899,23.892,23.892,23.884,23.877,23.877,23.869,23.854,23.846,23.831,23.854,23.838,23.846,23.877,23.854,23.861,23.861,23.877,23.869,23.869,23.861,23.869,23.854,23.838,23.831,23.838,23.838,23.854,23.838,23.846,23.846,23.854,23.861,23.854,23.823,23.854,23.808,23.838,23.823,23.838,23.846,23.838,23.838,23.884,23.861,23.861,23.854,23.869,23.869,23.892,23.884,23.907,23.884,23.869,23.854,23.846,23.846,23.846,23.854,23.854,23.861,23.861,23.854,23.846,23.869,23.846,23.831,23.846,23.846,23.846,23.823,23.8,23.823,23.808,23.816,23.838,23.838,23.861,23.869,23.861,23.854,23.846,23.831,23.831,23.816,23.838,23.854,23.838,23.846,23.838,23.838,23.831,23.838,23.846,23.831,23.831,23.854,23.838,23.823,23.831,23.838,23.831,23.831,23.854,23.846,23.846,23.831,23.838,23.823,23.823,23.854,23.861,23.838,23.884,23.861,23.877,23.892,23.907,23.915,23.877,23.877,23.869,23.892,23.899,23.907,23.915,23.907,23.877,23.884,23.892,23.907,23.907,23.899,23.899,23.93,23.907,23.884,23.922,23.922,23.922,23.907,23.899,23.907,23.899,23.892,23.922,23.915,23.899,23.892,23.892,23.877,23.869,23.869,23.869,23.899,23.899,23.907,23.899,23.884,23.907,23.93,23.884,23.854,23.884,23.816,23.861,23.877,23.869,23.831,23.854,23.877,23.869,23.854,23.869,23.869,23.846,23.846,23.816,23.823,23.816,23.808,23.823,23.816,23.793,23.808,23.8,23.793,23.838,23.846,23.816,23.808,23.831,23.808,23.823,23.816,23.808,23.793,23.777,23.785,23.77,23.77,23.777,23.77,23.762,23.777,23.77,23.808,23.816,23.808,23.808,23.808,23.838,23.823,23.793,23.8,23.77,23.755,23.793,23.762,23.762,23.739,23.785,23.8,23.793,23.8,23.793,23.816,23.785,23.785,23.777,23.77,23.77,23.762,23.755,23.762,23.747,23.755,23.777,23.816,23.793,23.8,23.8,23.8,23.8,23.854,23.785,23.747,23.777,23.77,23.793,23.793,23.755,23.755,23.762,23.777,23.747,23.785,23.831,23.8,23.785,23.823,23.816,23.808,23.816,23.8,23.831,23.777,23.755,23.777,23.77,23.808,23.777,23.816,23.808,23.816,23.8,23.77,23.762,23.785,23.762,23.785,23.8,23.793,23.762,23.793,23.777,23.793,23.785,23.8,23.846,23.8,23.777,23.77,23.77,23.77,23.762,23.777,23.739,23.8,23.709,23.777,23.785,23.785,23.793,23.793,23.77,23.747,23.755,23.77,23.747,23.762
,23.77,23.838,23.808,23.823,23.884,23.846,23.869,23.869,23.877,23.869,23.869,23.831,23.846,23.846,23.846,23.869,23.869,23.884,23.877,23.869,23.892,23.915,23.899,23.892,23.892,23.892,23.899,23.899,23.892,23.899,23.899,23.915,23.938,23.93,23.892,23.938,23.922,23.884,23.953,23.915,23.915,23.899,23.907,23.892,23.93,23.892,23.938,23.922,23.899,23.907,23.892,23.869,23.899,23.915,23.915,23.907,23.899,23.93,23.938,23.93,23.945,23.953,23.953,23.96,23.938,23.96,23.945,23.953,23.945,23.93,23.922,23.922,23.938,23.93,23.93,23.93,23.938,23.922,23.892,23.93,23.884,23.861,23.899,23.907,23.907,23.93,23.907,23.922,23.899,23.899,23.892,23.877,23.884,23.884,23.922,23.907,23.899,23.945,23.922,23.892,23.877,23.922,23.93,23.892,23.922,23.899,23.915,23.907,23.922,23.907,23.915,23.907,23.907,23.915,23.922,23.922,23.945,23.938,23.945,23.938,23.96,23.93,23.915,23.907,23.899,23.922,23.907,23.915,23.93,23.922,23.922,23.938,23.861,23.892,23.869,23.877,23.899,23.892,23.907,23.93,23.93,23.915,23.922,23.915,23.899,23.922,23.93,23.945,23.953,23.922,23.953,23.938,23.922,23.938,23.93,23.938,23.945,23.968,23.945,23.93,23.983,23.96,23.93,23.938,23.953,23.953,23.938,23.945,23.953,23.93,23.945,23.938,23.945,23.938,23.922,23.945,23.938,23.953,23.953,23.96,23.96,23.96,23.945,23.945,23.938,23.96,23.953,23.96,23.945,23.945,23.953,23.877,23.899,23.892,23.915,23.953,23.945,23.96,23.968,23.938,23.938,23.922,23.915,23.93,23.976,23.96,23.93,23.945,23.922,23.915,23.899,23.899,23.899,23.915,23.899,23.899,23.907,23.892,23.884,23.892,23.915,23.93,23.93,23.938,23.938,23.945,23.953,23.922,23.922,23.907,23.915,23.922,23.93,23.93,23.953,23.93,23.907,23.93,23.915,23.953,23.93,23.945,23.945,23.93,23.93,23.915,23.922,23.93,23.945,23.93,23.93,23.93,23.915,23.915,23.915,23.907,23.938,23.96,23.945,23.953,23.953,23.945,23.938,23.93,23.93,23.945,23.938,23.93,23.922,23.915,23.93,23.945,23.96,23.968,23.968,23.945,23.938,23.93,23.938,23.915,23.938,23.945,23.945,23.96,23.953,23.96,23.945,23.96,23.945,23.945,23.945,23.93,23.938,23.938,23.945,23.945,23.922,23.915,23.907,23.922,23.922,23.907,23.922,23.922,23.907,23.892,23.884,23.877,23.907,23.869,23.846,23.877,23.877,23.899,23.884,23.869,23.861,23.838,23.846,23.846,23.846,23.846,23.854,23.846,23.854,23.861,23.846,23.869,23.861,23.884,23.899,23.892,23.892,23.877,23.884,23.861,23.861,23.869,23.861,23.846,23.861,23.869,23.877,23.877,23.884,23.884,23.869,23.892,23.884,23.861,23.869,23.861,23.854,23.846,23.838,23.838,23.838,23.854,23.854,23.846,23.861,23.877,23.884,23.861,23.884,23.846,23.838,23.846,23.846,23.846,23.838,23.831,23.861,23.869,23.854,23.861,23.861,23.877,23.907,23.892,23.869,23.884,23.869,23.877,23.838,23.838,23.838,23.846,23.846,23.846,23.831,23.854,23.846,23.861,23.838,23.838,23.846,23.846,23.838,23.816,23.8,23.762,23.8,23.8,23.831,23.846,23.854,23.869,23.861,23.846,23.823,23.808,23.816,23.823,23.823,23.838,23.877,23.823,23.838,23.838,23.823,23.785,23.823,23.854,23.831,23.846,23.838,23.823,23.831,23.838,23.838,23.846,23.846,23.846,23.823,23.831,23.823,23.816,23.823,23.831,23.854,23.899,23.854,23.899,23.892,23.892,23.899,23.892,23.892,23.884,23.877,23.884,23.899,23.907,23.915,23.884,23.922,23.877,23.915,23.915,23.899,23.915,23.907,23.915,23.899,23.907,23.915,23.915,23.907,23.907,23.907,23.892,23.899,23.892,23.899,23.899,23.915,23.907,23.884,23.869,23.869,23.861,23.892,23.884,23.892,23.899,23.892,23.907,23.892,23.907,23.838,23.838,23.846,23.854,23.816,23.861,23.877,23.869,23.945,23.869,23.861,23.831,23.854,23.861,23.854,23.838,23.816,23.816,23.823,23.816,23.816,23.816,23.8,23.793,23.808,23.816,23.838,23.823,23.823,23.808,23.823,23.831,23.785,23.8,23.808,23.808,23.793,23.793,23.777,23.785,23.755,23.762,23.747,23.762,23.762,23.777,23.785,23.785,23.831,23.793,23.831,23.785,23.785,23.785,23.785,23.777,23.77,23.77,23.747,23.739,23.747,23.8,23.8,23.816,23.831,23.808,23.77,23.762,23.777,23.755,23.785,23.747,23.755,23.747,23.77,23.8,23.755,23.8,23.8,23.785,23.8,23.777,23.77,23.747,23.732,23.77,23.785,23.785,23.808,23.816,23.793,23.716,23.755,23.755,23.77,23.762,23.785,23.823,23.838,23.838,23.838,23.838,23.823,23.838,23.816,23.785,23.793,23.77,23.785,23.785,23.793,23.831,23.823,23.808,23.838,23.77,23.785,23.785,23.793,23.793,23.793,23.793,23.8,23.793,23.8,23.777,23.785,23.808,23.831,23.8,23.785,23.747,23.77,23.77,23.777,23.755,23.755,23.793,23.762,23.77,23.777,23.777,23.77,23.8,23.793,23.777,23.747,23.77,23.785,23.808
,23.823,23.808,23.77,23.854,23.846,23.854,23.846,23.846,23.877,23.854,23.861,23.877,23.877,23.861,23.854,23.869,23.877,23.884,23.899,23.892,23.899,23.907,23.892,23.869,23.907,23.892,23.899,23.884,23.899,23.899,23.892,23.907,23.915,23.922,23.922,23.899,23.884,23.907,23.96,23.953,23.899,23.899,23.899,23.915,23.938,23.892,23.922,23.915,23.899,23.892,23.892,23.892,23.884,23.899,23.922,23.938,23.884,23.945,23.953,23.945,23.938,23.922,23.938,23.945,23.945,23.968,23.953,23.945,23.945,23.938,23.922,23.922,23.922,23.938,23.96,23.945,23.945,23.922,23.892,23.922,23.915,23.869,23.877,23.884,23.907,23.922,23.907,23.93,23.915,23.892,23.877,23.877,23.884,23.899,23.915,23.922,23.892,23.899,23.907,23.915,23.877,23.854,23.869,23.884,23.884,23.892,23.899,23.899,23.899,23.854,23.907,23.907,23.907,23.922,23.938,23.93,23.938,23.93,23.915,23.915,23.915,23.945,23.922,23.899,23.907,23.907,23.93,23.915,23.907,23.922,23.915,23.907,23.899,23.892,23.877,23.877,23.899,23.899,23.915,23.915,23.907,23.899,23.899,23.899,23.899,23.899,23.915,23.915,23.922,23.945,23.93,23.976,23.922,23.938,23.945,23.938,23.938,23.945,23.96,23.915,23.93,23.945,23.93,23.945,23.953,23.953,23.93,23.953,23.945,23.938,23.945,23.892,23.884,23.945,23.899,23.922,23.938,23.945,23.938,23.96,23.945,23.96,23.953,23.953,23.96,23.93,23.96,23.93,23.938,23.915,23.899,23.915,23.907,23.93,23.907,23.922,23.945,23.953,23.945,23.953,23.953,23.93,23.93,23.96,23.915,23.945,23.93,23.915,23.915,23.892,23.899,23.915,23.899,23.907,23.915,23.922,23.899,23.892,23.907,23.899,23.915,23.945,23.922,23.93,23.938,23.93,23.93,23.945,23.922,23.915,23.907,23.922,23.907,23.93,23.945,23.945,23.907,23.899,23.93,23.915,23.922,23.945,23.938,23.93,23.915,23.915,23.915,23.922,23.922,23.93,23.93,23.93,23.907,23.922,23.93,23.93,23.968,23.968,23.96,23.968,23.96,23.938,23.922,23.93,23.922,23.93,23.938,23.945,23.945,23.938,23.915,23.96,23.938,23.968,23.96,23.938,23.938,23.922,23.915,23.907,23.915,23.922,23.938,23.968,23.968,23.96,23.953,23.945,23.953,23.938,23.93,23.938,23.953,23.953,23.945,23.915,23.938,23.93,23.884,23.915,23.915,23.922,23.915,23.915,23.915,23.877,23.884,23.869,23.869,23.869,23.877,23.892,23.877,23.877,23.892,23.884,23.869,23.861,23.838,23.823,23.838,23.838,23.838,23.846,23.838,23.846,23.869,23.877,23.877,23.892,23.892,23.892,23.892,23.877,23.877,23.877,23.854,23.854,23.846,23.854,23.869,23.884,23.877,23.877,23.884,23.884,23.884,23.884,23.884,23.877,23.877,23.877,23.854,23.869,23.846,23.854,23.838,23.854,23.846,23.854,23.854,23.869,23.877,23.861,23.838,23.861,23.831,23.838,23.831,23.838,23.823,23.808,23.823,23.846,23.846,23.869,23.877,23.877,23.892,23.884,23.884,23.869,23.854,23.846,23.838,23.838,23.831,23.838,23.846,23.846,23.838,23.838,23.838,23.854,23.846,23.838,23.831,23.846,23.816,23.823,23.816,23.808,23.8,23.846,23.823,23.854,23.838,23.838,23.846,23.854,23.838,23.8,23.8,23.831,23.808,23.808,23.823,23.838,23.823,23.823,23.823,23.823,23.838,23.808,23.838,23.846,23.846,23.838,23.838,23.838,23.846,23.838,23.823,23.846,23.838,23.816,23.8,23.808,23.8,23.831,23.838,23.877,23.907,23.899,23.861,23.892,23.907,23.869,23.877,23.884,23.869,23.899,23.899,23.899,23.899,23.899,23.899,23.915,23.915,23.922,23.899,23.899,23.884,23.892,23.892,23.922,23.915,23.907,23.907,23.899,23.907,23.877,23.892,23.861,23.884,23.892,23.884,23.899,23.884,23.861,23.854,23.854,23.869,23.884,23.892,23.892,23.899,23.892,23.877,23.861,23.877,23.861,23.846,23.823,23.854,23.838,23.877,23.861,23.877,23.823,23.831,23.831,23.877,23.846,23.846,23.846,23.831,23.831,23.838,23.816,23.831,23.816,23.808,23.793,23.793,23.77,23.8,23.8,23.808,23.816,23.8,23.8,23.8,23.808,23.785,23.785,23.8,23.793,23.785,23.785,23.77,23.8,23.709,23.77,23.747,23.77,23.77,23.785,23.793,23.777,23.8,23.808,23.785,23.816,23.785,23.793,23.777,23.755,23.777,23.762,23.777,23.793,23.808,23.831,23.831,23.823,23.808,23.777,23.762,23.762,23.755,23.755,23.739,23.762,23.747,23.808,23.77,23.785,23.793,23.785,23.785,23.785,23.77,23.8,23.777,23.777,23.8,23.777,23.785,23.777,23.762,23.755,23.747,23.762,23.8,23.8,23.777,23.785,23.808,23.816,23.823,23.808,23.838,23.823,23.823,23.846,23.8,23.808,23.77,23.785,23.808,23.8,23.793,23.762,23.77,23.77,23.785,23.777,23.777,23.785,23.785,23.8,23.808,23.808,23.777,23.793,23.77,23.785,23.8,23.739,23.823,23.739,23.785,23.747,23.755,23.755,23.785,23.831,23.77,23.77,23.785,23.762,23.755,23.716,23.739,23.762,23.762,23.808,23.808,23.823
,23.8,23.846,23.8,23.846,23.869,23.861,23.861,23.877,23.861,23.831,23.884,23.892,23.846,23.869,23.869,23.869,23.884,23.884,23.899,23.93,23.884,23.899,23.907,23.907,23.861,23.884,23.915,23.907,23.892,23.899,23.899,23.877,23.922,23.907,23.899,23.907,23.869,23.938,23.861,23.877,23.892,23.899,23.907,23.915,23.922,23.915,23.922,23.922,23.907,23.884,23.892,23.922,23.899,23.93,23.915,23.922,23.938,23.953,23.983,23.938,23.93,23.93,23.93,23.93,23.945,23.968,23.96,23.96,23.945,23.93,23.93,23.938,23.915,23.93,23.938,23.884,23.922,23.892,23.877,23.884,23.877,23.892,23.915,23.899,23.922,23.899,23.907,23.915,23.907,23.907,23.907,23.892,23.884,23.915,23.938,23.899,23.938,23.922,23.877,23.884,23.869,23.869,23.877,23.877,23.869,23.877,23.899,23.899,23.861,23.938,23.892,23.892,23.907,23.93,23.938,23.93,23.938,23.922,23.892,23.915,23.892,23.922,23.907,23.892,23.907,23.892,23.915,23.93,23.907,23.907,23.915,23.899,23.892,23.884,23.892,23.892,23.907,23.922,23.907,23.93,23.915,23.899,23.907,23.899,23.877,23.892,23.907,23.915,23.953,23.976,23.922,23.938,23.922,23.938,23.922,23.945,23.953,23.945,23.93,23.945,23.915,23.938,23.93,23.953,23.953,23.945,23.953,23.976,23.93,23.922,23.899,23.915,23.892,23.892,23.915,23.915,23.915,23.938,23.945,23.938,23.953,23.945,23.96,23.96,23.938,23.93,23.938,23.938,23.907,23.915,23.938,23.869,23.899,23.892,23.884,23.938,23.93,23.953,23.96,23.953,23.938,23.938,23.96,23.938,23.93,23.93,23.93,23.922,23.915,23.907,23.907,23.892,23.899,23.907,23.907,23.922,23.922,23.899,23.907,23.915,23.915,23.93,23.945,23.938,23.915,23.907,23.938,23.93,23.892,23.938,23.922,23.915,23.945,23.96,23.96,23.93,23.907,23.884,23.922,23.899,23.915,23.907,23.899,23.907,23.907,23.915,23.907,23.915,23.907,23.922,23.907,23.922,23.922,23.938,23.945,23.915,23.968,23.953,23.96,23.953,23.938,23.938,23.938,23.922,23.93,23.93,23.93,23.922,23.945,23.938,23.945,23.953,23.96,23.953,23.938,23.938,23.93,23.93,23.915,23.93,23.93,23.945,23.945,23.953,23.976,23.96,23.976,23.953,23.945,23.953,23.953,23.968,23.953,23.953,23.938,23.953,23.93,23.899,23.892,23.907,23.892,23.907,23.922,23.907,23.915,23.899,23.877,23.861,23.861,23.861,23.869,23.892,23.869,23.907,23.884,23.869,23.884,23.846,23.846,23.854,23.854,23.838,23.846,23.861,23.861,23.861,23.854,23.869,23.854,23.877,23.884,23.884,23.915,23.861,23.869,23.861,23.846,23.854,23.861,23.854,23.884,23.877,23.877,23.877,23.877,23.869,23.861,23.877,23.884,23.877,23.884,23.884,23.877,23.846,23.869,23.877,23.854,23.854,23.854,23.846,23.861,23.854,23.854,23.861,23.838,23.854,23.838,23.831,23.838,23.816,23.838,23.838,23.838,23.838,23.846,23.861,23.869,23.884,23.877,23.884,23.869,23.861,23.846,23.838,23.831,23.831,23.831,23.831,23.846,23.846,23.854,23.892,23.869,23.793,23.861,23.823,23.854,23.823,23.8,23.808,23.793,23.8,23.854,23.816,23.831,23.831,23.861,23.838,23.838,23.838,23.8,23.808,23.816,23.785,23.8,23.8,23.785,23.793,23.793,23.823,23.823,23.816,23.823,23.838,23.838,23.831,23.831,23.861,23.838,23.831,23.838,23.831,23.823,23.823,23.823,23.8,23.808,23.8,23.808,23.838,23.838,23.899,23.915,23.884,23.899,23.869,23.877,23.899,23.899,23.899,23.922,23.899,23.907,23.899,23.907,23.892,23.907,23.907,23.907,23.899,23.899,23.899,23.884,23.884,23.884,23.907,23.899,23.915,23.907,23.907,23.884,23.899,23.892,23.877,23.892,23.877,23.869,23.892,23.869,23.861,23.854,23.823,23.854,23.869,23.884,23.892,23.892,23.892,23.861,23.877,23.861,23.823,23.846,23.838,23.823,23.846,23.854,23.861,23.838,23.869,23.816,23.823,23.831,23.831,23.854,23.846,23.831,23.854,23.846,23.838,23.838,23.816,23.793,23.785,23.785,23.793,23.808,23.8,23.8,23.8,23.823,23.808,23.808,23.808,23.8,23.793,23.785,23.777,23.785,23.755,23.755,23.739,23.724,23.755,23.762,23.785,23.762,23.77,23.762,23.793,23.777,23.8,23.838,23.793,23.793,23.785,23.77,23.77,23.716,23.709,23.732,23.777,23.8,23.816,23.831,23.816,23.816,23.777,23.77,23.785,23.755,23.747,23.732,23.755,23.716,23.755,23.777,23.8,23.793,23.785,23.777,23.77,23.777,23.77,23.831,23.8,23.785,23.793,23.762,23.762,23.732,23.739,23.739,23.747,23.747,23.755,23.762,23.816,23.808,23.808,23.8,23.793,23.8,23.831,23.846,23.831,23.762,23.793,23.762,23.755,23.816,23.785,23.777,23.777,23.755,23.77,23.8,23.716,23.77,23.793,23.762,23.777,23.77,23.755,23.755,23.762,23.785,23.762,23.77,23.747,23.732,23.77,23.755,23.785,23.755,23.8,23.77,23.755,23.777,23.762,23.762,23.755,23.739,23.747,23.77,23.724,23.732,23.755,23.816,23.808
,23.838,23.838,23.808,23.861,23.861,23.854,23.854,23.869,23.861,23.861,23.884,23.861,23.877,23.884,23.869,23.877,23.899,23.869,23.892,23.869,23.899,23.907,23.899,23.899,23.907,23.922,23.884,23.907,23.892,23.877,23.915,23.877,23.907,23.892,23.892,23.892,23.892,23.854,23.899,23.915,23.892,23.892,23.877,23.877,23.884,23.877,23.899,23.915,23.907,23.907,23.915,23.938,23.907,23.945,23.915,23.922,23.922,23.915,23.968,23.93,23.945,23.899,23.922,23.922,23.96,23.953,23.945,23.953,23.96,23.945,23.93,23.922,23.915,23.915,23.945,23.899,23.899,23.899,23.907,23.907,23.899,23.899,23.899,23.899,23.915,23.907,23.907,23.907,23.899,23.922,23.907,23.922,23.93,23.922,23.915,23.922,23.899,23.884,23.899,23.884,23.854,23.884,23.884,23.877,23.869,23.854,23.877,23.854,23.892,23.823,23.869,23.899,23.899,23.907,23.922,23.907,23.907,23.907,23.892,23.899,23.884,23.907,23.899,23.899,23.922,23.892,23.922,23.945,23.93,23.907,23.915,23.907,23.892,23.899,23.907,23.892,23.907,23.915,23.915,23.922,23.915,23.915,23.907,23.884,23.899,23.899,23.922,23.915,23.938,23.938,23.938,23.915,23.915,23.945,23.945,23.93,23.922,23.915,23.922,23.907,23.907,23.953,23.907,23.907,23.93,23.953,23.945,23.922,23.938,23.907,23.899,23.907,23.884,23.892,23.884,23.899,23.899,23.938,23.945,23.945,23.938,23.945,23.93,23.953,23.953,23.945,23.922,23.922,23.922,23.892,23.892,23.915,23.93,23.922,23.892,23.93,23.938,23.945,23.96,23.953,23.915,23.945,23.892,23.907,23.899,23.93,23.93,23.922,23.907,23.899,23.892,23.892,23.899,23.907,23.915,23.922,23.915,23.899,23.915,23.915,23.93,23.938,23.938,23.915,23.922,23.915,23.884,23.915,23.922,23.915,23.907,23.915,23.938,23.953,23.938,23.945,23.915,23.892,23.892,23.892,23.892,23.915,23.899,23.907,23.899,23.899,23.892,23.907,23.907,23.892,23.915,23.93,23.915,23.93,23.938,23.945,23.983,23.976,23.96,23.968,23.945,23.953,23.953,23.938,23.93,23.922,23.938,23.93,23.953,23.953,23.96,23.968,23.945,23.938,23.953,23.93,23.945,23.945,23.938,23.93,23.938,23.93,23.953,23.953,23.945,23.938,23.953,23.945,23.945,23.945,23.953,23.96,23.96,23.96,23.938,23.922,23.915,23.899,23.899,23.899,23.907,23.922,23.93,23.907,23.907,23.892,23.884,23.869,23.884,23.869,23.884,23.907,23.861,23.899,23.869,23.892,23.892,23.854,23.838,23.861,23.869,23.854,23.869,23.869,23.869,23.877,23.884,23.877,23.869,23.877,23.869,23.877,23.869,23.869,23.861,23.846,23.854,23.846,23.854,23.861,23.877,23.869,23.877,23.877,23.877,23.869,23.869,23.877,23.869,23.877,23.884,23.869,23.869,23.854,23.861,23.846,23.838,23.854,23.854,23.854,23.846,23.846,23.861,23.861,23.869,23.854,23.854,23.846,23.899,23.846,23.869,23.854,23.838,23.838,23.846,23.854,23.861,23.861,23.884,23.861,23.869,23.854,23.854,23.831,23.838,23.831,23.823,23.838,23.838,23.846,23.846,23.854,23.861,23.861,23.869,23.846,23.831,23.808,23.77,23.777,23.777,23.785,23.846,23.8,23.8,23.816,23.854,23.861,23.838,23.831,23.831,23.823,23.823,23.816,23.793,23.793,23.793,23.808,23.808,23.823,23.831,23.8,23.823,23.831,23.823,23.838,23.846,23.846,23.861,23.861,23.831,23.831,23.8,23.823,23.8,23.793,23.808,23.808,23.8,23.861,23.854,23.915,23.892,23.877,23.869,23.854,23.953,23.869,23.884,23.907,23.899,23.907,23.884,23.899,23.899,23.907,23.907,23.892,23.915,23.915,23.899,23.899,23.892,23.884,23.884,23.907,23.899,23.899,23.899,23.907,23.892,23.877,23.884,23.877,23.861,23.869,23.877,23.877,23.884,23.861,23.823,23.846,23.846,23.861,23.877,23.884,23.884,23.869,23.884,23.846,23.846,23.831,23.831,23.823,23.816,23.831,23.823,23.877,23.854,23.846,23.846,23.823,23.831,23.823,23.838,23.861,23.854,23.846,23.838,23.823,23.816,23.8,23.777,23.785,23.77,23.785,23.785,23.777,23.8,23.816,23.793,23.816,23.777,23.793,23.793,23.785,23.785,23.777,23.793,23.785,23.785,23.739,23.701,23.716,23.755,23.777,23.755,23.77,23.777,23.785,23.77,23.793,23.8,23.8,23.785,23.816,23.77,23.77,23.762,23.777,23.739,23.785,23.793,23.816,23.823,23.8,23.777,23.777,23.762,23.777,23.755,23.755,23.747,23.716,23.747,23.785,23.777,23.823,23.808,23.777,23.777,23.762,23.77,23.785,23.793,23.785,23.793,23.785,23.77,23.747,23.732,23.739,23.724,23.739,23.762,23.8,23.77,23.777,23.808,23.808,23.808,23.793,23.8,23.838,23.816,23.823,23.823,23.77,23.755,23.793,23.762,23.785,23.77,23.77,23.793,23.777,23.777,23.762,23.739,23.739,23.747,23.762,23.762,23.777,23.77,23.755,23.785,23.747,23.777,23.732,23.716,23.716,23.732,23.777,23.8,23.785,23.755,23.762,23.77,23.762,23.755,23.739,23.732,23.755,23.755,23.739,23.755,23.762,23.808,23.747
,23.892,23.831,23.884,23.869,23.877,23.877,23.877,23.869,23.869,23.877,23.899,23.861,23.884,23.907,23.846,23.892,23.899,23.899,23.869,23.884,23.892,23.869,23.922,23.945,23.877,23.907,23.907,23.899,23.915,23.892,23.869,23.869,23.877,23.884,23.869,23.861,23.854,23.869,23.877,23.907,23.877,23.869,23.892,23.877,23.884,23.892,23.892,23.892,23.907,23.93,23.945,23.938,23.938,23.907,23.899,23.907,23.922,23.922,23.93,23.96,23.899,23.907,23.899,23.945,23.93,23.953,23.96,23.968,23.93,23.953,23.945,23.96,23.884,23.953,23.922,23.907,23.907,23.915,23.892,23.915,23.915,23.907,23.922,23.922,23.922,23.907,23.907,23.907,23.907,23.922,23.907,23.93,23.93,23.938,23.93,23.907,23.907,23.915,23.877,23.877,23.877,23.877,23.877,23.854,23.877,23.877,23.877,23.861,23.877,23.861,23.831,23.884,23.884,23.907,23.907,23.899,23.884,23.877,23.869,23.884,23.877,23.892,23.892,23.892,23.899,23.899,23.93,23.915,23.93,23.938,23.922,23.907,23.915,23.907,23.907,23.899,23.915,23.922,23.922,23.945,23.953,23.915,23.907,23.892,23.884,23.899,23.907,23.922,23.945,23.93,23.938,23.915,23.915,23.938,23.922,23.915,23.915,23.915,23.892,23.892,23.915,23.884,23.892,23.907,23.892,23.915,23.991,23.938,23.922,23.945,23.915,23.907,23.884,23.884,23.877,23.892,23.907,23.915,23.93,23.922,23.93,23.93,23.922,23.945,23.907,23.953,23.922,23.922,23.93,23.93,23.93,23.93,23.922,23.907,23.922,23.915,23.938,23.922,23.953,23.938,23.922,23.96,23.953,23.915,23.938,23.915,23.922,23.907,23.907,23.907,23.899,23.899,23.899,23.899,23.907,23.907,23.915,23.922,23.915,23.93,23.922,23.93,23.93,23.93,23.907,23.938,23.915,23.907,23.922,23.907,23.915,23.915,23.953,23.938,23.922,23.922,23.922,23.907,23.877,23.877,23.899,23.884,23.907,23.884,23.884,23.884,23.869,23.884,23.892,23.877,23.892,23.915,23.93,23.93,23.938,23.938,23.938,23.922,23.938,23.938,23.938,23.953,23.945,23.922,23.922,23.907,23.922,23.93,23.96,23.96,23.96,23.968,23.953,23.938,23.93,23.93,23.938,23.938,23.93,23.922,23.922,23.938,23.96,23.953,23.96,23.953,23.953,23.945,23.938,23.945,23.945,23.96,23.96,23.96,23.968,23.93,23.907,23.899,23.854,23.899,23.899,23.922,23.922,23.899,23.915,23.907,23.877,23.884,23.899,23.884,23.877,23.877,23.892,23.899,23.884,23.877,23.861,23.854,23.869,23.861,23.861,23.861,23.846,23.869,23.869,23.884,23.869,23.884,23.869,23.861,23.869,23.884,23.884,23.846,23.846,23.846,23.838,23.838,23.846,23.846,23.854,23.869,23.869,23.861,23.861,23.854,23.854,23.854,23.861,23.877,23.869,23.869,23.869,23.854,23.838,23.838,23.838,23.854,23.838,23.846,23.823,23.831,23.846,23.831,23.854,23.861,23.877,23.846,23.861,23.869,23.861,23.854,23.831,23.838,23.838,23.846,23.869,23.861,23.877,23.877,23.846,23.869,23.846,23.838,23.816,23.823,23.831,23.846,23.846,23.854,23.892,23.892,23.877,23.869,23.861,23.823,23.823,23.793,23.762,23.777,23.785,23.808,23.838,23.846,23.823,23.808,23.838,23.823,23.838,23.838,23.838,23.831,23.831,23.816,23.8,23.793,23.8,23.793,23.816,23.816,23.808,23.823,23.823,23.831,23.831,23.838,23.846,23.854,23.838,23.831,23.808,23.823,23.808,23.793,23.8,23.8,23.8,23.808,23.823,23.846,23.854,23.869,23.869,23.861,23.884,23.854,23.861,23.899,23.892,23.869,23.884,23.899,23.861,23.869,23.869,23.907,23.877,23.892,23.899,23.899,23.907,23.892,23.899,23.899,23.907,23.892,23.907,23.884,23.877,23.877,23.892,23.892,23.892,23.861,23.869,23.869,23.869,23.877,23.884,23.831,23.816,23.831,23.838,23.854,23.816,23.869,23.869,23.854,23.854,23.838,23.861,23.861,23.838,23.831,23.816,23.823,23.823,23.877,23.816,23.869,23.877,23.808,23.823,23.823,23.823,23.861,23.823,23.838,23.823,23.838,23.8,23.831,23.777,23.77,23.755,23.77,23.785,23.785,23.8,23.793,23.8,23.777,23.777,23.785,23.785,23.777,23.777,23.762,23.77,23.785,23.762,23.716,23.716,23.716,23.77,23.762,23.777,23.77,23.762,23.755,23.762,23.77,23.777,23.793,23.777,23.762,23.762,23.755,23.777,23.739,23.777,23.793,23.793,23.793,23.8,23.793,23.77,23.77,23.747,23.785,23.755,23.739,23.762,23.747,23.747,23.77,23.739,23.785,23.823,23.77,23.755,23.785,23.777,23.77,23.785,23.793,23.785,23.777,23.77,23.77,23.755,23.724,23.747,23.755,23.762,23.77,23.777,23.793,23.777,23.785,23.793,23.793,23.823,23.816,23.861,23.808,23.785,23.762,23.777,23.762,23.77,23.77,23.762,23.762,23.777,23.747,23.709,23.77,23.724,23.732,23.732,23.747,23.755,23.762,23.777,23.793,23.77,23.755,23.747,23.732,23.701,23.732,23.762,23.777,23.785,23.793,23.77,23.77,23.762,23.755,23.762,23.762,23.732,23.77,23.77,23.762,23.77,23.739,23.747,23.777
,23.892,23.877,23.854,23.892,23.892,23.899,23.884,23.869,23.892,23.869,23.892,23.838,23.854,23.915,23.907,23.899,23.899,23.877,23.899,23.884,23.884,23.907,23.938,23.915,23.877,23.877,23.892,23.899,23.892,23.884,23.869,23.854,23.892,23.854,23.854,23.854,23.861,23.861,23.899,23.877,23.869,23.907,23.884,23.907,23.899,23.899,23.877,23.892,23.915,23.953,23.938,23.922,23.93,23.907,23.892,23.93,23.907,23.93,23.938,23.96,23.907,23.907,23.899,23.945,23.938,23.884,23.938,23.96,23.96,23.938,23.96,23.915,23.953,23.899,23.922,23.899,23.915,23.892,23.899,23.938,23.915,23.915,23.93,23.922,23.938,23.915,23.915,23.915,23.922,23.907,23.93,23.922,23.938,23.915,23.938,23.884,23.915,23.892,23.899,23.892,23.877,23.877,23.877,23.861,23.884,23.861,23.869,23.861,23.869,23.877,23.869,23.854,23.884,23.899,23.869,23.899,23.884,23.869,23.869,23.869,23.877,23.884,23.884,23.892,23.884,23.899,23.922,23.892,23.922,23.938,23.907,23.922,23.907,23.915,23.899,23.884,23.907,23.907,23.907,23.93,23.915,23.938,23.899,23.907,23.884,23.892,23.899,23.93,23.922,23.93,23.945,23.93,23.915,23.915,23.922,23.907,23.907,23.899,23.892,23.899,23.899,23.869,23.861,23.861,23.869,23.915,23.953,23.93,23.93,23.907,23.892,23.884,23.877,23.877,23.884,23.899,23.915,23.93,23.938,23.93,23.93,23.915,23.915,23.899,23.922,23.945,23.93,23.976,23.953,23.938,23.938,23.938,23.945,23.922,23.877,23.892,23.907,23.938,23.938,23.938,23.945,23.93,23.922,23.93,23.922,23.915,23.907,23.915,23.915,23.922,23.915,23.899,23.892,23.899,23.892,23.907,23.907,23.907,23.922,23.922,23.922,23.93,23.93,23.915,23.922,23.899,23.915,23.915,23.892,23.915,23.93,23.915,23.93,23.938,23.953,23.945,23.915,23.907,23.884,23.884,23.884,23.884,23.915,23.877,23.915,23.892,23.884,23.869,23.877,23.884,23.907,23.907,23.922,23.93,23.93,23.93,23.938,23.96,23.93,23.945,23.945,23.922,23.922,23.922,23.884,23.907,23.915,23.93,23.945,23.953,23.945,23.938,23.945,23.945,23.938,23.922,23.922,23.93,23.922,23.93,23.945,23.938,23.953,23.953,23.953,23.945,23.953,23.945,23.922,23.93,23.945,23.945,23.96,23.945,23.938,23.945,23.907,23.899,23.922,23.915,23.922,23.907,23.93,23.922,23.899,23.899,23.877,23.899,23.899,23.884,23.899,23.892,23.899,23.884,23.884,23.877,23.861,23.861,23.869,23.861,23.869,23.877,23.869,23.884,23.877,23.884,23.884,23.877,23.869,23.884,23.854,23.854,23.846,23.846,23.838,23.838,23.831,23.838,23.838,23.854,23.861,23.861,23.854,23.854,23.846,23.846,23.854,23.861,23.861,23.861,23.869,23.877,23.861,23.846,23.838,23.869,23.831,23.831,23.846,23.846,23.846,23.831,23.846,23.854,23.861,23.846,23.846,23.846,23.854,23.846,23.869,23.846,23.838,23.838,23.838,23.846,23.846,23.861,23.869,23.861,23.869,23.846,23.846,23.816,23.808,23.823,23.838,23.831,23.831,23.854,23.823,23.823,23.831,23.816,23.846,23.793,23.785,23.777,23.777,23.793,23.8,23.8,23.838,23.793,23.8,23.808,23.838,23.846,23.838,23.861,23.838,23.838,23.831,23.816,23.8,23.8,23.8,23.808,23.816,23.808,23.816,23.846,23.823,23.823,23.831,23.831,23.838,23.831,23.846,23.846,23.831,23.823,23.869,23.8,23.854,23.816,23.8,23.816,23.823,23.838,23.846,23.861,23.869,23.838,23.861,23.869,23.884,23.907,23.899,23.922,23.892,23.892,23.93,23.899,23.884,23.892,23.877,23.869,23.869,23.884,23.907,23.899,23.907,23.907,23.907,23.907,23.907,23.892,23.869,23.861,23.884,23.884,23.892,23.877,23.869,23.861,23.869,23.846,23.838,23.846,23.846,23.831,23.838,23.854,23.877,23.884,23.854,23.854,23.861,23.846,23.869,23.8,23.861,23.823,23.823,23.823,23.838,23.846,23.877,23.861,23.846,23.854,23.831,23.823,23.816,23.823,23.854,23.831,23.793,23.785,23.808,23.777,23.777,23.762,23.785,23.777,23.785,23.785,23.777,23.816,23.8,23.823,23.777,23.77,23.793,23.77,23.785,23.785,23.77,23.777,23.77,23.762,23.739,23.739,23.8,23.808,23.777,23.793,23.762,23.808,23.755,23.762,23.793,23.762,23.777,23.785,23.755,23.762,23.755,23.739,23.77,23.77,23.793,23.793,23.785,23.777,23.793,23.739,23.762,23.77,23.77,23.785,23.793,23.762,23.785,23.816,23.816,23.884,23.861,23.732,23.732,23.762,23.755,23.777,23.77,23.77,23.77,23.77,23.785,23.755,23.77,23.724,23.755,23.77,23.762,23.777,23.777,23.777,23.785,23.8,23.785,23.808,23.808,23.816,23.831,23.808,23.777,23.77,23.755,23.762,23.77,23.777,23.777,23.777,23.755,23.755,23.777,23.716,23.716,23.724,23.732,23.747,23.777,23.77,23.762,23.77,23.732,23.739,23.709,23.678,23.724,23.755,23.77,23.777,23.77,23.762,23.777,23.77,23.755,23.77,23.77,23.755,23.762,23.747,23.777,23.793,23.77,23.777,23.777,23.808
,23.892,23.877,23.877,23.861,23.907,23.899,23.892,23.899,23.892,23.861,23.877,23.861,23.915,23.907,23.846,23.899,23.869,23.877,23.884,23.861,23.892,23.846,23.907,23.892,23.907,23.915,23.884,23.877,23.884,23.892,23.869,23.869,23.877,23.846,23.884,23.869,23.869,23.884,23.892,23.877,23.892,23.877,23.892,23.869,23.899,23.884,23.877,23.877,23.907,23.907,23.93,23.93,23.922,23.907,23.899,23.915,23.915,23.93,23.96,23.922,23.869,23.938,23.884,23.869,23.915,23.93,23.938,23.907,23.96,23.938,23.968,23.907,23.93,23.892,23.938,23.907,23.922,23.922,23.938,23.968,23.922,23.945,23.93,23.922,23.922,23.945,23.93,23.922,23.922,23.922,23.93,23.938,23.915,23.938,23.915,23.938,23.93,23.899,23.899,23.899,23.884,23.884,23.877,23.869,23.869,23.861,23.892,23.869,23.877,23.869,23.861,23.877,23.899,23.892,23.899,23.899,23.899,23.884,23.884,23.869,23.869,23.869,23.877,23.884,23.907,23.899,23.899,23.892,23.899,23.915,23.93,23.93,23.892,23.915,23.899,23.899,23.899,23.899,23.892,23.915,23.922,23.915,23.899,23.899,23.892,23.899,23.899,23.915,23.922,23.915,23.899,23.907,23.892,23.907,23.907,23.899,23.907,23.899,23.892,23.877,23.884,23.877,23.861,23.861,23.869,23.915,23.899,23.953,23.938,23.93,23.892,23.884,23.877,23.892,23.892,23.892,23.915,23.922,23.93,23.922,23.922,23.915,23.915,23.915,23.907,23.884,23.915,23.907,23.945,23.945,23.968,23.96,23.922,23.953,23.93,23.915,23.915,23.907,23.93,23.945,23.945,23.945,23.922,23.93,23.922,23.922,23.922,23.915,23.922,23.907,23.915,23.907,23.892,23.892,23.892,23.907,23.922,23.915,23.922,23.915,23.922,23.93,23.93,23.922,23.93,23.922,23.915,23.907,23.899,23.907,23.884,23.915,23.945,23.907,23.922,23.922,23.915,23.922,23.899,23.892,23.899,23.892,23.915,23.884,23.922,23.892,23.877,23.877,23.877,23.869,23.899,23.907,23.922,23.922,23.922,23.915,23.96,23.93,23.938,23.93,23.922,23.922,23.892,23.907,23.907,23.892,23.93,23.922,23.93,23.938,23.938,23.96,23.938,23.93,23.93,23.922,23.915,23.907,23.907,23.938,23.938,23.93,23.96,23.945,23.945,23.945,23.945,23.93,23.922,23.915,23.915,23.922,23.945,23.953,23.93,23.93,23.915,23.907,23.922,23.922,23.93,23.922,23.93,23.899,23.907,23.884,23.877,23.899,23.899,23.899,23.899,23.899,23.884,23.877,23.892,23.877,23.884,23.869,23.869,23.892,23.884,23.861,23.892,23.892,23.899,23.884,23.884,23.892,23.884,23.869,23.854,23.854,23.861,23.869,23.846,23.846,23.838,23.831,23.854,23.861,23.861,23.854,23.846,23.861,23.861,23.861,23.861,23.854,23.861,23.869,23.861,23.861,23.861,23.838,23.831,23.831,23.838,23.838,23.831,23.838,23.846,23.854,23.854,23.838,23.846,23.846,23.846,23.854,23.838,23.838,23.808,23.838,23.831,23.846,23.838,23.846,23.846,23.854,23.854,23.854,23.861,23.846,23.838,23.823,23.831,23.838,23.838,23.823,23.838,23.838,23.816,23.838,23.831,23.8,23.831,23.793,23.77,23.793,23.793,23.808,23.816,23.823,23.831,23.808,23.823,23.823,23.808,23.823,23.838,23.846,23.838,23.823,23.816,23.808,23.793,23.8,23.808,23.8,23.8,23.808,23.823,23.823,23.816,23.816,23.823,23.823,23.838,23.831,23.831,23.816,23.838,23.846,23.823,23.823,23.8,23.816,23.8,23.823,23.831,23.831,23.838,23.846,23.846,23.861,23.823,23.823,23.877,23.877,23.884,23.884,23.899,23.884,23.877,23.907,23.907,23.877,23.899,23.884,23.884,23.869,23.892,23.899,23.915,23.907,23.915,23.907,23.899,23.884,23.877,23.877,23.884,23.877,23.877,23.884,23.861,23.877,23.854,23.846,23.831,23.816,23.846,23.831,23.861,23.877,23.816,23.854,23.846,23.854,23.846,23.854,23.823,23.861,23.823,23.793,23.785,23.816,23.823,23.854,23.816,23.831,23.846,23.831,23.823,23.808,23.823,23.831,23.8,23.808,23.8,23.823,23.816,23.808,23.793,23.732,23.762,23.762,23.785,23.808,23.823,23.808,23.777,23.793,23.8,23.77,23.77,23.777,23.77,23.8,23.77,23.823,23.77,23.77,23.77,23.739,23.777,23.77,23.8,23.8,23.762,23.785,23.77,23.77,23.785,23.762,23.777,23.77,23.732,23.762,23.77,23.777,23.762,23.777,23.785,23.793,23.793,23.777,23.762,23.755,23.739,23.785,23.77,23.777,23.8,23.808,23.823,23.823,23.762,23.838,23.739,23.747,23.716,23.732,23.747,23.747,23.762,23.762,23.762,23.77,23.762,23.785,23.793,23.785,23.777,23.762,23.77,23.8,23.762,23.762,23.777,23.785,23.785,23.808,23.816,23.816,23.816,23.8,23.777,23.77,23.77,23.77,23.762,23.793,23.785,23.8,23.77,23.777,23.762,23.747,23.747,23.739,23.762,23.762,23.762,23.777,23.77,23.77,23.777,23.777,23.755,23.724,23.755,23.724,23.739,23.77,23.77,23.755,23.785,23.762,23.785,23.8,23.777,23.777,23.762,23.8,23.747,23.777,23.793,23.77,23.793,23.793
,23.877,23.846,23.899,23.877,23.899,23.892,23.899,23.899,23.877,23.884,23.884,23.877,23.861,23.899,23.877,23.877,23.892,23.884,23.854,23.877,23.877,23.915,23.915,23.915,23.861,23.877,23.877,23.884,23.892,23.877,23.907,23.884,23.877,23.884,23.869,23.892,23.884,23.877,23.884,23.877,23.884,23.838,23.869,23.907,23.907,23.922,23.861,23.892,23.915,23.922,23.93,23.93,23.915,23.899,23.907,23.892,23.907,23.96,23.938,23.899,23.938,23.899,23.892,23.884,23.884,23.899,23.922,23.922,23.907,23.922,23.93,23.96,23.93,23.922,23.945,23.899,23.922,23.922,23.945,23.945,23.93,23.938,23.945,23.899,23.922,23.953,23.945,23.93,23.938,23.93,23.93,23.938,23.938,23.93,23.938,23.93,23.922,23.922,23.938,23.915,23.899,23.899,23.892,23.884,23.884,23.899,23.884,23.884,23.884,23.869,23.869,23.877,23.884,23.884,23.899,23.907,23.892,23.922,23.869,23.854,23.861,23.877,23.899,23.877,23.877,23.884,23.884,23.869,23.945,23.915,23.892,23.899,23.899,23.922,23.93,23.892,23.869,23.877,23.892,23.892,23.922,23.915,23.915,23.907,23.899,23.884,23.892,23.899,23.915,23.907,23.93,23.915,23.892,23.892,23.892,23.892,23.892,23.899,23.899,23.899,23.892,23.884,23.861,23.869,23.861,23.899,23.915,23.915,23.915,23.907,23.899,23.892,23.877,23.877,23.892,23.899,23.915,23.915,23.93,23.915,23.922,23.899,23.915,23.915,23.93,23.945,23.907,23.907,23.945,23.96,23.96,23.93,23.96,23.915,23.922,23.953,23.892,23.915,23.96,23.938,23.938,23.945,23.938,23.922,23.922,23.922,23.922,23.922,23.93,23.907,23.922,23.907,23.899,23.899,23.899,23.892,23.907,23.915,23.915,23.922,23.93,23.938,23.938,23.922,23.93,23.915,23.915,23.907,23.899,23.915,23.93,23.922,23.922,23.907,23.915,23.907,23.915,23.915,23.907,23.892,23.899,23.884,23.907,23.915,23.907,23.907,23.884,23.899,23.869,23.877,23.892,23.907,23.907,23.915,23.907,23.907,23.93,23.93,23.938,23.938,23.922,23.922,23.915,23.899,23.877,23.884,23.899,23.907,23.93,23.922,23.938,23.945,23.938,23.953,23.93,23.907,23.907,23.899,23.892,23.899,23.922,23.938,23.953,23.945,23.945,23.945,23.945,23.938,23.915,23.915,23.899,23.899,23.922,23.93,23.938,23.938,23.922,23.899,23.899,23.899,23.915,23.915,23.922,23.907,23.915,23.899,23.892,23.899,23.899,23.892,23.892,23.884,23.892,23.892,23.884,23.877,23.877,23.884,23.869,23.861,23.869,23.877,23.877,23.884,23.892,23.861,23.869,23.877,23.861,23.877,23.884,23.869,23.892,23.884,23.854,23.861,23.846,23.838,23.831,23.854,23.854,23.861,23.869,23.869,23.861,23.854,23.854,23.861,23.861,23.861,23.869,23.861,23.846,23.877,23.838,23.854,23.831,23.838,23.831,23.838,23.846,23.854,23.854,23.854,23.838,23.831,23.846,23.854,23.831,23.831,23.831,23.846,23.831,23.838,23.846,23.846,23.846,23.854,23.854,23.854,23.854,23.831,23.823,23.823,23.831,23.846,23.846,23.831,23.823,23.838,23.823,23.831,23.816,23.816,23.8,23.777,23.785,23.8,23.8,23.816,23.823,23.816,23.816,23.816,23.808,23.816,23.823,23.823,23.808,23.838,23.823,23.808,23.8,23.8,23.793,23.8,23.808,23.808,23.8,23.831,23.8,23.846,23.838,23.838,23.816,23.823,23.808,23.816,23.846,23.838,23.854,23.823,23.823,23.823,23.816,23.823,23.823,23.831,23.831,23.831,23.831,23.846,23.823,23.816,23.861,23.838,23.854,23.869,23.869,23.892,23.892,23.899,23.899,23.907,23.922,23.907,23.854,23.869,23.861,23.846,23.869,23.899,23.922,23.922,23.922,23.907,23.884,23.884,23.869,23.869,23.846,23.915,23.892,23.854,23.869,23.869,23.823,23.861,23.869,23.823,23.861,23.816,23.854,23.854,23.869,23.907,23.854,23.846,23.831,23.823,23.861,23.869,23.816,23.823,23.808,23.831,23.831,23.854,23.861,23.816,23.816,23.808,23.816,23.823,23.808,23.823,23.816,23.8,23.777,23.831,23.8,23.8,23.808,23.739,23.762,23.732,23.793,23.816,23.831,23.823,23.785,23.793,23.755,23.762,23.785,23.785,23.777,23.823,23.793,23.793,23.808,23.816,23.762,23.739,23.785,23.793,23.785,23.785,23.785,23.777,23.77,23.777,23.8,23.755,23.793,23.816,23.762,23.793,23.762,23.762,23.785,23.77,23.793,23.785,23.777,23.777,23.777,23.785,23.755,23.762,23.77,23.777,23.8,23.8,23.823,23.838,23.846,23.816,23.8,23.701,23.709,23.724,23.739,23.747,23.762,23.755,23.755,23.762,23.762,23.8,23.762,23.755,23.77,23.777,23.777,23.77,23.762,23.762,23.777,23.785,23.785,23.8,23.816,23.808,23.823,23.816,23.8,23.785,23.755,23.77,23.793,23.808,23.777,23.785,23.8,23.747,23.777,23.739,23.762,23.755,23.762,23.747,23.777,23.785,23.77,23.762,23.77,23.755,23.724,23.716,23.732,23.739,23.732,23.747,23.762,23.762,23.747,23.777,23.777,23.785,23.793,23.793,23.816,23.808,23.793,23.793,23.785,23.785,23.762,23.816
,23.877,23.869,23.854,23.861,23.884,23.877,23.846,23.892,23.854,23.877,23.884,23.861,23.899,23.899,23.922,23.884,23.892,23.861,23.869,23.861,23.877,23.823,23.869,23.861,23.877,23.892,23.877,23.884,23.877,23.899,23.861,23.877,23.869,23.93,23.884,23.877,23.892,23.899,23.907,23.892,23.892,23.892,23.869,23.922,23.915,23.915,23.869,23.899,23.892,23.938,23.915,23.907,23.922,23.907,23.93,23.915,23.938,23.953,23.945,23.922,23.953,23.877,23.892,23.915,23.915,23.922,23.938,23.899,23.922,23.93,23.922,23.93,23.922,23.93,23.93,23.93,23.96,23.945,23.953,23.93,23.953,23.915,23.877,23.938,23.922,23.945,23.938,23.953,23.938,23.953,23.945,23.945,23.938,23.922,23.907,23.922,23.938,23.93,23.915,23.922,23.892,23.869,23.899,23.869,23.892,23.907,23.884,23.899,23.877,23.877,23.846,23.877,23.861,23.884,23.877,23.915,23.922,23.899,23.892,23.884,23.869,23.877,23.861,23.884,23.877,23.869,23.877,23.899,23.907,23.899,23.907,23.915,23.899,23.907,23.915,23.899,23.884,23.869,23.861,23.877,23.907,23.899,23.907,23.907,23.907,23.899,23.892,23.899,23.915,23.892,23.899,23.922,23.899,23.892,23.899,23.892,23.884,23.899,23.877,23.892,23.884,23.877,23.884,23.877,23.884,23.907,23.899,23.922,23.915,23.907,23.899,23.884,23.884,23.892,23.907,23.93,23.93,23.907,23.922,23.922,23.907,23.907,23.907,23.922,23.922,23.915,23.922,23.892,23.915,23.93,23.907,23.907,23.922,23.945,23.915,23.93,23.915,23.953,23.938,23.938,23.938,23.938,23.938,23.93,23.93,23.922,23.922,23.938,23.938,23.899,23.907,23.899,23.899,23.915,23.907,23.907,23.922,23.915,23.915,23.922,23.922,23.945,23.93,23.938,23.93,23.915,23.907,23.892,23.892,23.899,23.915,23.915,23.899,23.907,23.892,23.907,23.922,23.922,23.915,23.922,23.915,23.93,23.899,23.938,23.899,23.899,23.907,23.907,23.907,23.884,23.892,23.899,23.907,23.915,23.899,23.907,23.915,23.938,23.96,23.945,23.938,23.915,23.922,23.907,23.899,23.907,23.899,23.892,23.922,23.915,23.93,23.938,23.93,23.938,23.915,23.892,23.899,23.892,23.884,23.892,23.922,23.93,23.938,23.938,23.945,23.938,23.93,23.922,23.899,23.892,23.884,23.892,23.93,23.922,23.915,23.938,23.877,23.884,23.877,23.915,23.899,23.922,23.915,23.892,23.899,23.915,23.884,23.899,23.899,23.892,23.892,23.892,23.884,23.884,23.877,23.877,23.884,23.877,23.877,23.861,23.877,23.892,23.884,23.892,23.877,23.869,23.892,23.877,23.877,23.869,23.869,23.877,23.884,23.884,23.892,23.861,23.846,23.846,23.846,23.838,23.846,23.846,23.861,23.846,23.854,23.869,23.861,23.861,23.861,23.861,23.861,23.861,23.892,23.869,23.846,23.838,23.846,23.838,23.846,23.861,23.861,23.854,23.846,23.838,23.846,23.846,23.831,23.831,23.838,23.831,23.831,23.823,23.838,23.846,23.838,23.838,23.838,23.854,23.854,23.854,23.846,23.838,23.816,23.831,23.808,23.838,23.846,23.831,23.846,23.831,23.808,23.816,23.808,23.808,23.8,23.777,23.793,23.8,23.823,23.808,23.846,23.823,23.808,23.785,23.785,23.808,23.8,23.816,23.816,23.823,23.823,23.8,23.785,23.8,23.785,23.777,23.823,23.823,23.831,23.816,23.816,23.831,23.838,23.846,23.816,23.816,23.816,23.831,23.831,23.854,23.854,23.823,23.823,23.831,23.831,23.823,23.816,23.823,23.831,23.831,23.823,23.823,23.823,23.816,23.816,23.838,23.831,23.869,23.892,23.892,23.892,23.899,23.899,23.915,23.922,23.907,23.892,23.861,23.869,23.861,23.884,23.899,23.907,23.907,23.922,23.907,23.899,23.884,23.877,23.877,23.854,23.884,23.869,23.869,23.877,23.854,23.854,23.869,23.877,23.869,23.877,23.877,23.861,23.877,23.869,23.869,23.854,23.831,23.846,23.808,23.8,23.808,23.816,23.823,23.816,23.823,23.793,23.838,23.846,23.823,23.793,23.8,23.823,23.8,23.838,23.777,23.762,23.808,23.77,23.785,23.762,23.785,23.793,23.777,23.716,23.77,23.77,23.831,23.838,23.8,23.785,23.793,23.777,23.785,23.8,23.8,23.8,23.808,23.816,23.777,23.816,23.793,23.777,23.77,23.8,23.793,23.8,23.8,23.793,23.785,23.777,23.816,23.816,23.777,23.816,23.823,23.762,23.762,23.777,23.77,23.785,23.777,23.785,23.777,23.785,23.777,23.762,23.762,23.762,23.77,23.762,23.785,23.793,23.793,23.8,23.831,23.816,23.793,23.739,23.732,23.716,23.732,23.739,23.747,23.755,23.762,23.762,23.755,23.77,23.77,23.755,23.747,23.785,23.77,23.755,23.785,23.77,23.777,23.762,23.785,23.785,23.816,23.793,23.793,23.816,23.77,23.762,23.777,23.762,23.755,23.77,23.77,23.762,23.793,23.8,23.8,23.77,23.793,23.838,23.816,23.77,23.747,23.755,23.755,23.762,23.77,23.755,23.739,23.747,23.755,23.724,23.732,23.732,23.747,23.77,23.755,23.777,23.747,23.762,23.77,23.8,23.8,23.785,23.77,23.816,23.785,23.785,23.8,23.755,23.77
,23.861,23.861,23.846,23.861,23.831,23.884,23.854,23.846,23.846,23.861,23.884,23.884,23.915,23.907,23.884,23.884,23.861,23.877,23.838,23.869,23.892,23.915,23.869,23.877,23.899,23.892,23.877,23.892,23.907,23.907,23.899,23.884,23.877,23.899,23.907,23.884,23.899,23.892,23.899,23.899,23.877,23.907,23.861,23.907,23.899,23.915,23.884,23.922,23.899,23.915,23.915,23.915,23.922,23.899,23.915,23.945,23.922,23.938,23.892,23.899,23.915,23.831,23.846,23.907,23.899,23.922,23.915,23.915,23.907,23.915,23.953,23.93,23.953,23.945,23.938,23.953,23.968,23.976,23.953,23.938,23.938,23.899,23.922,23.93,23.96,23.945,23.93,23.945,23.953,23.945,23.945,23.938,23.93,23.915,23.915,23.922,23.922,23.907,23.922,23.915,23.899,23.899,23.877,23.877,23.869,23.907,23.915,23.899,23.877,23.854,23.861,23.861,23.884,23.892,23.884,23.899,23.884,23.915,23.892,23.884,23.846,23.861,23.892,23.884,23.884,23.884,23.877,23.869,23.884,23.884,23.93,23.915,23.907,23.899,23.892,23.877,23.877,23.854,23.861,23.892,23.922,23.915,23.93,23.915,23.884,23.892,23.899,23.884,23.899,23.915,23.907,23.899,23.869,23.892,23.877,23.877,23.877,23.899,23.892,23.892,23.884,23.869,23.899,23.877,23.892,23.899,23.915,23.93,23.938,23.907,23.899,23.899,23.892,23.899,23.915,23.93,23.907,23.915,23.93,23.892,23.899,23.907,23.907,23.922,23.892,23.899,23.945,23.945,23.976,23.938,23.884,23.899,23.938,23.915,23.907,23.922,23.915,23.915,23.945,23.938,23.93,23.93,23.945,23.938,23.938,23.945,23.93,23.915,23.907,23.907,23.899,23.915,23.899,23.907,23.915,23.907,23.922,23.915,23.938,23.915,23.938,23.93,23.945,23.938,23.93,23.915,23.899,23.899,23.907,23.915,23.899,23.907,23.892,23.884,23.892,23.899,23.915,23.938,23.922,23.922,23.945,23.938,23.945,23.922,23.907,23.922,23.892,23.922,23.915,23.907,23.915,23.922,23.915,23.899,23.899,23.915,23.915,23.938,23.945,23.945,23.93,23.938,23.93,23.922,23.899,23.899,23.892,23.899,23.907,23.922,23.938,23.953,23.953,23.96,23.922,23.915,23.945,23.899,23.892,23.892,23.93,23.93,23.938,23.938,23.938,23.93,23.938,23.915,23.892,23.877,23.884,23.884,23.907,23.922,23.938,23.907,23.892,23.899,23.884,23.899,23.892,23.884,23.877,23.892,23.869,23.907,23.915,23.899,23.884,23.884,23.892,23.884,23.877,23.899,23.892,23.884,23.884,23.877,23.884,23.892,23.869,23.869,23.869,23.877,23.877,23.854,23.877,23.884,23.884,23.899,23.884,23.892,23.899,23.899,23.892,23.869,23.869,23.854,23.838,23.846,23.854,23.854,23.877,23.869,23.877,23.861,23.854,23.861,23.861,23.861,23.854,23.861,23.861,23.861,23.869,23.846,23.861,23.846,23.846,23.854,23.854,23.869,23.846,23.877,23.846,23.846,23.838,23.831,23.838,23.838,23.838,23.838,23.846,23.854,23.846,23.846,23.846,23.854,23.861,23.861,23.854,23.861,23.831,23.846,23.823,23.831,23.838,23.831,23.831,23.823,23.808,23.823,23.816,23.816,23.8,23.808,23.793,23.808,23.808,23.808,23.816,23.816,23.808,23.793,23.793,23.8,23.8,23.823,23.823,23.831,23.816,23.808,23.793,23.8,23.777,23.77,23.831,23.831,23.823,23.831,23.846,23.831,23.846,23.816,23.816,23.816,23.785,23.808,23.8,23.8,23.838,23.838,23.831,23.823,23.831,23.831,23.831,23.838,23.831,23.831,23.838,23.838,23.831,23.831,23.831,23.846,23.846,23.869,23.892,23.892,23.899,23.899,23.907,23.907,23.915,23.915,23.892,23.869,23.869,23.877,23.869,23.907,23.915,23.915,23.915,23.892,23.899,23.884,23.884,23.877,23.899,23.869,23.861,23.869,23.869,23.884,23.869,23.854,23.884,23.861,23.838,23.831,23.846,23.877,23.861,23.861,23.869,23.823,23.8,23.816,23.8,23.793,23.808,23.808,23.816,23.823,23.838,23.823,23.823,23.777,23.785,23.777,23.816,23.793,23.838,23.777,23.823,23.808,23.785,23.77,23.77,23.793,23.793,23.762,23.777,23.739,23.755,23.8,23.816,23.823,23.793,23.808,23.8,23.77,23.793,23.793,23.785,23.823,23.808,23.777,23.777,23.785,23.793,23.8,23.793,23.8,23.785,23.77,23.77,23.77,23.777,23.808,23.793,23.831,23.838,23.777,23.755,23.793,23.739,23.732,23.77,23.755,23.77,23.793,23.777,23.785,23.808,23.785,23.762,23.777,23.77,23.777,23.785,23.808,23.793,23.816,23.816,23.793,23.777,23.739,23.732,23.716,23.739,23.747,23.77,23.77,23.777,23.77,23.732,23.762,23.739,23.77,23.77,23.777,23.762,23.785,23.747,23.747,23.777,23.823,23.793,23.808,23.785,23.785,23.785,23.808,23.777,23.762,23.747,23.77,23.793,23.762,23.777,23.793,23.777,23.785,23.793,23.785,23.785,23.77,23.785,23.747,23.739,23.755,23.747,23.762,23.777,23.732,23.762,23.762,23.739,23.747,23.755,23.762,23.762,23.755,23.739,23.747,23.793,23.8,23.8,23.793,23.793,23.816,23.808,23.747,23.739,23.777,23.77,23.747
,23.861,23.854,23.861,23.846,23.838,23.869,23.877,23.831,23.877,23.861,23.854,23.884,23.869,23.892,23.892,23.861,23.869,23.846,23.861,23.915,23.869,23.899,23.93,23.907,23.892,23.861,23.884,23.869,23.892,23.884,23.877,23.907,23.915,23.915,23.899,23.877,23.899,23.899,23.892,23.884,23.877,23.838,23.869,23.907,23.869,23.892,23.877,23.922,23.922,23.915,23.892,23.899,23.884,23.892,23.915,23.945,23.953,23.938,23.899,23.892,23.907,23.922,23.907,23.93,23.93,23.922,23.93,23.93,23.938,23.915,23.96,23.968,23.953,23.938,23.922,23.945,23.976,23.991,23.998,24.006,23.907,23.899,23.892,23.938,23.93,23.938,23.938,23.938,23.938,23.938,23.93,23.922,23.922,23.907,23.907,23.899,23.854,23.884,23.892,23.899,23.892,23.892,23.884,23.884,23.892,23.884,23.892,23.899,23.884,23.869,23.854,23.861,23.877,23.884,23.877,23.892,23.869,23.869,23.869,23.861,23.892,23.869,23.899,23.877,23.877,23.861,23.861,23.884,23.877,23.899,23.899,23.899,23.899,23.899,23.899,23.892,23.884,23.884,23.884,23.899,23.899,23.93,23.915,23.922,23.922,23.907,23.892,23.892,23.907,23.915,23.899,23.907,23.899,23.884,23.877,23.869,23.892,23.892,23.892,23.907,23.877,23.884,23.892,23.877,23.899,23.899,23.922,23.907,23.922,23.922,23.907,23.877,23.899,23.907,23.93,23.899,23.907,23.884,23.877,23.892,23.892,23.899,23.899,23.907,23.922,23.915,23.93,23.922,23.93,23.93,23.907,23.922,23.922,23.907,23.907,23.922,23.907,23.922,23.915,23.915,23.899,23.93,23.945,23.945,23.938,23.938,23.922,23.922,23.899,23.922,23.93,23.907,23.922,23.915,23.915,23.93,23.915,23.938,23.922,23.922,23.968,23.93,23.938,23.915,23.93,23.907,23.915,23.907,23.892,23.907,23.907,23.899,23.899,23.877,23.892,23.892,23.899,23.915,23.922,23.922,23.915,23.938,23.922,23.922,23.922,23.922,23.915,23.938,23.922,23.922,23.907,23.907,23.93,23.907,23.907,23.907,23.922,23.93,23.945,23.938,23.953,23.945,23.938,23.938,23.907,23.915,23.884,23.899,23.922,23.93,23.938,23.938,23.945,23.938,23.93,23.938,23.907,23.922,23.884,23.915,23.922,23.93,23.945,23.953,23.945,23.922,23.922,23.899,23.892,23.892,23.877,23.907,23.915,23.93,23.899,23.884,23.899,23.884,23.892,23.907,23.892,23.899,23.892,23.877,23.915,23.907,23.915,23.915,23.899,23.884,23.877,23.869,23.869,23.899,23.892,23.884,23.884,23.877,23.884,23.869,23.877,23.892,23.861,23.869,23.884,23.877,23.877,23.892,23.869,23.892,23.899,23.907,23.899,23.899,23.892,23.884,23.869,23.846,23.846,23.846,23.869,23.869,23.861,23.846,23.846,23.861,23.861,23.861,23.861,23.861,23.861,23.861,23.892,23.861,23.877,23.861,23.861,23.861,23.854,23.869,23.861,23.831,23.846,23.854,23.838,23.846,23.854,23.846,23.846,23.854,23.854,23.854,23.854,23.861,23.854,23.854,23.854,23.861,23.861,23.869,23.861,23.831,23.846,23.838,23.808,23.854,23.816,23.816,23.831,23.816,23.816,23.831,23.823,23.816,23.785,23.785,23.816,23.8,23.831,23.838,23.823,23.785,23.77,23.785,23.77,23.793,23.831,23.831,23.823,23.816,23.823,23.816,23.8,23.808,23.808,23.8,23.808,23.831,23.831,23.861,23.846,23.823,23.846,23.846,23.831,23.823,23.823,23.808,23.793,23.816,23.854,23.816,23.861,23.831,23.823,23.854,23.854,23.838,23.846,23.838,23.838,23.838,23.838,23.846,23.846,23.854,23.869,23.877,23.884,23.899,23.899,23.907,23.915,23.899,23.915,23.892,23.877,23.877,23.861,23.846,23.854,23.869,23.823,23.892,23.915,23.877,23.915,23.884,23.861,23.869,23.869,23.884,23.884,23.877,23.861,23.861,23.869,23.869,23.854,23.838,23.838,23.861,23.861,23.884,23.869,23.877,23.861,23.854,23.823,23.861,23.785,23.831,23.823,23.831,23.838,23.838,23.823,23.8,23.808,23.8,23.808,23.816,23.816,23.846,23.777,23.823,23.762,23.747,23.755,23.777,23.755,23.747,23.762,23.77,23.785,23.777,23.816,23.808,23.808,23.823,23.785,23.8,23.77,23.77,23.8,23.793,23.808,23.8,23.77,23.785,23.777,23.793,23.8,23.8,23.785,23.8,23.777,23.762,23.77,23.777,23.8,23.8,23.808,23.808,23.793,23.77,23.777,23.709,23.755,23.777,23.762,23.785,23.793,23.793,23.785,23.793,23.785,23.793,23.785,23.777,23.777,23.77,23.793,23.8,23.785,23.808,23.777,23.823,23.762,23.77,23.747,23.732,23.762,23.755,23.777,23.785,23.755,23.785,23.739,23.755,23.732,23.739,23.739,23.777,23.747,23.762,23.762,23.762,23.793,23.777,23.808,23.785,23.785,23.762,23.785,23.777,23.77,23.762,23.785,23.755,23.77,23.77,23.77,23.777,23.777,23.793,23.793,23.8,23.755,23.732,23.732,23.8,23.739,23.762,23.755,23.732,23.739,23.755,23.755,23.709,23.739,23.747,23.739,23.762,23.755,23.755,23.762,23.777,23.808,23.8,23.785,23.785,23.777,23.816,23.762,23.732,23.793,23.816,23.755,23.716
,23.884,23.854,23.846,23.846,23.877,23.846,23.846,23.854,23.831,23.846,23.877,23.869,23.869,23.899,23.869,23.854,23.869,23.884,23.915,23.907,23.922,23.907,23.907,23.945,23.861,23.892,23.877,23.899,23.877,23.892,23.899,23.899,23.922,23.93,23.861,23.854,23.899,23.884,23.899,23.884,23.899,23.869,23.907,23.854,23.907,23.877,23.892,23.915,23.915,23.907,23.884,23.869,23.899,23.93,23.907,23.915,23.922,23.922,23.93,23.877,23.899,23.907,23.907,23.899,23.93,23.938,23.938,23.915,23.907,23.915,23.922,23.945,23.953,23.945,23.945,23.968,23.983,23.983,23.976,23.991,23.93,23.922,23.892,23.892,23.953,23.945,23.945,23.93,23.922,23.915,23.915,23.915,23.915,23.892,23.892,23.884,23.892,23.861,23.846,23.861,23.861,23.869,23.884,23.861,23.869,23.884,23.861,23.877,23.884,23.869,23.877,23.854,23.884,23.884,23.877,23.892,23.877,23.854,23.892,23.861,23.884,23.899,23.877,23.899,23.892,23.877,23.869,23.861,23.861,23.877,23.892,23.892,23.892,23.907,23.877,23.884,23.884,23.884,23.899,23.915,23.915,23.938,23.945,23.915,23.907,23.899,23.884,23.899,23.892,23.899,23.915,23.899,23.884,23.892,23.854,23.877,23.877,23.915,23.922,23.899,23.869,23.884,23.884,23.884,23.899,23.899,23.884,23.915,23.922,23.915,23.915,23.892,23.907,23.899,23.869,23.922,23.915,23.907,23.884,23.884,23.884,23.892,23.892,23.892,23.915,23.93,23.93,23.922,23.915,23.915,23.922,23.915,23.907,23.907,23.915,23.915,23.922,23.915,23.907,23.907,23.915,23.93,23.953,23.938,23.945,23.96,23.922,23.938,23.899,23.907,23.93,23.922,23.922,23.915,23.915,23.922,23.922,23.93,23.976,23.907,23.93,23.93,23.922,23.915,23.907,23.922,23.907,23.892,23.907,23.899,23.899,23.907,23.884,23.892,23.915,23.884,23.899,23.915,23.915,23.922,23.945,23.922,23.922,23.922,23.915,23.922,23.922,23.93,23.915,23.922,23.93,23.922,23.93,23.922,23.93,23.922,23.93,23.93,23.945,23.915,23.945,23.968,23.938,23.938,23.922,23.915,23.899,23.892,23.907,23.93,23.93,23.938,23.945,23.922,23.938,23.907,23.922,23.907,23.907,23.907,23.922,23.938,23.945,23.953,23.945,23.938,23.915,23.899,23.884,23.877,23.884,23.907,23.915,23.93,23.915,23.892,23.907,23.892,23.907,23.884,23.884,23.892,23.877,23.892,23.915,23.915,23.899,23.915,23.899,23.877,23.884,23.899,23.877,23.892,23.892,23.892,23.877,23.877,23.884,23.877,23.884,23.892,23.884,23.869,23.877,23.869,23.877,23.884,23.877,23.899,23.899,23.899,23.899,23.892,23.884,23.877,23.869,23.861,23.854,23.854,23.861,23.846,23.831,23.846,23.846,23.854,23.861,23.861,23.861,23.861,23.861,23.861,23.854,23.861,23.869,23.854,23.861,23.869,23.861,23.869,23.846,23.846,23.869,23.838,23.846,23.846,23.838,23.846,23.838,23.838,23.846,23.854,23.854,23.854,23.861,23.854,23.861,23.861,23.861,23.861,23.861,23.854,23.823,23.816,23.816,23.816,23.8,23.808,23.808,23.816,23.838,23.823,23.808,23.823,23.831,23.831,23.823,23.831,23.808,23.838,23.8,23.808,23.793,23.762,23.793,23.793,23.8,23.823,23.838,23.823,23.823,23.823,23.823,23.831,23.8,23.8,23.808,23.816,23.816,23.846,23.838,23.846,23.854,23.831,23.816,23.823,23.831,23.816,23.823,23.823,23.8,23.831,23.823,23.831,23.838,23.846,23.831,23.861,23.831,23.846,23.854,23.854,23.854,23.846,23.854,23.854,23.869,23.877,23.877,23.884,23.899,23.915,23.907,23.899,23.899,23.877,23.892,23.877,23.869,23.869,23.877,23.869,23.861,23.869,23.907,23.899,23.907,23.907,23.869,23.869,23.877,23.884,23.884,23.877,23.854,23.854,23.854,23.823,23.846,23.838,23.831,23.846,23.869,23.877,23.869,23.877,23.846,23.831,23.846,23.8,23.77,23.77,23.816,23.838,23.838,23.831,23.823,23.823,23.785,23.8,23.8,23.831,23.8,23.854,23.816,23.724,23.777,23.747,23.762,23.755,23.762,23.762,23.755,23.77,23.777,23.8,23.816,23.8,23.793,23.793,23.793,23.793,23.793,23.777,23.762,23.77,23.747,23.77,23.762,23.77,23.762,23.762,23.793,23.793,23.793,23.8,23.77,23.755,23.793,23.747,23.785,23.777,23.808,23.793,23.777,23.77,23.724,23.739,23.724,23.755,23.77,23.8,23.77,23.785,23.793,23.8,23.8,23.777,23.785,23.785,23.785,23.785,23.777,23.8,23.816,23.77,23.785,23.777,23.785,23.747,23.747,23.747,23.762,23.77,23.77,23.808,23.77,23.785,23.755,23.747,23.716,23.716,23.739,23.747,23.777,23.785,23.808,23.8,23.785,23.8,23.8,23.793,23.762,23.77,23.755,23.762,23.77,23.808,23.777,23.762,23.77,23.755,23.755,23.77,23.77,23.77,23.808,23.77,23.762,23.739,23.77,23.732,23.755,23.732,23.762,23.747,23.762,23.762,23.755,23.739,23.732,23.701,23.77,23.739,23.77,23.762,23.785,23.785,23.762,23.777,23.777,23.808,23.808,23.77,23.777,23.747,23.777,23.755,23.777,23.724
,23.861,23.869,23.838,23.846,23.831,23.861,23.846,23.869,23.846,23.869,23.846,23.854,23.861,23.877,23.854,23.869,23.884,23.877,23.907,23.915,23.915,23.93,23.892,23.884,23.899,23.922,23.899,23.854,23.922,23.96,23.922,23.892,23.907,23.869,23.846,23.869,23.892,23.892,23.877,23.884,23.892,23.884,23.884,23.846,23.869,23.877,23.892,23.884,23.877,23.915,23.831,23.869,23.892,23.915,23.968,23.93,23.938,23.899,23.899,23.884,23.884,23.915,23.892,23.945,23.96,23.96,23.922,23.93,23.93,23.93,23.899,23.938,23.938,23.953,23.93,23.945,23.976,23.983,23.976,23.953,23.922,23.938,23.884,23.899,23.945,23.93,23.938,23.922,23.915,23.899,23.892,23.892,23.892,23.892,23.861,23.869,23.869,23.861,23.854,23.869,23.861,23.877,23.854,23.877,23.854,23.869,23.861,23.808,23.846,23.854,23.846,23.869,23.892,23.892,23.892,23.884,23.884,23.854,23.877,23.884,23.892,23.892,23.899,23.892,23.892,23.892,23.877,23.869,23.861,23.869,23.884,23.884,23.915,23.892,23.884,23.877,23.892,23.892,23.922,23.93,23.938,23.938,23.938,23.922,23.915,23.877,23.899,23.899,23.892,23.899,23.907,23.884,23.861,23.869,23.854,23.877,23.899,23.892,23.907,23.945,23.884,23.899,23.899,23.892,23.907,23.877,23.884,23.907,23.892,23.922,23.892,23.899,23.892,23.907,23.93,23.884,23.869,23.861,23.869,23.877,23.869,23.884,23.892,23.915,23.907,23.907,23.93,23.93,23.922,23.915,23.899,23.915,23.922,23.915,23.915,23.93,23.899,23.915,23.938,23.907,23.922,23.938,23.945,23.945,23.96,23.953,23.915,23.907,23.938,23.953,23.938,23.953,23.938,23.93,23.93,23.93,23.945,23.968,23.945,23.945,23.945,23.922,23.922,23.915,23.899,23.899,23.915,23.915,23.907,23.922,23.907,23.93,23.922,23.892,23.899,23.915,23.907,23.907,23.907,23.907,23.938,23.922,23.915,23.922,23.915,23.922,23.915,23.93,23.93,23.922,23.938,23.93,23.945,23.938,23.93,23.938,23.907,23.93,23.907,23.938,23.968,23.945,23.945,23.938,23.93,23.907,23.892,23.899,23.915,23.915,23.915,23.922,23.93,23.922,23.93,23.93,23.915,23.938,23.915,23.938,23.93,23.922,23.953,23.968,23.945,23.938,23.915,23.907,23.899,23.907,23.899,23.93,23.899,23.922,23.922,23.922,23.922,23.915,23.907,23.877,23.892,23.892,23.884,23.884,23.922,23.899,23.915,23.93,23.915,23.892,23.884,23.899,23.915,23.93,23.915,23.892,23.884,23.884,23.884,23.869,23.884,23.899,23.899,23.877,23.884,23.869,23.884,23.884,23.884,23.884,23.907,23.892,23.884,23.884,23.877,23.877,23.869,23.861,23.861,23.861,23.861,23.869,23.877,23.869,23.854,23.861,23.861,23.869,23.861,23.861,23.861,23.854,23.846,23.854,23.861,23.861,23.861,23.877,23.869,23.869,23.884,23.877,23.877,23.854,23.854,23.854,23.854,23.854,23.838,23.861,23.846,23.861,23.861,23.854,23.861,23.869,23.869,23.854,23.861,23.854,23.854,23.846,23.838,23.808,23.808,23.8,23.793,23.793,23.816,23.8,23.831,23.838,23.838,23.823,23.823,23.816,23.838,23.838,23.846,23.808,23.823,23.808,23.793,23.8,23.808,23.808,23.808,23.823,23.838,23.838,23.838,23.846,23.831,23.831,23.823,23.816,23.823,23.831,23.838,23.846,23.838,23.846,23.846,23.838,23.823,23.823,23.823,23.823,23.831,23.816,23.823,23.816,23.816,23.838,23.846,23.854,23.869,23.831,23.884,23.831,23.861,23.854,23.869,23.869,23.869,23.869,23.869,23.877,23.877,23.884,23.877,23.892,23.899,23.907,23.899,23.884,23.861,23.854,23.846,23.854,23.846,23.869,23.877,23.884,23.915,23.915,23.899,23.884,23.899,23.899,23.907,23.899,23.877,23.869,23.854,23.838,23.831,23.816,23.808,23.831,23.823,23.846,23.861,23.861,23.877,23.854,23.861,23.846,23.831,23.823,23.8,23.8,23.838,23.808,23.838,23.823,23.816,23.823,23.823,23.808,23.823,23.8,23.816,23.8,23.816,23.8,23.8,23.793,23.785,23.762,23.762,23.77,23.777,23.77,23.785,23.793,23.785,23.785,23.8,23.816,23.816,23.785,23.77,23.762,23.8,23.777,23.777,23.793,23.777,23.793,23.785,23.77,23.808,23.816,23.8,23.823,23.793,23.785,23.755,23.755,23.8,23.777,23.77,23.816,23.793,23.77,23.762,23.755,23.77,23.77,23.777,23.785,23.785,23.816,23.823,23.808,23.808,23.808,23.808,23.808,23.8,23.8,23.823,23.793,23.816,23.808,23.777,23.755,23.755,23.739,23.747,23.747,23.732,23.755,23.762,23.777,23.777,23.777,23.777,23.762,23.755,23.716,23.747,23.762,23.777,23.793,23.777,23.777,23.816,23.846,23.777,23.793,23.732,23.755,23.762,23.777,23.793,23.77,23.793,23.777,23.77,23.785,23.755,23.77,23.77,23.777,23.762,23.77,23.739,23.747,23.739,23.739,23.739,23.724,23.747,23.808,23.793,23.755,23.747,23.77,23.739,23.777,23.785,23.777,23.793,23.77,23.755,23.793,23.785,23.8,23.808,23.816,23.816,23.785,23.808,23.762,23.755,23.77,23.747,23.755
,23.892,23.877,23.831,23.838,23.831,23.846,23.816,23.869,23.877,23.854,23.869,23.808,23.854,23.877,23.846,23.854,23.861,23.892,23.892,23.922,23.938,23.907,23.892,23.869,23.877,23.877,23.838,23.861,23.869,23.884,23.907,23.907,23.922,23.877,23.899,23.846,23.892,23.899,23.892,23.907,23.915,23.877,23.869,23.869,23.861,23.869,23.877,23.892,23.869,23.854,23.915,23.93,23.899,23.991,23.915,23.907,23.915,23.899,23.899,23.907,23.938,23.907,23.938,23.945,23.953,23.96,23.915,23.907,23.922,23.915,23.915,23.915,23.899,23.93,23.968,23.922,23.945,23.96,23.907,23.976,23.945,23.93,23.945,23.915,23.915,23.922,23.93,23.907,23.899,23.899,23.884,23.892,23.884,23.907,23.877,23.877,23.884,23.877,23.831,23.899,23.884,23.884,23.877,23.846,23.854,23.861,23.884,23.877,23.877,23.846,23.892,23.869,23.854,23.899,23.877,23.899,23.869,23.877,23.869,23.869,23.869,23.892,23.892,23.892,23.892,23.892,23.884,23.884,23.861,23.861,23.869,23.892,23.907,23.907,23.892,23.877,23.884,23.899,23.938,23.93,23.938,23.945,23.922,23.93,23.938,23.907,23.907,23.899,23.892,23.884,23.915,23.884,23.877,23.884,23.877,23.854,23.899,23.899,23.915,23.922,23.899,23.899,23.884,23.915,23.915,23.892,23.899,23.899,23.892,23.899,23.899,23.877,23.877,23.861,23.869,23.861,23.892,23.877,23.877,23.884,23.869,23.877,23.884,23.899,23.899,23.907,23.915,23.892,23.907,23.907,23.884,23.884,23.892,23.899,23.93,23.93,23.922,23.922,23.938,23.922,23.93,23.945,23.922,23.93,23.938,23.922,23.93,23.922,23.922,23.968,23.96,23.945,23.953,23.922,23.93,23.945,23.96,23.968,23.968,23.938,23.976,23.938,23.922,23.938,23.892,23.877,23.892,23.915,23.915,23.915,23.922,23.907,23.922,23.945,23.93,23.922,23.892,23.907,23.922,23.915,23.922,23.922,23.922,23.915,23.915,23.93,23.907,23.922,23.922,23.922,23.93,23.93,23.922,23.938,23.96,23.93,23.938,23.938,23.96,23.915,23.93,23.96,23.945,23.938,23.93,23.907,23.915,23.899,23.899,23.915,23.922,23.922,23.915,23.93,23.938,23.938,23.953,23.93,23.922,23.922,23.93,23.945,23.96,23.96,23.96,23.945,23.922,23.907,23.907,23.884,23.907,23.922,23.938,23.93,23.915,23.915,23.892,23.899,23.915,23.907,23.899,23.907,23.869,23.877,23.899,23.892,23.907,23.899,23.915,23.922,23.899,23.899,23.892,23.907,23.899,23.884,23.892,23.869,23.869,23.869,23.884,23.892,23.892,23.877,23.877,23.884,23.877,23.884,23.884,23.877,23.892,23.892,23.892,23.869,23.869,23.861,23.861,23.869,23.861,23.861,23.869,23.869,23.869,23.869,23.861,23.861,23.861,23.861,23.877,23.869,23.869,23.861,23.838,23.838,23.846,23.854,23.861,23.861,23.846,23.854,23.892,23.869,23.831,23.877,23.861,23.861,23.854,23.838,23.831,23.831,23.846,23.846,23.861,23.869,23.869,23.846,23.838,23.861,23.838,23.846,23.838,23.831,23.823,23.8,23.793,23.785,23.785,23.8,23.793,23.823,23.816,23.854,23.846,23.831,23.823,23.808,23.808,23.854,23.808,23.823,23.808,23.793,23.8,23.793,23.793,23.808,23.808,23.831,23.838,23.831,23.838,23.846,23.831,23.831,23.831,23.823,23.831,23.846,23.831,23.831,23.838,23.831,23.831,23.854,23.823,23.808,23.838,23.846,23.831,23.823,23.8,23.831,23.808,23.831,23.861,23.831,23.823,23.831,23.785,23.877,23.877,23.884,23.884,23.877,23.869,23.869,23.869,23.861,23.869,23.877,23.877,23.899,23.892,23.861,23.884,23.861,23.861,23.838,23.838,23.854,23.854,23.869,23.854,23.877,23.915,23.915,23.907,23.899,23.899,23.899,23.861,23.877,23.861,23.854,23.831,23.816,23.808,23.8,23.8,23.861,23.816,23.838,23.861,23.861,23.854,23.884,23.861,23.869,23.838,23.823,23.777,23.838,23.838,23.831,23.846,23.808,23.823,23.854,23.846,23.823,23.816,23.808,23.816,23.77,23.777,23.793,23.777,23.755,23.785,23.77,23.755,23.77,23.77,23.77,23.785,23.8,23.793,23.8,23.808,23.808,23.816,23.8,23.77,23.785,23.785,23.777,23.777,23.77,23.762,23.755,23.762,23.8,23.777,23.8,23.816,23.8,23.793,23.777,23.793,23.777,23.785,23.8,23.8,23.785,23.777,23.755,23.777,23.777,23.77,23.8,23.8,23.793,23.808,23.838,23.816,23.793,23.8,23.793,23.793,23.8,23.8,23.8,23.831,23.8,23.831,23.823,23.793,23.77,23.755,23.739,23.755,23.747,23.755,23.777,23.77,23.785,23.77,23.777,23.77,23.747,23.755,23.709,23.777,23.785,23.777,23.755,23.831,23.808,23.816,23.785,23.785,23.755,23.762,23.732,23.77,23.8,23.793,23.785,23.785,23.777,23.816,23.816,23.785,23.747,23.739,23.762,23.747,23.739,23.777,23.8,23.732,23.777,23.747,23.762,23.785,23.762,23.755,23.77,23.755,23.785,23.77,23.777,23.762,23.77,23.793,23.777,23.785,23.785,23.77,23.793,23.793,23.755,23.8,23.747,23.793,23.831,23.777,23.777,23.762,23.755
,23.762,23.816,23.884,23.838,23.846,23.838,23.854,23.854,23.869,23.854,23.877,23.816,23.861,23.877,23.892,23.892,23.892,23.907,23.892,23.953,23.915,23.899,23.899,23.861,23.854,23.846,23.922,23.869,23.96,23.922,23.907,23.93,23.93,23.907,23.846,23.846,23.884,23.907,23.907,23.938,23.899,23.93,23.877,23.854,23.854,23.861,23.869,23.877,23.846,23.907,23.915,23.899,23.899,23.907,23.899,23.907,23.915,23.884,23.922,23.93,23.892,23.922,23.915,23.938,23.953,23.93,23.922,23.907,23.892,23.892,23.892,23.899,23.907,23.953,23.968,23.922,23.968,23.938,23.945,23.907,23.884,23.892,23.922,23.938,23.938,23.922,23.922,23.907,23.907,23.892,23.892,23.892,23.899,23.877,23.884,23.892,23.892,23.892,23.907,23.892,23.831,23.854,23.838,23.838,23.854,23.877,23.884,23.877,23.854,23.869,23.823,23.846,23.861,23.884,23.892,23.907,23.854,23.884,23.884,23.877,23.884,23.877,23.892,23.899,23.892,23.892,23.899,23.884,23.884,23.877,23.884,23.877,23.907,23.907,23.884,23.884,23.884,23.884,23.93,23.915,23.922,23.915,23.907,23.922,23.884,23.922,23.907,23.884,23.884,23.877,23.877,23.869,23.861,23.892,23.892,23.899,23.915,23.922,23.915,23.899,23.907,23.915,23.899,23.922,23.899,23.93,23.884,23.938,23.93,23.899,23.861,23.884,23.869,23.877,23.877,23.869,23.884,23.892,23.884,23.892,23.869,23.884,23.884,23.907,23.892,23.915,23.93,23.93,23.854,23.869,23.884,23.884,23.907,23.892,23.899,23.915,23.915,23.93,23.938,23.938,23.945,23.945,23.945,23.93,23.922,23.915,23.907,23.938,23.915,23.945,23.938,23.968,23.938,23.938,23.938,23.953,23.945,23.953,23.968,23.968,23.945,23.922,23.922,23.907,23.915,23.899,23.938,23.899,23.915,23.938,23.922,23.938,23.93,23.945,23.96,23.938,23.915,23.892,23.93,23.922,23.922,23.938,23.93,23.915,23.899,23.922,23.907,23.915,23.922,23.922,23.93,23.93,23.938,23.96,23.945,23.93,23.938,23.93,23.922,23.915,23.938,23.938,23.945,23.93,23.93,23.915,23.907,23.899,23.907,23.907,23.915,23.93,23.922,23.93,23.93,23.945,23.938,23.945,23.93,23.922,23.922,23.93,23.96,23.968,23.968,23.945,23.938,23.915,23.899,23.915,23.922,23.915,23.938,23.93,23.915,23.93,23.892,23.907,23.907,23.892,23.884,23.869,23.884,23.884,23.869,23.884,23.899,23.899,23.93,23.892,23.884,23.907,23.892,23.899,23.907,23.899,23.892,23.877,23.861,23.861,23.884,23.869,23.892,23.892,23.877,23.877,23.869,23.861,23.861,23.869,23.892,23.877,23.877,23.869,23.861,23.846,23.861,23.854,23.861,23.869,23.854,23.869,23.869,23.869,23.861,23.861,23.861,23.854,23.854,23.854,23.846,23.831,23.823,23.838,23.838,23.854,23.854,23.884,23.869,23.877,23.899,23.884,23.854,23.877,23.861,23.869,23.861,23.854,23.846,23.838,23.846,23.846,23.854,23.854,23.838,23.861,23.861,23.846,23.831,23.838,23.831,23.823,23.816,23.8,23.785,23.785,23.777,23.808,23.793,23.816,23.846,23.869,23.831,23.831,23.823,23.808,23.823,23.816,23.816,23.823,23.8,23.785,23.808,23.793,23.823,23.816,23.816,23.816,23.831,23.831,23.846,23.838,23.838,23.838,23.823,23.838,23.831,23.854,23.846,23.846,23.838,23.854,23.869,23.816,23.816,23.831,23.831,23.838,23.838,23.823,23.823,23.8,23.831,23.816,23.854,23.838,23.831,23.838,23.785,23.854,23.854,23.877,23.884,23.884,23.869,23.854,23.869,23.869,23.869,23.899,23.869,23.884,23.884,23.869,23.877,23.884,23.854,23.846,23.838,23.846,23.846,23.877,23.869,23.907,23.892,23.907,23.915,23.907,23.899,23.877,23.884,23.869,23.854,23.846,23.816,23.8,23.8,23.793,23.831,23.838,23.831,23.831,23.846,23.838,23.846,23.838,23.838,23.846,23.831,23.831,23.808,23.831,23.8,23.793,23.808,23.816,23.823,23.808,23.846,23.816,23.831,23.793,23.793,23.777,23.808,23.777,23.808,23.808,23.77,23.785,23.785,23.777,23.793,23.823,23.793,23.77,23.793,23.8,23.808,23.808,23.8,23.77,23.785,23.762,23.762,23.762,23.762,23.77,23.77,23.777,23.777,23.785,23.816,23.831,23.816,23.8,23.8,23.777,23.785,23.777,23.785,23.785,23.8,23.777,23.762,23.777,23.785,23.77,23.785,23.8,23.777,23.823,23.816,23.785,23.793,23.793,23.785,23.777,23.785,23.8,23.785,23.823,23.816,23.8,23.816,23.816,23.8,23.785,23.755,23.747,23.739,23.739,23.747,23.77,23.739,23.762,23.755,23.762,23.77,23.77,23.755,23.747,23.777,23.785,23.785,23.793,23.816,23.816,23.785,23.777,23.785,23.762,23.747,23.838,23.8,23.777,23.793,23.777,23.793,23.823,23.8,23.816,23.823,23.823,23.755,23.732,23.762,23.747,23.785,23.755,23.785,23.739,23.732,23.724,23.777,23.785,23.777,23.739,23.808,23.747,23.777,23.77,23.777,23.793,23.785,23.8,23.8,23.793,23.77,23.8,23.785,23.793,23.739,23.739,23.724,23.793,23.816,23.793,23.785,23.762
,23.724,23.854,23.838,23.854,23.831,23.854,23.846,23.869,23.854,23.777,23.808,23.838,23.861,23.861,23.877,23.877,23.892,23.907,23.922,23.899,23.915,23.915,23.892,23.846,23.831,23.861,23.93,23.945,23.968,23.945,23.922,23.93,23.915,23.877,23.861,23.899,23.884,23.915,23.922,23.915,23.93,23.892,23.877,23.877,23.854,23.869,23.854,23.899,23.892,23.884,23.892,23.907,23.915,23.93,23.915,23.899,23.892,23.877,23.892,23.907,23.907,23.922,23.938,23.907,23.907,23.899,23.884,23.884,23.884,23.861,23.899,23.884,23.892,23.922,23.945,23.938,23.938,23.93,23.907,23.892,23.884,23.892,23.915,23.93,23.93,23.915,23.915,23.915,23.907,23.892,23.884,23.907,23.877,23.869,23.869,23.915,23.899,23.884,23.892,23.869,23.838,23.861,23.854,23.861,23.846,23.861,23.877,23.884,23.907,23.823,23.846,23.831,23.816,23.861,23.861,23.892,23.915,23.899,23.877,23.869,23.884,23.892,23.884,23.892,23.892,23.892,23.915,23.899,23.907,23.899,23.884,23.877,23.884,23.877,23.877,23.869,23.877,23.877,23.892,23.915,23.899,23.907,23.907,23.907,23.915,23.922,23.915,23.915,23.877,23.861,23.861,23.869,23.884,23.884,23.907,23.899,23.907,23.915,23.922,23.899,23.899,23.892,23.892,23.915,23.869,23.899,23.915,23.892,23.899,23.869,23.877,23.869,23.877,23.861,23.884,23.884,23.884,23.892,23.877,23.869,23.869,23.877,23.869,23.884,23.892,23.899,23.907,23.922,23.915,23.892,23.899,23.892,23.884,23.877,23.884,23.899,23.915,23.945,23.953,23.945,23.945,23.938,23.93,23.915,23.922,23.892,23.945,23.907,23.915,23.922,23.907,23.93,23.938,23.93,23.938,23.945,23.945,23.938,23.953,23.96,23.953,23.907,23.899,23.915,23.892,23.915,23.907,23.915,23.945,23.922,23.938,23.93,23.938,23.93,23.93,23.938,23.915,23.938,23.938,23.945,23.945,23.945,23.922,23.899,23.899,23.899,23.899,23.892,23.907,23.922,23.915,23.93,23.938,23.953,23.953,23.96,23.938,23.93,23.93,23.93,23.93,23.945,23.915,23.915,23.922,23.907,23.899,23.892,23.899,23.907,23.915,23.915,23.93,23.93,23.93,23.938,23.945,23.938,23.93,23.93,23.938,23.922,23.93,23.96,23.96,23.945,23.953,23.922,23.907,23.938,23.922,23.907,23.907,23.907,23.899,23.907,23.907,23.892,23.884,23.877,23.884,23.861,23.892,23.884,23.884,23.899,23.907,23.907,23.922,23.892,23.884,23.884,23.907,23.892,23.892,23.899,23.877,23.892,23.877,23.861,23.854,23.854,23.877,23.877,23.899,23.892,23.877,23.861,23.854,23.877,23.869,23.892,23.877,23.861,23.861,23.869,23.846,23.861,23.846,23.861,23.861,23.877,23.861,23.877,23.877,23.861,23.869,23.861,23.854,23.838,23.838,23.831,23.838,23.831,23.846,23.846,23.854,23.846,23.846,23.861,23.884,23.877,23.899,23.884,23.869,23.846,23.846,23.838,23.831,23.831,23.831,23.838,23.823,23.838,23.838,23.846,23.846,23.831,23.838,23.838,23.838,23.823,23.816,23.8,23.793,23.793,23.785,23.785,23.816,23.816,23.831,23.823,23.838,23.838,23.816,23.823,23.823,23.838,23.808,23.808,23.793,23.793,23.8,23.816,23.808,23.831,23.816,23.785,23.816,23.823,23.838,23.838,23.838,23.838,23.831,23.838,23.869,23.861,23.838,23.831,23.861,23.816,23.838,23.854,23.816,23.823,23.816,23.838,23.816,23.838,23.816,23.808,23.823,23.816,23.831,23.838,23.808,23.831,23.8,23.838,23.823,23.899,23.884,23.877,23.869,23.854,23.854,23.861,23.877,23.861,23.884,23.877,23.877,23.869,23.854,23.838,23.831,23.823,23.831,23.838,23.846,23.854,23.861,23.877,23.877,23.899,23.922,23.892,23.899,23.861,23.877,23.869,23.846,23.831,23.816,23.8,23.8,23.816,23.838,23.854,23.838,23.816,23.785,23.823,23.816,23.846,23.838,23.831,23.831,23.816,23.816,23.8,23.816,23.8,23.785,23.793,23.846,23.816,23.838,23.831,23.823,23.808,23.777,23.777,23.8,23.762,23.808,23.8,23.777,23.77,23.785,23.785,23.793,23.8,23.777,23.777,23.785,23.793,23.793,23.808,23.777,23.777,23.747,23.785,23.77,23.762,23.77,23.77,23.755,23.785,23.777,23.762,23.831,23.8,23.8,23.777,23.777,23.793,23.785,23.785,23.785,23.785,23.785,23.785,23.777,23.785,23.785,23.777,23.785,23.8,23.8,23.816,23.816,23.793,23.8,23.793,23.755,23.777,23.777,23.8,23.8,23.755,23.816,23.816,23.838,23.831,23.823,23.823,23.77,23.747,23.747,23.747,23.747,23.762,23.77,23.793,23.755,23.762,23.793,23.777,23.785,23.77,23.77,23.777,23.755,23.77,23.808,23.8,23.793,23.793,23.777,23.762,23.808,23.831,23.777,23.762,23.777,23.747,23.777,23.8,23.823,23.823,23.838,23.793,23.724,23.724,23.747,23.762,23.77,23.777,23.739,23.739,23.732,23.724,23.724,23.755,23.77,23.762,23.77,23.8,23.762,23.755,23.77,23.77,23.77,23.739,23.762,23.785,23.777,23.777,23.785,23.739,23.755,23.716,23.747,23.777,23.793,23.785,23.793,23.762
,23.96,23.915,23.823,23.846,23.838,23.838,23.861,23.854,23.838,23.846,23.831,23.884,23.854,23.861,23.892,23.877,23.892,23.93,23.93,23.93,23.922,23.93,23.877,23.854,23.854,23.869,23.854,23.915,23.93,23.968,23.953,23.945,23.93,23.892,23.869,23.899,23.884,23.907,23.907,23.899,23.945,23.884,23.892,23.846,23.884,23.877,23.884,23.907,23.899,23.907,23.899,23.907,23.892,23.93,23.892,23.907,23.892,23.877,23.861,23.892,23.884,23.899,23.915,23.892,23.907,23.892,23.877,23.869,23.869,23.877,23.869,23.892,23.899,23.907,23.938,23.938,23.922,23.915,23.892,23.877,23.877,23.922,23.93,23.93,23.922,23.93,23.915,23.915,23.915,23.915,23.907,23.892,23.915,23.899,23.93,23.892,23.892,23.884,23.846,23.831,23.854,23.831,23.846,23.838,23.877,23.877,23.869,23.877,23.892,23.884,23.877,23.838,23.831,23.838,23.823,23.884,23.915,23.869,23.892,23.877,23.877,23.884,23.877,23.884,23.884,23.915,23.915,23.915,23.892,23.884,23.877,23.869,23.869,23.877,23.869,23.869,23.877,23.884,23.892,23.915,23.907,23.892,23.892,23.899,23.899,23.938,23.915,23.907,23.869,23.877,23.854,23.838,23.869,23.877,23.899,23.907,23.907,23.907,23.915,23.892,23.892,23.899,23.892,23.899,23.907,23.938,23.922,23.922,23.892,23.877,23.877,23.869,23.877,23.877,23.877,23.892,23.892,23.899,23.899,23.892,23.877,23.877,23.869,23.877,23.922,23.907,23.93,23.915,23.922,23.93,23.892,23.884,23.869,23.884,23.877,23.907,23.915,23.922,23.938,23.93,23.93,23.922,23.922,23.93,23.93,23.922,23.915,23.907,23.93,23.907,23.915,23.922,23.922,23.93,23.93,23.922,23.945,23.945,23.915,23.922,23.922,23.922,23.915,23.915,23.899,23.907,23.907,23.899,23.93,23.922,23.922,23.938,23.938,23.93,23.93,23.915,23.945,23.938,23.96,23.953,23.938,23.93,23.922,23.922,23.907,23.907,23.877,23.899,23.93,23.884,23.915,23.922,23.922,23.953,23.938,23.953,23.938,23.945,23.922,23.915,23.922,23.915,23.915,23.922,23.892,23.892,23.907,23.899,23.899,23.915,23.922,23.93,23.938,23.922,23.938,23.938,23.938,23.93,23.915,23.915,23.915,23.922,23.945,23.945,23.96,23.968,23.938,23.93,23.915,23.93,23.938,23.907,23.907,23.892,23.884,23.869,23.877,23.877,23.907,23.877,23.884,23.869,23.892,23.892,23.907,23.899,23.915,23.892,23.907,23.884,23.877,23.869,23.877,23.884,23.892,23.899,23.899,23.899,23.884,23.861,23.861,23.861,23.877,23.892,23.892,23.892,23.869,23.877,23.869,23.892,23.861,23.877,23.877,23.877,23.854,23.861,23.854,23.846,23.869,23.861,23.861,23.877,23.877,23.877,23.884,23.861,23.861,23.838,23.846,23.846,23.838,23.823,23.831,23.846,23.854,23.854,23.869,23.861,23.854,23.854,23.892,23.884,23.869,23.861,23.877,23.846,23.838,23.846,23.823,23.823,23.823,23.823,23.846,23.838,23.831,23.823,23.831,23.831,23.838,23.838,23.831,23.831,23.816,23.8,23.793,23.8,23.793,23.8,23.823,23.823,23.838,23.823,23.831,23.816,23.838,23.816,23.785,23.793,23.823,23.808,23.816,23.785,23.8,23.8,23.8,23.808,23.808,23.808,23.816,23.816,23.838,23.838,23.838,23.838,23.831,23.838,23.846,23.838,23.831,23.846,23.816,23.831,23.823,23.823,23.831,23.8,23.838,23.838,23.838,23.838,23.831,23.823,23.816,23.823,23.838,23.831,23.808,23.785,23.816,23.831,23.869,23.892,23.861,23.869,23.861,23.854,23.854,23.869,23.877,23.869,23.892,23.892,23.892,23.869,23.838,23.846,23.831,23.831,23.823,23.838,23.861,23.854,23.877,23.884,23.884,23.884,23.892,23.892,23.861,23.877,23.854,23.877,23.838,23.831,23.808,23.808,23.816,23.838,23.831,23.846,23.861,23.831,23.846,23.838,23.831,23.854,23.831,23.831,23.831,23.808,23.808,23.8,23.785,23.777,23.8,23.846,23.808,23.854,23.846,23.838,23.8,23.793,23.785,23.793,23.77,23.8,23.77,23.808,23.785,23.777,23.777,23.785,23.777,23.793,23.777,23.77,23.762,23.777,23.785,23.785,23.777,23.755,23.762,23.739,23.747,23.77,23.762,23.739,23.732,23.777,23.762,23.739,23.793,23.777,23.762,23.762,23.816,23.77,23.777,23.793,23.8,23.793,23.793,23.785,23.777,23.777,23.77,23.785,23.793,23.8,23.808,23.785,23.762,23.8,23.785,23.793,23.77,23.747,23.747,23.755,23.793,23.77,23.739,23.793,23.785,23.8,23.8,23.823,23.8,23.777,23.77,23.747,23.77,23.777,23.785,23.755,23.777,23.777,23.747,23.755,23.732,23.739,23.724,23.747,23.793,23.785,23.8,23.8,23.785,23.777,23.785,23.777,23.793,23.785,23.777,23.808,23.762,23.724,23.755,23.793,23.808,23.808,23.8,23.732,23.762,23.732,23.755,23.777,23.755,23.762,23.755,23.755,23.762,23.739,23.747,23.724,23.747,23.77,23.739,23.77,23.77,23.755,23.755,23.747,23.755,23.777,23.77,23.793,23.755,23.777,23.777,23.716,23.671,23.655,23.762,23.762,23.777,23.785,23.785,23.762
,23.938,23.854,23.846,23.823,23.838,23.854,23.846,23.838,23.808,23.922,23.793,23.785,23.861,23.869,23.892,23.907,23.884,23.915,23.93,23.938,23.938,23.915,23.915,23.938,23.861,23.899,23.892,23.884,23.915,23.945,23.953,23.93,23.938,23.892,23.884,23.877,23.899,23.899,23.899,23.892,23.884,23.884,23.892,23.861,23.854,23.892,23.892,23.899,23.892,23.93,23.892,23.907,23.899,23.915,23.884,23.899,23.892,23.884,23.854,23.93,23.869,23.892,23.892,23.892,23.899,23.884,23.877,23.892,23.861,23.861,23.892,23.899,23.899,23.922,23.907,23.907,23.907,23.877,23.915,23.892,23.899,23.915,23.899,23.915,23.899,23.915,23.938,23.922,23.915,23.899,23.915,23.915,23.892,23.899,23.899,23.892,23.884,23.892,23.884,23.838,23.854,23.846,23.838,23.869,23.877,23.869,23.877,23.907,23.899,23.884,23.838,23.854,23.793,23.785,23.831,23.884,23.915,23.899,23.899,23.877,23.877,23.892,23.877,23.884,23.884,23.899,23.907,23.899,23.922,23.915,23.884,23.869,23.877,23.892,23.877,23.869,23.869,23.869,23.884,23.884,23.892,23.907,23.915,23.922,23.915,23.915,23.899,23.899,23.899,23.869,23.861,23.854,23.854,23.877,23.877,23.907,23.915,23.915,23.915,23.899,23.892,23.884,23.884,23.877,23.884,23.915,23.915,23.915,23.892,23.892,23.861,23.854,23.884,23.877,23.884,23.884,23.884,23.899,23.907,23.899,23.892,23.884,23.884,23.884,23.892,23.899,23.915,23.907,23.907,23.907,23.899,23.915,23.899,23.877,23.899,23.922,23.892,23.93,23.93,23.938,23.922,23.938,23.892,23.93,23.922,23.922,23.93,23.907,23.907,23.93,23.938,23.93,23.922,23.922,23.922,23.907,23.922,23.915,23.938,23.892,23.922,23.915,23.899,23.915,23.915,23.915,23.915,23.907,23.93,23.938,23.93,23.938,23.93,23.93,23.93,23.938,23.938,23.93,23.953,23.953,23.907,23.938,23.907,23.899,23.899,23.884,23.877,23.907,23.938,23.922,23.915,23.922,23.915,23.93,23.938,23.96,23.953,23.93,23.945,23.93,23.93,23.93,23.892,23.899,23.892,23.899,23.892,23.899,23.915,23.915,23.93,23.93,23.922,23.915,23.907,23.899,23.907,23.907,23.899,23.907,23.915,23.907,23.93,23.938,23.945,23.945,23.922,23.938,23.93,23.922,23.922,23.907,23.892,23.884,23.877,23.877,23.899,23.884,23.854,23.877,23.869,23.884,23.892,23.907,23.922,23.907,23.892,23.907,23.892,23.884,23.877,23.869,23.877,23.877,23.884,23.892,23.884,23.907,23.877,23.869,23.869,23.869,23.884,23.877,23.877,23.877,23.854,23.877,23.854,23.854,23.869,23.861,23.877,23.877,23.861,23.861,23.846,23.854,23.846,23.869,23.854,23.861,23.877,23.884,23.892,23.884,23.877,23.846,23.823,23.831,23.823,23.838,23.854,23.854,23.854,23.854,23.846,23.854,23.869,23.877,23.915,23.899,23.877,23.869,23.861,23.846,23.846,23.838,23.838,23.823,23.823,23.823,23.808,23.823,23.854,23.816,23.861,23.838,23.831,23.846,23.838,23.831,23.831,23.808,23.808,23.793,23.8,23.816,23.831,23.808,23.808,23.816,23.816,23.808,23.808,23.8,23.808,23.816,23.8,23.846,23.823,23.793,23.823,23.793,23.823,23.8,23.793,23.8,23.816,23.816,23.831,23.831,23.823,23.831,23.831,23.823,23.838,23.846,23.831,23.838,23.846,23.831,23.846,23.831,23.831,23.8,23.823,23.823,23.831,23.838,23.838,23.831,23.838,23.816,23.816,23.823,23.808,23.823,23.823,23.831,23.8,23.869,23.861,23.854,23.854,23.846,23.854,23.854,23.861,23.892,23.899,23.877,23.861,23.884,23.846,23.846,23.831,23.823,23.823,23.823,23.846,23.854,23.877,23.892,23.854,23.854,23.861,23.854,23.854,23.869,23.861,23.861,23.854,23.846,23.831,23.823,23.823,23.854,23.877,23.869,23.892,23.877,23.861,23.846,23.823,23.838,23.846,23.831,23.823,23.823,23.8,23.762,23.785,23.793,23.785,23.823,23.77,23.838,23.846,23.816,23.793,23.793,23.793,23.785,23.793,23.793,23.777,23.8,23.785,23.785,23.785,23.777,23.777,23.777,23.77,23.77,23.762,23.777,23.77,23.793,23.777,23.755,23.77,23.732,23.739,23.739,23.739,23.739,23.747,23.808,23.777,23.8,23.785,23.732,23.747,23.77,23.77,23.77,23.793,23.793,23.785,23.785,23.785,23.793,23.77,23.777,23.77,23.77,23.777,23.77,23.808,23.808,23.823,23.747,23.785,23.762,23.739,23.762,23.747,23.762,23.762,23.777,23.762,23.762,23.808,23.816,23.777,23.785,23.755,23.777,23.793,23.755,23.77,23.777,23.762,23.808,23.785,23.777,23.747,23.755,23.747,23.747,23.8,23.724,23.8,23.8,23.808,23.8,23.793,23.77,23.777,23.8,23.8,23.823,23.785,23.8,23.732,23.732,23.77,23.77,23.785,23.755,23.77,23.716,23.732,23.747,23.732,23.762,23.762,23.755,23.739,23.724,23.739,23.724,23.747,23.732,23.747,23.755,23.77,23.732,23.739,23.747,23.716,23.747,23.724,23.793,23.777,23.77,23.77,23.77,23.785,23.732,23.716,23.701,23.724,23.755,23.777,23.793,23.77,23.77
,23.899,23.823,23.846,23.808,23.831,23.846,23.854,23.838,23.838,23.823,23.831,23.808,23.854,23.869,23.892,23.877,23.884,23.892,23.892,23.93,23.938,23.938,23.922,23.922,23.907,23.762,23.823,23.892,23.892,23.922,23.945,23.907,23.892,23.861,23.854,23.884,23.899,23.892,23.899,23.892,23.892,23.861,23.884,23.884,23.892,23.907,23.915,23.907,23.922,23.922,23.922,23.892,23.892,23.877,23.907,23.892,23.907,23.884,23.877,23.861,23.869,23.854,23.877,23.877,23.884,23.899,23.892,23.861,23.899,23.907,23.861,23.884,23.899,23.899,23.899,23.907,23.899,23.884,23.907,23.899,23.93,23.899,23.907,23.922,23.915,23.922,23.915,23.922,23.915,23.899,23.907,23.915,23.907,23.915,23.915,23.877,23.884,23.907,23.877,23.877,23.861,23.846,23.877,23.846,23.884,23.884,23.899,23.892,23.892,23.884,23.861,23.831,23.777,23.854,23.854,23.869,23.899,23.869,23.907,23.884,23.884,23.884,23.877,23.892,23.877,23.877,23.899,23.892,23.884,23.884,23.884,23.877,23.907,23.884,23.877,23.877,23.869,23.877,23.884,23.892,23.899,23.915,23.915,23.93,23.915,23.922,23.907,23.899,23.892,23.877,23.869,23.846,23.846,23.869,23.884,23.899,23.899,23.915,23.907,23.915,23.892,23.877,23.854,23.861,23.892,23.899,23.915,23.907,23.899,23.869,23.869,23.869,23.884,23.892,23.892,23.892,23.899,23.907,23.899,23.899,23.899,23.892,23.877,23.884,23.907,23.915,23.915,23.93,23.915,23.922,23.922,23.899,23.938,23.899,23.907,23.899,23.915,23.915,23.915,23.907,23.899,23.907,23.922,23.922,23.945,23.907,23.938,23.93,23.915,23.938,23.93,23.93,23.922,23.915,23.907,23.915,23.915,23.938,23.907,23.915,23.892,23.915,23.915,23.93,23.93,23.93,23.922,23.922,23.922,23.938,23.945,23.945,23.915,23.915,23.907,23.915,23.938,23.953,23.938,23.93,23.93,23.915,23.907,23.892,23.892,23.899,23.899,23.884,23.907,23.907,23.915,23.93,23.915,23.922,23.93,23.945,23.938,23.945,23.945,23.93,23.93,23.922,23.907,23.854,23.884,23.884,23.907,23.915,23.907,23.915,23.922,23.93,23.915,23.922,23.884,23.907,23.907,23.899,23.892,23.899,23.899,23.915,23.953,23.93,23.93,23.93,23.938,23.922,23.945,23.922,23.938,23.907,23.907,23.884,23.877,23.877,23.877,23.877,23.907,23.892,23.861,23.884,23.899,23.907,23.93,23.922,23.892,23.899,23.892,23.884,23.899,23.869,23.884,23.884,23.877,23.869,23.869,23.861,23.869,23.869,23.869,23.877,23.877,23.869,23.869,23.869,23.861,23.877,23.869,23.869,23.861,23.861,23.854,23.877,23.877,23.854,23.861,23.861,23.861,23.869,23.854,23.861,23.892,23.892,23.892,23.884,23.884,23.861,23.854,23.846,23.846,23.854,23.869,23.861,23.861,23.854,23.846,23.846,23.854,23.861,23.877,23.892,23.869,23.869,23.854,23.861,23.831,23.838,23.816,23.816,23.823,23.823,23.823,23.831,23.838,23.831,23.854,23.854,23.854,23.861,23.846,23.861,23.838,23.823,23.808,23.793,23.793,23.816,23.793,23.816,23.823,23.816,23.808,23.816,23.808,23.831,23.816,23.823,23.808,23.831,23.831,23.816,23.8,23.8,23.808,23.808,23.8,23.8,23.838,23.831,23.838,23.823,23.823,23.823,23.816,23.831,23.838,23.831,23.831,23.861,23.831,23.846,23.838,23.816,23.846,23.785,23.823,23.823,23.831,23.838,23.846,23.846,23.838,23.823,23.823,23.846,23.854,23.861,23.869,23.861,23.846,23.838,23.861,23.854,23.846,23.854,23.861,23.861,23.877,23.892,23.907,23.877,23.877,23.892,23.854,23.846,23.846,23.846,23.831,23.838,23.861,23.869,23.846,23.861,23.861,23.838,23.838,23.846,23.869,23.877,23.861,23.877,23.854,23.838,23.854,23.846,23.838,23.846,23.861,23.884,23.892,23.884,23.877,23.861,23.846,23.846,23.846,23.846,23.831,23.823,23.793,23.777,23.755,23.77,23.777,23.793,23.831,23.846,23.831,23.823,23.808,23.793,23.793,23.8,23.793,23.785,23.777,23.777,23.777,23.777,23.793,23.785,23.77,23.755,23.762,23.755,23.77,23.793,23.777,23.8,23.785,23.77,23.755,23.747,23.755,23.747,23.732,23.739,23.762,23.777,23.716,23.762,23.777,23.762,23.739,23.747,23.762,23.777,23.816,23.838,23.762,23.793,23.77,23.793,23.793,23.777,23.77,23.785,23.777,23.777,23.777,23.762,23.724,23.8,23.77,23.793,23.739,23.77,23.739,23.739,23.755,23.793,23.785,23.785,23.793,23.808,23.823,23.808,23.823,23.777,23.762,23.747,23.77,23.755,23.747,23.777,23.755,23.777,23.724,23.755,23.732,23.739,23.755,23.77,23.8,23.793,23.793,23.793,23.8,23.777,23.808,23.8,23.793,23.793,23.793,23.777,23.762,23.739,23.762,23.785,23.8,23.785,23.785,23.793,23.739,23.77,23.747,23.762,23.762,23.724,23.747,23.739,23.747,23.755,23.739,23.747,23.747,23.739,23.762,23.739,23.747,23.747,23.732,23.739,23.762,23.77,23.747,23.785,23.77,23.777,23.755,23.709,23.724,23.693,23.701,23.724,23.77,23.777,23.793,23.77
,23.861,23.808,23.8,23.8,23.823,23.823,23.823,23.823,23.793,23.838,23.854,23.854,23.877,23.854,23.877,23.877,23.877,23.907,23.877,23.899,23.892,23.93,23.892,23.892,23.907,23.854,23.846,23.884,23.877,23.899,23.983,23.854,23.854,23.884,23.869,23.869,23.869,23.884,23.877,23.892,23.861,23.854,23.869,23.884,23.907,23.899,23.915,23.922,23.922,23.915,23.938,23.877,23.877,23.899,23.907,23.915,23.899,23.892,23.892,23.854,23.861,23.869,23.861,23.869,23.884,23.884,23.915,23.907,23.915,23.93,23.938,23.899,23.899,23.907,23.907,23.899,23.892,23.892,23.907,23.907,23.907,23.915,23.869,23.93,23.93,23.922,23.93,23.899,23.915,23.907,23.915,23.922,23.915,23.915,23.907,23.899,23.892,23.915,23.892,23.884,23.884,23.861,23.861,23.877,23.884,23.892,23.899,23.899,23.877,23.861,23.854,23.838,23.846,23.861,23.869,23.892,23.915,23.884,23.899,23.884,23.877,23.892,23.884,23.899,23.884,23.877,23.884,23.877,23.884,23.884,23.869,23.907,23.892,23.892,23.892,23.892,23.884,23.899,23.884,23.892,23.892,23.907,23.907,23.922,23.915,23.899,23.907,23.892,23.892,23.884,23.877,23.869,23.869,23.869,23.884,23.907,23.899,23.899,23.915,23.892,23.892,23.884,23.877,23.892,23.899,23.907,23.892,23.915,23.899,23.899,23.846,23.892,23.899,23.892,23.899,23.892,23.915,23.899,23.907,23.907,23.915,23.899,23.907,23.899,23.899,23.907,23.922,23.915,23.922,23.915,23.907,23.93,23.922,23.907,23.93,23.938,23.922,23.892,23.892,23.899,23.907,23.907,23.907,23.93,23.96,23.938,23.938,23.915,23.922,23.922,23.938,23.945,23.915,23.915,23.915,23.915,23.93,23.93,23.915,23.899,23.899,23.907,23.922,23.93,23.938,23.93,23.945,23.93,23.915,23.953,23.93,23.915,23.945,23.915,23.907,23.93,23.945,23.945,23.93,23.93,23.915,23.907,23.915,23.884,23.899,23.907,23.907,23.892,23.899,23.907,23.922,23.922,23.922,23.922,23.93,23.93,23.938,23.945,23.922,23.945,23.907,23.915,23.907,23.899,23.854,23.907,23.93,23.899,23.915,23.93,23.93,23.922,23.922,23.892,23.899,23.877,23.892,23.884,23.892,23.892,23.907,23.915,23.93,23.93,23.93,23.907,23.945,23.938,23.938,23.93,23.938,23.915,23.892,23.892,23.884,23.884,23.884,23.877,23.877,23.884,23.884,23.884,23.884,23.915,23.907,23.915,23.922,23.907,23.899,23.892,23.884,23.877,23.884,23.861,23.884,23.884,23.869,23.861,23.861,23.854,23.869,23.861,23.884,23.861,23.861,23.854,23.854,23.861,23.869,23.861,23.861,23.861,23.854,23.854,23.861,23.846,23.861,23.861,23.846,23.869,23.869,23.869,23.899,23.915,23.892,23.854,23.884,23.869,23.854,23.854,23.861,23.861,23.869,23.861,23.869,23.854,23.846,23.854,23.854,23.861,23.877,23.884,23.884,23.892,23.846,23.861,23.838,23.838,23.838,23.838,23.838,23.816,23.831,23.816,23.846,23.846,23.854,23.854,23.854,23.861,23.861,23.831,23.854,23.823,23.823,23.8,23.777,23.785,23.808,23.793,23.816,23.816,23.8,23.808,23.808,23.816,23.808,23.831,23.823,23.823,23.823,23.816,23.808,23.793,23.8,23.8,23.8,23.831,23.831,23.831,23.838,23.831,23.823,23.808,23.816,23.823,23.831,23.846,23.846,23.846,23.869,23.846,23.838,23.846,23.831,23.823,23.808,23.823,23.823,23.846,23.861,23.846,23.838,23.831,23.823,23.831,23.869,23.854,23.861,23.846,23.854,23.854,23.816,23.846,23.854,23.854,23.854,23.869,23.861,23.861,23.877,23.869,23.892,23.877,23.854,23.846,23.838,23.838,23.854,23.869,23.869,23.899,23.861,23.846,23.838,23.838,23.823,23.838,23.854,23.838,23.869,23.884,23.846,23.846,23.854,23.854,23.846,23.869,23.854,23.877,23.877,23.869,23.869,23.854,23.861,23.854,23.861,23.846,23.831,23.838,23.793,23.77,23.785,23.777,23.793,23.808,23.816,23.823,23.808,23.816,23.8,23.8,23.793,23.793,23.77,23.77,23.8,23.808,23.785,23.785,23.777,23.755,23.762,23.747,23.755,23.755,23.755,23.785,23.808,23.8,23.793,23.785,23.777,23.77,23.755,23.755,23.732,23.8,23.747,23.739,23.793,23.762,23.755,23.747,23.747,23.777,23.755,23.777,23.8,23.77,23.8,23.777,23.777,23.793,23.785,23.755,23.77,23.77,23.793,23.793,23.762,23.785,23.785,23.747,23.77,23.8,23.777,23.755,23.755,23.732,23.762,23.785,23.785,23.785,23.8,23.8,23.8,23.831,23.793,23.762,23.793,23.777,23.793,23.747,23.747,23.777,23.724,23.755,23.716,23.739,23.732,23.747,23.785,23.77,23.8,23.793,23.8,23.77,23.793,23.8,23.77,23.793,23.808,23.785,23.793,23.777,23.732,23.755,23.747,23.747,23.777,23.785,23.816,23.777,23.762,23.747,23.747,23.755,23.732,23.739,23.747,23.777,23.747,23.762,23.747,23.777,23.732,23.747,23.755,23.762,23.77,23.755,23.747,23.755,23.762,23.739,23.77,23.793,23.739,23.785,23.762,23.732,23.732,23.678,23.709,23.678,23.747,23.777,23.785,23.739
,23.838,23.808,23.8,23.816,23.793,23.808,23.8,23.838,23.823,23.854,23.808,23.846,23.846,23.854,23.869,23.892,23.907,23.899,23.884,23.899,23.915,23.915,23.915,23.892,23.892,23.892,23.877,23.877,23.899,23.899,23.953,23.892,23.861,23.877,23.861,23.854,23.907,23.899,23.892,23.884,23.869,23.869,23.861,23.869,23.854,23.899,23.884,23.915,23.945,23.915,23.907,23.884,23.884,23.915,23.899,23.915,23.899,23.899,23.884,23.892,23.854,23.877,23.877,23.861,23.899,23.899,23.892,23.922,23.907,23.93,23.899,23.93,23.899,23.892,23.915,23.899,23.907,23.877,23.884,23.899,23.892,23.922,23.899,23.907,23.93,23.938,23.899,23.907,23.816,23.861,23.899,23.915,23.899,23.907,23.899,23.899,23.892,23.907,23.884,23.892,23.838,23.854,23.869,23.846,23.884,23.899,23.877,23.899,23.861,23.877,23.854,23.854,23.869,23.854,23.884,23.899,23.899,23.899,23.892,23.884,23.892,23.899,23.899,23.892,23.892,23.877,23.884,23.861,23.922,23.877,23.892,23.892,23.899,23.892,23.892,23.899,23.884,23.869,23.884,23.861,23.907,23.892,23.915,23.915,23.907,23.899,23.899,23.892,23.892,23.892,23.884,23.877,23.884,23.877,23.884,23.892,23.877,23.892,23.907,23.915,23.907,23.854,23.846,23.854,23.831,23.877,23.907,23.907,23.899,23.884,23.877,23.8,23.899,23.877,23.884,23.907,23.892,23.907,23.899,23.93,23.922,23.907,23.915,23.899,23.892,23.915,23.915,23.93,23.93,23.93,23.915,23.915,23.922,23.915,23.922,23.907,23.892,23.884,23.899,23.907,23.899,23.907,23.915,23.922,23.96,23.96,23.93,23.922,23.915,23.922,23.922,23.915,23.922,23.915,23.922,23.922,23.922,23.915,23.915,23.915,23.915,23.945,23.93,23.938,23.93,23.922,23.938,23.915,23.915,23.922,23.93,23.922,23.93,23.922,23.93,23.938,23.938,23.938,23.93,23.922,23.915,23.915,23.907,23.892,23.907,23.915,23.915,23.907,23.907,23.899,23.907,23.915,23.922,23.915,23.922,23.922,23.938,23.922,23.922,23.938,23.907,23.922,23.899,23.892,23.869,23.907,23.922,23.915,23.907,23.922,23.907,23.907,23.907,23.907,23.892,23.884,23.907,23.892,23.899,23.892,23.907,23.93,23.93,23.938,23.93,23.907,23.938,23.93,23.938,23.938,23.915,23.938,23.899,23.892,23.877,23.877,23.892,23.892,23.892,23.877,23.869,23.884,23.884,23.892,23.877,23.899,23.899,23.899,23.899,23.884,23.892,23.892,23.884,23.877,23.884,23.854,23.869,23.861,23.861,23.861,23.869,23.861,23.861,23.854,23.854,23.846,23.838,23.861,23.854,23.869,23.854,23.869,23.854,23.854,23.854,23.854,23.854,23.877,23.877,23.869,23.884,23.854,23.884,23.892,23.899,23.884,23.869,23.884,23.854,23.877,23.861,23.846,23.861,23.846,23.854,23.831,23.8,23.861,23.854,23.861,23.877,23.861,23.884,23.877,23.861,23.846,23.861,23.831,23.854,23.838,23.816,23.823,23.816,23.831,23.861,23.854,23.861,23.854,23.854,23.861,23.861,23.854,23.846,23.831,23.8,23.831,23.793,23.808,23.8,23.793,23.793,23.816,23.831,23.823,23.8,23.808,23.831,23.831,23.831,23.831,23.823,23.8,23.823,23.793,23.8,23.8,23.816,23.808,23.823,23.846,23.838,23.838,23.808,23.8,23.808,23.808,23.831,23.831,23.838,23.846,23.869,23.854,23.854,23.838,23.838,23.831,23.823,23.846,23.816,23.846,23.854,23.854,23.854,23.823,23.831,23.838,23.838,23.861,23.877,23.861,23.838,23.846,23.846,23.854,23.854,23.854,23.861,23.846,23.846,23.869,23.869,23.877,23.869,23.907,23.854,23.854,23.854,23.846,23.846,23.838,23.838,23.861,23.846,23.831,23.831,23.831,23.838,23.823,23.854,23.861,23.861,23.869,23.854,23.831,23.846,23.854,23.838,23.892,23.869,23.892,23.892,23.877,23.877,23.861,23.861,23.854,23.846,23.838,23.838,23.823,23.816,23.808,23.777,23.777,23.777,23.816,23.823,23.816,23.808,23.816,23.793,23.793,23.8,23.785,23.793,23.77,23.785,23.777,23.77,23.808,23.777,23.77,23.755,23.762,23.747,23.77,23.777,23.785,23.8,23.816,23.8,23.808,23.785,23.777,23.755,23.755,23.77,23.739,23.747,23.77,23.755,23.747,23.755,23.755,23.77,23.777,23.785,23.8,23.777,23.793,23.777,23.793,23.808,23.785,23.785,23.793,23.8,23.77,23.777,23.785,23.785,23.785,23.777,23.785,23.747,23.8,23.755,23.755,23.755,23.755,23.777,23.77,23.777,23.808,23.8,23.823,23.831,23.823,23.785,23.793,23.785,23.747,23.777,23.777,23.755,23.77,23.785,23.762,23.732,23.732,23.739,23.739,23.777,23.77,23.793,23.777,23.793,23.77,23.816,23.8,23.8,23.823,23.785,23.739,23.739,23.762,23.762,23.785,23.755,23.755,23.77,23.785,23.793,23.777,23.777,23.739,23.747,23.747,23.762,23.732,23.739,23.777,23.739,23.755,23.739,23.732,23.732,23.762,23.732,23.762,23.755,23.755,23.724,23.693,23.724,23.739,23.755,23.755,23.739,23.747,23.724,23.732,23.747,23.747,23.747,23.701,23.716,23.747,23.8,23.816
,23.838,23.816,23.77,23.816,23.831,23.838,23.854,23.823,23.854,23.854,23.846,23.854,23.854,23.861,23.861,23.884,23.907,23.892,23.892,23.907,23.892,23.892,23.892,23.877,23.884,23.877,23.869,23.907,23.877,23.899,23.945,23.915,23.854,23.899,23.854,23.861,23.907,23.907,23.899,23.899,23.899,23.869,23.861,23.861,23.884,23.884,23.884,23.892,23.907,23.907,23.922,23.93,23.892,23.899,23.899,23.892,23.877,23.861,23.892,23.877,23.854,23.861,23.884,23.861,23.861,23.884,23.899,23.899,23.915,23.907,23.892,23.922,23.899,23.899,23.899,23.899,23.892,23.899,23.907,23.93,23.877,23.915,23.899,23.915,23.922,23.93,23.945,23.915,23.877,23.892,23.899,23.945,23.93,23.922,23.915,23.915,23.922,23.922,23.899,23.907,23.877,23.877,23.899,23.846,23.869,23.892,23.884,23.877,23.877,23.846,23.869,23.877,23.861,23.899,23.907,23.907,23.922,23.907,23.922,23.892,23.892,23.899,23.899,23.892,23.884,23.877,23.907,23.915,23.899,23.869,23.877,23.899,23.884,23.892,23.892,23.892,23.907,23.877,23.922,23.899,23.877,23.899,23.899,23.899,23.907,23.899,23.892,23.892,23.892,23.899,23.899,23.877,23.892,23.884,23.884,23.884,23.869,23.892,23.907,23.869,23.877,23.884,23.846,23.861,23.846,23.892,23.884,23.884,23.915,23.907,23.838,23.899,23.892,23.892,23.892,23.899,23.892,23.922,23.915,23.922,23.922,23.93,23.938,23.938,23.922,23.907,23.93,23.93,23.93,23.93,23.945,23.922,23.922,23.938,23.938,23.915,23.915,23.884,23.907,23.884,23.892,23.899,23.907,23.922,23.945,23.938,23.938,23.907,23.907,23.915,23.922,23.915,23.938,23.922,23.907,23.922,23.915,23.953,23.93,23.922,23.96,23.938,23.945,23.945,23.93,23.915,23.922,23.915,23.915,23.922,23.922,23.922,23.93,23.938,23.938,23.922,23.93,23.938,23.915,23.922,23.93,23.899,23.922,23.922,23.93,23.945,23.907,23.899,23.915,23.907,23.899,23.915,23.915,23.93,23.915,23.922,23.922,23.922,23.93,23.922,23.915,23.907,23.93,23.907,23.899,23.884,23.915,23.93,23.892,23.899,23.915,23.915,23.922,23.915,23.93,23.907,23.907,23.899,23.907,23.915,23.907,23.915,23.922,23.945,23.915,23.93,23.938,23.938,23.93,23.922,23.915,23.915,23.922,23.899,23.884,23.892,23.892,23.892,23.892,23.884,23.877,23.892,23.892,23.869,23.915,23.877,23.907,23.899,23.877,23.884,23.884,23.892,23.877,23.892,23.892,23.907,23.869,23.861,23.877,23.869,23.854,23.877,23.861,23.869,23.846,23.854,23.854,23.877,23.884,23.877,23.869,23.869,23.861,23.854,23.854,23.854,23.869,23.869,23.869,23.884,23.892,23.869,23.899,23.892,23.892,23.922,23.884,23.884,23.884,23.884,23.869,23.861,23.869,23.861,23.846,23.838,23.846,23.869,23.854,23.823,23.854,23.861,23.846,23.854,23.846,23.861,23.846,23.838,23.861,23.846,23.846,23.823,23.831,23.831,23.869,23.869,23.869,23.861,23.854,23.846,23.846,23.846,23.861,23.838,23.838,23.869,23.823,23.793,23.793,23.808,23.808,23.808,23.808,23.808,23.816,23.816,23.831,23.831,23.831,23.854,23.838,23.808,23.808,23.8,23.808,23.808,23.816,23.838,23.831,23.831,23.861,23.838,23.838,23.838,23.854,23.823,23.816,23.816,23.831,23.846,23.861,23.877,23.854,23.854,23.838,23.816,23.823,23.816,23.838,23.861,23.846,23.831,23.846,23.838,23.831,23.846,23.831,23.846,23.861,23.846,23.854,23.846,23.854,23.854,23.861,23.854,23.877,23.884,23.884,23.854,23.877,23.877,23.877,23.854,23.861,23.861,23.854,23.869,23.877,23.884,23.846,23.838,23.838,23.838,23.861,23.861,23.861,23.861,23.861,23.846,23.877,23.877,23.861,23.854,23.854,23.861,23.869,23.877,23.854,23.861,23.899,23.869,23.861,23.861,23.854,23.861,23.846,23.838,23.854,23.846,23.831,23.831,23.8,23.793,23.808,23.808,23.816,23.823,23.808,23.8,23.777,23.8,23.785,23.785,23.793,23.785,23.8,23.785,23.785,23.785,23.8,23.762,23.755,23.77,23.762,23.777,23.777,23.8,23.816,23.808,23.816,23.816,23.793,23.808,23.777,23.8,23.762,23.777,23.755,23.755,23.762,23.755,23.755,23.755,23.762,23.785,23.793,23.808,23.823,23.823,23.793,23.808,23.816,23.793,23.793,23.785,23.777,23.77,23.785,23.793,23.793,23.793,23.785,23.785,23.777,23.808,23.77,23.755,23.793,23.816,23.816,23.793,23.793,23.793,23.8,23.823,23.838,23.823,23.838,23.777,23.77,23.77,23.777,23.762,23.755,23.77,23.823,23.732,23.724,23.755,23.77,23.77,23.739,23.755,23.8,23.755,23.77,23.785,23.777,23.8,23.831,23.793,23.816,23.8,23.793,23.77,23.732,23.755,23.716,23.732,23.762,23.785,23.831,23.77,23.793,23.77,23.762,23.747,23.762,23.724,23.739,23.762,23.762,23.755,23.755,23.739,23.739,23.732,23.762,23.739,23.755,23.77,23.755,23.724,23.739,23.709,23.732,23.732,23.747,23.755,23.732,23.739,23.747,23.785,23.701,23.747,23.77,23.77,23.8,23.808
,23.816,23.816,23.846,23.838,23.838,23.785,23.823,23.816,23.838,23.854,23.861,23.877,23.861,23.861,23.877,23.877,23.869,23.915,23.884,23.907,23.877,23.861,23.899,23.869,23.884,23.854,23.869,23.869,23.877,23.907,23.884,23.884,23.884,23.907,23.892,23.899,23.899,23.899,23.892,23.877,23.869,23.869,23.892,23.915,23.892,23.869,23.831,23.838,23.884,23.892,23.915,23.922,23.907,23.907,23.884,23.884,23.869,23.838,23.861,23.854,23.854,23.884,23.831,23.892,23.877,23.884,23.884,23.915,23.899,23.892,23.861,23.892,23.907,23.93,23.907,23.915,23.877,23.899,23.907,23.884,23.899,23.938,23.945,23.938,23.93,23.93,23.915,23.915,23.907,23.892,23.884,23.922,23.915,23.907,23.899,23.877,23.899,23.93,23.861,23.869,23.899,23.854,23.877,23.846,23.869,23.877,23.869,23.877,23.884,23.861,23.869,23.884,23.877,23.884,23.899,23.892,23.915,23.899,23.892,23.869,23.877,23.915,23.899,23.922,23.899,23.899,23.892,23.884,23.907,23.907,23.861,23.869,23.861,23.869,23.884,23.892,23.899,23.892,23.899,23.877,23.884,23.899,23.892,23.899,23.907,23.907,23.892,23.892,23.892,23.899,23.892,23.892,23.892,23.892,23.892,23.884,23.869,23.884,23.884,23.869,23.869,23.884,23.838,23.838,23.861,23.869,23.892,23.899,23.907,23.892,23.892,23.877,23.884,23.877,23.877,23.892,23.877,23.892,23.915,23.899,23.922,23.93,23.907,23.907,23.899,23.892,23.877,23.922,23.922,23.922,23.922,23.907,23.938,23.93,23.899,23.93,23.907,23.892,23.915,23.892,23.884,23.884,23.907,23.945,23.945,23.953,23.93,23.93,23.907,23.892,23.884,23.915,23.907,23.915,23.915,23.915,23.922,23.915,23.899,23.907,23.93,23.93,23.938,23.938,23.922,23.907,23.907,23.899,23.915,23.907,23.907,23.922,23.922,23.93,23.93,23.93,23.93,23.938,23.922,23.922,23.915,23.907,23.907,23.922,23.922,23.922,23.922,23.899,23.892,23.899,23.922,23.915,23.922,23.915,23.922,23.907,23.915,23.922,23.938,23.907,23.922,23.899,23.907,23.915,23.915,23.892,23.907,23.884,23.892,23.907,23.93,23.915,23.93,23.922,23.915,23.907,23.899,23.915,23.899,23.899,23.907,23.922,23.93,23.93,23.945,23.938,23.938,23.922,23.938,23.938,23.907,23.915,23.915,23.892,23.907,23.892,23.869,23.892,23.907,23.892,23.892,23.854,23.877,23.854,23.915,23.884,23.907,23.884,23.884,23.877,23.877,23.877,23.877,23.884,23.877,23.877,23.877,23.884,23.869,23.877,23.869,23.877,23.854,23.861,23.846,23.861,23.854,23.877,23.861,23.877,23.877,23.877,23.869,23.846,23.854,23.854,23.854,23.869,23.869,23.869,23.884,23.854,23.854,23.877,23.884,23.869,23.892,23.877,23.877,23.892,23.861,23.861,23.846,23.831,23.854,23.854,23.854,23.877,23.854,23.861,23.831,23.846,23.869,23.854,23.838,23.838,23.854,23.846,23.854,23.846,23.838,23.823,23.808,23.861,23.831,23.861,23.854,23.854,23.854,23.846,23.854,23.854,23.846,23.838,23.823,23.8,23.808,23.793,23.808,23.808,23.8,23.808,23.846,23.808,23.823,23.823,23.816,23.831,23.838,23.838,23.838,23.8,23.816,23.8,23.793,23.816,23.816,23.823,23.831,23.838,23.846,23.838,23.831,23.846,23.838,23.816,23.8,23.838,23.838,23.846,23.854,23.846,23.854,23.831,23.831,23.816,23.816,23.823,23.823,23.838,23.846,23.831,23.846,23.831,23.831,23.823,23.838,23.854,23.846,23.838,23.861,23.838,23.846,23.861,23.846,23.869,23.877,23.861,23.846,23.846,23.877,23.861,23.861,23.854,23.854,23.854,23.861,23.846,23.846,23.877,23.869,23.846,23.854,23.861,23.846,23.869,23.884,23.877,23.869,23.869,23.877,23.869,23.877,23.861,23.854,23.861,23.846,23.854,23.869,23.854,23.861,23.869,23.846,23.861,23.854,23.846,23.854,23.846,23.846,23.846,23.823,23.823,23.816,23.816,23.808,23.793,23.816,23.823,23.823,23.816,23.793,23.808,23.785,23.793,23.793,23.793,23.785,23.785,23.785,23.793,23.777,23.762,23.793,23.785,23.777,23.777,23.785,23.793,23.808,23.808,23.808,23.808,23.8,23.808,23.8,23.793,23.762,23.755,23.739,23.77,23.755,23.77,23.793,23.777,23.808,23.785,23.785,23.808,23.8,23.793,23.793,23.785,23.785,23.793,23.793,23.785,23.777,23.777,23.785,23.793,23.793,23.793,23.793,23.793,23.793,23.8,23.77,23.785,23.785,23.77,23.816,23.8,23.793,23.808,23.8,23.831,23.808,23.793,23.816,23.793,23.8,23.77,23.777,23.762,23.762,23.777,23.747,23.701,23.762,23.777,23.755,23.716,23.732,23.755,23.755,23.762,23.77,23.747,23.755,23.777,23.823,23.823,23.808,23.701,23.716,23.739,23.747,23.739,23.709,23.724,23.732,23.716,23.785,23.755,23.777,23.762,23.755,23.747,23.724,23.747,23.739,23.739,23.747,23.777,23.755,23.724,23.762,23.739,23.724,23.732,23.716,23.732,23.701,23.686,23.686,23.709,23.747,23.762,23.762,23.762,23.724,23.686,23.793,23.709,23.732,23.762,23.747,23.762,23.777,23.785
,23.838,23.831,23.838,23.861,23.785,23.869,23.831,23.831,23.861,23.854,23.869,23.861,23.854,23.869,23.861,23.877,23.884,23.922,23.915,23.892,23.877,23.869,23.899,23.869,23.869,23.861,23.861,23.869,23.877,23.899,23.907,23.907,23.915,23.892,23.884,23.892,23.907,23.884,23.899,23.884,23.884,23.877,23.899,23.892,23.907,23.861,23.861,23.861,23.877,23.884,23.884,23.892,23.892,23.884,23.877,23.869,23.861,23.846,23.846,23.854,23.861,23.877,23.869,23.877,23.854,23.846,23.854,23.884,23.854,23.869,23.892,23.899,23.93,23.892,23.899,23.884,23.877,23.892,23.907,23.915,23.915,23.915,23.915,23.877,23.93,23.93,23.907,23.899,23.907,23.899,23.899,23.915,23.907,23.892,23.899,23.899,23.869,23.907,23.93,23.907,23.861,23.823,23.854,23.854,23.846,23.869,23.869,23.877,23.869,23.869,23.861,23.861,23.884,23.884,23.892,23.892,23.899,23.899,23.907,23.907,23.907,23.899,23.907,23.915,23.892,23.892,23.915,23.884,23.915,23.892,23.854,23.861,23.869,23.861,23.877,23.861,23.899,23.907,23.877,23.892,23.907,23.899,23.892,23.899,23.907,23.892,23.892,23.899,23.899,23.892,23.899,23.907,23.899,23.854,23.899,23.899,23.861,23.892,23.899,23.861,23.869,23.869,23.861,23.869,23.861,23.884,23.884,23.892,23.899,23.892,23.892,23.877,23.854,23.846,23.899,23.861,23.869,23.892,23.907,23.907,23.922,23.915,23.922,23.907,23.907,23.907,23.877,23.907,23.922,23.915,23.922,23.922,23.915,23.915,23.892,23.915,23.922,23.915,23.907,23.892,23.899,23.915,23.915,23.938,23.945,23.93,23.945,23.899,23.899,23.907,23.907,23.907,23.922,23.915,23.915,23.915,23.907,23.899,23.892,23.892,23.915,23.93,23.938,23.93,23.915,23.907,23.899,23.899,23.892,23.93,23.899,23.922,23.915,23.907,23.915,23.93,23.915,23.907,23.922,23.93,23.922,23.93,23.945,23.915,23.899,23.899,23.899,23.915,23.899,23.899,23.907,23.915,23.915,23.907,23.96,23.915,23.907,23.907,23.915,23.907,23.922,23.915,23.907,23.907,23.907,23.892,23.899,23.869,23.915,23.892,23.907,23.938,23.938,23.938,23.922,23.915,23.892,23.907,23.907,23.907,23.922,23.938,23.915,23.938,23.93,23.938,23.922,23.945,23.922,23.922,23.93,23.915,23.922,23.899,23.884,23.869,23.884,23.899,23.922,23.922,23.854,23.846,23.823,23.861,23.846,23.861,23.869,23.877,23.869,23.877,23.877,23.877,23.877,23.884,23.884,23.877,23.892,23.884,23.884,23.877,23.884,23.869,23.869,23.869,23.869,23.877,23.877,23.884,23.884,23.877,23.877,23.861,23.869,23.861,23.846,23.846,23.861,23.869,23.877,23.869,23.884,23.869,23.884,23.907,23.892,23.884,23.892,23.884,23.884,23.884,23.877,23.854,23.861,23.861,23.831,23.854,23.854,23.854,23.861,23.854,23.831,23.846,23.846,23.823,23.846,23.838,23.831,23.854,23.861,23.846,23.846,23.838,23.831,23.838,23.854,23.846,23.861,23.854,23.846,23.854,23.846,23.854,23.808,23.838,23.831,23.838,23.823,23.831,23.816,23.8,23.808,23.838,23.846,23.831,23.831,23.831,23.838,23.838,23.838,23.846,23.831,23.831,23.823,23.823,23.823,23.831,23.831,23.823,23.831,23.838,23.823,23.823,23.831,23.838,23.793,23.823,23.816,23.793,23.808,23.838,23.846,23.854,23.846,23.838,23.838,23.838,23.831,23.831,23.846,23.838,23.838,23.831,23.838,23.838,23.831,23.831,23.831,23.816,23.831,23.838,23.831,23.823,23.838,23.838,23.838,23.846,23.869,23.861,23.838,23.861,23.869,23.861,23.877,23.869,23.846,23.854,23.854,23.854,23.854,23.838,23.854,23.838,23.846,23.861,23.892,23.877,23.877,23.892,23.877,23.884,23.884,23.877,23.861,23.846,23.846,23.861,23.838,23.861,23.846,23.854,23.823,23.861,23.869,23.838,23.854,23.846,23.846,23.861,23.838,23.838,23.831,23.823,23.823,23.823,23.808,23.8,23.808,23.808,23.816,23.823,23.816,23.816,23.816,23.8,23.808,23.793,23.785,23.816,23.793,23.808,23.816,23.785,23.808,23.816,23.77,23.785,23.8,23.785,23.838,23.823,23.816,23.831,23.823,23.823,23.808,23.777,23.77,23.755,23.762,23.762,23.77,23.77,23.808,23.77,23.777,23.8,23.8,23.838,23.816,23.861,23.816,23.8,23.785,23.785,23.793,23.793,23.793,23.785,23.793,23.793,23.793,23.785,23.785,23.777,23.8,23.762,23.8,23.793,23.808,23.8,23.785,23.8,23.785,23.77,23.785,23.808,23.816,23.8,23.785,23.793,23.785,23.777,23.709,23.777,23.762,23.755,23.77,23.716,23.724,23.777,23.739,23.747,23.785,23.747,23.755,23.77,23.739,23.77,23.777,23.8,23.823,23.755,23.77,23.777,23.739,23.693,23.716,23.709,23.739,23.762,23.747,23.8,23.747,23.755,23.777,23.739,23.747,23.716,23.732,23.739,23.732,23.747,23.77,23.762,23.755,23.732,23.739,23.709,23.77,23.732,23.732,23.678,23.671,23.701,23.671,23.671,23.671,23.762,23.777,23.762,23.755,23.755,23.785,23.739,23.762,23.755,23.755,23.762,23.77,23.77
,23.838,23.846,23.838,23.892,23.846,23.831,23.808,23.823,23.884,23.861,23.877,23.869,23.854,23.861,23.869,23.892,23.884,23.907,23.907,23.899,23.892,23.892,23.892,23.877,23.861,23.869,23.846,23.877,23.892,23.861,23.915,23.93,23.884,23.861,23.884,23.884,23.884,23.892,23.861,23.869,23.892,23.899,23.884,23.884,23.93,23.899,23.831,23.869,23.877,23.877,23.877,23.877,23.877,23.884,23.869,23.869,23.854,23.846,23.831,23.823,23.861,23.884,23.892,23.861,23.808,23.846,23.854,23.869,23.892,23.861,23.892,23.899,23.915,23.915,23.884,23.899,23.854,23.869,23.907,23.899,23.922,23.922,23.892,23.877,23.869,23.907,23.93,23.915,23.899,23.884,23.877,23.899,23.907,23.877,23.892,23.884,23.869,23.884,23.877,23.884,23.877,23.838,23.869,23.861,23.854,23.854,23.861,23.861,23.869,23.884,23.861,23.877,23.877,23.861,23.907,23.884,23.922,23.884,23.884,23.877,23.892,23.899,23.907,23.915,23.915,23.884,23.892,23.884,23.884,23.915,23.884,23.838,23.884,23.869,23.884,23.884,23.892,23.899,23.922,23.907,23.884,23.899,23.899,23.892,23.892,23.93,23.884,23.899,23.892,23.892,23.907,23.907,23.884,23.915,23.922,23.922,23.907,23.877,23.884,23.869,23.869,23.861,23.861,23.899,23.884,23.884,23.899,23.892,23.899,23.892,23.854,23.869,23.884,23.892,23.899,23.861,23.899,23.892,23.899,23.907,23.915,23.915,23.884,23.884,23.884,23.884,23.899,23.892,23.907,23.907,23.915,23.915,23.907,23.907,23.915,23.907,23.915,23.907,23.907,23.899,23.899,23.922,23.915,23.922,23.93,23.922,23.922,23.907,23.899,23.915,23.899,23.922,23.907,23.907,23.922,23.915,23.907,23.892,23.877,23.892,23.907,23.915,23.93,23.907,23.892,23.892,23.884,23.899,23.899,23.907,23.907,23.915,23.907,23.907,23.907,23.907,23.915,23.899,23.907,23.915,23.915,23.922,23.945,23.915,23.945,23.907,23.899,23.907,23.915,23.915,23.915,23.945,23.899,23.93,23.915,23.915,23.945,23.922,23.953,23.945,23.93,23.93,23.915,23.907,23.915,23.907,23.884,23.877,23.915,23.922,23.915,23.93,23.93,23.938,23.93,23.915,23.899,23.892,23.892,23.899,23.907,23.93,23.93,23.915,23.938,23.93,23.93,23.938,23.93,23.938,23.922,23.915,23.938,23.907,23.892,23.899,23.877,23.884,23.877,23.854,23.854,23.861,23.831,23.838,23.861,23.861,23.899,23.854,23.861,23.861,23.869,23.877,23.877,23.877,23.877,23.884,23.892,23.892,23.892,23.884,23.877,23.877,23.877,23.884,23.877,23.869,23.884,23.884,23.884,23.892,23.884,23.877,23.861,23.861,23.854,23.861,23.869,23.869,23.877,23.877,23.869,23.877,23.892,23.884,23.869,23.892,23.892,23.892,23.899,23.869,23.884,23.877,23.861,23.854,23.846,23.869,23.869,23.877,23.869,23.869,23.846,23.838,23.8,23.846,23.861,23.816,23.823,23.838,23.838,23.861,23.854,23.854,23.846,23.846,23.846,23.838,23.846,23.846,23.846,23.831,23.823,23.838,23.831,23.816,23.823,23.8,23.838,23.816,23.823,23.808,23.823,23.831,23.823,23.831,23.838,23.838,23.831,23.854,23.831,23.823,23.831,23.831,23.831,23.838,23.831,23.838,23.838,23.831,23.838,23.816,23.831,23.838,23.831,23.808,23.831,23.762,23.793,23.777,23.808,23.846,23.869,23.854,23.861,23.831,23.838,23.823,23.846,23.838,23.831,23.854,23.846,23.884,23.831,23.831,23.831,23.823,23.831,23.816,23.816,23.808,23.838,23.816,23.838,23.823,23.838,23.823,23.831,23.838,23.861,23.861,23.861,23.884,23.877,23.877,23.854,23.884,23.846,23.838,23.846,23.838,23.838,23.854,23.861,23.869,23.861,23.877,23.884,23.884,23.884,23.877,23.892,23.877,23.869,23.869,23.846,23.861,23.846,23.846,23.846,23.838,23.846,23.846,23.823,23.831,23.823,23.838,23.846,23.838,23.838,23.846,23.838,23.823,23.823,23.831,23.793,23.8,23.793,23.808,23.823,23.838,23.823,23.816,23.816,23.816,23.823,23.8,23.777,23.8,23.8,23.777,23.8,23.793,23.793,23.793,23.785,23.785,23.793,23.816,23.808,23.8,23.838,23.816,23.823,23.793,23.8,23.8,23.762,23.762,23.77,23.793,23.777,23.793,23.785,23.8,23.823,23.793,23.808,23.8,23.808,23.823,23.823,23.785,23.816,23.816,23.777,23.777,23.777,23.777,23.793,23.777,23.793,23.793,23.793,23.777,23.808,23.8,23.777,23.8,23.8,23.8,23.785,23.793,23.762,23.793,23.785,23.808,23.816,23.785,23.808,23.777,23.739,23.777,23.747,23.716,23.747,23.739,23.724,23.755,23.724,23.823,23.793,23.762,23.732,23.755,23.755,23.762,23.755,23.762,23.777,23.777,23.785,23.777,23.77,23.8,23.732,23.701,23.724,23.724,23.716,23.716,23.701,23.732,23.785,23.785,23.793,23.777,23.739,23.701,23.701,23.701,23.716,23.77,23.785,23.793,23.77,23.732,23.762,23.724,23.755,23.701,23.701,23.693,23.678,23.701,23.701,23.709,23.701,23.747,23.8,23.793,23.816,23.732,23.732,23.785,23.777,23.77,23.762,23.747,23.739,23.739
,23.831,23.838,23.846,23.877,23.861,23.838,23.854,23.838,23.854,23.846,23.823,23.861,23.861,23.846,23.884,23.877,23.861,23.922,23.884,23.93,23.915,23.892,23.907,23.899,23.884,23.877,23.869,23.861,23.884,23.892,23.899,23.907,23.884,23.869,23.869,23.884,23.877,23.892,23.884,23.869,23.892,23.899,23.892,23.907,23.899,23.884,23.915,23.823,23.823,23.831,23.846,23.877,23.877,23.869,23.877,23.869,23.854,23.854,23.854,23.823,23.846,23.869,23.854,23.838,23.831,23.831,23.854,23.869,23.877,23.869,23.892,23.892,23.899,23.892,23.854,23.823,23.838,23.838,23.877,23.861,23.899,23.915,23.884,23.899,23.899,23.938,23.915,23.907,23.892,23.877,23.877,23.884,23.892,23.892,23.892,23.861,23.854,23.884,23.877,23.907,23.884,23.884,23.869,23.854,23.846,23.854,23.854,23.854,23.869,23.869,23.869,23.854,23.838,23.922,23.854,23.892,23.877,23.884,23.877,23.846,23.869,23.899,23.899,23.907,23.915,23.907,23.899,23.899,23.869,23.877,23.884,23.884,23.884,23.899,23.884,23.899,23.892,23.884,23.892,23.899,23.892,23.892,23.907,23.907,23.93,23.899,23.899,23.899,23.899,23.899,23.907,23.915,23.922,23.93,23.93,23.915,23.922,23.922,23.899,23.884,23.877,23.861,23.884,23.877,23.877,23.884,23.884,23.884,23.884,23.907,23.838,23.877,23.892,23.869,23.884,23.899,23.869,23.899,23.899,23.907,23.899,23.892,23.892,23.892,23.861,23.861,23.884,23.884,23.907,23.915,23.915,23.907,23.899,23.899,23.899,23.922,23.915,23.93,23.907,23.907,23.884,23.892,23.915,23.922,23.93,23.93,23.938,23.922,23.892,23.922,23.907,23.922,23.915,23.892,23.907,23.922,23.884,23.869,23.869,23.892,23.877,23.915,23.915,23.877,23.892,23.869,23.884,23.907,23.907,23.907,23.884,23.892,23.899,23.915,23.907,23.899,23.907,23.899,23.892,23.922,23.922,23.93,23.938,23.938,23.953,23.938,23.907,23.899,23.907,23.93,23.938,23.938,23.93,23.915,23.892,23.899,23.922,23.907,23.915,23.922,23.915,23.915,23.915,23.915,23.899,23.907,23.892,23.892,23.899,23.93,23.938,23.93,23.93,23.922,23.922,23.907,23.907,23.915,23.899,23.907,23.96,23.915,23.922,23.915,23.93,23.915,23.922,23.938,23.93,23.938,23.938,23.922,23.922,23.907,23.899,23.877,23.877,23.892,23.892,23.861,23.846,23.846,23.846,23.846,23.854,23.854,23.861,23.884,23.869,23.877,23.869,23.877,23.877,23.869,23.884,23.884,23.877,23.884,23.884,23.877,23.877,23.869,23.877,23.861,23.877,23.892,23.884,23.884,23.892,23.884,23.869,23.877,23.869,23.854,23.861,23.869,23.869,23.877,23.877,23.869,23.877,23.869,23.869,23.846,23.861,23.869,23.869,23.877,23.884,23.877,23.899,23.877,23.877,23.846,23.854,23.861,23.877,23.884,23.877,23.846,23.854,23.838,23.854,23.838,23.854,23.823,23.838,23.838,23.846,23.846,23.846,23.846,23.838,23.846,23.838,23.838,23.846,23.838,23.846,23.846,23.838,23.846,23.838,23.816,23.816,23.831,23.816,23.793,23.785,23.823,23.816,23.831,23.823,23.838,23.838,23.838,23.831,23.838,23.823,23.831,23.823,23.816,23.846,23.831,23.846,23.854,23.838,23.838,23.838,23.816,23.808,23.838,23.816,23.823,23.816,23.808,23.816,23.8,23.808,23.816,23.793,23.823,23.823,23.831,23.846,23.838,23.838,23.823,23.831,23.838,23.831,23.854,23.838,23.831,23.823,23.823,23.816,23.831,23.816,23.838,23.816,23.823,23.861,23.816,23.816,23.823,23.816,23.838,23.861,23.846,23.869,23.854,23.854,23.899,23.877,23.861,23.869,23.831,23.846,23.846,23.846,23.854,23.846,23.854,23.884,23.877,23.877,23.854,23.877,23.884,23.869,23.861,23.854,23.877,23.854,23.846,23.854,23.838,23.831,23.823,23.831,23.846,23.846,23.854,23.838,23.838,23.838,23.846,23.846,23.816,23.816,23.808,23.823,23.816,23.8,23.793,23.793,23.808,23.8,23.831,23.823,23.8,23.823,23.816,23.823,23.816,23.785,23.77,23.785,23.808,23.8,23.808,23.808,23.785,23.808,23.785,23.793,23.793,23.785,23.8,23.854,23.808,23.846,23.846,23.8,23.777,23.762,23.785,23.785,23.777,23.77,23.785,23.77,23.785,23.793,23.846,23.823,23.793,23.831,23.816,23.816,23.823,23.823,23.785,23.785,23.8,23.785,23.785,23.77,23.777,23.785,23.785,23.77,23.777,23.785,23.755,23.777,23.762,23.77,23.777,23.755,23.762,23.777,23.785,23.785,23.793,23.793,23.8,23.808,23.77,23.755,23.762,23.755,23.739,23.701,23.739,23.77,23.732,23.793,23.732,23.724,23.762,23.777,23.77,23.785,23.77,23.777,23.755,23.747,23.793,23.785,23.77,23.755,23.709,23.747,23.732,23.724,23.785,23.701,23.739,23.747,23.732,23.701,23.762,23.732,23.724,23.716,23.693,23.686,23.678,23.739,23.724,23.8,23.762,23.755,23.732,23.716,23.709,23.693,23.693,23.709,23.686,23.693,23.663,23.671,23.716,23.716,23.793,23.831,23.816,23.777,23.755,23.686,23.739,23.732,23.77,23.755,23.747,23.716,23.693
,23.831,23.854,23.861,23.861,23.884,23.938,23.869,23.884,23.846,23.861,23.854,23.846,23.854,23.877,23.861,23.899,23.907,23.899,23.907,23.922,23.938,23.922,23.915,23.892,23.877,23.884,23.861,23.861,23.877,23.899,23.907,23.922,23.915,23.907,23.869,23.877,23.861,23.854,23.869,23.877,23.877,23.869,23.892,23.892,23.869,23.922,23.892,23.846,23.884,23.861,23.869,23.869,23.884,23.869,23.869,23.869,23.877,23.861,23.846,23.838,23.8,23.846,23.846,23.846,23.838,23.831,23.838,23.854,23.884,23.854,23.869,23.892,23.915,23.869,23.854,23.831,23.838,23.831,23.846,23.877,23.877,23.884,23.877,23.892,23.861,23.93,23.93,23.884,23.93,23.869,23.884,23.892,23.877,23.877,23.869,23.861,23.861,23.869,23.877,23.892,23.884,23.907,23.869,23.877,23.854,23.854,23.861,23.861,23.869,23.846,23.816,23.899,23.907,23.854,23.869,23.884,23.877,23.884,23.877,23.877,23.884,23.892,23.907,23.915,23.899,23.907,23.907,23.915,23.884,23.907,23.899,23.892,23.899,23.892,23.899,23.892,23.892,23.899,23.899,23.922,23.922,23.915,23.907,23.899,23.907,23.892,23.899,23.892,23.922,23.915,23.907,23.915,23.915,23.907,23.93,23.938,23.938,23.93,23.892,23.899,23.877,23.869,23.854,23.877,23.884,23.877,23.884,23.884,23.884,23.884,23.899,23.884,23.884,23.861,23.907,23.892,23.915,23.907,23.907,23.915,23.915,23.915,23.892,23.899,23.892,23.869,23.884,23.884,23.907,23.915,23.899,23.899,23.892,23.899,23.892,23.938,23.938,23.915,23.915,23.907,23.899,23.884,23.907,23.915,23.922,23.922,23.922,23.922,23.915,23.93,23.922,23.922,23.892,23.899,23.899,23.93,23.884,23.884,23.892,23.869,23.899,23.907,23.907,23.899,23.915,23.877,23.861,23.907,23.892,23.884,23.899,23.907,23.907,23.907,23.892,23.892,23.899,23.907,23.892,23.922,23.922,23.953,23.945,23.945,23.953,23.93,23.922,23.915,23.93,23.93,23.93,23.93,23.915,23.907,23.915,23.899,23.907,23.907,23.915,23.899,23.907,23.915,23.907,23.915,23.899,23.892,23.915,23.907,23.915,23.899,23.907,23.93,23.907,23.907,23.915,23.899,23.907,23.907,23.907,23.968,23.907,23.907,23.922,23.907,23.93,23.922,23.938,23.938,23.922,23.93,23.93,23.93,23.922,23.907,23.899,23.899,23.899,23.899,23.899,23.869,23.854,23.854,23.846,23.854,23.869,23.884,23.877,23.877,23.892,23.884,23.884,23.877,23.877,23.884,23.877,23.884,23.869,23.861,23.877,23.877,23.869,23.892,23.899,23.922,23.892,23.899,23.892,23.884,23.907,23.892,23.899,23.884,23.877,23.854,23.854,23.877,23.869,23.884,23.877,23.861,23.892,23.869,23.869,23.869,23.884,23.869,23.861,23.869,23.869,23.884,23.884,23.892,23.877,23.861,23.861,23.861,23.877,23.899,23.869,23.861,23.831,23.846,23.846,23.831,23.861,23.854,23.816,23.846,23.838,23.854,23.861,23.846,23.846,23.846,23.838,23.854,23.846,23.846,23.846,23.846,23.846,23.838,23.831,23.831,23.823,23.816,23.838,23.8,23.823,23.808,23.823,23.816,23.823,23.831,23.838,23.838,23.846,23.838,23.823,23.823,23.823,23.831,23.846,23.846,23.854,23.846,23.861,23.846,23.854,23.831,23.823,23.816,23.816,23.831,23.777,23.823,23.8,23.808,23.793,23.808,23.823,23.831,23.831,23.831,23.831,23.831,23.831,23.854,23.838,23.838,23.846,23.808,23.831,23.831,23.831,23.831,23.838,23.823,23.808,23.823,23.816,23.846,23.838,23.816,23.838,23.823,23.831,23.838,23.846,23.869,23.877,23.861,23.884,23.877,23.877,23.869,23.831,23.831,23.846,23.838,23.846,23.846,23.861,23.846,23.854,23.869,23.884,23.877,23.869,23.854,23.861,23.861,23.861,23.869,23.846,23.846,23.854,23.831,23.831,23.838,23.823,23.823,23.854,23.854,23.831,23.838,23.831,23.838,23.838,23.838,23.838,23.808,23.816,23.816,23.8,23.785,23.777,23.785,23.785,23.808,23.793,23.816,23.823,23.816,23.831,23.793,23.793,23.777,23.77,23.816,23.816,23.793,23.762,23.777,23.785,23.8,23.808,23.816,23.816,23.808,23.808,23.846,23.838,23.777,23.8,23.793,23.793,23.777,23.8,23.793,23.816,23.755,23.77,23.732,23.777,23.793,23.77,23.808,23.823,23.854,23.846,23.823,23.793,23.8,23.785,23.785,23.8,23.762,23.747,23.8,23.777,23.77,23.777,23.77,23.785,23.793,23.739,23.77,23.777,23.77,23.755,23.77,23.747,23.777,23.77,23.785,23.808,23.808,23.808,23.785,23.793,23.739,23.777,23.724,23.739,23.747,23.762,23.777,23.724,23.762,23.755,23.762,23.785,23.777,23.762,23.793,23.777,23.8,23.762,23.755,23.77,23.747,23.724,23.762,23.739,23.739,23.808,23.747,23.755,23.747,23.762,23.724,23.785,23.755,23.747,23.724,23.716,23.709,23.693,23.686,23.716,23.724,23.739,23.762,23.739,23.793,23.755,23.724,23.724,23.671,23.716,23.678,23.693,23.701,23.724,23.739,23.716,23.755,23.762,23.709,23.823,23.755,23.777,23.716,23.755,23.762,23.701,23.739,23.747,23.678
,23.854,23.869,23.861,23.808,23.899,23.877,23.899,23.869,23.877,23.838,23.838,23.831,23.854,23.869,23.877,23.877,23.892,23.899,23.953,23.96,23.899,23.93,23.915,23.892,23.884,23.877,23.869,23.869,23.892,23.877,23.899,23.915,23.899,23.884,23.869,23.877,23.877,23.869,23.846,23.869,23.861,23.861,23.892,23.884,23.892,23.861,23.854,23.816,23.861,23.854,23.831,23.854,23.884,23.861,23.884,23.884,23.877,23.861,23.877,23.884,23.831,23.831,23.846,23.831,23.846,23.838,23.838,23.884,23.869,23.861,23.877,23.892,23.892,23.838,23.884,23.861,23.831,23.846,23.854,23.846,23.861,23.869,23.854,23.884,23.907,23.922,23.922,23.854,23.945,23.869,23.861,23.884,23.884,23.869,23.877,23.846,23.861,23.869,23.877,23.884,23.884,23.877,23.884,23.892,23.892,23.854,23.869,23.877,23.869,23.846,23.831,23.831,23.907,23.915,23.907,23.877,23.877,23.892,23.877,23.892,23.892,23.907,23.899,23.899,23.915,23.899,23.907,23.907,23.899,23.938,23.899,23.892,23.907,23.907,23.915,23.884,23.884,23.877,23.892,23.907,23.884,23.93,23.915,23.907,23.907,23.922,23.899,23.892,23.892,23.915,23.922,23.907,23.907,23.915,23.899,23.907,23.922,23.907,23.915,23.877,23.877,23.877,23.846,23.854,23.869,23.892,23.899,23.877,23.884,23.877,23.877,23.892,23.877,23.884,23.899,23.884,23.884,23.915,23.892,23.892,23.915,23.922,23.915,23.899,23.884,23.877,23.915,23.899,23.907,23.922,23.907,23.899,23.892,23.892,23.899,23.93,23.907,23.915,23.922,23.922,23.907,23.907,23.899,23.915,23.922,23.93,23.922,23.915,23.907,23.938,23.907,23.922,23.922,23.892,23.915,23.953,23.953,23.93,23.899,23.907,23.892,23.922,23.907,23.899,23.892,23.884,23.892,23.899,23.877,23.877,23.907,23.915,23.915,23.915,23.899,23.892,23.915,23.915,23.922,23.938,23.938,23.945,23.945,23.96,23.953,23.945,23.915,23.922,23.915,23.93,23.938,23.938,23.915,23.899,23.892,23.892,23.892,23.884,23.907,23.899,23.892,23.907,23.907,23.907,23.899,23.899,23.884,23.899,23.907,23.892,23.899,23.915,23.907,23.915,23.907,23.907,23.915,23.907,23.899,23.915,23.899,23.907,23.915,23.915,23.915,23.938,23.922,23.915,23.915,23.93,23.922,23.93,23.93,23.93,23.907,23.899,23.899,23.899,23.907,23.884,23.846,23.838,23.846,23.861,23.877,23.884,23.899,23.907,23.907,23.907,23.884,23.884,23.884,23.869,23.869,23.869,23.869,23.854,23.861,23.869,23.907,23.915,23.915,23.899,23.884,23.899,23.884,23.884,23.899,23.907,23.892,23.846,23.892,23.861,23.869,23.877,23.877,23.884,23.892,23.884,23.884,23.869,23.854,23.869,23.861,23.877,23.869,23.854,23.846,23.869,23.884,23.884,23.877,23.846,23.846,23.854,23.869,23.869,23.899,23.877,23.846,23.846,23.838,23.846,23.823,23.846,23.816,23.831,23.838,23.846,23.854,23.854,23.854,23.846,23.846,23.838,23.823,23.831,23.816,23.846,23.831,23.838,23.838,23.846,23.838,23.838,23.816,23.816,23.808,23.816,23.808,23.823,23.823,23.823,23.823,23.831,23.838,23.838,23.808,23.823,23.838,23.831,23.854,23.846,23.854,23.869,23.854,23.838,23.823,23.823,23.816,23.816,23.831,23.823,23.823,23.816,23.793,23.8,23.793,23.8,23.808,23.816,23.831,23.823,23.838,23.846,23.838,23.823,23.808,23.823,23.846,23.823,23.846,23.831,23.831,23.838,23.816,23.823,23.816,23.831,23.831,23.831,23.816,23.838,23.846,23.831,23.838,23.854,23.846,23.861,23.861,23.869,23.846,23.854,23.854,23.838,23.831,23.823,23.838,23.846,23.846,23.854,23.877,23.877,23.869,23.854,23.846,23.854,23.831,23.808,23.823,23.854,23.838,23.838,23.854,23.854,23.861,23.838,23.838,23.816,23.838,23.831,23.831,23.846,23.838,23.831,23.838,23.823,23.831,23.816,23.823,23.8,23.808,23.808,23.793,23.785,23.785,23.77,23.77,23.785,23.777,23.785,23.808,23.808,23.816,23.8,23.77,23.816,23.77,23.8,23.808,23.785,23.785,23.762,23.793,23.793,23.808,23.808,23.831,23.816,23.8,23.808,23.831,23.816,23.755,23.777,23.823,23.8,23.808,23.816,23.777,23.77,23.755,23.739,23.777,23.808,23.777,23.8,23.823,23.831,23.8,23.816,23.808,23.793,23.8,23.785,23.8,23.823,23.785,23.762,23.77,23.777,23.785,23.77,23.755,23.777,23.793,23.77,23.77,23.747,23.747,23.762,23.77,23.77,23.777,23.777,23.808,23.808,23.808,23.816,23.739,23.739,23.747,23.724,23.747,23.747,23.777,23.77,23.755,23.808,23.77,23.755,23.77,23.816,23.777,23.793,23.77,23.755,23.762,23.785,23.755,23.77,23.732,23.739,23.732,23.739,23.755,23.724,23.762,23.747,23.739,23.808,23.755,23.739,23.793,23.724,23.724,23.716,23.663,23.724,23.693,23.747,23.762,23.693,23.724,23.732,23.701,23.747,23.686,23.739,23.678,23.693,23.724,23.716,23.648,23.755,23.716,23.709,23.747,23.739,23.732,23.724,23.755,23.747,23.709,23.709,23.663,23.709,23.686,23.64
,23.854,23.861,23.854,23.861,23.884,23.892,23.892,23.846,23.846,23.816,23.831,23.831,23.838,23.861,23.884,23.899,23.892,23.899,23.945,23.968,23.953,23.938,23.892,23.907,23.884,23.877,23.838,23.854,23.869,23.884,23.907,23.899,23.892,23.892,23.861,23.877,23.869,23.869,23.854,23.854,23.922,23.877,23.93,23.915,23.907,23.915,23.854,23.884,23.892,23.861,23.854,23.899,23.877,23.884,23.877,23.884,23.907,23.869,23.861,23.838,23.823,23.846,23.846,23.846,23.854,23.869,23.869,23.869,23.861,23.884,23.884,23.869,23.854,23.869,23.861,23.861,23.846,23.854,23.861,23.854,23.854,23.877,23.861,23.884,23.899,23.907,23.93,23.922,23.884,23.915,23.907,23.899,23.922,23.877,23.869,23.877,23.861,23.854,23.877,23.861,23.869,23.899,23.899,23.907,23.907,23.892,23.907,23.892,23.899,23.861,23.846,23.846,23.854,23.877,23.915,23.899,23.907,23.892,23.899,23.892,23.899,23.892,23.899,23.907,23.907,23.899,23.915,23.907,23.899,23.907,23.892,23.899,23.922,23.899,23.884,23.899,23.915,23.907,23.907,23.899,23.93,23.884,23.915,23.922,23.922,23.892,23.892,23.907,23.899,23.907,23.892,23.899,23.899,23.915,23.884,23.915,23.892,23.907,23.915,23.892,23.861,23.861,23.854,23.854,23.884,23.877,23.892,23.884,23.892,23.884,23.877,23.884,23.892,23.884,23.892,23.892,23.899,23.884,23.899,23.907,23.922,23.922,23.938,23.899,23.907,23.907,23.915,23.907,23.938,23.93,23.907,23.899,23.907,23.899,23.899,23.915,23.915,23.915,23.922,23.915,23.899,23.907,23.915,23.915,23.93,23.907,23.922,23.922,23.915,23.922,23.922,23.915,23.922,23.922,23.938,23.938,23.899,23.915,23.915,23.915,23.938,23.922,23.938,23.922,23.907,23.915,23.907,23.884,23.907,23.907,23.922,23.915,23.907,23.892,23.899,23.892,23.899,23.907,23.922,23.93,23.938,23.945,23.938,23.93,23.953,23.938,23.93,23.922,23.922,23.922,23.922,23.915,23.907,23.899,23.884,23.884,23.884,23.877,23.884,23.892,23.899,23.899,23.899,23.892,23.899,23.892,23.899,23.884,23.899,23.907,23.892,23.922,23.93,23.915,23.915,23.915,23.915,23.907,23.907,23.915,23.899,23.907,23.922,23.915,23.938,23.922,23.915,23.915,23.915,23.915,23.93,23.93,23.915,23.915,23.915,23.907,23.907,23.915,23.907,23.892,23.861,23.861,23.846,23.869,23.884,23.922,23.915,23.945,23.945,23.899,23.899,23.884,23.877,23.877,23.861,23.869,23.877,23.854,23.877,23.861,23.877,23.877,23.915,23.899,23.884,23.892,23.899,23.899,23.892,23.899,23.892,23.892,23.892,23.892,23.884,23.899,23.869,23.915,23.861,23.877,23.861,23.861,23.869,23.869,23.877,23.877,23.854,23.854,23.854,23.869,23.884,23.877,23.869,23.846,23.838,23.838,23.854,23.877,23.877,23.861,23.838,23.846,23.838,23.846,23.846,23.846,23.831,23.861,23.854,23.854,23.854,23.846,23.854,23.846,23.846,23.846,23.8,23.823,23.823,23.808,23.854,23.838,23.838,23.854,23.831,23.831,23.823,23.823,23.8,23.808,23.808,23.816,23.816,23.816,23.823,23.831,23.823,23.823,23.808,23.838,23.831,23.816,23.838,23.861,23.869,23.846,23.861,23.838,23.823,23.816,23.816,23.823,23.816,23.816,23.831,23.808,23.8,23.8,23.8,23.8,23.793,23.816,23.854,23.808,23.831,23.823,23.816,23.823,23.785,23.823,23.823,23.838,23.838,23.838,23.869,23.8,23.831,23.816,23.816,23.816,23.838,23.846,23.846,23.877,23.854,23.838,23.846,23.854,23.846,23.861,23.877,23.831,23.854,23.831,23.838,23.846,23.831,23.869,23.838,23.846,23.861,23.861,23.869,23.877,23.854,23.854,23.838,23.831,23.823,23.831,23.838,23.861,23.846,23.861,23.854,23.854,23.854,23.846,23.854,23.854,23.861,23.838,23.838,23.861,23.838,23.846,23.838,23.831,23.823,23.816,23.816,23.816,23.8,23.8,23.8,23.785,23.785,23.785,23.762,23.785,23.777,23.777,23.816,23.8,23.8,23.793,23.777,23.762,23.793,23.808,23.793,23.785,23.808,23.77,23.777,23.8,23.808,23.808,23.823,23.8,23.816,23.777,23.793,23.808,23.793,23.846,23.793,23.816,23.793,23.8,23.808,23.755,23.77,23.762,23.762,23.785,23.816,23.816,23.808,23.816,23.838,23.816,23.808,23.816,23.8,23.785,23.785,23.762,23.77,23.77,23.77,23.777,23.762,23.777,23.755,23.777,23.739,23.77,23.762,23.77,23.762,23.777,23.755,23.785,23.762,23.777,23.808,23.793,23.816,23.8,23.762,23.739,23.77,23.755,23.762,23.747,23.724,23.732,23.747,23.724,23.732,23.77,23.777,23.755,23.808,23.762,23.831,23.77,23.777,23.785,23.755,23.77,23.732,23.747,23.739,23.77,23.747,23.747,23.762,23.785,23.755,23.77,23.793,23.762,23.77,23.701,23.739,23.701,23.755,23.732,23.686,23.686,23.693,23.709,23.716,23.709,23.724,23.709,23.709,23.671,23.716,23.716,23.709,23.732,23.716,23.701,23.709,23.739,23.77,23.747,23.739,23.739,23.732,23.701,23.701,23.724,23.663,23.693,23.701,23.655
,23.869,23.869,23.869,23.854,23.869,23.8,23.877,23.884,23.861,23.831,23.869,23.816,23.838,23.869,23.884,23.915,23.953,23.968,23.869,23.915,23.922,23.869,23.899,23.861,23.854,23.854,23.846,23.823,23.869,23.877,23.877,23.892,23.892,23.892,23.877,23.869,23.861,23.854,23.854,23.846,23.899,23.884,23.899,23.907,23.884,23.892,23.899,23.884,23.877,23.869,23.907,23.884,23.884,23.892,23.884,23.899,23.892,23.877,23.854,23.869,23.854,23.846,23.861,23.854,23.854,23.877,23.869,23.877,23.892,23.884,23.854,23.877,23.861,23.869,23.854,23.854,23.877,23.861,23.854,23.854,23.854,23.861,23.846,23.892,23.854,23.899,23.93,23.892,23.915,23.899,23.884,23.884,23.892,23.877,23.846,23.823,23.846,23.838,23.861,23.861,23.846,23.861,23.877,23.877,23.884,23.899,23.884,23.877,23.884,23.869,23.854,23.899,23.899,23.915,23.892,23.945,23.892,23.877,23.892,23.907,23.907,23.899,23.899,23.907,23.922,23.869,23.899,23.915,23.899,23.907,23.922,23.907,23.922,23.892,23.899,23.915,23.907,23.899,23.899,23.899,23.907,23.907,23.899,23.892,23.884,23.899,23.884,23.892,23.899,23.892,23.899,23.877,23.892,23.892,23.899,23.93,23.899,23.884,23.892,23.861,23.869,23.846,23.846,23.861,23.861,23.869,23.884,23.907,23.899,23.884,23.884,23.892,23.892,23.892,23.907,23.884,23.892,23.892,23.907,23.915,23.915,23.915,23.922,23.915,23.93,23.899,23.922,23.915,23.922,23.93,23.899,23.907,23.915,23.899,23.907,23.938,23.899,23.915,23.915,23.922,23.922,23.907,23.915,23.915,23.938,23.922,23.922,23.915,23.892,23.899,23.922,23.922,23.915,23.915,23.93,23.945,23.953,23.93,23.922,23.938,23.945,23.953,23.915,23.93,23.93,23.907,23.907,23.899,23.899,23.907,23.899,23.907,23.907,23.915,23.892,23.877,23.892,23.899,23.922,23.922,23.938,23.915,23.907,23.907,23.915,23.907,23.915,23.915,23.915,23.915,23.922,23.915,23.907,23.915,23.899,23.884,23.884,23.869,23.877,23.884,23.892,23.899,23.892,23.892,23.892,23.892,23.892,23.877,23.884,23.892,23.899,23.907,23.922,23.922,23.93,23.915,23.907,23.899,23.892,23.907,23.907,23.907,23.915,23.93,23.922,23.915,23.899,23.907,23.899,23.915,23.915,23.922,23.93,23.915,23.922,23.915,23.907,23.892,23.899,23.869,23.877,23.831,23.884,23.869,23.884,23.907,23.93,23.93,23.915,23.907,23.899,23.892,23.884,23.869,23.877,23.838,23.884,23.854,23.846,23.869,23.877,23.884,23.907,23.899,23.915,23.884,23.892,23.899,23.899,23.899,23.899,23.884,23.907,23.892,23.907,23.907,23.907,23.877,23.884,23.884,23.869,23.884,23.884,23.877,23.884,23.877,23.877,23.869,23.854,23.854,23.877,23.877,23.869,23.831,23.823,23.846,23.846,23.907,23.861,23.846,23.831,23.846,23.838,23.823,23.846,23.838,23.846,23.854,23.854,23.846,23.846,23.846,23.861,23.846,23.846,23.816,23.8,23.808,23.8,23.793,23.808,23.816,23.816,23.816,23.823,23.816,23.838,23.8,23.8,23.8,23.808,23.816,23.816,23.831,23.823,23.823,23.831,23.823,23.816,23.8,23.808,23.831,23.838,23.877,23.861,23.854,23.838,23.846,23.823,23.8,23.808,23.816,23.816,23.808,23.808,23.838,23.8,23.8,23.808,23.785,23.808,23.816,23.808,23.808,23.823,23.808,23.823,23.816,23.816,23.8,23.808,23.854,23.846,23.838,23.846,23.808,23.823,23.8,23.816,23.808,23.831,23.861,23.854,23.823,23.846,23.854,23.838,23.861,23.854,23.869,23.838,23.838,23.838,23.838,23.831,23.846,23.831,23.831,23.869,23.854,23.869,23.869,23.877,23.869,23.877,23.854,23.838,23.816,23.838,23.838,23.838,23.869,23.861,23.877,23.877,23.869,23.861,23.846,23.846,23.854,23.823,23.846,23.838,23.854,23.838,23.831,23.823,23.823,23.854,23.816,23.823,23.816,23.8,23.793,23.8,23.793,23.785,23.785,23.777,23.785,23.777,23.8,23.793,23.785,23.785,23.8,23.785,23.762,23.793,23.785,23.808,23.8,23.8,23.777,23.785,23.8,23.816,23.808,23.808,23.793,23.785,23.808,23.793,23.777,23.823,23.808,23.793,23.8,23.777,23.8,23.8,23.793,23.8,23.755,23.777,23.8,23.808,23.831,23.816,23.823,23.808,23.8,23.8,23.8,23.793,23.785,23.777,23.77,23.77,23.777,23.793,23.77,23.762,23.77,23.777,23.777,23.762,23.77,23.762,23.77,23.785,23.785,23.77,23.777,23.762,23.777,23.785,23.777,23.8,23.785,23.716,23.739,23.747,23.739,23.747,23.747,23.747,23.716,23.739,23.747,23.739,23.732,23.716,23.777,23.762,23.808,23.777,23.793,23.816,23.762,23.755,23.77,23.739,23.762,23.732,23.724,23.739,23.747,23.732,23.762,23.777,23.755,23.77,23.785,23.777,23.762,23.716,23.732,23.693,23.732,23.747,23.671,23.709,23.686,23.724,23.686,23.686,23.663,23.671,23.663,23.655,23.716,23.693,23.686,23.701,23.716,23.663,23.732,23.739,23.716,23.747,23.747,23.732,23.716,23.716,23.701,23.663,23.671,23.678,23.693
,23.877,23.861,23.846,23.854,23.846,23.816,23.831,23.869,23.854,23.831,23.831,23.816,23.861,23.892,23.899,23.884,23.93,23.869,24.029,23.846,23.861,23.915,23.846,23.854,23.861,23.869,23.846,23.846,23.838,23.816,23.823,23.861,23.877,23.877,23.884,23.869,23.861,23.869,23.877,23.861,23.877,23.869,23.869,23.846,23.884,23.892,23.877,23.869,23.861,23.922,23.861,23.861,23.877,23.884,23.869,23.861,23.823,23.869,23.861,23.846,23.823,23.854,23.823,23.877,23.877,23.869,23.892,23.884,23.892,23.861,23.861,23.854,23.861,23.877,23.869,23.869,23.877,23.869,23.869,23.854,23.854,23.854,23.877,23.869,23.846,23.831,23.854,23.869,23.846,23.861,23.877,23.877,23.892,23.838,23.861,23.861,23.838,23.831,23.846,23.846,23.831,23.854,23.884,23.877,23.907,23.922,23.854,23.884,23.884,23.854,23.831,23.854,23.892,23.922,23.922,23.899,23.899,23.877,23.915,23.899,23.907,23.915,23.892,23.892,23.861,23.907,23.884,23.899,23.899,23.915,23.922,23.93,23.915,23.922,23.915,23.899,23.907,23.907,23.899,23.892,23.907,23.884,23.884,23.892,23.877,23.899,23.892,23.884,23.892,23.877,23.854,23.884,23.884,23.899,23.884,23.899,23.869,23.869,23.877,23.861,23.861,23.869,23.854,23.877,23.869,23.892,23.884,23.892,23.892,23.907,23.915,23.907,23.907,23.899,23.892,23.899,23.892,23.892,23.892,23.922,23.915,23.915,23.922,23.945,23.915,23.93,23.938,23.93,23.915,23.915,23.93,23.93,23.907,23.922,23.915,23.953,23.907,23.915,23.915,23.922,23.915,23.915,23.922,23.915,23.922,23.938,23.907,23.915,23.884,23.892,23.907,23.922,23.915,23.938,23.93,23.938,23.922,23.922,23.938,23.945,23.953,23.945,23.96,23.899,23.907,23.915,23.907,23.899,23.899,23.899,23.915,23.922,23.907,23.892,23.892,23.884,23.884,23.899,23.907,23.915,23.907,23.899,23.869,23.907,23.892,23.907,23.899,23.899,23.899,23.907,23.922,23.922,23.93,23.907,23.892,23.884,23.869,23.869,23.884,23.884,23.892,23.899,23.892,23.892,23.884,23.884,23.884,23.877,23.877,23.877,23.899,23.938,23.938,23.93,23.922,23.915,23.907,23.892,23.884,23.899,23.899,23.915,23.915,23.922,23.93,23.899,23.915,23.915,23.907,23.915,23.907,23.93,23.93,23.922,23.915,23.922,23.907,23.899,23.892,23.884,23.884,23.831,23.861,23.877,23.899,23.907,23.93,23.945,23.93,23.915,23.899,23.899,23.877,23.884,23.877,23.861,23.854,23.831,23.846,23.869,23.869,23.884,23.899,23.892,23.892,23.884,23.892,23.899,23.899,23.899,23.899,23.899,23.884,23.892,23.907,23.907,23.892,23.892,23.915,23.854,23.892,23.869,23.884,23.884,23.892,23.884,23.877,23.877,23.861,23.854,23.877,23.869,23.869,23.877,23.831,23.816,23.823,23.838,23.861,23.854,23.846,23.831,23.838,23.831,23.831,23.846,23.846,23.846,23.838,23.838,23.838,23.838,23.854,23.846,23.846,23.823,23.808,23.8,23.8,23.8,23.8,23.808,23.808,23.823,23.846,23.816,23.808,23.793,23.808,23.8,23.8,23.8,23.823,23.823,23.831,23.816,23.816,23.823,23.808,23.823,23.808,23.823,23.838,23.854,23.861,23.861,23.838,23.831,23.808,23.816,23.808,23.808,23.823,23.816,23.808,23.823,23.8,23.808,23.793,23.808,23.8,23.816,23.808,23.823,23.808,23.816,23.816,23.816,23.816,23.823,23.838,23.846,23.846,23.854,23.846,23.816,23.816,23.808,23.808,23.823,23.823,23.823,23.892,23.823,23.838,23.846,23.846,23.861,23.854,23.846,23.861,23.823,23.808,23.831,23.854,23.854,23.854,23.854,23.861,23.854,23.869,23.884,23.884,23.869,23.854,23.854,23.838,23.823,23.823,23.831,23.869,23.877,23.869,23.877,23.869,23.877,23.861,23.869,23.846,23.831,23.823,23.838,23.861,23.838,23.823,23.846,23.831,23.823,23.823,23.816,23.808,23.816,23.808,23.793,23.8,23.8,23.8,23.8,23.793,23.8,23.793,23.8,23.785,23.831,23.793,23.785,23.762,23.762,23.762,23.77,23.808,23.755,23.785,23.793,23.793,23.808,23.793,23.8,23.785,23.816,23.785,23.831,23.793,23.785,23.8,23.785,23.777,23.793,23.762,23.785,23.793,23.762,23.8,23.793,23.8,23.808,23.808,23.823,23.816,23.8,23.808,23.8,23.8,23.8,23.793,23.785,23.762,23.762,23.77,23.785,23.785,23.816,23.793,23.747,23.777,23.716,23.755,23.739,23.739,23.739,23.777,23.777,23.77,23.785,23.77,23.77,23.777,23.77,23.762,23.762,23.762,23.747,23.739,23.77,23.747,23.739,23.747,23.716,23.762,23.747,23.732,23.716,23.724,23.732,23.755,23.724,23.732,23.755,23.77,23.77,23.785,23.716,23.747,23.716,23.739,23.724,23.716,23.732,23.732,23.709,23.755,23.724,23.8,23.793,23.77,23.716,23.732,23.716,23.732,23.716,23.732,23.724,23.701,23.709,23.701,23.693,23.686,23.693,23.701,23.655,23.663,23.678,23.732,23.663,23.671,23.693,23.724,23.709,23.678,23.732,23.732,23.724,23.732,23.724,23.671,23.655,23.648,23.663,23.678,23.686
,23.854,23.861,23.846,23.846,23.861,23.823,23.793,23.861,23.823,23.846,23.861,23.861,23.869,23.907,23.907,23.892,23.915,23.877,23.846,23.838,23.899,23.915,23.877,23.877,23.892,23.846,23.854,23.823,23.808,23.823,23.846,23.869,23.854,23.884,23.877,23.899,23.869,23.884,23.877,23.869,23.846,23.884,23.892,23.892,23.877,23.877,23.892,23.884,23.892,23.877,23.869,23.899,23.877,23.861,23.877,23.846,23.869,23.861,23.854,23.877,23.861,23.846,23.869,23.877,23.877,23.869,23.884,23.877,23.892,23.869,23.861,23.861,23.854,23.854,23.877,23.861,23.884,23.861,23.854,23.846,23.854,23.854,23.861,23.869,23.869,23.892,23.884,23.877,23.892,23.877,23.877,23.899,23.899,23.861,23.884,23.838,23.838,23.838,23.838,23.861,23.838,23.869,23.884,23.854,23.877,23.877,23.861,23.869,23.884,23.869,23.846,23.854,23.861,23.892,23.884,23.907,23.907,23.899,23.945,23.884,23.922,23.907,23.922,23.907,23.907,23.869,23.899,23.907,23.907,23.915,23.922,23.922,23.93,23.922,23.899,23.907,23.915,23.907,23.899,23.899,23.907,23.892,23.884,23.899,23.899,23.907,23.884,23.877,23.892,23.869,23.877,23.892,23.877,23.877,23.907,23.877,23.915,23.884,23.877,23.861,23.869,23.861,23.877,23.877,23.884,23.899,23.892,23.907,23.915,23.892,23.915,23.915,23.915,23.899,23.899,23.907,23.915,23.915,23.945,23.93,23.922,23.922,23.93,23.922,23.938,23.945,23.93,23.93,23.922,23.922,23.93,23.938,23.922,23.93,23.922,23.938,23.922,23.93,23.93,23.907,23.915,23.892,23.907,23.884,23.922,23.892,23.907,23.938,23.877,23.899,23.907,23.922,23.922,23.915,23.915,23.915,23.915,23.915,23.93,23.938,23.922,23.953,23.953,23.938,23.884,23.915,23.922,23.915,23.922,23.899,23.899,23.915,23.915,23.899,23.899,23.892,23.915,23.899,23.899,23.892,23.884,23.892,23.877,23.884,23.892,23.899,23.899,23.899,23.915,23.907,23.922,23.922,23.922,23.915,23.892,23.877,23.877,23.877,23.884,23.892,23.899,23.907,23.907,23.915,23.899,23.869,23.899,23.861,23.869,23.884,23.907,23.93,23.938,23.96,23.938,23.938,23.899,23.877,23.892,23.907,23.915,23.93,23.93,23.907,23.915,23.915,23.915,23.922,23.915,23.922,23.922,23.93,23.922,23.93,23.922,23.915,23.907,23.899,23.869,23.907,23.869,23.899,23.907,23.899,23.922,23.915,23.922,23.93,23.907,23.915,23.907,23.907,23.907,23.907,23.892,23.861,23.846,23.838,23.838,23.861,23.869,23.884,23.899,23.892,23.899,23.884,23.892,23.899,23.899,23.892,23.892,23.899,23.907,23.915,23.899,23.915,23.892,23.877,23.899,23.899,23.899,23.915,23.899,23.907,23.899,23.892,23.884,23.877,23.869,23.869,23.884,23.869,23.877,23.838,23.816,23.831,23.808,23.831,23.861,23.861,23.869,23.846,23.854,23.831,23.838,23.838,23.831,23.838,23.838,23.838,23.838,23.846,23.861,23.846,23.861,23.831,23.823,23.816,23.808,23.816,23.808,23.8,23.808,23.816,23.838,23.823,23.808,23.808,23.793,23.785,23.793,23.816,23.823,23.846,23.8,23.816,23.823,23.831,23.793,23.816,23.8,23.808,23.838,23.854,23.854,23.854,23.831,23.831,23.823,23.816,23.808,23.823,23.808,23.823,23.793,23.816,23.808,23.793,23.8,23.8,23.808,23.816,23.816,23.816,23.823,23.816,23.831,23.831,23.838,23.838,23.854,23.846,23.846,23.831,23.846,23.846,23.8,23.808,23.808,23.816,23.838,23.854,23.838,23.869,23.854,23.854,23.854,23.854,23.861,23.861,23.854,23.838,23.861,23.861,23.869,23.854,23.861,23.877,23.861,23.884,23.884,23.892,23.877,23.869,23.884,23.861,23.861,23.861,23.854,23.877,23.877,23.884,23.892,23.877,23.877,23.869,23.861,23.854,23.838,23.846,23.823,23.877,23.861,23.808,23.823,23.831,23.831,23.831,23.831,23.808,23.8,23.793,23.823,23.793,23.8,23.808,23.816,23.8,23.808,23.823,23.8,23.831,23.808,23.8,23.777,23.785,23.747,23.762,23.77,23.762,23.755,23.77,23.777,23.793,23.808,23.831,23.808,23.816,23.8,23.793,23.8,23.831,23.793,23.816,23.808,23.777,23.785,23.77,23.8,23.777,23.785,23.777,23.785,23.777,23.816,23.808,23.8,23.808,23.808,23.8,23.808,23.793,23.8,23.8,23.77,23.77,23.755,23.755,23.762,23.777,23.838,23.8,23.762,23.793,23.777,23.785,23.77,23.755,23.747,23.762,23.793,23.785,23.785,23.777,23.77,23.77,23.777,23.755,23.755,23.755,23.747,23.762,23.755,23.77,23.755,23.762,23.755,23.739,23.739,23.739,23.732,23.732,23.755,23.747,23.755,23.77,23.785,23.793,23.793,23.77,23.77,23.732,23.724,23.724,23.732,23.739,23.732,23.77,23.762,23.77,23.732,23.747,23.762,23.77,23.77,23.747,23.747,23.724,23.755,23.762,23.716,23.747,23.716,23.732,23.671,23.701,23.701,23.686,23.671,23.709,23.678,23.716,23.724,23.686,23.709,23.701,23.716,23.709,23.739,23.724,23.724,23.755,23.747,23.747,23.709,23.693,23.671,23.671,23.671,23.686
,23.838,23.846,23.838,23.846,23.854,23.846,23.8,23.846,23.816,23.838,23.854,23.831,23.861,23.892,23.892,23.899,23.892,23.877,23.861,23.846,23.854,23.899,23.861,23.884,23.869,23.869,23.861,23.861,23.808,23.823,23.808,23.869,23.846,23.869,23.854,23.861,23.869,23.884,23.877,23.816,23.869,23.793,23.899,23.869,23.877,23.884,23.861,23.884,23.877,23.915,23.892,23.915,23.869,23.861,23.838,23.846,23.831,23.831,23.831,23.831,23.846,23.854,23.869,23.808,23.861,23.861,23.877,23.854,23.884,23.861,23.861,23.861,23.838,23.846,23.846,23.877,23.877,23.846,23.846,23.846,23.838,23.861,23.846,23.838,23.846,23.861,23.869,23.846,23.846,23.854,23.854,23.892,23.877,23.869,23.854,23.838,23.838,23.846,23.838,23.861,23.854,23.854,23.861,23.861,23.861,23.846,23.838,23.869,23.861,23.846,23.854,23.869,23.854,23.869,23.907,23.884,23.877,23.938,23.892,23.915,23.93,23.892,23.93,23.899,23.884,23.899,23.907,23.915,23.915,23.915,23.938,23.93,23.945,23.922,23.915,23.922,23.907,23.899,23.922,23.884,23.884,23.884,23.892,23.899,23.877,23.892,23.884,23.884,23.877,23.854,23.877,23.877,23.892,23.884,23.884,23.884,23.869,23.884,23.869,23.877,23.877,23.877,23.884,23.877,23.907,23.884,23.892,23.884,23.907,23.93,23.899,23.915,23.922,23.899,23.907,23.915,23.892,23.922,23.96,23.93,23.922,23.945,23.922,23.922,23.93,23.93,23.922,23.93,23.93,23.945,23.915,23.922,23.93,23.93,23.922,23.938,23.907,23.922,23.915,23.899,23.899,23.907,23.899,23.915,23.93,23.907,23.907,23.907,23.877,23.899,23.899,23.915,23.915,23.922,23.915,23.907,23.915,23.907,23.93,23.938,23.953,23.938,23.899,23.899,23.892,23.922,23.915,23.884,23.907,23.892,23.899,23.922,23.907,23.907,23.922,23.907,23.915,23.915,23.907,23.892,23.884,23.877,23.884,23.877,23.884,23.884,23.884,23.899,23.899,23.899,23.922,23.915,23.93,23.915,23.892,23.877,23.877,23.877,23.892,23.892,23.907,23.907,23.915,23.915,23.899,23.899,23.869,23.877,23.877,23.884,23.877,23.907,23.96,23.93,23.899,23.892,23.869,23.877,23.884,23.884,23.892,23.922,23.93,23.922,23.93,23.922,23.93,23.922,23.915,23.945,23.915,23.915,23.922,23.938,23.93,23.922,23.915,23.899,23.892,23.877,23.892,23.899,23.892,23.907,23.922,23.915,23.915,23.907,23.922,23.907,23.899,23.899,23.892,23.907,23.877,23.861,23.838,23.838,23.838,23.846,23.869,23.877,23.892,23.892,23.915,23.884,23.892,23.907,23.877,23.899,23.899,23.884,23.899,23.907,23.884,23.884,23.899,23.884,23.899,23.899,23.899,23.907,23.907,23.899,23.899,23.884,23.899,23.884,23.877,23.884,23.877,23.877,23.869,23.846,23.831,23.831,23.816,23.854,23.838,23.846,23.861,23.846,23.838,23.854,23.831,23.838,23.831,23.823,23.831,23.831,23.838,23.846,23.846,23.854,23.861,23.846,23.831,23.831,23.816,23.808,23.808,23.808,23.816,23.823,23.816,23.816,23.8,23.793,23.785,23.793,23.793,23.816,23.816,23.846,23.816,23.838,23.831,23.816,23.816,23.808,23.816,23.8,23.831,23.831,23.838,23.846,23.861,23.831,23.823,23.838,23.816,23.831,23.831,23.823,23.823,23.8,23.777,23.793,23.785,23.8,23.8,23.816,23.838,23.823,23.838,23.838,23.846,23.854,23.854,23.846,23.846,23.854,23.854,23.838,23.838,23.816,23.816,23.8,23.808,23.823,23.816,23.846,23.854,23.854,23.846,23.838,23.854,23.838,23.846,23.854,23.854,23.877,23.861,23.869,23.846,23.869,23.869,23.869,23.884,23.884,23.884,23.869,23.869,23.861,23.877,23.861,23.869,23.877,23.869,23.877,23.884,23.892,23.907,23.869,23.869,23.861,23.846,23.846,23.823,23.823,23.838,23.861,23.823,23.869,23.861,23.831,23.831,23.831,23.808,23.816,23.816,23.785,23.785,23.793,23.785,23.8,23.8,23.823,23.823,23.816,23.808,23.793,23.785,23.77,23.755,23.755,23.755,23.77,23.762,23.77,23.777,23.732,23.762,23.77,23.793,23.8,23.8,23.816,23.793,23.77,23.755,23.831,23.808,23.8,23.793,23.793,23.793,23.785,23.785,23.785,23.785,23.8,23.8,23.8,23.8,23.793,23.808,23.816,23.8,23.8,23.8,23.785,23.8,23.785,23.777,23.739,23.739,23.739,23.755,23.762,23.785,23.762,23.793,23.823,23.793,23.77,23.77,23.755,23.762,23.777,23.793,23.777,23.785,23.793,23.77,23.762,23.747,23.747,23.739,23.716,23.77,23.755,23.755,23.762,23.747,23.747,23.747,23.755,23.724,23.716,23.777,23.739,23.732,23.755,23.762,23.755,23.793,23.785,23.755,23.755,23.732,23.724,23.724,23.732,23.732,23.762,23.762,23.724,23.732,23.747,23.686,23.739,23.747,23.762,23.724,23.739,23.755,23.739,23.716,23.747,23.709,23.701,23.724,23.724,23.693,23.701,23.709,23.678,23.678,23.716,23.671,23.686,23.678,23.671,23.663,23.693,23.663,23.701,23.739,23.724,23.724,23.747,23.739,23.724,23.739,23.755,23.724,23.716,23.701,23.693
,23.838,23.838,23.846,23.838,23.877,23.869,23.838,23.8,23.808,23.838,23.823,23.861,23.877,23.884,23.915,23.884,23.899,23.892,23.877,23.892,23.877,23.877,23.892,23.861,23.877,23.877,23.869,23.854,23.861,23.823,23.854,23.854,23.846,23.869,23.884,23.884,23.877,23.877,23.884,23.846,23.884,23.877,23.838,23.877,23.854,23.854,23.861,23.915,23.877,23.884,23.899,23.892,23.877,23.877,23.831,23.831,23.831,23.823,23.816,23.838,23.823,23.831,23.877,23.854,23.854,23.846,23.861,23.869,23.869,23.861,23.861,23.838,23.846,23.846,23.861,23.838,23.877,23.884,23.831,23.846,23.831,23.838,23.854,23.869,23.831,23.861,23.846,23.861,23.861,23.854,23.877,23.884,23.861,23.861,23.869,23.861,23.861,23.861,23.846,23.877,23.854,23.884,23.877,23.838,23.877,23.861,23.869,23.869,23.838,23.816,23.854,23.861,23.838,23.869,23.884,23.922,23.915,23.938,23.953,23.899,23.922,23.93,23.915,23.93,23.907,23.922,23.915,23.93,23.922,23.93,23.922,23.945,23.922,23.93,23.922,23.915,23.899,23.907,23.892,23.877,23.861,23.877,23.884,23.93,23.915,23.899,23.884,23.869,23.877,23.861,23.877,23.892,23.884,23.884,23.877,23.884,23.861,23.884,23.884,23.899,23.884,23.892,23.877,23.877,23.884,23.892,23.899,23.899,23.877,23.899,23.899,23.899,23.922,23.899,23.907,23.907,23.93,23.922,23.938,23.945,23.938,23.938,23.93,23.938,23.915,23.93,23.93,23.922,23.915,23.922,23.907,23.93,23.922,23.922,23.922,23.938,23.93,23.93,23.922,23.907,23.915,23.922,23.922,23.899,23.93,23.953,23.892,23.907,23.892,23.892,23.884,23.907,23.915,23.915,23.899,23.899,23.899,23.907,23.899,23.93,23.915,23.93,23.915,23.884,23.922,23.922,23.915,23.899,23.922,23.93,23.93,23.922,23.915,23.915,23.915,23.93,23.922,23.93,23.907,23.892,23.869,23.877,23.877,23.877,23.892,23.884,23.877,23.892,23.899,23.892,23.922,23.907,23.915,23.907,23.869,23.877,23.877,23.892,23.899,23.899,23.907,23.907,23.915,23.915,23.892,23.892,23.899,23.861,23.877,23.884,23.899,23.915,23.877,23.915,23.93,23.861,23.869,23.869,23.869,23.899,23.915,23.915,23.938,23.93,23.938,23.953,23.953,23.93,23.938,23.922,23.907,23.907,23.922,23.938,23.93,23.93,23.922,23.899,23.892,23.884,23.892,23.907,23.922,23.907,23.907,23.922,23.915,23.938,23.915,23.899,23.899,23.915,23.907,23.899,23.892,23.877,23.861,23.846,23.854,23.854,23.861,23.884,23.892,23.892,23.907,23.922,23.854,23.892,23.892,23.877,23.884,23.892,23.884,23.892,23.861,23.861,23.877,23.884,23.892,23.899,23.907,23.892,23.892,23.884,23.884,23.869,23.877,23.892,23.869,23.884,23.877,23.869,23.869,23.861,23.854,23.846,23.854,23.854,23.846,23.846,23.854,23.861,23.854,23.831,23.846,23.831,23.838,23.831,23.823,23.823,23.831,23.838,23.838,23.861,23.861,23.861,23.854,23.846,23.838,23.854,23.823,23.816,23.838,23.823,23.816,23.823,23.808,23.8,23.8,23.785,23.8,23.793,23.8,23.823,23.823,23.831,23.816,23.831,23.816,23.808,23.808,23.823,23.823,23.831,23.854,23.831,23.861,23.823,23.823,23.831,23.838,23.846,23.831,23.823,23.816,23.785,23.785,23.831,23.808,23.808,23.823,23.816,23.831,23.846,23.846,23.846,23.884,23.854,23.861,23.846,23.838,23.854,23.838,23.831,23.823,23.808,23.808,23.808,23.808,23.823,23.831,23.846,23.846,23.854,23.846,23.846,23.838,23.846,23.854,23.869,23.861,23.861,23.869,23.884,23.877,23.877,23.846,23.854,23.869,23.892,23.869,23.877,23.861,23.892,23.861,23.854,23.869,23.877,23.869,23.877,23.877,23.877,23.861,23.869,23.869,23.861,23.846,23.838,23.823,23.816,23.816,23.838,23.861,23.861,23.892,23.831,23.831,23.831,23.8,23.785,23.8,23.8,23.808,23.785,23.785,23.785,23.808,23.808,23.816,23.816,23.816,23.8,23.785,23.762,23.777,23.762,23.77,23.762,23.77,23.777,23.793,23.747,23.762,23.785,23.793,23.808,23.8,23.8,23.793,23.777,23.777,23.823,23.816,23.808,23.816,23.808,23.785,23.762,23.762,23.77,23.77,23.77,23.77,23.777,23.8,23.793,23.793,23.793,23.793,23.793,23.785,23.793,23.785,23.808,23.785,23.777,23.739,23.739,23.755,23.755,23.77,23.777,23.777,23.793,23.808,23.785,23.777,23.755,23.755,23.762,23.816,23.777,23.785,23.785,23.77,23.777,23.747,23.747,23.724,23.739,23.739,23.77,23.747,23.762,23.755,23.755,23.747,23.701,23.716,23.747,23.739,23.747,23.732,23.77,23.762,23.777,23.777,23.777,23.747,23.747,23.739,23.716,23.739,23.716,23.732,23.747,23.747,23.716,23.701,23.732,23.755,23.747,23.739,23.739,23.739,23.724,23.747,23.739,23.701,23.747,23.732,23.732,23.739,23.716,23.716,23.701,23.701,23.709,23.716,23.693,23.686,23.678,23.671,23.655,23.678,23.678,23.671,23.739,23.716,23.762,23.724,23.739,23.739,23.755,23.77,23.739,23.671,23.724,23.701,23.701
,23.831,23.838,23.846,23.846,23.861,23.823,23.846,23.838,23.8,23.823,23.846,23.838,23.877,23.892,23.877,23.877,23.915,23.907,23.846,23.861,23.884,23.884,23.877,23.854,23.823,23.831,23.854,23.854,23.877,23.831,23.861,23.899,23.877,23.854,23.838,23.861,23.869,23.823,23.823,23.846,23.884,23.861,23.831,23.846,23.861,23.877,23.831,23.877,23.838,23.869,23.884,23.877,23.869,23.854,23.846,23.831,23.831,23.831,23.808,23.816,23.823,23.831,23.808,23.846,23.808,23.846,23.854,23.869,23.861,23.854,23.861,23.823,23.8,23.808,23.838,23.831,23.816,23.823,23.816,23.808,23.838,23.808,23.846,23.854,23.838,23.838,23.861,23.846,23.861,23.838,23.854,23.877,23.869,23.877,23.861,23.854,23.854,23.899,23.838,23.831,23.838,23.854,23.854,23.854,23.861,23.854,23.854,23.846,23.861,23.861,23.869,23.838,23.838,23.854,23.899,23.907,23.922,23.93,23.899,23.907,23.907,23.922,23.922,23.922,23.922,23.922,23.922,23.922,23.945,23.953,23.899,23.922,23.922,23.907,23.907,23.907,23.892,23.892,23.899,23.861,23.861,23.892,23.877,23.892,23.892,23.877,23.892,23.877,23.877,23.884,23.884,23.869,23.861,23.877,23.877,23.877,23.854,23.869,23.884,23.907,23.899,23.892,23.892,23.877,23.899,23.884,23.884,23.892,23.877,23.892,23.884,23.884,23.907,23.899,23.907,23.945,23.892,23.915,23.945,23.938,23.938,23.938,23.93,23.915,23.922,23.915,23.907,23.907,23.915,23.915,23.915,23.93,23.922,23.922,23.907,23.922,23.915,23.915,23.899,23.892,23.907,23.907,23.907,23.93,23.877,23.892,23.884,23.892,23.892,23.892,23.922,23.907,23.922,23.907,23.907,23.899,23.892,23.892,23.899,23.922,23.93,23.922,23.922,23.922,23.915,23.907,23.915,23.907,23.915,23.915,23.915,23.922,23.915,23.922,23.922,23.93,23.93,23.922,23.915,23.884,23.877,23.869,23.861,23.861,23.861,23.884,23.877,23.877,23.892,23.892,23.892,23.915,23.922,23.907,23.877,23.877,23.877,23.884,23.892,23.899,23.899,23.907,23.915,23.907,23.915,23.907,23.892,23.877,23.877,23.869,23.869,23.899,23.884,23.907,23.884,23.915,23.869,23.877,23.884,23.922,23.907,23.915,23.915,23.93,23.945,23.938,23.945,23.93,23.938,23.922,23.907,23.907,23.93,23.93,23.938,23.93,23.915,23.907,23.892,23.899,23.899,23.907,23.915,23.915,23.922,23.93,23.953,23.907,23.877,23.892,23.907,23.907,23.892,23.907,23.884,23.884,23.877,23.861,23.854,23.854,23.861,23.869,23.884,23.892,23.907,23.899,23.884,23.892,23.846,23.884,23.884,23.884,23.884,23.884,23.884,23.861,23.869,23.861,23.892,23.892,23.884,23.899,23.877,23.884,23.877,23.884,23.861,23.892,23.899,23.877,23.877,23.854,23.854,23.846,23.846,23.854,23.869,23.861,23.854,23.846,23.861,23.861,23.838,23.838,23.831,23.831,23.816,23.831,23.831,23.823,23.831,23.823,23.838,23.854,23.854,23.854,23.854,23.846,23.831,23.823,23.823,23.816,23.831,23.831,23.823,23.808,23.808,23.793,23.777,23.793,23.808,23.823,23.808,23.823,23.831,23.823,23.861,23.838,23.831,23.816,23.816,23.8,23.816,23.823,23.816,23.846,23.846,23.831,23.838,23.823,23.846,23.838,23.838,23.823,23.8,23.8,23.77,23.808,23.808,23.793,23.816,23.831,23.838,23.846,23.846,23.861,23.854,23.861,23.846,23.846,23.823,23.823,23.816,23.808,23.808,23.8,23.793,23.808,23.816,23.808,23.816,23.823,23.838,23.846,23.838,23.831,23.831,23.823,23.861,23.869,23.861,23.861,23.869,23.854,23.823,23.831,23.846,23.846,23.861,23.869,23.877,23.869,23.877,23.861,23.884,23.854,23.869,23.861,23.861,23.869,23.854,23.846,23.854,23.861,23.846,23.846,23.846,23.816,23.823,23.823,23.831,23.831,23.838,23.861,23.854,23.823,23.831,23.808,23.793,23.793,23.808,23.77,23.785,23.785,23.777,23.785,23.777,23.8,23.823,23.823,23.8,23.8,23.777,23.785,23.77,23.762,23.77,23.755,23.77,23.762,23.77,23.762,23.8,23.762,23.793,23.793,23.777,23.785,23.793,23.793,23.785,23.823,23.793,23.785,23.762,23.777,23.808,23.808,23.793,23.8,23.77,23.785,23.762,23.777,23.785,23.785,23.785,23.785,23.793,23.785,23.793,23.8,23.777,23.8,23.793,23.716,23.739,23.709,23.724,23.762,23.747,23.785,23.777,23.785,23.785,23.762,23.77,23.755,23.793,23.747,23.777,23.793,23.808,23.8,23.777,23.77,23.77,23.755,23.747,23.747,23.732,23.755,23.747,23.747,23.732,23.739,23.716,23.739,23.724,23.747,23.701,23.762,23.747,23.747,23.762,23.785,23.777,23.747,23.77,23.777,23.732,23.701,23.732,23.724,23.724,23.732,23.716,23.762,23.701,23.732,23.701,23.716,23.716,23.732,23.739,23.724,23.724,23.686,23.709,23.716,23.686,23.716,23.716,23.701,23.709,23.716,23.701,23.686,23.701,23.693,23.686,23.663,23.678,23.671,23.663,23.648,23.747,23.686,23.739,23.732,23.732,23.732,23.732,23.755,23.77,23.755,23.762,23.747,23.732,23.686
,23.831,23.838,23.846,23.877,23.877,23.877,23.877,23.846,23.823,23.831,23.831,23.823,23.846,23.854,23.854,23.854,23.861,23.877,23.838,23.816,23.846,23.892,23.892,23.869,23.846,23.831,23.877,23.869,23.869,23.877,23.854,23.854,23.838,23.846,23.838,23.861,23.831,23.846,23.861,23.838,23.861,23.838,23.854,23.846,23.838,23.861,23.854,23.861,23.869,23.861,23.892,23.854,23.869,23.854,23.846,23.831,23.823,23.831,23.808,23.816,23.808,23.823,23.838,23.8,23.831,23.831,23.823,23.861,23.854,23.854,23.846,23.8,23.846,23.831,23.831,23.816,23.831,23.8,23.808,23.823,23.831,23.846,23.922,23.831,23.816,23.869,23.869,23.831,23.846,23.846,23.846,23.846,23.869,23.854,23.861,23.846,23.838,23.854,23.831,23.869,23.831,23.869,23.831,23.838,23.838,23.854,23.869,23.854,23.861,23.861,23.838,23.869,23.854,23.869,23.884,23.899,23.93,23.922,23.93,23.907,23.892,23.93,23.922,23.938,23.945,23.945,23.938,23.945,23.945,23.93,23.915,23.899,23.907,23.899,23.899,23.899,23.884,23.869,23.884,23.884,23.877,23.854,23.877,23.884,23.877,23.877,23.892,23.899,23.907,23.892,23.884,23.877,23.869,23.869,23.854,23.861,23.869,23.877,23.884,23.899,23.899,23.892,23.884,23.877,23.899,23.892,23.892,23.884,23.877,23.877,23.869,23.884,23.899,23.899,23.922,23.907,23.884,23.899,23.899,23.915,23.922,23.93,23.938,23.922,23.93,23.899,23.907,23.907,23.899,23.907,23.915,23.907,23.899,23.915,23.922,23.915,23.892,23.899,23.899,23.892,23.907,23.922,23.907,23.922,23.915,23.93,23.892,23.922,23.922,23.899,23.915,23.922,23.907,23.915,23.915,23.892,23.892,23.892,23.869,23.892,23.922,23.899,23.922,23.922,23.922,23.907,23.922,23.907,23.907,23.915,23.907,23.922,23.899,23.93,23.899,23.922,23.915,23.93,23.907,23.884,23.877,23.861,23.869,23.861,23.861,23.877,23.869,23.877,23.861,23.869,23.899,23.892,23.892,23.892,23.884,23.884,23.915,23.892,23.907,23.907,23.899,23.907,23.899,23.915,23.915,23.915,23.907,23.899,23.899,23.877,23.869,23.869,23.877,23.907,23.861,23.861,23.877,23.869,23.869,23.899,23.899,23.907,23.907,23.93,23.945,23.96,23.953,23.922,23.915,23.907,23.907,23.907,23.915,23.938,23.938,23.93,23.922,23.907,23.899,23.922,23.907,23.899,23.915,23.915,23.915,23.93,23.93,23.907,23.899,23.877,23.892,23.899,23.892,23.899,23.899,23.884,23.877,23.869,23.861,23.869,23.854,23.877,23.892,23.884,23.899,23.877,23.877,23.854,23.861,23.869,23.869,23.892,23.861,23.869,23.884,23.861,23.831,23.854,23.877,23.869,23.869,23.892,23.884,23.877,23.861,23.877,23.877,23.854,23.861,23.869,23.869,23.854,23.831,23.838,23.838,23.854,23.861,23.854,23.854,23.854,23.854,23.846,23.846,23.838,23.838,23.838,23.831,23.816,23.816,23.808,23.823,23.816,23.823,23.846,23.838,23.831,23.861,23.846,23.846,23.831,23.823,23.823,23.831,23.831,23.838,23.808,23.793,23.793,23.793,23.8,23.808,23.823,23.816,23.831,23.838,23.816,23.838,23.831,23.823,23.823,23.823,23.823,23.831,23.831,23.831,23.831,23.823,23.831,23.846,23.838,23.854,23.846,23.838,23.823,23.816,23.808,23.793,23.808,23.785,23.808,23.816,23.816,23.831,23.846,23.861,23.861,23.877,23.869,23.846,23.846,23.823,23.816,23.816,23.8,23.8,23.808,23.793,23.808,23.808,23.823,23.823,23.816,23.816,23.838,23.823,23.838,23.816,23.831,23.823,23.854,23.854,23.854,23.838,23.854,23.816,23.831,23.831,23.846,23.861,23.854,23.854,23.877,23.869,23.869,23.861,23.861,23.861,23.869,23.861,23.846,23.831,23.877,23.846,23.838,23.854,23.846,23.838,23.823,23.823,23.816,23.816,23.823,23.854,23.869,23.823,23.823,23.816,23.816,23.816,23.793,23.808,23.785,23.785,23.777,23.785,23.793,23.793,23.8,23.808,23.816,23.816,23.8,23.762,23.77,23.755,23.755,23.755,23.77,23.785,23.777,23.793,23.8,23.777,23.762,23.777,23.777,23.777,23.777,23.777,23.785,23.831,23.793,23.762,23.816,23.77,23.785,23.793,23.785,23.785,23.785,23.8,23.777,23.777,23.77,23.785,23.808,23.8,23.777,23.785,23.793,23.793,23.8,23.785,23.777,23.785,23.8,23.77,23.732,23.724,23.762,23.762,23.77,23.808,23.77,23.793,23.785,23.77,23.747,23.732,23.739,23.816,23.823,23.8,23.808,23.785,23.777,23.777,23.739,23.747,23.739,23.739,23.747,23.77,23.739,23.732,23.716,23.739,23.724,23.755,23.732,23.724,23.724,23.732,23.716,23.747,23.747,23.762,23.747,23.77,23.755,23.732,23.709,23.716,23.747,23.732,23.716,23.701,23.709,23.693,23.686,23.709,23.724,23.724,23.732,23.724,23.762,23.709,23.777,23.693,23.655,23.678,23.686,23.716,23.709,23.701,23.716,23.716,23.709,23.701,23.693,23.678,23.686,23.686,23.686,23.686,23.701,23.732,23.732,23.716,23.716,23.709,23.724,23.747,23.709,23.77,23.777,23.77,23.785,23.747,23.808
,23.831,23.846,23.861,23.877,23.846,23.846,23.831,23.877,23.846,23.899,23.838,23.846,23.861,23.861,23.877,23.892,23.869,23.846,23.877,23.861,23.884,23.877,23.892,23.823,23.831,23.816,23.816,23.854,23.877,23.854,23.869,23.846,23.854,23.884,23.869,23.854,23.816,23.8,23.831,23.846,23.846,23.831,23.831,23.846,23.816,23.846,23.838,23.877,23.892,23.861,23.861,23.838,23.854,23.846,23.838,23.816,23.838,23.823,23.823,23.816,23.831,23.861,23.816,23.823,23.854,23.846,23.846,23.869,23.823,23.838,23.869,23.808,23.808,23.869,23.838,23.831,23.831,23.831,23.808,23.838,23.808,23.823,23.823,23.846,23.808,23.816,23.823,23.854,23.861,23.838,23.854,23.869,23.854,23.861,23.831,23.846,23.861,23.846,23.846,23.854,23.846,23.854,23.846,23.846,23.854,23.869,23.838,23.861,23.846,23.838,23.854,23.854,23.846,23.869,23.892,23.907,23.892,23.907,23.899,23.899,23.892,23.915,23.938,23.938,23.938,23.93,23.938,23.938,23.945,23.93,23.907,23.892,23.884,23.869,23.877,23.877,23.861,23.869,23.861,23.892,23.869,23.877,23.892,23.877,23.861,23.877,23.899,23.907,23.907,23.915,23.884,23.892,23.869,23.861,23.854,23.869,23.861,23.861,23.884,23.899,23.899,23.892,23.892,23.884,23.892,23.892,23.892,23.884,23.877,23.877,23.869,23.884,23.884,23.899,23.907,23.899,23.915,23.899,23.892,23.907,23.915,23.93,23.93,23.93,23.899,23.915,23.899,23.899,23.907,23.907,23.907,23.899,23.892,23.907,23.907,23.907,23.915,23.877,23.915,23.892,23.922,23.915,23.907,23.907,23.899,23.922,23.884,23.915,23.922,23.922,23.93,23.922,23.899,23.899,23.892,23.915,23.907,23.892,23.915,23.899,23.899,23.922,23.922,23.922,23.922,23.907,23.922,23.907,23.915,23.915,23.922,23.915,23.877,23.884,23.907,23.915,23.907,23.907,23.899,23.884,23.884,23.861,23.861,23.861,23.869,23.861,23.877,23.877,23.869,23.892,23.884,23.877,23.884,23.884,23.899,23.892,23.907,23.915,23.884,23.922,23.907,23.907,23.907,23.899,23.899,23.907,23.915,23.899,23.907,23.892,23.892,23.907,23.869,23.892,23.884,23.892,23.869,23.877,23.884,23.884,23.892,23.93,23.922,23.938,23.938,23.938,23.945,23.938,23.922,23.915,23.907,23.915,23.922,23.93,23.953,23.938,23.93,23.907,23.915,23.907,23.899,23.907,23.892,23.907,23.922,23.922,23.938,23.884,23.884,23.877,23.884,23.899,23.907,23.907,23.892,23.884,23.884,23.869,23.854,23.846,23.861,23.869,23.884,23.884,23.877,23.869,23.838,23.861,23.854,23.846,23.861,23.892,23.884,23.869,23.869,23.861,23.854,23.861,23.861,23.899,23.861,23.877,23.892,23.869,23.854,23.869,23.877,23.846,23.861,23.861,23.846,23.838,23.838,23.846,23.831,23.846,23.869,23.869,23.861,23.854,23.846,23.846,23.854,23.838,23.846,23.854,23.823,23.831,23.823,23.823,23.816,23.808,23.823,23.823,23.808,23.838,23.838,23.838,23.838,23.861,23.838,23.846,23.846,23.869,23.831,23.823,23.816,23.8,23.8,23.808,23.816,23.823,23.816,23.808,23.808,23.816,23.823,23.846,23.854,23.823,23.816,23.816,23.831,23.831,23.838,23.838,23.823,23.823,23.838,23.823,23.846,23.838,23.823,23.816,23.793,23.823,23.808,23.816,23.808,23.8,23.808,23.816,23.831,23.869,23.854,23.854,23.869,23.861,23.838,23.831,23.816,23.808,23.8,23.793,23.793,23.808,23.831,23.816,23.831,23.816,23.808,23.8,23.831,23.816,23.823,23.816,23.823,23.823,23.831,23.838,23.854,23.861,23.838,23.831,23.846,23.861,23.869,23.846,23.854,23.861,23.869,23.869,23.854,23.854,23.861,23.861,23.861,23.861,23.838,23.854,23.846,23.831,23.831,23.838,23.846,23.838,23.846,23.846,23.838,23.831,23.831,23.838,23.831,23.816,23.823,23.831,23.831,23.823,23.808,23.8,23.8,23.808,23.793,23.8,23.777,23.785,23.793,23.808,23.816,23.823,23.831,23.823,23.785,23.762,23.747,23.77,23.77,23.785,23.793,23.8,23.808,23.777,23.77,23.777,23.77,23.77,23.77,23.785,23.777,23.785,23.8,23.785,23.762,23.777,23.793,23.785,23.816,23.777,23.762,23.762,23.77,23.777,23.755,23.793,23.777,23.785,23.777,23.785,23.793,23.785,23.793,23.793,23.785,23.793,23.785,23.762,23.777,23.747,23.739,23.755,23.777,23.785,23.77,23.785,23.808,23.755,23.762,23.793,23.755,23.777,23.747,23.777,23.816,23.8,23.793,23.793,23.785,23.777,23.777,23.762,23.732,23.732,23.77,23.755,23.732,23.716,23.724,23.724,23.747,23.739,23.724,23.701,23.716,23.747,23.755,23.77,23.762,23.755,23.77,23.762,23.747,23.732,23.709,23.732,23.709,23.716,23.709,23.701,23.693,23.701,23.701,23.709,23.709,23.747,23.762,23.716,23.693,23.671,23.648,23.648,23.693,23.701,23.701,23.709,23.716,23.709,23.716,23.716,23.747,23.701,23.686,23.709,23.693,23.732,23.693,23.716,23.663,23.739,23.724,23.701,23.716,23.709,23.701,23.716,23.747,23.747,23.77,23.762,23.724,23.808
,23.831,23.831,23.861,23.854,23.846,23.838,23.831,23.838,23.861,23.861,23.861,23.846,23.861,23.838,23.861,23.831,23.831,23.823,23.884,23.869,23.838,23.899,23.892,23.861,23.846,23.854,23.816,23.838,23.831,23.838,23.861,23.869,23.869,23.884,23.846,23.831,23.816,23.793,23.846,23.846,23.861,23.861,23.838,23.823,23.838,23.854,23.854,23.861,23.869,23.869,23.861,23.831,23.816,23.854,23.831,23.823,23.823,23.846,23.854,23.755,23.831,23.861,23.8,23.838,23.861,23.846,23.869,23.869,23.861,23.854,23.831,23.816,23.846,23.808,23.838,23.808,23.823,23.808,23.816,23.816,23.823,23.823,23.808,23.816,23.823,23.869,23.846,23.808,23.823,23.816,23.854,23.831,23.854,23.854,23.854,23.831,23.838,23.823,23.838,23.838,23.831,23.846,23.846,23.854,23.838,23.846,23.854,23.854,23.846,23.838,23.838,23.846,23.861,23.884,23.884,23.915,23.915,23.922,23.93,23.892,23.899,23.922,23.93,23.922,23.922,23.93,23.938,23.93,23.938,23.922,23.907,23.884,23.892,23.877,23.877,23.861,23.869,23.869,23.861,23.861,23.861,23.899,23.877,23.869,23.884,23.877,23.899,23.915,23.899,23.922,23.915,23.899,23.861,23.877,23.861,23.854,23.861,23.877,23.907,23.907,23.899,23.899,23.899,23.892,23.899,23.884,23.892,23.884,23.884,23.884,23.877,23.877,23.877,23.877,23.884,23.899,23.892,23.892,23.892,23.899,23.915,23.907,23.922,23.915,23.93,23.907,23.922,23.907,23.907,23.915,23.915,23.907,23.93,23.892,23.884,23.884,23.899,23.861,23.922,23.915,23.915,23.907,23.892,23.869,23.877,23.892,23.899,23.907,23.93,23.945,23.915,23.93,23.915,23.915,23.907,23.907,23.922,23.892,23.892,23.892,23.899,23.915,23.899,23.915,23.915,23.907,23.899,23.899,23.899,23.892,23.892,23.892,23.884,23.892,23.907,23.907,23.899,23.907,23.899,23.884,23.884,23.861,23.869,23.854,23.854,23.869,23.877,23.869,23.877,23.877,23.877,23.884,23.884,23.892,23.899,23.907,23.907,23.907,23.907,23.922,23.915,23.915,23.907,23.907,23.907,23.915,23.915,23.899,23.892,23.892,23.899,23.915,23.907,23.869,23.861,23.922,23.892,23.899,23.892,23.892,23.892,23.922,23.922,23.93,23.93,23.93,23.938,23.93,23.915,23.915,23.915,23.922,23.922,23.938,23.945,23.938,23.93,23.915,23.907,23.915,23.892,23.892,23.892,23.892,23.907,23.922,23.93,23.892,23.892,23.877,23.899,23.899,23.899,23.907,23.899,23.884,23.869,23.861,23.861,23.846,23.869,23.877,23.884,23.877,23.892,23.907,23.869,23.869,23.892,23.869,23.877,23.884,23.877,23.884,23.861,23.861,23.877,23.854,23.838,23.838,23.884,23.877,23.884,23.861,23.861,23.869,23.884,23.869,23.861,23.869,23.854,23.869,23.823,23.816,23.831,23.838,23.861,23.861,23.854,23.854,23.846,23.838,23.854,23.861,23.861,23.838,23.846,23.854,23.831,23.816,23.816,23.8,23.8,23.793,23.823,23.823,23.838,23.816,23.838,23.831,23.823,23.831,23.854,23.846,23.838,23.816,23.793,23.8,23.808,23.808,23.816,23.808,23.808,23.816,23.808,23.823,23.838,23.831,23.823,23.838,23.8,23.823,23.846,23.846,23.831,23.831,23.823,23.823,23.823,23.846,23.846,23.838,23.816,23.816,23.808,23.8,23.8,23.816,23.793,23.816,23.831,23.831,23.831,23.854,23.861,23.854,23.861,23.831,23.823,23.823,23.816,23.823,23.816,23.793,23.8,23.808,23.808,23.838,23.808,23.823,23.816,23.823,23.816,23.8,23.823,23.831,23.823,23.831,23.823,23.808,23.854,23.861,23.846,23.838,23.831,23.816,23.854,23.861,23.861,23.869,23.861,23.861,23.846,23.838,23.854,23.846,23.861,23.861,23.854,23.838,23.854,23.846,23.838,23.831,23.831,23.838,23.831,23.838,23.831,23.816,23.808,23.838,23.838,23.831,23.831,23.816,23.816,23.816,23.816,23.816,23.793,23.8,23.816,23.8,23.785,23.793,23.8,23.808,23.808,23.808,23.816,23.808,23.793,23.777,23.77,23.777,23.77,23.793,23.808,23.8,23.785,23.777,23.762,23.777,23.77,23.77,23.777,23.785,23.785,23.785,23.785,23.8,23.762,23.77,23.77,23.793,23.762,23.777,23.77,23.777,23.77,23.785,23.777,23.755,23.793,23.785,23.785,23.8,23.785,23.793,23.793,23.793,23.793,23.777,23.762,23.747,23.785,23.808,23.8,23.777,23.762,23.793,23.793,23.8,23.732,23.785,23.747,23.77,23.777,23.77,23.777,23.785,23.823,23.816,23.8,23.793,23.793,23.777,23.785,23.762,23.739,23.747,23.724,23.724,23.701,23.716,23.709,23.724,23.747,23.747,23.732,23.716,23.755,23.724,23.739,23.739,23.77,23.732,23.755,23.739,23.755,23.732,23.762,23.709,23.739,23.693,23.709,23.701,23.701,23.716,23.709,23.693,23.739,23.762,23.762,23.709,23.724,23.655,23.64,23.655,23.693,23.701,23.709,23.724,23.709,23.709,23.709,23.732,23.724,23.755,23.732,23.762,23.724,23.716,23.732,23.686,23.732,23.671,23.671,23.678,23.678,23.701,23.686,23.701,23.739,23.77,23.732,23.693,23.739,23.793
,23.831,23.846,23.854,23.861,23.869,23.854,23.838,23.823,23.846,23.854,23.846,23.823,23.846,23.838,23.816,23.831,23.869,23.831,23.846,23.899,23.922,23.892,23.922,23.892,23.854,23.854,23.861,23.816,23.846,23.854,23.861,23.877,23.907,23.831,23.823,23.831,23.816,23.8,23.816,23.854,23.838,23.838,23.831,23.823,23.846,23.831,23.846,23.861,23.869,23.838,23.854,23.846,23.816,23.808,23.831,23.808,23.846,23.838,23.777,23.854,23.823,23.808,23.816,23.823,23.823,23.869,23.838,23.846,23.854,23.854,23.846,23.846,23.831,23.838,23.838,23.838,23.831,23.823,23.816,23.816,23.808,23.8,23.793,23.831,23.816,23.838,23.838,23.838,23.861,23.846,23.846,23.854,23.846,23.808,23.846,23.823,23.823,23.838,23.877,23.854,23.838,23.838,23.854,23.861,23.869,23.869,23.854,23.838,23.838,23.846,23.854,23.854,23.869,23.869,23.877,23.915,23.93,23.922,23.892,23.861,23.892,23.907,23.907,23.899,23.922,23.938,23.93,23.938,23.938,23.915,23.922,23.884,23.907,23.861,23.877,23.884,23.869,23.869,23.877,23.869,23.877,23.877,23.869,23.869,23.884,23.877,23.892,23.899,23.915,23.907,23.938,23.907,23.877,23.869,23.884,23.869,23.854,23.892,23.884,23.899,23.892,23.899,23.892,23.877,23.877,23.899,23.892,23.892,23.899,23.892,23.884,23.877,23.877,23.884,23.907,23.899,23.899,23.899,23.892,23.899,23.899,23.915,23.899,23.922,23.907,23.93,23.922,23.93,23.915,23.915,23.907,23.93,23.938,23.953,23.915,23.892,23.915,23.922,23.907,23.93,23.915,23.915,23.915,23.907,23.877,23.892,23.884,23.899,23.945,23.922,23.915,23.915,23.915,23.907,23.93,23.922,23.899,23.899,23.892,23.899,23.892,23.907,23.907,23.915,23.922,23.915,23.907,23.899,23.884,23.907,23.892,23.892,23.899,23.907,23.899,23.892,23.892,23.892,23.884,23.892,23.892,23.877,23.861,23.861,23.854,23.877,23.884,23.884,23.892,23.884,23.884,23.877,23.884,23.892,23.899,23.915,23.915,23.922,23.922,23.907,23.915,23.93,23.922,23.922,23.899,23.922,23.915,23.884,23.884,23.892,23.93,23.915,23.899,23.884,23.869,23.861,23.884,23.877,23.884,23.877,23.877,23.884,23.93,23.907,23.93,23.915,23.93,23.922,23.938,23.93,23.922,23.922,23.938,23.945,23.93,23.938,23.93,23.922,23.922,23.907,23.899,23.877,23.892,23.884,23.907,23.884,23.907,23.907,23.907,23.899,23.892,23.915,23.899,23.892,23.899,23.877,23.877,23.854,23.861,23.869,23.884,23.884,23.877,23.877,23.892,23.892,23.892,23.877,23.884,23.877,23.861,23.869,23.884,23.884,23.884,23.884,23.869,23.854,23.861,23.877,23.877,23.899,23.899,23.892,23.884,23.869,23.861,23.869,23.854,23.854,23.831,23.831,23.831,23.838,23.831,23.838,23.884,23.846,23.861,23.846,23.838,23.838,23.846,23.854,23.861,23.831,23.823,23.838,23.823,23.816,23.816,23.8,23.777,23.8,23.785,23.816,23.808,23.846,23.831,23.831,23.831,23.846,23.854,23.838,23.831,23.831,23.823,23.831,23.816,23.831,23.816,23.808,23.8,23.808,23.8,23.816,23.816,23.823,23.816,23.8,23.823,23.831,23.846,23.846,23.838,23.838,23.816,23.823,23.831,23.838,23.846,23.846,23.846,23.808,23.8,23.793,23.785,23.816,23.816,23.838,23.838,23.861,23.854,23.854,23.846,23.854,23.854,23.831,23.846,23.846,23.823,23.823,23.8,23.808,23.8,23.816,23.816,23.823,23.838,23.831,23.808,23.854,23.831,23.816,23.816,23.838,23.831,23.838,23.831,23.816,23.892,23.838,23.861,23.861,23.846,23.877,23.877,23.877,23.861,23.861,23.854,23.861,23.854,23.808,23.854,23.861,23.877,23.869,23.869,23.869,23.861,23.869,23.854,23.823,23.846,23.823,23.831,23.816,23.838,23.838,23.823,23.861,23.838,23.846,23.831,23.838,23.823,23.838,23.838,23.823,23.846,23.831,23.808,23.8,23.8,23.793,23.8,23.808,23.816,23.816,23.808,23.8,23.793,23.793,23.785,23.785,23.785,23.793,23.816,23.8,23.8,23.8,23.785,23.785,23.777,23.785,23.785,23.793,23.793,23.793,23.8,23.793,23.762,23.793,23.785,23.793,23.77,23.77,23.747,23.747,23.762,23.747,23.747,23.793,23.823,23.785,23.777,23.793,23.8,23.785,23.785,23.785,23.777,23.785,23.77,23.762,23.77,23.793,23.777,23.777,23.762,23.762,23.77,23.777,23.747,23.777,23.77,23.77,23.777,23.8,23.808,23.785,23.793,23.808,23.8,23.785,23.793,23.777,23.77,23.777,23.762,23.732,23.793,23.701,23.693,23.693,23.724,23.739,23.739,23.747,23.739,23.755,23.739,23.777,23.716,23.755,23.762,23.77,23.77,23.8,23.747,23.793,23.77,23.709,23.716,23.693,23.701,23.701,23.686,23.709,23.716,23.732,23.747,23.77,23.724,23.716,23.739,23.732,23.701,23.671,23.701,23.716,23.693,23.686,23.678,23.716,23.716,23.716,23.739,23.755,23.709,23.724,23.716,23.716,23.747,23.686,23.693,23.671,23.671,23.678,23.655,23.663,23.625,23.709,23.732,23.724,23.724,23.709,23.686,23.755
,23.816,23.854,23.869,23.861,23.831,23.838,23.816,23.831,23.831,23.846,23.869,23.854,23.846,23.869,23.854,23.846,23.838,23.838,23.884,23.854,23.899,23.953,23.899,23.884,23.854,23.846,23.854,23.831,23.846,23.854,23.869,23.884,23.869,23.884,23.884,23.838,23.846,23.823,23.877,23.838,23.831,23.838,23.831,23.808,23.861,23.846,23.854,23.869,23.838,23.838,23.838,23.823,23.808,23.831,23.846,23.8,23.838,23.854,23.831,23.777,23.785,23.777,23.808,23.808,23.823,23.816,23.861,23.854,23.846,23.846,23.854,23.846,23.838,23.838,23.823,23.823,23.823,23.838,23.846,23.823,23.808,23.808,23.8,23.808,23.8,23.831,23.816,23.823,23.846,23.838,23.846,23.838,23.831,23.831,23.831,23.831,23.846,23.838,23.846,23.838,23.861,23.854,23.869,23.854,23.869,23.877,23.861,23.831,23.846,23.846,23.846,23.846,23.869,23.854,23.907,23.922,23.93,23.938,23.892,23.877,23.892,23.869,23.899,23.93,23.922,23.922,23.922,23.907,23.922,23.922,23.93,23.922,23.877,23.869,23.869,23.861,23.869,23.884,23.877,23.877,23.869,23.869,23.869,23.869,23.884,23.877,23.892,23.899,23.899,23.907,23.922,23.899,23.892,23.877,23.877,23.854,23.861,23.838,23.877,23.861,23.892,23.892,23.892,23.899,23.892,23.892,23.899,23.899,23.907,23.892,23.877,23.877,23.877,23.884,23.884,23.907,23.899,23.899,23.899,23.907,23.899,23.907,23.892,23.892,23.915,23.922,23.899,23.93,23.899,23.915,23.938,23.93,23.938,23.938,23.938,23.899,23.938,23.922,23.938,23.938,23.922,23.93,23.915,23.892,23.892,23.869,23.892,23.915,23.922,23.93,23.922,23.93,23.93,23.93,23.922,23.945,23.892,23.884,23.877,23.884,23.892,23.907,23.922,23.922,23.915,23.884,23.907,23.907,23.899,23.892,23.892,23.892,23.899,23.899,23.884,23.884,23.892,23.892,23.892,23.884,23.892,23.869,23.861,23.854,23.861,23.869,23.877,23.899,23.899,23.892,23.884,23.892,23.884,23.884,23.899,23.915,23.907,23.915,23.907,23.915,23.922,23.922,23.938,23.915,23.892,23.899,23.884,23.877,23.892,23.892,23.907,23.899,23.884,23.884,23.861,23.884,23.877,23.869,23.861,23.899,23.892,23.915,23.899,23.93,23.922,23.93,23.93,23.945,23.945,23.945,23.938,23.93,23.945,23.945,23.953,23.938,23.93,23.907,23.892,23.884,23.877,23.877,23.884,23.884,23.892,23.877,23.907,23.922,23.899,23.915,23.915,23.922,23.915,23.907,23.892,23.869,23.854,23.854,23.869,23.869,23.861,23.877,23.869,23.884,23.884,23.899,23.892,23.899,23.877,23.884,23.892,23.892,23.899,23.892,23.892,23.884,23.877,23.877,23.884,23.877,23.884,23.884,23.877,23.884,23.869,23.869,23.877,23.854,23.884,23.838,23.846,23.846,23.838,23.838,23.854,23.846,23.854,23.861,23.854,23.846,23.846,23.846,23.846,23.861,23.877,23.838,23.861,23.838,23.831,23.838,23.816,23.823,23.808,23.8,23.8,23.8,23.838,23.838,23.846,23.823,23.831,23.838,23.846,23.846,23.838,23.838,23.831,23.838,23.838,23.838,23.823,23.808,23.808,23.808,23.8,23.823,23.831,23.823,23.831,23.816,23.808,23.823,23.838,23.838,23.838,23.831,23.816,23.823,23.838,23.831,23.846,23.838,23.823,23.808,23.8,23.785,23.808,23.808,23.823,23.846,23.846,23.846,23.861,23.854,23.816,23.846,23.854,23.808,23.854,23.831,23.831,23.831,23.823,23.808,23.808,23.816,23.816,23.823,23.854,23.838,23.838,23.838,23.854,23.823,23.854,23.854,23.861,23.846,23.831,23.823,23.838,23.838,23.854,23.869,23.869,23.861,23.854,23.861,23.861,23.861,23.854,23.846,23.846,23.854,23.861,23.861,23.892,23.861,23.869,23.869,23.869,23.854,23.869,23.838,23.816,23.816,23.838,23.808,23.816,23.838,23.838,23.846,23.861,23.846,23.846,23.838,23.831,23.838,23.838,23.823,23.823,23.831,23.816,23.8,23.808,23.8,23.8,23.816,23.808,23.808,23.808,23.793,23.785,23.785,23.785,23.793,23.793,23.8,23.816,23.808,23.8,23.785,23.785,23.793,23.77,23.777,23.777,23.793,23.793,23.816,23.816,23.793,23.777,23.785,23.77,23.777,23.755,23.732,23.77,23.762,23.755,23.755,23.777,23.785,23.777,23.8,23.785,23.785,23.77,23.777,23.785,23.8,23.785,23.777,23.777,23.785,23.793,23.77,23.77,23.762,23.755,23.77,23.777,23.793,23.777,23.762,23.77,23.777,23.77,23.77,23.777,23.816,23.785,23.8,23.785,23.785,23.777,23.762,23.762,23.747,23.785,23.755,23.77,23.709,23.701,23.709,23.716,23.724,23.724,23.755,23.747,23.716,23.716,23.77,23.8,23.8,23.793,23.823,23.8,23.747,23.762,23.762,23.724,23.693,23.701,23.686,23.709,23.716,23.709,23.716,23.739,23.739,23.739,23.755,23.747,23.747,23.739,23.686,23.716,23.709,23.709,23.716,23.724,23.716,23.64,23.693,23.701,23.739,23.739,23.693,23.709,23.709,23.716,23.693,23.732,23.716,23.709,23.693,23.663,23.686,23.64,23.686,23.709,23.739,23.739,23.747,23.724,23.732,23.716,23.724
,23.823,23.846,23.854,23.877,23.846,23.816,23.838,23.823,23.823,23.823,23.846,23.816,23.846,23.861,23.838,23.846,23.854,23.869,23.823,23.861,23.823,23.899,23.907,23.899,23.877,23.838,23.861,23.838,23.838,23.861,23.854,23.877,23.877,23.869,23.831,23.838,23.823,23.831,23.846,23.846,23.846,23.854,23.831,23.846,23.846,23.838,23.823,23.861,23.831,23.838,23.846,23.838,23.838,23.823,23.808,23.808,23.838,23.838,23.861,23.823,23.816,23.808,23.785,23.785,23.831,23.846,23.831,23.838,23.838,23.831,23.846,23.838,23.846,23.823,23.823,23.838,23.816,23.846,23.838,23.816,23.793,23.793,23.793,23.808,23.831,23.816,23.854,23.846,23.869,23.861,23.838,23.846,23.838,23.808,23.838,23.838,23.838,23.861,23.846,23.846,23.846,23.869,23.854,23.854,23.869,23.877,23.877,23.861,23.861,23.846,23.854,23.846,23.846,23.899,23.892,23.922,23.922,23.915,23.892,23.899,23.892,23.877,23.907,23.922,23.915,23.915,23.907,23.907,23.892,23.922,23.915,23.922,23.899,23.915,23.915,23.877,23.899,23.899,23.884,23.877,23.877,23.869,23.869,23.877,23.884,23.884,23.892,23.892,23.892,23.915,23.892,23.915,23.899,23.884,23.861,23.846,23.869,23.854,23.869,23.877,23.884,23.884,23.884,23.899,23.892,23.907,23.915,23.907,23.899,23.892,23.892,23.877,23.884,23.884,23.907,23.907,23.892,23.922,23.915,23.907,23.907,23.915,23.884,23.899,23.915,23.915,23.915,23.899,23.899,23.922,23.915,23.945,23.938,23.93,23.915,23.938,23.907,23.938,23.938,23.938,23.938,23.922,23.915,23.899,23.899,23.877,23.892,23.899,23.907,23.915,23.93,23.93,23.915,23.922,23.93,23.922,23.907,23.877,23.877,23.877,23.892,23.915,23.93,23.93,23.922,23.899,23.899,23.892,23.884,23.892,23.892,23.892,23.884,23.892,23.884,23.899,23.892,23.892,23.884,23.877,23.877,23.861,23.854,23.861,23.861,23.869,23.884,23.899,23.907,23.892,23.907,23.899,23.892,23.892,23.899,23.892,23.907,23.915,23.907,23.907,23.938,23.907,23.915,23.915,23.861,23.899,23.877,23.877,23.877,23.884,23.884,23.915,23.884,23.877,23.861,23.877,23.884,23.877,23.884,23.869,23.892,23.922,23.884,23.938,23.907,23.922,23.938,23.953,23.938,23.938,23.938,23.93,23.938,23.945,23.938,23.938,23.922,23.884,23.892,23.884,23.884,23.884,23.869,23.854,23.899,23.899,23.899,23.899,23.938,23.938,23.93,23.922,23.907,23.899,23.877,23.869,23.877,23.846,23.861,23.831,23.869,23.877,23.877,23.892,23.892,23.899,23.907,23.907,23.899,23.892,23.884,23.884,23.892,23.884,23.884,23.877,23.877,23.884,23.884,23.892,23.884,23.907,23.884,23.877,23.884,23.869,23.861,23.869,23.854,23.846,23.846,23.846,23.846,23.846,23.854,23.854,23.846,23.854,23.854,23.854,23.846,23.846,23.846,23.838,23.823,23.838,23.831,23.8,23.831,23.823,23.816,23.816,23.793,23.8,23.808,23.816,23.831,23.846,23.846,23.846,23.831,23.823,23.831,23.831,23.846,23.831,23.846,23.831,23.838,23.816,23.823,23.831,23.8,23.816,23.816,23.823,23.831,23.831,23.831,23.808,23.823,23.816,23.831,23.838,23.838,23.823,23.816,23.808,23.808,23.838,23.846,23.854,23.846,23.816,23.808,23.8,23.8,23.846,23.846,23.846,23.861,23.846,23.854,23.838,23.838,23.808,23.816,23.816,23.854,23.8,23.831,23.831,23.816,23.808,23.808,23.808,23.823,23.831,23.846,23.838,23.846,23.854,23.869,23.892,23.861,23.861,23.854,23.846,23.823,23.861,23.854,23.869,23.861,23.869,23.869,23.877,23.869,23.846,23.854,23.854,23.861,23.861,23.869,23.846,23.808,23.823,23.831,23.861,23.861,23.861,23.861,23.831,23.869,23.831,23.846,23.808,23.8,23.823,23.793,23.823,23.816,23.861,23.877,23.846,23.869,23.831,23.838,23.846,23.838,23.838,23.838,23.838,23.816,23.823,23.808,23.8,23.816,23.808,23.808,23.793,23.793,23.793,23.808,23.8,23.793,23.8,23.793,23.808,23.8,23.8,23.808,23.808,23.8,23.777,23.793,23.785,23.793,23.793,23.838,23.831,23.808,23.808,23.793,23.785,23.808,23.785,23.777,23.777,23.762,23.755,23.747,23.777,23.762,23.816,23.777,23.8,23.8,23.793,23.785,23.785,23.77,23.77,23.785,23.793,23.785,23.8,23.793,23.8,23.8,23.739,23.77,23.724,23.762,23.762,23.755,23.777,23.755,23.732,23.793,23.785,23.747,23.785,23.785,23.777,23.777,23.77,23.77,23.747,23.747,23.732,23.747,23.777,23.709,23.686,23.77,23.686,23.686,23.724,23.724,23.724,23.739,23.716,23.709,23.724,23.739,23.77,23.785,23.77,23.755,23.739,23.732,23.716,23.724,23.739,23.732,23.716,23.724,23.716,23.747,23.724,23.716,23.709,23.747,23.755,23.739,23.755,23.716,23.709,23.739,23.686,23.724,23.686,23.755,23.693,23.678,23.663,23.724,23.732,23.755,23.693,23.686,23.701,23.732,23.701,23.716,23.716,23.701,23.693,23.693,23.655,23.693,23.678,23.671,23.686,23.77,23.678,23.686,23.701,23.693,23.663
,23.823,23.831,23.838,23.869,23.854,23.838,23.808,23.808,23.816,23.831,23.831,23.816,23.823,23.838,23.831,23.846,23.846,23.846,23.793,23.823,23.869,23.907,23.854,23.816,23.869,23.869,23.846,23.854,23.838,23.838,23.869,23.846,23.854,23.861,23.831,23.861,23.831,23.831,23.831,23.846,23.846,23.854,23.846,23.831,23.838,23.816,23.838,23.831,23.831,23.823,23.846,23.846,23.838,23.838,23.8,23.8,23.808,23.808,23.793,23.831,23.8,23.808,23.8,23.785,23.831,23.823,23.838,23.838,23.838,23.838,23.838,23.831,23.823,23.831,23.831,23.823,23.823,23.793,23.793,23.793,23.8,23.808,23.816,23.816,23.831,23.838,23.838,23.846,23.884,23.869,23.861,23.846,23.838,23.846,23.854,23.869,23.861,23.861,23.854,23.846,23.869,23.861,23.861,23.861,23.869,23.869,23.869,23.877,23.877,23.869,23.854,23.884,23.838,23.869,23.877,23.922,23.922,23.899,23.915,23.869,23.877,23.899,23.892,23.915,23.899,23.899,23.892,23.907,23.892,23.899,23.907,23.907,23.877,23.915,23.892,23.922,23.907,23.899,23.892,23.884,23.877,23.869,23.869,23.877,23.884,23.892,23.899,23.892,23.892,23.899,23.892,23.907,23.907,23.861,23.831,23.838,23.831,23.831,23.854,23.846,23.877,23.869,23.877,23.892,23.899,23.907,23.915,23.915,23.915,23.884,23.869,23.884,23.884,23.884,23.892,23.899,23.907,23.915,23.915,23.922,23.907,23.915,23.938,23.915,23.899,23.884,23.884,23.892,23.877,23.907,23.922,23.938,23.945,23.93,23.93,23.907,23.915,23.922,23.922,23.945,23.938,23.945,23.945,23.907,23.907,23.899,23.892,23.899,23.907,23.907,23.915,23.93,23.922,23.915,23.93,23.915,23.884,23.884,23.869,23.892,23.899,23.922,23.922,23.922,23.915,23.869,23.884,23.892,23.899,23.892,23.892,23.892,23.877,23.892,23.892,23.892,23.884,23.869,23.877,23.869,23.877,23.861,23.861,23.854,23.869,23.877,23.877,23.892,23.892,23.899,23.892,23.892,23.884,23.877,23.892,23.884,23.884,23.899,23.884,23.907,23.915,23.907,23.907,23.899,23.899,23.915,23.877,23.869,23.892,23.877,23.877,23.907,23.884,23.869,23.854,23.861,23.869,23.877,23.892,23.854,23.892,23.899,23.915,23.915,23.915,23.922,23.938,23.953,23.938,23.93,23.93,23.922,23.93,23.938,23.922,23.915,23.899,23.899,23.892,23.892,23.869,23.884,23.877,23.877,23.892,23.884,23.907,23.915,23.938,23.93,23.93,23.915,23.922,23.915,23.854,23.831,23.823,23.861,23.846,23.846,23.869,23.861,23.877,23.884,23.899,23.907,23.915,23.907,23.899,23.884,23.869,23.907,23.892,23.877,23.884,23.854,23.869,23.884,23.884,23.884,23.884,23.877,23.877,23.869,23.861,23.869,23.884,23.861,23.854,23.838,23.831,23.846,23.838,23.846,23.869,23.838,23.846,23.854,23.846,23.861,23.846,23.846,23.838,23.823,23.869,23.816,23.846,23.793,23.816,23.823,23.808,23.838,23.816,23.808,23.831,23.816,23.823,23.823,23.838,23.838,23.838,23.831,23.823,23.831,23.831,23.816,23.838,23.823,23.838,23.846,23.823,23.823,23.831,23.816,23.816,23.831,23.823,23.823,23.823,23.816,23.816,23.816,23.831,23.823,23.823,23.816,23.816,23.816,23.816,23.816,23.838,23.846,23.846,23.816,23.793,23.785,23.77,23.816,23.831,23.861,23.861,23.854,23.854,23.846,23.838,23.816,23.861,23.808,23.831,23.838,23.808,23.8,23.808,23.808,23.808,23.793,23.808,23.816,23.831,23.854,23.831,23.854,23.854,23.854,23.861,23.861,23.846,23.846,23.861,23.823,23.861,23.861,23.854,23.861,23.861,23.854,23.846,23.838,23.854,23.846,23.861,23.869,23.861,23.861,23.823,23.846,23.869,23.838,23.861,23.861,23.831,23.854,23.816,23.838,23.816,23.785,23.816,23.785,23.816,23.823,23.854,23.854,23.877,23.854,23.861,23.846,23.831,23.846,23.854,23.838,23.838,23.838,23.823,23.816,23.808,23.8,23.808,23.808,23.8,23.808,23.8,23.785,23.808,23.808,23.8,23.808,23.8,23.77,23.8,23.793,23.793,23.8,23.808,23.777,23.793,23.785,23.793,23.808,23.808,23.816,23.808,23.838,23.793,23.816,23.785,23.785,23.785,23.785,23.762,23.777,23.77,23.793,23.785,23.793,23.77,23.793,23.785,23.793,23.793,23.777,23.785,23.762,23.793,23.777,23.8,23.8,23.8,23.785,23.808,23.747,23.739,23.709,23.732,23.755,23.762,23.77,23.785,23.762,23.755,23.739,23.709,23.777,23.755,23.777,23.747,23.732,23.724,23.732,23.762,23.732,23.762,23.732,23.747,23.762,23.747,23.755,23.686,23.693,23.701,23.709,23.716,23.716,23.739,23.77,23.747,23.77,23.793,23.762,23.747,23.724,23.762,23.777,23.701,23.724,23.739,23.724,23.732,23.747,23.724,23.716,23.663,23.755,23.724,23.716,23.762,23.755,23.816,23.693,23.762,23.732,23.686,23.716,23.686,23.701,23.663,23.678,23.716,23.739,23.716,23.693,23.693,23.693,23.693,23.693,23.709,23.701,23.709,23.724,23.678,23.709,23.724,23.686,23.678,23.663,23.716,23.716,23.716,23.709,23.671,23.655
,23.838,23.846,23.846,23.854,23.823,23.831,23.831,23.816,23.846,23.816,23.816,23.823,23.831,23.831,23.831,23.838,23.816,23.823,23.816,23.793,23.816,23.854,23.869,23.854,23.869,23.877,23.808,23.846,23.823,23.838,23.838,23.846,23.877,23.831,23.846,23.823,23.838,23.831,23.816,23.846,23.854,23.854,23.838,23.838,23.846,23.816,23.808,23.816,23.816,23.823,23.838,23.854,23.831,23.838,23.8,23.777,23.793,23.777,23.816,23.823,23.808,23.777,23.808,23.8,23.8,23.823,23.823,23.838,23.846,23.838,23.838,23.838,23.816,23.823,23.831,23.831,23.793,23.8,23.8,23.8,23.793,23.808,23.816,23.816,23.831,23.831,23.854,23.838,23.854,23.854,23.838,23.861,23.831,23.854,23.854,23.861,23.854,23.861,23.854,23.861,23.861,23.861,23.861,23.854,23.869,23.861,23.854,23.869,23.854,23.846,23.846,23.869,23.899,23.884,23.907,23.907,23.93,23.899,23.877,23.892,23.907,23.915,23.922,23.922,23.907,23.892,23.892,23.884,23.899,23.899,23.907,23.922,23.884,23.892,23.907,23.899,23.899,23.884,23.899,23.884,23.877,23.877,23.869,23.877,23.892,23.907,23.899,23.892,23.884,23.892,23.884,23.899,23.877,23.877,23.869,23.854,23.831,23.854,23.838,23.854,23.861,23.869,23.877,23.892,23.899,23.907,23.907,23.899,23.915,23.93,23.884,23.869,23.854,23.861,23.884,23.899,23.907,23.907,23.915,23.915,23.907,23.915,23.907,23.899,23.884,23.892,23.884,23.899,23.915,23.884,23.938,23.945,23.938,23.93,23.922,23.915,23.907,23.922,23.899,23.915,23.915,23.938,23.922,23.915,23.899,23.892,23.899,23.899,23.915,23.93,23.93,23.922,23.922,23.915,23.922,23.915,23.869,23.869,23.869,23.877,23.899,23.915,23.922,23.922,23.907,23.877,23.846,23.869,23.877,23.892,23.869,23.877,23.877,23.869,23.877,23.892,23.869,23.877,23.869,23.869,23.869,23.861,23.854,23.861,23.854,23.861,23.877,23.861,23.877,23.884,23.877,23.869,23.877,23.877,23.869,23.884,23.877,23.884,23.892,23.899,23.907,23.907,23.899,23.899,23.892,23.854,23.877,23.861,23.877,23.877,23.877,23.884,23.877,23.884,23.884,23.869,23.877,23.861,23.884,23.877,23.892,23.877,23.899,23.907,23.907,23.93,23.938,23.938,23.93,23.922,23.922,23.922,23.93,23.93,23.915,23.899,23.907,23.877,23.877,23.884,23.877,23.877,23.877,23.877,23.884,23.884,23.892,23.899,23.945,23.953,23.922,23.922,23.899,23.892,23.884,23.861,23.838,23.816,23.854,23.854,23.877,23.877,23.861,23.877,23.899,23.899,23.907,23.907,23.907,23.892,23.877,23.861,23.869,23.854,23.846,23.869,23.884,23.884,23.884,23.922,23.892,23.854,23.846,23.854,23.846,23.869,23.877,23.877,23.892,23.846,23.846,23.854,23.846,23.854,23.861,23.838,23.861,23.854,23.846,23.854,23.846,23.838,23.831,23.808,23.808,23.793,23.808,23.816,23.8,23.8,23.808,23.823,23.823,23.816,23.823,23.831,23.823,23.823,23.838,23.838,23.838,23.823,23.816,23.823,23.823,23.816,23.823,23.808,23.816,23.793,23.816,23.831,23.823,23.823,23.823,23.823,23.831,23.838,23.823,23.823,23.816,23.816,23.831,23.808,23.816,23.816,23.808,23.793,23.8,23.777,23.816,23.831,23.8,23.8,23.777,23.793,23.793,23.8,23.808,23.854,23.854,23.854,23.854,23.831,23.838,23.816,23.823,23.823,23.816,23.816,23.816,23.823,23.831,23.808,23.816,23.816,23.8,23.823,23.831,23.831,23.846,23.838,23.854,23.869,23.846,23.854,23.831,23.846,23.838,23.831,23.838,23.846,23.831,23.854,23.838,23.831,23.831,23.838,23.846,23.854,23.861,23.861,23.854,23.854,23.823,23.816,23.838,23.808,23.838,23.854,23.838,23.831,23.823,23.823,23.831,23.823,23.793,23.808,23.808,23.831,23.838,23.869,23.861,23.854,23.846,23.846,23.846,23.831,23.838,23.823,23.831,23.823,23.816,23.816,23.808,23.793,23.808,23.8,23.8,23.8,23.8,23.808,23.808,23.793,23.8,23.793,23.808,23.8,23.777,23.785,23.777,23.8,23.8,23.777,23.793,23.777,23.77,23.8,23.793,23.808,23.8,23.816,23.793,23.8,23.808,23.8,23.777,23.785,23.777,23.793,23.785,23.785,23.777,23.793,23.777,23.785,23.785,23.777,23.785,23.777,23.77,23.755,23.762,23.793,23.785,23.8,23.793,23.808,23.785,23.762,23.732,23.732,23.755,23.747,23.762,23.755,23.747,23.755,23.732,23.747,23.747,23.77,23.77,23.747,23.716,23.732,23.732,23.732,23.755,23.747,23.739,23.762,23.724,23.732,23.739,23.678,23.716,23.701,23.701,23.701,23.709,23.724,23.724,23.732,23.724,23.793,23.762,23.755,23.747,23.709,23.755,23.755,23.709,23.709,23.762,23.762,23.755,23.739,23.739,23.755,23.671,23.663,23.709,23.739,23.709,23.724,23.747,23.732,23.701,23.709,23.686,23.732,23.663,23.739,23.693,23.716,23.724,23.64,23.709,23.739,23.678,23.701,23.716,23.709,23.709,23.709,23.693,23.716,23.701,23.701,23.648,23.655,23.655,23.686,23.693,23.701,23.693,23.693,23.678,23.64
,23.831,23.846,23.838,23.846,23.838,23.816,23.838,23.816,23.808,23.838,23.823,23.823,23.831,23.831,23.831,23.846,23.846,23.854,23.838,23.854,23.831,23.854,23.838,23.854,23.877,23.831,23.816,23.823,23.846,23.846,23.846,23.838,23.838,23.838,23.793,23.831,23.808,23.816,23.846,23.846,23.846,23.846,23.846,23.823,23.823,23.816,23.793,23.793,23.808,23.831,23.831,23.846,23.846,23.823,23.816,23.785,23.77,23.793,23.793,23.785,23.785,23.793,23.793,23.793,23.8,23.808,23.831,23.823,23.846,23.838,23.854,23.808,23.808,23.77,23.808,23.816,23.793,23.808,23.793,23.8,23.785,23.808,23.816,23.846,23.831,23.838,23.877,23.877,23.861,23.854,23.854,23.854,23.846,23.854,23.877,23.877,23.869,23.861,23.846,23.861,23.861,23.846,23.846,23.846,23.861,23.861,23.869,23.877,23.854,23.861,23.854,23.838,23.854,23.869,23.915,23.907,23.922,23.915,23.899,23.869,23.907,23.915,23.922,23.915,23.892,23.877,23.892,23.892,23.899,23.892,23.899,23.907,23.907,23.915,23.915,23.892,23.907,23.915,23.892,23.884,23.877,23.877,23.877,23.892,23.892,23.899,23.907,23.899,23.884,23.884,23.877,23.877,23.884,23.884,23.877,23.861,23.854,23.854,23.846,23.846,23.854,23.869,23.877,23.884,23.892,23.899,23.915,23.907,23.907,23.938,23.861,23.861,23.854,23.846,23.861,23.892,23.899,23.915,23.915,23.907,23.907,23.907,23.915,23.899,23.884,23.899,23.869,23.877,23.884,23.998,23.953,23.93,23.922,23.907,23.907,23.899,23.884,23.892,23.892,23.892,23.907,23.915,23.922,23.938,23.922,23.899,23.899,23.899,23.915,23.922,23.915,23.915,23.907,23.892,23.892,23.892,23.884,23.869,23.861,23.877,23.907,23.907,23.907,23.907,23.877,23.892,23.869,23.861,23.877,23.877,23.869,23.884,23.877,23.877,23.846,23.869,23.861,23.877,23.869,23.861,23.861,23.854,23.854,23.854,23.854,23.861,23.869,23.877,23.869,23.869,23.877,23.869,23.861,23.869,23.869,23.869,23.877,23.877,23.899,23.899,23.899,23.907,23.915,23.892,23.892,23.884,23.854,23.869,23.861,23.884,23.907,23.884,23.892,23.869,23.884,23.869,23.869,23.877,23.869,23.877,23.877,23.899,23.884,23.892,23.899,23.922,23.938,23.922,23.922,23.915,23.907,23.915,23.922,23.915,23.915,23.892,23.899,23.869,23.884,23.892,23.877,23.877,23.877,23.869,23.861,23.922,23.899,23.899,23.899,23.907,23.915,23.915,23.892,23.877,23.854,23.854,23.838,23.861,23.869,23.861,23.861,23.869,23.884,23.884,23.892,23.907,23.907,23.907,23.899,23.892,23.869,23.838,23.846,23.846,23.861,23.854,23.854,23.861,23.884,23.892,23.869,23.838,23.846,23.838,23.869,23.877,23.892,23.892,23.884,23.869,23.861,23.854,23.838,23.846,23.838,23.831,23.846,23.854,23.846,23.838,23.838,23.831,23.823,23.816,23.808,23.777,23.777,23.77,23.785,23.785,23.808,23.793,23.808,23.838,23.838,23.831,23.846,23.838,23.816,23.823,23.831,23.831,23.816,23.823,23.816,23.808,23.8,23.793,23.808,23.793,23.831,23.816,23.816,23.831,23.823,23.831,23.846,23.838,23.823,23.823,23.823,23.816,23.793,23.823,23.831,23.823,23.793,23.816,23.785,23.793,23.831,23.831,23.816,23.838,23.785,23.777,23.785,23.823,23.816,23.831,23.854,23.861,23.884,23.877,23.861,23.838,23.831,23.816,23.816,23.823,23.8,23.808,23.823,23.816,23.823,23.823,23.808,23.816,23.808,23.816,23.823,23.831,23.846,23.838,23.846,23.846,23.838,23.846,23.846,23.816,23.816,23.823,23.861,23.854,23.854,23.838,23.838,23.831,23.854,23.861,23.869,23.861,23.854,23.831,23.831,23.816,23.831,23.823,23.831,23.831,23.838,23.838,23.846,23.831,23.838,23.793,23.816,23.816,23.823,23.846,23.816,23.861,23.861,23.854,23.838,23.846,23.831,23.831,23.816,23.838,23.823,23.808,23.831,23.808,23.793,23.793,23.793,23.793,23.8,23.816,23.808,23.808,23.816,23.808,23.816,23.8,23.762,23.777,23.793,23.793,23.816,23.8,23.808,23.816,23.793,23.816,23.793,23.77,23.785,23.793,23.793,23.785,23.77,23.8,23.8,23.793,23.793,23.777,23.785,23.785,23.785,23.785,23.793,23.785,23.777,23.777,23.77,23.785,23.793,23.785,23.77,23.77,23.762,23.762,23.762,23.808,23.8,23.793,23.793,23.785,23.762,23.732,23.709,23.755,23.762,23.793,23.739,23.739,23.732,23.732,23.755,23.762,23.755,23.747,23.739,23.724,23.716,23.732,23.739,23.732,23.732,23.724,23.724,23.709,23.724,23.762,23.701,23.724,23.747,23.709,23.724,23.716,23.716,23.747,23.755,23.77,23.77,23.732,23.747,23.747,23.777,23.739,23.716,23.716,23.724,23.739,23.755,23.747,23.739,23.716,23.724,23.716,23.701,23.716,23.732,23.732,23.739,23.716,23.724,23.693,23.693,23.678,23.693,23.663,23.678,23.716,23.693,23.671,23.716,23.716,23.709,23.709,23.701,23.693,23.716,23.709,23.716,23.701,23.693,23.724,23.701,23.663,23.693,23.655,23.671,23.686,23.693,23.663,23.663,23.648
,23.823,23.838,23.816,23.816,23.816,23.808,23.8,23.823,23.8,23.793,23.808,23.8,23.808,23.816,23.823,23.823,23.861,23.823,23.846,23.846,23.831,23.838,23.846,23.823,23.884,23.8,23.861,23.838,23.838,23.854,23.831,23.831,23.823,23.823,23.785,23.785,23.793,23.816,23.808,23.838,23.854,23.816,23.808,23.816,23.831,23.777,23.808,23.8,23.793,23.831,23.823,23.831,23.816,23.816,23.785,23.77,23.762,23.793,23.77,23.762,23.762,23.793,23.777,23.8,23.808,23.823,23.816,23.838,23.861,23.846,23.838,23.785,23.823,23.785,23.793,23.8,23.785,23.785,23.785,23.777,23.823,23.816,23.831,23.854,23.861,23.846,23.861,23.861,23.846,23.838,23.838,23.854,23.869,23.884,23.884,23.877,23.877,23.869,23.861,23.854,23.861,23.861,23.846,23.838,23.838,23.846,23.846,23.854,23.854,23.861,23.854,23.861,23.854,23.884,23.899,23.899,23.915,23.907,23.899,23.907,23.899,23.907,23.915,23.915,23.899,23.892,23.892,23.892,23.899,23.899,23.877,23.899,23.877,23.915,23.907,23.899,23.907,23.877,23.892,23.884,23.884,23.892,23.884,23.899,23.899,23.915,23.915,23.907,23.892,23.877,23.877,23.869,23.877,23.869,23.861,23.869,23.854,23.854,23.854,23.854,23.861,23.861,23.884,23.884,23.892,23.899,23.899,23.892,23.892,23.854,23.877,23.854,23.831,23.846,23.869,23.869,23.877,23.907,23.892,23.899,23.907,23.907,23.892,23.922,23.907,23.907,23.899,23.892,23.93,23.915,23.938,23.93,23.915,23.915,23.892,23.884,23.892,23.877,23.884,23.892,23.884,23.907,23.899,23.907,23.915,23.899,23.907,23.899,23.907,23.922,23.922,23.922,23.899,23.899,23.877,23.907,23.884,23.892,23.892,23.861,23.869,23.892,23.892,23.892,23.861,23.869,23.869,23.869,23.861,23.854,23.861,23.884,23.877,23.854,23.846,23.854,23.861,23.869,23.877,23.877,23.861,23.854,23.854,23.861,23.861,23.869,23.861,23.869,23.854,23.854,23.861,23.854,23.861,23.869,23.861,23.869,23.877,23.892,23.884,23.899,23.899,23.899,23.907,23.892,23.877,23.846,23.854,23.854,23.854,23.854,23.884,23.907,23.884,23.899,23.884,23.846,23.861,23.869,23.861,23.877,23.869,23.892,23.884,23.899,23.915,23.915,23.922,23.915,23.907,23.907,23.899,23.907,23.907,23.907,23.922,23.892,23.884,23.869,23.884,23.892,23.877,23.877,23.861,23.869,23.877,23.915,23.892,23.899,23.915,23.907,23.907,23.892,23.884,23.877,23.846,23.861,23.831,23.831,23.808,23.854,23.854,23.861,23.869,23.899,23.899,23.915,23.907,23.899,23.899,23.877,23.861,23.861,23.846,23.838,23.846,23.869,23.869,23.869,23.892,23.877,23.861,23.831,23.846,23.854,23.854,23.877,23.884,23.892,23.884,23.884,23.915,23.846,23.838,23.838,23.838,23.838,23.831,23.831,23.831,23.831,23.838,23.831,23.823,23.816,23.816,23.793,23.8,23.777,23.77,23.8,23.793,23.808,23.846,23.831,23.831,23.831,23.823,23.831,23.831,23.816,23.816,23.823,23.838,23.808,23.808,23.793,23.785,23.8,23.793,23.808,23.808,23.816,23.808,23.823,23.823,23.831,23.823,23.838,23.831,23.823,23.831,23.823,23.823,23.831,23.838,23.816,23.816,23.816,23.777,23.838,23.823,23.808,23.8,23.793,23.777,23.808,23.77,23.793,23.808,23.823,23.854,23.869,23.861,23.869,23.846,23.846,23.838,23.8,23.808,23.816,23.808,23.831,23.793,23.8,23.808,23.823,23.823,23.823,23.808,23.808,23.816,23.816,23.816,23.846,23.838,23.831,23.838,23.831,23.816,23.838,23.846,23.831,23.838,23.846,23.831,23.846,23.831,23.838,23.861,23.861,23.854,23.854,23.838,23.846,23.823,23.816,23.838,23.854,23.838,23.838,23.838,23.846,23.823,23.838,23.838,23.793,23.831,23.816,23.816,23.831,23.854,23.861,23.816,23.846,23.846,23.831,23.831,23.831,23.823,23.816,23.808,23.816,23.808,23.816,23.793,23.785,23.785,23.785,23.785,23.816,23.816,23.831,23.823,23.823,23.808,23.816,23.785,23.77,23.785,23.785,23.785,23.8,23.808,23.8,23.777,23.793,23.777,23.785,23.8,23.785,23.785,23.785,23.793,23.793,23.793,23.793,23.793,23.777,23.777,23.777,23.777,23.777,23.777,23.777,23.755,23.785,23.77,23.762,23.777,23.777,23.77,23.77,23.793,23.77,23.755,23.793,23.777,23.785,23.77,23.755,23.755,23.724,23.732,23.762,23.785,23.777,23.747,23.732,23.732,23.732,23.739,23.716,23.739,23.716,23.724,23.716,23.716,23.716,23.747,23.747,23.739,23.716,23.724,23.709,23.739,23.762,23.732,23.732,23.739,23.716,23.747,23.686,23.739,23.755,23.755,23.762,23.755,23.785,23.777,23.777,23.785,23.739,23.716,23.739,23.709,23.755,23.732,23.732,23.739,23.724,23.709,23.693,23.716,23.716,23.709,23.655,23.693,23.732,23.709,23.732,23.686,23.686,23.663,23.686,23.663,23.686,23.709,23.716,23.716,23.724,23.693,23.693,23.724,23.701,23.678,23.716,23.678,23.747,23.724,23.739,23.739,23.709,23.716,23.693,23.686,23.686,23.709,23.686,23.701,23.648
,23.8,23.8,23.831,23.823,23.823,23.808,23.8,23.816,23.8,23.777,23.777,23.838,23.831,23.838,23.823,23.816,23.861,23.846,23.846,23.846,23.838,23.846,23.869,23.854,23.884,23.861,23.861,23.838,23.846,23.831,23.831,23.838,23.808,23.793,23.777,23.8,23.732,23.816,23.854,23.846,23.846,23.838,23.846,23.838,23.831,23.8,23.793,23.8,23.808,23.816,23.838,23.823,23.831,23.816,23.793,23.785,23.77,23.77,23.762,23.77,23.77,23.777,23.793,23.808,23.808,23.816,23.816,23.823,23.854,23.846,23.816,23.808,23.8,23.816,23.793,23.777,23.762,23.77,23.785,23.808,23.816,23.808,23.838,23.854,23.846,23.831,23.861,23.854,23.861,23.861,23.816,23.854,23.854,23.877,23.877,23.877,23.877,23.846,23.861,23.861,23.854,23.854,23.846,23.838,23.838,23.861,23.854,23.846,23.838,23.831,23.861,23.831,23.869,23.869,23.899,23.899,23.899,23.907,23.884,23.907,23.899,23.907,23.915,23.938,23.907,23.907,23.922,23.907,23.907,23.892,23.884,23.899,23.877,23.907,23.892,23.899,23.861,23.907,23.877,23.884,23.884,23.892,23.899,23.907,23.915,23.915,23.915,23.907,23.892,23.877,23.861,23.869,23.877,23.877,23.869,23.869,23.861,23.861,23.854,23.846,23.869,23.869,23.884,23.869,23.892,23.884,23.884,23.869,23.869,23.854,23.838,23.846,23.869,23.854,23.869,23.877,23.877,23.884,23.907,23.899,23.899,23.899,23.907,23.907,23.907,23.945,23.922,23.93,23.945,23.93,23.915,23.922,23.899,23.907,23.899,23.877,23.884,23.877,23.869,23.884,23.884,23.892,23.892,23.922,23.93,23.915,23.915,23.907,23.907,23.915,23.915,23.907,23.907,23.899,23.892,23.892,23.877,23.892,23.877,23.869,23.892,23.907,23.877,23.892,23.877,23.861,23.861,23.854,23.869,23.877,23.877,23.869,23.869,23.854,23.861,23.869,23.854,23.854,23.869,23.838,23.869,23.854,23.854,23.861,23.869,23.869,23.854,23.854,23.854,23.861,23.854,23.854,23.869,23.869,23.869,23.869,23.884,23.884,23.884,23.899,23.892,23.884,23.892,23.892,23.877,23.861,23.846,23.838,23.854,23.838,23.877,23.877,23.884,23.884,23.884,23.854,23.846,23.877,23.861,23.877,23.892,23.877,23.892,23.892,23.899,23.907,23.915,23.915,23.915,23.915,23.915,23.907,23.915,23.915,23.907,23.884,23.869,23.869,23.877,23.892,23.869,23.892,23.884,23.884,23.907,23.907,23.884,23.892,23.899,23.899,23.907,23.899,23.877,23.869,23.854,23.861,23.846,23.823,23.854,23.861,23.846,23.861,23.877,23.892,23.899,23.899,23.907,23.899,23.899,23.892,23.877,23.861,23.846,23.854,23.846,23.854,23.869,23.884,23.861,23.854,23.854,23.838,23.861,23.823,23.854,23.877,23.892,23.861,23.884,23.884,23.877,23.861,23.861,23.861,23.838,23.846,23.823,23.823,23.823,23.831,23.823,23.831,23.838,23.831,23.808,23.816,23.816,23.777,23.77,23.793,23.785,23.816,23.846,23.854,23.846,23.838,23.838,23.831,23.846,23.838,23.838,23.823,23.831,23.808,23.8,23.8,23.793,23.8,23.808,23.816,23.831,23.831,23.823,23.823,23.831,23.816,23.831,23.816,23.831,23.831,23.823,23.831,23.823,23.854,23.831,23.846,23.846,23.8,23.823,23.854,23.816,23.846,23.831,23.816,23.785,23.777,23.785,23.816,23.831,23.831,23.838,23.846,23.854,23.854,23.877,23.823,23.831,23.823,23.808,23.808,23.8,23.8,23.846,23.861,23.854,23.846,23.854,23.816,23.816,23.8,23.816,23.816,23.831,23.831,23.846,23.846,23.838,23.831,23.838,23.823,23.831,23.854,23.838,23.838,23.846,23.846,23.816,23.854,23.854,23.869,23.861,23.846,23.838,23.808,23.831,23.831,23.869,23.838,23.861,23.846,23.831,23.831,23.831,23.838,23.838,23.854,23.838,23.831,23.823,23.838,23.823,23.846,23.823,23.823,23.846,23.838,23.823,23.831,23.823,23.816,23.8,23.793,23.793,23.793,23.793,23.8,23.785,23.793,23.785,23.8,23.816,23.831,23.823,23.816,23.823,23.823,23.8,23.816,23.8,23.823,23.823,23.823,23.8,23.816,23.755,23.762,23.77,23.793,23.777,23.777,23.777,23.785,23.785,23.793,23.808,23.785,23.777,23.77,23.762,23.77,23.785,23.777,23.777,23.77,23.755,23.77,23.785,23.777,23.785,23.77,23.77,23.77,23.762,23.77,23.777,23.77,23.77,23.793,23.777,23.77,23.732,23.739,23.724,23.777,23.785,23.724,23.755,23.732,23.747,23.739,23.747,23.716,23.724,23.716,23.724,23.716,23.739,23.747,23.739,23.747,23.724,23.716,23.701,23.724,23.716,23.709,23.716,23.785,23.716,23.747,23.77,23.701,23.709,23.747,23.724,23.739,23.77,23.77,23.777,23.785,23.762,23.732,23.609,23.716,23.716,23.732,23.724,23.716,23.716,23.686,23.693,23.709,23.716,23.701,23.724,23.716,23.709,23.724,23.709,23.709,23.663,23.671,23.678,23.678,23.693,23.701,23.701,23.709,23.732,23.716,23.732,23.716,23.709,23.709,23.678,23.724,23.701,23.716,23.693,23.716,23.724,23.709,23.732,23.693,23.777,23.724,23.762,23.701,23.678,23.64
,23.838,23.831,23.823,23.823,23.8,23.823,23.785,23.823,23.785,23.793,23.846,23.838,23.823,23.816,23.816,23.831,23.831,23.838,23.861,23.854,23.854,23.854,23.838,23.869,23.877,23.884,23.884,23.854,23.838,23.846,23.846,23.823,23.8,23.8,23.793,23.8,23.8,23.785,23.793,23.8,23.846,23.861,23.846,23.816,23.816,23.8,23.785,23.793,23.777,23.823,23.838,23.816,23.823,23.808,23.77,23.755,23.762,23.77,23.777,23.755,23.777,23.785,23.8,23.8,23.823,23.8,23.808,23.831,23.831,23.861,23.785,23.816,23.762,23.777,23.755,23.77,23.762,23.762,23.785,23.816,23.777,23.816,23.831,23.838,23.854,23.846,23.854,23.869,23.884,23.884,23.838,23.816,23.877,23.884,23.869,23.861,23.854,23.846,23.838,23.861,23.831,23.838,23.846,23.846,23.838,23.846,23.869,23.869,23.861,23.838,23.831,23.884,23.861,23.861,23.884,23.899,23.907,23.907,23.899,23.877,23.899,23.869,23.892,23.892,23.907,23.899,23.922,23.907,23.907,23.899,23.877,23.877,23.877,23.861,23.892,23.877,23.907,23.838,23.877,23.884,23.915,23.915,23.907,23.907,23.907,23.915,23.915,23.907,23.899,23.877,23.869,23.854,23.869,23.869,23.869,23.877,23.861,23.854,23.854,23.861,23.869,23.869,23.877,23.884,23.869,23.884,23.877,23.884,23.869,23.861,23.854,23.854,23.854,23.861,23.861,23.854,23.877,23.892,23.899,23.899,23.915,23.899,23.915,23.915,23.922,23.953,23.968,23.945,23.922,23.922,23.922,23.922,23.907,23.892,23.892,23.869,23.869,23.884,23.861,23.869,23.877,23.869,23.899,23.93,23.907,23.899,23.93,23.899,23.907,23.915,23.907,23.922,23.899,23.884,23.892,23.899,23.884,23.899,23.884,23.869,23.884,23.907,23.899,23.892,23.884,23.869,23.869,23.861,23.877,23.861,23.877,23.884,23.877,23.869,23.869,23.877,23.854,23.877,23.854,23.846,23.869,23.861,23.869,23.854,23.869,23.869,23.861,23.869,23.877,23.861,23.877,23.869,23.869,23.861,23.861,23.869,23.892,23.877,23.892,23.892,23.884,23.892,23.884,23.869,23.861,23.854,23.861,23.854,23.846,23.877,23.854,23.884,23.884,23.892,23.861,23.861,23.846,23.854,23.861,23.892,23.907,23.884,23.907,23.899,23.907,23.907,23.907,23.907,23.915,23.922,23.907,23.907,23.907,23.899,23.892,23.854,23.869,23.877,23.884,23.877,23.892,23.892,23.907,23.899,23.892,23.884,23.877,23.884,23.915,23.892,23.907,23.884,23.884,23.869,23.854,23.861,23.869,23.846,23.854,23.854,23.854,23.861,23.869,23.899,23.899,23.915,23.922,23.907,23.899,23.899,23.884,23.861,23.869,23.892,23.877,23.861,23.854,23.877,23.861,23.838,23.846,23.846,23.861,23.869,23.877,23.884,23.877,23.884,23.877,23.861,23.861,23.869,23.869,23.846,23.854,23.838,23.831,23.816,23.831,23.823,23.831,23.831,23.838,23.831,23.846,23.846,23.8,23.8,23.777,23.8,23.816,23.816,23.861,23.846,23.846,23.846,23.838,23.831,23.831,23.823,23.831,23.831,23.816,23.816,23.823,23.793,23.785,23.8,23.816,23.831,23.838,23.838,23.846,23.823,23.823,23.831,23.816,23.831,23.831,23.823,23.846,23.838,23.846,23.854,23.846,23.823,23.831,23.831,23.831,23.854,23.854,23.854,23.816,23.816,23.793,23.785,23.808,23.816,23.823,23.846,23.854,23.861,23.854,23.869,23.846,23.808,23.8,23.785,23.808,23.8,23.8,23.831,23.823,23.884,23.869,23.838,23.846,23.831,23.831,23.808,23.816,23.808,23.816,23.808,23.831,23.838,23.838,23.846,23.846,23.838,23.823,23.838,23.846,23.846,23.838,23.854,23.846,23.846,23.861,23.861,23.861,23.869,23.861,23.831,23.846,23.838,23.854,23.831,23.838,23.838,23.831,23.831,23.831,23.831,23.838,23.846,23.846,23.816,23.846,23.831,23.831,23.884,23.861,23.831,23.831,23.808,23.831,23.823,23.823,23.816,23.823,23.793,23.808,23.793,23.8,23.785,23.785,23.793,23.785,23.8,23.816,23.816,23.816,23.816,23.823,23.816,23.8,23.8,23.808,23.816,23.854,23.838,23.831,23.785,23.793,23.777,23.777,23.777,23.785,23.762,23.793,23.77,23.785,23.8,23.793,23.793,23.793,23.77,23.762,23.777,23.777,23.77,23.77,23.762,23.755,23.785,23.739,23.755,23.785,23.785,23.77,23.777,23.747,23.762,23.77,23.777,23.77,23.755,23.77,23.716,23.755,23.785,23.793,23.793,23.762,23.77,23.739,23.747,23.747,23.724,23.724,23.724,23.709,23.709,23.716,23.716,23.732,23.724,23.739,23.724,23.709,23.724,23.747,23.709,23.755,23.755,23.755,23.739,23.724,23.732,23.709,23.709,23.716,23.701,23.739,23.709,23.762,23.755,23.755,23.77,23.762,23.686,23.671,23.747,23.693,23.709,23.709,23.709,23.709,23.693,23.678,23.686,23.709,23.709,23.701,23.709,23.701,23.709,23.716,23.724,23.709,23.686,23.693,23.701,23.693,23.709,23.678,23.701,23.693,23.724,23.716,23.709,23.701,23.709,23.739,23.732,23.716,23.724,23.724,23.709,23.716,23.724,23.732,23.709,23.693,23.709,23.709,23.709,23.701,23.693
,23.846,23.793,23.823,23.823,23.823,23.823,23.8,23.816,23.777,23.785,23.8,23.838,23.823,23.861,23.846,23.846,23.846,23.854,23.846,23.831,23.846,23.877,23.877,23.861,23.854,23.884,23.861,23.854,23.846,23.838,23.838,23.831,23.831,23.808,23.793,23.777,23.762,23.816,23.777,23.846,23.831,23.831,23.861,23.808,23.8,23.808,23.793,23.808,23.823,23.838,23.831,23.838,23.808,23.816,23.77,23.747,23.762,23.755,23.777,23.777,23.785,23.8,23.793,23.808,23.823,23.808,23.823,23.838,23.762,23.808,23.785,23.793,23.785,23.77,23.755,23.755,23.755,23.747,23.777,23.77,23.816,23.816,23.838,23.838,23.854,23.838,23.838,23.884,23.861,23.831,23.846,23.869,23.838,23.877,23.861,23.846,23.861,23.854,23.861,23.861,23.846,23.854,23.846,23.846,23.861,23.854,23.869,23.869,23.861,23.877,23.846,23.846,23.861,23.838,23.877,23.869,23.899,23.869,23.884,23.884,23.877,23.884,23.93,23.907,23.892,23.922,23.93,23.907,23.899,23.892,23.877,23.877,23.884,23.907,23.892,23.922,23.869,23.922,23.938,23.915,23.907,23.922,23.915,23.907,23.915,23.915,23.922,23.907,23.892,23.877,23.877,23.854,23.861,23.861,23.861,23.861,23.861,23.854,23.861,23.877,23.869,23.884,23.899,23.884,23.892,23.892,23.907,23.899,23.899,23.884,23.861,23.869,23.854,23.861,23.869,23.869,23.861,23.892,23.899,23.922,23.907,23.922,23.915,23.93,23.945,23.945,23.968,23.938,23.907,23.953,23.907,23.915,23.899,23.899,23.892,23.892,23.877,23.877,23.846,23.877,23.892,23.854,23.93,23.899,23.922,23.922,23.915,23.922,23.899,23.915,23.899,23.922,23.938,23.922,23.907,23.892,23.907,23.899,23.892,23.915,23.899,23.907,23.915,23.907,23.892,23.869,23.861,23.869,23.877,23.869,23.884,23.877,23.899,23.869,23.877,23.884,23.869,23.877,23.854,23.846,23.861,23.869,23.877,23.869,23.869,23.861,23.854,23.877,23.877,23.869,23.877,23.869,23.877,23.877,23.877,23.877,23.877,23.899,23.877,23.861,23.869,23.877,23.869,23.877,23.877,23.861,23.846,23.846,23.831,23.861,23.861,23.869,23.877,23.884,23.861,23.846,23.861,23.838,23.861,23.892,23.884,23.892,23.899,23.907,23.899,23.915,23.915,23.915,23.922,23.915,23.907,23.915,23.892,23.884,23.899,23.877,23.861,23.869,23.861,23.869,23.892,23.884,23.899,23.907,23.907,23.899,23.884,23.899,23.892,23.922,23.915,23.899,23.884,23.869,23.861,23.861,23.854,23.869,23.861,23.846,23.854,23.869,23.899,23.907,23.907,23.93,23.907,23.915,23.945,23.915,23.899,23.892,23.877,23.846,23.846,23.861,23.877,23.892,23.861,23.861,23.854,23.854,23.861,23.877,23.861,23.884,23.869,23.838,23.861,23.846,23.838,23.861,23.869,23.869,23.854,23.846,23.838,23.846,23.816,23.831,23.823,23.831,23.846,23.816,23.861,23.838,23.831,23.823,23.808,23.831,23.816,23.8,23.846,23.854,23.861,23.861,23.831,23.823,23.831,23.823,23.831,23.8,23.823,23.831,23.793,23.777,23.816,23.816,23.831,23.838,23.846,23.838,23.846,23.838,23.831,23.831,23.823,23.816,23.854,23.823,23.854,23.846,23.838,23.846,23.861,23.846,23.854,23.861,23.838,23.854,23.846,23.846,23.831,23.8,23.816,23.808,23.831,23.831,23.846,23.838,23.854,23.861,23.861,23.846,23.831,23.808,23.823,23.793,23.793,23.785,23.808,23.823,23.877,23.869,23.854,23.884,23.854,23.846,23.823,23.823,23.8,23.823,23.838,23.823,23.831,23.846,23.846,23.846,23.854,23.846,23.846,23.838,23.831,23.831,23.838,23.823,23.838,23.831,23.854,23.831,23.831,23.869,23.846,23.869,23.838,23.838,23.854,23.846,23.846,23.838,23.823,23.831,23.831,23.831,23.846,23.831,23.823,23.808,23.823,23.816,23.808,23.823,23.846,23.838,23.823,23.838,23.823,23.831,23.816,23.831,23.793,23.8,23.808,23.808,23.8,23.785,23.785,23.8,23.8,23.785,23.785,23.777,23.808,23.808,23.831,23.823,23.869,23.831,23.823,23.823,23.831,23.823,23.816,23.8,23.777,23.77,23.785,23.777,23.777,23.785,23.777,23.755,23.785,23.8,23.8,23.8,23.785,23.77,23.762,23.777,23.785,23.777,23.77,23.762,23.747,23.762,23.8,23.785,23.762,23.777,23.747,23.755,23.724,23.77,23.755,23.755,23.755,23.747,23.762,23.724,23.762,23.77,23.77,23.777,23.77,23.777,23.693,23.716,23.716,23.709,23.716,23.709,23.709,23.709,23.701,23.724,23.716,23.739,23.732,23.716,23.709,23.716,23.747,23.732,23.755,23.732,23.747,23.732,23.724,23.709,23.693,23.701,23.724,23.716,23.693,23.724,23.747,23.739,23.755,23.755,23.724,23.693,23.762,23.716,23.686,23.732,23.709,23.701,23.701,23.686,23.655,23.663,23.678,23.671,23.693,23.701,23.686,23.709,23.701,23.709,23.686,23.678,23.686,23.716,23.709,23.701,23.686,23.686,23.701,23.678,23.693,23.709,23.701,23.693,23.693,23.686,23.686,23.724,23.732,23.724,23.709,23.755,23.732,23.671,23.671,23.724,23.747,23.716,23.709,23.709
,23.823,23.831,23.838,23.846,23.846,23.846,23.808,23.816,23.808,23.785,23.8,23.831,23.861,23.869,23.846,23.854,23.838,23.831,23.838,23.831,23.854,23.854,23.854,23.869,23.831,23.861,23.838,23.846,23.846,23.831,23.823,23.823,23.823,23.808,23.8,23.793,23.777,23.823,23.808,23.831,23.831,23.846,23.831,23.838,23.823,23.831,23.8,23.808,23.808,23.823,23.831,23.823,23.793,23.793,23.793,23.77,23.747,23.755,23.755,23.785,23.777,23.808,23.8,23.816,23.823,23.793,23.816,23.808,23.854,23.808,23.777,23.777,23.77,23.777,23.785,23.77,23.777,23.762,23.762,23.777,23.793,23.8,23.823,23.838,23.831,23.861,23.869,23.854,23.877,23.854,23.854,23.877,23.838,23.854,23.846,23.838,23.854,23.846,23.838,23.854,23.831,23.854,23.877,23.854,23.877,23.877,23.877,23.846,23.838,23.831,23.816,23.793,23.823,23.831,23.831,23.861,23.869,23.869,23.899,23.884,23.907,23.915,23.922,23.915,23.884,23.907,23.899,23.877,23.892,23.861,23.877,23.877,23.884,23.884,23.899,23.884,23.915,23.93,23.93,23.938,23.922,23.907,23.907,23.907,23.922,23.915,23.907,23.899,23.884,23.877,23.861,23.869,23.877,23.861,23.861,23.861,23.861,23.869,23.861,23.861,23.861,23.892,23.884,23.899,23.892,23.899,23.915,23.907,23.915,23.892,23.877,23.861,23.861,23.861,23.869,23.884,23.877,23.884,23.922,23.899,23.907,23.907,23.922,23.938,23.945,23.938,23.945,23.953,23.938,23.93,23.922,23.93,23.915,23.915,23.907,23.884,23.869,23.884,23.861,23.884,23.884,23.892,23.922,23.907,23.907,23.945,23.922,23.907,23.907,23.892,23.915,23.907,23.907,23.915,23.907,23.907,23.915,23.899,23.884,23.899,23.899,23.922,23.93,23.915,23.892,23.907,23.899,23.892,23.892,23.884,23.877,23.877,23.892,23.884,23.877,23.892,23.877,23.861,23.854,23.846,23.861,23.861,23.854,23.854,23.877,23.846,23.854,23.869,23.877,23.877,23.899,23.877,23.877,23.869,23.884,23.869,23.869,23.877,23.869,23.877,23.869,23.877,23.869,23.877,23.877,23.869,23.869,23.861,23.846,23.854,23.869,23.869,23.869,23.877,23.869,23.869,23.877,23.877,23.892,23.884,23.907,23.892,23.907,23.915,23.892,23.922,23.93,23.922,23.922,23.915,23.915,23.907,23.899,23.899,23.892,23.884,23.838,23.854,23.869,23.861,23.907,23.907,23.922,23.884,23.884,23.892,23.884,23.899,23.899,23.915,23.899,23.899,23.892,23.877,23.861,23.869,23.861,23.869,23.861,23.869,23.861,23.884,23.907,23.907,23.922,23.922,23.93,23.93,23.922,23.915,23.899,23.884,23.884,23.869,23.892,23.861,23.854,23.846,23.846,23.846,23.877,23.854,23.877,23.869,23.877,23.892,23.877,23.861,23.838,23.823,23.861,23.854,23.869,23.869,23.861,23.861,23.838,23.854,23.823,23.823,23.854,23.838,23.831,23.854,23.816,23.831,23.838,23.838,23.831,23.816,23.846,23.838,23.838,23.846,23.861,23.846,23.838,23.823,23.823,23.831,23.838,23.838,23.831,23.823,23.8,23.816,23.816,23.816,23.831,23.838,23.838,23.854,23.854,23.838,23.846,23.823,23.838,23.831,23.831,23.823,23.846,23.854,23.846,23.861,23.846,23.831,23.838,23.823,23.846,23.854,23.846,23.854,23.823,23.816,23.823,23.823,23.823,23.838,23.838,23.854,23.854,23.846,23.854,23.877,23.854,23.831,23.816,23.816,23.8,23.8,23.816,23.823,23.838,23.861,23.877,23.861,23.854,23.854,23.831,23.823,23.823,23.831,23.823,23.838,23.854,23.846,23.861,23.854,23.854,23.838,23.831,23.838,23.838,23.831,23.846,23.831,23.823,23.831,23.846,23.854,23.854,23.861,23.861,23.861,23.861,23.861,23.877,23.846,23.861,23.831,23.816,23.823,23.831,23.823,23.823,23.816,23.808,23.816,23.808,23.808,23.838,23.838,23.823,23.823,23.831,23.823,23.823,23.816,23.816,23.816,23.808,23.8,23.808,23.808,23.808,23.8,23.8,23.808,23.8,23.793,23.785,23.785,23.77,23.8,23.816,23.846,23.816,23.808,23.785,23.831,23.823,23.808,23.816,23.793,23.793,23.793,23.793,23.8,23.8,23.793,23.777,23.816,23.777,23.785,23.8,23.785,23.8,23.77,23.785,23.777,23.785,23.777,23.77,23.785,23.77,23.739,23.785,23.77,23.777,23.77,23.762,23.762,23.747,23.732,23.739,23.732,23.739,23.732,23.739,23.747,23.747,23.755,23.762,23.762,23.77,23.739,23.709,23.724,23.739,23.709,23.709,23.716,23.709,23.709,23.724,23.716,23.747,23.716,23.716,23.716,23.701,23.724,23.732,23.724,23.724,23.709,23.724,23.724,23.724,23.732,23.739,23.716,23.732,23.701,23.663,23.686,23.716,23.693,23.724,23.701,23.709,23.709,23.686,23.678,23.678,23.739,23.716,23.693,23.686,23.693,23.671,23.678,23.693,23.701,23.686,23.693,23.732,23.747,23.709,23.693,23.732,23.701,23.716,23.724,23.732,23.716,23.709,23.671,23.671,23.701,23.709,23.709,23.701,23.709,23.686,23.686,23.724,23.716,23.739,23.709,23.732,23.724,23.655,23.671,23.716,23.724,23.709,23.701,23.716,23.701
,23.816,23.823,23.831,23.838,23.846,23.846,23.869,23.861,23.785,23.8,23.808,23.831,23.861,23.854,23.884,23.854,23.854,23.838,23.831,23.823,23.846,23.831,23.816,23.808,23.846,23.869,23.854,23.861,23.846,23.838,23.861,23.831,23.823,23.823,23.8,23.785,23.777,23.785,23.785,23.808,23.846,23.831,23.854,23.808,23.808,23.823,23.816,23.8,23.808,23.816,23.816,23.831,23.8,23.785,23.755,23.785,23.747,23.755,23.762,23.785,23.8,23.77,23.777,23.823,23.793,23.808,23.793,23.816,23.785,23.8,23.777,23.77,23.77,23.793,23.762,23.793,23.777,23.777,23.777,23.785,23.793,23.808,23.823,23.823,23.831,23.861,23.869,23.877,23.869,23.816,23.854,23.877,23.846,23.854,23.846,23.823,23.861,23.831,23.838,23.861,23.831,23.877,23.877,23.877,23.861,23.877,23.869,23.869,23.861,23.838,23.831,23.823,23.854,23.884,23.884,23.884,23.854,23.884,23.892,23.877,23.884,23.922,23.899,23.938,23.899,23.915,23.907,23.907,23.899,23.861,23.877,23.877,23.899,23.899,23.907,23.915,23.922,23.945,23.953,23.93,23.938,23.892,23.892,23.93,23.922,23.915,23.93,23.884,23.899,23.877,23.877,23.877,23.869,23.869,23.861,23.869,23.861,23.869,23.877,23.892,23.892,23.892,23.877,23.899,23.907,23.899,23.938,23.93,23.93,23.922,23.892,23.869,23.861,23.861,23.877,23.877,23.892,23.892,23.899,23.915,23.907,23.93,23.922,23.93,23.93,23.953,23.953,23.953,23.945,23.945,23.945,23.938,23.915,23.907,23.915,23.907,23.884,23.892,23.907,23.907,23.899,23.899,23.922,23.922,23.945,23.907,23.915,23.945,23.907,23.899,23.93,23.93,23.93,23.953,23.922,23.915,23.907,23.907,23.892,23.907,23.915,23.922,23.922,23.922,23.899,23.884,23.892,23.884,23.884,23.884,23.892,23.877,23.877,23.877,23.884,23.884,23.869,23.877,23.877,23.846,23.869,23.861,23.869,23.861,23.846,23.861,23.861,23.884,23.877,23.899,23.877,23.892,23.877,23.877,23.884,23.892,23.869,23.877,23.892,23.861,23.877,23.869,23.877,23.877,23.884,23.877,23.869,23.869,23.846,23.854,23.869,23.877,23.869,23.869,23.877,23.861,23.861,23.884,23.884,23.899,23.892,23.892,23.915,23.915,23.915,23.922,23.922,23.922,23.915,23.915,23.907,23.899,23.907,23.892,23.884,23.884,23.861,23.869,23.877,23.861,23.884,23.877,23.915,23.892,23.884,23.884,23.884,23.899,23.907,23.907,23.915,23.892,23.892,23.899,23.877,23.869,23.846,23.854,23.854,23.861,23.877,23.884,23.899,23.907,23.922,23.922,23.922,23.922,23.907,23.899,23.907,23.884,23.877,23.861,23.831,23.838,23.892,23.861,23.861,23.854,23.861,23.846,23.869,23.884,23.892,23.899,23.877,23.877,23.861,23.846,23.854,23.861,23.861,23.869,23.861,23.854,23.838,23.854,23.831,23.838,23.854,23.831,23.846,23.831,23.846,23.8,23.823,23.831,23.831,23.831,23.854,23.861,23.816,23.846,23.846,23.831,23.816,23.823,23.823,23.823,23.808,23.8,23.823,23.816,23.831,23.823,23.808,23.823,23.838,23.846,23.854,23.861,23.861,23.861,23.854,23.846,23.838,23.846,23.854,23.838,23.861,23.854,23.838,23.854,23.823,23.831,23.854,23.854,23.854,23.838,23.854,23.854,23.838,23.808,23.823,23.823,23.831,23.846,23.846,23.861,23.869,23.861,23.877,23.877,23.854,23.808,23.823,23.808,23.816,23.823,23.816,23.823,23.846,23.861,23.838,23.854,23.854,23.838,23.846,23.823,23.838,23.816,23.869,23.846,23.846,23.869,23.854,23.854,23.846,23.854,23.838,23.846,23.838,23.823,23.838,23.838,23.831,23.838,23.854,23.838,23.846,23.854,23.846,23.861,23.861,23.869,23.861,23.838,23.838,23.831,23.816,23.816,23.831,23.816,23.838,23.816,23.808,23.793,23.816,23.808,23.816,23.816,23.831,23.831,23.816,23.831,23.816,23.816,23.823,23.808,23.808,23.838,23.793,23.8,23.808,23.808,23.793,23.816,23.816,23.793,23.793,23.755,23.77,23.793,23.808,23.808,23.808,23.816,23.8,23.823,23.8,23.823,23.808,23.808,23.816,23.8,23.8,23.8,23.793,23.823,23.8,23.808,23.777,23.793,23.793,23.8,23.785,23.785,23.777,23.785,23.777,23.777,23.762,23.777,23.762,23.8,23.8,23.77,23.785,23.777,23.77,23.747,23.739,23.724,23.716,23.724,23.755,23.747,23.755,23.747,23.747,23.747,23.755,23.747,23.732,23.755,23.724,23.709,23.709,23.693,23.739,23.739,23.724,23.724,23.755,23.732,23.724,23.739,23.709,23.709,23.732,23.709,23.732,23.755,23.716,23.732,23.716,23.724,23.732,23.739,23.724,23.732,23.709,23.747,23.686,23.693,23.701,23.693,23.716,23.686,23.686,23.655,23.693,23.716,23.693,23.716,23.701,23.716,23.686,23.663,23.655,23.648,23.686,23.693,23.724,23.724,23.709,23.709,23.686,23.693,23.739,23.724,23.755,23.762,23.755,23.709,23.693,23.686,23.671,23.671,23.716,23.686,23.724,23.693,23.709,23.693,23.716,23.716,23.655,23.724,23.709,23.716,23.671,23.762,23.678,23.678,23.724,23.716,23.709,23.693
,23.785,23.793,23.816,23.838,23.838,23.877,23.854,23.8,23.808,23.8,23.816,23.846,23.877,23.861,23.892,23.854,23.846,23.869,23.846,23.808,23.869,23.831,23.854,23.846,23.808,23.823,23.838,23.838,23.838,23.831,23.877,23.823,23.823,23.831,23.816,23.808,23.777,23.793,23.808,23.823,23.861,23.846,23.808,23.831,23.816,23.831,23.831,23.808,23.838,23.793,23.793,23.823,23.823,23.785,23.808,23.747,23.732,23.747,23.762,23.77,23.785,23.785,23.808,23.808,23.8,23.777,23.777,23.785,23.793,23.777,23.808,23.77,23.8,23.816,23.816,23.808,23.777,23.777,23.777,23.8,23.793,23.8,23.823,23.823,23.838,23.846,23.846,23.846,23.877,23.884,23.884,23.877,23.869,23.846,23.846,23.831,23.838,23.831,23.831,23.877,23.861,23.877,23.892,23.877,23.869,23.869,23.877,23.854,23.861,23.861,23.823,23.861,23.861,23.854,23.877,23.907,23.899,23.869,23.884,23.907,23.915,23.922,23.93,23.922,23.945,23.907,23.892,23.884,23.915,23.869,23.884,23.892,23.907,23.907,23.907,23.915,23.93,23.976,23.953,23.953,23.93,23.93,23.922,23.899,23.899,23.907,23.907,23.899,23.915,23.869,23.884,23.884,23.869,23.869,23.861,23.869,23.877,23.877,23.907,23.892,23.899,23.892,23.884,23.899,23.915,23.922,23.938,23.953,23.945,23.938,23.892,23.877,23.869,23.877,23.877,23.884,23.899,23.899,23.915,23.922,23.93,23.93,23.922,23.938,23.938,23.945,23.945,23.945,23.945,23.945,23.938,23.915,23.922,23.907,23.907,23.907,23.892,23.899,23.915,23.907,23.915,23.915,23.915,23.915,23.93,23.907,23.915,23.96,23.899,23.922,23.938,23.938,23.93,23.922,23.899,23.922,23.915,23.892,23.884,23.907,23.922,23.922,23.915,23.915,23.899,23.907,23.907,23.907,23.892,23.892,23.892,23.877,23.869,23.892,23.869,23.877,23.869,23.877,23.869,23.877,23.892,23.877,23.869,23.861,23.846,23.861,23.869,23.884,23.899,23.892,23.907,23.899,23.892,23.892,23.869,23.892,23.899,23.892,23.877,23.877,23.877,23.869,23.877,23.877,23.877,23.869,23.861,23.869,23.861,23.877,23.854,23.854,23.884,23.877,23.869,23.869,23.869,23.884,23.877,23.892,23.892,23.915,23.915,23.907,23.922,23.922,23.915,23.922,23.907,23.899,23.899,23.907,23.892,23.884,23.877,23.869,23.869,23.869,23.877,23.869,23.892,23.884,23.869,23.877,23.884,23.892,23.892,23.892,23.922,23.907,23.892,23.907,23.907,23.877,23.892,23.869,23.854,23.854,23.861,23.869,23.869,23.899,23.884,23.915,23.915,23.915,23.922,23.892,23.899,23.877,23.899,23.892,23.877,23.892,23.846,23.861,23.861,23.869,23.861,23.869,23.892,23.877,23.884,23.907,23.899,23.899,23.892,23.877,23.854,23.884,23.877,23.854,23.877,23.861,23.854,23.861,23.854,23.846,23.846,23.846,23.846,23.854,23.846,23.846,23.846,23.831,23.831,23.838,23.846,23.854,23.869,23.846,23.846,23.846,23.846,23.823,23.838,23.831,23.816,23.808,23.831,23.816,23.823,23.846,23.823,23.831,23.831,23.831,23.831,23.846,23.854,23.869,23.861,23.854,23.861,23.846,23.846,23.869,23.861,23.846,23.854,23.846,23.838,23.846,23.846,23.838,23.846,23.861,23.861,23.869,23.838,23.846,23.846,23.816,23.823,23.831,23.831,23.846,23.846,23.869,23.861,23.892,23.846,23.869,23.854,23.854,23.831,23.823,23.816,23.831,23.823,23.831,23.854,23.854,23.854,23.869,23.869,23.808,23.831,23.816,23.838,23.846,23.846,23.838,23.861,23.846,23.854,23.861,23.854,23.846,23.838,23.838,23.838,23.831,23.846,23.838,23.846,23.838,23.838,23.831,23.831,23.831,23.838,23.861,23.869,23.877,23.884,23.854,23.831,23.823,23.816,23.816,23.823,23.831,23.838,23.838,23.8,23.793,23.793,23.808,23.808,23.823,23.823,23.823,23.831,23.808,23.816,23.823,23.831,23.8,23.823,23.838,23.816,23.816,23.793,23.808,23.823,23.816,23.808,23.793,23.808,23.793,23.785,23.785,23.808,23.816,23.816,23.816,23.816,23.785,23.808,23.808,23.808,23.8,23.823,23.816,23.816,23.823,23.8,23.823,23.793,23.831,23.816,23.793,23.808,23.793,23.793,23.793,23.793,23.793,23.8,23.785,23.8,23.793,23.8,23.8,23.785,23.777,23.777,23.785,23.77,23.762,23.755,23.747,23.732,23.755,23.755,23.747,23.739,23.747,23.732,23.755,23.762,23.762,23.755,23.732,23.701,23.709,23.701,23.709,23.709,23.701,23.724,23.732,23.755,23.732,23.747,23.732,23.716,23.709,23.709,23.716,23.732,23.732,23.732,23.732,23.724,23.755,23.732,23.77,23.701,23.755,23.739,23.747,23.739,23.724,23.732,23.724,23.701,23.693,23.686,23.686,23.732,23.716,23.724,23.724,23.739,23.678,23.701,23.686,23.671,23.655,23.732,23.693,23.709,23.739,23.709,23.709,23.732,23.663,23.747,23.732,23.793,23.709,23.762,23.755,23.701,23.693,23.693,23.686,23.693,23.709,23.693,23.693,23.709,23.709,23.724,23.724,23.724,23.716,23.671,23.724,23.686,23.709,23.686,23.716,23.701,23.724,23.724,23.686
,23.755,23.793,23.831,23.854,23.854,23.869,23.846,23.854,23.831,23.816,23.816,23.838,23.854,23.869,23.861,23.869,23.846,23.823,23.831,23.854,23.823,23.854,23.846,23.808,23.816,23.816,23.838,23.838,23.831,23.831,23.808,23.816,23.823,23.816,23.816,23.8,23.793,23.793,23.816,23.808,23.838,23.838,23.816,23.831,23.808,23.816,23.831,23.808,23.831,23.793,23.762,23.755,23.793,23.793,23.777,23.77,23.77,23.739,23.755,23.755,23.777,23.816,23.8,23.793,23.777,23.785,23.785,23.785,23.777,23.8,23.777,23.793,23.793,23.8,23.785,23.793,23.8,23.8,23.777,23.793,23.8,23.8,23.823,23.823,23.823,23.854,23.846,23.869,23.869,23.854,23.861,23.869,23.854,23.854,23.846,23.823,23.846,23.838,23.831,23.846,23.854,23.877,23.854,23.877,23.869,23.854,23.854,23.861,23.854,23.831,23.831,23.838,23.861,23.861,23.884,23.892,23.953,23.915,23.861,23.922,23.877,23.884,23.915,23.907,23.922,23.938,23.884,23.899,23.884,23.892,23.884,23.899,23.907,23.877,23.899,23.907,23.922,23.96,23.953,23.93,23.938,23.884,23.899,23.884,23.892,23.93,23.922,23.922,23.953,23.869,23.869,23.892,23.884,23.877,23.877,23.877,23.899,23.907,23.93,23.915,23.899,23.884,23.884,23.884,23.907,23.915,23.938,23.938,23.915,23.899,23.892,23.869,23.892,23.892,23.877,23.884,23.892,23.899,23.922,23.907,23.915,23.899,23.938,23.93,23.93,23.938,23.945,23.945,23.945,23.938,23.945,23.915,23.922,23.899,23.907,23.907,23.899,23.915,23.915,23.915,23.915,23.915,23.922,23.922,23.93,23.922,23.945,23.96,23.915,23.938,23.922,23.938,23.938,23.938,23.93,23.915,23.915,23.899,23.892,23.915,23.899,23.907,23.907,23.907,23.899,23.899,23.892,23.884,23.899,23.877,23.892,23.877,23.877,23.869,23.877,23.861,23.854,23.869,23.861,23.869,23.869,23.861,23.854,23.846,23.861,23.846,23.877,23.877,23.892,23.892,23.892,23.899,23.884,23.869,23.922,23.877,23.884,23.899,23.892,23.884,23.884,23.884,23.884,23.861,23.869,23.869,23.869,23.846,23.846,23.846,23.861,23.846,23.854,23.861,23.854,23.861,23.861,23.861,23.869,23.899,23.899,23.899,23.907,23.915,23.907,23.915,23.915,23.907,23.907,23.892,23.892,23.884,23.877,23.877,23.869,23.869,23.869,23.869,23.877,23.892,23.884,23.884,23.884,23.877,23.854,23.877,23.892,23.915,23.899,23.899,23.907,23.899,23.907,23.899,23.884,23.869,23.854,23.846,23.861,23.869,23.877,23.892,23.892,23.899,23.915,23.915,23.915,23.892,23.884,23.854,23.884,23.907,23.907,23.899,23.869,23.869,23.869,23.877,23.877,23.892,23.869,23.877,23.884,23.907,23.899,23.915,23.907,23.892,23.884,23.884,23.877,23.846,23.884,23.861,23.838,23.846,23.838,23.838,23.846,23.854,23.846,23.854,23.846,23.838,23.838,23.838,23.831,23.854,23.831,23.854,23.854,23.846,23.846,23.846,23.838,23.846,23.838,23.846,23.823,23.823,23.8,23.831,23.831,23.854,23.854,23.838,23.838,23.831,23.838,23.846,23.861,23.869,23.869,23.861,23.838,23.846,23.838,23.854,23.861,23.846,23.869,23.838,23.846,23.838,23.838,23.846,23.831,23.869,23.877,23.861,23.854,23.861,23.838,23.823,23.838,23.831,23.831,23.838,23.838,23.846,23.838,23.854,23.861,23.838,23.869,23.854,23.846,23.823,23.823,23.823,23.831,23.823,23.846,23.831,23.861,23.861,23.846,23.854,23.854,23.838,23.808,23.838,23.816,23.8,23.846,23.846,23.838,23.846,23.831,23.846,23.846,23.846,23.854,23.869,23.846,23.846,23.831,23.838,23.831,23.831,23.831,23.823,23.838,23.861,23.869,23.892,23.884,23.838,23.816,23.808,23.808,23.816,23.831,23.823,23.838,23.816,23.793,23.8,23.8,23.793,23.808,23.823,23.8,23.808,23.831,23.831,23.831,23.808,23.831,23.808,23.831,23.8,23.823,23.8,23.808,23.8,23.8,23.808,23.8,23.793,23.816,23.793,23.808,23.8,23.808,23.793,23.793,23.8,23.777,23.793,23.785,23.793,23.8,23.808,23.808,23.831,23.831,23.838,23.8,23.816,23.808,23.808,23.808,23.808,23.8,23.785,23.793,23.793,23.793,23.8,23.808,23.777,23.785,23.793,23.808,23.793,23.793,23.785,23.777,23.785,23.777,23.785,23.77,23.747,23.732,23.762,23.747,23.739,23.739,23.732,23.739,23.747,23.747,23.755,23.755,23.732,23.709,23.709,23.701,23.716,23.724,23.732,23.732,23.732,23.739,23.732,23.724,23.724,23.709,23.693,23.701,23.701,23.701,23.732,23.739,23.739,23.732,23.747,23.716,23.739,23.755,23.755,23.755,23.724,23.716,23.701,23.701,23.701,23.686,23.693,23.686,23.686,23.716,23.701,23.709,23.762,23.701,23.709,23.709,23.693,23.686,23.709,23.732,23.693,23.686,23.701,23.693,23.716,23.701,23.724,23.739,23.755,23.739,23.724,23.755,23.716,23.701,23.693,23.686,23.693,23.701,23.747,23.716,23.678,23.709,23.716,23.739,23.709,23.648,23.663,23.747,23.724,23.693,23.693,23.755,23.709,23.724,23.724,23.701,23.678
,23.755,23.777,23.8,23.838,23.846,23.869,23.861,23.854,23.823,23.823,23.831,23.846,23.854,23.861,23.846,23.884,23.823,23.877,23.869,23.877,23.861,23.861,23.877,23.838,23.846,23.831,23.823,23.831,23.838,23.831,23.816,23.831,23.816,23.823,23.823,23.816,23.793,23.793,23.816,23.808,23.846,23.838,23.831,23.808,23.816,23.816,23.823,23.808,23.785,23.793,23.755,23.755,23.747,23.77,23.762,23.747,23.8,23.724,23.762,23.762,23.77,23.808,23.8,23.793,23.823,23.8,23.816,23.816,23.816,23.808,23.785,23.793,23.823,23.793,23.793,23.808,23.8,23.808,23.8,23.816,23.823,23.808,23.823,23.816,23.808,23.838,23.8,23.816,23.869,23.884,23.884,23.884,23.854,23.861,23.823,23.823,23.846,23.838,23.838,23.854,23.861,23.877,23.846,23.869,23.854,23.854,23.846,23.838,23.846,23.838,23.846,23.854,23.854,23.869,23.892,23.93,23.884,23.899,23.861,23.877,23.892,23.877,23.915,23.915,23.892,23.938,23.892,23.945,23.892,23.907,23.892,23.915,23.907,23.892,23.892,23.892,23.938,23.938,23.96,23.953,23.93,23.877,23.899,23.884,23.884,23.945,23.945,23.953,23.93,23.922,23.884,23.884,23.877,23.892,23.877,23.915,23.907,23.915,23.93,23.915,23.907,23.892,23.869,23.892,23.907,23.915,23.93,23.915,23.93,23.899,23.884,23.892,23.877,23.892,23.899,23.892,23.899,23.922,23.915,23.938,23.953,23.907,23.915,23.922,23.93,23.938,23.938,23.945,23.938,23.93,23.93,23.922,23.892,23.899,23.907,23.899,23.915,23.915,23.915,23.922,23.922,23.922,23.922,23.922,23.93,23.945,23.93,23.93,23.922,23.945,23.945,23.96,23.945,23.93,23.922,23.93,23.922,23.899,23.884,23.907,23.884,23.899,23.907,23.907,23.915,23.892,23.892,23.877,23.877,23.869,23.884,23.892,23.892,23.899,23.892,23.877,23.877,23.884,23.861,23.884,23.884,23.884,23.861,23.854,23.861,23.869,23.869,23.884,23.884,23.892,23.892,23.899,23.899,23.892,23.899,23.899,23.899,23.907,23.892,23.892,23.884,23.884,23.877,23.884,23.869,23.877,23.854,23.854,23.854,23.861,23.899,23.854,23.861,23.854,23.854,23.854,23.854,23.869,23.877,23.892,23.915,23.922,23.915,23.915,23.899,23.915,23.899,23.892,23.899,23.899,23.892,23.892,23.861,23.877,23.877,23.884,23.869,23.884,23.869,23.869,23.854,23.854,23.877,23.884,23.892,23.907,23.884,23.899,23.892,23.899,23.907,23.93,23.899,23.915,23.892,23.869,23.869,23.846,23.861,23.869,23.884,23.892,23.899,23.907,23.915,23.915,23.899,23.877,23.884,23.869,23.884,23.892,23.884,23.877,23.884,23.877,23.884,23.892,23.892,23.884,23.884,23.884,23.907,23.892,23.907,23.907,23.892,23.899,23.877,23.892,23.892,23.861,23.861,23.869,23.846,23.846,23.854,23.854,23.846,23.846,23.831,23.854,23.846,23.846,23.846,23.831,23.838,23.838,23.838,23.854,23.846,23.838,23.846,23.846,23.846,23.838,23.838,23.831,23.816,23.823,23.816,23.838,23.854,23.861,23.861,23.838,23.838,23.846,23.854,23.861,23.861,23.869,23.861,23.869,23.846,23.838,23.846,23.854,23.861,23.861,23.854,23.854,23.854,23.846,23.854,23.854,23.861,23.869,23.892,23.877,23.877,23.846,23.831,23.823,23.816,23.831,23.823,23.831,23.838,23.846,23.846,23.861,23.838,23.831,23.861,23.838,23.846,23.838,23.831,23.823,23.816,23.831,23.831,23.846,23.831,23.861,23.861,23.823,23.816,23.823,23.816,23.816,23.816,23.861,23.861,23.823,23.846,23.831,23.823,23.846,23.854,23.861,23.861,23.838,23.831,23.831,23.838,23.831,23.816,23.823,23.823,23.808,23.831,23.831,23.877,23.877,23.838,23.823,23.823,23.823,23.816,23.831,23.831,23.831,23.838,23.823,23.823,23.808,23.8,23.816,23.808,23.808,23.793,23.808,23.808,23.816,23.838,23.838,23.831,23.816,23.823,23.816,23.831,23.816,23.816,23.8,23.793,23.8,23.823,23.793,23.8,23.823,23.838,23.793,23.8,23.8,23.8,23.816,23.8,23.816,23.816,23.777,23.823,23.816,23.793,23.831,23.854,23.831,23.846,23.838,23.808,23.831,23.816,23.8,23.793,23.785,23.793,23.808,23.8,23.808,23.8,23.785,23.785,23.793,23.8,23.8,23.793,23.793,23.77,23.777,23.793,23.777,23.77,23.762,23.846,23.747,23.762,23.755,23.724,23.732,23.732,23.739,23.755,23.77,23.777,23.747,23.724,23.739,23.732,23.709,23.724,23.762,23.732,23.777,23.739,23.739,23.724,23.709,23.693,23.693,23.701,23.693,23.732,23.747,23.747,23.732,23.755,23.709,23.716,23.793,23.762,23.77,23.732,23.739,23.732,23.732,23.732,23.709,23.732,23.716,23.716,23.716,23.709,23.739,23.755,23.739,23.747,23.716,23.693,23.686,23.686,23.678,23.701,23.693,23.724,23.678,23.709,23.709,23.724,23.709,23.724,23.77,23.732,23.808,23.739,23.732,23.709,23.693,23.701,23.686,23.716,23.686,23.686,23.701,23.701,23.709,23.693,23.701,23.701,23.709,23.716,23.709,23.77,23.716,23.709,23.739,23.724,23.739,23.709,23.671
,23.701,23.777,23.793,23.861,23.861,23.854,23.861,23.831,23.854,23.823,23.838,23.846,23.831,23.846,23.846,23.838,23.846,23.816,23.854,23.861,23.892,23.892,23.846,23.831,23.831,23.823,23.823,23.816,23.808,23.77,23.8,23.785,23.739,23.808,23.808,23.793,23.785,23.777,23.823,23.823,23.831,23.838,23.808,23.816,23.8,23.8,23.808,23.793,23.785,23.793,23.762,23.755,23.777,23.77,23.793,23.762,23.732,23.701,23.724,23.762,23.777,23.777,23.8,23.793,23.808,23.808,23.823,23.831,23.838,23.831,23.816,23.823,23.785,23.808,23.808,23.785,23.785,23.793,23.8,23.8,23.8,23.808,23.816,23.823,23.831,23.831,23.831,23.838,23.861,23.869,23.869,23.877,23.869,23.854,23.823,23.831,23.816,23.831,23.831,23.838,23.854,23.892,23.831,23.846,23.854,23.846,23.846,23.838,23.838,23.846,23.838,23.846,23.869,23.869,23.892,23.907,23.899,23.892,23.884,23.869,23.899,23.869,23.877,23.892,23.892,23.884,23.869,23.907,23.938,23.922,23.907,23.899,23.915,23.884,23.915,23.907,23.884,23.938,23.953,23.968,23.938,23.899,23.892,23.892,23.892,23.922,23.945,23.93,23.93,23.899,23.869,23.884,23.861,23.915,23.899,23.899,23.907,23.915,23.93,23.915,23.907,23.899,23.884,23.884,23.884,23.907,23.907,23.907,23.907,23.899,23.892,23.884,23.884,23.922,23.922,23.93,23.907,23.922,23.922,23.93,23.93,23.93,23.93,23.93,23.922,23.938,23.922,23.907,23.93,23.915,23.915,23.907,23.899,23.922,23.899,23.915,23.907,23.907,23.915,23.922,23.915,23.915,23.915,23.922,23.93,23.93,23.93,23.915,23.922,23.938,23.945,23.93,23.93,23.922,23.892,23.907,23.93,23.899,23.907,23.899,23.877,23.884,23.892,23.899,23.915,23.899,23.892,23.892,23.884,23.877,23.877,23.877,23.899,23.892,23.892,23.884,23.877,23.877,23.877,23.877,23.854,23.846,23.838,23.846,23.854,23.869,23.869,23.884,23.884,23.884,23.892,23.899,23.884,23.892,23.892,23.884,23.899,23.907,23.884,23.892,23.884,23.869,23.869,23.869,23.861,23.854,23.854,23.838,23.838,23.846,23.838,23.831,23.838,23.854,23.854,23.854,23.861,23.861,23.892,23.899,23.907,23.907,23.922,23.899,23.915,23.877,23.884,23.907,23.899,23.877,23.877,23.877,23.854,23.854,23.861,23.861,23.869,23.877,23.861,23.846,23.854,23.861,23.854,23.892,23.892,23.877,23.899,23.892,23.892,23.892,23.884,23.899,23.899,23.907,23.884,23.892,23.861,23.877,23.877,23.877,23.877,23.899,23.899,23.907,23.907,23.907,23.899,23.892,23.884,23.877,23.877,23.892,23.892,23.884,23.884,23.892,23.884,23.892,23.884,23.892,23.877,23.877,23.899,23.892,23.877,23.884,23.877,23.877,23.861,23.877,23.861,23.861,23.884,23.861,23.846,23.838,23.846,23.838,23.846,23.838,23.846,23.823,23.838,23.831,23.838,23.838,23.831,23.831,23.838,23.838,23.846,23.846,23.846,23.838,23.846,23.861,23.869,23.869,23.823,23.823,23.823,23.846,23.854,23.854,23.854,23.869,23.854,23.846,23.846,23.854,23.846,23.869,23.846,23.831,23.831,23.831,23.838,23.831,23.854,23.854,23.854,23.854,23.854,23.854,23.838,23.854,23.861,23.861,23.892,23.869,23.846,23.838,23.838,23.823,23.823,23.808,23.816,23.823,23.831,23.831,23.838,23.838,23.838,23.838,23.854,23.854,23.846,23.838,23.823,23.831,23.816,23.838,23.831,23.831,23.846,23.854,23.8,23.838,23.838,23.808,23.823,23.8,23.777,23.816,23.831,23.846,23.838,23.838,23.846,23.831,23.861,23.854,23.854,23.838,23.838,23.808,23.808,23.823,23.816,23.816,23.823,23.831,23.838,23.861,23.854,23.854,23.861,23.831,23.831,23.831,23.808,23.846,23.846,23.854,23.823,23.838,23.823,23.816,23.808,23.816,23.816,23.808,23.8,23.816,23.861,23.846,23.846,23.838,23.838,23.846,23.831,23.823,23.816,23.808,23.8,23.8,23.793,23.816,23.808,23.816,23.831,23.816,23.816,23.8,23.816,23.808,23.808,23.808,23.8,23.816,23.8,23.785,23.793,23.777,23.777,23.808,23.808,23.884,23.846,23.831,23.846,23.823,23.777,23.823,23.793,23.793,23.785,23.808,23.8,23.823,23.816,23.8,23.785,23.8,23.785,23.793,23.777,23.77,23.762,23.785,23.785,23.77,23.785,23.762,23.77,23.777,23.732,23.755,23.732,23.732,23.739,23.739,23.747,23.762,23.777,23.747,23.755,23.777,23.747,23.724,23.747,23.701,23.716,23.747,23.724,23.709,23.739,23.716,23.693,23.663,23.693,23.671,23.701,23.724,23.724,23.747,23.724,23.732,23.747,23.701,23.77,23.739,23.747,23.755,23.747,23.709,23.747,23.709,23.716,23.701,23.716,23.724,23.732,23.739,23.755,23.762,23.732,23.724,23.709,23.724,23.678,23.701,23.716,23.732,23.709,23.716,23.701,23.671,23.716,23.724,23.709,23.716,23.732,23.732,23.716,23.709,23.701,23.701,23.663,23.686,23.724,23.701,23.693,23.701,23.686,23.686,23.678,23.701,23.701,23.709,23.732,23.747,23.762,23.724,23.724,23.701,23.701,23.724,23.648,23.693
,23.739,23.77,23.831,23.838,23.846,23.838,23.823,23.838,23.846,23.838,23.831,23.831,23.823,23.838,23.808,23.831,23.777,23.808,23.861,23.846,23.869,23.861,23.831,23.816,23.808,23.8,23.816,23.823,23.77,23.8,23.755,23.808,23.793,23.8,23.793,23.777,23.8,23.793,23.823,23.808,23.8,23.8,23.785,23.8,23.8,23.785,23.808,23.77,23.793,23.77,23.747,23.762,23.777,23.77,23.793,23.762,23.755,23.747,23.724,23.762,23.762,23.77,23.808,23.793,23.816,23.823,23.831,23.838,23.846,23.831,23.831,23.816,23.793,23.793,23.777,23.785,23.785,23.793,23.8,23.8,23.808,23.808,23.785,23.823,23.785,23.854,23.816,23.823,23.816,23.823,23.854,23.861,23.869,23.861,23.831,23.816,23.816,23.831,23.861,23.869,23.854,23.838,23.854,23.838,23.854,23.846,23.846,23.838,23.854,23.846,23.861,23.869,23.869,23.877,23.892,23.899,23.922,23.907,23.907,23.899,23.899,23.877,23.877,23.854,23.892,23.899,23.877,23.922,23.892,23.93,23.922,23.907,23.915,23.907,23.899,23.899,23.907,23.869,23.945,23.968,23.915,23.907,23.907,23.915,23.907,23.915,23.93,23.922,23.915,23.907,23.884,23.899,23.899,23.884,23.899,23.922,23.922,23.922,23.922,23.915,23.899,23.899,23.899,23.884,23.884,23.884,23.892,23.899,23.899,23.884,23.899,23.899,23.899,23.93,23.93,23.915,23.938,23.915,23.915,23.93,23.93,23.915,23.922,23.93,23.907,23.915,23.915,23.907,23.907,23.907,23.915,23.915,23.892,23.915,23.915,23.922,23.915,23.922,23.907,23.915,23.915,23.907,23.922,23.922,23.93,23.938,23.93,23.915,23.922,23.93,23.938,23.93,23.93,23.922,23.922,23.938,23.93,23.907,23.869,23.899,23.877,23.884,23.884,23.899,23.892,23.915,23.907,23.884,23.877,23.869,23.884,23.899,23.892,23.892,23.846,23.892,23.884,23.838,23.884,23.884,23.892,23.854,23.831,23.846,23.846,23.861,23.884,23.884,23.884,23.877,23.877,23.884,23.869,23.877,23.884,23.877,23.892,23.892,23.892,23.899,23.884,23.869,23.861,23.854,23.846,23.854,23.854,23.846,23.846,23.846,23.838,23.838,23.838,23.861,23.854,23.854,23.861,23.877,23.884,23.907,23.899,23.892,23.915,23.884,23.884,23.922,23.877,23.884,23.884,23.869,23.869,23.838,23.854,23.869,23.869,23.854,23.861,23.861,23.854,23.854,23.854,23.854,23.877,23.884,23.892,23.915,23.907,23.915,23.892,23.884,23.892,23.892,23.884,23.892,23.899,23.892,23.899,23.869,23.869,23.869,23.884,23.892,23.907,23.907,23.907,23.899,23.899,23.892,23.877,23.854,23.877,23.877,23.884,23.892,23.892,23.884,23.884,23.884,23.877,23.854,23.869,23.877,23.877,23.877,23.869,23.877,23.869,23.869,23.869,23.861,23.869,23.854,23.861,23.854,23.854,23.846,23.854,23.861,23.854,23.861,23.846,23.831,23.838,23.816,23.831,23.823,23.816,23.831,23.823,23.831,23.838,23.838,23.838,23.846,23.854,23.869,23.861,23.854,23.838,23.838,23.838,23.838,23.861,23.861,23.861,23.861,23.861,23.846,23.846,23.854,23.838,23.854,23.831,23.838,23.831,23.823,23.846,23.846,23.861,23.846,23.846,23.854,23.846,23.869,23.846,23.838,23.861,23.854,23.869,23.861,23.854,23.854,23.831,23.831,23.816,23.808,23.808,23.823,23.816,23.823,23.831,23.823,23.838,23.846,23.846,23.854,23.846,23.823,23.816,23.831,23.838,23.838,23.831,23.838,23.823,23.831,23.838,23.838,23.823,23.838,23.8,23.808,23.869,23.854,23.816,23.823,23.854,23.838,23.846,23.861,23.869,23.869,23.846,23.846,23.823,23.838,23.8,23.808,23.816,23.816,23.831,23.846,23.846,23.861,23.854,23.869,23.861,23.854,23.846,23.823,23.816,23.838,23.869,23.861,23.831,23.823,23.816,23.823,23.823,23.808,23.823,23.838,23.808,23.816,23.846,23.846,23.861,23.854,23.846,23.838,23.831,23.816,23.816,23.8,23.793,23.8,23.785,23.793,23.808,23.831,23.823,23.892,23.838,23.838,23.816,23.823,23.793,23.8,23.823,23.8,23.816,23.785,23.8,23.8,23.777,23.793,23.808,23.846,23.838,23.869,23.816,23.831,23.8,23.793,23.77,23.755,23.777,23.823,23.808,23.808,23.838,23.808,23.793,23.8,23.793,23.785,23.777,23.762,23.77,23.77,23.77,23.77,23.77,23.755,23.747,23.747,23.747,23.747,23.724,23.732,23.747,23.739,23.755,23.755,23.755,23.755,23.747,23.732,23.747,23.724,23.716,23.77,23.671,23.732,23.732,23.709,23.701,23.701,23.686,23.686,23.678,23.693,23.716,23.709,23.716,23.724,23.709,23.724,23.739,23.693,23.732,23.747,23.747,23.739,23.739,23.709,23.724,23.709,23.709,23.701,23.701,23.716,23.747,23.762,23.762,23.732,23.739,23.732,23.732,23.701,23.716,23.693,23.701,23.724,23.701,23.739,23.678,23.716,23.693,23.724,23.716,23.693,23.693,23.701,23.709,23.701,23.716,23.678,23.716,23.686,23.701,23.678,23.709,23.678,23.701,23.686,23.701,23.693,23.709,23.724,23.777,23.701,23.701,23.716,23.724,23.709,23.693,23.716,23.663,23.686
,23.739,23.785,23.808,23.831,23.846,23.823,23.838,23.816,23.823,23.816,23.823,23.831,23.838,23.831,23.838,23.808,23.8,23.816,23.785,23.854,23.846,23.892,23.846,23.838,23.838,23.808,23.793,23.816,23.816,23.777,23.785,23.808,23.777,23.777,23.793,23.777,23.793,23.8,23.785,23.785,23.8,23.785,23.793,23.808,23.77,23.793,23.8,23.785,23.785,23.793,23.785,23.747,23.785,23.77,23.808,23.785,23.785,23.777,23.739,23.732,23.762,23.77,23.793,23.808,23.846,23.831,23.846,23.831,23.838,23.816,23.838,23.777,23.816,23.762,23.8,23.808,23.816,23.793,23.808,23.793,23.8,23.808,23.808,23.831,23.823,23.823,23.823,23.846,23.823,23.831,23.854,23.846,23.869,23.831,23.816,23.816,23.831,23.831,23.854,23.884,23.877,23.861,23.854,23.846,23.854,23.854,23.854,23.846,23.861,23.869,23.854,23.884,23.877,23.892,23.899,23.892,23.899,23.922,23.915,23.892,23.884,23.892,23.884,23.884,23.831,23.838,23.846,23.899,23.915,23.915,23.915,23.899,23.93,23.922,23.907,23.899,23.907,23.938,23.93,23.938,23.938,23.915,23.922,23.915,23.884,23.892,23.899,23.892,23.899,23.892,23.892,23.884,23.877,23.892,23.884,23.892,23.884,23.884,23.899,23.899,23.899,23.899,23.892,23.892,23.877,23.884,23.884,23.899,23.892,23.899,23.884,23.899,23.915,23.899,23.915,23.938,23.915,23.93,23.915,23.922,23.93,23.907,23.915,23.938,23.907,23.892,23.892,23.892,23.899,23.907,23.907,23.899,23.907,23.899,23.915,23.899,23.899,23.907,23.899,23.899,23.915,23.915,23.915,23.922,23.922,23.922,23.922,23.922,23.922,23.93,23.93,23.922,23.93,23.93,23.915,23.922,23.915,23.93,23.884,23.884,23.884,23.884,23.892,23.915,23.892,23.884,23.884,23.892,23.877,23.877,23.892,23.884,23.892,23.892,23.892,23.884,23.892,23.907,23.892,23.877,23.877,23.838,23.838,23.831,23.846,23.861,23.877,23.877,23.884,23.877,23.877,23.884,23.884,23.877,23.877,23.877,23.899,23.907,23.899,23.877,23.877,23.861,23.854,23.854,23.846,23.838,23.831,23.838,23.877,23.869,23.854,23.861,23.854,23.838,23.838,23.861,23.877,23.884,23.892,23.892,23.899,23.884,23.892,23.899,23.892,23.899,23.892,23.884,23.877,23.877,23.877,23.869,23.854,23.861,23.846,23.846,23.854,23.846,23.861,23.854,23.861,23.861,23.884,23.899,23.915,23.922,23.922,23.915,23.892,23.892,23.884,23.884,23.877,23.907,23.899,23.892,23.884,23.861,23.854,23.861,23.877,23.884,23.899,23.915,23.915,23.899,23.899,23.892,23.884,23.869,23.869,23.884,23.877,23.892,23.884,23.899,23.899,23.877,23.877,23.869,23.861,23.846,23.861,23.861,23.861,23.869,23.854,23.869,23.861,23.854,23.846,23.854,23.861,23.846,23.854,23.854,23.846,23.861,23.854,23.838,23.831,23.816,23.816,23.816,23.846,23.838,23.808,23.816,23.823,23.831,23.838,23.846,23.838,23.846,23.861,23.854,23.861,23.854,23.846,23.846,23.846,23.846,23.854,23.854,23.861,23.854,23.861,23.854,23.854,23.838,23.838,23.838,23.831,23.823,23.808,23.846,23.838,23.861,23.861,23.846,23.846,23.846,23.846,23.854,23.846,23.846,23.846,23.861,23.877,23.877,23.861,23.854,23.823,23.838,23.816,23.816,23.8,23.816,23.816,23.823,23.823,23.823,23.846,23.838,23.838,23.846,23.831,23.816,23.823,23.831,23.838,23.838,23.823,23.808,23.831,23.823,23.831,23.854,23.838,23.816,23.808,23.846,23.793,23.816,23.846,23.854,23.846,23.854,23.861,23.869,23.869,23.869,23.861,23.854,23.823,23.823,23.838,23.808,23.816,23.823,23.831,23.838,23.846,23.861,23.861,23.877,23.877,23.854,23.854,23.838,23.831,23.838,23.823,23.831,23.831,23.846,23.823,23.816,23.846,23.823,23.823,23.846,23.816,23.808,23.823,23.816,23.846,23.831,23.831,23.846,23.838,23.808,23.808,23.793,23.8,23.785,23.8,23.793,23.793,23.823,23.838,23.846,23.877,23.823,23.831,23.823,23.808,23.808,23.8,23.8,23.808,23.793,23.8,23.77,23.762,23.785,23.808,23.816,23.823,23.831,23.854,23.793,23.823,23.793,23.793,23.755,23.77,23.793,23.8,23.793,23.8,23.793,23.785,23.777,23.777,23.77,23.77,23.762,23.762,23.762,23.762,23.777,23.762,23.747,23.747,23.762,23.709,23.724,23.739,23.724,23.732,23.732,23.724,23.732,23.739,23.747,23.724,23.755,23.747,23.709,23.709,23.739,23.693,23.762,23.724,23.724,23.724,23.709,23.693,23.678,23.671,23.678,23.693,23.709,23.709,23.716,23.701,23.701,23.709,23.739,23.716,23.732,23.747,23.739,23.747,23.739,23.724,23.701,23.701,23.716,23.709,23.739,23.739,23.762,23.716,23.747,23.747,23.716,23.724,23.716,23.701,23.709,23.716,23.716,23.686,23.701,23.724,23.686,23.693,23.671,23.724,23.716,23.716,23.709,23.686,23.693,23.693,23.663,23.709,23.648,23.686,23.716,23.686,23.693,23.701,23.701,23.686,23.693,23.701,23.701,23.678,23.724,23.693,23.663,23.686,23.686,23.64,23.671,23.709,23.739
,23.755,23.77,23.8,23.808,23.8,23.808,23.793,23.8,23.808,23.8,23.816,23.793,23.8,23.823,23.831,23.823,23.854,23.816,23.8,23.831,23.808,23.831,23.838,23.8,23.8,23.808,23.808,23.777,23.785,23.8,23.785,23.793,23.793,23.785,23.8,23.762,23.77,23.762,23.762,23.777,23.785,23.777,23.785,23.777,23.739,23.8,23.8,23.77,23.785,23.755,23.762,23.762,23.793,23.8,23.808,23.854,23.77,23.732,23.755,23.732,23.762,23.762,23.755,23.777,23.816,23.816,23.8,23.854,23.793,23.838,23.8,23.831,23.793,23.808,23.793,23.8,23.785,23.816,23.816,23.808,23.8,23.793,23.816,23.831,23.846,23.831,23.838,23.846,23.838,23.831,23.854,23.861,23.884,23.877,23.816,23.831,23.823,23.846,23.861,23.869,23.861,23.861,23.831,23.846,23.854,23.846,23.861,23.861,23.869,23.899,23.899,23.869,23.877,23.899,23.899,23.892,23.892,23.907,23.892,23.892,23.884,23.892,23.877,23.877,23.869,23.877,23.846,23.884,23.892,23.877,23.907,23.938,23.922,23.938,23.915,23.915,23.93,23.915,23.93,23.938,23.938,23.915,23.922,23.907,23.892,23.884,23.884,23.877,23.877,23.892,23.877,23.877,23.892,23.892,23.892,23.884,23.877,23.877,23.884,23.884,23.899,23.899,23.892,23.892,23.892,23.884,23.892,23.899,23.892,23.892,23.869,23.892,23.899,23.899,23.915,23.899,23.884,23.915,23.907,23.915,23.915,23.907,23.907,23.899,23.899,23.877,23.884,23.877,23.892,23.899,23.915,23.915,23.907,23.907,23.884,23.892,23.907,23.922,23.899,23.899,23.899,23.915,23.922,23.915,23.922,23.922,23.922,23.915,23.907,23.922,23.922,23.907,23.93,23.915,23.915,23.93,23.899,23.915,23.907,23.899,23.892,23.884,23.892,23.861,23.877,23.892,23.884,23.892,23.892,23.877,23.877,23.877,23.861,23.846,23.892,23.861,23.892,23.892,23.884,23.869,23.877,23.861,23.854,23.854,23.838,23.861,23.877,23.877,23.884,23.884,23.884,23.877,23.869,23.869,23.861,23.854,23.869,23.869,23.869,23.884,23.877,23.854,23.846,23.831,23.823,23.831,23.823,23.854,23.854,23.877,23.861,23.861,23.838,23.861,23.861,23.854,23.861,23.877,23.884,23.884,23.877,23.884,23.861,23.877,23.892,23.877,23.884,23.892,23.877,23.861,23.854,23.869,23.861,23.861,23.831,23.846,23.838,23.846,23.854,23.854,23.861,23.869,23.869,23.884,23.899,23.907,23.922,23.907,23.892,23.877,23.861,23.861,23.854,23.877,23.884,23.892,23.892,23.877,23.861,23.861,23.869,23.877,23.884,23.892,23.884,23.899,23.899,23.884,23.877,23.861,23.861,23.877,23.884,23.899,23.892,23.884,23.899,23.877,23.861,23.846,23.861,23.846,23.854,23.861,23.861,23.861,23.861,23.861,23.861,23.854,23.846,23.846,23.854,23.838,23.854,23.854,23.846,23.861,23.846,23.854,23.823,23.808,23.816,23.808,23.816,23.831,23.816,23.816,23.823,23.838,23.838,23.838,23.831,23.877,23.831,23.861,23.861,23.854,23.854,23.846,23.838,23.846,23.846,23.846,23.854,23.854,23.854,23.838,23.846,23.854,23.854,23.831,23.823,23.793,23.838,23.816,23.861,23.861,23.861,23.808,23.838,23.823,23.838,23.846,23.838,23.846,23.846,23.861,23.861,23.854,23.854,23.854,23.838,23.816,23.816,23.831,23.816,23.8,23.816,23.823,23.823,23.831,23.831,23.831,23.838,23.823,23.793,23.831,23.823,23.816,23.838,23.823,23.831,23.808,23.8,23.838,23.785,23.823,23.816,23.823,23.838,23.823,23.831,23.846,23.854,23.854,23.854,23.846,23.861,23.869,23.861,23.877,23.861,23.854,23.831,23.838,23.823,23.838,23.816,23.823,23.838,23.846,23.854,23.854,23.861,23.869,23.869,23.877,23.846,23.838,23.846,23.823,23.823,23.823,23.816,23.808,23.8,23.808,23.816,23.816,23.854,23.831,23.831,23.846,23.831,23.823,23.816,23.831,23.854,23.838,23.823,23.808,23.785,23.777,23.785,23.77,23.793,23.816,23.8,23.831,23.838,23.838,23.816,23.816,23.8,23.816,23.8,23.8,23.8,23.785,23.793,23.785,23.77,23.77,23.755,23.785,23.777,23.8,23.793,23.8,23.823,23.777,23.8,23.777,23.77,23.762,23.755,23.777,23.8,23.808,23.777,23.785,23.77,23.755,23.762,23.77,23.77,23.762,23.755,23.755,23.739,23.739,23.747,23.747,23.732,23.747,23.716,23.716,23.724,23.732,23.739,23.732,23.716,23.739,23.724,23.709,23.709,23.724,23.716,23.701,23.709,23.709,23.693,23.739,23.724,23.732,23.732,23.716,23.671,23.671,23.671,23.663,23.701,23.701,23.709,23.716,23.716,23.716,23.732,23.724,23.724,23.732,23.732,23.724,23.724,23.716,23.716,23.709,23.724,23.693,23.701,23.724,23.724,23.762,23.755,23.739,23.747,23.747,23.716,23.709,23.709,23.709,23.709,23.724,23.724,23.724,23.716,23.732,23.709,23.709,23.716,23.709,23.716,23.701,23.671,23.671,23.671,23.671,23.709,23.678,23.678,23.701,23.709,23.709,23.724,23.686,23.678,23.686,23.693,23.678,23.678,23.686,23.671,23.693,23.663,23.671,23.671,23.686,23.678,23.762
,23.755,23.755,23.808,23.785,23.8,23.777,23.808,23.793,23.777,23.77,23.8,23.831,23.823,23.831,23.831,23.823,23.77,23.785,23.808,23.808,23.808,23.777,23.777,23.846,23.8,23.785,23.793,23.785,23.785,23.8,23.823,23.793,23.823,23.793,23.77,23.777,23.755,23.785,23.785,23.77,23.762,23.755,23.755,23.785,23.8,23.793,23.816,23.8,23.77,23.77,23.762,23.762,23.77,23.785,23.823,23.831,23.793,23.785,23.793,23.755,23.732,23.747,23.777,23.808,23.793,23.8,23.816,23.816,23.838,23.831,23.808,23.831,23.816,23.823,23.8,23.793,23.808,23.823,23.816,23.808,23.8,23.8,23.823,23.838,23.869,23.884,23.869,23.869,23.846,23.854,23.846,23.877,23.869,23.869,23.861,23.869,23.846,23.861,23.869,23.869,23.861,23.861,23.838,23.838,23.846,23.861,23.869,23.869,23.884,23.861,23.869,23.899,23.877,23.884,23.861,23.877,23.884,23.899,23.907,23.915,23.915,23.915,23.915,23.899,23.907,23.884,23.877,23.869,23.884,23.892,23.884,23.907,23.93,23.938,23.93,23.922,23.915,23.953,23.938,23.938,23.93,23.915,23.907,23.907,23.884,23.869,23.869,23.884,23.877,23.892,23.884,23.877,23.892,23.884,23.877,23.877,23.861,23.869,23.884,23.892,23.892,23.892,23.899,23.892,23.892,23.907,23.907,23.892,23.899,23.892,23.884,23.884,23.899,23.907,23.907,23.915,23.907,23.915,23.907,23.915,23.922,23.915,23.922,23.915,23.892,23.869,23.884,23.899,23.907,23.877,23.899,23.915,23.915,23.899,23.892,23.907,23.899,23.907,23.899,23.907,23.907,23.915,23.922,23.915,23.922,23.915,23.915,23.93,23.899,23.922,23.915,23.922,23.93,23.907,23.93,23.922,23.907,23.938,23.915,23.899,23.915,23.892,23.884,23.884,23.877,23.854,23.892,23.861,23.892,23.899,23.892,23.869,23.861,23.869,23.869,23.869,23.922,23.922,23.899,23.922,23.899,23.884,23.854,23.854,23.846,23.861,23.869,23.877,23.877,23.884,23.877,23.877,23.884,23.877,23.854,23.846,23.884,23.877,23.892,23.884,23.877,23.854,23.846,23.838,23.823,23.823,23.854,23.861,23.869,23.884,23.884,23.884,23.884,23.869,23.854,23.838,23.869,23.869,23.877,23.877,23.884,23.884,23.899,23.93,23.907,23.899,23.915,23.884,23.884,23.884,23.877,23.877,23.869,23.861,23.854,23.838,23.816,23.846,23.854,23.854,23.869,23.877,23.877,23.892,23.899,23.915,23.915,23.922,23.884,23.884,23.884,23.846,23.861,23.877,23.869,23.884,23.869,23.861,23.854,23.861,23.861,23.869,23.869,23.854,23.884,23.892,23.892,23.869,23.884,23.869,23.854,23.861,23.892,23.892,23.899,23.892,23.899,23.877,23.854,23.854,23.846,23.854,23.846,23.884,23.861,23.877,23.869,23.877,23.861,23.854,23.861,23.854,23.854,23.846,23.854,23.846,23.869,23.869,23.846,23.861,23.831,23.823,23.831,23.838,23.823,23.831,23.816,23.816,23.823,23.838,23.846,23.838,23.838,23.838,23.838,23.838,23.861,23.854,23.838,23.838,23.861,23.838,23.846,23.838,23.838,23.861,23.861,23.861,23.846,23.869,23.831,23.838,23.816,23.816,23.846,23.854,23.854,23.869,23.823,23.846,23.854,23.823,23.838,23.846,23.846,23.838,23.846,23.861,23.861,23.869,23.869,23.854,23.838,23.846,23.831,23.823,23.823,23.808,23.808,23.808,23.808,23.823,23.823,23.823,23.823,23.808,23.777,23.831,23.8,23.823,23.823,23.816,23.816,23.8,23.831,23.8,23.816,23.846,23.793,23.816,23.831,23.846,23.838,23.861,23.854,23.854,23.846,23.854,23.861,23.854,23.877,23.869,23.877,23.861,23.854,23.846,23.838,23.831,23.838,23.846,23.854,23.838,23.838,23.854,23.854,23.869,23.861,23.861,23.861,23.846,23.838,23.831,23.823,23.831,23.831,23.823,23.816,23.823,23.831,23.838,23.846,23.877,23.838,23.854,23.854,23.831,23.816,23.831,23.831,23.823,23.793,23.816,23.8,23.777,23.762,23.808,23.785,23.816,23.816,23.831,23.8,23.831,23.816,23.793,23.8,23.808,23.793,23.8,23.793,23.793,23.8,23.785,23.777,23.77,23.762,23.777,23.793,23.8,23.808,23.8,23.808,23.793,23.785,23.777,23.77,23.77,23.77,23.755,23.762,23.762,23.755,23.755,23.747,23.762,23.762,23.77,23.762,23.762,23.747,23.747,23.739,23.755,23.755,23.747,23.732,23.732,23.716,23.701,23.716,23.724,23.724,23.724,23.724,23.716,23.716,23.709,23.709,23.709,23.709,23.701,23.709,23.716,23.709,23.709,23.747,23.724,23.739,23.716,23.693,23.671,23.671,23.663,23.701,23.709,23.709,23.709,23.709,23.716,23.701,23.716,23.716,23.716,23.701,23.724,23.724,23.701,23.709,23.716,23.709,23.693,23.709,23.732,23.732,23.77,23.747,23.755,23.739,23.671,23.678,23.678,23.693,23.686,23.693,23.701,23.701,23.709,23.732,23.739,23.739,23.732,23.716,23.716,23.701,23.701,23.671,23.686,23.671,23.632,23.686,23.693,23.678,23.678,23.701,23.693,23.671,23.693,23.678,23.678,23.686,23.686,23.693,23.655,23.663,23.671,23.625,23.671,23.663,23.693,23.678,23.701
,23.762,23.77,23.816,23.8,23.8,23.8,23.777,23.793,23.777,23.808,23.785,23.8,23.823,23.808,23.777,23.785,23.8,23.777,23.777,23.808,23.816,23.793,23.808,23.816,23.785,23.838,23.8,23.793,23.823,23.808,23.831,23.831,23.823,23.8,23.793,23.77,23.755,23.777,23.777,23.785,23.777,23.762,23.8,23.816,23.793,23.793,23.808,23.77,23.747,23.777,23.77,23.777,23.785,23.8,23.831,23.877,23.838,23.77,23.762,23.762,23.755,23.755,23.755,23.785,23.793,23.808,23.793,23.831,23.816,23.838,23.838,23.823,23.823,23.823,23.808,23.808,23.823,23.823,23.831,23.808,23.838,23.808,23.838,23.861,23.861,23.869,23.884,23.877,23.854,23.861,23.854,23.854,23.861,23.884,23.854,23.861,23.861,23.877,23.861,23.861,23.861,23.854,23.846,23.838,23.846,23.854,23.861,23.884,23.869,23.846,23.869,23.899,23.907,23.861,23.884,23.877,23.869,23.892,23.892,23.915,23.93,23.922,23.938,23.922,23.915,23.892,23.899,23.892,23.877,23.877,23.892,23.892,23.907,23.93,23.922,23.915,23.922,23.915,23.922,23.93,23.93,23.922,23.899,23.899,23.884,23.892,23.892,23.869,23.884,23.892,23.869,23.877,23.877,23.884,23.877,23.854,23.869,23.861,23.884,23.892,23.892,23.899,23.892,23.892,23.899,23.907,23.899,23.899,23.892,23.899,23.884,23.884,23.884,23.892,23.922,23.915,23.907,23.907,23.922,23.907,23.922,23.93,23.892,23.892,23.899,23.884,23.892,23.877,23.899,23.907,23.915,23.915,23.907,23.915,23.892,23.907,23.892,23.899,23.899,23.884,23.907,23.907,23.907,23.915,23.938,23.915,23.915,23.915,23.899,23.915,23.907,23.899,23.922,23.915,23.907,23.93,23.93,23.915,23.915,23.915,23.915,23.892,23.869,23.869,23.877,23.869,23.892,23.899,23.907,23.892,23.892,23.884,23.861,23.877,23.861,23.899,23.884,23.93,23.892,23.907,23.915,23.892,23.877,23.861,23.861,23.854,23.854,23.869,23.869,23.854,23.877,23.869,23.877,23.884,23.861,23.861,23.861,23.884,23.877,23.877,23.869,23.861,23.838,23.831,23.831,23.831,23.846,23.869,23.892,23.892,23.892,23.892,23.877,23.877,23.861,23.831,23.861,23.854,23.861,23.869,23.877,23.892,23.892,23.907,23.922,23.892,23.892,23.899,23.884,23.892,23.861,23.877,23.884,23.861,23.846,23.838,23.831,23.854,23.854,23.861,23.869,23.869,23.869,23.861,23.884,23.899,23.907,23.907,23.907,23.838,23.877,23.846,23.846,23.869,23.884,23.877,23.877,23.861,23.861,23.861,23.861,23.861,23.861,23.861,23.838,23.854,23.869,23.869,23.877,23.877,23.869,23.884,23.884,23.892,23.884,23.884,23.884,23.884,23.869,23.846,23.846,23.877,23.869,23.877,23.877,23.869,23.877,23.869,23.854,23.861,23.854,23.846,23.854,23.861,23.861,23.838,23.869,23.838,23.854,23.846,23.823,23.823,23.854,23.831,23.854,23.861,23.861,23.838,23.838,23.823,23.846,23.846,23.831,23.846,23.831,23.816,23.823,23.831,23.846,23.854,23.838,23.838,23.838,23.838,23.854,23.838,23.838,23.854,23.877,23.869,23.831,23.838,23.831,23.831,23.846,23.877,23.877,23.869,23.854,23.831,23.854,23.854,23.846,23.854,23.846,23.861,23.854,23.877,23.892,23.877,23.861,23.869,23.854,23.846,23.831,23.838,23.831,23.823,23.816,23.808,23.8,23.816,23.816,23.808,23.816,23.808,23.8,23.8,23.8,23.785,23.816,23.808,23.816,23.8,23.823,23.816,23.816,23.808,23.808,23.808,23.838,23.823,23.854,23.846,23.854,23.846,23.861,23.846,23.861,23.869,23.869,23.884,23.869,23.861,23.854,23.846,23.846,23.846,23.846,23.846,23.838,23.846,23.838,23.846,23.854,23.854,23.861,23.846,23.854,23.846,23.838,23.846,23.846,23.838,23.831,23.823,23.808,23.823,23.816,23.831,23.846,23.869,23.854,23.854,23.854,23.823,23.823,23.831,23.831,23.816,23.816,23.816,23.785,23.816,23.808,23.785,23.838,23.854,23.823,23.846,23.831,23.816,23.816,23.8,23.8,23.8,23.793,23.808,23.8,23.793,23.77,23.777,23.762,23.762,23.77,23.777,23.793,23.808,23.8,23.8,23.785,23.777,23.793,23.793,23.785,23.785,23.762,23.77,23.762,23.755,23.755,23.747,23.747,23.755,23.762,23.77,23.77,23.762,23.747,23.739,23.747,23.747,23.755,23.755,23.739,23.724,23.709,23.701,23.709,23.716,23.716,23.724,23.724,23.724,23.709,23.701,23.701,23.709,23.701,23.716,23.755,23.724,23.739,23.739,23.739,23.777,23.762,23.709,23.693,23.678,23.671,23.671,23.686,23.701,23.709,23.693,23.709,23.709,23.701,23.716,23.709,23.724,23.709,23.732,23.716,23.732,23.701,23.701,23.732,23.709,23.732,23.678,23.732,23.755,23.762,23.747,23.755,23.755,23.701,23.678,23.678,23.678,23.686,23.693,23.716,23.678,23.709,23.709,23.732,23.716,23.724,23.724,23.716,23.693,23.686,23.686,23.686,23.671,23.663,23.678,23.686,23.671,23.701,23.709,23.693,23.709,23.701,23.686,23.678,23.678,23.686,23.671,23.663,23.655,23.671,23.678,23.678,23.678,23.701,23.686
,23.77,23.793,23.8,23.808,23.816,23.8,23.793,23.793,23.793,23.838,23.816,23.838,23.823,23.785,23.793,23.747,23.777,23.838,23.831,23.808,23.793,23.816,23.8,23.808,23.8,23.823,23.816,23.816,23.846,23.823,23.831,23.823,23.831,23.823,23.8,23.785,23.777,23.777,23.793,23.8,23.823,23.755,23.77,23.793,23.816,23.816,23.785,23.777,23.777,23.777,23.77,23.785,23.8,23.793,23.838,23.869,23.808,23.793,23.762,23.732,23.755,23.77,23.777,23.762,23.8,23.823,23.823,23.838,23.823,23.838,23.861,23.846,23.838,23.854,23.838,23.838,23.838,23.831,23.831,23.838,23.823,23.838,23.831,23.877,23.877,23.884,23.899,23.877,23.869,23.877,23.861,23.846,23.884,23.869,23.877,23.892,23.869,23.854,23.846,23.877,23.854,23.869,23.854,23.831,23.846,23.854,23.846,23.854,23.846,23.877,23.899,23.899,23.884,23.877,23.922,23.899,23.892,23.869,23.907,23.922,23.922,23.93,23.938,23.922,23.938,23.922,23.915,23.892,23.884,23.877,23.877,23.884,23.899,23.93,23.884,23.922,23.938,23.93,23.93,23.93,23.907,23.899,23.892,23.892,23.907,23.892,23.907,23.892,23.907,23.884,23.861,23.884,23.877,23.892,23.892,23.861,23.861,23.877,23.884,23.892,23.899,23.899,23.899,23.899,23.907,23.922,23.899,23.915,23.915,23.899,23.907,23.907,23.907,23.877,23.922,23.938,23.907,23.907,23.907,23.899,23.93,23.899,23.884,23.93,23.892,23.892,23.884,23.899,23.93,23.93,23.93,23.922,23.915,23.907,23.915,23.922,23.922,23.922,23.907,23.907,23.892,23.899,23.899,23.915,23.922,23.907,23.922,23.907,23.899,23.922,23.915,23.93,23.938,23.922,23.93,23.915,23.93,23.907,23.922,23.907,23.907,23.922,23.907,23.892,23.907,23.899,23.915,23.93,23.922,23.892,23.877,23.861,23.854,23.854,23.899,23.922,23.899,23.907,23.945,23.899,23.915,23.899,23.884,23.869,23.869,23.861,23.861,23.861,23.869,23.861,23.877,23.877,23.907,23.877,23.854,23.892,23.884,23.869,23.892,23.877,23.877,23.877,23.838,23.838,23.838,23.846,23.846,23.861,23.877,23.884,23.899,23.892,23.892,23.877,23.869,23.838,23.838,23.854,23.861,23.869,23.884,23.915,23.899,23.907,23.915,23.907,23.907,23.892,23.892,23.884,23.884,23.884,23.884,23.869,23.854,23.846,23.846,23.838,23.877,23.884,23.854,23.861,23.854,23.861,23.884,23.884,23.899,23.915,23.892,23.892,23.861,23.869,23.884,23.877,23.877,23.892,23.877,23.877,23.884,23.877,23.869,23.877,23.846,23.854,23.869,23.877,23.861,23.884,23.877,23.869,23.861,23.877,23.884,23.884,23.884,23.892,23.869,23.877,23.877,23.861,23.877,23.877,23.884,23.884,23.899,23.884,23.892,23.877,23.854,23.869,23.869,23.861,23.861,23.861,23.861,23.877,23.861,23.884,23.861,23.892,23.877,23.846,23.854,23.846,23.838,23.861,23.846,23.854,23.831,23.846,23.854,23.831,23.831,23.838,23.854,23.831,23.869,23.846,23.861,23.869,23.831,23.838,23.846,23.823,23.854,23.861,23.854,23.869,23.861,23.877,23.861,23.846,23.846,23.846,23.846,23.854,23.861,23.854,23.869,23.846,23.854,23.846,23.861,23.854,23.854,23.838,23.869,23.877,23.884,23.884,23.869,23.861,23.854,23.846,23.838,23.831,23.846,23.816,23.823,23.816,23.816,23.816,23.816,23.816,23.808,23.8,23.8,23.793,23.808,23.816,23.808,23.816,23.8,23.8,23.808,23.8,23.8,23.823,23.808,23.823,23.838,23.838,23.846,23.838,23.846,23.854,23.861,23.861,23.861,23.869,23.877,23.884,23.877,23.861,23.861,23.861,23.861,23.861,23.854,23.869,23.846,23.854,23.838,23.854,23.846,23.854,23.861,23.854,23.861,23.854,23.854,23.861,23.846,23.838,23.838,23.838,23.816,23.808,23.816,23.846,23.831,23.854,23.861,23.823,23.816,23.854,23.838,23.823,23.816,23.8,23.808,23.8,23.816,23.793,23.8,23.831,23.816,23.846,23.846,23.877,23.838,23.831,23.8,23.793,23.8,23.793,23.8,23.793,23.793,23.793,23.808,23.777,23.77,23.777,23.77,23.793,23.823,23.816,23.816,23.785,23.77,23.785,23.793,23.777,23.785,23.777,23.777,23.77,23.747,23.77,23.777,23.77,23.755,23.762,23.77,23.77,23.777,23.755,23.747,23.755,23.739,23.747,23.747,23.762,23.724,23.732,23.724,23.716,23.732,23.739,23.724,23.732,23.732,23.716,23.709,23.701,23.709,23.724,23.693,23.724,23.747,23.755,23.755,23.739,23.747,23.739,23.755,23.716,23.709,23.693,23.701,23.693,23.724,23.716,23.709,23.732,23.739,23.701,23.724,23.716,23.724,23.709,23.716,23.724,23.732,23.724,23.701,23.709,23.716,23.724,23.701,23.716,23.739,23.762,23.77,23.762,23.762,23.732,23.716,23.678,23.648,23.678,23.686,23.693,23.701,23.716,23.724,23.747,23.709,23.709,23.724,23.709,23.709,23.701,23.693,23.709,23.701,23.671,23.709,23.724,23.701,23.701,23.701,23.709,23.701,23.716,23.701,23.701,23.686,23.701,23.686,23.693,23.701,23.686,23.701,23.693,23.686,23.693,23.693,23.671
,23.747,23.77,23.808,23.793,23.8,23.8,23.8,23.823,23.816,23.831,23.838,23.831,23.808,23.8,23.831,23.823,23.8,23.816,23.816,23.8,23.816,23.777,23.8,23.8,23.777,23.8,23.831,23.762,23.823,23.823,23.831,23.823,23.823,23.816,23.785,23.777,23.777,23.777,23.777,23.777,23.838,23.739,23.816,23.8,23.793,23.785,23.762,23.777,23.785,23.793,23.8,23.785,23.8,23.831,23.785,23.816,23.816,23.762,23.793,23.739,23.755,23.755,23.762,23.823,23.808,23.816,23.838,23.831,23.854,23.823,23.831,23.861,23.892,23.877,23.869,23.869,23.854,23.846,23.838,23.838,23.838,23.823,23.854,23.846,23.877,23.884,23.877,23.877,23.869,23.854,23.854,23.854,23.846,23.892,23.854,23.884,23.869,23.861,23.869,23.877,23.846,23.861,23.854,23.831,23.854,23.869,23.861,23.869,23.884,23.877,23.877,23.899,23.877,23.884,23.884,23.892,23.869,23.892,23.892,23.915,23.922,23.938,23.945,23.93,23.945,23.938,23.938,23.915,23.892,23.877,23.869,23.884,23.899,23.922,23.93,23.899,23.93,23.93,23.93,23.915,23.922,23.899,23.907,23.915,23.907,23.899,23.907,23.907,23.93,23.93,23.877,23.884,23.877,23.884,23.884,23.899,23.884,23.899,23.899,23.899,23.899,23.907,23.892,23.907,23.899,23.899,23.907,23.915,23.922,23.907,23.907,23.907,23.899,23.922,23.938,23.915,23.922,23.922,23.915,23.907,23.922,23.915,23.915,23.899,23.884,23.892,23.899,23.899,23.899,23.922,23.915,23.915,23.915,23.899,23.899,23.93,23.892,23.907,23.899,23.899,23.899,23.899,23.915,23.907,23.899,23.907,23.899,23.899,23.907,23.922,23.915,23.915,23.915,23.915,23.93,23.938,23.922,23.915,23.922,23.907,23.899,23.892,23.907,23.892,23.892,23.93,23.922,23.922,23.915,23.899,23.884,23.854,23.869,23.869,23.884,23.899,23.915,23.899,23.915,23.907,23.907,23.907,23.899,23.869,23.869,23.861,23.854,23.861,23.869,23.854,23.869,23.869,23.861,23.877,23.869,23.877,23.884,23.884,23.877,23.884,23.877,23.877,23.861,23.846,23.838,23.854,23.861,23.854,23.869,23.892,23.884,23.899,23.892,23.877,23.861,23.861,23.861,23.854,23.861,23.869,23.884,23.892,23.907,23.907,23.884,23.907,23.907,23.892,23.892,23.899,23.899,23.899,23.884,23.869,23.861,23.838,23.846,23.854,23.877,23.877,23.869,23.854,23.846,23.869,23.877,23.869,23.907,23.915,23.915,23.877,23.846,23.877,23.877,23.884,23.877,23.884,23.861,23.861,23.892,23.861,23.877,23.861,23.854,23.861,23.861,23.877,23.899,23.884,23.892,23.869,23.892,23.884,23.877,23.884,23.869,23.877,23.877,23.877,23.877,23.892,23.884,23.892,23.899,23.907,23.915,23.899,23.899,23.877,23.869,23.869,23.861,23.869,23.869,23.869,23.877,23.869,23.884,23.861,23.854,23.899,23.869,23.892,23.884,23.869,23.869,23.854,23.861,23.838,23.8,23.831,23.831,23.854,23.838,23.838,23.838,23.846,23.861,23.869,23.877,23.854,23.846,23.838,23.846,23.816,23.816,23.854,23.869,23.869,23.869,23.861,23.846,23.869,23.854,23.854,23.854,23.854,23.854,23.861,23.854,23.854,23.831,23.877,23.861,23.869,23.861,23.869,23.861,23.877,23.884,23.884,23.884,23.861,23.854,23.854,23.846,23.846,23.831,23.831,23.823,23.823,23.816,23.823,23.823,23.816,23.8,23.793,23.8,23.816,23.823,23.816,23.823,23.823,23.816,23.808,23.8,23.8,23.793,23.8,23.793,23.831,23.823,23.831,23.838,23.838,23.846,23.854,23.854,23.846,23.846,23.861,23.884,23.877,23.877,23.869,23.861,23.869,23.861,23.869,23.869,23.861,23.869,23.838,23.854,23.846,23.846,23.854,23.861,23.861,23.869,23.846,23.869,23.877,23.869,23.854,23.854,23.838,23.831,23.831,23.831,23.854,23.831,23.861,23.861,23.854,23.854,23.846,23.831,23.831,23.823,23.823,23.823,23.816,23.816,23.793,23.823,23.816,23.823,23.838,23.831,23.869,23.861,23.831,23.838,23.808,23.808,23.8,23.8,23.808,23.8,23.8,23.793,23.762,23.755,23.785,23.785,23.831,23.831,23.785,23.808,23.8,23.777,23.8,23.785,23.8,23.793,23.793,23.762,23.777,23.77,23.755,23.785,23.755,23.77,23.77,23.77,23.77,23.762,23.762,23.762,23.762,23.747,23.77,23.762,23.755,23.724,23.732,23.732,23.724,23.724,23.732,23.724,23.732,23.716,23.709,23.709,23.716,23.709,23.701,23.724,23.739,23.732,23.755,23.777,23.762,23.747,23.77,23.739,23.732,23.739,23.709,23.701,23.716,23.693,23.693,23.724,23.724,23.693,23.671,23.701,23.686,23.693,23.709,23.739,23.739,23.724,23.739,23.724,23.686,23.739,23.709,23.732,23.755,23.709,23.732,23.755,23.747,23.739,23.724,23.701,23.648,23.655,23.671,23.678,23.709,23.686,23.701,23.732,23.724,23.686,23.693,23.678,23.709,23.716,23.716,23.693,23.671,23.663,23.701,23.671,23.602,23.678,23.678,23.732,23.716,23.716,23.724,23.693,23.678,23.663,23.686,23.686,23.671,23.678,23.648,23.709,23.709,23.693,23.693,23.632,23.64
,23.747,23.777,23.793,23.793,23.808,23.808,23.8,23.823,23.823,23.816,23.793,23.785,23.816,23.823,23.785,23.8,23.8,23.823,23.8,23.793,23.808,23.838,23.793,23.831,23.793,23.8,23.8,23.838,23.831,23.838,23.816,23.823,23.808,23.816,23.8,23.793,23.793,23.785,23.793,23.808,23.838,23.777,23.823,23.793,23.793,23.785,23.785,23.793,23.8,23.8,23.816,23.785,23.808,23.846,23.816,23.854,23.838,23.77,23.77,23.755,23.739,23.762,23.777,23.777,23.816,23.854,23.854,23.831,23.831,23.831,23.838,23.854,23.869,23.884,23.854,23.877,23.854,23.861,23.854,23.831,23.838,23.831,23.861,23.869,23.877,23.869,23.861,23.869,23.869,23.861,23.861,23.854,23.861,23.861,23.846,23.884,23.884,23.854,23.869,23.861,23.869,23.869,23.808,23.831,23.854,23.854,23.861,23.846,23.877,23.877,23.892,23.892,23.907,23.899,23.892,23.892,23.884,23.884,23.884,23.899,23.922,23.922,23.93,23.93,23.945,23.945,23.938,23.899,23.892,23.907,23.892,23.877,23.892,23.899,23.907,23.899,23.922,23.938,23.915,23.915,23.915,23.922,23.915,23.915,23.907,23.915,23.93,23.93,23.93,23.899,23.877,23.861,23.869,23.892,23.892,23.922,23.899,23.892,23.907,23.907,23.907,23.899,23.899,23.892,23.892,23.907,23.907,23.915,23.922,23.915,23.915,23.899,23.907,23.892,23.93,23.884,23.899,23.945,23.907,23.915,23.915,23.907,23.899,23.899,23.899,23.899,23.915,23.907,23.907,23.915,23.915,23.915,23.915,23.915,23.907,23.915,23.915,23.907,23.907,23.907,23.907,23.899,23.907,23.915,23.899,23.907,23.899,23.899,23.907,23.915,23.922,23.93,23.922,23.915,23.938,23.922,23.922,23.93,23.922,23.922,23.899,23.907,23.907,23.907,23.915,23.938,23.93,23.93,23.915,23.899,23.877,23.884,23.861,23.899,23.892,23.899,23.899,23.884,23.907,23.884,23.907,23.892,23.884,23.892,23.877,23.877,23.884,23.877,23.877,23.861,23.869,23.869,23.884,23.877,23.884,23.884,23.892,23.899,23.899,23.907,23.884,23.877,23.877,23.854,23.877,23.861,23.846,23.861,23.854,23.869,23.884,23.877,23.877,23.877,23.869,23.854,23.854,23.861,23.861,23.877,23.877,23.884,23.892,23.915,23.899,23.899,23.907,23.907,23.899,23.915,23.907,23.899,23.899,23.884,23.869,23.831,23.846,23.877,23.861,23.877,23.869,23.854,23.861,23.854,23.869,23.892,23.922,23.922,23.915,23.892,23.892,23.884,23.884,23.892,23.899,23.892,23.892,23.877,23.877,23.861,23.877,23.869,23.854,23.869,23.869,23.869,23.892,23.907,23.899,23.899,23.899,23.892,23.884,23.869,23.861,23.869,23.869,23.877,23.892,23.899,23.899,23.907,23.922,23.922,23.907,23.915,23.892,23.884,23.877,23.877,23.869,23.877,23.877,23.869,23.877,23.877,23.877,23.884,23.884,23.884,23.892,23.892,23.899,23.922,23.877,23.869,23.831,23.838,23.816,23.816,23.838,23.846,23.846,23.861,23.838,23.838,23.869,23.869,23.854,23.854,23.854,23.816,23.854,23.846,23.854,23.854,23.846,23.861,23.854,23.877,23.877,23.877,23.861,23.861,23.861,23.861,23.861,23.846,23.846,23.846,23.838,23.846,23.869,23.869,23.854,23.861,23.861,23.861,23.861,23.877,23.877,23.861,23.861,23.854,23.838,23.877,23.823,23.823,23.816,23.838,23.816,23.838,23.831,23.823,23.816,23.808,23.808,23.808,23.816,23.846,23.838,23.831,23.816,23.8,23.808,23.808,23.785,23.8,23.816,23.831,23.831,23.831,23.838,23.846,23.846,23.846,23.846,23.846,23.861,23.877,23.869,23.877,23.892,23.869,23.869,23.869,23.869,23.869,23.869,23.877,23.877,23.846,23.884,23.854,23.869,23.861,23.861,23.838,23.831,23.854,23.846,23.854,23.869,23.854,23.854,23.831,23.831,23.823,23.808,23.816,23.816,23.838,23.861,23.854,23.854,23.861,23.846,23.823,23.831,23.823,23.831,23.808,23.808,23.808,23.808,23.777,23.854,23.861,23.823,23.838,23.854,23.838,23.831,23.793,23.808,23.808,23.8,23.808,23.8,23.785,23.785,23.777,23.777,23.793,23.808,23.808,23.831,23.808,23.808,23.793,23.808,23.808,23.8,23.8,23.785,23.785,23.777,23.755,23.793,23.808,23.777,23.785,23.777,23.777,23.77,23.77,23.762,23.747,23.77,23.747,23.747,23.762,23.739,23.739,23.739,23.739,23.747,23.755,23.762,23.732,23.732,23.747,23.732,23.701,23.732,23.724,23.701,23.701,23.724,23.724,23.747,23.716,23.747,23.762,23.77,23.777,23.732,23.747,23.732,23.709,23.724,23.709,23.716,23.709,23.716,23.724,23.732,23.716,23.709,23.701,23.709,23.716,23.755,23.732,23.732,23.747,23.747,23.709,23.732,23.716,23.716,23.739,23.732,23.724,23.747,23.732,23.747,23.747,23.701,23.686,23.678,23.709,23.678,23.716,23.701,23.716,23.709,23.724,23.709,23.663,23.686,23.709,23.709,23.709,23.701,23.693,23.648,23.701,23.625,23.732,23.663,23.693,23.716,23.732,23.724,23.709,23.724,23.709,23.693,23.701,23.648,23.693,23.693,23.686,23.716,23.709,23.709,23.686,23.663,23.632
,23.762,23.762,23.777,23.793,23.793,23.8,23.808,23.808,23.8,23.808,23.793,23.816,23.808,23.816,23.808,23.831,23.816,23.777,23.808,23.793,23.831,23.854,23.838,23.823,23.808,23.793,23.793,23.808,23.823,23.816,23.808,23.823,23.793,23.785,23.762,23.793,23.793,23.777,23.785,23.8,23.785,23.808,23.808,23.777,23.785,23.785,23.785,23.793,23.793,23.816,23.823,23.808,23.831,23.808,23.8,23.808,23.808,23.8,23.762,23.755,23.755,23.739,23.755,23.808,23.854,23.861,23.838,23.838,23.838,23.846,23.846,23.877,23.861,23.892,23.877,23.884,23.846,23.831,23.854,23.831,23.846,23.846,23.854,23.846,23.884,23.877,23.869,23.892,23.854,23.877,23.846,23.877,23.869,23.861,23.861,23.869,23.877,23.846,23.869,23.861,23.869,23.869,23.846,23.854,23.831,23.861,23.861,23.877,23.899,23.869,23.884,23.884,23.877,23.892,23.907,23.884,23.899,23.899,23.884,23.907,23.915,23.922,23.922,23.945,23.922,23.938,23.899,23.922,23.899,23.907,23.884,23.899,23.892,23.884,23.899,23.915,23.93,23.938,23.93,23.922,23.93,23.938,23.922,23.915,23.93,23.93,23.922,23.93,23.93,23.892,23.892,23.884,23.892,23.899,23.907,23.915,23.915,23.899,23.907,23.899,23.907,23.892,23.899,23.899,23.915,23.907,23.922,23.922,23.93,23.93,23.915,23.907,23.907,23.93,23.907,23.899,23.93,23.922,23.907,23.915,23.915,23.915,23.915,23.915,23.907,23.884,23.884,23.899,23.869,23.915,23.899,23.915,23.922,23.907,23.915,23.915,23.907,23.922,23.922,23.915,23.922,23.907,23.915,23.915,23.915,23.899,23.899,23.907,23.915,23.915,23.922,23.93,23.915,23.922,23.915,23.922,23.922,23.938,23.922,23.915,23.907,23.899,23.915,23.915,23.899,23.93,23.93,23.915,23.899,23.884,23.884,23.846,23.869,23.892,23.884,23.899,23.899,23.877,23.877,23.907,23.884,23.899,23.877,23.884,23.877,23.877,23.884,23.861,23.877,23.884,23.877,23.869,23.884,23.877,23.884,23.884,23.907,23.899,23.915,23.899,23.907,23.892,23.884,23.884,23.854,23.861,23.854,23.846,23.846,23.869,23.869,23.877,23.877,23.869,23.869,23.846,23.854,23.861,23.869,23.877,23.877,23.884,23.884,23.899,23.899,23.892,23.915,23.899,23.907,23.907,23.907,23.915,23.915,23.892,23.877,23.861,23.861,23.869,23.884,23.869,23.877,23.877,23.861,23.869,23.892,23.899,23.907,23.915,23.915,23.907,23.907,23.907,23.899,23.907,23.899,23.892,23.892,23.884,23.884,23.869,23.854,23.884,23.854,23.861,23.877,23.877,23.907,23.915,23.915,23.899,23.892,23.869,23.884,23.877,23.854,23.869,23.869,23.884,23.892,23.899,23.899,23.915,23.915,23.907,23.892,23.907,23.899,23.892,23.899,23.877,23.892,23.877,23.892,23.877,23.892,23.892,23.884,23.907,23.907,23.899,23.899,23.861,23.869,23.838,23.884,23.869,23.854,23.823,23.831,23.823,23.831,23.846,23.838,23.861,23.854,23.854,23.869,23.846,23.861,23.861,23.861,23.831,23.831,23.854,23.854,23.831,23.846,23.831,23.854,23.869,23.877,23.861,23.877,23.854,23.861,23.861,23.854,23.846,23.838,23.846,23.838,23.846,23.846,23.877,23.838,23.869,23.846,23.854,23.861,23.846,23.869,23.861,23.861,23.846,23.846,23.846,23.854,23.869,23.869,23.861,23.861,23.846,23.846,23.823,23.823,23.816,23.816,23.831,23.854,23.846,23.838,23.838,23.823,23.808,23.808,23.816,23.8,23.823,23.823,23.838,23.823,23.831,23.838,23.838,23.838,23.838,23.838,23.846,23.846,23.869,23.861,23.892,23.869,23.869,23.877,23.877,23.861,23.877,23.877,23.884,23.892,23.884,23.869,23.877,23.861,23.892,23.861,23.877,23.869,23.846,23.846,23.854,23.861,23.846,23.838,23.838,23.846,23.823,23.816,23.808,23.823,23.823,23.838,23.854,23.846,23.854,23.846,23.846,23.838,23.831,23.823,23.831,23.831,23.808,23.816,23.816,23.816,23.854,23.846,23.877,23.861,23.846,23.861,23.831,23.816,23.8,23.785,23.793,23.8,23.793,23.808,23.777,23.77,23.816,23.793,23.8,23.793,23.793,23.808,23.816,23.831,23.816,23.816,23.785,23.793,23.793,23.716,23.77,23.785,23.785,23.793,23.8,23.777,23.777,23.762,23.777,23.77,23.747,23.747,23.762,23.762,23.755,23.739,23.755,23.739,23.747,23.732,23.739,23.755,23.762,23.755,23.732,23.701,23.693,23.709,23.732,23.678,23.755,23.739,23.716,23.739,23.739,23.724,23.762,23.755,23.762,23.739,23.747,23.724,23.709,23.724,23.716,23.709,23.716,23.716,23.724,23.709,23.724,23.724,23.709,23.724,23.732,23.732,23.732,23.755,23.755,23.755,23.762,23.755,23.701,23.709,23.747,23.732,23.732,23.724,23.709,23.709,23.701,23.709,23.716,23.716,23.701,23.686,23.686,23.693,23.724,23.709,23.724,23.693,23.678,23.739,23.693,23.716,23.686,23.709,23.701,23.632,23.716,23.739,23.632,23.686,23.709,23.724,23.724,23.724,23.716,23.701,23.709,23.693,23.686,23.671,23.663,23.648,23.678,23.701,23.686,23.693,23.648,23.648,23.617
,23.755,23.77,23.77,23.777,23.793,23.8,23.8,23.8,23.8,23.8,23.785,23.808,23.8,23.816,23.816,23.816,23.816,23.8,23.808,23.8,23.831,23.831,23.816,23.846,23.808,23.8,23.793,23.793,23.808,23.861,23.816,23.793,23.762,23.755,23.785,23.793,23.777,23.777,23.8,23.785,23.808,23.785,23.793,23.747,23.777,23.777,23.777,23.808,23.8,23.838,23.8,23.808,23.8,23.816,23.785,23.816,23.8,23.785,23.793,23.77,23.777,23.762,23.77,23.777,23.8,23.831,23.831,23.838,23.823,23.831,23.846,23.854,23.861,23.854,23.869,23.816,23.816,23.823,23.846,23.838,23.838,23.823,23.846,23.877,23.846,23.861,23.869,23.854,23.831,23.846,23.854,23.861,23.831,23.877,23.938,23.869,23.861,23.877,23.861,23.892,23.869,23.838,23.838,23.831,23.823,23.869,23.854,23.877,23.884,23.877,23.884,23.838,23.854,23.877,23.892,23.899,23.892,23.892,23.884,23.899,23.899,23.899,23.93,23.922,23.93,23.922,23.907,23.915,23.907,23.915,23.899,23.899,23.899,23.884,23.907,23.93,23.938,23.953,23.93,23.945,23.93,23.93,23.945,23.922,23.93,23.938,23.922,23.945,23.922,23.892,23.915,23.877,23.884,23.899,23.907,23.915,23.922,23.922,23.922,23.899,23.907,23.899,23.892,23.907,23.899,23.907,23.915,23.915,23.93,23.915,23.907,23.907,23.892,23.907,23.915,23.915,23.907,23.922,23.915,23.899,23.907,23.915,23.907,23.907,23.907,23.899,23.877,23.892,23.884,23.877,23.915,23.915,23.907,23.907,23.899,23.907,23.899,23.93,23.938,23.93,23.93,23.922,23.93,23.907,23.899,23.899,23.907,23.899,23.922,23.922,23.93,23.922,23.922,23.915,23.922,23.915,23.93,23.93,23.938,23.922,23.915,23.907,23.907,23.907,23.915,23.899,23.907,23.907,23.899,23.884,23.877,23.877,23.877,23.877,23.892,23.884,23.884,23.869,23.869,23.869,23.892,23.884,23.877,23.877,23.877,23.877,23.877,23.869,23.869,23.861,23.861,23.877,23.877,23.884,23.884,23.892,23.899,23.899,23.899,23.907,23.907,23.899,23.922,23.892,23.869,23.884,23.838,23.838,23.861,23.846,23.869,23.861,23.869,23.854,23.854,23.854,23.854,23.869,23.861,23.877,23.892,23.884,23.892,23.907,23.892,23.915,23.907,23.915,23.907,23.907,23.915,23.915,23.907,23.884,23.877,23.861,23.854,23.869,23.884,23.884,23.877,23.877,23.877,23.884,23.892,23.892,23.915,23.922,23.922,23.892,23.915,23.892,23.907,23.907,23.899,23.907,23.899,23.877,23.869,23.869,23.869,23.869,23.861,23.861,23.869,23.892,23.899,23.915,23.915,23.915,23.877,23.877,23.884,23.869,23.869,23.869,23.877,23.877,23.892,23.899,23.899,23.907,23.907,23.899,23.899,23.915,23.899,23.907,23.899,23.892,23.884,23.884,23.899,23.892,23.892,23.884,23.884,23.877,23.884,23.892,23.877,23.877,23.877,23.869,23.884,23.877,23.854,23.846,23.838,23.838,23.846,23.831,23.854,23.861,23.846,23.854,23.861,23.838,23.861,23.846,23.838,23.861,23.854,23.854,23.846,23.838,23.831,23.831,23.846,23.854,23.831,23.861,23.846,23.854,23.854,23.854,23.846,23.861,23.854,23.846,23.854,23.838,23.854,23.838,23.854,23.854,23.846,23.838,23.861,23.869,23.869,23.854,23.869,23.861,23.846,23.846,23.823,23.838,23.838,23.854,23.861,23.854,23.838,23.838,23.831,23.823,23.823,23.816,23.831,23.823,23.846,23.846,23.838,23.823,23.823,23.816,23.846,23.831,23.816,23.823,23.808,23.808,23.838,23.838,23.854,23.846,23.838,23.838,23.854,23.869,23.869,23.877,23.861,23.861,23.861,23.861,23.869,23.869,23.869,23.892,23.892,23.899,23.884,23.869,23.892,23.869,23.877,23.877,23.861,23.884,23.838,23.838,23.846,23.854,23.838,23.846,23.838,23.831,23.808,23.808,23.816,23.838,23.861,23.877,23.861,23.854,23.838,23.846,23.838,23.838,23.838,23.823,23.831,23.816,23.838,23.831,23.831,23.831,23.816,23.823,23.816,23.816,23.823,23.838,23.831,23.785,23.793,23.808,23.777,23.793,23.8,23.755,23.793,23.8,23.846,23.8,23.816,23.793,23.793,23.808,23.816,23.816,23.785,23.793,23.793,23.762,23.793,23.785,23.762,23.777,23.785,23.77,23.77,23.762,23.762,23.762,23.747,23.739,23.762,23.762,23.77,23.77,23.793,23.747,23.739,23.732,23.739,23.724,23.732,23.762,23.724,23.724,23.716,23.701,23.701,23.693,23.709,23.716,23.732,23.724,23.747,23.732,23.709,23.716,23.747,23.747,23.739,23.716,23.732,23.739,23.732,23.732,23.716,23.709,23.724,23.701,23.709,23.709,23.716,23.716,23.747,23.716,23.724,23.762,23.762,23.739,23.77,23.709,23.724,23.709,23.724,23.732,23.709,23.709,23.693,23.693,23.678,23.686,23.686,23.648,23.716,23.701,23.724,23.724,23.678,23.709,23.739,23.732,23.732,23.686,23.716,23.716,23.663,23.663,23.678,23.655,23.671,23.648,23.648,23.648,23.693,23.686,23.693,23.709,23.701,23.709,23.701,23.686,23.655,23.678,23.655,23.671,23.648,23.686,23.663,23.693,23.663,23.671,23.648,23.609
,23.762,23.77,23.785,23.793,23.8,23.808,23.793,23.793,23.793,23.793,23.793,23.8,23.808,23.823,23.816,23.831,23.816,23.808,23.823,23.838,23.854,23.854,23.846,23.884,23.816,23.816,23.808,23.816,23.8,23.816,23.846,23.755,23.785,23.77,23.8,23.777,23.762,23.808,23.8,23.8,23.838,23.831,23.8,23.777,23.762,23.793,23.8,23.816,23.808,23.846,23.816,23.823,23.808,23.816,23.8,23.8,23.831,23.808,23.808,23.808,23.777,23.808,23.777,23.8,23.816,23.823,23.823,23.854,23.846,23.846,23.846,23.838,23.854,23.831,23.838,23.854,23.831,23.838,23.838,23.846,23.838,23.854,23.861,23.861,23.884,23.899,23.899,23.838,23.854,23.861,23.861,23.838,23.884,23.869,23.823,23.892,23.869,23.899,23.892,23.884,23.846,23.854,23.861,23.831,23.846,23.854,23.892,23.892,23.892,23.861,23.869,23.869,23.854,23.877,23.869,23.892,23.899,23.899,23.899,23.899,23.907,23.915,23.899,23.915,23.915,23.922,23.899,23.922,23.922,23.892,23.915,23.899,23.892,23.892,23.915,23.922,23.938,23.953,23.93,23.968,23.953,23.93,23.945,23.922,23.938,23.938,23.922,23.938,23.93,23.922,23.899,23.899,23.899,23.899,23.907,23.915,23.922,23.915,23.915,23.922,23.899,23.899,23.899,23.899,23.915,23.922,23.922,23.922,23.922,23.922,23.915,23.915,23.892,23.915,23.93,23.922,23.907,23.915,23.884,23.899,23.915,23.907,23.915,23.922,23.915,23.907,23.915,23.892,23.899,23.915,23.899,23.915,23.922,23.907,23.907,23.915,23.938,23.915,23.93,23.915,23.938,23.938,23.945,23.938,23.938,23.922,23.93,23.93,23.922,23.945,23.93,23.93,23.93,23.93,23.922,23.938,23.93,23.93,23.938,23.938,23.93,23.922,23.915,23.915,23.907,23.907,23.907,23.907,23.899,23.884,23.884,23.877,23.884,23.877,23.884,23.884,23.877,23.884,23.884,23.861,23.884,23.869,23.869,23.884,23.884,23.884,23.892,23.877,23.869,23.869,23.869,23.877,23.884,23.892,23.892,23.907,23.899,23.892,23.907,23.915,23.915,23.93,23.899,23.899,23.892,23.892,23.854,23.823,23.846,23.846,23.869,23.869,23.854,23.861,23.854,23.861,23.861,23.861,23.869,23.869,23.884,23.884,23.892,23.877,23.892,23.915,23.915,23.899,23.915,23.907,23.907,23.907,23.899,23.884,23.869,23.877,23.877,23.877,23.884,23.877,23.884,23.892,23.899,23.899,23.899,23.907,23.915,23.915,23.915,23.922,23.907,23.922,23.938,23.915,23.915,23.915,23.899,23.884,23.884,23.869,23.869,23.877,23.861,23.877,23.884,23.907,23.915,23.915,23.93,23.915,23.907,23.899,23.907,23.907,23.884,23.884,23.869,23.877,23.892,23.892,23.899,23.892,23.907,23.892,23.907,23.899,23.899,23.915,23.899,23.93,23.907,23.915,23.915,23.892,23.899,23.884,23.884,23.899,23.892,23.899,23.892,23.884,23.884,23.884,23.892,23.892,23.869,23.877,23.861,23.854,23.869,23.869,23.869,23.869,23.861,23.846,23.831,23.846,23.854,23.861,23.854,23.861,23.861,23.854,23.861,23.861,23.831,23.823,23.823,23.838,23.823,23.838,23.838,23.854,23.861,23.869,23.877,23.861,23.846,23.846,23.838,23.838,23.838,23.838,23.869,23.846,23.854,23.831,23.838,23.854,23.877,23.877,23.869,23.846,23.854,23.846,23.831,23.823,23.823,23.854,23.854,23.861,23.861,23.846,23.838,23.823,23.838,23.823,23.823,23.854,23.838,23.854,23.838,23.823,23.831,23.823,23.838,23.838,23.831,23.8,23.808,23.816,23.846,23.838,23.854,23.861,23.861,23.854,23.861,23.877,23.869,23.877,23.861,23.877,23.861,23.861,23.884,23.869,23.877,23.884,23.869,23.884,23.877,23.869,23.899,23.892,23.907,23.877,23.884,23.884,23.861,23.846,23.861,23.846,23.831,23.831,23.823,23.823,23.816,23.838,23.823,23.846,23.892,23.884,23.877,23.869,23.854,23.838,23.861,23.846,23.838,23.816,23.823,23.816,23.838,23.831,23.823,23.831,23.816,23.831,23.816,23.816,23.823,23.823,23.8,23.823,23.777,23.8,23.793,23.785,23.8,23.793,23.8,23.831,23.808,23.777,23.785,23.8,23.785,23.808,23.816,23.838,23.831,23.823,23.755,23.762,23.762,23.739,23.77,23.785,23.77,23.777,23.762,23.762,23.739,23.739,23.747,23.762,23.755,23.755,23.762,23.762,23.77,23.747,23.739,23.739,23.724,23.716,23.732,23.724,23.732,23.732,23.755,23.739,23.739,23.716,23.716,23.716,23.747,23.747,23.724,23.709,23.739,23.716,23.724,23.716,23.755,23.762,23.77,23.739,23.762,23.724,23.732,23.739,23.716,23.709,23.709,23.716,23.709,23.739,23.716,23.724,23.747,23.732,23.755,23.77,23.762,23.709,23.732,23.732,23.716,23.732,23.716,23.701,23.693,23.678,23.693,23.701,23.709,23.693,23.716,23.716,23.739,23.709,23.693,23.716,23.732,23.793,23.762,23.755,23.709,23.663,23.648,23.686,23.671,23.693,23.686,23.701,23.671,23.678,23.701,23.701,23.709,23.709,23.709,23.701,23.678,23.686,23.686,23.709,23.671,23.709,23.693,23.671,23.678,23.663,23.64,23.625,23.64,23.602
,23.8,23.777,23.808,23.8,23.793,23.777,23.785,23.8,23.793,23.808,23.808,23.816,23.823,23.816,23.823,23.823,23.861,23.838,23.831,23.831,23.869,23.861,23.884,23.861,23.838,23.785,23.785,23.8,23.838,23.808,23.831,23.831,23.762,23.755,23.785,23.808,23.785,23.846,23.838,23.831,23.869,23.823,23.8,23.793,23.793,23.785,23.8,23.793,23.823,23.854,23.816,23.793,23.793,23.777,23.785,23.808,23.823,23.793,23.785,23.785,23.755,23.793,23.8,23.793,23.777,23.808,23.816,23.838,23.854,23.838,23.846,23.838,23.823,23.823,23.823,23.808,23.831,23.831,23.823,23.838,23.846,23.861,23.854,23.861,23.854,23.861,23.869,23.861,23.846,23.861,23.884,23.838,23.907,23.854,23.892,23.831,23.869,23.877,23.899,23.907,23.861,23.831,23.823,23.838,23.846,23.869,23.861,23.884,23.884,23.884,23.869,23.854,23.838,23.869,23.892,23.884,23.899,23.907,23.907,23.892,23.899,23.93,23.899,23.907,23.922,23.922,23.938,23.892,23.899,23.915,23.907,23.892,23.899,23.892,23.922,23.945,23.922,23.953,23.945,23.945,23.938,23.938,23.93,23.93,23.93,23.922,23.915,23.907,23.938,23.915,23.922,23.899,23.907,23.907,23.915,23.915,23.922,23.922,23.915,23.922,23.915,23.892,23.907,23.922,23.915,23.922,23.93,23.93,23.93,23.915,23.907,23.899,23.899,23.892,23.907,23.922,23.922,23.915,23.915,23.907,23.907,23.907,23.907,23.922,23.922,23.93,23.922,23.907,23.915,23.915,23.899,23.922,23.922,23.915,23.915,23.907,23.922,23.93,23.922,23.915,23.922,23.938,23.93,23.907,23.93,23.915,23.93,23.938,23.93,23.93,23.938,23.922,23.922,23.922,23.922,23.922,23.953,23.915,23.93,23.915,23.922,23.922,23.922,23.907,23.907,23.899,23.899,23.907,23.899,23.899,23.877,23.846,23.861,23.877,23.869,23.884,23.877,23.877,23.884,23.915,23.846,23.861,23.892,23.869,23.884,23.884,23.892,23.884,23.869,23.861,23.869,23.877,23.892,23.899,23.892,23.884,23.877,23.892,23.892,23.899,23.907,23.922,23.915,23.899,23.877,23.869,23.861,23.846,23.846,23.861,23.846,23.861,23.861,23.854,23.861,23.846,23.854,23.854,23.861,23.869,23.892,23.892,23.915,23.915,23.922,23.899,23.907,23.899,23.892,23.899,23.884,23.899,23.892,23.884,23.892,23.869,23.869,23.877,23.884,23.892,23.892,23.907,23.899,23.907,23.907,23.907,23.899,23.915,23.899,23.907,23.922,23.899,23.938,23.938,23.938,23.899,23.899,23.884,23.869,23.877,23.869,23.869,23.877,23.884,23.861,23.915,23.922,23.907,23.922,23.922,23.884,23.93,23.899,23.907,23.884,23.892,23.884,23.892,23.884,23.892,23.892,23.899,23.907,23.899,23.899,23.899,23.907,23.922,23.922,23.915,23.938,23.93,23.922,23.899,23.899,23.899,23.899,23.899,23.884,23.892,23.892,23.884,23.884,23.892,23.899,23.884,23.884,23.884,23.877,23.884,23.861,23.877,23.869,23.861,23.854,23.854,23.854,23.877,23.869,23.877,23.861,23.861,23.869,23.861,23.854,23.838,23.846,23.823,23.823,23.808,23.831,23.823,23.831,23.831,23.846,23.861,23.869,23.869,23.861,23.854,23.823,23.838,23.838,23.838,23.854,23.846,23.831,23.854,23.838,23.877,23.877,23.869,23.877,23.869,23.846,23.846,23.854,23.823,23.823,23.823,23.846,23.838,23.846,23.846,23.846,23.846,23.846,23.808,23.823,23.846,23.831,23.838,23.846,23.823,23.831,23.831,23.838,23.838,23.831,23.816,23.808,23.808,23.823,23.846,23.854,23.861,23.869,23.869,23.861,23.869,23.869,23.877,23.877,23.892,23.869,23.877,23.884,23.869,23.877,23.877,23.877,23.884,23.877,23.892,23.884,23.892,23.899,23.892,23.861,23.861,23.869,23.846,23.861,23.854,23.846,23.816,23.838,23.816,23.846,23.838,23.861,23.892,23.869,23.899,23.907,23.884,23.892,23.854,23.846,23.854,23.846,23.861,23.831,23.823,23.854,23.838,23.831,23.831,23.823,23.816,23.823,23.808,23.808,23.8,23.808,23.808,23.77,23.77,23.793,23.762,23.816,23.808,23.808,23.808,23.777,23.785,23.777,23.785,23.785,23.823,23.808,23.838,23.785,23.823,23.793,23.785,23.77,23.747,23.747,23.762,23.762,23.777,23.739,23.747,23.739,23.762,23.732,23.77,23.755,23.777,23.755,23.747,23.755,23.732,23.732,23.732,23.732,23.701,23.732,23.732,23.732,23.747,23.747,23.724,23.732,23.716,23.709,23.747,23.762,23.762,23.785,23.701,23.701,23.693,23.671,23.709,23.724,23.724,23.747,23.716,23.739,23.732,23.739,23.739,23.716,23.709,23.709,23.709,23.693,23.709,23.709,23.739,23.709,23.716,23.747,23.747,23.747,23.739,23.739,23.724,23.709,23.732,23.724,23.709,23.693,23.701,23.716,23.686,23.671,23.709,23.716,23.716,23.709,23.709,23.762,23.709,23.686,23.678,23.709,23.701,23.693,23.663,23.671,23.686,23.671,23.671,23.678,23.686,23.693,23.709,23.701,23.709,23.724,23.693,23.678,23.671,23.678,23.678,23.678,23.671,23.693,23.64,23.686,23.663,23.625,23.663,23.609,23.625,23.648,23.655
,23.777,23.793,23.816,23.831,23.8,23.823,23.793,23.8,23.793,23.808,23.808,23.831,23.816,23.831,23.816,23.831,23.808,23.816,23.838,23.838,23.854,23.854,23.884,23.861,23.899,23.838,23.8,23.808,23.808,23.808,23.823,23.831,23.823,23.8,23.8,23.838,23.8,23.854,23.823,23.831,23.854,23.831,23.823,23.823,23.823,23.816,23.8,23.831,23.854,23.884,23.854,23.793,23.816,23.808,23.793,23.816,23.808,23.808,23.8,23.762,23.793,23.77,23.777,23.8,23.8,23.831,23.816,23.823,23.846,23.846,23.854,23.846,23.831,23.816,23.816,23.816,23.823,23.831,23.838,23.861,23.831,23.846,23.877,23.861,23.869,23.861,23.877,23.869,23.877,23.869,23.877,23.854,23.877,23.884,23.846,23.861,23.899,23.93,23.938,23.854,23.846,23.861,23.846,23.838,23.877,23.877,23.892,23.877,23.877,23.877,23.861,23.877,23.869,23.892,23.892,23.907,23.899,23.907,23.915,23.907,23.915,23.884,23.877,23.899,23.899,23.922,23.938,23.938,23.93,23.907,23.892,23.892,23.899,23.899,23.907,23.93,23.938,23.96,23.953,23.96,23.938,23.945,23.922,23.922,23.922,23.922,23.915,23.907,23.915,23.915,23.907,23.899,23.899,23.907,23.899,23.907,23.907,23.907,23.899,23.922,23.892,23.899,23.899,23.907,23.922,23.915,23.938,23.938,23.93,23.915,23.899,23.915,23.892,23.907,23.922,23.915,23.93,23.922,23.922,23.915,23.915,23.915,23.915,23.93,23.93,23.93,23.945,23.922,23.915,23.922,23.915,23.915,23.907,23.884,23.915,23.93,23.892,23.915,23.922,23.915,23.922,23.93,23.938,23.938,23.938,23.938,23.93,23.938,23.93,23.922,23.938,23.922,23.93,23.922,23.93,23.93,23.93,23.922,23.915,23.915,23.922,23.93,23.938,23.938,23.922,23.915,23.922,23.915,23.915,23.915,23.899,23.869,23.884,23.884,23.884,23.892,23.892,23.892,23.884,23.869,23.869,23.899,23.892,23.915,23.899,23.907,23.892,23.892,23.877,23.869,23.869,23.877,23.884,23.899,23.907,23.899,23.884,23.869,23.892,23.892,23.907,23.907,23.907,23.892,23.892,23.869,23.854,23.838,23.838,23.846,23.846,23.861,23.861,23.861,23.854,23.884,23.854,23.869,23.861,23.877,23.899,23.907,23.907,23.922,23.915,23.899,23.892,23.899,23.899,23.892,23.892,23.892,23.892,23.892,23.892,23.884,23.884,23.884,23.869,23.899,23.907,23.907,23.907,23.907,23.915,23.922,23.915,23.915,23.915,23.892,23.915,23.892,23.907,23.953,23.899,23.922,23.915,23.884,23.877,23.877,23.877,23.892,23.892,23.907,23.915,23.915,23.915,23.907,23.907,23.892,23.93,23.915,23.922,23.915,23.892,23.884,23.892,23.899,23.899,23.892,23.899,23.899,23.907,23.899,23.915,23.915,23.915,23.922,23.938,23.93,23.945,23.93,23.922,23.915,23.892,23.892,23.907,23.884,23.892,23.892,23.899,23.884,23.892,23.892,23.892,23.899,23.899,23.892,23.884,23.884,23.869,23.877,23.877,23.854,23.846,23.854,23.869,23.869,23.854,23.884,23.861,23.877,23.869,23.877,23.861,23.846,23.846,23.823,23.831,23.808,23.823,23.823,23.823,23.831,23.846,23.861,23.861,23.877,23.861,23.861,23.838,23.838,23.838,23.854,23.861,23.861,23.854,23.869,23.846,23.846,23.877,23.899,23.877,23.884,23.854,23.831,23.816,23.816,23.808,23.823,23.831,23.831,23.838,23.846,23.854,23.861,23.846,23.838,23.823,23.846,23.823,23.846,23.846,23.838,23.831,23.831,23.838,23.831,23.823,23.823,23.8,23.823,23.831,23.846,23.854,23.884,23.884,23.884,23.877,23.884,23.884,23.877,23.877,23.877,23.877,23.869,23.869,23.884,23.892,23.869,23.869,23.854,23.861,23.877,23.884,23.877,23.899,23.884,23.869,23.892,23.877,23.877,23.869,23.854,23.838,23.854,23.838,23.838,23.846,23.838,23.869,23.869,23.892,23.899,23.907,23.877,23.877,23.854,23.861,23.838,23.846,23.831,23.838,23.823,23.823,23.831,23.838,23.846,23.823,23.823,23.831,23.808,23.816,23.808,23.777,23.793,23.77,23.785,23.785,23.785,23.785,23.793,23.777,23.808,23.823,23.808,23.785,23.777,23.793,23.793,23.808,23.816,23.831,23.8,23.8,23.785,23.77,23.739,23.77,23.747,23.739,23.724,23.777,23.739,23.724,23.724,23.739,23.755,23.755,23.747,23.755,23.716,23.755,23.762,23.762,23.747,23.747,23.716,23.747,23.747,23.755,23.777,23.77,23.739,23.747,23.724,23.739,23.739,23.747,23.739,23.777,23.709,23.701,23.678,23.693,23.678,23.701,23.709,23.755,23.716,23.724,23.724,23.747,23.755,23.732,23.709,23.709,23.709,23.716,23.716,23.686,23.686,23.693,23.709,23.724,23.739,23.755,23.755,23.716,23.739,23.732,23.732,23.709,23.709,23.747,23.709,23.678,23.678,23.693,23.701,23.709,23.716,23.709,23.732,23.709,23.732,23.701,23.732,23.701,23.701,23.693,23.671,23.663,23.655,23.671,23.678,23.686,23.693,23.701,23.686,23.701,23.716,23.686,23.686,23.678,23.678,23.663,23.686,23.693,23.701,23.655,23.693,23.663,23.625,23.632,23.655,23.648,23.663,23.663,23.648
,23.793,23.823,23.808,23.8,23.823,23.808,23.816,23.816,23.808,23.823,23.831,23.816,23.808,23.831,23.816,23.823,23.8,23.838,23.831,23.861,23.869,23.838,23.877,23.846,23.854,23.831,23.816,23.793,23.808,23.831,23.838,23.793,23.831,23.823,23.823,23.816,23.8,23.838,23.831,23.823,23.861,23.846,23.831,23.892,23.846,23.823,23.816,23.831,23.808,23.785,23.816,23.785,23.816,23.816,23.808,23.808,23.823,23.785,23.785,23.77,23.8,23.777,23.854,23.785,23.8,23.823,23.816,23.846,23.854,23.861,23.861,23.846,23.838,23.831,23.831,23.838,23.846,23.854,23.846,23.861,23.854,23.846,23.861,23.854,23.861,23.854,23.877,23.884,23.861,23.892,23.915,23.861,23.831,23.877,23.808,23.884,23.892,23.892,23.892,23.869,23.854,23.869,23.854,23.861,23.877,23.892,23.915,23.907,23.907,23.877,23.884,23.899,23.899,23.907,23.899,23.907,23.892,23.922,23.938,23.922,23.907,23.884,23.915,23.877,23.922,23.93,23.922,23.922,23.915,23.892,23.899,23.884,23.892,23.907,23.915,23.922,23.93,23.938,23.938,23.953,23.953,23.915,23.915,23.907,23.93,23.907,23.892,23.915,23.907,23.922,23.899,23.915,23.907,23.915,23.907,23.899,23.899,23.899,23.899,23.877,23.907,23.907,23.915,23.915,23.93,23.938,23.938,23.945,23.938,23.93,23.899,23.877,23.915,23.892,23.922,23.93,23.915,23.922,23.938,23.93,23.922,23.915,23.922,23.938,23.953,23.945,23.93,23.938,23.93,23.915,23.922,23.907,23.907,23.884,23.907,23.907,23.93,23.915,23.915,23.907,23.899,23.93,23.922,23.93,23.945,23.93,23.938,23.93,23.922,23.915,23.915,23.915,23.938,23.945,23.945,23.938,23.915,23.907,23.899,23.907,23.915,23.93,23.938,23.938,23.938,23.907,23.915,23.915,23.907,23.907,23.892,23.884,23.877,23.877,23.899,23.892,23.892,23.892,23.877,23.884,23.892,23.907,23.922,23.93,23.907,23.915,23.899,23.899,23.884,23.877,23.884,23.884,23.899,23.907,23.877,23.892,23.892,23.869,23.877,23.899,23.915,23.915,23.899,23.899,23.884,23.877,23.846,23.854,23.838,23.838,23.854,23.854,23.869,23.869,23.869,23.884,23.869,23.861,23.846,23.861,23.884,23.899,23.907,23.915,23.892,23.892,23.884,23.884,23.892,23.892,23.899,23.884,23.884,23.892,23.899,23.899,23.877,23.877,23.877,23.892,23.907,23.915,23.915,23.922,23.907,23.907,23.922,23.922,23.922,23.922,23.915,23.915,23.938,23.93,23.915,23.915,23.915,23.892,23.884,23.884,23.892,23.884,23.899,23.915,23.922,23.922,23.93,23.907,23.922,23.907,23.93,23.922,23.922,23.93,23.907,23.899,23.899,23.907,23.892,23.907,23.892,23.899,23.907,23.907,23.907,23.922,23.915,23.915,23.945,23.938,23.938,23.938,23.93,23.915,23.884,23.892,23.892,23.899,23.892,23.884,23.892,23.907,23.899,23.922,23.907,23.899,23.915,23.899,23.877,23.884,23.884,23.877,23.861,23.877,23.854,23.861,23.884,23.869,23.869,23.884,23.877,23.869,23.869,23.869,23.861,23.854,23.869,23.823,23.808,23.816,23.831,23.823,23.823,23.831,23.846,23.869,23.869,23.869,23.869,23.846,23.846,23.838,23.838,23.854,23.861,23.861,23.831,23.846,23.846,23.854,23.846,23.877,23.861,23.861,23.854,23.831,23.816,23.816,23.8,23.808,23.838,23.823,23.838,23.854,23.854,23.854,23.877,23.816,23.846,23.823,23.854,23.846,23.846,23.838,23.831,23.823,23.831,23.838,23.846,23.846,23.823,23.838,23.838,23.854,23.861,23.869,23.892,23.892,23.892,23.884,23.877,23.877,23.869,23.884,23.877,23.892,23.884,23.884,23.884,23.877,23.869,23.861,23.838,23.869,23.877,23.861,23.892,23.877,23.892,23.877,23.877,23.877,23.869,23.854,23.884,23.846,23.831,23.838,23.861,23.861,23.869,23.869,23.869,23.892,23.892,23.877,23.861,23.854,23.831,23.838,23.816,23.816,23.816,23.838,23.823,23.823,23.823,23.838,23.831,23.831,23.831,23.823,23.831,23.793,23.785,23.777,23.785,23.785,23.785,23.793,23.785,23.793,23.785,23.816,23.793,23.777,23.77,23.785,23.808,23.823,23.831,23.831,23.838,23.831,23.8,23.762,23.762,23.762,23.739,23.762,23.739,23.747,23.762,23.732,23.732,23.732,23.716,23.793,23.739,23.762,23.762,23.755,23.762,23.747,23.755,23.747,23.755,23.762,23.77,23.755,23.77,23.777,23.785,23.77,23.762,23.739,23.732,23.747,23.762,23.762,23.785,23.732,23.716,23.701,23.663,23.678,23.693,23.678,23.724,23.716,23.739,23.747,23.747,23.732,23.732,23.716,23.716,23.709,23.709,23.701,23.686,23.693,23.701,23.716,23.747,23.724,23.747,23.747,23.739,23.739,23.716,23.716,23.701,23.732,23.747,23.747,23.747,23.724,23.693,23.701,23.678,23.724,23.709,23.762,23.739,23.747,23.732,23.693,23.709,23.716,23.693,23.678,23.671,23.663,23.678,23.716,23.678,23.724,23.716,23.732,23.716,23.716,23.716,23.663,23.701,23.693,23.678,23.686,23.678,23.701,23.716,23.709,23.678,23.64,23.663,23.686,23.663,23.648,23.632,23.617
,23.816,23.8,23.808,23.793,23.793,23.816,23.808,23.785,23.816,23.8,23.808,23.823,23.816,23.846,23.838,23.808,23.793,23.823,23.823,23.8,23.846,23.838,23.892,23.854,23.854,23.854,23.816,23.8,23.777,23.808,23.816,23.816,23.816,23.793,23.808,23.808,23.808,23.808,23.823,23.838,23.823,23.762,23.8,23.838,23.823,23.823,23.846,23.831,23.838,23.823,23.808,23.8,23.8,23.8,23.808,23.785,23.808,23.808,23.777,23.8,23.762,23.793,23.777,23.785,23.8,23.785,23.816,23.831,23.854,23.854,23.869,23.854,23.838,23.838,23.838,23.838,23.854,23.838,23.831,23.846,23.861,23.838,23.854,23.854,23.854,23.869,23.823,23.877,23.884,23.892,23.907,23.869,23.899,23.861,23.846,23.877,23.899,23.877,23.877,23.861,23.869,23.846,23.854,23.861,23.877,23.861,23.869,23.899,23.831,23.816,23.869,23.915,23.922,23.915,23.884,23.907,23.938,23.907,23.915,23.915,23.899,23.915,23.877,23.869,23.907,23.899,23.915,23.915,23.907,23.869,23.861,23.884,23.884,23.899,23.915,23.907,23.93,23.915,23.915,23.93,23.899,23.945,23.915,23.907,23.899,23.877,23.877,23.899,23.884,23.899,23.892,23.892,23.892,23.892,23.877,23.884,23.877,23.877,23.892,23.922,23.892,23.915,23.915,23.907,23.93,23.938,23.938,23.938,23.938,23.93,23.899,23.907,23.884,23.899,23.907,23.915,23.938,23.93,23.93,23.93,23.915,23.938,23.922,23.938,23.945,23.93,23.93,23.922,23.93,23.938,23.907,23.907,23.899,23.892,23.892,23.915,23.899,23.907,23.915,23.899,23.899,23.915,23.915,23.922,23.922,23.93,23.915,23.922,23.907,23.922,23.907,23.915,23.938,23.93,23.922,23.938,23.93,23.915,23.907,23.899,23.907,23.922,23.93,23.938,23.922,23.922,23.907,23.907,23.899,23.907,23.899,23.884,23.877,23.892,23.899,23.907,23.899,23.884,23.884,23.877,23.884,23.884,23.907,23.869,23.915,23.915,23.899,23.899,23.892,23.884,23.892,23.892,23.884,23.915,23.892,23.884,23.899,23.877,23.869,23.884,23.892,23.915,23.915,23.892,23.877,23.869,23.838,23.854,23.846,23.846,23.846,23.861,23.861,23.869,23.861,23.861,23.854,23.861,23.854,23.854,23.877,23.907,23.922,23.922,23.907,23.907,23.892,23.884,23.877,23.884,23.892,23.907,23.892,23.899,23.907,23.884,23.899,23.892,23.884,23.892,23.907,23.907,23.907,23.915,23.907,23.915,23.922,23.899,23.922,23.922,23.93,23.93,23.922,23.922,23.93,23.922,23.907,23.899,23.892,23.884,23.892,23.907,23.907,23.922,23.922,23.915,23.922,23.907,23.915,23.884,23.892,23.915,23.907,23.922,23.899,23.922,23.892,23.892,23.907,23.899,23.899,23.899,23.915,23.907,23.915,23.915,23.93,23.922,23.922,23.945,23.93,23.93,23.922,23.915,23.922,23.915,23.907,23.899,23.892,23.884,23.884,23.877,23.907,23.915,23.899,23.907,23.899,23.899,23.892,23.899,23.899,23.884,23.877,23.854,23.846,23.854,23.877,23.884,23.877,23.854,23.869,23.869,23.877,23.884,23.854,23.854,23.846,23.838,23.831,23.831,23.816,23.831,23.831,23.846,23.846,23.854,23.869,23.869,23.869,23.854,23.838,23.838,23.854,23.854,23.861,23.861,23.854,23.838,23.854,23.854,23.861,23.869,23.854,23.846,23.846,23.831,23.823,23.816,23.808,23.808,23.808,23.831,23.831,23.846,23.854,23.861,23.861,23.838,23.831,23.831,23.831,23.838,23.831,23.846,23.823,23.831,23.823,23.838,23.846,23.838,23.846,23.846,23.838,23.816,23.846,23.884,23.892,23.877,23.884,23.877,23.884,23.877,23.861,23.869,23.869,23.877,23.892,23.877,23.884,23.877,23.877,23.854,23.846,23.854,23.861,23.869,23.884,23.877,23.854,23.869,23.861,23.869,23.884,23.877,23.869,23.861,23.846,23.854,23.854,23.846,23.861,23.869,23.899,23.915,23.899,23.892,23.861,23.846,23.861,23.838,23.831,23.808,23.831,23.831,23.823,23.831,23.823,23.831,23.838,23.838,23.831,23.831,23.823,23.816,23.808,23.793,23.785,23.777,23.793,23.793,23.785,23.808,23.777,23.777,23.8,23.739,23.777,23.793,23.785,23.8,23.823,23.816,23.8,23.77,23.785,23.762,23.762,23.762,23.739,23.716,23.739,23.739,23.716,23.732,23.732,23.724,23.739,23.739,23.709,23.77,23.785,23.739,23.77,23.739,23.739,23.77,23.77,23.747,23.777,23.762,23.755,23.777,23.762,23.77,23.747,23.739,23.732,23.739,23.732,23.739,23.747,23.762,23.701,23.724,23.693,23.709,23.732,23.724,23.686,23.724,23.747,23.732,23.739,23.732,23.732,23.724,23.716,23.716,23.716,23.671,23.686,23.693,23.709,23.724,23.747,23.755,23.747,23.747,23.739,23.739,23.732,23.739,23.739,23.709,23.701,23.709,23.701,23.709,23.709,23.693,23.716,23.709,23.747,23.739,23.739,23.755,23.724,23.716,23.709,23.701,23.701,23.678,23.686,23.686,23.655,23.571,23.747,23.747,23.709,23.739,23.716,23.678,23.701,23.716,23.701,23.693,23.678,23.671,23.686,23.701,23.716,23.701,23.648,23.671,23.678,23.655,23.655,23.655,23.648,23.64
,23.77,23.8,23.793,23.816,23.8,23.793,23.8,23.793,23.8,23.808,23.8,23.831,23.823,23.838,23.8,23.8,23.785,23.793,23.785,23.793,23.823,23.838,23.831,23.838,23.838,23.816,23.808,23.823,23.808,23.793,23.831,23.831,23.816,23.793,23.793,23.793,23.8,23.816,23.838,23.816,23.861,23.838,23.816,23.892,23.831,23.838,23.823,23.816,23.823,23.831,23.823,23.831,23.808,23.8,23.808,23.785,23.816,23.785,23.8,23.808,23.816,23.831,23.816,23.831,23.854,23.846,23.831,23.854,23.869,23.861,23.869,23.854,23.838,23.861,23.854,23.846,23.854,23.861,23.861,23.854,23.838,23.861,23.846,23.854,23.869,23.854,23.869,23.892,23.861,23.907,23.884,23.877,23.869,23.861,23.861,23.877,23.869,23.899,23.884,23.877,23.869,23.861,23.869,23.877,23.938,23.884,23.892,23.892,23.877,23.892,23.877,23.907,23.884,23.907,23.945,23.922,23.915,23.945,23.938,23.938,23.945,23.93,23.899,23.892,23.892,23.884,23.907,23.93,23.922,23.869,23.854,23.877,23.877,23.892,23.899,23.892,23.922,23.922,23.93,23.899,23.907,23.93,23.915,23.899,23.884,23.892,23.907,23.922,23.915,23.93,23.892,23.892,23.892,23.915,23.892,23.892,23.846,23.869,23.892,23.892,23.922,23.915,23.899,23.915,23.922,23.93,23.945,23.93,23.922,23.938,23.922,23.93,23.899,23.907,23.915,23.938,23.93,23.93,23.93,23.93,23.953,23.96,23.938,23.953,23.938,23.93,23.922,23.93,23.93,23.93,23.915,23.892,23.884,23.884,23.892,23.915,23.915,23.907,23.915,23.915,23.922,23.915,23.938,23.93,23.93,23.93,23.922,23.915,23.938,23.922,23.953,23.93,23.96,23.953,23.915,23.938,23.922,23.915,23.922,23.922,23.922,23.93,23.922,23.922,23.922,23.907,23.899,23.907,23.899,23.899,23.892,23.884,23.892,23.899,23.907,23.907,23.915,23.899,23.892,23.884,23.884,23.915,23.907,23.907,23.877,23.892,23.907,23.907,23.892,23.884,23.892,23.892,23.892,23.899,23.907,23.915,23.907,23.877,23.884,23.915,23.915,23.899,23.922,23.907,23.899,23.907,23.884,23.846,23.854,23.854,23.854,23.869,23.869,23.877,23.884,23.861,23.861,23.869,23.869,23.869,23.884,23.899,23.892,23.922,23.915,23.899,23.884,23.884,23.892,23.899,23.907,23.907,23.922,23.884,23.899,23.892,23.884,23.899,23.907,23.907,23.907,23.892,23.907,23.915,23.915,23.907,23.93,23.93,23.922,23.945,23.938,23.93,23.938,23.93,23.945,23.945,23.93,23.922,23.915,23.915,23.915,23.915,23.922,23.93,23.922,23.922,23.93,23.93,23.93,23.938,23.922,23.922,23.922,23.907,23.922,23.899,23.899,23.899,23.899,23.907,23.892,23.907,23.915,23.922,23.922,23.945,23.938,23.93,23.953,23.945,23.93,23.93,23.922,23.915,23.915,23.922,23.915,23.907,23.884,23.892,23.892,23.899,23.892,23.922,23.922,23.922,23.884,23.899,23.907,23.892,23.907,23.884,23.877,23.869,23.884,23.869,23.884,23.884,23.892,23.884,23.877,23.869,23.869,23.877,23.877,23.869,23.861,23.854,23.884,23.869,23.838,23.831,23.846,23.831,23.854,23.884,23.884,23.869,23.861,23.846,23.846,23.846,23.854,23.869,23.869,23.861,23.854,23.831,23.838,23.846,23.846,23.854,23.846,23.854,23.846,23.823,23.823,23.816,23.816,23.823,23.808,23.816,23.831,23.854,23.869,23.861,23.884,23.838,23.823,23.846,23.831,23.838,23.846,23.838,23.838,23.846,23.831,23.838,23.854,23.846,23.854,23.854,23.838,23.854,23.854,23.877,23.877,23.892,23.884,23.892,23.884,23.877,23.869,23.861,23.861,23.861,23.884,23.869,23.877,23.869,23.854,23.869,23.838,23.846,23.877,23.861,23.877,23.877,23.854,23.869,23.861,23.861,23.877,23.869,23.869,23.869,23.877,23.854,23.846,23.854,23.861,23.869,23.884,23.899,23.899,23.884,23.877,23.838,23.838,23.831,23.838,23.816,23.816,23.823,23.823,23.838,23.823,23.823,23.854,23.823,23.831,23.846,23.831,23.816,23.816,23.793,23.77,23.777,23.785,23.785,23.793,23.785,23.793,23.762,23.77,23.732,23.785,23.77,23.793,23.808,23.838,23.838,23.8,23.785,23.785,23.77,23.755,23.762,23.762,23.755,23.724,23.709,23.732,23.732,23.716,23.724,23.716,23.762,23.77,23.755,23.77,23.762,23.785,23.77,23.762,23.755,23.747,23.747,23.732,23.77,23.732,23.77,23.77,23.762,23.747,23.755,23.747,23.747,23.724,23.739,23.724,23.732,23.732,23.739,23.701,23.762,23.739,23.755,23.762,23.739,23.732,23.716,23.716,23.724,23.709,23.693,23.732,23.709,23.709,23.701,23.701,23.724,23.716,23.716,23.755,23.747,23.747,23.739,23.747,23.739,23.732,23.716,23.716,23.739,23.785,23.732,23.77,23.747,23.709,23.701,23.709,23.716,23.739,23.739,23.755,23.739,23.732,23.747,23.747,23.724,23.716,23.709,23.678,23.686,23.625,23.701,23.709,23.755,23.739,23.716,23.686,23.693,23.693,23.701,23.709,23.648,23.648,23.678,23.701,23.678,23.724,23.701,23.693,23.686,23.693,23.693,23.671,23.64,23.632,23.632
,23.762,23.808,23.823,23.785,23.785,23.823,23.793,23.777,23.8,23.823,23.838,23.823,23.854,23.8,23.831,23.816,23.816,23.793,23.785,23.823,23.861,23.823,23.831,23.831,23.816,23.793,23.831,23.838,23.762,23.739,23.785,23.816,23.823,23.8,23.777,23.793,23.785,23.8,23.831,23.785,23.838,23.8,23.823,23.823,23.831,23.831,23.823,23.831,23.838,23.838,23.831,23.816,23.823,23.831,23.808,23.816,23.808,23.785,23.785,23.831,23.8,23.823,23.838,23.831,23.846,23.854,23.838,23.884,23.869,23.861,23.861,23.846,23.831,23.854,23.838,23.854,23.854,23.854,23.854,23.838,23.823,23.823,23.838,23.854,23.869,23.869,23.877,23.869,23.899,23.884,23.899,23.884,23.884,23.877,23.884,23.884,23.884,23.877,23.884,23.877,23.869,23.869,23.861,23.884,23.892,23.884,23.869,23.884,23.869,23.892,23.915,23.922,23.892,23.907,23.915,23.907,23.938,23.915,23.93,23.915,23.922,23.915,23.907,23.899,23.884,23.892,23.907,23.892,23.884,23.877,23.877,23.884,23.877,23.899,23.884,23.892,23.892,23.922,23.892,23.93,23.907,23.899,23.892,23.899,23.877,23.884,23.892,23.907,23.884,23.877,23.884,23.892,23.892,23.899,23.899,23.869,23.892,23.884,23.892,23.899,23.922,23.915,23.922,23.93,23.93,23.922,23.938,23.915,23.938,23.938,23.922,23.922,23.907,23.922,23.93,23.93,23.93,23.93,23.922,23.945,23.945,23.907,23.938,23.938,23.938,23.915,23.93,23.945,23.915,23.938,23.899,23.884,23.884,23.892,23.892,23.907,23.907,23.93,23.922,23.922,23.915,23.922,23.93,23.968,23.96,23.922,23.922,23.938,23.93,23.945,23.96,23.968,23.93,23.96,23.945,23.93,23.922,23.93,23.938,23.93,23.93,23.922,23.915,23.915,23.907,23.899,23.899,23.899,23.899,23.892,23.892,23.884,23.892,23.892,23.899,23.915,23.907,23.915,23.907,23.915,23.907,23.899,23.892,23.877,23.899,23.877,23.899,23.892,23.884,23.884,23.892,23.884,23.892,23.884,23.892,23.907,23.907,23.892,23.877,23.869,23.892,23.877,23.922,23.899,23.907,23.899,23.884,23.884,23.861,23.854,23.854,23.884,23.884,23.884,23.877,23.877,23.877,23.861,23.861,23.854,23.877,23.899,23.922,23.907,23.907,23.892,23.892,23.884,23.877,23.884,23.892,23.907,23.892,23.915,23.892,23.884,23.877,23.892,23.892,23.892,23.907,23.907,23.899,23.915,23.938,23.922,23.938,23.945,23.945,23.945,23.938,23.953,23.945,23.945,23.938,23.945,23.93,23.945,23.93,23.938,23.938,23.93,23.93,23.922,23.922,23.93,23.922,23.945,23.922,23.945,23.922,23.907,23.922,23.938,23.922,23.915,23.892,23.884,23.892,23.907,23.907,23.915,23.915,23.915,23.922,23.938,23.938,23.938,23.96,23.938,23.953,23.93,23.915,23.922,23.915,23.93,23.922,23.915,23.915,23.892,23.899,23.899,23.907,23.907,23.93,23.907,23.892,23.892,23.922,23.892,23.907,23.907,23.884,23.892,23.892,23.884,23.892,23.877,23.877,23.877,23.854,23.869,23.869,23.861,23.854,23.869,23.869,23.884,23.854,23.861,23.854,23.854,23.861,23.869,23.846,23.877,23.861,23.861,23.854,23.846,23.846,23.846,23.861,23.869,23.877,23.854,23.846,23.838,23.831,23.831,23.838,23.838,23.838,23.838,23.823,23.823,23.816,23.816,23.816,23.808,23.838,23.808,23.823,23.846,23.869,23.892,23.892,23.854,23.838,23.854,23.823,23.838,23.823,23.831,23.816,23.831,23.838,23.838,23.854,23.861,23.854,23.861,23.854,23.846,23.838,23.861,23.861,23.884,23.884,23.877,23.877,23.869,23.869,23.861,23.854,23.854,23.854,23.869,23.869,23.869,23.869,23.854,23.838,23.861,23.854,23.877,23.884,23.877,23.877,23.892,23.838,23.869,23.869,23.884,23.892,23.884,23.877,23.854,23.846,23.846,23.861,23.869,23.877,23.892,23.892,23.877,23.861,23.838,23.831,23.838,23.846,23.823,23.823,23.823,23.823,23.823,23.823,23.816,23.838,23.831,23.838,23.846,23.838,23.816,23.816,23.808,23.8,23.793,23.785,23.785,23.77,23.785,23.762,23.755,23.793,23.762,23.785,23.785,23.793,23.8,23.831,23.838,23.816,23.808,23.777,23.77,23.77,23.762,23.77,23.755,23.739,23.739,23.739,23.732,23.732,23.732,23.739,23.724,23.747,23.777,23.762,23.777,23.77,23.77,23.762,23.747,23.762,23.732,23.739,23.739,23.747,23.747,23.755,23.755,23.762,23.755,23.755,23.747,23.724,23.732,23.724,23.716,23.716,23.747,23.732,23.8,23.732,23.739,23.739,23.747,23.747,23.747,23.716,23.716,23.724,23.724,23.709,23.716,23.716,23.701,23.724,23.701,23.716,23.739,23.732,23.747,23.747,23.762,23.732,23.724,23.701,23.716,23.732,23.693,23.724,23.762,23.724,23.739,23.724,23.701,23.724,23.716,23.732,23.77,23.716,23.709,23.77,23.732,23.762,23.716,23.724,23.709,23.693,23.716,23.686,23.693,23.755,23.777,23.686,23.678,23.678,23.701,23.693,23.716,23.686,23.701,23.739,23.663,23.671,23.732,23.655,23.709,23.686,23.716,23.686,23.686,23.671,23.648,23.632,23.632
,23.762,23.747,23.808,23.777,23.8,23.793,23.816,23.816,23.816,23.816,23.838,23.816,23.816,23.846,23.823,23.823,23.8,23.808,23.816,23.808,23.838,23.846,23.831,23.793,23.823,23.831,23.831,23.823,23.8,23.808,23.8,23.793,23.823,23.785,23.777,23.8,23.793,23.808,23.816,23.77,23.831,23.823,23.838,23.854,23.823,23.823,23.838,23.831,23.846,23.846,23.838,23.831,23.831,23.831,23.823,23.793,23.793,23.8,23.8,23.838,23.816,23.831,23.846,23.846,23.861,23.861,23.846,23.892,23.861,23.846,23.846,23.846,23.838,23.854,23.846,23.846,23.846,23.838,23.831,23.838,23.838,23.846,23.831,23.861,23.861,23.884,23.861,23.892,23.869,23.877,23.869,23.884,23.861,23.869,23.877,23.877,23.892,23.884,23.869,23.884,23.869,23.869,23.884,23.899,23.884,23.892,23.869,23.877,23.869,23.892,23.892,23.899,23.884,23.892,23.907,23.922,23.907,23.907,23.899,23.899,23.915,23.915,23.899,23.899,23.892,23.892,23.884,23.869,23.877,23.846,23.884,23.861,23.892,23.877,23.877,23.877,23.899,23.907,23.915,23.907,23.907,23.915,23.884,23.899,23.93,23.899,23.915,23.907,23.938,23.938,23.877,23.884,23.877,23.884,23.899,23.892,23.877,23.884,23.892,23.892,23.899,23.915,23.922,23.922,23.907,23.915,23.907,23.93,23.915,23.938,23.93,23.922,23.915,23.922,23.938,23.922,23.93,23.922,23.93,23.93,23.945,23.976,23.953,23.93,23.93,23.93,23.922,23.922,23.915,23.907,23.922,23.892,23.907,23.899,23.899,23.907,23.915,23.93,23.938,23.922,23.922,23.93,23.93,23.953,23.915,23.938,23.938,23.953,23.945,23.968,23.968,23.96,23.945,23.922,23.915,23.922,23.93,23.953,23.945,23.938,23.93,23.93,23.922,23.915,23.907,23.899,23.892,23.899,23.907,23.907,23.899,23.892,23.892,23.899,23.907,23.922,23.922,23.915,23.922,23.915,23.899,23.899,23.884,23.884,23.877,23.884,23.877,23.892,23.884,23.877,23.877,23.877,23.884,23.907,23.907,23.899,23.899,23.892,23.869,23.869,23.854,23.899,23.907,23.93,23.907,23.907,23.899,23.861,23.861,23.861,23.869,23.884,23.884,23.884,23.892,23.869,23.884,23.861,23.877,23.884,23.884,23.907,23.907,23.922,23.915,23.892,23.884,23.884,23.877,23.892,23.892,23.892,23.922,23.899,23.892,23.869,23.899,23.884,23.884,23.922,23.899,23.892,23.899,23.922,23.922,23.907,23.938,23.938,23.922,23.945,23.945,23.938,23.953,23.938,23.945,23.93,23.945,23.938,23.93,23.938,23.93,23.93,23.938,23.93,23.922,23.93,23.938,23.938,23.945,23.953,23.945,23.953,23.945,23.953,23.922,23.907,23.907,23.877,23.915,23.922,23.938,23.938,23.93,23.945,23.938,23.938,23.945,23.938,23.945,23.945,23.945,23.968,23.93,23.93,23.922,23.938,23.93,23.93,23.922,23.907,23.907,23.915,23.938,23.938,23.915,23.93,23.907,23.907,23.907,23.899,23.899,23.892,23.892,23.892,23.907,23.892,23.884,23.884,23.884,23.861,23.861,23.861,23.854,23.869,23.854,23.854,23.854,23.861,23.869,23.877,23.877,23.869,23.884,23.892,23.899,23.877,23.869,23.854,23.854,23.846,23.846,23.854,23.877,23.877,23.869,23.877,23.884,23.854,23.838,23.846,23.831,23.831,23.831,23.831,23.831,23.831,23.831,23.823,23.831,23.823,23.816,23.831,23.854,23.838,23.869,23.869,23.877,23.854,23.838,23.831,23.816,23.816,23.823,23.831,23.846,23.838,23.854,23.838,23.861,23.854,23.869,23.854,23.854,23.854,23.846,23.846,23.861,23.899,23.892,23.884,23.884,23.869,23.861,23.854,23.854,23.838,23.838,23.861,23.854,23.877,23.877,23.861,23.877,23.869,23.861,23.877,23.884,23.877,23.869,23.884,23.861,23.892,23.884,23.869,23.869,23.861,23.854,23.869,23.861,23.838,23.861,23.869,23.884,23.892,23.899,23.915,23.846,23.854,23.846,23.846,23.854,23.846,23.831,23.846,23.838,23.838,23.831,23.831,23.831,23.846,23.831,23.838,23.846,23.831,23.846,23.808,23.808,23.8,23.785,23.785,23.777,23.762,23.785,23.785,23.762,23.777,23.785,23.785,23.777,23.808,23.823,23.831,23.793,23.793,23.793,23.755,23.77,23.777,23.762,23.755,23.762,23.724,23.693,23.732,23.724,23.716,23.739,23.739,23.739,23.77,23.785,23.785,23.777,23.77,23.762,23.755,23.739,23.732,23.732,23.747,23.762,23.716,23.739,23.747,23.755,23.755,23.762,23.755,23.747,23.739,23.709,23.701,23.739,23.709,23.755,23.762,23.785,23.762,23.762,23.747,23.739,23.755,23.709,23.716,23.724,23.709,23.732,23.709,23.693,23.716,23.709,23.724,23.716,23.709,23.732,23.739,23.747,23.739,23.747,23.732,23.747,23.693,23.709,23.724,23.716,23.739,23.77,23.77,23.724,23.701,23.709,23.701,23.709,23.747,23.762,23.762,23.762,23.747,23.755,23.732,23.709,23.678,23.671,23.655,23.686,23.709,23.716,23.732,23.671,23.693,23.648,23.686,23.709,23.716,23.671,23.709,23.732,23.716,23.739,23.709,23.663,23.693,23.663,23.663,23.678,23.663,23.648,23.632,23.625,23.64
,23.77,23.838,23.808,23.8,23.831,23.831,23.831,23.8,23.8,23.823,23.816,23.831,23.816,23.808,23.808,23.8,23.816,23.816,23.823,23.838,23.816,23.838,23.838,23.838,23.823,23.838,23.816,23.793,23.762,23.823,23.816,23.838,23.808,23.8,23.777,23.777,23.777,23.793,23.793,23.816,23.8,23.808,23.838,23.846,23.823,23.816,23.823,23.831,23.838,23.838,23.854,23.854,23.854,23.838,23.793,23.831,23.808,23.808,23.823,23.793,23.8,23.831,23.816,23.823,23.854,23.861,23.869,23.869,23.861,23.846,23.854,23.838,23.846,23.861,23.861,23.846,23.854,23.838,23.869,23.846,23.877,23.846,23.854,23.854,23.869,23.877,23.861,23.854,23.877,23.869,23.869,23.861,23.861,23.854,23.877,23.877,23.861,23.884,23.861,23.877,23.869,23.861,23.884,23.877,23.884,23.877,23.884,23.884,23.899,23.899,23.884,23.892,23.892,23.899,23.899,23.892,23.907,23.899,23.892,23.907,23.922,23.915,23.907,23.899,23.899,23.892,23.884,23.892,23.907,23.861,23.899,23.869,23.892,23.884,23.877,23.877,23.907,23.907,23.922,23.907,23.899,23.899,23.907,23.884,23.915,23.907,23.907,23.93,23.938,23.922,23.884,23.915,23.884,23.899,23.899,23.899,23.892,23.884,23.884,23.892,23.907,23.899,23.93,23.938,23.922,23.938,23.899,23.884,23.938,23.938,23.93,23.938,23.922,23.922,23.93,23.922,23.922,23.945,23.938,23.938,23.968,23.968,23.945,23.93,23.96,23.922,23.93,23.93,23.922,23.907,23.907,23.892,23.915,23.892,23.892,23.907,23.915,23.922,23.922,23.922,23.922,23.945,23.96,23.96,23.945,23.96,24.014,23.96,23.953,23.96,23.93,23.953,23.968,23.953,23.945,23.953,23.953,23.938,23.922,23.938,23.93,23.922,23.915,23.915,23.915,23.899,23.899,23.915,23.907,23.907,23.907,23.892,23.892,23.884,23.899,23.93,23.922,23.922,23.93,23.922,23.907,23.899,23.907,23.884,23.892,23.861,23.884,23.884,23.884,23.869,23.869,23.884,23.877,23.899,23.907,23.915,23.892,23.892,23.869,23.869,23.884,23.892,23.899,23.915,23.899,23.899,23.892,23.869,23.861,23.869,23.877,23.892,23.892,23.899,23.892,23.907,23.899,23.877,23.884,23.884,23.884,23.892,23.899,23.915,23.907,23.899,23.877,23.877,23.869,23.892,23.899,23.907,23.899,23.907,23.899,23.884,23.884,23.884,23.869,23.892,23.877,23.907,23.922,23.938,23.953,23.953,23.938,23.945,23.945,23.93,23.915,23.938,23.938,23.922,23.945,23.953,23.96,23.945,23.93,23.93,23.922,23.922,23.938,23.93,23.93,23.938,23.945,23.945,23.945,23.953,23.96,23.953,23.976,23.96,23.953,23.938,23.93,23.938,23.915,23.938,23.968,23.938,23.96,23.96,23.96,23.96,23.96,23.945,23.945,23.953,23.953,23.953,23.938,23.915,23.922,23.922,23.922,23.93,23.93,23.93,23.922,23.938,23.93,23.93,23.899,23.907,23.907,23.907,23.892,23.892,23.915,23.884,23.877,23.907,23.899,23.892,23.884,23.899,23.877,23.861,23.869,23.877,23.854,23.846,23.838,23.854,23.846,23.869,23.869,23.877,23.884,23.869,23.831,23.877,23.892,23.869,23.854,23.854,23.854,23.846,23.846,23.861,23.869,23.877,23.899,23.892,23.877,23.861,23.846,23.838,23.838,23.823,23.831,23.808,23.816,23.831,23.823,23.831,23.838,23.831,23.846,23.846,23.838,23.877,23.884,23.877,23.877,23.861,23.861,23.823,23.854,23.823,23.823,23.823,23.838,23.831,23.838,23.831,23.846,23.838,23.854,23.854,23.869,23.861,23.861,23.846,23.861,23.899,23.899,23.884,23.884,23.884,23.869,23.861,23.869,23.838,23.861,23.854,23.861,23.846,23.869,23.869,23.846,23.877,23.869,23.877,23.877,23.869,23.869,23.861,23.831,23.915,23.869,23.846,23.861,23.854,23.838,23.854,23.854,23.846,23.854,23.861,23.877,23.877,23.861,23.884,23.854,23.831,23.838,23.831,23.823,23.846,23.846,23.838,23.838,23.846,23.838,23.838,23.838,23.823,23.838,23.838,23.831,23.831,23.831,23.831,23.823,23.816,23.808,23.8,23.793,23.77,23.777,23.785,23.785,23.785,23.777,23.793,23.816,23.831,23.816,23.831,23.823,23.808,23.8,23.8,23.793,23.793,23.777,23.777,23.739,23.732,23.747,23.755,23.732,23.762,23.724,23.716,23.77,23.785,23.785,23.785,23.777,23.77,23.762,23.755,23.747,23.739,23.747,23.716,23.724,23.732,23.77,23.777,23.77,23.762,23.732,23.747,23.762,23.739,23.732,23.709,23.732,23.747,23.777,23.732,23.777,23.755,23.755,23.747,23.747,23.739,23.724,23.732,23.701,23.755,23.732,23.678,23.701,23.724,23.732,23.739,23.724,23.739,23.709,23.732,23.755,23.755,23.724,23.724,23.732,23.732,23.709,23.732,23.724,23.762,23.739,23.724,23.724,23.701,23.701,23.701,23.716,23.732,23.755,23.785,23.739,23.724,23.724,23.716,23.693,23.709,23.709,23.678,23.663,23.686,23.678,23.709,23.701,23.686,23.655,23.64,23.663,23.671,23.655,23.678,23.678,23.693,23.648,23.716,23.64,23.671,23.632,23.632,23.655,23.655,23.686,23.617,23.632,23.602
,23.838,23.755,23.777,23.846,23.838,23.846,23.854,23.831,23.831,23.793,23.831,23.816,23.816,23.8,23.816,23.808,23.793,23.838,23.831,23.869,23.816,23.831,23.831,23.831,23.831,23.816,23.808,23.785,23.8,23.8,23.838,23.838,23.816,23.823,23.785,23.785,23.785,23.8,23.8,23.808,23.808,23.823,23.823,23.816,23.823,23.816,23.831,23.831,23.831,23.861,23.854,23.854,23.869,23.846,23.838,23.854,23.831,23.816,23.823,23.831,23.785,23.831,23.823,23.846,23.846,23.854,23.861,23.846,23.831,23.846,23.846,23.861,23.877,23.838,23.869,23.861,23.854,23.869,23.838,23.846,23.838,23.838,23.823,23.846,23.899,23.838,23.869,23.884,23.869,23.877,23.869,23.861,23.846,23.869,23.884,23.869,23.877,23.884,23.869,23.861,23.869,23.869,23.869,23.877,23.884,23.892,23.869,23.884,23.892,23.854,23.892,23.884,23.884,23.892,23.899,23.892,23.877,23.892,23.884,23.907,23.915,23.922,23.899,23.899,23.884,23.892,23.907,23.899,23.869,23.884,23.922,23.899,23.899,23.899,23.892,23.877,23.899,23.907,23.907,23.907,23.915,23.899,23.884,23.884,23.915,23.915,23.899,23.915,23.922,23.892,23.915,23.899,23.892,23.899,23.899,23.899,23.907,23.907,23.899,23.899,23.907,23.899,23.938,23.938,23.93,23.93,23.922,23.93,23.938,23.93,23.93,23.915,23.922,23.915,23.907,23.922,23.922,23.938,23.945,23.953,23.96,23.93,23.922,23.945,23.907,23.922,23.945,23.922,23.907,23.899,23.907,23.899,23.899,23.892,23.892,23.907,23.899,23.907,23.915,23.93,23.945,23.93,23.945,23.968,23.976,23.96,23.968,23.953,23.945,23.945,23.93,23.922,23.953,23.93,23.945,23.915,23.945,23.945,23.938,23.915,23.922,23.907,23.93,23.907,23.899,23.892,23.899,23.915,23.915,23.915,23.907,23.899,23.907,23.907,23.892,23.915,23.915,23.922,23.93,23.922,23.899,23.93,23.892,23.892,23.884,23.869,23.884,23.869,23.877,23.877,23.877,23.884,23.899,23.907,23.907,23.899,23.892,23.869,23.861,23.861,23.884,23.877,23.899,23.884,23.899,23.907,23.877,23.869,23.877,23.884,23.877,23.892,23.892,23.907,23.915,23.907,23.899,23.899,23.884,23.892,23.892,23.899,23.907,23.899,23.907,23.892,23.892,23.884,23.861,23.877,23.899,23.899,23.907,23.899,23.884,23.884,23.899,23.884,23.899,23.899,23.907,23.922,23.922,23.938,23.945,23.938,23.953,23.938,23.938,23.93,23.922,23.922,23.93,23.922,23.953,23.953,23.953,23.938,23.93,23.93,23.922,23.93,23.938,23.938,23.945,23.938,23.953,23.945,23.96,23.945,23.96,23.968,23.976,23.968,23.953,23.93,23.945,23.976,23.953,23.945,23.953,23.96,23.953,23.945,23.945,23.968,23.968,23.945,23.976,23.96,23.968,23.953,23.945,23.922,23.907,23.93,23.93,23.93,23.945,23.945,23.945,23.953,23.938,23.938,23.915,23.899,23.884,23.915,23.93,23.884,23.877,23.907,23.899,23.915,23.899,23.869,23.869,23.877,23.877,23.869,23.869,23.846,23.846,23.861,23.846,23.846,23.854,23.854,23.877,23.877,23.884,23.892,23.869,23.892,23.816,23.877,23.869,23.861,23.846,23.854,23.861,23.861,23.877,23.884,23.892,23.877,23.861,23.877,23.869,23.869,23.838,23.808,23.816,23.816,23.816,23.823,23.816,23.823,23.846,23.831,23.838,23.838,23.831,23.877,23.869,23.884,23.877,23.869,23.846,23.846,23.831,23.838,23.823,23.831,23.823,23.854,23.846,23.846,23.854,23.854,23.854,23.869,23.861,23.861,23.869,23.877,23.854,23.869,23.892,23.892,23.877,23.877,23.877,23.884,23.854,23.877,23.861,23.846,23.869,23.877,23.892,23.877,23.861,23.869,23.861,23.854,23.869,23.854,23.869,23.869,23.884,23.899,23.884,23.869,23.877,23.854,23.854,23.869,23.823,23.854,23.831,23.861,23.869,23.877,23.854,23.869,23.846,23.823,23.838,23.823,23.838,23.846,23.838,23.854,23.846,23.838,23.846,23.838,23.838,23.838,23.846,23.831,23.838,23.846,23.838,23.831,23.823,23.831,23.823,23.831,23.816,23.793,23.793,23.793,23.785,23.777,23.8,23.8,23.823,23.823,23.831,23.816,23.8,23.8,23.831,23.8,23.8,23.816,23.747,23.777,23.77,23.747,23.747,23.739,23.732,23.739,23.724,23.755,23.747,23.785,23.793,23.785,23.785,23.77,23.747,23.755,23.739,23.739,23.747,23.739,23.747,23.747,23.777,23.785,23.785,23.785,23.777,23.777,23.747,23.747,23.755,23.724,23.716,23.716,23.724,23.762,23.755,23.755,23.755,23.739,23.762,23.739,23.747,23.724,23.732,23.716,23.693,23.686,23.693,23.732,23.747,23.739,23.724,23.724,23.732,23.739,23.762,23.747,23.724,23.739,23.693,23.701,23.693,23.709,23.724,23.716,23.701,23.732,23.693,23.701,23.678,23.701,23.724,23.709,23.716,23.77,23.747,23.732,23.747,23.701,23.716,23.693,23.693,23.693,23.701,23.701,23.709,23.693,23.709,23.678,23.671,23.678,23.655,23.693,23.671,23.701,23.671,23.732,23.701,23.655,23.663,23.648,23.632,23.617,23.671,23.632,23.663,23.609,23.594,23.617
,23.808,23.823,23.831,23.846,23.831,23.854,23.854,23.831,23.816,23.808,23.808,23.8,23.808,23.808,23.808,23.8,23.8,23.846,23.838,23.808,23.846,23.846,23.846,23.823,23.831,23.816,23.793,23.793,23.808,23.831,23.823,23.831,23.831,23.816,23.8,23.785,23.8,23.808,23.808,23.8,23.838,23.831,23.823,23.823,23.823,23.816,23.823,23.838,23.838,23.861,23.861,23.823,23.838,23.846,23.838,23.861,23.884,23.838,23.838,23.816,23.808,23.808,23.816,23.816,23.846,23.831,23.854,23.854,23.846,23.854,23.854,23.854,23.861,23.861,23.854,23.861,23.861,23.854,23.854,23.861,23.861,23.846,23.838,23.846,23.861,23.877,23.869,23.899,23.884,23.884,23.884,23.869,23.854,23.838,23.846,23.846,23.892,23.884,23.892,23.877,23.869,23.854,23.877,23.861,23.869,23.861,23.846,23.869,23.892,23.899,23.877,23.899,23.869,23.892,23.892,23.892,23.884,23.884,23.892,23.892,23.93,23.907,23.899,23.899,23.884,23.877,23.884,23.884,23.877,23.877,23.892,23.892,23.884,23.899,23.884,23.899,23.907,23.915,23.907,23.907,23.899,23.93,23.899,23.892,23.915,23.915,23.915,23.915,23.922,23.922,23.907,23.892,23.892,23.899,23.907,23.907,23.915,23.915,23.899,23.899,23.892,23.907,23.922,23.93,23.93,23.93,23.93,23.93,23.938,23.938,23.922,23.922,23.907,23.899,23.915,23.907,23.915,23.945,23.945,23.945,23.945,23.907,23.915,23.907,23.915,23.945,23.938,23.93,23.915,23.907,23.892,23.899,23.907,23.892,23.892,23.899,23.907,23.899,23.907,23.899,23.938,23.968,23.953,23.953,23.976,23.96,23.968,23.96,23.953,23.953,23.922,23.938,23.915,23.907,23.953,23.938,23.945,23.945,23.922,23.93,23.922,23.899,23.93,23.93,23.899,23.907,23.907,23.907,23.907,23.907,23.915,23.907,23.907,23.922,23.877,23.892,23.915,23.915,23.915,23.907,23.907,23.892,23.892,23.877,23.869,23.877,23.877,23.869,23.869,23.869,23.892,23.899,23.915,23.922,23.922,23.907,23.877,23.869,23.854,23.861,23.884,23.915,23.892,23.899,23.892,23.899,23.884,23.892,23.877,23.884,23.877,23.884,23.892,23.899,23.915,23.915,23.915,23.907,23.899,23.899,23.915,23.907,23.907,23.899,23.899,23.884,23.892,23.884,23.877,23.899,23.907,23.899,23.899,23.907,23.899,23.907,23.892,23.907,23.892,23.892,23.915,23.922,23.938,23.945,23.953,23.945,23.945,23.945,23.93,23.93,23.93,23.93,23.938,23.953,23.976,23.968,23.945,23.945,23.922,23.922,23.915,23.93,23.93,23.938,23.96,23.983,23.953,23.968,23.96,23.968,23.968,23.968,23.976,23.976,23.968,23.976,23.953,23.945,23.968,23.968,23.953,23.96,23.983,23.983,23.983,23.991,23.96,23.968,23.976,23.968,23.953,23.96,23.96,23.93,23.915,23.915,23.93,23.93,23.945,23.953,23.953,23.945,23.945,23.93,23.938,23.899,23.899,23.907,23.899,23.915,23.892,23.884,23.899,23.915,23.884,23.877,23.884,23.854,23.861,23.869,23.854,23.854,23.854,23.854,23.846,23.846,23.846,23.877,23.884,23.884,23.899,23.877,23.884,23.869,23.877,23.854,23.877,23.877,23.869,23.861,23.869,23.877,23.869,23.877,23.861,23.861,23.869,23.869,23.869,23.846,23.861,23.831,23.823,23.823,23.8,23.831,23.831,23.838,23.838,23.838,23.861,23.861,23.854,23.861,23.869,23.861,23.877,23.846,23.846,23.846,23.838,23.846,23.831,23.846,23.823,23.846,23.846,23.854,23.869,23.854,23.861,23.877,23.861,23.877,23.861,23.854,23.884,23.884,23.884,23.877,23.877,23.869,23.869,23.869,23.861,23.854,23.846,23.861,23.884,23.884,23.884,23.884,23.877,23.877,23.869,23.861,23.861,23.854,23.861,23.884,23.877,23.892,23.892,23.892,23.877,23.861,23.846,23.846,23.846,23.831,23.861,23.854,23.854,23.884,23.869,23.846,23.854,23.846,23.831,23.823,23.831,23.846,23.846,23.861,23.861,23.854,23.838,23.846,23.854,23.831,23.838,23.838,23.823,23.854,23.846,23.823,23.838,23.823,23.831,23.838,23.831,23.816,23.793,23.785,23.777,23.777,23.785,23.793,23.816,23.823,23.808,23.808,23.785,23.785,23.8,23.8,23.808,23.777,23.77,23.77,23.755,23.739,23.724,23.732,23.762,23.755,23.739,23.755,23.785,23.777,23.785,23.77,23.77,23.77,23.755,23.747,23.747,23.747,23.724,23.755,23.777,23.762,23.785,23.785,23.793,23.77,23.762,23.77,23.739,23.762,23.739,23.739,23.739,23.709,23.709,23.747,23.755,23.793,23.747,23.785,23.709,23.747,23.709,23.724,23.724,23.693,23.693,23.693,23.785,23.739,23.747,23.724,23.716,23.732,23.747,23.747,23.724,23.739,23.709,23.701,23.724,23.686,23.701,23.709,23.732,23.701,23.739,23.701,23.724,23.686,23.701,23.678,23.724,23.701,23.701,23.739,23.732,23.739,23.709,23.716,23.701,23.732,23.693,23.716,23.701,23.701,23.701,23.701,23.701,23.709,23.701,23.693,23.678,23.716,23.632,23.678,23.671,23.686,23.663,23.648,23.617,23.625,23.625,23.632,23.686,23.64,23.632,23.602,23.594,23.594
,23.816,23.823,23.838,23.846,23.854,23.846,23.831,23.816,23.816,23.8,23.823,23.816,23.808,23.8,23.8,23.793,23.831,23.808,23.838,23.877,23.869,23.77,23.854,23.816,23.823,23.8,23.785,23.808,23.785,23.823,23.846,23.854,23.846,23.854,23.838,23.816,23.8,23.831,23.823,23.816,23.831,23.831,23.838,23.831,23.823,23.816,23.816,23.831,23.838,23.861,23.854,23.846,23.861,23.899,23.884,23.854,23.892,23.846,23.8,23.823,23.831,23.838,23.846,23.808,23.838,23.823,23.831,23.838,23.861,23.861,23.861,23.869,23.877,23.869,23.877,23.854,23.831,23.816,23.869,23.846,23.831,23.823,23.823,23.838,23.861,23.877,23.861,23.877,23.877,23.877,23.899,23.846,23.816,23.808,23.838,23.884,23.861,23.892,23.892,23.892,23.877,23.877,23.869,23.869,23.861,23.869,23.861,23.869,23.899,23.907,23.877,23.907,23.892,23.907,23.892,23.899,23.892,23.892,23.915,23.907,23.945,23.907,23.892,23.884,23.892,23.884,23.877,23.877,23.877,23.892,23.877,23.877,23.877,23.899,23.884,23.907,23.907,23.899,23.907,23.915,23.899,23.899,23.907,23.915,23.915,23.899,23.907,23.884,23.899,23.907,23.892,23.892,23.899,23.907,23.922,23.899,23.922,23.915,23.907,23.899,23.899,23.907,23.915,23.922,23.93,23.938,23.945,23.945,23.953,23.93,23.938,23.907,23.907,23.884,23.899,23.899,23.922,23.93,23.922,23.938,23.93,23.915,23.907,23.938,23.93,23.93,23.938,23.93,23.922,23.899,23.907,23.892,23.899,23.899,23.907,23.899,23.899,23.907,23.899,23.899,23.907,23.938,23.945,23.96,23.96,23.953,23.96,23.945,23.938,23.938,23.922,23.922,23.915,23.93,23.938,23.922,23.93,23.915,23.915,23.922,23.907,23.93,23.915,23.907,23.915,23.915,23.907,23.922,23.915,23.915,23.915,23.907,23.892,23.915,23.877,23.877,23.899,23.915,23.907,23.922,23.938,23.938,23.899,23.899,23.907,23.884,23.892,23.884,23.892,23.892,23.899,23.907,23.915,23.915,23.915,23.899,23.877,23.884,23.869,23.877,23.884,23.877,23.892,23.899,23.892,23.899,23.892,23.884,23.877,23.884,23.899,23.892,23.899,23.899,23.907,23.907,23.915,23.915,23.915,23.915,23.915,23.922,23.907,23.907,23.899,23.892,23.899,23.884,23.899,23.892,23.899,23.907,23.899,23.884,23.884,23.892,23.915,23.915,23.915,23.915,23.922,23.922,23.938,23.953,23.953,23.953,23.938,23.938,23.93,23.93,23.922,23.945,23.953,23.976,23.96,23.968,23.96,23.968,23.945,23.93,23.922,23.938,23.96,23.968,23.983,23.976,23.991,23.976,23.968,23.976,23.976,23.983,23.998,23.976,23.968,23.968,23.968,23.968,23.96,23.96,23.968,23.983,23.983,23.976,23.998,23.998,23.998,23.976,24.006,23.968,23.96,23.953,23.938,23.938,23.938,23.922,23.938,23.945,23.93,23.953,23.945,23.96,23.953,23.93,23.915,23.907,23.899,23.892,23.892,23.892,23.907,23.899,23.907,23.892,23.884,23.869,23.877,23.892,23.877,23.861,23.869,23.877,23.854,23.877,23.854,23.823,23.861,23.877,23.884,23.899,23.884,23.861,23.869,23.877,23.854,23.877,23.869,23.869,23.892,23.869,23.884,23.884,23.869,23.877,23.854,23.861,23.854,23.846,23.884,23.877,23.869,23.846,23.838,23.816,23.808,23.823,23.823,23.846,23.808,23.838,23.838,23.846,23.846,23.869,23.869,23.854,23.861,23.854,23.816,23.823,23.831,23.846,23.854,23.831,23.846,23.838,23.854,23.846,23.861,23.869,23.861,23.877,23.892,23.884,23.884,23.884,23.877,23.892,23.884,23.877,23.869,23.884,23.854,23.869,23.899,23.884,23.877,23.869,23.869,23.907,23.877,23.861,23.869,23.869,23.877,23.877,23.869,23.861,23.877,23.877,23.899,23.892,23.892,23.892,23.877,23.869,23.877,23.854,23.854,23.854,23.846,23.861,23.884,23.869,23.854,23.861,23.846,23.838,23.831,23.823,23.831,23.823,23.838,23.838,23.831,23.854,23.846,23.869,23.838,23.838,23.846,23.838,23.838,23.838,23.831,23.823,23.831,23.838,23.838,23.846,23.838,23.816,23.808,23.8,23.785,23.77,23.777,23.816,23.808,23.823,23.816,23.8,23.793,23.777,23.785,23.762,23.8,23.8,23.755,23.777,23.755,23.77,23.732,23.747,23.732,23.755,23.755,23.739,23.747,23.77,23.77,23.793,23.762,23.77,23.747,23.739,23.755,23.732,23.732,23.747,23.747,23.755,23.777,23.793,23.785,23.785,23.762,23.777,23.747,23.747,23.747,23.724,23.724,23.709,23.693,23.724,23.739,23.762,23.77,23.678,23.739,23.732,23.724,23.747,23.716,23.678,23.739,23.701,23.709,23.732,23.732,23.739,23.724,23.732,23.747,23.724,23.747,23.732,23.724,23.732,23.724,23.693,23.701,23.709,23.701,23.732,23.716,23.693,23.701,23.701,23.701,23.716,23.693,23.716,23.693,23.693,23.716,23.716,23.716,23.709,23.709,23.709,23.709,23.716,23.709,23.701,23.678,23.686,23.693,23.693,23.716,23.678,23.671,23.655,23.686,23.648,23.655,23.686,23.693,23.64,23.64,23.609,23.64,23.625,23.648,23.648,23.617,23.602,23.609,23.594
,23.823,23.831,23.838,23.854,23.846,23.854,23.831,23.831,23.823,23.823,23.846,23.816,23.8,23.8,23.793,23.816,23.854,23.793,23.869,23.877,23.854,23.861,23.846,23.838,23.823,23.816,23.793,23.8,23.816,23.838,23.831,23.861,23.838,23.831,23.846,23.808,23.816,23.846,23.846,23.838,23.854,23.846,23.846,23.831,23.816,23.816,23.831,23.831,23.831,23.854,23.861,23.846,23.877,23.854,23.884,23.861,23.861,23.854,23.838,23.816,23.831,23.846,23.854,23.831,23.846,23.838,23.816,23.854,23.846,23.861,23.869,23.861,23.861,23.869,23.861,23.869,23.854,23.808,23.823,23.846,23.854,23.838,23.854,23.869,23.861,23.861,23.884,23.877,23.884,23.869,23.869,23.831,23.831,23.854,23.869,23.869,23.884,23.899,23.907,23.907,23.907,23.884,23.884,23.884,23.884,23.892,23.869,23.892,23.884,23.899,23.915,23.892,23.915,23.915,23.907,23.915,23.922,23.915,23.907,23.877,23.884,23.922,23.907,23.899,23.877,23.884,23.884,23.884,23.884,23.884,23.892,23.899,23.877,23.892,23.899,23.907,23.892,23.907,23.899,23.899,23.892,23.899,23.915,23.915,23.915,23.907,23.907,23.892,23.899,23.899,23.899,23.922,23.915,23.915,23.907,23.922,23.915,23.915,23.915,23.899,23.892,23.899,23.899,23.915,23.922,23.93,23.915,23.938,23.93,23.922,23.915,23.899,23.899,23.892,23.892,23.899,23.915,23.922,23.93,23.93,23.915,23.915,23.907,23.915,23.915,23.938,23.938,23.93,23.93,23.922,23.915,23.915,23.907,23.892,23.915,23.892,23.907,23.892,23.922,23.93,23.922,23.922,23.953,23.945,23.945,23.945,23.938,23.938,23.945,23.938,23.938,23.93,23.907,23.93,23.945,23.907,23.945,23.93,23.915,23.922,23.907,23.922,23.922,23.907,23.892,23.915,23.915,23.899,23.907,23.892,23.915,23.907,23.884,23.899,23.869,23.892,23.892,23.899,23.907,23.915,23.892,23.907,23.892,23.93,23.892,23.907,23.899,23.899,23.892,23.907,23.907,23.922,23.922,23.922,23.922,23.892,23.892,23.884,23.892,23.877,23.892,23.892,23.884,23.899,23.892,23.899,23.892,23.884,23.884,23.884,23.892,23.907,23.899,23.907,23.899,23.915,23.915,23.915,23.922,23.915,23.915,23.93,23.93,23.93,23.915,23.907,23.907,23.907,23.907,23.907,23.892,23.892,23.899,23.899,23.907,23.907,23.907,23.907,23.938,23.93,23.93,23.93,23.938,23.953,23.953,23.968,23.945,23.945,23.938,23.938,23.953,23.953,23.968,23.968,23.976,23.976,23.968,23.968,23.96,23.945,23.938,23.96,23.983,23.991,24.014,23.998,23.998,23.991,23.991,23.991,23.976,24.006,23.983,23.983,24.006,23.998,23.976,23.96,23.968,23.983,23.983,23.991,23.998,24.014,23.998,24.014,23.998,24.014,23.998,23.983,23.96,23.968,23.945,23.945,23.945,23.945,23.945,23.938,23.96,23.945,23.953,23.953,23.945,23.93,23.938,23.915,23.899,23.892,23.892,23.907,23.915,23.907,23.907,23.899,23.884,23.884,23.884,23.892,23.884,23.899,23.854,23.854,23.861,23.854,23.854,23.869,23.838,23.861,23.907,23.861,23.884,23.861,23.892,23.861,23.892,23.884,23.907,23.892,23.892,23.915,23.892,23.892,23.892,23.884,23.869,23.869,23.854,23.861,23.846,23.861,23.854,23.869,23.877,23.816,23.854,23.808,23.823,23.823,23.854,23.823,23.838,23.831,23.854,23.861,23.869,23.861,23.861,23.861,23.838,23.838,23.861,23.861,23.846,23.861,23.861,23.854,23.884,23.869,23.861,23.854,23.869,23.884,23.884,23.892,23.892,23.869,23.877,23.869,23.861,23.854,23.861,23.861,23.877,23.861,23.861,23.884,23.907,23.899,23.899,23.915,23.877,23.854,23.892,23.869,23.877,23.884,23.877,23.877,23.877,23.884,23.892,23.907,23.907,23.892,23.892,23.884,23.869,23.861,23.846,23.877,23.877,23.907,23.869,23.884,23.861,23.854,23.846,23.831,23.823,23.831,23.823,23.823,23.816,23.816,23.816,23.846,23.869,23.869,23.854,23.869,23.846,23.861,23.8,23.808,23.823,23.8,23.823,23.846,23.846,23.846,23.846,23.823,23.823,23.8,23.785,23.777,23.777,23.793,23.808,23.823,23.8,23.793,23.777,23.762,23.747,23.77,23.777,23.77,23.77,23.732,23.732,23.739,23.747,23.724,23.716,23.747,23.732,23.732,23.747,23.762,23.762,23.785,23.762,23.755,23.755,23.732,23.755,23.732,23.777,23.747,23.724,23.747,23.77,23.747,23.77,23.777,23.77,23.777,23.755,23.755,23.755,23.732,23.732,23.716,23.739,23.747,23.762,23.785,23.793,23.701,23.693,23.701,23.716,23.724,23.724,23.678,23.747,23.724,23.716,23.709,23.716,23.739,23.755,23.747,23.755,23.716,23.724,23.739,23.724,23.724,23.709,23.701,23.709,23.716,23.709,23.693,23.732,23.709,23.716,23.724,23.686,23.693,23.678,23.701,23.678,23.732,23.716,23.724,23.724,23.709,23.693,23.678,23.686,23.724,23.709,23.693,23.693,23.678,23.693,23.686,23.732,23.693,23.663,23.724,23.678,23.678,23.671,23.686,23.724,23.678,23.632,23.648,23.625,23.625,23.655,23.655,23.632,23.617,23.609,23.602
,23.785,23.8,23.823,23.846,23.838,23.846,23.831,23.831,23.816,23.831,23.846,23.8,23.785,23.793,23.8,23.808,23.823,23.846,23.823,23.877,23.854,23.869,23.854,23.846,23.838,23.831,23.816,23.816,23.823,23.831,23.838,23.846,23.846,23.831,23.823,23.77,23.831,23.846,23.854,23.854,23.861,23.861,23.793,23.838,23.838,23.823,23.823,23.838,23.838,23.854,23.831,23.808,23.861,23.869,23.861,23.861,23.854,23.846,23.823,23.816,23.823,23.854,23.854,23.838,23.854,23.831,23.838,23.861,23.854,23.869,23.877,23.869,23.846,23.861,23.869,23.869,23.831,23.823,23.831,23.831,23.854,23.861,23.854,23.861,23.861,23.861,23.877,23.861,23.869,23.869,23.854,23.846,23.831,23.869,23.861,23.877,23.892,23.907,23.922,23.915,23.915,23.907,23.899,23.877,23.869,23.877,23.877,23.869,23.884,23.877,23.892,23.877,23.907,23.907,23.922,23.915,23.922,23.93,23.93,23.877,23.915,23.907,23.899,23.884,23.892,23.877,23.877,23.892,23.892,23.877,23.892,23.884,23.899,23.892,23.899,23.899,23.869,23.892,23.892,23.884,23.892,23.884,23.907,23.915,23.915,23.907,23.907,23.899,23.892,23.899,23.907,23.922,23.922,23.93,23.915,23.907,23.907,23.899,23.915,23.907,23.892,23.899,23.892,23.907,23.907,23.907,23.922,23.922,23.915,23.907,23.915,23.907,23.884,23.892,23.884,23.915,23.915,23.922,23.93,23.93,23.93,23.915,23.915,23.915,23.922,23.938,23.93,23.922,23.922,23.93,23.907,23.922,23.922,23.915,23.915,23.915,23.892,23.915,23.915,23.945,23.938,23.953,23.953,23.938,23.945,23.93,23.93,23.922,23.938,23.938,23.938,23.945,23.922,23.93,23.93,23.915,23.915,23.915,23.915,23.915,23.915,23.915,23.922,23.907,23.938,23.915,23.907,23.892,23.915,23.892,23.899,23.892,23.869,23.884,23.877,23.869,23.892,23.907,23.899,23.892,23.899,23.899,23.884,23.915,23.892,23.922,23.907,23.907,23.907,23.907,23.915,23.922,23.938,23.93,23.915,23.907,23.907,23.899,23.892,23.892,23.892,23.884,23.884,23.899,23.899,23.907,23.907,23.884,23.892,23.884,23.915,23.907,23.907,23.899,23.892,23.907,23.899,23.907,23.922,23.922,23.945,23.938,23.93,23.938,23.93,23.93,23.915,23.915,23.907,23.915,23.907,23.907,23.899,23.899,23.907,23.922,23.93,23.945,23.938,23.945,23.938,23.938,23.945,23.953,23.968,23.976,23.968,23.96,23.945,23.953,23.96,23.976,23.983,23.983,23.983,23.991,23.976,23.991,23.983,23.976,23.953,24.014,23.998,24.006,24.021,24.021,24.021,24.029,24.014,24.014,23.991,24.006,23.983,24.014,23.991,23.991,23.998,23.991,24.006,23.991,24.006,23.998,24.014,24.052,24.037,24.029,24.029,24.021,24.006,23.991,23.968,23.968,23.96,23.953,23.976,23.968,23.976,23.96,23.96,23.945,23.945,23.938,23.938,23.945,23.93,23.93,23.915,23.892,23.899,23.907,23.907,23.899,23.922,23.899,23.907,23.892,23.922,23.884,23.907,23.869,23.877,23.854,23.861,23.854,23.838,23.854,23.846,23.854,23.854,23.854,23.854,23.877,23.869,23.892,23.892,23.899,23.907,23.907,23.907,23.899,23.892,23.869,23.892,23.869,23.861,23.869,23.861,23.861,23.869,23.861,23.869,23.877,23.861,23.831,23.808,23.808,23.8,23.846,23.808,23.831,23.846,23.854,23.854,23.869,23.861,23.869,23.861,23.846,23.846,23.846,23.838,23.838,23.861,23.877,23.869,23.877,23.869,23.861,23.854,23.846,23.869,23.877,23.877,23.892,23.884,23.869,23.869,23.877,23.869,23.854,23.861,23.861,23.869,23.892,23.884,23.892,23.899,23.907,23.899,23.907,23.877,23.861,23.869,23.877,23.892,23.892,23.884,23.892,23.899,23.907,23.907,23.899,23.899,23.869,23.884,23.869,23.869,23.877,23.861,23.877,23.877,23.884,23.884,23.892,23.869,23.854,23.846,23.838,23.831,23.816,23.816,23.816,23.808,23.831,23.823,23.838,23.861,23.846,23.884,23.869,23.838,23.838,23.831,23.816,23.816,23.823,23.831,23.816,23.8,23.793,23.831,23.808,23.831,23.8,23.777,23.785,23.785,23.793,23.8,23.808,23.808,23.793,23.762,23.777,23.777,23.762,23.77,23.732,23.747,23.755,23.732,23.724,23.732,23.755,23.724,23.724,23.732,23.724,23.747,23.747,23.762,23.777,23.785,23.8,23.747,23.762,23.755,23.755,23.777,23.762,23.755,23.747,23.747,23.747,23.732,23.755,23.755,23.739,23.755,23.747,23.747,23.732,23.701,23.709,23.716,23.747,23.762,23.77,23.724,23.755,23.693,23.693,23.739,23.716,23.716,23.724,23.709,23.716,23.732,23.716,23.716,23.739,23.755,23.747,23.755,23.777,23.739,23.747,23.77,23.732,23.732,23.739,23.693,23.747,23.724,23.724,23.701,23.716,23.716,23.701,23.701,23.686,23.678,23.648,23.686,23.709,23.686,23.716,23.709,23.701,23.693,23.693,23.716,23.701,23.709,23.678,23.678,23.655,23.655,23.693,23.678,23.686,23.693,23.678,23.663,23.693,23.701,23.693,23.663,23.671,23.678,23.632,23.648,23.648,23.655,23.671,23.632,23.648,23.625,23.632
,23.8,23.816,23.831,23.823,23.846,23.861,23.831,23.831,23.861,23.831,23.831,23.823,23.793,23.838,23.785,23.816,23.838,23.831,23.861,23.877,23.854,23.854,23.854,23.846,23.838,23.823,23.831,23.831,23.823,23.831,23.831,23.816,23.831,23.846,23.808,23.831,23.816,23.846,23.861,23.838,23.861,23.861,23.846,23.8,23.854,23.8,23.831,23.808,23.831,23.846,23.823,23.838,23.854,23.884,23.846,23.846,23.831,23.823,23.8,23.831,23.831,23.838,23.854,23.854,23.854,23.861,23.838,23.884,23.892,23.884,23.877,23.869,23.854,23.861,23.846,23.846,23.854,23.838,23.831,23.831,23.861,23.854,23.884,23.869,23.861,23.861,23.854,23.861,23.861,23.854,23.846,23.861,23.861,23.861,23.869,23.877,23.899,23.915,23.899,23.922,23.93,23.922,23.922,23.892,23.884,23.892,23.899,23.869,23.877,23.899,23.907,23.907,23.922,23.907,23.922,23.93,23.93,23.907,23.922,23.892,23.915,23.907,23.892,23.899,23.884,23.884,23.884,23.884,23.892,23.892,23.892,23.899,23.907,23.907,23.892,23.884,23.877,23.869,23.884,23.892,23.892,23.892,23.899,23.915,23.915,23.915,23.907,23.899,23.899,23.907,23.915,23.93,23.915,23.915,23.915,23.915,23.915,23.915,23.899,23.907,23.892,23.899,23.892,23.899,23.907,23.915,23.907,23.907,23.93,23.907,23.915,23.907,23.899,23.899,23.899,23.899,23.907,23.922,23.93,23.93,23.938,23.93,23.93,23.938,23.938,23.93,23.938,23.907,23.93,23.922,23.922,23.93,23.922,23.93,23.915,23.907,23.892,23.915,23.93,23.93,23.945,23.96,23.953,23.93,23.922,23.922,23.915,23.922,23.93,23.938,23.938,23.938,23.945,23.945,23.938,23.93,23.93,23.915,23.922,23.922,23.922,23.915,23.877,23.915,23.922,23.922,23.93,23.922,23.899,23.899,23.892,23.899,23.892,23.884,23.884,23.884,23.892,23.915,23.899,23.907,23.907,23.892,23.892,23.899,23.899,23.922,23.915,23.922,23.915,23.922,23.922,23.93,23.93,23.915,23.922,23.907,23.907,23.907,23.899,23.899,23.899,23.899,23.899,23.907,23.907,23.899,23.899,23.892,23.892,23.899,23.922,23.922,23.922,23.907,23.892,23.899,23.899,23.907,23.915,23.922,23.922,23.938,23.945,23.945,23.945,23.93,23.938,23.922,23.922,23.899,23.892,23.922,23.915,23.915,23.915,23.922,23.938,23.938,23.945,23.953,23.938,23.953,23.953,23.968,23.983,23.991,23.976,23.96,23.968,23.968,24.006,23.976,23.991,23.983,23.991,23.998,23.983,23.991,24.014,23.998,24.014,23.998,24.021,23.998,24.021,24.021,24.014,24.029,24.044,24.037,24.044,24.052,24.029,24.021,23.983,24.006,24.021,24.014,24.014,24.006,23.998,24.006,24.014,24.052,24.059,24.044,24.044,24.021,24.014,24.021,24.014,24.006,23.991,23.968,23.983,23.991,23.983,23.998,23.945,23.968,23.953,23.953,23.953,23.968,23.96,23.945,23.899,23.922,23.899,23.915,23.907,23.915,23.899,23.907,23.915,23.915,23.922,23.915,23.915,23.892,23.884,23.892,23.869,23.877,23.861,23.869,23.846,23.869,23.854,23.869,23.861,23.892,23.854,23.884,23.892,23.892,23.907,23.899,23.915,23.915,23.915,23.922,23.869,23.877,23.869,23.869,23.861,23.861,23.861,23.877,23.877,23.869,23.846,23.808,23.808,23.854,23.861,23.846,23.854,23.808,23.838,23.869,23.877,23.877,23.869,23.861,23.854,23.846,23.838,23.846,23.846,23.846,23.861,23.884,23.877,23.877,23.869,23.861,23.854,23.854,23.869,23.877,23.877,23.877,23.877,23.877,23.884,23.884,23.869,23.877,23.861,23.884,23.884,23.899,23.899,23.884,23.915,23.907,23.899,23.915,23.884,23.884,23.884,23.884,23.892,23.892,23.899,23.907,23.922,23.877,23.915,23.884,23.884,23.877,23.869,23.846,23.854,23.869,23.869,23.869,23.892,23.884,23.899,23.884,23.877,23.869,23.846,23.838,23.823,23.838,23.823,23.808,23.808,23.8,23.831,23.854,23.884,23.892,23.877,23.861,23.838,23.808,23.808,23.816,23.816,23.816,23.816,23.838,23.785,23.8,23.808,23.793,23.8,23.8,23.816,23.785,23.808,23.808,23.8,23.808,23.8,23.8,23.777,23.762,23.739,23.77,23.755,23.732,23.739,23.709,23.762,23.739,23.77,23.739,23.747,23.739,23.716,23.724,23.739,23.747,23.762,23.777,23.762,23.77,23.739,23.648,23.77,23.77,23.762,23.732,23.747,23.747,23.724,23.732,23.732,23.747,23.732,23.724,23.755,23.762,23.732,23.724,23.732,23.701,23.747,23.785,23.747,23.755,23.747,23.739,23.716,23.686,23.693,23.709,23.732,23.709,23.732,23.716,23.709,23.724,23.724,23.739,23.747,23.762,23.747,23.77,23.777,23.747,23.747,23.747,23.724,23.716,23.709,23.716,23.732,23.739,23.716,23.716,23.716,23.724,23.732,23.739,23.724,23.686,23.686,23.701,23.716,23.724,23.724,23.693,23.686,23.716,23.663,23.709,23.686,23.663,23.693,23.671,23.64,23.671,23.686,23.755,23.747,23.686,23.648,23.693,23.671,23.655,23.686,23.671,23.701,23.678,23.671,23.655,23.648,23.716,23.648,23.648,23.655,23.617
,23.8,23.793,23.808,23.831,23.808,23.838,23.823,23.838,23.846,23.838,23.838,23.846,23.816,23.816,23.8,23.8,23.816,23.838,23.854,23.861,23.846,23.854,23.838,23.838,23.846,23.838,23.846,23.846,23.838,23.823,23.831,23.8,23.816,23.823,23.823,23.808,23.823,23.846,23.854,23.846,23.846,23.816,23.838,23.808,23.831,23.831,23.854,23.823,23.816,23.838,23.846,23.846,23.846,23.838,23.838,23.846,23.816,23.816,23.808,23.808,23.831,23.854,23.846,23.838,23.854,23.854,23.854,23.899,23.907,23.884,23.877,23.861,23.854,23.846,23.846,23.838,23.838,23.846,23.846,23.869,23.884,23.877,23.892,23.877,23.854,23.854,23.846,23.861,23.869,23.869,23.877,23.877,23.869,23.884,23.877,23.884,23.884,23.899,23.907,23.922,23.922,23.93,23.915,23.899,23.892,23.899,23.892,23.899,23.869,23.861,23.892,23.869,23.892,23.907,23.922,23.922,23.922,23.915,23.93,23.93,23.915,23.915,23.899,23.884,23.877,23.869,23.877,23.884,23.899,23.907,23.899,23.899,23.907,23.907,23.907,23.907,23.869,23.877,23.877,23.884,23.892,23.899,23.884,23.922,23.922,23.907,23.907,23.907,23.907,23.915,23.93,23.93,23.93,23.938,23.899,23.899,23.922,23.907,23.907,23.892,23.892,23.892,23.892,23.907,23.907,23.907,23.907,23.899,23.907,23.915,23.915,23.907,23.899,23.907,23.899,23.884,23.899,23.922,23.938,23.93,23.938,23.938,23.953,23.93,23.938,23.938,23.922,23.93,23.93,23.907,23.945,23.938,23.938,23.938,23.915,23.93,23.907,23.899,23.938,23.953,23.968,23.96,23.953,23.922,23.915,23.907,23.907,23.915,23.922,23.922,23.938,23.93,23.938,23.938,23.93,23.945,23.922,23.915,23.93,23.922,23.915,23.907,23.922,23.884,23.884,23.915,23.899,23.907,23.899,23.892,23.892,23.892,23.884,23.877,23.884,23.892,23.892,23.907,23.907,23.899,23.899,23.892,23.899,23.892,23.93,23.899,23.915,23.922,23.907,23.922,23.922,23.922,23.93,23.93,23.93,23.907,23.915,23.907,23.907,23.915,23.907,23.915,23.907,23.907,23.907,23.907,23.899,23.884,23.907,23.938,23.922,23.93,23.922,23.93,23.899,23.899,23.899,23.892,23.899,23.915,23.938,23.938,23.953,23.953,23.953,23.945,23.953,23.938,23.945,23.93,23.915,23.922,23.922,23.938,23.93,23.93,23.953,23.945,23.945,23.953,23.945,23.953,23.976,23.991,24.006,24.006,24.006,23.998,23.983,23.991,24.006,24.014,24.006,24.014,23.998,23.991,23.998,24.021,24.021,24.014,24.037,24.021,24.021,24.044,24.029,24.029,24.037,24.044,24.029,24.052,24.044,24.037,24.044,24.044,24.037,24.037,24.044,24.029,24.037,24.014,24.037,24.021,24.037,24.037,24.037,24.044,24.044,24.037,24.006,24.014,23.998,23.991,23.991,23.998,24.014,23.983,23.976,23.945,23.96,23.96,23.953,23.953,23.968,23.953,23.96,23.96,23.953,23.938,23.93,23.938,23.922,23.922,23.907,23.915,23.915,23.922,23.93,23.938,23.915,23.884,23.892,23.877,23.877,23.877,23.861,23.854,23.861,23.861,23.861,23.861,23.854,23.869,23.861,23.884,23.907,23.915,23.915,23.915,23.907,23.922,23.899,23.884,23.884,23.892,23.877,23.877,23.861,23.869,23.854,23.854,23.869,23.869,23.846,23.831,23.838,23.831,23.831,23.823,23.823,23.846,23.861,23.869,23.877,23.877,23.869,23.861,23.854,23.846,23.846,23.854,23.869,23.861,23.869,23.869,23.869,23.869,23.869,23.854,23.861,23.861,23.861,23.861,23.861,23.869,23.877,23.877,23.877,23.869,23.861,23.861,23.861,23.877,23.877,23.899,23.884,23.892,23.884,23.892,23.884,23.899,23.884,23.892,23.899,23.877,23.884,23.892,23.884,23.907,23.907,23.922,23.892,23.899,23.884,23.884,23.884,23.869,23.869,23.877,23.861,23.869,23.884,23.892,23.892,23.892,23.877,23.877,23.861,23.831,23.831,23.869,23.8,23.823,23.808,23.823,23.831,23.846,23.869,23.854,23.861,23.846,23.846,23.823,23.823,23.816,23.831,23.861,23.808,23.8,23.8,23.8,23.808,23.793,23.816,23.816,23.793,23.8,23.785,23.785,23.8,23.816,23.8,23.793,23.8,23.8,23.755,23.762,23.755,23.755,23.762,23.755,23.716,23.747,23.724,23.747,23.716,23.739,23.732,23.739,23.762,23.762,23.747,23.8,23.793,23.8,23.785,23.777,23.785,23.755,23.762,23.762,23.747,23.755,23.747,23.747,23.724,23.724,23.724,23.693,23.724,23.755,23.739,23.739,23.755,23.755,23.762,23.777,23.755,23.747,23.755,23.739,23.693,23.709,23.709,23.709,23.724,23.732,23.716,23.716,23.716,23.709,23.716,23.732,23.739,23.739,23.762,23.755,23.755,23.755,23.716,23.732,23.732,23.701,23.709,23.709,23.693,23.709,23.701,23.732,23.724,23.732,23.747,23.77,23.716,23.693,23.693,23.716,23.709,23.724,23.716,23.686,23.701,23.671,23.663,23.701,23.655,23.655,23.671,23.671,23.678,23.693,23.686,23.701,23.716,23.686,23.678,23.671,23.663,23.648,23.663,23.732,23.655,23.671,23.678,23.701,23.678,23.625,23.671,23.663,23.663,23.655
,23.785,23.793,23.816,23.823,23.816,23.823,23.823,23.846,23.823,23.823,23.816,23.831,23.8,23.808,23.808,23.785,23.8,23.838,23.846,23.854,23.854,23.846,23.838,23.831,23.838,23.838,23.846,23.831,23.838,23.823,23.823,23.816,23.846,23.808,23.831,23.816,23.816,23.838,23.846,23.861,23.854,23.854,23.838,23.846,23.846,23.816,23.816,23.831,23.816,23.846,23.831,23.823,23.846,23.838,23.838,23.823,23.823,23.816,23.8,23.816,23.816,23.846,23.861,23.846,23.846,23.869,23.877,23.877,23.899,23.877,23.877,23.846,23.846,23.831,23.838,23.838,23.831,23.846,23.869,23.869,23.899,23.884,23.877,23.854,23.861,23.854,23.831,23.861,23.877,23.831,23.892,23.884,23.877,23.869,23.861,23.869,23.892,23.892,23.884,23.884,23.907,23.899,23.915,23.907,23.892,23.899,23.892,23.915,23.892,23.892,23.869,23.877,23.899,23.899,23.907,23.907,23.907,23.907,23.915,23.93,23.922,23.922,23.922,23.892,23.884,23.869,23.877,23.877,23.892,23.877,23.899,23.907,23.907,23.907,23.899,23.907,23.884,23.884,23.892,23.869,23.877,23.892,23.892,23.922,23.922,23.915,23.922,23.915,23.915,23.922,23.93,23.922,23.915,23.907,23.915,23.922,23.922,23.907,23.915,23.907,23.899,23.915,23.907,23.907,23.907,23.915,23.899,23.907,23.899,23.938,23.915,23.915,23.907,23.899,23.915,23.892,23.907,23.945,23.938,23.953,23.953,23.953,23.938,23.953,23.938,23.953,23.93,23.938,23.953,23.953,23.953,23.953,23.93,23.938,23.922,23.915,23.922,23.892,23.93,23.915,23.945,23.953,23.93,23.907,23.907,23.907,23.907,23.915,23.922,23.93,23.93,23.93,23.93,23.945,23.93,23.922,23.922,23.922,23.922,23.93,23.93,23.922,23.915,23.922,23.922,23.899,23.899,23.907,23.915,23.922,23.907,23.907,23.907,23.892,23.884,23.892,23.907,23.907,23.915,23.907,23.899,23.892,23.892,23.892,23.907,23.899,23.922,23.915,23.915,23.922,23.938,23.93,23.93,23.93,23.93,23.922,23.915,23.915,23.915,23.915,23.922,23.907,23.907,23.907,23.899,23.907,23.899,23.915,23.907,23.93,23.938,23.96,23.945,23.938,23.915,23.892,23.899,23.899,23.915,23.93,23.93,23.945,23.953,23.96,23.96,23.96,23.945,23.938,23.93,23.953,23.983,23.976,23.968,23.983,23.945,23.945,23.953,23.945,23.96,23.945,23.953,23.976,23.968,24.006,24.014,24.021,24.021,24.006,24.029,24.014,23.998,24.014,24.006,24.021,24.014,24.029,24.014,24.021,24.029,24.037,24.044,24.029,24.059,24.059,24.052,24.044,24.052,24.037,24.052,24.052,24.059,24.059,24.052,24.059,24.059,24.044,24.067,24.059,24.037,24.037,24.014,24.037,24.029,24.059,24.082,24.075,24.059,24.029,24.059,24.052,24.052,24.029,24.021,24.029,24.006,24.014,23.998,24.006,23.976,23.968,23.968,23.945,23.968,23.968,23.968,23.976,23.96,23.96,23.945,23.945,23.938,23.922,23.922,23.93,23.922,23.93,23.915,23.93,23.938,23.915,23.892,23.892,23.892,23.877,23.861,23.877,23.869,23.869,23.869,23.869,23.861,23.877,23.877,23.892,23.892,23.907,23.907,23.922,23.907,23.907,23.884,23.892,23.877,23.869,23.869,23.869,23.861,23.869,23.854,23.846,23.861,23.846,23.869,23.831,23.831,23.838,23.838,23.854,23.861,23.861,23.877,23.884,23.884,23.892,23.877,23.861,23.854,23.854,23.854,23.854,23.861,23.854,23.861,23.861,23.861,23.854,23.854,23.846,23.854,23.861,23.854,23.869,23.861,23.877,23.877,23.884,23.877,23.884,23.869,23.861,23.877,23.884,23.892,23.877,23.892,23.861,23.884,23.877,23.884,23.892,23.892,23.884,23.892,23.884,23.892,23.892,23.892,23.907,23.907,23.899,23.861,23.861,23.861,23.861,23.869,23.877,23.869,23.846,23.869,23.854,23.869,23.869,23.892,23.907,23.892,23.899,23.861,23.846,23.877,23.785,23.823,23.823,23.823,23.793,23.831,23.823,23.846,23.861,23.854,23.877,23.846,23.831,23.838,23.793,23.793,23.831,23.8,23.785,23.777,23.8,23.77,23.8,23.777,23.785,23.793,23.77,23.823,23.793,23.793,23.8,23.793,23.793,23.755,23.793,23.762,23.77,23.785,23.777,23.762,23.777,23.739,23.732,23.762,23.747,23.762,23.755,23.762,23.739,23.747,23.77,23.777,23.77,23.755,23.808,23.77,23.755,23.77,23.77,23.785,23.816,23.747,23.762,23.747,23.755,23.724,23.724,23.709,23.724,23.693,23.701,23.747,23.747,23.732,23.77,23.709,23.732,23.747,23.762,23.747,23.747,23.693,23.716,23.709,23.693,23.678,23.716,23.716,23.716,23.716,23.724,23.716,23.732,23.724,23.716,23.747,23.732,23.762,23.709,23.716,23.709,23.716,23.709,23.709,23.724,23.732,23.701,23.709,23.724,23.732,23.724,23.739,23.739,23.709,23.716,23.716,23.678,23.701,23.732,23.709,23.709,23.716,23.701,23.693,23.701,23.678,23.663,23.64,23.663,23.686,23.663,23.671,23.686,23.678,23.693,23.655,23.648,23.625,23.648,23.655,23.671,23.671,23.671,23.686,23.693,23.678,23.686,23.709,23.678,23.663,23.678
,23.8,23.823,23.808,23.793,23.808,23.831,23.823,23.846,23.762,23.808,23.816,23.816,23.831,23.808,23.808,23.8,23.846,23.831,23.838,23.854,23.831,23.823,23.793,23.831,23.831,23.831,23.831,23.838,23.854,23.838,23.846,23.846,23.838,23.823,23.823,23.808,23.816,23.831,23.846,23.861,23.861,23.831,23.823,23.854,23.831,23.823,23.808,23.808,23.816,23.823,23.823,23.823,23.838,23.846,23.854,23.816,23.808,23.793,23.823,23.816,23.823,23.846,23.861,23.861,23.869,23.892,23.884,23.877,23.884,23.877,23.877,23.846,23.846,23.831,23.823,23.831,23.846,23.846,23.861,23.877,23.884,23.877,23.877,23.915,23.869,23.884,23.854,23.869,23.907,23.861,23.907,23.877,23.892,23.869,23.877,23.877,23.884,23.892,23.899,23.899,23.915,23.915,23.884,23.915,23.907,23.884,23.915,23.922,23.922,23.892,23.93,23.915,23.915,23.899,23.907,23.907,23.899,23.899,23.907,23.922,23.922,23.922,23.915,23.907,23.884,23.907,23.877,23.892,23.884,23.892,23.884,23.907,23.915,23.93,23.915,23.907,23.899,23.892,23.884,23.915,23.907,23.884,23.907,23.938,23.922,23.922,23.922,23.915,23.899,23.922,23.922,23.922,23.922,23.938,23.892,23.915,23.915,23.907,23.907,23.907,23.907,23.899,23.93,23.899,23.907,23.899,23.907,23.922,23.922,23.93,23.93,23.938,23.922,23.907,23.899,23.915,23.899,23.922,23.93,23.945,23.96,23.945,23.945,23.93,23.945,23.938,23.945,23.953,23.945,23.938,23.945,23.953,23.945,23.945,23.915,23.907,23.899,23.899,23.93,23.938,23.93,23.938,23.93,23.922,23.899,23.892,23.907,23.922,23.93,23.93,23.93,23.915,23.93,23.938,23.93,23.938,23.922,23.922,23.93,23.938,23.938,23.938,23.922,23.922,23.915,23.915,23.915,23.907,23.922,23.93,23.93,23.922,23.899,23.892,23.884,23.892,23.899,23.907,23.915,23.922,23.899,23.884,23.899,23.907,23.907,23.953,23.938,23.907,23.915,23.915,23.945,23.945,23.938,23.938,23.945,23.93,23.907,23.915,23.915,23.915,23.93,23.922,23.922,23.93,23.907,23.899,23.915,23.907,23.922,23.922,23.938,23.945,23.945,23.945,23.922,23.922,23.907,23.899,23.907,23.915,23.93,23.953,23.953,23.96,23.968,23.96,23.938,23.945,23.953,23.96,23.976,23.991,23.983,23.983,23.96,23.953,23.968,23.945,23.96,23.96,23.96,23.968,23.983,24.006,24.021,24.037,24.052,24.052,24.029,24.037,24.021,24.037,24.037,24.029,24.029,24.052,24.037,24.044,24.052,24.059,24.044,24.037,24.029,24.037,24.059,24.082,24.052,24.067,24.082,24.059,24.059,24.075,24.067,24.082,24.059,24.059,24.075,24.09,24.067,24.044,24.021,24.075,24.105,24.105,24.097,24.082,24.09,24.067,24.044,24.044,24.067,24.037,24.037,24.044,24.044,24.044,24.006,24.014,23.968,23.983,23.968,23.976,23.976,23.976,23.968,23.976,23.968,23.953,23.953,23.938,23.938,23.945,23.938,23.945,23.93,23.945,23.938,23.938,23.922,23.922,23.907,23.915,23.899,23.892,23.884,23.877,23.861,23.877,23.877,23.877,23.884,23.869,23.884,23.884,23.899,23.915,23.915,23.922,23.915,23.915,23.884,23.877,23.877,23.869,23.884,23.877,23.861,23.877,23.854,23.854,23.854,23.838,23.846,23.831,23.846,23.854,23.831,23.869,23.861,23.869,23.877,23.892,23.899,23.884,23.884,23.869,23.869,23.861,23.877,23.846,23.869,23.854,23.861,23.846,23.846,23.846,23.846,23.854,23.854,23.861,23.869,23.869,23.877,23.877,23.892,23.892,23.884,23.884,23.869,23.869,23.869,23.877,23.892,23.892,23.854,23.861,23.861,23.877,23.884,23.892,23.899,23.892,23.892,23.892,23.884,23.892,23.892,23.907,23.915,23.892,23.899,23.884,23.877,23.884,23.884,23.884,23.877,23.861,23.846,23.854,23.854,23.861,23.884,23.907,23.899,23.892,23.892,23.823,23.892,23.831,23.808,23.793,23.838,23.838,23.854,23.846,23.861,23.846,23.854,23.869,23.861,23.831,23.816,23.823,23.823,23.8,23.755,23.793,23.8,23.785,23.777,23.785,23.793,23.793,23.785,23.785,23.785,23.785,23.785,23.785,23.793,23.793,23.777,23.777,23.793,23.77,23.793,23.793,23.77,23.77,23.739,23.716,23.716,23.732,23.747,23.739,23.755,23.777,23.755,23.762,23.755,23.793,23.777,23.755,23.755,23.739,23.739,23.785,23.808,23.785,23.739,23.762,23.747,23.762,23.739,23.739,23.716,23.716,23.709,23.709,23.732,23.732,23.755,23.709,23.777,23.732,23.762,23.77,23.755,23.739,23.701,23.724,23.701,23.693,23.701,23.693,23.716,23.732,23.716,23.732,23.732,23.693,23.709,23.724,23.808,23.739,23.716,23.716,23.701,23.678,23.709,23.724,23.724,23.77,23.739,23.732,23.716,23.732,23.716,23.747,23.739,23.739,23.724,23.716,23.701,23.709,23.709,23.709,23.709,23.709,23.693,23.709,23.686,23.625,23.701,23.678,23.693,23.655,23.663,23.655,23.655,23.693,23.678,23.693,23.663,23.609,23.648,23.678,23.648,23.671,23.663,23.686,23.678,23.686,23.693,23.678,23.671,23.693,23.648,23.663
,23.785,23.8,23.808,23.8,23.808,23.808,23.816,23.808,23.816,23.816,23.823,23.816,23.816,23.8,23.755,23.785,23.785,23.816,23.831,23.846,23.808,23.816,23.8,23.808,23.808,23.816,23.816,23.838,23.808,23.823,23.808,23.861,23.854,23.823,23.808,23.816,23.816,23.831,23.861,23.846,23.838,23.846,23.854,23.838,23.816,23.816,23.831,23.831,23.846,23.823,23.838,23.838,23.838,23.831,23.846,23.816,23.808,23.793,23.793,23.808,23.816,23.846,23.861,23.869,23.877,23.869,23.869,23.892,23.892,23.877,23.861,23.838,23.831,23.831,23.831,23.831,23.838,23.854,23.869,23.892,23.884,23.899,23.899,23.869,23.869,23.877,23.861,23.907,23.915,23.915,23.915,23.93,23.884,23.892,23.884,23.877,23.877,23.884,23.899,23.899,23.907,23.899,23.899,23.892,23.892,23.907,23.915,23.938,23.93,23.938,23.93,23.899,23.899,23.899,23.899,23.915,23.899,23.907,23.915,23.915,23.915,23.922,23.915,23.922,23.922,23.892,23.915,23.892,23.877,23.884,23.877,23.907,23.915,23.922,23.922,23.907,23.892,23.922,23.892,23.884,23.884,23.884,23.907,23.922,23.922,23.915,23.915,23.93,23.884,23.938,23.915,23.93,23.922,23.922,23.938,23.922,23.915,23.907,23.915,23.907,23.915,23.899,23.915,23.899,23.899,23.892,23.907,23.915,23.922,23.938,23.938,23.93,23.922,23.907,23.892,23.892,23.915,23.915,23.938,23.945,23.945,23.938,23.93,23.93,23.938,23.93,23.953,23.953,23.976,23.96,23.968,23.945,23.922,23.938,23.907,23.907,23.915,23.907,23.93,23.938,23.915,23.93,23.922,23.907,23.907,23.915,23.922,23.93,23.922,23.922,23.922,23.922,23.93,23.938,23.938,23.945,23.938,23.945,23.938,23.945,23.945,23.945,23.938,23.93,23.915,23.915,23.922,23.915,23.915,23.938,23.915,23.93,23.899,23.884,23.884,23.884,23.899,23.915,23.922,23.915,23.907,23.899,23.899,23.907,23.938,23.93,23.907,23.915,23.884,23.899,23.945,23.945,23.96,23.96,23.938,23.938,23.922,23.922,23.922,23.93,23.938,23.922,23.907,23.915,23.907,23.915,23.938,23.915,23.907,23.915,23.922,23.938,23.945,23.938,23.93,23.93,23.915,23.922,23.93,23.938,23.953,23.945,23.953,23.96,23.96,23.96,23.976,23.968,23.976,23.968,24.006,23.998,24.006,23.998,23.983,23.953,23.96,23.945,23.96,23.96,23.96,23.976,23.983,23.991,24.029,24.044,24.059,24.075,24.059,24.052,24.052,24.044,24.029,24.059,24.052,24.044,24.082,24.059,24.075,24.067,24.075,24.075,24.075,24.09,24.105,24.082,24.097,24.059,24.097,24.097,24.097,24.09,24.09,24.105,24.097,24.105,24.12,24.105,24.067,24.082,24.082,24.09,24.097,24.105,24.113,24.113,24.12,24.097,24.067,24.082,24.067,24.067,24.059,24.082,24.059,24.059,24.044,24.006,23.998,23.983,23.983,23.968,23.991,23.976,23.983,23.976,23.983,23.983,23.968,23.953,23.938,23.938,23.945,23.953,23.945,23.938,23.945,23.938,23.93,23.93,23.915,23.907,23.907,23.892,23.877,23.877,23.877,23.884,23.884,23.877,23.877,23.869,23.861,23.877,23.892,23.907,23.922,23.922,23.907,23.915,23.884,23.877,23.877,23.884,23.884,23.884,23.884,23.861,23.854,23.846,23.838,23.846,23.846,23.838,23.846,23.861,23.831,23.854,23.838,23.854,23.877,23.892,23.892,23.899,23.884,23.884,23.869,23.869,23.861,23.861,23.869,23.861,23.854,23.846,23.831,23.831,23.831,23.838,23.861,23.869,23.869,23.877,23.877,23.884,23.892,23.892,23.892,23.884,23.877,23.869,23.877,23.869,23.877,23.877,23.869,23.877,23.869,23.877,23.884,23.884,23.884,23.892,23.899,23.892,23.892,23.884,23.899,23.907,23.899,23.907,23.892,23.93,23.922,23.877,23.907,23.884,23.869,23.869,23.823,23.816,23.846,23.854,23.899,23.907,23.892,23.899,23.877,23.861,23.816,23.823,23.793,23.808,23.831,23.854,23.838,23.869,23.854,23.838,23.838,23.861,23.823,23.854,23.823,23.838,23.793,23.785,23.8,23.816,23.808,23.808,23.793,23.793,23.8,23.793,23.785,23.762,23.762,23.762,23.77,23.793,23.785,23.8,23.8,23.785,23.793,23.793,23.785,23.785,23.785,23.793,23.755,23.732,23.732,23.732,23.747,23.755,23.747,23.777,23.793,23.77,23.793,23.777,23.785,23.777,23.785,23.777,23.724,23.785,23.793,23.777,23.762,23.762,23.77,23.762,23.755,23.762,23.755,23.732,23.739,23.739,23.747,23.732,23.732,23.755,23.762,23.747,23.724,23.762,23.762,23.755,23.724,23.716,23.701,23.701,23.709,23.693,23.716,23.724,23.716,23.732,23.724,23.724,23.693,23.724,23.701,23.686,23.701,23.693,23.678,23.724,23.709,23.716,23.739,23.747,23.762,23.747,23.724,23.716,23.709,23.739,23.724,23.724,23.709,23.709,23.693,23.709,23.686,23.686,23.678,23.716,23.709,23.701,23.701,23.671,23.693,23.663,23.671,23.663,23.655,23.686,23.686,23.686,23.693,23.671,23.678,23.64,23.632,23.632,23.671,23.671,23.686,23.678,23.663,23.671,23.655,23.678,23.671,23.671,23.625,23.632
,23.785,23.816,23.8,23.8,23.846,23.808,23.846,23.823,23.831,23.838,23.823,23.785,23.793,23.793,23.816,23.777,23.831,23.8,23.823,23.816,23.831,23.8,23.823,23.793,23.785,23.808,23.793,23.8,23.777,23.838,23.823,23.869,23.877,23.869,23.823,23.808,23.823,23.831,23.831,23.846,23.869,23.823,23.823,23.861,23.816,23.838,23.816,23.823,23.846,23.831,23.838,23.838,23.846,23.838,23.831,23.816,23.8,23.8,23.793,23.831,23.854,23.854,23.869,23.877,23.884,23.861,23.861,23.877,23.861,23.861,23.846,23.854,23.831,23.816,23.831,23.823,23.846,23.854,23.861,23.884,23.884,23.854,23.892,23.899,23.892,23.877,23.869,23.915,23.922,23.915,23.922,23.938,23.877,23.899,23.907,23.899,23.915,23.907,23.915,23.907,23.915,23.899,23.907,23.884,23.899,23.93,23.922,23.945,23.953,23.968,23.93,23.915,23.915,23.907,23.899,23.915,23.892,23.915,23.907,23.907,23.922,23.915,23.922,23.93,23.922,23.915,23.884,23.884,23.892,23.892,23.892,23.907,23.907,23.915,23.915,23.907,23.892,23.907,23.869,23.861,23.892,23.899,23.915,23.93,23.915,23.922,23.922,23.907,23.915,23.899,23.899,23.915,23.93,23.93,23.922,23.907,23.915,23.907,23.915,23.915,23.907,23.922,23.915,23.915,23.915,23.907,23.907,23.899,23.915,23.93,23.938,23.93,23.922,23.915,23.907,23.915,23.922,23.945,23.953,23.96,23.945,23.93,23.922,23.93,23.922,23.93,23.945,23.953,23.96,23.983,23.96,23.968,23.93,23.93,23.877,23.907,23.899,23.907,23.915,23.915,23.938,23.922,23.922,23.922,23.915,23.915,23.93,23.93,23.93,23.938,23.938,23.945,23.938,23.945,23.945,23.945,23.953,23.945,23.938,23.945,23.96,23.953,23.945,23.938,23.93,23.93,23.938,23.93,23.953,23.945,23.945,23.915,23.915,23.907,23.884,23.884,23.899,23.915,23.915,23.915,23.907,23.899,23.938,23.922,23.922,23.953,23.938,23.899,23.899,23.899,23.915,23.96,23.953,23.938,23.953,23.945,23.953,23.93,23.93,23.938,23.922,23.93,23.922,23.907,23.915,23.922,23.922,23.915,23.922,23.915,23.922,23.938,23.938,23.938,23.938,23.938,23.938,23.938,23.945,23.922,23.938,23.938,23.968,23.96,23.968,23.983,23.968,23.968,23.976,23.976,23.991,24.014,24.029,23.998,23.983,23.968,23.96,23.968,23.983,23.991,23.96,23.983,23.998,23.998,24.029,24.059,24.052,24.075,24.075,24.067,24.082,24.044,24.067,24.067,24.075,24.082,24.097,24.097,24.105,24.105,24.082,24.09,24.082,24.09,24.113,24.097,24.09,24.09,24.105,24.105,24.09,24.097,24.113,24.12,24.128,24.128,24.128,24.135,24.128,24.105,24.128,24.135,24.128,24.135,24.151,24.135,24.12,24.105,24.09,24.082,24.082,24.082,24.082,24.075,24.059,24.044,24.037,24.037,23.998,24.014,24.006,23.983,23.983,23.991,23.998,23.991,23.976,23.953,23.96,23.953,23.938,23.945,23.945,23.945,23.96,23.945,23.945,23.938,23.922,23.915,23.922,23.915,23.907,23.899,23.907,23.884,23.892,23.884,23.892,23.892,23.884,23.869,23.877,23.884,23.892,23.915,23.907,23.938,23.915,23.899,23.892,23.869,23.877,23.869,23.884,23.884,23.877,23.884,23.861,23.861,23.854,23.838,23.854,23.838,23.861,23.861,23.869,23.877,23.877,23.869,23.884,23.877,23.892,23.907,23.899,23.892,23.877,23.861,23.877,23.877,23.861,23.861,23.854,23.854,23.816,23.816,23.816,23.846,23.854,23.869,23.877,23.861,23.899,23.884,23.892,23.899,23.899,23.899,23.892,23.892,23.884,23.884,23.884,23.892,23.884,23.884,23.877,23.854,23.892,23.899,23.899,23.907,23.915,23.907,23.899,23.892,23.892,23.899,23.899,23.899,23.915,23.907,23.899,23.884,23.907,23.892,23.877,23.823,23.823,23.831,23.838,23.877,23.884,23.877,23.915,23.884,23.877,23.869,23.846,23.838,23.816,23.8,23.831,23.823,23.861,23.861,23.846,23.831,23.823,23.823,23.838,23.838,23.831,23.816,23.793,23.8,23.823,23.816,23.8,23.816,23.8,23.808,23.8,23.793,23.777,23.77,23.777,23.785,23.762,23.785,23.793,23.793,23.785,23.785,23.793,23.793,23.785,23.793,23.777,23.785,23.77,23.755,23.739,23.709,23.747,23.732,23.777,23.785,23.77,23.785,23.762,23.777,23.777,23.793,23.755,23.77,23.777,23.755,23.785,23.77,23.777,23.777,23.77,23.762,23.762,23.762,23.755,23.739,23.739,23.739,23.747,23.755,23.747,23.724,23.709,23.732,23.755,23.762,23.777,23.755,23.762,23.732,23.732,23.709,23.724,23.693,23.686,23.716,23.716,23.739,23.709,23.709,23.709,23.678,23.701,23.716,23.716,23.693,23.701,23.701,23.755,23.747,23.755,23.762,23.747,23.724,23.709,23.724,23.724,23.739,23.716,23.716,23.709,23.686,23.693,23.701,23.686,23.671,23.671,23.701,23.686,23.693,23.693,23.663,23.716,23.709,23.678,23.678,23.655,23.686,23.671,23.678,23.671,23.64,23.686,23.648,23.648,23.671,23.671,23.663,23.686,23.709,23.709,23.686,23.671,23.648,23.671,23.648,23.632,23.64
,23.777,23.785,23.793,23.816,23.823,23.808,23.838,23.854,23.8,23.823,23.8,23.793,23.785,23.793,23.777,23.793,23.793,23.816,23.816,23.823,23.816,23.823,23.785,23.777,23.777,23.762,23.777,23.793,23.808,23.831,23.846,23.823,23.846,23.854,23.808,23.816,23.816,23.816,23.831,23.831,23.877,23.831,23.823,23.831,23.838,23.838,23.838,23.831,23.831,23.846,23.846,23.846,23.861,23.861,23.831,23.831,23.808,23.808,23.8,23.808,23.816,23.861,23.869,23.877,23.884,23.877,23.877,23.854,23.846,23.846,23.838,23.846,23.846,23.838,23.854,23.838,23.846,23.854,23.861,23.869,23.877,23.869,23.877,23.884,23.884,23.907,23.907,23.892,23.907,23.915,23.945,23.938,23.93,23.907,23.93,23.915,23.907,23.915,23.93,23.922,23.915,23.899,23.907,23.877,23.892,23.915,23.922,23.922,23.945,23.96,23.938,23.938,23.915,23.915,23.938,23.93,23.922,23.899,23.922,23.884,23.907,23.915,23.922,23.938,23.922,23.915,23.899,23.899,23.884,23.892,23.892,23.884,23.922,23.907,23.907,23.892,23.899,23.892,23.899,23.877,23.915,23.907,23.922,23.93,23.907,23.922,23.907,23.884,23.899,23.922,23.892,23.922,23.922,23.915,23.93,23.922,23.907,23.907,23.899,23.915,23.915,23.922,23.922,23.915,23.915,23.907,23.907,23.915,23.922,23.922,23.93,23.915,23.922,23.922,23.892,23.922,23.93,23.945,23.953,23.938,23.945,23.938,23.93,23.93,23.922,23.93,23.922,23.938,23.953,23.938,23.96,23.968,23.945,23.953,23.899,23.907,23.892,23.884,23.907,23.922,23.915,23.915,23.922,23.922,23.922,23.93,23.922,23.907,23.938,23.938,23.945,23.953,23.953,23.945,23.945,23.945,23.938,23.953,23.953,23.945,23.953,23.953,23.945,23.938,23.922,23.922,23.93,23.938,23.938,23.96,23.938,23.938,23.899,23.884,23.899,23.899,23.892,23.915,23.907,23.907,23.899,23.922,23.907,23.922,23.93,23.922,23.907,23.915,23.907,23.869,23.907,23.938,23.976,23.968,23.953,23.922,23.953,23.945,23.907,23.922,23.93,23.938,23.945,23.93,23.93,23.945,23.922,23.899,23.907,23.907,23.907,23.93,23.938,23.938,23.938,23.938,23.953,23.938,23.938,23.915,23.93,23.96,23.953,23.953,23.96,23.983,23.968,23.991,23.991,23.991,23.998,23.991,24.006,24.014,23.991,23.991,23.976,23.991,23.998,23.998,23.998,23.998,24.014,24.021,24.044,24.052,24.075,24.075,24.09,24.09,24.082,24.067,24.082,24.082,24.097,24.12,24.113,24.067,24.12,24.12,24.128,24.105,24.113,24.105,24.12,24.113,24.128,24.12,24.135,24.151,24.143,24.143,24.158,24.143,24.151,24.151,24.143,24.143,24.135,24.143,24.135,24.151,24.173,24.166,24.166,24.143,24.12,24.128,24.097,24.097,24.097,24.097,24.097,24.09,24.075,24.075,24.052,24.037,24.014,24.021,24.006,23.991,24.006,23.998,23.998,23.983,23.976,23.983,23.953,23.953,23.945,23.945,23.953,23.96,23.96,23.96,23.96,23.93,23.945,23.938,23.915,23.93,23.907,23.915,23.93,23.915,23.915,23.899,23.899,23.892,23.877,23.884,23.869,23.869,23.892,23.922,23.922,23.922,23.907,23.915,23.869,23.861,23.869,23.877,23.884,23.892,23.884,23.884,23.877,23.861,23.854,23.838,23.854,23.846,23.861,23.877,23.869,23.861,23.861,23.854,23.869,23.892,23.899,23.915,23.907,23.899,23.892,23.861,23.869,23.892,23.892,23.869,23.831,23.838,23.823,23.823,23.838,23.877,23.861,23.869,23.877,23.869,23.884,23.884,23.907,23.899,23.892,23.899,23.892,23.899,23.899,23.899,23.892,23.892,23.892,23.892,23.915,23.892,23.892,23.907,23.899,23.907,23.899,23.899,23.892,23.892,23.899,23.899,23.915,23.907,23.899,23.915,23.907,23.915,23.907,23.892,23.846,23.846,23.823,23.831,23.846,23.854,23.861,23.892,23.831,23.854,23.854,23.846,23.854,23.816,23.793,23.8,23.816,23.846,23.831,23.854,23.846,23.846,23.823,23.823,23.823,23.831,23.831,23.793,23.808,23.823,23.816,23.816,23.816,23.816,23.816,23.785,23.785,23.8,23.793,23.77,23.777,23.777,23.777,23.77,23.8,23.77,23.777,23.8,23.77,23.777,23.777,23.777,23.793,23.747,23.755,23.755,23.747,23.755,23.739,23.747,23.77,23.762,23.777,23.777,23.777,23.77,23.793,23.77,23.777,23.777,23.762,23.724,23.762,23.77,23.77,23.785,23.77,23.77,23.762,23.762,23.755,23.77,23.777,23.762,23.739,23.755,23.732,23.739,23.77,23.747,23.732,23.793,23.77,23.762,23.755,23.747,23.739,23.724,23.716,23.701,23.709,23.678,23.709,23.709,23.716,23.716,23.693,23.785,23.747,23.747,23.724,23.716,23.747,23.709,23.739,23.716,23.747,23.785,23.716,23.709,23.732,23.716,23.709,23.716,23.701,23.709,23.701,23.693,23.686,23.671,23.701,23.663,23.655,23.678,23.686,23.709,23.709,23.663,23.701,23.716,23.693,23.701,23.709,23.724,23.663,23.678,23.701,23.655,23.709,23.678,23.663,23.663,23.663,23.686,23.663,23.686,23.671,23.663,23.655,23.663,23.632,23.632,23.655,23.632
,23.77,23.785,23.785,23.8,23.823,23.823,23.831,23.831,23.823,23.823,23.808,23.808,23.785,23.77,23.77,23.762,23.785,23.8,23.816,23.831,23.831,23.816,23.823,23.77,23.77,23.747,23.755,23.777,23.77,23.793,23.8,23.816,23.793,23.816,23.861,23.816,23.831,23.808,23.869,23.869,23.838,23.854,23.861,23.838,23.823,23.816,23.816,23.808,23.823,23.861,23.838,23.846,23.846,23.838,23.846,23.838,23.838,23.816,23.816,23.808,23.838,23.869,23.884,23.877,23.877,23.854,23.861,23.861,23.846,23.854,23.831,23.823,23.838,23.823,23.846,23.846,23.854,23.854,23.869,23.869,23.861,23.854,23.93,23.892,23.861,23.892,23.884,23.877,23.892,23.899,23.915,23.922,23.922,23.922,23.915,23.907,23.915,23.922,23.922,23.915,23.915,23.899,23.899,23.892,23.907,23.922,23.907,23.93,23.922,23.93,23.922,23.93,23.915,23.922,23.938,23.915,23.93,23.907,23.922,23.922,23.922,23.922,23.915,23.93,23.915,23.922,23.899,23.899,23.899,23.884,23.884,23.884,23.884,23.877,23.899,23.877,23.884,23.884,23.892,23.907,23.922,23.915,23.915,23.907,23.915,23.922,23.922,23.899,23.899,23.899,23.907,23.922,23.915,23.922,23.922,23.907,23.899,23.899,23.907,23.915,23.915,23.922,23.915,23.93,23.907,23.907,23.915,23.907,23.899,23.899,23.915,23.892,23.884,23.892,23.884,23.922,23.93,23.938,23.953,23.938,23.938,23.938,23.93,23.938,23.938,23.922,23.93,23.938,23.938,23.945,23.953,23.953,23.945,23.922,23.877,23.907,23.922,23.922,23.907,23.922,23.922,23.922,23.922,23.93,23.93,23.93,23.938,23.938,23.945,23.938,23.953,23.953,23.953,23.945,23.945,23.938,23.93,23.945,23.938,23.945,23.953,23.953,23.953,23.945,23.938,23.922,23.93,23.922,23.945,23.953,23.96,23.938,23.922,23.892,23.892,23.899,23.899,23.899,23.899,23.915,23.915,23.922,23.93,23.915,23.915,23.915,23.915,23.907,23.892,23.899,23.938,23.907,23.96,23.938,23.953,23.915,23.953,23.915,23.922,23.953,23.953,23.945,23.953,23.938,23.93,23.938,23.915,23.915,23.922,23.915,23.93,23.945,23.938,23.96,23.938,23.953,23.96,23.953,23.968,23.938,23.938,23.945,23.968,23.991,23.968,23.991,23.983,23.976,23.991,23.983,23.976,24.006,23.998,24.021,24.021,23.991,23.998,23.998,23.998,24.014,24.006,24.014,24.037,24.029,24.044,24.067,24.075,24.113,24.09,24.09,24.105,24.075,24.105,24.097,24.12,24.128,24.135,24.128,24.135,24.135,24.128,24.135,24.135,24.135,24.143,24.135,24.151,24.151,24.166,24.158,24.166,24.173,24.173,24.181,24.181,24.158,24.158,24.158,24.158,24.166,24.158,24.151,24.166,24.173,24.181,24.166,24.158,24.151,24.128,24.12,24.12,24.12,24.12,24.105,24.113,24.105,24.067,24.059,24.052,24.044,24.029,24.029,24.021,24.006,24.021,24.014,23.976,23.991,23.945,23.976,23.953,23.953,23.945,23.96,23.96,23.96,23.938,23.945,23.96,23.922,23.93,23.922,23.953,23.953,23.96,23.945,23.93,23.915,23.907,23.907,23.884,23.892,23.877,23.892,23.899,23.907,23.915,23.93,23.907,23.899,23.869,23.854,23.884,23.877,23.907,23.899,23.877,23.899,23.877,23.854,23.869,23.861,23.869,23.861,23.854,23.884,23.884,23.854,23.869,23.869,23.869,23.884,23.907,23.907,23.899,23.899,23.877,23.884,23.869,23.884,23.861,23.884,23.869,23.846,23.816,23.823,23.838,23.869,23.869,23.877,23.884,23.892,23.884,23.892,23.884,23.899,23.899,23.915,23.907,23.899,23.884,23.892,23.899,23.899,23.915,23.899,23.884,23.899,23.907,23.899,23.915,23.915,23.899,23.907,23.892,23.884,23.884,23.899,23.877,23.899,23.892,23.907,23.907,23.907,23.922,23.869,23.846,23.831,23.831,23.816,23.846,23.846,23.838,23.861,23.838,23.854,23.861,23.854,23.861,23.831,23.838,23.816,23.808,23.816,23.816,23.816,23.831,23.838,23.823,23.808,23.8,23.808,23.823,23.816,23.816,23.831,23.808,23.808,23.808,23.816,23.823,23.808,23.793,23.785,23.777,23.762,23.785,23.777,23.793,23.777,23.793,23.785,23.777,23.793,23.739,23.755,23.777,23.785,23.793,23.785,23.785,23.777,23.747,23.77,23.762,23.77,23.777,23.777,23.77,23.762,23.77,23.755,23.755,23.777,23.785,23.755,23.77,23.747,23.755,23.747,23.762,23.77,23.777,23.762,23.755,23.755,23.755,23.762,23.77,23.762,23.762,23.739,23.747,23.724,23.732,23.724,23.732,23.716,23.777,23.777,23.762,23.762,23.739,23.732,23.693,23.693,23.686,23.701,23.709,23.716,23.709,23.739,23.762,23.709,23.732,23.732,23.732,23.724,23.732,23.716,23.732,23.747,23.716,23.701,23.724,23.693,23.724,23.701,23.693,23.686,23.686,23.686,23.693,23.678,23.686,23.663,23.64,23.663,23.693,23.671,23.693,23.671,23.701,23.693,23.709,23.701,23.716,23.724,23.716,23.693,23.678,23.693,23.678,23.686,23.671,23.655,23.678,23.648,23.663,23.686,23.716,23.655,23.663,23.671,23.671,23.648,23.648,23.64,23.648,23.632
,23.785,23.762,23.808,23.793,23.785,23.823,23.808,23.808,23.808,23.793,23.777,23.77,23.747,23.785,23.77,23.77,23.808,23.816,23.808,23.823,23.831,23.8,23.808,23.8,23.77,23.739,23.77,23.77,23.77,23.793,23.808,23.8,23.808,23.808,23.808,23.831,23.808,23.838,23.816,23.823,23.838,23.838,23.838,23.831,23.838,23.831,23.831,23.816,23.823,23.846,23.854,23.846,23.846,23.823,23.846,23.838,23.838,23.816,23.831,23.823,23.838,23.877,23.892,23.869,23.877,23.861,23.869,23.854,23.861,23.846,23.838,23.831,23.831,23.846,23.846,23.854,23.861,23.861,23.854,23.854,23.854,23.846,23.838,23.869,23.877,23.892,23.861,23.869,23.877,23.884,23.93,23.915,23.907,23.938,23.922,23.922,23.915,23.907,23.892,23.907,23.892,23.892,23.892,23.899,23.899,23.96,23.93,23.93,23.922,23.922,23.899,23.915,23.907,23.915,23.922,23.938,23.93,23.96,23.938,23.93,23.938,23.907,23.922,23.915,23.915,23.907,23.907,23.899,23.899,23.892,23.884,23.869,23.884,23.869,23.892,23.907,23.877,23.899,23.922,23.915,23.938,23.922,23.922,23.93,23.899,23.922,23.915,23.899,23.899,23.907,23.915,23.93,23.922,23.915,23.907,23.899,23.892,23.899,23.915,23.922,23.922,23.922,23.938,23.945,23.945,23.915,23.922,23.907,23.915,23.907,23.915,23.892,23.915,23.907,23.892,23.93,23.938,23.953,23.945,23.922,23.938,23.938,23.938,23.945,23.938,23.93,23.915,23.922,23.922,23.907,23.938,23.93,23.922,23.93,23.922,23.938,23.945,23.93,23.938,23.922,23.93,23.93,23.93,23.93,23.93,23.945,23.945,23.945,23.945,23.945,23.945,23.968,23.96,23.945,23.945,23.938,23.93,23.93,23.938,23.93,23.968,23.945,23.938,23.945,23.93,23.915,23.915,23.907,23.93,23.922,23.953,23.915,23.93,23.922,23.915,23.907,23.899,23.899,23.899,23.907,23.907,23.907,23.907,23.915,23.922,23.922,23.899,23.907,23.907,23.93,23.915,23.915,23.953,23.938,23.922,23.953,23.945,23.953,23.93,23.945,23.945,23.976,23.968,23.968,23.96,23.968,23.93,23.922,23.915,23.93,23.945,23.968,23.96,23.96,23.96,23.953,23.968,23.976,23.968,23.953,23.945,23.953,23.991,23.976,23.983,23.983,23.991,23.983,23.991,23.96,23.991,24.021,24.014,24.006,24.006,24.014,24.006,24.021,24.029,24.037,24.037,24.029,24.044,24.044,24.075,24.075,24.075,24.105,24.113,24.113,24.105,24.097,24.12,24.135,24.128,24.151,24.143,24.151,24.151,24.143,24.151,24.158,24.158,24.166,24.151,24.151,24.166,24.166,24.166,24.196,24.189,24.211,24.219,24.204,24.196,24.189,24.189,24.189,24.189,24.181,24.173,24.181,24.189,24.189,24.196,24.189,24.189,24.166,24.166,24.158,24.151,24.135,24.128,24.105,24.105,24.09,24.067,24.082,24.075,24.067,24.052,24.052,24.052,24.037,24.052,24.059,24.006,23.998,23.983,23.983,23.968,23.976,23.968,23.968,23.96,23.96,23.953,23.945,23.953,23.938,23.945,23.945,23.96,23.953,23.96,23.96,23.945,23.93,23.938,23.922,23.892,23.907,23.907,23.907,23.915,23.915,23.93,23.907,23.907,23.884,23.884,23.884,23.854,23.861,23.877,23.892,23.892,23.892,23.884,23.877,23.869,23.869,23.861,23.877,23.899,23.869,23.877,23.877,23.877,23.854,23.869,23.884,23.892,23.899,23.899,23.877,23.884,23.884,23.884,23.899,23.884,23.869,23.846,23.854,23.838,23.846,23.854,23.861,23.884,23.892,23.884,23.884,23.884,23.877,23.861,23.892,23.892,23.899,23.907,23.915,23.907,23.892,23.899,23.884,23.915,23.915,23.892,23.907,23.892,23.899,23.907,23.907,23.899,23.877,23.884,23.877,23.877,23.877,23.892,23.899,23.907,23.892,23.892,23.861,23.869,23.884,23.869,23.846,23.831,23.823,23.823,23.838,23.869,23.861,23.854,23.854,23.861,23.861,23.869,23.846,23.838,23.785,23.8,23.8,23.8,23.838,23.838,23.823,23.823,23.816,23.816,23.793,23.8,23.785,23.816,23.808,23.77,23.816,23.816,23.831,23.816,23.808,23.77,23.785,23.77,23.785,23.808,23.846,23.8,23.77,23.77,23.793,23.77,23.793,23.747,23.77,23.762,23.793,23.793,23.785,23.762,23.785,23.762,23.793,23.785,23.785,23.77,23.777,23.777,23.777,23.747,23.762,23.755,23.777,23.755,23.77,23.77,23.77,23.762,23.747,23.747,23.777,23.755,23.762,23.747,23.739,23.739,23.755,23.77,23.762,23.762,23.755,23.747,23.747,23.724,23.747,23.755,23.755,23.747,23.777,23.785,23.762,23.762,23.755,23.716,23.701,23.663,23.709,23.709,23.693,23.739,23.716,23.701,23.732,23.747,23.747,23.739,23.724,23.724,23.732,23.709,23.724,23.747,23.701,23.716,23.686,23.693,23.693,23.693,23.686,23.678,23.693,23.693,23.678,23.693,23.648,23.678,23.632,23.686,23.671,23.678,23.709,23.671,23.701,23.701,23.693,23.732,23.724,23.716,23.739,23.709,23.686,23.709,23.693,23.678,23.678,23.678,23.701,23.648,23.648,23.655,23.663,23.648,23.663,23.655,23.686,23.632,23.663,23.648,23.625
,23.762,23.785,23.77,23.785,23.808,23.793,23.785,23.793,23.785,23.777,23.777,23.762,23.762,23.785,23.755,23.793,23.785,23.785,23.823,23.831,23.823,23.816,23.823,23.793,23.777,23.762,23.762,23.777,23.777,23.808,23.793,23.8,23.816,23.831,23.823,23.808,23.8,23.808,23.823,23.846,23.846,23.846,23.838,23.846,23.831,23.831,23.846,23.823,23.838,23.861,23.846,23.846,23.846,23.816,23.838,23.846,23.838,23.838,23.846,23.838,23.846,23.861,23.884,23.884,23.892,23.854,23.846,23.854,23.892,23.838,23.846,23.861,23.869,23.861,23.846,23.861,23.854,23.869,23.884,23.93,23.861,23.838,23.831,23.838,23.861,23.846,23.877,23.861,23.869,23.877,23.892,23.899,23.907,23.907,23.922,23.915,23.899,23.907,23.892,23.899,23.899,23.892,23.884,23.899,23.899,23.915,23.892,23.907,23.899,23.922,23.907,23.915,23.938,23.93,23.938,23.922,23.945,23.953,23.899,23.93,23.907,23.938,23.907,23.93,23.907,23.915,23.915,23.899,23.899,23.892,23.869,23.877,23.884,23.877,23.899,23.884,23.884,23.907,23.892,23.938,23.922,23.915,23.915,23.915,23.907,23.922,23.892,23.899,23.899,23.907,23.915,23.938,23.922,23.922,23.907,23.899,23.892,23.899,23.915,23.922,23.922,23.938,23.899,23.899,23.945,23.922,23.915,23.915,23.907,23.907,23.899,23.899,23.915,23.884,23.915,23.945,23.96,23.938,23.945,23.945,23.93,23.93,23.938,23.945,23.945,23.938,23.93,23.922,23.915,23.915,23.938,23.938,23.922,23.922,23.938,23.96,23.96,23.922,23.96,23.907,23.93,23.93,23.922,23.93,23.938,23.945,23.945,23.938,23.938,23.938,23.938,23.953,23.953,23.945,23.922,23.93,23.922,23.93,23.938,23.953,23.93,23.953,23.938,23.938,23.915,23.899,23.899,23.907,23.922,23.93,23.915,23.93,23.938,23.922,23.938,23.922,23.907,23.899,23.899,23.892,23.892,23.907,23.907,23.907,23.915,23.922,23.93,23.915,23.938,23.899,23.938,23.945,23.938,23.938,23.938,23.953,23.938,23.938,23.93,23.938,23.945,23.96,23.976,23.976,23.983,23.968,23.953,23.938,23.915,23.945,23.96,23.968,23.976,23.968,23.96,23.96,23.968,23.983,23.976,23.983,23.96,23.96,23.968,24.014,24.006,24.014,23.998,24.006,23.953,23.998,24.006,24.037,24.021,24.021,24.021,24.014,24.029,24.029,24.044,24.059,24.059,24.075,24.067,24.09,24.09,24.097,24.105,24.113,24.12,24.128,24.135,24.135,24.151,24.151,24.181,24.166,24.158,24.151,24.166,24.158,24.189,24.189,24.173,24.196,24.196,24.196,24.196,24.204,24.211,24.211,24.234,24.249,24.227,24.257,24.234,24.227,24.242,24.211,24.204,24.211,24.204,24.196,24.211,24.196,24.211,24.219,24.204,24.211,24.211,24.196,24.181,24.166,24.151,24.128,24.143,24.105,24.113,24.12,24.097,24.12,24.09,24.097,24.09,24.075,24.075,24.044,24.021,24.014,23.998,23.983,23.983,23.983,23.983,23.96,23.968,23.96,23.976,23.983,23.976,23.976,23.968,23.96,23.945,23.976,23.968,23.96,23.96,23.938,23.938,23.93,23.915,23.915,23.915,23.915,23.93,23.93,23.915,23.899,23.922,23.892,23.899,23.892,23.884,23.877,23.899,23.884,23.877,23.899,23.899,23.892,23.892,23.899,23.884,23.877,23.884,23.869,23.869,23.869,23.861,23.861,23.861,23.884,23.877,23.884,23.884,23.892,23.892,23.884,23.884,23.869,23.892,23.877,23.869,23.869,23.869,23.854,23.869,23.877,23.892,23.899,23.892,23.884,23.877,23.884,23.884,23.907,23.922,23.93,23.922,23.907,23.892,23.884,23.907,23.907,23.93,23.877,23.899,23.884,23.884,23.899,23.892,23.899,23.899,23.884,23.884,23.884,23.877,23.869,23.877,23.877,23.892,23.877,23.877,23.877,23.869,23.846,23.838,23.823,23.823,23.823,23.838,23.838,23.838,23.877,23.877,23.861,23.861,23.854,23.861,23.854,23.846,23.8,23.8,23.793,23.816,23.816,23.823,23.838,23.831,23.823,23.808,23.8,23.785,23.8,23.793,23.8,23.793,23.8,23.816,23.8,23.808,23.793,23.777,23.785,23.777,23.816,23.831,23.777,23.831,23.838,23.8,23.793,23.785,23.777,23.77,23.777,23.785,23.8,23.808,23.793,23.785,23.762,23.77,23.785,23.77,23.777,23.785,23.77,23.777,23.785,23.77,23.762,23.777,23.785,23.777,23.762,23.747,23.755,23.747,23.762,23.762,23.755,23.755,23.747,23.739,23.732,23.755,23.755,23.755,23.785,23.762,23.762,23.732,23.724,23.724,23.732,23.739,23.755,23.77,23.762,23.777,23.77,23.747,23.709,23.686,23.686,23.678,23.686,23.693,23.724,23.724,23.709,23.732,23.724,23.739,23.732,23.77,23.762,23.77,23.755,23.739,23.716,23.724,23.701,23.686,23.686,23.701,23.701,23.686,23.686,23.693,23.671,23.663,23.678,23.693,23.678,23.686,23.686,23.686,23.716,23.732,23.716,23.686,23.701,23.701,23.716,23.724,23.732,23.732,23.701,23.701,23.701,23.701,23.701,23.709,23.693,23.671,23.663,23.663,23.64,23.632,23.648,23.663,23.663,23.686,23.663,23.655,23.648,23.625,23.632
,23.785,23.777,23.793,23.793,23.8,23.808,23.785,23.777,23.777,23.777,23.8,23.777,23.777,23.77,23.77,23.793,23.77,23.793,23.8,23.816,23.823,23.831,23.823,23.808,23.785,23.77,23.77,23.785,23.8,23.793,23.793,23.793,23.838,23.838,23.816,23.808,23.808,23.816,23.838,23.838,23.854,23.846,23.838,23.831,23.831,23.823,23.816,23.831,23.854,23.854,23.846,23.869,23.854,23.854,23.838,23.816,23.854,23.861,23.877,23.877,23.861,23.869,23.892,23.915,23.884,23.877,23.869,23.854,23.846,23.854,23.846,23.861,23.869,23.861,23.877,23.869,23.869,23.877,23.877,23.877,23.854,23.838,23.838,23.846,23.838,23.884,23.884,23.884,23.869,23.877,23.892,23.907,23.915,23.915,23.915,23.915,23.915,23.907,23.892,23.907,23.892,23.899,23.899,23.892,23.884,23.907,23.892,23.892,23.899,23.907,23.899,23.915,23.915,23.922,23.93,23.922,23.945,23.922,23.93,23.953,23.945,23.938,23.922,23.907,23.915,23.899,23.907,23.907,23.899,23.892,23.884,23.869,23.877,23.869,23.907,23.93,23.899,23.907,23.922,23.922,23.915,23.899,23.922,23.892,23.899,23.892,23.899,23.892,23.899,23.907,23.915,23.922,23.922,23.922,23.915,23.907,23.899,23.907,23.907,23.915,23.915,23.915,23.915,23.922,23.93,23.922,23.922,23.907,23.922,23.907,23.907,23.915,23.892,23.892,23.945,23.945,23.96,23.93,23.915,23.915,23.922,23.922,23.938,23.938,23.945,23.93,23.915,23.922,23.915,23.922,23.915,23.915,23.922,23.938,23.938,23.953,23.945,23.93,23.922,23.922,23.922,23.922,23.93,23.938,23.945,23.953,23.945,23.938,23.938,23.938,23.938,23.945,23.96,23.922,23.945,23.93,23.93,23.93,23.938,23.945,23.953,23.93,23.953,23.938,23.922,23.899,23.899,23.907,23.922,23.915,23.93,23.938,23.922,23.945,23.922,23.93,23.899,23.892,23.899,23.892,23.899,23.899,23.915,23.915,23.922,23.907,23.93,23.915,23.915,23.899,23.915,23.915,23.915,23.938,23.945,23.938,23.93,23.953,23.938,23.953,23.953,23.968,23.976,23.976,23.976,23.96,23.953,23.938,23.96,23.968,23.968,23.983,23.983,23.983,23.976,23.998,24.037,24.006,24.006,23.983,23.983,23.998,23.998,24.014,24.006,24.014,24.021,23.998,24.014,24.006,24.021,24.044,24.044,24.037,24.029,24.029,24.037,24.052,24.067,24.075,24.075,24.082,24.082,24.067,24.113,24.105,24.128,24.143,24.135,24.158,24.158,24.166,24.181,24.181,24.166,24.166,24.196,24.189,24.189,24.211,24.189,24.211,24.211,24.227,24.227,24.219,24.227,24.227,24.227,24.242,24.265,24.28,24.265,24.28,24.257,24.249,24.257,24.242,24.249,24.249,24.227,24.219,24.227,24.219,24.249,24.234,24.234,24.242,24.227,24.219,24.219,24.181,24.189,24.189,24.128,24.143,24.151,24.143,24.128,24.143,24.128,24.128,24.151,24.12,24.097,24.059,24.052,24.044,24.014,24.021,24.014,23.998,24.014,23.998,23.968,23.983,23.968,23.968,23.991,23.976,23.976,23.998,23.983,23.976,23.991,23.96,23.968,23.96,23.953,23.938,23.938,23.93,23.915,23.93,23.945,23.938,23.915,23.922,23.907,23.907,23.899,23.915,23.899,23.892,23.907,23.899,23.907,23.907,23.915,23.922,23.907,23.892,23.884,23.884,23.892,23.892,23.884,23.892,23.884,23.884,23.869,23.877,23.877,23.892,23.877,23.877,23.869,23.861,23.869,23.877,23.861,23.869,23.877,23.877,23.869,23.869,23.877,23.892,23.892,23.907,23.907,23.892,23.907,23.877,23.861,23.907,23.93,23.938,23.93,23.922,23.907,23.884,23.892,23.892,23.899,23.899,23.892,23.877,23.884,23.892,23.884,23.899,23.892,23.892,23.915,23.861,23.869,23.869,23.877,23.869,23.869,23.861,23.854,23.854,23.854,23.846,23.854,23.823,23.831,23.831,23.846,23.877,23.892,23.884,23.869,23.846,23.861,23.869,23.861,23.846,23.838,23.808,23.793,23.793,23.808,23.823,23.816,23.831,23.838,23.823,23.831,23.808,23.816,23.8,23.793,23.77,23.8,23.8,23.8,23.808,23.808,23.8,23.785,23.785,23.808,23.793,23.808,23.8,23.816,23.816,23.793,23.785,23.755,23.77,23.762,23.785,23.8,23.808,23.793,23.808,23.77,23.785,23.762,23.77,23.793,23.785,23.8,23.785,23.777,23.762,23.77,23.785,23.785,23.762,23.793,23.8,23.762,23.709,23.724,23.739,23.755,23.762,23.762,23.762,23.732,23.732,23.747,23.739,23.77,23.777,23.77,23.762,23.747,23.709,23.739,23.716,23.739,23.755,23.755,23.762,23.777,23.747,23.762,23.747,23.686,23.716,23.693,23.693,23.701,23.709,23.732,23.732,23.755,23.747,23.732,23.77,23.762,23.716,23.732,23.747,23.747,23.755,23.716,23.762,23.716,23.701,23.686,23.693,23.724,23.709,23.671,23.693,23.686,23.686,23.693,23.693,23.678,23.693,23.716,23.701,23.693,23.701,23.686,23.709,23.701,23.709,23.701,23.739,23.724,23.709,23.701,23.686,23.693,23.693,23.701,23.709,23.686,23.701,23.663,23.663,23.64,23.686,23.686,23.701,23.709,23.678,23.663,23.632,23.632,23.617
,23.747,23.777,23.808,23.816,23.8,23.777,23.77,23.77,23.762,23.762,23.8,23.785,23.777,23.77,23.777,23.77,23.785,23.777,23.816,23.816,23.823,23.831,23.831,23.793,23.823,23.808,23.808,23.816,23.808,23.8,23.8,23.8,23.808,23.831,23.831,23.823,23.816,23.816,23.831,23.823,23.823,23.831,23.838,23.831,23.823,23.823,23.831,23.838,23.861,23.846,23.846,23.854,23.854,23.854,23.854,23.838,23.838,23.846,23.861,23.846,23.869,23.877,23.861,23.892,23.877,23.869,23.861,23.861,23.838,23.877,23.877,23.892,23.854,23.869,23.877,23.869,23.884,23.877,23.877,23.892,23.869,23.869,23.846,23.861,23.861,23.899,23.892,23.907,23.892,23.899,23.899,23.892,23.899,23.907,23.892,23.884,23.892,23.899,23.899,23.892,23.915,23.892,23.892,23.854,23.892,23.892,23.907,23.892,23.884,23.892,23.884,23.899,23.907,23.93,23.915,23.922,23.922,23.938,23.915,23.945,23.915,23.892,23.93,23.922,23.915,23.907,23.907,23.907,23.907,23.915,23.899,23.877,23.884,23.877,23.892,23.907,23.907,23.907,23.915,23.922,23.915,23.899,23.907,23.884,23.892,23.899,23.899,23.892,23.892,23.892,23.907,23.907,23.915,23.922,23.907,23.907,23.922,23.915,23.907,23.93,23.938,23.907,23.915,23.922,23.915,23.93,23.93,23.922,23.922,23.915,23.907,23.907,23.915,23.915,23.922,23.93,23.915,23.915,23.922,23.907,23.915,23.922,23.922,23.93,23.922,23.922,23.907,23.915,23.915,23.907,23.899,23.884,23.915,23.938,23.938,23.938,23.93,23.915,23.953,23.938,23.915,23.93,23.93,23.938,23.945,23.953,23.945,23.93,23.93,23.938,23.938,23.945,23.968,23.945,23.945,23.922,23.93,23.93,23.938,23.953,23.945,23.93,23.938,23.915,23.922,23.915,23.922,23.907,23.907,23.922,23.922,23.93,23.93,23.938,23.93,23.945,23.938,23.907,23.892,23.884,23.907,23.907,23.915,23.922,23.93,23.945,23.938,23.915,23.922,23.899,23.907,23.922,23.922,23.922,23.938,23.922,23.93,23.938,23.96,23.96,23.968,23.96,23.976,23.976,23.976,23.96,23.953,23.96,23.96,23.976,23.983,23.991,23.983,23.991,23.983,23.983,24.021,23.998,24.006,23.991,23.991,24.006,23.998,24.014,24.006,24.044,24.044,23.998,24.006,24.037,24.044,24.052,24.059,24.067,24.052,24.052,24.052,24.075,24.082,24.097,24.097,24.105,24.09,24.113,24.128,24.151,24.158,24.158,24.166,24.173,24.181,24.189,24.196,24.211,24.204,24.189,24.211,24.219,24.234,24.242,24.234,24.242,24.249,24.265,24.265,24.257,24.265,24.257,24.257,24.287,24.295,24.28,24.287,24.295,24.28,24.295,24.272,24.28,24.265,24.257,24.249,24.257,24.272,24.272,24.265,24.265,24.272,24.272,24.242,24.257,24.242,24.227,24.219,24.181,24.173,24.173,24.158,24.158,24.166,24.158,24.173,24.143,24.158,24.158,24.143,24.113,24.082,24.052,24.044,24.037,24.037,24.021,24.021,23.998,24.014,24.006,23.998,24.006,24.006,24.006,23.991,23.998,23.96,23.96,23.976,23.976,23.983,23.96,23.953,23.953,23.945,23.938,23.938,23.938,23.96,23.96,23.953,23.938,23.922,23.907,23.922,23.915,23.907,23.907,23.907,23.907,23.899,23.915,23.915,23.907,23.899,23.884,23.892,23.907,23.884,23.899,23.892,23.877,23.892,23.884,23.892,23.884,23.861,23.877,23.877,23.877,23.869,23.861,23.877,23.869,23.869,23.877,23.877,23.877,23.892,23.884,23.884,23.892,23.907,23.915,23.915,23.899,23.877,23.877,23.899,23.907,23.922,23.938,23.945,23.93,23.915,23.892,23.884,23.861,23.892,23.861,23.869,23.869,23.861,23.899,23.892,23.922,23.899,23.899,23.892,23.854,23.884,23.869,23.869,23.861,23.869,23.877,23.869,23.861,23.838,23.838,23.831,23.823,23.854,23.838,23.861,23.877,23.877,23.884,23.884,23.861,23.838,23.846,23.869,23.854,23.831,23.808,23.808,23.808,23.823,23.823,23.808,23.846,23.831,23.838,23.838,23.831,23.816,23.808,23.8,23.785,23.793,23.808,23.823,23.816,23.8,23.793,23.8,23.8,23.8,23.793,23.8,23.793,23.793,23.8,23.785,23.762,23.77,23.762,23.762,23.777,23.785,23.793,23.793,23.77,23.77,23.747,23.739,23.77,23.777,23.777,23.785,23.793,23.785,23.793,23.785,23.793,23.8,23.77,23.777,23.762,23.793,23.716,23.739,23.732,23.747,23.747,23.755,23.755,23.747,23.747,23.755,23.762,23.762,23.777,23.755,23.785,23.762,23.747,23.762,23.709,23.747,23.755,23.77,23.77,23.77,23.793,23.77,23.755,23.739,23.716,23.716,23.686,23.686,23.701,23.701,23.724,23.739,23.747,23.755,23.777,23.762,23.755,23.77,23.739,23.747,23.755,23.747,23.739,23.701,23.724,23.724,23.701,23.701,23.693,23.678,23.678,23.663,23.678,23.701,23.686,23.693,23.686,23.701,23.709,23.686,23.686,23.678,23.686,23.693,23.686,23.716,23.693,23.716,23.678,23.686,23.686,23.693,23.701,23.709,23.716,23.686,23.693,23.617,23.64,23.632,23.655,23.686,23.716,23.678,23.686,23.663,23.64,23.625,23.602
,23.777,23.785,23.777,23.793,23.8,23.793,23.785,23.777,23.762,23.777,23.793,23.785,23.785,23.785,23.777,23.762,23.793,23.785,23.808,23.823,23.823,23.831,23.846,23.823,23.823,23.816,23.816,23.823,23.8,23.816,23.8,23.8,23.808,23.808,23.831,23.823,23.831,23.823,23.838,23.831,23.846,23.831,23.816,23.838,23.823,23.838,23.823,23.831,23.846,23.854,23.877,23.861,23.861,23.838,23.838,23.838,23.846,23.838,23.854,23.854,23.869,23.861,23.884,23.838,23.838,23.869,23.877,23.869,23.823,23.846,23.869,23.884,23.899,23.892,23.877,23.861,23.869,23.884,23.884,23.892,23.884,23.861,23.869,23.869,23.877,23.899,23.907,23.922,23.907,23.899,23.877,23.877,23.869,23.884,23.892,23.877,23.899,23.907,23.899,23.922,23.93,23.907,23.892,23.892,23.892,23.892,23.899,23.892,23.892,23.877,23.907,23.907,23.907,23.892,23.915,23.938,23.93,23.907,23.915,23.938,23.922,23.938,23.922,23.907,23.907,23.899,23.907,23.907,23.915,23.922,23.892,23.884,23.915,23.884,23.892,23.907,23.907,23.922,23.899,23.907,23.892,23.892,23.877,23.892,23.892,23.884,23.892,23.899,23.884,23.892,23.892,23.915,23.915,23.915,23.915,23.922,23.915,23.915,23.915,23.907,23.907,23.907,23.922,23.93,23.953,23.938,23.93,23.93,23.922,23.922,23.907,23.915,23.922,23.907,23.938,23.93,23.915,23.945,23.915,23.907,23.907,23.907,23.915,23.907,23.922,23.915,23.915,23.915,23.915,23.938,23.907,23.892,23.915,23.953,23.93,23.938,23.938,23.93,23.93,23.915,23.907,23.922,23.938,23.945,23.953,23.953,23.945,23.945,23.93,23.938,23.93,23.93,23.938,23.945,23.945,23.938,23.938,23.938,23.953,23.953,23.96,23.945,23.915,23.93,23.915,23.93,23.915,23.922,23.93,23.922,23.93,23.922,23.922,23.93,23.922,23.938,23.938,23.938,23.915,23.907,23.907,23.907,23.93,23.945,23.953,23.922,23.93,23.93,23.907,23.922,23.915,23.915,23.915,23.922,23.915,23.945,23.93,23.938,23.953,23.945,23.953,23.953,23.968,23.968,23.96,23.953,23.968,23.968,23.968,23.983,23.968,23.998,24.006,24.006,23.998,24.006,24.006,23.998,23.991,24.006,23.998,24.006,24.014,24.014,24.029,24.044,24.029,24.037,24.037,24.044,24.059,24.067,24.082,24.075,24.075,24.075,24.082,24.09,24.097,24.113,24.113,24.12,24.12,24.128,24.151,24.166,24.173,24.181,24.189,24.204,24.227,24.219,24.219,24.234,24.211,24.219,24.242,24.242,24.257,24.272,24.287,24.28,24.272,24.303,24.318,24.303,24.295,24.31,24.318,24.325,24.333,24.325,24.333,24.318,24.318,24.318,24.31,24.325,24.318,24.333,24.295,24.295,24.31,24.318,24.325,24.303,24.295,24.287,24.287,24.28,24.272,24.257,24.272,24.234,24.227,24.211,24.204,24.219,24.204,24.196,24.151,24.173,24.173,24.166,24.166,24.151,24.113,24.113,24.075,24.075,24.059,24.052,24.059,24.037,24.044,24.021,24.021,24.021,24.021,24.014,24.006,24.014,23.983,24.006,24.006,23.96,23.968,23.983,23.983,23.983,23.945,23.945,23.938,23.945,23.953,23.976,23.953,23.953,23.922,23.922,23.93,23.93,23.93,23.93,23.922,23.922,23.93,23.922,23.922,23.922,23.915,23.907,23.884,23.922,23.907,23.907,23.899,23.884,23.892,23.884,23.869,23.899,23.884,23.907,23.877,23.869,23.877,23.869,23.884,23.877,23.877,23.884,23.877,23.884,23.892,23.884,23.884,23.899,23.899,23.922,23.922,23.915,23.907,23.884,23.892,23.915,23.922,23.945,23.93,23.915,23.907,23.907,23.907,23.877,23.907,23.838,23.854,23.861,23.877,23.869,23.892,23.945,23.938,23.907,23.884,23.877,23.846,23.861,23.869,23.869,23.884,23.861,23.869,23.846,23.838,23.838,23.838,23.838,23.861,23.869,23.869,23.884,23.877,23.861,23.877,23.854,23.861,23.861,23.846,23.846,23.846,23.816,23.816,23.808,23.816,23.816,23.823,23.846,23.831,23.846,23.854,23.823,23.816,23.8,23.8,23.8,23.8,23.823,23.831,23.808,23.785,23.808,23.793,23.785,23.808,23.793,23.793,23.8,23.8,23.777,23.777,23.77,23.77,23.755,23.77,23.777,23.777,23.716,23.785,23.762,23.755,23.739,23.739,23.755,23.77,23.777,23.777,23.777,23.785,23.793,23.8,23.785,23.793,23.77,23.777,23.732,23.755,23.732,23.739,23.762,23.739,23.762,23.762,23.755,23.77,23.755,23.762,23.755,23.747,23.762,23.755,23.77,23.747,23.747,23.77,23.747,23.755,23.755,23.762,23.762,23.755,23.724,23.739,23.762,23.732,23.732,23.732,23.709,23.701,23.686,23.716,23.701,23.709,23.739,23.762,23.77,23.762,23.747,23.732,23.693,23.724,23.739,23.747,23.732,23.724,23.724,23.77,23.755,23.716,23.739,23.678,23.663,23.671,23.663,23.709,23.701,23.693,23.693,23.693,23.671,23.648,23.701,23.663,23.686,23.686,23.686,23.693,23.671,23.663,23.671,23.671,23.671,23.693,23.693,23.716,23.709,23.693,23.663,23.648,23.625,23.632,23.671,23.678,23.701,23.686,23.686,23.663,23.663,23.602,23.586
,23.785,23.785,23.777,23.785,23.777,23.762,23.77,23.777,23.777,23.793,23.793,23.777,23.777,23.747,23.755,23.77,23.785,23.793,23.8,23.816,23.831,23.838,23.808,23.8,23.831,23.823,23.808,23.823,23.816,23.808,23.8,23.808,23.823,23.823,23.816,23.808,23.808,23.831,23.816,23.831,23.816,23.831,23.846,23.831,23.846,23.823,23.823,23.831,23.816,23.846,23.861,23.854,23.861,23.846,23.831,23.831,23.838,23.854,23.854,23.854,23.877,23.846,23.846,23.838,23.846,23.884,23.877,23.899,23.854,23.861,23.877,23.907,23.899,23.877,23.884,23.869,23.869,23.877,23.884,23.869,23.877,23.869,23.884,23.877,23.892,23.899,23.93,23.93,23.922,23.915,23.884,23.877,23.854,23.877,23.884,23.884,23.899,23.922,23.915,23.93,23.899,23.877,23.907,23.884,23.899,23.899,23.915,23.907,23.922,23.861,23.899,23.884,23.892,23.907,23.922,23.938,23.922,23.93,23.938,23.93,23.93,23.922,23.922,23.899,23.899,23.907,23.907,23.915,23.915,23.915,23.915,23.922,23.922,23.892,23.915,23.899,23.922,23.922,23.899,23.892,23.884,23.884,23.869,23.861,23.884,23.884,23.892,23.899,23.899,23.892,23.892,23.899,23.907,23.915,23.915,23.922,23.938,23.93,23.938,23.922,23.922,23.915,23.907,23.945,23.945,23.953,23.938,23.96,23.938,23.93,23.915,23.915,23.907,23.907,23.922,23.922,23.922,23.907,23.907,23.907,23.907,23.915,23.907,23.907,23.899,23.915,23.907,23.922,23.915,23.915,23.96,23.938,23.938,23.93,23.938,23.938,23.938,23.938,23.922,23.915,23.915,23.922,23.945,23.953,23.96,23.953,23.953,23.945,23.945,23.938,23.93,23.938,23.945,23.945,23.945,23.93,23.938,23.93,23.938,23.953,23.93,23.938,23.953,23.953,23.922,23.915,23.938,23.93,23.938,23.93,23.922,23.93,23.93,23.922,23.938,23.938,23.938,23.945,23.922,23.922,23.915,23.915,23.93,23.945,23.938,23.953,23.938,23.93,23.922,23.915,23.915,23.907,23.922,23.945,23.915,23.922,23.945,23.945,23.945,23.96,23.953,23.976,23.968,23.968,23.96,23.96,23.976,23.983,23.983,23.991,23.991,23.983,24.006,23.998,24.006,24.006,24.006,23.998,23.991,24.014,24.006,24.029,24.014,24.021,24.037,24.037,24.044,24.052,24.052,24.075,24.075,24.105,24.12,24.128,24.105,24.113,24.12,24.12,24.128,24.128,24.143,24.128,24.135,24.166,24.189,24.181,24.204,24.227,24.211,24.234,24.249,24.249,24.249,24.257,24.265,24.265,24.265,24.28,24.28,24.303,24.295,24.325,24.31,24.333,24.356,24.363,24.341,24.341,24.356,24.394,24.371,24.371,24.363,24.363,24.363,24.356,24.379,24.356,24.341,24.325,24.348,24.333,24.333,24.363,24.348,24.341,24.325,24.318,24.31,24.325,24.318,24.31,24.272,24.257,24.219,24.257,24.242,24.234,24.242,24.234,24.211,24.189,24.196,24.158,24.173,24.166,24.151,24.135,24.113,24.12,24.113,24.059,24.067,24.075,24.052,24.052,24.044,24.037,24.029,24.029,24.037,24.006,23.983,23.991,23.991,23.983,23.976,23.998,23.968,23.976,23.968,23.96,23.96,23.96,23.976,23.983,23.968,23.945,23.93,23.93,23.93,23.93,23.938,23.938,23.93,23.922,23.93,23.93,23.922,23.915,23.907,23.892,23.915,23.922,23.915,23.915,23.907,23.892,23.915,23.907,23.915,23.899,23.907,23.892,23.892,23.877,23.892,23.869,23.869,23.884,23.884,23.892,23.884,23.899,23.884,23.892,23.892,23.892,23.892,23.915,23.915,23.907,23.899,23.907,23.899,23.899,23.915,23.915,23.915,23.915,23.892,23.899,23.892,23.922,23.846,23.854,23.846,23.846,23.869,23.892,23.922,23.899,23.899,23.892,23.884,23.877,23.869,23.877,23.884,23.884,23.877,23.861,23.838,23.816,23.831,23.816,23.823,23.854,23.861,23.877,23.877,23.884,23.869,23.861,23.861,23.861,23.854,23.846,23.831,23.823,23.831,23.816,23.823,23.823,23.808,23.816,23.816,23.823,23.831,23.846,23.854,23.831,23.793,23.8,23.793,23.808,23.823,23.831,23.831,23.8,23.808,23.8,23.793,23.793,23.793,23.793,23.785,23.793,23.785,23.785,23.793,23.755,23.77,23.747,23.747,23.762,23.762,23.747,23.762,23.732,23.732,23.739,23.739,23.755,23.755,23.77,23.777,23.785,23.77,23.785,23.793,23.785,23.777,23.8,23.793,23.762,23.793,23.777,23.785,23.785,23.747,23.77,23.755,23.762,23.77,23.785,23.739,23.747,23.755,23.739,23.762,23.762,23.755,23.808,23.793,23.777,23.77,23.777,23.77,23.755,23.747,23.77,23.755,23.747,23.732,23.716,23.724,23.709,23.724,23.701,23.709,23.701,23.724,23.747,23.755,23.808,23.777,23.77,23.747,23.709,23.747,23.724,23.686,23.739,23.739,23.739,23.755,23.701,23.732,23.701,23.686,23.671,23.678,23.678,23.693,23.709,23.686,23.701,23.678,23.686,23.655,23.655,23.686,23.671,23.701,23.716,23.701,23.678,23.671,23.678,23.671,23.655,23.678,23.709,23.716,23.701,23.686,23.716,23.663,23.655,23.648,23.678,23.671,23.701,23.686,23.693,23.671,23.648,23.632,23.617
,23.785,23.8,23.777,23.777,23.762,23.755,23.77,23.762,23.777,23.755,23.785,23.762,23.755,23.747,23.77,23.77,23.77,23.777,23.793,23.831,23.838,23.823,23.816,23.8,23.8,23.808,23.8,23.8,23.793,23.816,23.831,23.823,23.816,23.823,23.808,23.816,23.785,23.808,23.816,23.823,23.838,23.838,23.816,23.861,23.838,23.838,23.831,23.823,23.831,23.846,23.846,23.854,23.838,23.846,23.838,23.838,23.831,23.846,23.831,23.831,23.831,23.854,23.823,23.823,23.831,23.846,23.869,23.899,23.892,23.854,23.877,23.861,23.884,23.892,23.869,23.877,23.869,23.877,23.861,23.869,23.877,23.892,23.892,23.915,23.915,23.915,23.907,23.907,23.899,23.899,23.869,23.884,23.846,23.877,23.869,23.877,23.884,23.899,23.915,23.922,23.915,23.892,23.907,23.915,23.915,23.915,23.907,23.945,23.915,23.907,23.907,23.899,23.892,23.907,23.884,23.922,23.915,23.907,23.915,23.922,23.93,23.915,23.907,23.899,23.899,23.915,23.915,23.93,23.922,23.922,23.93,23.915,23.93,23.899,23.899,23.899,23.899,23.907,23.907,23.884,23.884,23.877,23.861,23.892,23.861,23.915,23.907,23.907,23.907,23.907,23.915,23.915,23.899,23.907,23.922,23.915,23.922,23.93,23.93,23.93,23.93,23.922,23.907,23.938,23.96,23.96,23.968,23.968,23.953,23.93,23.93,23.915,23.915,23.915,23.93,23.93,23.915,23.907,23.907,23.915,23.907,23.907,23.915,23.892,23.915,23.915,23.899,23.922,23.93,23.96,23.938,23.938,23.96,23.945,23.938,23.945,23.953,23.93,23.938,23.922,23.938,23.945,23.945,23.96,23.953,23.938,23.953,23.953,23.945,23.945,23.938,23.93,23.945,23.945,23.938,23.938,23.938,23.93,23.938,23.938,23.922,23.953,23.922,23.93,23.938,23.938,23.938,23.922,23.922,23.938,23.922,23.922,23.93,23.93,23.938,23.945,23.938,23.945,23.938,23.93,23.922,23.938,23.945,23.945,23.96,23.953,23.945,23.938,23.93,23.93,23.938,23.938,23.953,23.945,23.93,23.945,23.96,23.945,23.96,23.96,23.968,23.976,23.968,23.96,23.953,23.983,23.991,23.991,23.998,24.006,23.998,23.991,23.991,23.998,23.998,23.998,23.998,24.006,24.006,23.998,24.006,24.037,24.037,24.075,24.067,24.052,24.067,24.075,24.067,24.082,24.097,24.12,24.128,24.151,24.166,24.143,24.151,24.143,24.135,24.143,24.135,24.135,24.173,24.181,24.204,24.227,24.227,24.234,24.257,24.249,24.28,24.295,24.287,24.303,24.28,24.295,24.303,24.303,24.325,24.325,24.333,24.348,24.356,24.401,24.371,24.379,24.401,24.409,24.462,24.462,24.424,24.416,24.409,24.394,24.409,24.424,24.409,24.394,24.371,24.379,24.379,24.363,24.401,24.379,24.394,24.409,24.348,24.363,24.363,24.348,24.348,24.303,24.333,24.28,24.265,24.295,24.257,24.265,24.287,24.242,24.242,24.204,24.211,24.211,24.196,24.173,24.189,24.196,24.151,24.143,24.135,24.113,24.067,24.082,24.075,24.075,24.075,24.067,24.052,24.044,24.052,24.037,24.014,23.983,23.983,23.976,23.976,23.968,23.976,23.991,23.991,23.998,23.976,24.006,23.991,23.983,23.968,23.96,23.945,23.938,23.945,23.945,23.938,23.938,23.938,23.945,23.938,23.93,23.93,23.93,23.922,23.922,23.93,23.907,23.915,23.915,23.907,23.907,23.907,23.907,23.899,23.907,23.892,23.892,23.892,23.884,23.892,23.884,23.892,23.892,23.892,23.892,23.899,23.884,23.907,23.892,23.899,23.892,23.892,23.899,23.899,23.899,23.899,23.899,23.899,23.892,23.907,23.907,23.892,23.899,23.892,23.884,23.877,23.877,23.861,23.861,23.838,23.861,23.861,23.915,23.907,23.869,23.899,23.884,23.877,23.861,23.861,23.892,23.899,23.892,23.877,23.869,23.854,23.831,23.831,23.831,23.854,23.831,23.861,23.861,23.869,23.869,23.869,23.861,23.869,23.861,23.846,23.877,23.823,23.808,23.808,23.808,23.793,23.823,23.816,23.808,23.808,23.823,23.831,23.838,23.838,23.831,23.831,23.793,23.793,23.8,23.816,23.808,23.831,23.816,23.808,23.8,23.808,23.785,23.793,23.8,23.793,23.793,23.8,23.785,23.785,23.77,23.77,23.777,23.755,23.747,23.755,23.747,23.755,23.732,23.732,23.747,23.739,23.762,23.747,23.747,23.77,23.77,23.762,23.762,23.77,23.762,23.8,23.808,23.785,23.77,23.777,23.777,23.747,23.785,23.77,23.762,23.77,23.77,23.77,23.777,23.77,23.755,23.747,23.747,23.747,23.755,23.777,23.747,23.777,23.777,23.77,23.785,23.777,23.755,23.793,23.747,23.739,23.739,23.739,23.732,23.724,23.732,23.709,23.716,23.693,23.701,23.724,23.732,23.732,23.739,23.747,23.739,23.724,23.755,23.724,23.701,23.724,23.732,23.739,23.739,23.739,23.739,23.724,23.724,23.709,23.655,23.671,23.678,23.678,23.701,23.693,23.678,23.678,23.655,23.655,23.663,23.716,23.678,23.724,23.648,23.686,23.663,23.693,23.678,23.663,23.671,23.701,23.709,23.693,23.64,23.686,23.716,23.671,23.655,23.655,23.671,23.678,23.671,23.678,23.693,23.686,23.655,23.663,23.625
,23.77,23.785,23.793,23.8,23.785,23.777,23.755,23.777,23.785,23.793,23.77,23.77,23.755,23.755,23.77,23.777,23.793,23.793,23.808,23.838,23.846,23.823,23.838,23.816,23.808,23.785,23.785,23.808,23.816,23.808,23.831,23.831,23.838,23.8,23.816,23.793,23.831,23.808,23.823,23.846,23.823,23.808,23.831,23.831,23.831,23.831,23.831,23.831,23.816,23.861,23.838,23.831,23.861,23.831,23.861,23.861,23.831,23.823,23.838,23.838,23.854,23.823,23.846,23.838,23.854,23.861,23.877,23.884,23.899,23.884,23.877,23.884,23.869,23.899,23.877,23.877,23.861,23.861,23.861,23.869,23.869,23.884,23.899,23.892,23.892,23.899,23.892,23.899,23.915,23.869,23.907,23.877,23.884,23.877,23.884,23.899,23.907,23.922,23.922,23.922,23.922,23.892,23.907,23.899,23.907,23.922,23.907,23.892,23.922,23.915,23.915,23.938,23.922,23.922,23.907,23.907,23.922,23.922,23.945,23.93,23.93,23.884,23.899,23.892,23.907,23.907,23.93,23.922,23.915,23.922,23.93,23.922,23.922,23.915,23.899,23.922,23.907,23.907,23.892,23.877,23.869,23.869,23.869,23.869,23.869,23.892,23.922,23.915,23.922,23.922,23.915,23.899,23.907,23.892,23.899,23.93,23.915,23.938,23.93,23.922,23.938,23.93,23.953,23.976,23.976,23.983,23.96,23.953,23.953,23.938,23.938,23.93,23.922,23.922,23.907,23.922,23.915,23.93,23.922,23.915,23.93,23.907,23.907,23.907,23.907,23.907,23.915,23.922,23.938,23.953,23.968,23.953,23.938,23.938,23.953,23.953,23.953,23.938,23.93,23.945,23.938,23.96,23.96,23.96,23.953,23.953,23.953,23.968,23.953,23.945,23.922,23.938,23.93,23.938,23.938,23.938,23.945,23.938,23.938,23.938,23.922,23.953,23.945,23.96,23.953,23.93,23.953,23.915,23.915,23.93,23.915,23.922,23.922,23.93,23.93,23.938,23.945,23.945,23.938,23.938,23.938,23.93,23.953,23.953,23.968,23.953,23.953,23.96,23.945,23.945,23.945,23.953,23.96,23.953,23.938,23.96,23.953,23.945,23.968,23.968,23.976,23.983,23.968,23.976,23.976,23.976,23.998,24.014,24.006,23.998,24.014,23.998,23.998,23.998,23.998,23.998,23.991,24.006,24.014,24.021,24.044,24.059,24.067,24.075,24.09,24.09,24.097,24.09,24.09,24.105,24.105,24.135,24.166,24.166,24.189,24.158,24.158,24.158,24.166,24.173,24.189,24.196,24.196,24.249,24.234,24.234,24.249,24.265,24.287,24.318,24.333,24.348,24.341,24.341,24.325,24.356,24.394,24.348,24.363,24.371,24.394,24.409,24.416,24.386,24.416,24.439,24.447,24.439,24.477,24.485,24.477,24.477,24.507,24.432,24.454,24.477,24.477,24.5,24.492,24.454,24.5,24.416,24.439,24.462,24.416,24.409,24.424,24.416,24.401,24.409,24.401,24.371,24.341,24.325,24.325,24.303,24.325,24.31,24.303,24.272,24.265,24.242,24.234,24.242,24.234,24.227,24.234,24.234,24.219,24.196,24.189,24.166,24.173,24.12,24.12,24.097,24.09,24.075,24.067,24.059,24.052,24.044,24.029,23.998,23.983,23.983,23.983,23.976,23.983,23.991,24.029,23.983,23.998,24.006,23.998,23.991,23.968,23.953,23.945,23.953,23.945,23.953,23.953,23.953,23.953,23.953,23.953,23.953,23.953,23.922,23.93,23.922,23.93,23.93,23.922,23.93,23.93,23.915,23.922,23.915,23.907,23.915,23.899,23.899,23.899,23.884,23.877,23.892,23.892,23.899,23.899,23.884,23.892,23.884,23.892,23.884,23.892,23.892,23.869,23.884,23.884,23.892,23.899,23.93,23.907,23.907,23.915,23.907,23.884,23.884,23.892,23.877,23.907,23.892,23.892,23.877,23.877,23.877,23.869,23.877,23.884,23.922,23.907,23.884,23.877,23.877,23.892,23.884,23.899,23.907,23.877,23.877,23.854,23.838,23.846,23.846,23.823,23.838,23.846,23.861,23.854,23.854,23.854,23.854,23.877,23.884,23.854,23.877,23.816,23.823,23.8,23.8,23.808,23.808,23.823,23.808,23.808,23.823,23.816,23.838,23.823,23.823,23.793,23.785,23.793,23.793,23.808,23.816,23.816,23.831,23.8,23.785,23.777,23.808,23.8,23.793,23.808,23.785,23.8,23.808,23.8,23.793,23.777,23.777,23.762,23.777,23.747,23.755,23.755,23.755,23.762,23.755,23.747,23.739,23.755,23.755,23.747,23.755,23.739,23.755,23.762,23.77,23.785,23.785,23.785,23.777,23.77,23.755,23.785,23.762,23.77,23.77,23.777,23.785,23.77,23.747,23.785,23.755,23.77,23.747,23.77,23.755,23.762,23.762,23.762,23.762,23.747,23.755,23.77,23.755,23.739,23.762,23.747,23.724,23.739,23.747,23.739,23.739,23.709,23.709,23.709,23.709,23.724,23.724,23.724,23.732,23.724,23.732,23.724,23.724,23.724,23.739,23.693,23.724,23.747,23.732,23.747,23.739,23.747,23.739,23.732,23.663,23.686,23.686,23.709,23.716,23.693,23.686,23.663,23.663,23.678,23.701,23.686,23.686,23.663,23.701,23.686,23.686,23.686,23.678,23.693,23.655,23.709,23.609,23.716,23.678,23.693,23.701,23.709,23.709,23.701,23.671,23.686,23.693,23.671,23.678,23.678,23.663,23.663,23.632
,23.755,23.77,23.777,23.793,23.785,23.785,23.793,23.762,23.77,23.747,23.747,23.747,23.747,23.739,23.762,23.755,23.777,23.793,23.793,23.861,23.838,23.861,23.823,23.8,23.777,23.793,23.785,23.793,23.8,23.823,23.854,23.846,23.846,23.831,23.816,23.816,23.816,23.823,23.831,23.854,23.838,23.816,23.854,23.838,23.816,23.838,23.816,23.8,23.816,23.816,23.838,23.823,23.869,23.861,23.854,23.861,23.831,23.838,23.785,23.816,23.846,23.823,23.831,23.838,23.854,23.869,23.869,23.884,23.892,23.884,23.854,23.877,23.877,23.884,23.884,23.877,23.869,23.869,23.854,23.861,23.854,23.877,23.877,23.884,23.884,23.884,23.892,23.892,23.899,23.884,23.899,23.892,23.892,23.892,23.899,23.915,23.922,23.922,23.922,23.915,23.922,23.899,23.915,23.915,23.93,23.93,23.922,23.922,23.892,23.907,23.915,23.907,23.915,23.915,23.915,23.915,23.922,23.938,23.907,23.93,23.922,23.93,23.915,23.899,23.915,23.922,23.922,23.922,23.915,23.915,23.915,23.915,23.915,23.915,23.915,23.907,23.899,23.899,23.892,23.869,23.877,23.861,23.869,23.869,23.877,23.884,23.884,23.922,23.922,23.93,23.922,23.907,23.907,23.884,23.907,23.93,23.945,23.915,23.938,23.93,23.938,23.93,23.945,23.96,23.983,23.968,23.976,23.953,23.938,23.938,23.938,23.915,23.922,23.938,23.93,23.938,23.93,23.922,23.915,23.93,23.93,23.922,23.922,23.915,23.915,23.915,23.922,23.945,23.953,23.953,23.953,23.953,23.953,23.945,23.945,23.953,23.945,23.945,23.945,23.945,23.96,23.96,23.968,23.953,23.93,23.953,23.93,23.945,23.945,23.938,23.945,23.93,23.938,23.938,23.945,23.953,23.945,23.945,23.945,23.953,23.96,23.945,23.953,23.96,23.945,23.938,23.922,23.922,23.915,23.892,23.907,23.907,23.907,23.922,23.915,23.93,23.93,23.945,23.938,23.938,23.938,23.938,23.938,23.945,23.96,23.96,23.96,23.968,23.96,23.96,23.953,23.945,23.953,23.945,23.96,23.968,23.983,23.983,23.968,23.991,23.983,24.006,23.991,23.983,23.991,23.991,23.991,24.014,24.021,23.998,23.991,23.991,23.983,23.991,23.998,24.014,24.037,24.006,24.037,24.029,24.059,24.075,24.09,24.097,24.09,24.097,24.105,24.105,24.105,24.12,24.128,24.158,24.173,24.189,24.189,24.181,24.181,24.181,24.166,24.173,24.181,24.181,24.227,24.257,24.272,24.272,24.295,24.303,24.318,24.341,24.356,24.356,24.401,24.379,24.386,24.394,24.401,24.379,24.409,24.424,24.462,24.454,24.507,24.515,24.576,24.682,24.651,24.606,24.674,24.666,24.568,24.523,24.583,24.613,24.659,24.606,24.53,24.598,24.462,24.666,24.591,24.515,24.447,24.439,24.454,24.462,24.447,24.439,24.424,24.432,24.409,24.386,24.401,24.363,24.363,24.356,24.356,24.341,24.333,24.303,24.295,24.257,24.257,24.249,24.257,24.249,24.234,24.234,24.249,24.234,24.204,24.196,24.181,24.158,24.151,24.12,24.12,24.105,24.097,24.09,24.067,24.052,24.037,24.029,23.991,24.006,23.991,23.998,23.991,23.991,24.006,24.014,24.014,24.021,24.014,23.998,23.976,23.968,23.953,23.96,23.945,23.945,23.953,23.945,23.96,23.96,23.96,23.968,23.938,23.938,23.93,23.915,23.922,23.915,23.93,23.915,23.922,23.93,23.922,23.899,23.922,23.907,23.899,23.899,23.899,23.892,23.892,23.892,23.884,23.899,23.899,23.877,23.892,23.899,23.877,23.877,23.884,23.869,23.877,23.861,23.877,23.884,23.884,23.907,23.907,23.892,23.938,23.892,23.892,23.892,23.877,23.892,23.907,23.899,23.899,23.892,23.877,23.892,23.884,23.892,23.899,23.899,23.899,23.892,23.877,23.892,23.899,23.907,23.892,23.892,23.884,23.861,23.861,23.854,23.838,23.838,23.854,23.854,23.823,23.854,23.838,23.846,23.854,23.854,23.869,23.854,23.861,23.838,23.831,23.816,23.785,23.808,23.816,23.808,23.816,23.808,23.816,23.8,23.816,23.808,23.823,23.8,23.8,23.793,23.8,23.808,23.816,23.823,23.823,23.816,23.8,23.793,23.8,23.816,23.785,23.8,23.77,23.8,23.793,23.8,23.808,23.8,23.793,23.777,23.762,23.747,23.739,23.755,23.77,23.762,23.77,23.762,23.739,23.755,23.747,23.732,23.755,23.762,23.739,23.755,23.777,23.77,23.785,23.808,23.8,23.777,23.77,23.762,23.755,23.77,23.762,23.762,23.77,23.77,23.732,23.732,23.724,23.762,23.747,23.762,23.777,23.762,23.77,23.747,23.747,23.747,23.747,23.739,23.785,23.747,23.762,23.747,23.732,23.716,23.716,23.716,23.716,23.732,23.693,23.693,23.716,23.716,23.701,23.701,23.716,23.716,23.716,23.724,23.724,23.724,23.701,23.701,23.709,23.701,23.724,23.724,23.739,23.732,23.716,23.678,23.701,23.693,23.693,23.701,23.693,23.693,23.693,23.686,23.655,23.671,23.671,23.701,23.701,23.709,23.686,23.64,23.678,23.655,23.693,23.701,23.709,23.609,23.655,23.663,23.701,23.648,23.686,23.693,23.709,23.701,23.701,23.693,23.678,23.693,23.671,23.686,23.686,23.671,23.671,23.632
,23.785,23.785,23.785,23.8,23.793,23.8,23.785,23.777,23.755,23.77,23.777,23.77,23.755,23.77,23.762,23.785,23.785,23.808,23.877,23.846,23.808,23.854,23.854,23.816,23.808,23.793,23.8,23.8,23.816,23.846,23.846,23.854,23.846,23.846,23.831,23.823,23.823,23.808,23.831,23.838,23.838,23.823,23.808,23.838,23.831,23.831,23.8,23.8,23.808,23.816,23.838,23.846,23.846,23.846,23.846,23.861,23.823,23.861,23.816,23.808,23.838,23.823,23.838,23.861,23.861,23.861,23.869,23.869,23.884,23.884,23.899,23.892,23.869,23.854,23.854,23.869,23.869,23.861,23.854,23.861,23.854,23.869,23.869,23.877,23.861,23.861,23.877,23.892,23.884,23.93,23.922,23.915,23.907,23.907,23.915,23.922,23.93,23.915,23.922,23.922,23.922,23.915,23.93,23.938,23.922,23.915,23.915,23.915,23.915,23.907,23.915,23.899,23.907,23.907,23.915,23.93,23.915,23.915,23.907,23.892,23.938,23.907,23.915,23.93,23.922,23.922,23.899,23.907,23.93,23.915,23.915,23.907,23.907,23.907,23.915,23.907,23.899,23.899,23.884,23.877,23.869,23.869,23.861,23.869,23.892,23.907,23.915,23.922,23.922,23.922,23.93,23.915,23.907,23.922,23.907,23.915,23.922,23.915,23.915,23.93,23.953,23.922,23.938,23.96,23.968,23.983,23.953,23.945,23.938,23.945,23.938,23.93,23.945,23.945,23.938,23.945,23.93,23.93,23.922,23.922,23.93,23.93,23.93,23.93,23.922,23.93,23.938,23.938,23.953,23.968,23.96,23.953,23.945,23.938,23.953,23.96,23.96,23.953,23.96,23.96,23.976,23.96,23.953,23.953,23.96,23.945,23.953,23.93,23.945,23.953,23.93,23.938,23.938,23.945,23.945,23.945,23.953,23.953,23.953,23.953,23.945,23.96,23.968,23.96,23.96,23.938,23.922,23.915,23.884,23.899,23.907,23.915,23.922,23.922,23.93,23.922,23.938,23.945,23.938,23.953,23.96,23.96,23.945,23.945,23.953,23.96,23.968,23.976,23.968,23.96,23.953,23.953,23.96,23.96,23.968,23.968,23.998,23.991,24.006,23.998,23.998,23.991,23.991,23.983,23.991,23.991,23.998,24.014,24.029,24.006,23.998,23.998,23.998,23.998,24.014,24.014,24.037,24.052,24.021,24.075,24.059,24.09,24.097,24.12,24.128,24.135,24.143,24.143,24.173,24.158,24.158,24.173,24.196,24.211,24.211,24.204,24.196,24.196,24.204,24.181,24.204,24.219,24.265,24.287,24.31,24.318,24.318,24.348,24.379,24.401,24.401,24.416,24.432,24.47,24.492,24.47,24.492,24.523,24.598,24.568,24.682,24.583,24.727,24.833,24.78,24.848,24.923,24.908,24.938,24.961,24.946,25.052,25.036,24.886,24.886,24.772,24.825,24.727,24.855,24.84,24.855,24.818,24.735,24.568,24.621,24.598,24.515,24.5,24.5,24.492,24.492,24.454,24.409,24.386,24.432,24.401,24.371,24.394,24.386,24.348,24.348,24.31,24.265,24.287,24.28,24.287,24.28,24.257,24.295,24.249,24.234,24.227,24.189,24.173,24.181,24.143,24.135,24.128,24.12,24.105,24.12,24.097,24.082,24.006,24.067,24.037,23.998,24.029,24.014,24.014,24.021,24.021,24.014,24.029,24.021,24.029,24.006,23.991,23.968,23.976,23.953,23.96,23.953,23.945,23.953,23.968,23.96,23.96,23.945,23.96,23.938,23.922,23.922,23.93,23.93,23.922,23.93,23.922,23.915,23.922,23.915,23.922,23.907,23.915,23.915,23.915,23.899,23.892,23.884,23.899,23.899,23.922,23.877,23.877,23.899,23.892,23.892,23.869,23.861,23.861,23.869,23.877,23.892,23.899,23.892,23.899,23.892,23.922,23.907,23.915,23.907,23.907,23.922,23.915,23.915,23.915,23.907,23.892,23.907,23.915,23.93,23.907,23.907,23.892,23.899,23.877,23.892,23.907,23.869,23.884,23.877,23.869,23.869,23.877,23.854,23.861,23.838,23.861,23.869,23.838,23.831,23.838,23.846,23.846,23.846,23.869,23.846,23.838,23.808,23.838,23.816,23.831,23.8,23.808,23.823,23.816,23.816,23.808,23.816,23.816,23.8,23.8,23.8,23.808,23.808,23.816,23.816,23.823,23.808,23.808,23.838,23.808,23.8,23.793,23.808,23.785,23.77,23.8,23.823,23.816,23.785,23.8,23.8,23.762,23.762,23.762,23.747,23.755,23.755,23.785,23.777,23.762,23.77,23.755,23.739,23.709,23.732,23.716,23.755,23.755,23.777,23.816,23.793,23.808,23.793,23.77,23.747,23.755,23.747,23.755,23.762,23.77,23.755,23.77,23.739,23.747,23.755,23.755,23.785,23.785,23.777,23.793,23.777,23.755,23.755,23.739,23.739,23.724,23.755,23.732,23.739,23.732,23.724,23.724,23.732,23.732,23.732,23.755,23.716,23.732,23.716,23.701,23.709,23.678,23.701,23.716,23.709,23.724,23.732,23.716,23.716,23.724,23.716,23.716,23.709,23.693,23.709,23.701,23.686,23.716,23.678,23.709,23.693,23.693,23.693,23.693,23.693,23.693,23.655,23.663,23.663,23.678,23.678,23.701,23.709,23.732,23.648,23.724,23.686,23.732,23.671,23.693,23.663,23.655,23.625,23.655,23.686,23.693,23.671,23.709,23.693,23.693,23.671,23.686,23.693,23.686,23.655,23.671,23.663,23.632
,23.77,23.8,23.816,23.831,23.823,23.831,23.785,23.785,23.77,23.732,23.762,23.755,23.777,23.77,23.785,23.793,23.808,23.762,23.785,23.831,23.831,23.823,23.838,23.8,23.793,23.793,23.785,23.8,23.816,23.831,23.823,23.846,23.816,23.823,23.831,23.816,23.831,23.823,23.838,23.838,23.846,23.831,23.831,23.831,23.8,23.8,23.793,23.8,23.785,23.816,23.831,23.823,23.854,23.854,23.854,23.846,23.861,23.823,23.816,23.816,23.838,23.831,23.854,23.861,23.869,23.861,23.877,23.877,23.892,23.899,23.892,23.861,23.884,23.854,23.869,23.846,23.861,23.854,23.854,23.861,23.861,23.854,23.861,23.861,23.861,23.861,23.861,23.892,23.922,23.907,23.907,23.922,23.922,23.93,23.93,23.93,23.93,23.93,23.915,23.922,23.922,23.915,23.953,23.93,23.93,23.907,23.915,23.907,23.907,23.877,23.877,23.907,23.915,23.922,23.922,23.938,23.922,23.93,23.922,23.93,23.922,23.922,23.915,23.93,23.907,23.93,23.899,23.938,23.938,23.915,23.907,23.907,23.899,23.907,23.915,23.915,23.899,23.899,23.884,23.877,23.877,23.869,23.877,23.869,23.892,23.907,23.884,23.945,23.907,23.93,23.922,23.915,23.922,23.922,23.915,23.93,23.938,23.915,23.938,23.93,23.93,23.93,23.938,23.968,23.953,23.96,23.96,23.953,23.938,23.945,23.93,23.93,23.93,23.938,23.953,23.945,23.907,23.915,23.93,23.938,23.938,23.93,23.938,23.938,23.938,23.938,23.945,23.938,23.953,23.945,23.96,23.938,23.938,23.938,23.938,23.945,23.945,23.953,23.953,23.96,23.945,23.968,23.96,23.968,23.938,23.96,23.953,23.96,23.922,23.938,23.945,23.945,23.953,23.96,23.953,23.953,23.96,23.953,23.968,23.953,23.976,23.976,23.968,23.968,23.96,23.953,23.915,23.915,23.915,23.907,23.915,23.907,23.915,23.922,23.907,23.938,23.922,23.922,23.945,23.953,23.945,23.938,23.93,23.93,23.945,23.96,23.968,23.968,23.96,23.968,23.96,23.953,23.96,23.96,23.968,23.983,23.991,24.006,24.014,24.014,23.991,24.006,23.983,23.998,24.006,23.998,23.998,24.006,23.998,23.998,24.029,24.021,24.014,24.029,24.029,24.021,24.059,24.052,24.075,24.097,24.082,24.113,24.12,24.158,24.151,24.173,24.181,24.189,24.181,24.181,24.196,24.189,24.227,24.227,24.227,24.227,24.227,24.219,24.234,24.234,24.257,24.287,24.295,24.31,24.31,24.356,24.379,24.401,24.401,24.432,24.432,24.462,24.47,24.485,24.629,24.621,24.659,24.666,24.999,24.863,25.014,25.052,24.871,25.036,25.21,25.27,25.345,25.052,25.134,25.18,25.142,25.225,25.24,25.225,25.089,25.089,25.119,24.999,24.946,24.999,24.931,24.969,24.901,24.787,24.803,24.704,24.742,24.598,24.523,24.538,24.523,24.553,24.492,24.409,24.47,24.477,24.447,24.424,24.409,24.386,24.363,24.341,24.31,24.333,24.303,24.295,24.287,24.28,24.265,24.249,24.265,24.242,24.219,24.204,24.196,24.166,24.158,24.158,24.158,24.135,24.143,24.128,24.105,24.075,24.067,24.09,24.067,24.052,24.044,24.052,24.014,23.991,24.006,24.044,24.029,24.029,24.029,24.014,23.998,23.991,23.983,23.96,23.96,23.96,23.968,23.968,23.976,23.968,23.968,23.96,23.953,23.983,23.945,23.93,23.945,23.953,23.93,23.938,23.93,23.922,23.93,23.922,23.915,23.922,23.922,23.907,23.907,23.892,23.899,23.899,23.915,23.899,23.892,23.907,23.861,23.899,23.869,23.861,23.869,23.861,23.869,23.877,23.884,23.922,23.899,23.907,23.907,23.93,23.915,23.922,23.915,23.922,23.922,23.93,23.93,23.938,23.93,23.922,23.915,23.915,23.915,23.915,23.915,23.892,23.907,23.892,23.892,23.899,23.892,23.884,23.877,23.869,23.877,23.877,23.854,23.877,23.861,23.869,23.869,23.854,23.838,23.838,23.831,23.831,23.831,23.838,23.854,23.861,23.838,23.831,23.831,23.823,23.823,23.808,23.823,23.816,23.823,23.831,23.8,23.8,23.8,23.793,23.8,23.8,23.808,23.808,23.823,23.816,23.831,23.831,23.831,23.8,23.823,23.793,23.816,23.8,23.77,23.8,23.816,23.823,23.8,23.785,23.793,23.762,23.762,23.785,23.755,23.755,23.77,23.785,23.777,23.762,23.762,23.755,23.755,23.739,23.762,23.755,23.77,23.77,23.755,23.77,23.793,23.785,23.785,23.77,23.747,23.724,23.755,23.755,23.747,23.755,23.755,23.747,23.739,23.747,23.762,23.762,23.785,23.777,23.8,23.785,23.777,23.716,23.732,23.739,23.709,23.716,23.732,23.739,23.716,23.724,23.709,23.709,23.701,23.709,23.724,23.732,23.739,23.724,23.709,23.663,23.678,23.701,23.709,23.732,23.732,23.732,23.739,23.732,23.716,23.716,23.701,23.701,23.701,23.724,23.693,23.701,23.709,23.724,23.686,23.686,23.686,23.716,23.701,23.693,23.693,23.671,23.655,23.663,23.663,23.671,23.701,23.655,23.716,23.701,23.732,23.693,23.716,23.686,23.709,23.701,23.678,23.678,23.671,23.663,23.671,23.64,23.686,23.701,23.693,23.701,23.663,23.716,23.724,23.686,23.686,23.671,23.655,23.648
,23.823,23.8,23.793,23.785,23.831,23.816,23.762,23.755,23.732,23.739,23.755,23.77,23.785,23.793,23.777,23.762,23.793,23.831,23.8,23.808,23.838,23.823,23.8,23.831,23.808,23.808,23.8,23.793,23.816,23.793,23.808,23.816,23.838,23.838,23.823,23.831,23.823,23.838,23.831,23.838,23.823,23.846,23.838,23.838,23.831,23.785,23.777,23.793,23.808,23.808,23.869,23.846,23.869,23.861,23.854,23.861,23.854,23.823,23.831,23.816,23.816,23.831,23.838,23.869,23.877,23.877,23.884,23.877,23.877,23.846,23.877,23.877,23.861,23.861,23.861,23.854,23.854,23.861,23.854,23.846,23.861,23.861,23.869,23.869,23.869,23.877,23.869,23.884,23.899,23.922,23.922,23.922,23.938,23.945,23.938,23.922,23.93,23.922,23.915,23.93,23.922,23.922,23.907,23.915,23.915,23.922,23.922,23.907,23.915,23.892,23.877,23.877,23.884,23.907,23.938,23.915,23.922,23.953,23.915,23.915,23.938,23.907,23.945,23.938,23.93,23.907,23.892,23.907,23.945,23.922,23.907,23.907,23.892,23.892,23.899,23.907,23.907,23.892,23.884,23.884,23.877,23.877,23.884,23.892,23.892,23.899,23.899,23.915,23.938,23.922,23.922,23.93,23.93,23.93,23.938,23.93,23.922,23.93,23.93,23.938,23.922,23.922,23.938,23.945,23.953,23.968,23.96,23.96,23.953,23.945,23.93,23.93,23.938,23.938,23.953,23.953,23.938,23.945,23.953,23.938,23.945,23.938,23.945,23.953,23.953,23.945,23.945,23.953,23.945,23.953,23.93,23.938,23.945,23.938,23.945,23.953,23.945,23.953,23.953,23.953,23.96,23.968,23.953,23.953,23.96,23.96,23.953,23.968,23.96,23.93,23.953,23.968,23.968,23.968,23.968,23.968,23.96,23.96,23.968,23.968,23.976,23.976,23.96,23.968,23.96,23.945,23.93,23.922,23.915,23.93,23.93,23.93,23.938,23.922,23.915,23.915,23.907,23.938,23.945,23.938,23.938,23.93,23.93,23.938,23.945,23.96,23.968,23.968,23.96,23.96,23.96,23.953,23.96,23.96,23.976,23.983,23.991,24.006,23.998,24.029,24.006,23.991,24.014,24.006,24.006,24.006,24.006,24.006,24.006,24.014,24.037,24.037,24.037,24.044,24.044,24.052,24.067,24.082,24.105,24.113,24.113,24.135,24.158,24.143,24.166,24.189,24.189,24.211,24.211,24.211,24.219,24.234,24.234,24.249,24.249,24.257,24.242,24.249,24.265,24.28,24.333,24.325,24.31,24.341,24.371,24.432,24.424,24.507,24.485,24.5,24.523,24.485,24.598,24.742,24.682,24.84,24.855,24.999,25.127,25.24,25.285,25.338,25.443,25.383,25.435,25.48,25.548,25.495,25.443,25.45,25.45,25.435,25.57,25.405,25.443,25.315,25.315,25.285,25.285,25.044,25.202,25.059,25.112,25.104,25.059,24.954,25.029,24.954,24.908,24.735,24.825,24.613,24.598,24.5,24.523,24.568,24.5,24.462,24.439,24.439,24.401,24.386,24.416,24.371,24.341,24.31,24.318,24.303,24.287,24.31,24.287,24.249,24.242,24.234,24.211,24.211,24.196,24.196,24.181,24.181,24.166,24.143,24.135,24.113,24.135,24.097,24.097,24.082,24.067,24.059,24.044,24.029,24.021,24.044,24.044,24.044,24.037,24.029,24.029,24.014,24.014,23.968,23.976,23.968,23.96,23.976,23.976,23.983,23.976,23.968,23.968,23.96,23.976,23.968,23.953,23.96,23.938,23.93,23.93,23.93,23.93,23.93,23.93,23.93,23.93,23.915,23.922,23.915,23.922,23.907,23.93,23.899,23.915,23.907,23.869,23.892,23.884,23.877,23.861,23.877,23.869,23.899,23.899,23.93,23.945,23.922,23.922,23.915,23.922,23.907,23.922,23.922,23.93,23.93,23.93,23.93,23.93,23.915,23.915,23.907,23.922,23.907,23.922,23.892,23.892,23.892,23.884,23.884,23.884,23.877,23.877,23.869,23.884,23.884,23.861,23.854,23.854,23.846,23.869,23.892,23.884,23.877,23.854,23.816,23.831,23.823,23.831,23.838,23.838,23.846,23.831,23.823,23.816,23.816,23.823,23.816,23.831,23.823,23.808,23.8,23.8,23.8,23.808,23.808,23.808,23.816,23.8,23.831,23.823,23.823,23.831,23.808,23.8,23.793,23.793,23.793,23.777,23.785,23.808,23.831,23.816,23.808,23.785,23.777,23.785,23.777,23.77,23.785,23.793,23.785,23.785,23.777,23.762,23.762,23.747,23.77,23.732,23.77,23.732,23.777,23.762,23.762,23.785,23.785,23.777,23.755,23.747,23.724,23.724,23.724,23.755,23.755,23.739,23.732,23.739,23.755,23.732,23.762,23.762,23.77,23.785,23.8,23.739,23.77,23.755,23.732,23.724,23.716,23.709,23.724,23.732,23.709,23.709,23.693,23.701,23.716,23.709,23.716,23.709,23.724,23.678,23.724,23.716,23.678,23.686,23.716,23.732,23.755,23.755,23.732,23.732,23.732,23.724,23.724,23.709,23.693,23.701,23.686,23.686,23.693,23.693,23.716,23.724,23.701,23.716,23.716,23.716,23.671,23.663,23.648,23.648,23.663,23.678,23.701,23.732,23.686,23.709,23.724,23.755,23.701,23.693,23.701,23.678,23.663,23.671,23.655,23.663,23.686,23.686,23.678,23.693,23.701,23.671,23.686,23.671,23.701,23.671,23.678,23.678,23.671
,23.808,23.793,23.808,23.785,23.8,23.777,23.77,23.785,23.732,23.732,23.8,23.777,23.777,23.785,23.785,23.785,23.8,23.793,23.823,23.823,23.808,23.816,23.816,23.816,23.823,23.823,23.816,23.8,23.785,23.823,23.823,23.838,23.823,23.831,23.823,23.823,23.831,23.831,23.831,23.831,23.831,23.823,23.808,23.808,23.816,23.808,23.785,23.793,23.777,23.808,23.831,23.838,23.854,23.846,23.861,23.869,23.838,23.831,23.823,23.838,23.831,23.831,23.869,23.877,23.869,23.899,23.861,23.892,23.884,23.854,23.854,23.892,23.877,23.854,23.846,23.854,23.838,23.854,23.861,23.861,23.869,23.869,23.877,23.884,23.877,23.892,23.854,23.884,23.899,23.915,23.915,23.938,23.922,23.945,23.93,23.922,23.915,23.915,23.907,23.907,23.915,23.945,23.93,23.922,23.938,23.915,23.938,23.915,23.907,23.915,23.877,23.915,23.892,23.922,23.922,23.922,23.938,23.915,23.907,23.93,23.922,23.945,23.945,23.945,23.907,23.945,23.922,23.938,23.922,23.93,23.922,23.899,23.899,23.915,23.907,23.899,23.907,23.899,23.884,23.884,23.877,23.884,23.899,23.892,23.907,23.922,23.953,23.953,23.915,23.945,23.938,23.93,23.945,23.922,23.945,23.945,23.93,23.93,23.922,23.93,23.93,23.938,23.93,23.953,23.945,23.96,23.96,23.953,23.976,23.945,23.922,23.938,23.922,23.938,23.953,23.96,23.945,23.945,23.938,23.938,23.953,23.945,23.945,23.945,23.953,23.953,23.953,23.953,23.953,23.945,23.93,23.945,23.922,23.953,23.953,23.96,23.968,23.96,23.96,23.953,23.968,23.976,23.945,23.976,23.953,23.922,23.96,23.922,23.953,23.96,23.968,23.953,23.976,23.968,23.96,23.968,23.96,23.96,23.976,23.953,23.96,23.968,23.968,23.953,23.945,23.945,23.93,23.93,23.938,23.945,23.953,23.953,23.953,23.953,23.96,23.945,23.93,23.922,23.945,23.938,23.93,23.93,23.93,23.938,23.953,23.953,23.945,23.976,23.953,23.96,23.96,23.953,23.96,23.968,23.976,23.983,23.983,23.998,24.029,24.029,24.021,24.014,24.014,24.021,24.006,24.021,24.021,24.014,24.014,24.037,24.037,24.044,24.059,24.067,24.067,24.09,24.09,24.105,24.113,24.12,24.135,24.143,24.158,24.181,24.204,24.227,24.234,24.249,24.234,24.242,24.242,24.265,24.265,24.287,24.287,24.303,24.295,24.318,24.325,24.325,24.333,24.348,24.401,24.447,24.409,24.462,24.462,24.515,24.515,24.621,24.621,24.651,24.863,24.954,25.165,25.247,25.187,25.255,25.202,25.308,25.383,25.503,25.54,25.465,25.615,25.638,25.675,25.63,25.773,25.63,25.705,25.548,25.728,25.698,25.593,25.548,25.435,25.36,25.473,25.45,25.345,25.338,25.33,25.285,25.225,25.217,25.18,25.149,25.104,24.84,24.931,24.863,24.757,24.666,24.621,24.583,24.538,24.515,24.56,24.477,24.492,24.454,24.439,24.424,24.379,24.348,24.356,24.348,24.333,24.325,24.295,24.28,24.272,24.257,24.211,24.234,24.211,24.227,24.219,24.227,24.219,24.166,24.151,24.151,24.143,24.128,24.113,24.105,24.082,24.105,24.09,24.075,24.097,24.044,24.044,24.059,24.044,24.059,24.006,24.037,24.037,24.006,23.983,23.983,23.968,23.983,23.991,23.983,23.983,23.991,23.976,23.983,23.998,23.983,23.983,23.968,23.938,23.93,23.938,23.938,23.945,23.945,23.938,23.945,23.945,23.922,23.922,23.915,23.915,23.93,23.922,23.93,23.907,23.907,23.892,23.884,23.899,23.877,23.877,23.884,23.877,23.922,23.915,23.93,23.93,23.922,23.953,23.93,23.922,23.922,23.922,23.922,23.93,23.93,23.93,23.922,23.915,23.915,23.907,23.907,23.907,23.922,23.922,23.93,23.869,23.877,23.877,23.877,23.892,23.877,23.869,23.877,23.892,23.869,23.869,23.861,23.861,23.869,23.877,23.884,23.884,23.892,23.846,23.823,23.823,23.823,23.831,23.838,23.838,23.854,23.823,23.831,23.816,23.816,23.816,23.816,23.816,23.861,23.854,23.823,23.816,23.8,23.808,23.808,23.793,23.808,23.8,23.823,23.831,23.838,23.816,23.808,23.816,23.777,23.785,23.808,23.8,23.816,23.808,23.823,23.816,23.808,23.793,23.8,23.793,23.793,23.793,23.8,23.8,23.777,23.777,23.77,23.755,23.762,23.755,23.747,23.77,23.755,23.77,23.793,23.747,23.785,23.77,23.762,23.755,23.747,23.777,23.716,23.755,23.755,23.755,23.747,23.755,23.747,23.732,23.724,23.724,23.747,23.747,23.77,23.793,23.747,23.755,23.77,23.755,23.701,23.716,23.716,23.709,23.724,23.724,23.709,23.716,23.701,23.709,23.724,23.701,23.701,23.701,23.693,23.693,23.716,23.709,23.701,23.793,23.739,23.739,23.755,23.747,23.747,23.747,23.739,23.716,23.732,23.724,23.678,23.671,23.693,23.678,23.678,23.678,23.693,23.724,23.709,23.709,23.686,23.724,23.709,23.686,23.648,23.648,23.648,23.678,23.716,23.739,23.747,23.671,23.762,23.755,23.693,23.701,23.693,23.701,23.693,23.686,23.678,23.671,23.693,23.686,23.686,23.701,23.701,23.686,23.678,23.671,23.732,23.678,23.686,23.693,23.686
,23.77,23.808,23.8,23.808,23.793,23.785,23.785,23.755,23.739,23.747,23.777,23.77,23.777,23.785,23.793,23.8,23.808,23.808,23.808,23.823,23.8,23.823,23.8,23.816,23.816,23.816,23.793,23.8,23.785,23.785,23.785,23.77,23.823,23.823,23.823,23.823,23.838,23.816,23.838,23.816,23.808,23.823,23.831,23.793,23.8,23.785,23.793,23.793,23.808,23.831,23.831,23.869,23.877,23.869,23.854,23.877,23.854,23.831,23.838,23.823,23.838,23.838,23.846,23.861,23.877,23.869,23.884,23.884,23.877,23.892,23.899,23.877,23.861,23.861,23.854,23.854,23.854,23.846,23.861,23.869,23.869,23.877,23.884,23.899,23.877,23.899,23.892,23.884,23.899,23.884,23.93,23.922,23.96,23.915,23.922,23.922,23.915,23.915,23.907,23.915,23.93,23.892,23.922,23.915,23.938,23.922,23.907,23.938,23.915,23.899,23.892,23.907,23.922,23.922,23.93,23.93,23.938,23.922,23.93,23.915,23.922,23.945,23.96,23.945,23.938,23.915,23.945,23.953,23.93,23.93,23.915,23.907,23.899,23.915,23.922,23.899,23.892,23.892,23.884,23.884,23.877,23.877,23.892,23.884,23.907,23.922,23.938,23.945,23.938,23.938,23.93,23.93,23.922,23.938,23.938,23.93,23.93,23.93,23.938,23.938,23.938,23.93,23.93,23.945,23.96,23.968,23.96,23.968,23.945,23.968,23.945,23.915,23.922,23.938,23.922,23.945,23.945,23.938,23.945,23.945,23.953,23.945,23.953,23.953,23.938,23.953,23.938,23.96,23.96,23.953,23.96,23.922,23.938,23.945,23.96,23.968,23.96,23.968,23.953,23.96,23.953,23.968,23.976,23.953,23.953,23.96,23.96,23.93,23.968,23.983,23.983,23.976,23.976,23.976,23.968,23.968,23.96,23.983,23.945,23.96,23.96,23.968,23.96,23.953,23.953,23.938,23.93,23.93,23.945,23.953,23.945,23.96,23.96,23.96,23.938,23.953,23.922,23.907,23.922,23.915,23.915,23.93,23.922,23.938,23.945,23.945,23.96,23.953,23.983,23.976,23.968,23.976,23.976,23.976,23.976,23.991,23.983,24.021,23.998,24.021,24.029,24.029,24.029,24.044,24.044,24.029,24.029,24.029,24.029,24.052,24.052,24.075,24.082,24.082,24.09,24.105,24.113,24.12,24.128,24.128,24.143,24.151,24.196,24.211,24.227,24.234,24.242,24.257,24.272,24.28,24.257,24.28,24.272,24.287,24.318,24.318,24.318,24.356,24.363,24.379,24.409,24.409,24.447,24.492,24.523,24.613,24.719,24.75,24.818,24.901,25.014,25.014,25.315,25.217,25.36,25.3,25.39,25.353,25.368,25.518,25.45,25.503,25.698,25.81,25.847,25.81,25.78,25.803,25.862,25.885,25.855,25.892,25.862,25.825,25.855,25.847,25.69,25.57,25.66,25.563,25.525,25.533,25.443,25.488,25.398,25.503,25.315,25.247,25.232,25.225,25.059,25.029,24.886,24.961,24.735,24.727,24.772,24.606,24.598,24.538,24.545,24.492,24.454,24.477,24.439,24.424,24.409,24.371,24.379,24.363,24.341,24.303,24.295,24.272,24.265,24.265,24.257,24.242,24.242,24.234,24.204,24.196,24.173,24.158,24.151,24.135,24.12,24.113,24.105,24.097,24.12,24.128,24.075,24.082,24.052,24.067,24.059,24.059,24.044,24.037,24.006,24.037,24.021,23.991,23.991,23.998,23.998,23.998,23.998,23.998,23.991,23.998,23.991,23.991,23.983,23.953,23.953,23.938,23.938,23.945,23.953,23.953,23.938,23.93,23.93,23.922,23.93,23.93,23.922,23.922,23.93,23.915,23.922,23.899,23.899,23.884,23.892,23.892,23.884,23.892,23.892,23.907,23.915,23.93,23.953,23.953,23.953,23.915,23.892,23.899,23.922,23.922,23.922,23.922,23.922,23.915,23.907,23.907,23.907,23.907,23.915,23.922,23.899,23.907,23.877,23.892,23.884,23.884,23.877,23.899,23.892,23.899,23.892,23.869,23.861,23.861,23.861,23.861,23.869,23.884,23.877,23.869,23.846,23.823,23.831,23.816,23.838,23.831,23.854,23.838,23.823,23.808,23.816,23.8,23.823,23.823,23.816,23.854,23.823,23.831,23.846,23.8,23.8,23.808,23.793,23.777,23.793,23.8,23.785,23.823,23.808,23.816,23.823,23.77,23.785,23.793,23.823,23.816,23.846,23.823,23.823,23.816,23.8,23.808,23.816,23.808,23.831,23.823,23.8,23.785,23.777,23.777,23.762,23.755,23.755,23.793,23.785,23.793,23.793,23.777,23.77,23.755,23.762,23.755,23.762,23.732,23.709,23.716,23.709,23.732,23.739,23.755,23.755,23.762,23.747,23.701,23.739,23.755,23.739,23.747,23.747,23.739,23.777,23.732,23.739,23.716,23.701,23.709,23.709,23.724,23.716,23.724,23.724,23.693,23.701,23.693,23.693,23.701,23.693,23.686,23.693,23.678,23.671,23.678,23.716,23.709,23.739,23.747,23.747,23.724,23.716,23.678,23.701,23.709,23.709,23.716,23.709,23.686,23.709,23.686,23.693,23.686,23.693,23.678,23.678,23.701,23.716,23.724,23.655,23.648,23.64,23.655,23.693,23.693,23.709,23.716,23.732,23.709,23.716,23.701,23.716,23.686,23.709,23.701,23.678,23.686,23.686,23.678,23.671,23.663,23.693,23.678,23.701,23.686,23.678,23.678,23.686,23.686,23.693,23.686
,23.785,23.8,23.777,23.8,23.793,23.777,23.785,23.762,23.77,23.755,23.77,23.77,23.77,23.785,23.8,23.8,23.816,23.823,23.831,23.823,23.831,23.816,23.823,23.823,23.808,23.816,23.808,23.793,23.785,23.8,23.785,23.808,23.808,23.831,23.816,23.823,23.846,23.823,23.816,23.785,23.793,23.777,23.785,23.808,23.823,23.793,23.793,23.816,23.816,23.854,23.861,23.884,23.877,23.869,23.869,23.854,23.884,23.846,23.823,23.838,23.816,23.846,23.884,23.831,23.861,23.877,23.884,23.884,23.899,23.907,23.877,23.884,23.877,23.869,23.861,23.854,23.854,23.854,23.854,23.869,23.884,23.899,23.907,23.922,23.915,23.907,23.884,23.892,23.899,23.892,23.922,23.938,23.945,23.915,23.93,23.915,23.899,23.899,23.907,23.892,23.93,23.915,23.93,23.93,23.907,23.915,23.899,23.907,23.899,23.907,23.907,23.915,23.922,23.93,23.945,23.938,23.915,23.922,23.93,23.915,23.945,23.96,23.96,23.968,23.945,23.953,23.938,23.922,23.938,23.922,23.922,23.915,23.907,23.899,23.899,23.884,23.892,23.884,23.884,23.892,23.892,23.877,23.877,23.877,23.892,23.922,23.93,23.945,23.968,23.953,23.93,23.93,23.93,23.915,23.93,23.938,23.93,23.938,23.945,23.953,23.945,23.938,23.938,23.938,23.96,23.953,23.96,23.976,23.96,23.953,23.953,23.938,23.953,23.93,23.945,23.96,23.945,23.945,23.953,23.938,23.96,23.938,23.93,23.953,23.93,23.953,23.96,23.96,23.976,23.96,23.945,23.945,23.96,23.976,23.983,23.983,23.968,23.983,23.976,23.968,23.968,23.96,23.953,23.96,23.96,23.968,23.976,23.976,23.96,23.983,23.976,23.976,23.976,23.983,23.968,23.976,23.968,23.96,23.991,23.96,23.96,23.96,23.968,23.96,23.938,23.938,23.93,23.93,23.938,23.953,23.983,23.968,23.968,23.953,23.968,23.945,23.945,23.922,23.915,23.93,23.938,23.945,23.953,23.938,23.968,23.968,23.953,23.953,23.953,23.976,23.976,23.968,23.968,23.968,23.983,23.991,24.006,24.006,24.037,24.021,24.059,24.052,24.044,24.052,24.037,24.052,24.037,24.044,24.052,24.067,24.082,24.082,24.09,24.097,24.105,24.12,24.128,24.135,24.135,24.151,24.181,24.196,24.204,24.227,24.242,24.249,24.272,24.272,24.295,24.31,24.31,24.287,24.333,24.325,24.348,24.348,24.409,24.439,24.394,24.485,24.538,24.515,24.56,24.644,24.613,24.825,24.938,25.127,25.052,24.969,25.217,25.232,25.27,25.488,25.51,25.473,25.525,25.42,25.6,25.653,25.788,25.825,25.93,25.922,25.93,25.967,25.96,25.892,25.825,25.989,26.027,26.004,26.034,25.997,26.049,26.116,26.019,25.81,25.997,25.788,25.773,25.885,25.788,25.855,25.743,25.533,25.675,25.405,25.375,25.398,25.398,25.27,25.202,24.984,25.119,24.901,24.833,24.697,24.651,24.629,24.591,24.576,24.545,24.523,24.485,24.485,24.454,24.432,24.409,24.386,24.348,24.341,24.318,24.303,24.295,24.28,24.287,24.28,24.257,24.257,24.234,24.211,24.211,24.181,24.173,24.166,24.143,24.143,24.151,24.143,24.143,24.12,24.09,24.075,24.059,24.067,24.059,24.052,24.052,24.014,24.029,24.037,24.037,24.029,24.014,24.014,24.006,24.006,24.014,23.998,23.991,23.991,23.991,23.983,23.96,23.953,23.945,23.93,23.945,23.953,23.96,23.96,23.96,23.945,23.945,23.922,23.945,23.93,23.93,23.938,23.922,23.93,23.907,23.907,23.907,23.892,23.884,23.899,23.892,23.915,23.892,23.93,23.953,23.983,23.976,23.968,23.953,23.945,23.922,23.915,23.93,23.922,23.922,23.915,23.907,23.907,23.892,23.915,23.892,23.907,23.922,23.899,23.922,23.915,23.877,23.899,23.884,23.899,23.884,23.899,23.93,23.892,23.884,23.877,23.869,23.869,23.861,23.869,23.884,23.892,23.884,23.892,23.877,23.854,23.823,23.816,23.823,23.823,23.823,23.823,23.823,23.816,23.793,23.8,23.808,23.823,23.831,23.861,23.854,23.861,23.838,23.816,23.785,23.793,23.8,23.785,23.785,23.793,23.808,23.8,23.816,23.808,23.816,23.785,23.8,23.793,23.816,23.8,23.816,23.823,23.823,23.816,23.823,23.823,23.823,23.846,23.816,23.816,23.816,23.785,23.762,23.777,23.747,23.732,23.777,23.762,23.785,23.785,23.77,23.793,23.793,23.793,23.77,23.755,23.747,23.747,23.77,23.732,23.724,23.762,23.739,23.739,23.732,23.732,23.747,23.716,23.716,23.739,23.747,23.755,23.755,23.739,23.739,23.724,23.724,23.716,23.716,23.716,23.716,23.724,23.724,23.724,23.716,23.732,23.724,23.693,23.701,23.686,23.686,23.716,23.678,23.693,23.671,23.663,23.709,23.709,23.739,23.724,23.747,23.724,23.747,23.724,23.709,23.732,23.724,23.693,23.693,23.686,23.686,23.724,23.701,23.693,23.678,23.64,23.686,23.686,23.709,23.678,23.671,23.64,23.632,23.64,23.701,23.709,23.701,23.716,23.686,23.739,23.693,23.709,23.693,23.693,23.693,23.693,23.701,23.701,23.671,23.678,23.663,23.716,23.678,23.686,23.671,23.686,23.686,23.678,23.709,23.693,23.686,23.686
,23.724,23.777,23.785,23.785,23.8,23.777,23.785,23.77,23.785,23.777,23.762,23.762,23.747,23.762,23.785,23.816,23.823,23.831,23.831,23.854,23.831,23.823,23.823,23.816,23.808,23.816,23.785,23.793,23.816,23.8,23.838,23.831,23.816,23.816,23.838,23.823,23.831,23.808,23.785,23.8,23.785,23.755,23.816,23.793,23.831,23.838,23.838,23.831,23.816,23.846,23.838,23.892,23.861,23.846,23.892,23.861,23.861,23.831,23.816,23.793,23.808,23.869,23.816,23.838,23.861,23.877,23.877,23.877,23.884,23.892,23.869,23.877,23.854,23.869,23.884,23.854,23.854,23.861,23.854,23.877,23.884,23.907,23.907,23.907,23.915,23.907,23.892,23.915,23.907,23.922,23.899,23.907,23.899,23.907,23.915,23.884,23.877,23.892,23.915,23.915,23.915,23.922,23.93,23.922,23.922,23.93,23.915,23.892,23.892,23.892,23.907,23.915,23.93,23.93,23.938,23.945,23.945,23.922,23.922,23.915,23.93,23.945,23.953,23.968,23.953,23.953,23.922,23.93,23.93,23.953,23.922,23.892,23.922,23.899,23.907,23.899,23.877,23.892,23.892,23.892,23.884,23.899,23.884,23.884,23.877,23.899,23.922,23.945,23.945,23.93,23.93,23.922,23.915,23.922,23.938,23.93,23.93,23.93,23.938,23.945,23.938,23.945,23.938,23.953,23.96,23.945,23.945,23.976,23.953,23.96,23.945,23.915,23.93,23.938,23.945,23.96,23.938,23.945,23.93,23.96,23.96,23.953,23.96,23.945,23.945,23.945,23.96,23.96,23.983,23.968,23.953,23.976,23.953,23.968,23.976,23.976,23.983,23.983,23.976,23.968,23.968,23.96,23.968,23.96,23.968,23.983,23.976,23.983,23.976,23.968,23.976,23.968,23.991,23.976,23.976,23.976,23.983,23.96,23.945,23.968,23.96,23.968,23.96,23.968,23.922,23.93,23.945,23.907,23.953,23.96,23.96,23.976,23.976,23.968,23.968,23.976,23.953,23.938,23.945,23.922,23.922,23.938,23.96,23.968,23.968,23.953,23.968,23.953,23.968,23.991,23.976,23.983,23.96,23.968,23.983,24.006,24.021,24.014,24.014,24.029,24.029,24.044,24.052,24.044,24.067,24.052,24.044,24.044,24.059,24.082,24.09,24.113,24.105,24.113,24.12,24.135,24.143,24.158,24.158,24.158,24.204,24.196,24.234,24.242,24.265,24.28,24.295,24.303,24.31,24.333,24.341,24.348,24.401,24.409,24.409,24.409,24.492,24.538,24.545,24.568,24.636,24.591,24.651,24.697,25.052,25.044,25.142,25.277,25.338,25.277,25.383,25.45,25.488,25.578,25.623,25.675,25.69,25.818,25.795,25.847,25.862,25.87,25.892,25.967,26.027,26.004,26.064,26.049,26.064,26.094,26.154,26.176,26.124,26.169,26.236,26.221,26.176,25.975,26.049,25.997,26.042,25.982,25.877,26.019,25.832,25.78,25.803,25.728,25.78,25.653,25.51,25.368,25.338,25.27,25.3,25.292,25.104,24.999,24.908,24.78,24.735,24.659,24.674,24.629,24.56,24.507,24.5,24.477,24.462,24.424,24.401,24.363,24.363,24.341,24.325,24.325,24.318,24.28,24.295,24.272,24.272,24.257,24.227,24.211,24.181,24.166,24.173,24.166,24.189,24.12,24.113,24.12,24.105,24.097,24.097,24.067,24.052,24.059,24.067,24.059,24.044,24.044,24.006,24.037,24.014,24.029,24.006,24.006,24.006,23.998,24.006,23.998,23.991,23.976,23.968,23.953,23.938,23.945,23.945,23.953,23.968,23.968,23.96,23.945,23.945,23.938,23.93,23.93,23.922,23.915,23.93,23.922,23.93,23.915,23.884,23.877,23.892,23.884,23.907,23.93,23.938,23.93,23.96,23.96,23.953,23.968,23.976,23.93,23.922,23.938,23.93,23.938,23.93,23.922,23.907,23.907,23.907,23.899,23.938,23.899,23.938,23.945,23.93,23.915,23.892,23.899,23.899,23.892,23.899,23.861,23.884,23.892,23.884,23.899,23.884,23.877,23.869,23.877,23.861,23.861,23.877,23.877,23.854,23.854,23.831,23.823,23.831,23.816,23.808,23.823,23.808,23.808,23.8,23.793,23.793,23.8,23.831,23.846,23.846,23.861,23.823,23.8,23.808,23.777,23.785,23.808,23.793,23.808,23.808,23.8,23.808,23.793,23.8,23.808,23.777,23.793,23.8,23.808,23.808,23.816,23.808,23.808,23.8,23.838,23.808,23.816,23.808,23.808,23.816,23.747,23.762,23.747,23.739,23.747,23.777,23.77,23.785,23.77,23.77,23.8,23.77,23.77,23.755,23.755,23.762,23.755,23.762,23.747,23.747,23.755,23.724,23.747,23.777,23.755,23.724,23.701,23.724,23.724,23.732,23.732,23.724,23.732,23.701,23.716,23.693,23.709,23.716,23.716,23.724,23.716,23.724,23.739,23.739,23.724,23.747,23.709,23.701,23.686,23.678,23.671,23.693,23.678,23.686,23.701,23.716,23.663,23.709,23.716,23.693,23.693,23.747,23.724,23.732,23.724,23.709,23.701,23.655,23.671,23.671,23.686,23.678,23.671,23.686,23.671,23.663,23.663,23.686,23.686,23.671,23.663,23.655,23.663,23.693,23.686,23.701,23.686,23.716,23.709,23.678,23.671,23.701,23.671,23.709,23.716,23.709,23.701,23.693,23.693,23.701,23.693,23.671,23.693,23.686,23.671,23.701,23.693,23.678,23.678,23.663,23.663
,23.739,23.77,23.747,23.785,23.785,23.8,23.793,23.8,23.762,23.77,23.77,23.755,23.762,23.77,23.831,23.808,23.831,23.854,23.831,23.869,23.831,23.831,23.816,23.816,23.808,23.8,23.808,23.8,23.785,23.823,23.823,23.823,23.816,23.816,23.816,23.816,23.816,23.8,23.785,23.777,23.747,23.838,23.793,23.816,23.831,23.823,23.823,23.816,23.846,23.869,23.877,23.869,23.869,23.846,23.846,23.861,23.846,23.823,23.823,23.777,23.785,23.808,23.831,23.838,23.854,23.869,23.877,23.884,23.892,23.892,23.869,23.861,23.869,23.854,23.861,23.854,23.846,23.854,23.869,23.877,23.892,23.907,23.922,23.892,23.899,23.915,23.915,23.922,23.93,23.907,23.907,23.899,23.892,23.907,23.884,23.877,23.884,23.892,23.892,23.922,23.922,23.915,23.922,23.922,23.884,23.899,23.915,23.884,23.892,23.892,23.899,23.922,23.922,23.938,23.945,23.915,23.907,23.93,23.915,23.907,23.938,23.938,23.968,23.938,23.93,23.93,23.93,23.915,23.93,23.907,23.938,23.93,23.915,23.899,23.899,23.892,23.907,23.892,23.892,23.892,23.907,23.899,23.877,23.884,23.884,23.899,23.899,23.922,23.93,23.938,23.922,23.93,23.892,23.922,23.93,23.915,23.922,23.922,23.93,23.945,23.938,23.938,23.938,23.96,23.945,23.96,23.96,23.96,23.953,23.953,23.938,23.938,23.938,23.938,23.938,23.945,23.945,23.953,23.953,23.96,23.968,23.953,23.953,23.953,23.938,23.945,23.953,23.976,23.976,23.968,23.96,23.96,23.945,23.968,23.976,23.968,23.983,23.976,23.976,23.968,23.976,23.953,23.976,23.976,23.976,23.983,23.983,23.991,23.983,23.983,23.991,23.983,23.976,23.976,23.983,23.968,23.976,23.976,23.968,23.96,23.96,23.968,23.976,23.96,23.96,23.93,23.938,23.915,23.922,23.968,23.938,23.976,23.983,23.968,23.976,23.96,23.953,23.953,23.938,23.93,23.96,23.96,23.976,23.976,23.991,23.96,23.968,23.991,23.976,23.983,23.983,23.968,23.976,23.968,23.983,24.014,24.029,24.014,24.037,24.021,24.029,24.029,24.037,24.059,24.059,24.067,24.059,24.097,24.075,24.097,24.12,24.12,24.128,24.128,24.128,24.143,24.151,24.181,24.173,24.211,24.204,24.249,24.249,24.257,24.28,24.295,24.31,24.333,24.341,24.348,24.371,24.394,24.409,24.409,24.477,24.492,24.523,24.651,24.583,24.719,24.833,24.855,24.976,25.142,25.225,25.292,25.3,25.375,25.383,25.405,25.48,25.69,25.668,25.683,25.713,25.735,25.81,25.84,25.9,25.915,26.004,25.982,26.049,26.087,26.154,26.169,26.169,26.183,26.228,26.236,26.236,26.221,26.273,26.273,26.31,26.273,26.288,26.295,26.191,26.213,26.131,26.042,26.087,26.042,25.997,25.952,25.892,25.832,25.84,25.832,25.885,25.735,25.503,25.405,25.458,25.42,25.345,25.308,25.3,24.931,24.991,24.78,24.833,24.772,24.689,24.636,24.598,24.53,24.485,24.538,24.447,24.432,24.386,24.409,24.363,24.348,24.348,24.325,24.318,24.28,24.287,24.257,24.242,24.211,24.204,24.181,24.196,24.181,24.166,24.166,24.158,24.166,24.143,24.12,24.105,24.082,24.075,24.075,24.075,24.059,24.067,24.029,24.059,24.037,24.037,24.029,24.029,24.014,24.014,24.006,23.998,23.991,23.983,23.968,23.953,23.953,23.945,23.953,23.945,23.96,23.968,23.976,23.998,23.945,23.945,23.945,23.945,23.938,23.945,23.945,23.93,23.945,23.938,23.922,23.892,23.899,23.915,23.907,23.922,23.945,23.953,23.953,23.968,23.96,23.945,23.953,23.953,23.938,23.915,23.915,23.93,23.93,23.93,23.93,23.915,23.922,23.915,23.922,23.915,23.922,23.907,23.907,23.922,23.907,23.922,23.907,23.892,23.884,23.907,23.907,23.892,23.915,23.892,23.892,23.899,23.884,23.877,23.877,23.869,23.869,23.869,23.854,23.854,23.846,23.838,23.816,23.816,23.816,23.808,23.8,23.8,23.785,23.808,23.8,23.808,23.816,23.831,23.846,23.838,23.831,23.823,23.777,23.793,23.785,23.755,23.785,23.793,23.808,23.777,23.785,23.8,23.777,23.8,23.816,23.793,23.823,23.785,23.8,23.816,23.808,23.8,23.816,23.8,23.808,23.785,23.793,23.793,23.785,23.77,23.777,23.777,23.762,23.747,23.762,23.762,23.755,23.755,23.762,23.755,23.777,23.785,23.755,23.762,23.762,23.777,23.777,23.747,23.732,23.755,23.732,23.724,23.724,23.732,23.732,23.724,23.716,23.716,23.716,23.724,23.732,23.732,23.709,23.709,23.678,23.716,23.701,23.709,23.716,23.716,23.724,23.732,23.701,23.709,23.724,23.716,23.709,23.701,23.686,23.678,23.678,23.686,23.701,23.701,23.686,23.701,23.716,23.701,23.709,23.716,23.686,23.693,23.716,23.724,23.701,23.686,23.678,23.655,23.686,23.663,23.686,23.678,23.671,23.663,23.671,23.693,23.671,23.678,23.678,23.655,23.64,23.625,23.655,23.663,23.701,23.709,23.716,23.671,23.686,23.655,23.671,23.678,23.686,23.709,23.709,23.701,23.709,23.693,23.701,23.701,23.678,23.709,23.648,23.732,23.739,23.686,23.686,23.693,23.663,23.655,23.648
,23.709,23.77,23.755,23.793,23.793,23.793,23.816,23.762,23.747,23.755,23.755,23.747,23.739,23.8,23.777,23.785,23.838,23.823,23.816,23.831,23.846,23.823,23.816,23.823,23.793,23.785,23.793,23.793,23.8,23.816,23.816,23.823,23.816,23.823,23.816,23.808,23.808,23.793,23.777,23.8,23.793,23.808,23.831,23.838,23.831,23.846,23.823,23.831,23.831,23.861,23.877,23.861,23.846,23.846,23.838,23.846,23.831,23.816,23.785,23.8,23.8,23.785,23.8,23.831,23.877,23.861,23.869,23.869,23.861,23.892,23.869,23.877,23.877,23.854,23.869,23.854,23.854,23.854,23.861,23.877,23.899,23.899,23.922,23.899,23.915,23.892,23.892,23.93,23.915,23.922,23.915,23.899,23.899,23.884,23.884,23.869,23.869,23.907,23.93,23.922,23.945,23.922,23.907,23.915,23.899,23.907,23.907,23.884,23.884,23.892,23.892,23.922,23.915,23.922,23.915,23.93,23.907,23.922,23.915,23.922,23.953,23.945,23.945,23.945,23.938,23.915,23.922,23.922,23.93,23.915,23.907,23.922,23.907,23.907,23.915,23.907,23.884,23.915,23.884,23.884,23.899,23.892,23.892,23.884,23.869,23.892,23.922,23.93,23.93,23.93,23.93,23.915,23.892,23.93,23.93,23.915,23.915,23.899,23.915,23.915,23.93,23.93,23.938,23.945,23.945,23.96,23.96,23.953,23.96,23.945,23.938,23.938,23.938,23.945,23.945,23.945,23.938,23.945,23.945,23.953,23.96,23.96,23.976,23.945,23.945,23.945,23.945,23.983,23.976,23.945,23.945,23.96,23.945,23.968,23.968,23.976,23.96,23.968,23.96,23.998,23.976,23.983,23.976,23.991,23.991,23.991,23.983,23.983,23.983,23.983,23.976,23.968,23.968,23.991,23.991,23.983,23.976,23.968,23.976,23.976,23.983,23.983,23.983,23.983,23.96,23.938,23.945,23.938,23.938,23.96,23.96,23.953,23.968,23.96,23.953,23.96,23.96,23.945,23.96,23.945,23.953,23.968,23.983,23.998,23.991,23.983,23.968,23.96,23.96,23.991,23.96,23.96,23.96,23.983,23.991,24.021,24.029,24.029,24.021,24.029,24.021,24.037,24.052,24.052,24.075,24.082,24.075,24.075,24.082,24.09,24.128,24.135,24.135,24.151,24.151,24.166,24.173,24.204,24.196,24.227,24.249,24.249,24.28,24.28,24.325,24.356,24.341,24.356,24.371,24.379,24.401,24.424,24.447,24.507,24.545,24.553,24.606,24.75,24.855,24.916,24.999,25.202,25.157,25.277,25.292,25.375,25.338,25.48,25.518,25.458,25.63,25.72,25.705,25.788,25.832,25.78,25.907,25.945,26.004,26.034,26.042,26.124,26.213,26.191,26.221,26.228,26.243,26.28,26.318,26.34,26.355,26.362,26.318,26.362,26.392,26.37,26.303,26.265,26.258,26.258,26.236,26.139,26.191,26.183,26.109,26.057,26.027,25.982,26.004,25.9,25.952,25.877,25.862,25.645,25.788,25.503,25.518,25.458,25.368,25.42,25.315,25.074,25.119,25.044,24.818,24.666,24.666,24.644,24.591,24.538,24.538,24.5,24.454,24.424,24.409,24.401,24.363,24.348,24.341,24.318,24.31,24.295,24.303,24.265,24.242,24.227,24.196,24.204,24.189,24.166,24.166,24.151,24.143,24.128,24.128,24.105,24.113,24.097,24.09,24.09,24.059,24.052,24.044,24.037,24.029,24.021,24.029,24.014,24.021,24.006,23.998,23.991,23.976,23.96,23.953,23.953,23.953,23.953,23.96,23.976,23.968,23.968,23.968,23.938,23.953,23.945,23.945,23.945,23.938,23.945,23.945,23.93,23.938,23.915,23.93,23.915,23.93,23.915,23.938,23.96,23.968,23.976,23.968,23.938,23.96,23.953,23.938,23.96,23.953,23.915,23.922,23.945,23.938,23.93,23.93,23.93,23.93,23.93,23.93,23.892,23.922,23.922,23.907,23.915,23.884,23.892,23.899,23.899,23.915,23.907,23.93,23.922,23.892,23.907,23.884,23.892,23.892,23.877,23.869,23.854,23.861,23.854,23.877,23.869,23.854,23.823,23.816,23.808,23.808,23.8,23.808,23.823,23.8,23.808,23.823,23.808,23.838,23.846,23.838,23.831,23.808,23.793,23.793,23.747,23.777,23.793,23.785,23.777,23.808,23.785,23.785,23.785,23.793,23.777,23.777,23.785,23.793,23.793,23.8,23.793,23.8,23.808,23.793,23.793,23.77,23.777,23.77,23.77,23.77,23.77,23.755,23.747,23.762,23.762,23.77,23.77,23.77,23.77,23.762,23.755,23.777,23.777,23.77,23.793,23.747,23.77,23.77,23.755,23.762,23.739,23.732,23.739,23.739,23.747,23.716,23.716,23.716,23.716,23.732,23.724,23.716,23.747,23.716,23.716,23.716,23.732,23.724,23.732,23.739,23.693,23.701,23.678,23.686,23.739,23.724,23.709,23.701,23.709,23.678,23.693,23.724,23.686,23.709,23.693,23.716,23.709,23.709,23.686,23.709,23.724,23.671,23.709,23.732,23.686,23.678,23.663,23.648,23.671,23.671,23.686,23.678,23.686,23.686,23.663,23.655,23.693,23.678,23.655,23.663,23.632,23.64,23.648,23.617,23.686,23.663,23.678,23.678,23.671,23.655,23.663,23.671,23.686,23.716,23.724,23.747,23.693,23.724,23.671,23.701,23.701,23.693,23.671,23.671,23.663,23.709,23.678,23.701,23.693,23.648,23.632
,23.77,23.785,23.777,23.785,23.785,23.8,23.777,23.762,23.732,23.747,23.739,23.732,23.747,23.77,23.777,23.793,23.816,23.816,23.831,23.831,23.846,23.838,23.823,23.8,23.793,23.823,23.785,23.793,23.793,23.831,23.816,23.785,23.785,23.8,23.816,23.808,23.793,23.808,23.785,23.838,23.854,23.8,23.808,23.816,23.854,23.823,23.831,23.816,23.831,23.823,23.816,23.831,23.838,23.816,23.846,23.831,23.823,23.823,23.793,23.762,23.77,23.777,23.838,23.861,23.838,23.838,23.877,23.854,23.854,23.831,23.869,23.869,23.884,23.854,23.877,23.846,23.861,23.854,23.854,23.892,23.892,23.892,23.915,23.915,23.907,23.892,23.899,23.915,23.915,23.915,23.907,23.907,23.907,23.877,23.884,23.884,23.861,23.877,23.877,23.915,23.884,23.892,23.899,23.899,23.907,23.899,23.884,23.884,23.884,23.877,23.884,23.907,23.907,23.915,23.915,23.922,23.915,23.899,23.915,23.892,23.922,23.945,23.945,23.945,23.922,23.907,23.899,23.899,23.93,23.899,23.93,23.907,23.938,23.922,23.915,23.938,23.922,23.899,23.892,23.884,23.907,23.892,23.892,23.877,23.884,23.884,23.892,23.93,23.922,23.93,23.93,23.899,23.899,23.899,23.892,23.892,23.907,23.899,23.899,23.892,23.907,23.922,23.938,23.945,23.953,23.953,23.953,23.953,23.953,23.938,23.945,23.938,23.93,23.938,23.938,23.93,23.915,23.938,23.938,23.945,23.953,23.953,23.976,23.953,23.945,23.96,23.953,23.976,23.953,23.96,23.945,23.96,23.968,23.976,23.968,23.96,23.968,23.96,23.968,23.968,23.968,23.983,23.968,23.976,23.983,23.983,23.998,23.983,23.983,23.968,23.991,23.976,23.976,23.983,23.976,23.976,23.976,23.983,23.991,24.006,23.983,23.983,23.983,23.976,23.968,23.96,23.976,23.953,23.968,23.953,23.976,23.983,23.976,23.976,23.968,23.953,23.953,23.953,23.953,23.945,23.945,23.976,23.983,23.983,23.983,23.998,23.953,23.976,23.976,23.968,23.96,23.96,23.983,23.998,23.991,24.014,24.037,24.029,24.021,24.021,24.021,24.029,24.037,24.067,24.082,24.09,24.09,24.113,24.059,24.12,24.135,24.151,24.158,24.158,24.173,24.181,24.196,24.219,24.219,24.257,24.242,24.257,24.272,24.295,24.31,24.333,24.363,24.363,24.386,24.424,24.439,24.454,24.5,24.523,24.621,24.636,24.803,25.067,25.097,25.142,25.187,25.27,25.277,25.36,25.353,25.413,25.645,25.555,25.623,25.683,25.795,25.832,25.915,25.885,25.945,26.012,26.034,26.034,26.042,26.139,26.191,26.213,26.288,26.265,26.265,26.325,26.318,26.34,26.347,26.444,26.392,26.444,26.459,26.429,26.407,26.414,26.399,26.377,26.377,26.318,26.37,26.325,26.28,26.377,26.385,26.273,26.064,26.072,26.019,26.019,26.049,26.049,25.885,25.937,25.78,25.818,25.862,25.66,25.54,25.555,25.45,25.345,25.24,25.142,25.014,24.954,24.916,24.689,24.689,24.659,24.613,24.576,24.5,24.492,24.462,24.462,24.416,24.386,24.371,24.356,24.341,24.318,24.287,24.287,24.257,24.249,24.211,24.204,24.196,24.204,24.189,24.196,24.181,24.158,24.173,24.143,24.135,24.128,24.105,24.097,24.059,24.044,24.021,24.021,24.029,24.021,24.029,24.044,24.014,24.021,24.006,23.998,23.976,23.968,23.953,23.96,23.96,23.96,23.953,23.96,23.968,23.93,23.953,23.953,23.953,23.953,23.945,23.953,23.945,23.953,23.945,23.938,23.93,23.93,23.915,23.922,23.93,23.945,23.96,23.96,23.968,23.968,23.945,23.922,23.938,23.93,23.922,23.922,23.922,23.922,23.915,23.93,23.953,23.945,23.93,23.945,23.938,23.938,23.915,23.884,23.915,23.922,23.922,23.899,23.915,23.892,23.892,23.892,23.899,23.915,23.922,23.907,23.915,23.899,23.899,23.899,23.892,23.869,23.854,23.854,23.846,23.854,23.846,23.869,23.854,23.846,23.831,23.816,23.8,23.8,23.8,23.8,23.8,23.8,23.777,23.808,23.816,23.831,23.831,23.831,23.816,23.793,23.785,23.785,23.785,23.777,23.77,23.785,23.785,23.785,23.777,23.77,23.77,23.762,23.785,23.793,23.777,23.785,23.8,23.8,23.777,23.816,23.777,23.785,23.785,23.77,23.77,23.755,23.762,23.739,23.739,23.739,23.724,23.747,23.747,23.755,23.739,23.747,23.755,23.747,23.785,23.793,23.777,23.777,23.777,23.747,23.755,23.747,23.716,23.716,23.747,23.747,23.747,23.747,23.724,23.724,23.716,23.724,23.716,23.701,23.724,23.732,23.678,23.686,23.709,23.709,23.732,23.693,23.724,23.686,23.678,23.716,23.701,23.709,23.716,23.716,23.716,23.709,23.686,23.671,23.671,23.701,23.701,23.716,23.678,23.709,23.716,23.655,23.693,23.724,23.686,23.693,23.663,23.709,23.663,23.671,23.655,23.64,23.678,23.671,23.693,23.686,23.648,23.678,23.663,23.686,23.678,23.671,23.663,23.617,23.632,23.671,23.686,23.671,23.686,23.693,23.678,23.671,23.678,23.663,23.655,23.678,23.686,23.747,23.747,23.716,23.693,23.655,23.671,23.686,23.686,23.671,23.655,23.678,23.693,23.716,23.686,23.648,23.648,23.648
,23.8,23.777,23.785,23.785,23.793,23.793,23.793,23.755,23.785,23.747,23.762,23.732,23.747,23.762,23.77,23.793,23.808,23.816,23.808,23.823,23.816,23.846,23.816,23.808,23.785,23.785,23.793,23.8,23.823,23.831,23.816,23.831,23.8,23.793,23.793,23.808,23.8,23.808,23.808,23.838,23.816,23.854,23.861,23.861,23.831,23.838,23.831,23.816,23.823,23.816,23.831,23.846,23.831,23.831,23.831,23.838,23.823,23.823,23.8,23.777,23.777,23.785,23.854,23.854,23.869,23.861,23.838,23.861,23.846,23.854,23.861,23.861,23.854,23.861,23.846,23.869,23.861,23.869,23.884,23.892,23.907,23.922,23.915,23.907,23.907,23.907,23.907,23.907,23.915,23.907,23.915,23.899,23.892,23.892,23.884,23.884,23.869,23.884,23.877,23.907,23.892,23.892,23.907,23.892,23.892,23.884,23.884,23.884,23.877,23.884,23.892,23.899,23.915,23.907,23.93,23.915,23.915,23.922,23.922,23.892,23.922,23.922,23.915,23.922,23.915,23.907,23.892,23.892,23.899,23.922,23.915,23.938,23.922,23.922,23.93,23.93,23.915,23.915,23.892,23.907,23.892,23.892,23.907,23.907,23.884,23.899,23.899,23.922,23.945,23.945,23.938,23.892,23.922,23.907,23.892,23.907,23.899,23.877,23.892,23.899,23.915,23.915,23.93,23.945,23.953,23.96,23.953,23.953,23.953,23.945,23.938,23.938,23.93,23.938,23.938,23.938,23.945,23.93,23.93,23.93,23.938,23.945,23.968,23.976,23.991,23.96,23.968,23.968,23.968,23.968,23.96,23.968,23.968,23.968,23.976,23.96,23.96,23.96,23.945,23.968,23.96,23.968,23.976,23.976,23.991,23.998,23.991,23.991,23.983,23.983,23.983,23.983,23.976,23.968,23.976,23.991,23.983,23.998,23.983,23.998,23.998,24.014,23.976,23.983,23.991,23.976,23.96,23.968,23.968,23.983,23.983,23.983,23.983,23.968,23.922,23.96,23.945,23.945,23.93,23.945,23.991,23.991,23.998,23.998,23.991,23.96,23.998,23.991,23.976,23.983,23.976,23.968,23.976,23.991,24.021,24.037,24.052,24.037,24.029,24.037,24.037,24.037,24.082,24.067,24.082,24.097,24.067,24.097,24.12,24.128,24.158,24.166,24.181,24.181,24.189,24.196,24.211,24.242,24.265,24.28,24.272,24.295,24.303,24.356,24.333,24.379,24.386,24.401,24.416,24.439,24.485,24.492,24.682,24.757,24.901,24.999,25.074,25.18,25.277,25.36,25.405,25.563,25.585,25.6,25.765,25.69,25.72,25.803,25.9,25.885,25.952,26.004,26.101,26.072,26.094,26.146,26.079,26.116,26.154,26.265,26.28,26.288,26.34,26.385,26.355,26.347,26.392,26.504,26.452,26.541,26.526,26.533,26.585,26.556,26.481,26.533,26.548,26.533,26.474,26.548,26.563,26.452,26.489,26.444,26.541,26.37,26.37,26.318,26.34,26.131,26.265,26.213,26.131,26.109,25.982,25.96,25.922,25.989,25.907,25.728,25.683,25.608,25.57,25.292,25.225,25.187,25.134,24.954,24.855,24.772,24.636,24.598,24.568,24.515,24.507,24.485,24.439,24.424,24.409,24.379,24.371,24.348,24.318,24.31,24.31,24.287,24.265,24.219,24.227,24.219,24.219,24.196,24.204,24.211,24.166,24.173,24.143,24.135,24.128,24.097,24.075,24.044,24.037,24.037,24.044,24.037,24.059,24.037,24.059,24.037,24.014,23.991,23.983,23.976,23.968,23.96,23.976,23.983,23.96,23.93,23.968,23.953,23.953,23.945,23.953,23.96,23.968,23.96,23.96,23.968,23.953,23.953,23.953,23.938,23.938,23.93,23.93,23.953,23.953,23.968,23.945,23.953,23.96,23.915,23.922,23.915,23.93,23.93,23.922,23.922,23.922,23.915,23.922,23.938,23.96,23.938,23.945,23.953,23.907,23.899,23.899,23.899,23.899,23.892,23.884,23.899,23.892,23.907,23.907,23.915,23.915,23.899,23.907,23.922,23.922,23.899,23.892,23.877,23.861,23.854,23.846,23.846,23.869,23.869,23.861,23.854,23.831,23.816,23.808,23.785,23.793,23.793,23.8,23.8,23.8,23.808,23.816,23.816,23.823,23.816,23.816,23.8,23.808,23.77,23.777,23.777,23.762,23.777,23.77,23.762,23.777,23.762,23.755,23.762,23.755,23.777,23.777,23.777,23.77,23.793,23.808,23.8,23.793,23.816,23.793,23.762,23.762,23.762,23.762,23.77,23.762,23.762,23.762,23.755,23.739,23.724,23.716,23.732,23.755,23.747,23.777,23.785,23.793,23.785,23.77,23.762,23.747,23.732,23.732,23.724,23.747,23.755,23.739,23.732,23.739,23.724,23.739,23.716,23.739,23.732,23.732,23.709,23.686,23.716,23.716,23.747,23.739,23.739,23.716,23.693,23.716,23.693,23.709,23.709,23.724,23.701,23.709,23.701,23.678,23.686,23.709,23.693,23.701,23.716,23.663,23.724,23.724,23.709,23.671,23.686,23.701,23.686,23.671,23.671,23.678,23.686,23.671,23.678,23.701,23.693,23.686,23.678,23.655,23.678,23.678,23.678,23.671,23.663,23.648,23.632,23.625,23.655,23.617,23.709,23.739,23.724,23.648,23.663,23.686,23.655,23.663,23.701,23.686,23.648,23.709,23.747,23.663,23.709,23.655,23.671,23.678,23.655,23.686,23.663,23.701,23.693,23.693,23.686,23.663,23.655
,23.823,23.785,23.793,23.808,23.793,23.785,23.777,23.77,23.739,23.747,23.732,23.755,23.747,23.777,23.77,23.793,23.793,23.808,23.823,23.823,23.846,23.816,23.808,23.785,23.777,23.777,23.793,23.777,23.808,23.816,23.808,23.785,23.777,23.793,23.77,23.777,23.793,23.793,23.823,23.823,23.838,23.869,23.869,23.854,23.854,23.831,23.823,23.808,23.8,23.808,23.838,23.816,23.831,23.838,23.816,23.823,23.831,23.823,23.816,23.808,23.793,23.808,23.838,23.854,23.861,23.854,23.838,23.846,23.846,23.846,23.869,23.861,23.869,23.877,23.861,23.869,23.884,23.899,23.892,23.884,23.907,23.93,23.907,23.907,23.915,23.907,23.915,23.899,23.899,23.907,23.884,23.915,23.892,23.922,23.915,23.899,23.892,23.892,23.884,23.899,23.907,23.899,23.899,23.877,23.877,23.899,23.884,23.884,23.892,23.877,23.892,23.884,23.892,23.907,23.899,23.915,23.922,23.915,23.922,23.907,23.915,23.892,23.915,23.907,23.907,23.899,23.892,23.899,23.884,23.869,23.907,23.915,23.907,23.922,23.93,23.938,23.907,23.907,23.892,23.892,23.892,23.892,23.907,23.915,23.899,23.884,23.899,23.907,23.953,23.938,23.96,23.907,23.892,23.93,23.915,23.907,23.892,23.884,23.884,23.884,23.907,23.922,23.938,23.953,23.945,23.96,23.96,23.96,23.953,23.945,23.953,23.938,23.938,23.953,23.922,23.938,23.938,23.922,23.93,23.915,23.93,23.945,23.953,23.976,23.983,23.976,23.976,23.968,23.96,23.968,23.968,23.968,23.96,23.968,23.968,23.953,23.953,23.96,23.968,23.96,23.953,23.96,23.968,23.968,23.983,23.983,23.998,23.991,23.991,23.983,23.991,23.983,23.976,23.976,23.983,24.006,23.998,24.014,24.021,24.014,24.014,23.991,23.998,23.983,23.983,23.991,23.976,23.991,23.983,23.991,23.991,23.991,23.968,23.983,23.976,23.96,23.953,23.976,23.968,23.968,23.998,23.998,23.991,23.976,23.991,23.976,23.991,23.991,23.983,23.976,23.983,23.968,23.976,23.991,24.006,24.021,24.037,24.059,24.037,24.044,24.052,24.052,24.075,24.082,24.09,24.082,24.105,24.113,24.135,24.128,24.173,24.189,24.196,24.211,24.204,24.211,24.219,24.242,24.272,24.287,24.31,24.318,24.333,24.348,24.371,24.363,24.447,24.447,24.47,24.53,24.507,24.613,24.765,24.818,24.999,25.067,25.255,25.285,25.39,25.405,25.488,25.615,25.638,25.758,25.803,25.84,25.9,25.922,26.087,25.997,26.019,26.064,26.124,26.154,26.131,26.198,26.169,26.183,26.228,26.265,26.288,26.318,26.37,26.466,26.474,26.452,26.645,26.622,26.8,26.838,26.712,26.808,26.786,26.66,26.704,26.793,26.838,26.993,27.045,26.845,27.097,27.074,26.845,26.8,26.726,26.541,26.608,26.429,26.407,26.452,26.34,26.28,26.347,26.191,26.198,26.206,26.079,25.975,25.93,25.825,25.937,25.862,25.758,25.6,25.465,25.458,25.262,25.142,25.036,24.757,24.803,24.682,24.606,24.644,24.553,24.515,24.5,24.462,24.432,24.424,24.394,24.356,24.348,24.341,24.341,24.31,24.265,24.257,24.242,24.242,24.234,24.257,24.242,24.234,24.211,24.204,24.166,24.151,24.128,24.105,24.09,24.059,24.052,24.052,24.052,24.052,24.059,24.052,24.052,24.059,24.029,23.998,23.991,23.976,23.968,23.945,23.968,23.953,23.976,23.96,23.945,23.953,23.953,23.953,23.96,23.96,23.968,23.96,23.96,23.968,23.96,23.96,23.96,23.953,23.945,23.945,23.945,23.938,23.945,23.953,23.96,23.96,23.953,23.93,23.938,23.915,23.922,23.922,23.922,23.93,23.915,23.907,23.938,23.922,23.953,23.953,23.938,23.922,23.915,23.915,23.869,23.869,23.884,23.892,23.877,23.899,23.922,23.907,23.922,23.922,23.907,23.915,23.915,23.892,23.907,23.907,23.884,23.869,23.854,23.846,23.838,23.854,23.861,23.877,23.877,23.869,23.846,23.831,23.831,23.793,23.808,23.785,23.785,23.808,23.8,23.8,23.808,23.8,23.808,23.816,23.816,23.808,23.823,23.785,23.8,23.785,23.762,23.777,23.762,23.762,23.762,23.77,23.755,23.762,23.777,23.77,23.8,23.777,23.77,23.808,23.785,23.831,23.793,23.793,23.777,23.755,23.755,23.762,23.747,23.755,23.747,23.747,23.755,23.755,23.732,23.724,23.724,23.739,23.716,23.732,23.785,23.777,23.77,23.777,23.77,23.755,23.739,23.739,23.732,23.709,23.724,23.762,23.739,23.747,23.732,23.701,23.709,23.709,23.709,23.716,23.716,23.671,23.678,23.693,23.693,23.724,23.747,23.709,23.762,23.739,23.693,23.686,23.716,23.701,23.709,23.716,23.716,23.716,23.686,23.678,23.686,23.671,23.671,23.701,23.709,23.716,23.709,23.724,23.693,23.693,23.709,23.716,23.678,23.724,23.701,23.671,23.686,23.686,23.678,23.701,23.701,23.678,23.671,23.663,23.678,23.678,23.671,23.678,23.64,23.64,23.663,23.671,23.678,23.701,23.701,23.709,23.724,23.648,23.663,23.648,23.693,23.671,23.678,23.678,23.663,23.678,23.671,23.686,23.64,23.632,23.64,23.671,23.655,23.671,23.693,23.701,23.693,23.678,23.678,23.671
,23.823,23.808,23.785,23.793,23.8,23.785,23.793,23.747,23.777,23.77,23.755,23.747,23.747,23.762,23.777,23.793,23.816,23.831,23.838,23.838,23.838,23.838,23.823,23.8,23.8,23.777,23.777,23.793,23.808,23.877,23.808,23.831,23.793,23.762,23.77,23.777,23.777,23.823,23.777,23.838,23.854,23.846,23.861,23.854,23.846,23.861,23.823,23.808,23.831,23.823,23.838,23.816,23.823,23.816,23.831,23.838,23.838,23.838,23.823,23.838,23.808,23.808,23.831,23.838,23.869,23.869,23.854,23.861,23.854,23.869,23.869,23.861,23.869,23.861,23.877,23.884,23.884,23.899,23.907,23.922,23.877,23.915,23.93,23.938,23.915,23.892,23.907,23.899,23.915,23.907,23.899,23.96,23.938,23.938,23.922,23.915,23.907,23.892,23.884,23.877,23.892,23.892,23.877,23.892,23.884,23.907,23.907,23.899,23.892,23.892,23.884,23.899,23.922,23.907,23.915,23.938,23.922,23.93,23.915,23.915,23.922,23.907,23.899,23.907,23.915,23.899,23.899,23.899,23.884,23.884,23.899,23.907,23.907,23.922,23.922,23.93,23.938,23.938,23.93,23.907,23.922,23.907,23.907,23.899,23.892,23.915,23.93,23.938,23.968,23.96,23.953,23.953,23.93,23.938,23.922,23.922,23.899,23.899,23.899,23.907,23.907,23.922,23.93,23.953,23.968,23.976,23.968,23.953,23.953,23.945,23.953,23.953,23.96,23.938,23.945,23.945,23.938,23.938,23.93,23.938,23.945,23.96,23.96,23.991,23.991,23.991,23.976,23.983,23.983,23.968,23.968,23.968,23.968,23.953,23.953,23.953,23.945,23.96,23.953,23.968,23.96,23.96,23.96,23.968,23.968,23.991,23.998,24.006,23.998,23.998,23.991,23.983,23.976,23.976,23.983,23.998,24.014,24.014,24.021,24.021,24.014,24.006,23.976,23.983,23.998,24.006,23.998,24.006,23.998,23.991,24.006,24.014,23.983,23.976,23.991,23.968,23.96,23.93,23.96,23.976,23.991,24.014,23.983,23.983,23.976,23.983,23.983,23.991,23.991,23.991,23.991,24.006,23.991,23.998,24.029,24.029,24.067,24.067,24.059,24.059,24.059,24.075,24.105,24.097,24.113,24.143,24.135,24.166,24.143,24.181,24.181,24.204,24.211,24.227,24.227,24.234,24.249,24.265,24.28,24.31,24.348,24.356,24.363,24.401,24.394,24.439,24.447,24.462,24.53,24.553,24.674,24.81,25.021,25.195,25.255,25.33,25.39,25.518,25.533,25.713,25.75,25.713,25.81,25.9,25.967,26.004,26.079,26.087,26.101,26.116,26.109,26.169,26.236,26.265,26.228,26.295,26.362,26.34,26.422,26.318,26.556,26.474,26.518,26.704,26.719,26.756,26.86,26.823,26.986,27.156,27.207,27.399,27.414,27.465,27.532,27.517,27.576,27.532,27.488,27.443,27.392,27.443,27.303,27.244,27.178,27.037,27.06,27.104,26.934,26.838,26.6,26.437,26.437,26.481,26.399,26.429,26.28,26.28,26.042,26.019,26.109,25.967,26.034,25.803,25.832,25.593,25.473,25.292,25.134,25.18,24.999,24.878,24.682,24.651,24.674,24.568,24.538,24.5,24.492,24.447,24.439,24.386,24.394,24.356,24.333,24.333,24.303,24.303,24.287,24.287,24.28,24.295,24.265,24.249,24.242,24.211,24.204,24.173,24.143,24.135,24.113,24.067,24.059,24.059,24.059,24.059,24.082,24.067,24.052,24.067,24.037,24.014,24.006,23.983,23.983,23.976,23.96,23.968,23.968,23.968,23.96,23.976,23.968,23.976,23.976,23.976,23.968,23.976,23.968,23.968,23.968,23.968,23.96,23.953,23.953,23.945,23.953,23.938,23.938,23.938,23.953,23.96,23.945,23.938,23.93,23.915,23.922,23.915,23.922,23.922,23.93,23.938,23.945,23.945,23.922,23.93,23.938,23.907,23.892,23.869,23.861,23.884,23.877,23.892,23.907,23.899,23.907,23.922,23.922,23.922,23.922,23.93,23.922,23.915,23.899,23.892,23.884,23.877,23.854,23.861,23.846,23.846,23.869,23.838,23.861,23.861,23.846,23.846,23.831,23.8,23.816,23.838,23.8,23.808,23.808,23.793,23.808,23.793,23.8,23.808,23.808,23.823,23.808,23.808,23.793,23.77,23.777,23.77,23.77,23.762,23.77,23.77,23.77,23.785,23.793,23.8,23.793,23.793,23.8,23.8,23.8,23.793,23.8,23.77,23.77,23.8,23.77,23.739,23.739,23.732,23.755,23.762,23.755,23.755,23.755,23.747,23.732,23.709,23.724,23.747,23.755,23.77,23.755,23.762,23.755,23.755,23.739,23.724,23.716,23.716,23.755,23.739,23.732,23.739,23.732,23.709,23.739,23.732,23.732,23.678,23.724,23.693,23.686,23.724,23.693,23.709,23.739,23.739,23.747,23.724,23.724,23.686,23.709,23.701,23.709,23.716,23.709,23.701,23.693,23.686,23.671,23.671,23.686,23.686,23.693,23.693,23.701,23.701,23.678,23.693,23.716,23.693,23.724,23.732,23.701,23.701,23.701,23.701,23.686,23.732,23.686,23.671,23.701,23.693,23.678,23.678,23.671,23.671,23.686,23.625,23.663,23.663,23.671,23.709,23.724,23.701,23.724,23.655,23.648,23.663,23.671,23.686,23.678,23.701,23.693,23.686,23.64,23.663,23.64,23.632,23.648,23.632,23.678,23.686,23.671,23.678,23.686,23.686,23.678,23.686
,23.808,23.823,23.793,23.793,23.785,23.777,23.77,23.77,23.77,23.762,23.77,23.762,23.755,23.777,23.793,23.777,23.816,23.823,23.823,23.854,23.846,23.831,23.823,23.808,23.777,23.785,23.777,23.793,23.793,23.854,23.846,23.823,23.816,23.793,23.8,23.755,23.762,23.755,23.785,23.816,23.838,23.816,23.854,23.846,23.854,23.838,23.846,23.846,23.838,23.823,23.831,23.823,23.823,23.823,23.823,23.854,23.823,23.816,23.808,23.8,23.808,23.816,23.823,23.869,23.869,23.869,23.869,23.846,23.877,23.869,23.892,23.869,23.877,23.877,23.869,23.877,23.892,23.899,23.915,23.915,23.915,23.846,23.892,23.915,23.884,23.899,23.915,23.93,23.915,23.915,23.93,23.899,23.915,23.938,23.922,23.915,23.907,23.892,23.884,23.899,23.892,23.877,23.869,23.884,23.884,23.907,23.915,23.892,23.892,23.892,23.884,23.899,23.907,23.938,23.915,23.938,23.922,23.922,23.922,23.915,23.915,23.899,23.899,23.899,23.907,23.892,23.899,23.899,23.907,23.899,23.892,23.899,23.899,23.907,23.922,23.922,23.938,23.938,23.922,23.907,23.922,23.907,23.899,23.922,23.899,23.907,23.915,23.945,23.968,23.96,23.96,23.953,23.953,23.96,23.945,23.922,23.922,23.907,23.922,23.907,23.93,23.93,23.915,23.96,23.983,23.976,23.968,23.953,23.953,23.953,23.953,23.953,23.953,23.96,23.96,23.968,23.96,23.938,23.945,23.945,23.953,23.968,23.991,23.983,23.998,23.983,23.991,23.983,23.976,23.953,23.945,23.953,23.953,23.953,23.953,23.945,23.938,23.953,23.96,23.976,23.96,23.953,23.953,23.945,23.968,23.976,23.991,24.006,24.006,23.998,23.991,23.983,23.976,23.991,23.998,23.998,24.021,24.037,24.021,24.014,24.021,24.006,24.006,24.014,24.006,23.998,24.006,24.006,23.998,23.998,23.991,23.991,23.976,23.983,23.976,23.953,23.945,23.96,23.968,23.983,24.006,24.014,23.998,23.991,23.991,23.991,23.991,23.998,23.998,23.998,24.014,23.998,24.006,24.021,24.021,24.037,24.059,24.059,24.067,24.067,24.082,24.097,24.128,24.105,24.143,24.135,24.151,24.166,24.166,24.196,24.219,24.219,24.234,24.265,24.234,24.265,24.265,24.287,24.318,24.363,24.348,24.386,24.394,24.439,24.447,24.424,24.545,24.636,24.719,24.757,25.029,25.172,25.202,25.3,25.398,25.458,25.503,25.608,25.75,25.72,25.847,25.907,25.975,25.967,26.027,26.042,26.079,26.116,26.183,26.191,26.273,26.258,26.333,26.325,26.355,26.444,26.518,26.622,26.608,26.667,27.037,27.104,26.912,27.252,27.355,27.399,27.421,27.384,27.649,27.686,27.671,27.738,27.782,27.914,27.921,28.06,28.119,28.112,27.877,28.214,28.221,28.148,28.053,27.914,27.738,27.738,27.723,27.789,27.362,27.311,27.281,27.266,27.215,26.734,26.6,26.608,26.444,26.504,26.213,26.191,26.146,26.154,26.094,26.034,25.922,25.81,25.803,25.578,25.353,25.315,25.187,25.104,25.052,24.855,24.666,24.613,24.56,24.545,24.523,24.5,24.47,24.447,24.401,24.394,24.371,24.371,24.348,24.341,24.31,24.303,24.287,24.287,24.272,24.265,24.242,24.211,24.196,24.173,24.166,24.143,24.128,24.12,24.113,24.09,24.075,24.075,24.067,24.075,24.082,24.014,24.037,24.006,24.006,23.991,23.991,23.976,23.976,23.983,23.983,23.983,23.983,23.976,23.968,23.968,23.983,23.96,23.976,23.983,23.968,23.976,23.968,23.96,23.96,23.953,23.953,23.945,23.93,23.93,23.93,23.953,23.938,23.945,23.96,23.945,23.93,23.93,23.922,23.938,23.915,23.938,23.93,23.93,23.953,23.945,23.938,23.93,23.922,23.922,23.915,23.915,23.892,23.899,23.877,23.892,23.884,23.899,23.915,23.915,23.93,23.907,23.915,23.907,23.915,23.907,23.899,23.892,23.869,23.869,23.869,23.854,23.854,23.838,23.823,23.838,23.846,23.846,23.846,23.831,23.838,23.823,23.808,23.831,23.816,23.823,23.8,23.8,23.793,23.793,23.793,23.8,23.8,23.808,23.785,23.777,23.777,23.793,23.777,23.77,23.785,23.755,23.77,23.77,23.793,23.793,23.8,23.777,23.8,23.793,23.793,23.808,23.8,23.8,23.777,23.762,23.755,23.732,23.762,23.732,23.739,23.747,23.739,23.755,23.755,23.755,23.762,23.755,23.762,23.739,23.709,23.747,23.755,23.747,23.755,23.755,23.747,23.732,23.716,23.716,23.716,23.701,23.709,23.732,23.739,23.755,23.755,23.709,23.732,23.732,23.724,23.716,23.701,23.701,23.701,23.701,23.709,23.716,23.716,23.732,23.724,23.724,23.716,23.716,23.716,23.716,23.701,23.701,23.709,23.693,23.693,23.686,23.671,23.671,23.663,23.686,23.701,23.701,23.709,23.701,23.686,23.693,23.686,23.709,23.724,23.739,23.724,23.716,23.686,23.693,23.663,23.686,23.709,23.648,23.701,23.671,23.686,23.663,23.678,23.655,23.671,23.686,23.701,23.671,23.678,23.701,23.701,23.678,23.678,23.678,23.655,23.663,23.678,23.678,23.686,23.686,23.671,23.686,23.632,23.655,23.617,23.625,23.648,23.655,23.671,23.671,23.663,23.663,23.671,23.678,23.693,23.671
,23.831,23.808,23.8,23.8,23.777,23.755,23.785,23.785,23.762,23.785,23.777,23.777,23.77,23.785,23.77,23.777,23.816,23.816,23.838,23.854,23.846,23.831,23.854,23.785,23.785,23.808,23.777,23.785,23.808,23.793,23.808,23.8,23.8,23.8,23.785,23.785,23.816,23.777,23.808,23.8,23.8,23.816,23.838,23.831,23.838,23.823,23.816,23.831,23.831,23.831,23.838,23.838,23.838,23.823,23.831,23.854,23.854,23.823,23.823,23.816,23.77,23.816,23.8,23.831,23.869,23.861,23.861,23.854,23.854,23.854,23.861,23.884,23.884,23.861,23.869,23.877,23.869,23.899,23.899,23.892,23.884,23.892,23.877,23.907,23.922,23.907,23.899,23.907,23.938,23.915,23.93,23.922,23.922,23.945,23.938,23.938,23.93,23.892,23.899,23.922,23.877,23.892,23.892,23.877,23.915,23.899,23.907,23.892,23.907,23.877,23.877,23.907,23.884,23.922,23.945,23.953,23.93,23.922,23.938,23.93,23.93,23.945,23.953,23.922,23.899,23.907,23.892,23.892,23.899,23.892,23.892,23.892,23.899,23.907,23.915,23.922,23.922,23.93,23.938,23.915,23.899,23.93,23.915,23.915,23.915,23.915,23.922,23.915,23.96,23.945,23.953,23.945,23.96,23.953,23.938,23.945,23.938,23.938,23.93,23.938,23.915,23.922,23.922,23.945,23.953,23.983,23.983,23.96,23.96,23.945,23.953,23.96,23.96,23.96,23.953,23.953,23.945,23.953,23.968,23.983,23.976,23.983,23.983,23.991,23.991,23.983,23.991,23.968,23.983,23.968,23.953,23.945,23.945,23.938,23.953,23.945,23.953,23.953,23.968,23.968,23.976,23.976,23.96,23.96,23.976,23.968,23.991,23.998,24.006,23.998,23.998,23.991,23.983,23.983,23.991,23.991,24.006,24.021,24.021,24.037,24.029,24.006,23.998,23.998,24.021,24.014,24.014,24.014,24.006,23.998,23.991,23.976,23.976,23.983,23.976,23.968,23.968,23.96,23.968,23.968,24.006,24.014,23.998,24.006,24.021,23.991,23.991,23.998,24.014,24.006,24.014,24.014,24.037,24.037,24.044,24.037,24.09,24.075,24.075,24.097,24.082,24.113,24.128,24.135,24.158,24.173,24.158,24.204,24.204,24.181,24.211,24.227,24.249,24.272,24.28,24.295,24.287,24.318,24.333,24.348,24.401,24.424,24.439,24.507,24.538,24.583,24.666,24.772,25.021,25.112,25.149,25.323,25.33,25.405,25.525,25.615,25.675,25.713,25.87,25.832,25.952,25.952,26.042,26.094,26.154,26.124,26.221,26.251,26.28,26.251,26.385,26.362,26.422,26.481,26.57,26.667,26.756,26.86,26.793,26.919,27.377,27.554,27.532,27.649,27.987,27.782,27.972,28.075,28.28,28.324,28.346,28.411,28.499,28.521,28.645,28.812,28.986,28.848,28.87,28.848,28.783,28.761,28.754,28.725,28.645,28.47,28.521,28.273,28.112,28.031,27.848,27.649,27.458,27.362,27.303,27.06,26.934,26.712,26.667,26.674,26.541,26.198,26.161,26.236,26.161,26.072,25.788,25.72,25.585,25.443,25.465,25.21,25.21,25.036,24.893,24.75,24.697,24.606,24.621,24.538,24.515,24.454,24.424,24.409,24.401,24.386,24.371,24.363,24.363,24.341,24.333,24.295,24.28,24.265,24.249,24.234,24.204,24.189,24.173,24.158,24.151,24.151,24.128,24.105,24.09,24.082,24.075,24.075,24.052,24.059,24.029,24.021,24.006,23.998,23.983,23.976,23.968,23.983,23.983,23.991,23.983,23.976,23.983,23.976,23.968,23.96,23.976,23.991,23.968,23.991,23.976,23.953,23.96,23.953,23.953,23.93,23.922,23.93,23.93,23.938,23.953,23.953,23.953,23.953,23.953,23.945,23.93,23.922,23.915,23.953,23.938,23.96,23.96,23.945,23.945,23.945,23.945,23.93,23.915,23.922,23.869,23.899,23.907,23.899,23.93,23.922,23.93,23.922,23.93,23.93,23.922,23.907,23.907,23.899,23.892,23.869,23.861,23.861,23.869,23.869,23.846,23.846,23.831,23.838,23.854,23.838,23.838,23.846,23.846,23.808,23.838,23.823,23.816,23.808,23.816,23.8,23.8,23.8,23.8,23.8,23.808,23.793,23.785,23.785,23.777,23.777,23.785,23.777,23.777,23.777,23.77,23.77,23.785,23.8,23.808,23.8,23.808,23.808,23.785,23.816,23.808,23.785,23.777,23.747,23.747,23.732,23.739,23.732,23.739,23.747,23.732,23.739,23.747,23.762,23.732,23.732,23.755,23.701,23.732,23.732,23.755,23.755,23.755,23.747,23.755,23.747,23.724,23.716,23.709,23.701,23.716,23.732,23.739,23.755,23.739,23.747,23.732,23.716,23.686,23.701,23.709,23.709,23.693,23.686,23.693,23.701,23.724,23.724,23.701,23.709,23.716,23.709,23.716,23.709,23.701,23.709,23.701,23.693,23.693,23.678,23.671,23.678,23.678,23.671,23.686,23.693,23.716,23.686,23.693,23.686,23.693,23.701,23.716,23.732,23.732,23.716,23.693,23.686,23.678,23.663,23.678,23.724,23.64,23.701,23.693,23.701,23.663,23.686,23.663,23.671,23.678,23.686,23.678,23.671,23.693,23.686,23.701,23.663,23.693,23.701,23.663,23.686,23.693,23.686,23.686,23.686,23.64,23.648,23.625,23.625,23.625,23.648,23.663,23.709,23.663,23.663,23.671,23.671,23.671,23.663
,23.831,23.793,23.777,23.793,23.77,23.785,23.77,23.762,23.785,23.793,23.777,23.793,23.785,23.77,23.777,23.793,23.816,23.838,23.831,23.846,23.846,23.823,23.816,23.77,23.8,23.785,23.785,23.8,23.808,23.808,23.808,23.808,23.823,23.793,23.8,23.77,23.762,23.793,23.785,23.785,23.823,23.831,23.831,23.831,23.823,23.831,23.838,23.808,23.838,23.831,23.831,23.838,23.831,23.823,23.823,23.838,23.823,23.808,23.785,23.793,23.808,23.808,23.8,23.823,23.838,23.869,23.854,23.869,23.877,23.854,23.861,23.884,23.861,23.854,23.861,23.884,23.861,23.877,23.861,23.869,23.884,23.884,23.892,23.884,23.899,23.899,23.907,23.938,23.945,23.953,23.922,23.922,23.899,23.922,23.907,23.922,23.907,23.915,23.915,23.884,23.899,23.884,23.861,23.884,23.915,23.915,23.899,23.915,23.892,23.884,23.884,23.899,23.884,23.922,23.922,23.922,23.93,23.915,23.915,23.922,23.93,23.945,23.938,23.93,23.899,23.899,23.907,23.899,23.884,23.884,23.884,23.884,23.899,23.907,23.915,23.915,23.922,23.922,23.915,23.922,23.922,23.915,23.899,23.907,23.907,23.93,23.915,23.915,23.945,23.938,23.945,23.945,23.938,23.93,23.945,23.945,23.93,23.945,23.953,23.938,23.93,23.907,23.922,23.953,23.96,23.976,23.976,23.968,23.96,23.945,23.953,23.96,23.96,23.968,23.96,23.96,23.968,23.96,23.991,23.976,23.983,23.998,23.991,23.998,23.983,23.998,23.983,23.983,23.968,23.96,23.945,23.93,23.953,23.953,23.953,23.96,23.953,23.953,23.96,23.96,23.983,23.991,23.953,23.922,23.968,23.96,23.968,23.998,23.991,23.991,23.991,23.983,23.998,23.983,23.976,23.991,23.983,24.006,24.006,24.014,23.998,24.014,24.006,24.021,24.006,24.006,24.014,24.006,23.998,23.991,23.991,23.976,23.968,23.976,23.976,23.976,23.968,23.96,23.968,23.976,23.998,24.006,24.029,24.006,24.014,24.006,23.998,23.998,23.998,24.014,24.021,24.021,24.029,24.044,24.044,24.059,24.067,24.067,24.097,24.113,24.113,24.143,24.158,24.173,24.181,24.181,24.196,24.204,24.219,24.234,24.234,24.249,24.257,24.272,24.31,24.318,24.333,24.325,24.371,24.401,24.409,24.47,24.492,24.515,24.598,24.644,24.863,24.946,25.285,25.27,25.36,25.398,25.518,25.585,25.63,25.728,25.795,25.87,25.982,26.049,26.019,26.116,26.109,26.161,26.265,26.288,26.191,26.437,26.31,26.437,26.541,26.504,26.6,26.815,27.023,27.089,27.348,27.539,27.716,27.767,27.84,28.075,28.119,28.426,28.535,28.579,28.608,28.863,28.994,29.153,29.052,29.211,29.226,29.218,29.305,29.399,29.508,29.53,29.631,29.566,29.45,29.479,29.472,29.421,29.349,29.284,29.262,29.247,28.979,28.623,28.666,28.725,28.594,28.331,28.148,27.694,27.51,27.355,27.333,27.289,27.17,26.786,26.704,26.34,26.243,26.079,25.818,25.87,25.788,25.653,25.615,25.503,25.473,25.323,25.059,24.999,24.886,24.772,24.659,24.576,24.56,24.492,24.462,24.432,24.416,24.416,24.401,24.394,24.386,24.371,24.341,24.325,24.31,24.28,24.265,24.249,24.227,24.204,24.189,24.181,24.173,24.166,24.151,24.128,24.105,24.113,24.097,24.12,24.12,24.082,24.067,24.021,24.014,23.998,23.991,23.983,23.983,23.991,23.998,23.998,23.991,23.983,23.968,23.991,23.968,23.968,23.968,23.976,23.983,23.983,23.953,23.96,23.93,23.93,23.96,23.945,23.938,23.945,23.93,23.953,23.945,23.953,23.953,23.953,23.953,23.915,23.938,23.922,23.93,23.93,23.938,23.953,23.945,23.945,23.953,23.93,23.938,23.907,23.915,23.93,23.907,23.884,23.93,23.899,23.899,23.915,23.922,23.907,23.922,23.922,23.907,23.907,23.907,23.892,23.892,23.869,23.869,23.861,23.877,23.869,23.861,23.861,23.816,23.854,23.831,23.831,23.838,23.831,23.831,23.838,23.831,23.808,23.808,23.8,23.8,23.8,23.793,23.8,23.8,23.8,23.8,23.785,23.785,23.777,23.777,23.77,23.777,23.777,23.777,23.77,23.755,23.785,23.777,23.808,23.793,23.793,23.8,23.793,23.8,23.8,23.8,23.777,23.777,23.755,23.755,23.747,23.762,23.755,23.732,23.724,23.732,23.716,23.747,23.739,23.755,23.755,23.739,23.762,23.777,23.755,23.739,23.755,23.747,23.747,23.747,23.747,23.724,23.709,23.716,23.724,23.732,23.716,23.747,23.755,23.747,23.762,23.732,23.724,23.709,23.709,23.709,23.709,23.693,23.701,23.671,23.709,23.678,23.709,23.693,23.709,23.709,23.716,23.709,23.716,23.701,23.709,23.693,23.686,23.678,23.678,23.678,23.678,23.671,23.701,23.724,23.701,23.701,23.693,23.693,23.678,23.671,23.701,23.709,23.709,23.716,23.701,23.701,23.686,23.686,23.686,23.678,23.716,23.709,23.701,23.693,23.701,23.701,23.686,23.693,23.671,23.678,23.686,23.686,23.693,23.648,23.709,23.709,23.701,23.693,23.678,23.678,23.686,23.701,23.693,23.701,23.686,23.693,23.671,23.632,23.625,23.64,23.663,23.655,23.648,23.655,23.655,23.655,23.671,23.655,23.648
,23.8,23.8,23.785,23.785,23.793,23.777,23.747,23.77,23.739,23.755,23.793,23.785,23.777,23.762,23.747,23.762,23.762,23.777,23.823,23.816,23.823,23.816,23.785,23.777,23.777,23.785,23.785,23.793,23.816,23.8,23.785,23.777,23.785,23.77,23.793,23.785,23.77,23.8,23.846,23.838,23.823,23.846,23.816,23.823,23.793,23.823,23.8,23.823,23.793,23.793,23.8,23.816,23.838,23.846,23.838,23.823,23.816,23.8,23.808,23.8,23.8,23.785,23.785,23.8,23.8,23.838,23.838,23.838,23.831,23.846,23.823,23.846,23.846,23.854,23.861,23.846,23.838,23.846,23.854,23.854,23.877,23.869,23.884,23.892,23.907,23.907,23.907,23.922,23.945,23.922,23.899,23.892,23.899,23.907,23.899,23.915,23.915,23.915,23.892,23.915,23.892,23.899,23.899,23.915,23.877,23.938,23.922,23.877,23.892,23.877,23.884,23.884,23.899,23.899,23.915,23.93,23.915,23.922,23.915,23.915,23.922,23.922,23.938,23.907,23.915,23.915,23.899,23.907,23.892,23.884,23.877,23.892,23.892,23.892,23.915,23.915,23.907,23.922,23.93,23.922,23.922,23.915,23.915,23.907,23.899,23.892,23.907,23.899,23.915,23.915,23.915,23.922,23.915,23.93,23.93,23.953,23.93,23.953,23.953,23.915,23.945,23.915,23.907,23.968,23.968,23.968,23.968,23.968,23.96,23.976,23.96,23.96,23.96,23.953,23.953,23.96,23.953,23.968,23.998,23.991,23.998,23.976,23.991,23.976,23.983,23.983,23.991,23.983,23.991,23.96,23.96,23.945,23.945,23.953,23.945,23.96,23.96,23.953,23.968,23.976,23.968,23.976,23.998,23.976,23.938,23.983,23.976,23.976,23.983,23.983,23.983,23.983,23.991,23.991,23.991,23.983,23.998,23.983,23.998,24.029,24.037,23.991,23.983,24.006,24.014,23.998,24.006,23.991,23.991,23.991,23.976,23.976,23.976,23.953,23.976,23.976,23.983,23.983,23.976,23.976,23.991,24.014,24.029,24.021,24.014,24.014,23.998,24.006,24.014,24.014,24.029,24.037,24.044,24.052,24.059,24.059,24.082,24.105,24.097,24.12,24.12,24.151,24.173,24.181,24.196,24.189,24.196,24.227,24.227,24.227,24.242,24.265,24.28,24.31,24.318,24.325,24.363,24.379,24.401,24.416,24.439,24.477,24.5,24.674,24.757,24.818,24.916,25.165,25.21,25.368,25.42,25.48,25.653,25.728,25.78,25.78,25.832,26.042,26.116,26.049,26.109,26.124,26.161,26.183,26.303,26.288,26.377,26.518,26.504,26.6,26.763,26.786,26.963,27.03,27.407,27.429,27.679,28.06,28.155,28.243,28.47,28.579,28.725,29.124,29.262,29.602,29.609,29.674,29.919,29.976,29.998,30.027,30.02,30.106,30.171,30.235,30.285,30.293,30.3,30.307,30.293,30.314,30.371,30.163,30.149,30.099,30.099,30.07,29.595,29.392,29.356,29.32,29.211,28.863,28.608,28.674,28.433,28.338,27.848,27.694,27.429,27.229,27.193,26.867,26.511,26.28,26.109,25.997,25.907,25.795,25.645,25.57,25.488,25.473,25.315,25.074,25.014,24.75,24.697,24.629,24.613,24.591,24.492,24.477,24.432,24.439,24.424,24.409,24.409,24.394,24.371,24.348,24.333,24.31,24.28,24.265,24.242,24.211,24.204,24.189,24.173,24.166,24.151,24.128,24.128,24.135,24.128,24.12,24.09,24.067,24.044,24.044,24.014,23.998,23.983,23.998,23.991,23.998,23.998,23.976,23.991,23.983,23.968,23.96,23.953,23.96,23.96,23.96,23.96,23.96,23.968,23.938,23.938,23.945,23.96,23.938,23.907,23.93,23.922,23.938,23.945,23.945,23.945,23.945,23.945,23.93,23.922,23.915,23.922,23.93,23.93,23.945,23.945,23.96,23.953,23.93,23.922,23.93,23.922,23.922,23.899,23.922,23.915,23.922,23.907,23.922,23.922,23.922,23.915,23.907,23.892,23.907,23.899,23.877,23.869,23.861,23.861,23.854,23.861,23.854,23.838,23.838,23.823,23.854,23.823,23.838,23.838,23.831,23.846,23.831,23.831,23.808,23.808,23.8,23.793,23.8,23.793,23.808,23.8,23.8,23.793,23.785,23.777,23.777,23.762,23.77,23.77,23.762,23.777,23.77,23.77,23.739,23.716,23.755,23.755,23.785,23.785,23.793,23.793,23.793,23.785,23.77,23.77,23.755,23.739,23.747,23.77,23.762,23.747,23.755,23.732,23.747,23.724,23.724,23.755,23.77,23.739,23.77,23.739,23.762,23.739,23.732,23.739,23.739,23.732,23.724,23.701,23.709,23.701,23.709,23.724,23.732,23.739,23.732,23.739,23.739,23.716,23.739,23.716,23.701,23.686,23.686,23.671,23.678,23.678,23.663,23.686,23.701,23.709,23.686,23.701,23.701,23.709,23.693,23.693,23.709,23.693,23.678,23.671,23.648,23.655,23.671,23.678,23.701,23.686,23.709,23.709,23.693,23.693,23.686,23.678,23.678,23.709,23.709,23.709,23.716,23.686,23.663,23.671,23.64,23.663,23.663,23.663,23.663,23.663,23.686,23.693,23.686,23.671,23.655,23.671,23.671,23.693,23.701,23.709,23.64,23.686,23.663,23.693,23.678,23.693,23.693,23.678,23.701,23.686,23.701,23.678,23.648,23.648,23.663,23.648,23.709,23.64,23.648,23.655,23.655,23.671,23.663,23.663,23.625
,23.785,23.793,23.785,23.762,23.816,23.777,23.793,23.785,23.777,23.777,23.785,23.785,23.77,23.755,23.755,23.77,23.777,23.793,23.823,23.816,23.816,23.831,23.8,23.77,23.785,23.808,23.8,23.793,23.793,23.785,23.77,23.77,23.762,23.77,23.785,23.8,23.808,23.838,23.816,23.831,23.846,23.816,23.831,23.8,23.777,23.808,23.785,23.77,23.793,23.785,23.8,23.808,23.831,23.823,23.846,23.846,23.823,23.823,23.8,23.762,23.777,23.777,23.777,23.785,23.777,23.808,23.831,23.846,23.854,23.831,23.854,23.823,23.823,23.838,23.838,23.838,23.838,23.838,23.846,23.854,23.854,23.877,23.884,23.877,23.892,23.892,23.93,23.922,23.907,23.922,23.922,23.93,23.907,23.907,23.899,23.922,23.907,23.922,23.907,23.915,23.907,23.907,23.899,23.899,23.922,23.892,23.915,23.899,23.899,23.899,23.877,23.899,23.892,23.915,23.922,23.93,23.915,23.922,23.907,23.899,23.915,23.93,23.938,23.922,23.915,23.884,23.877,23.899,23.884,23.892,23.884,23.892,23.892,23.892,23.899,23.93,23.915,23.922,23.922,23.915,23.922,23.915,23.899,23.907,23.899,23.915,23.907,23.899,23.907,23.907,23.899,23.915,23.93,23.915,23.922,23.922,23.922,23.922,23.938,23.915,23.915,23.93,23.938,23.922,23.938,23.968,23.968,23.96,23.945,23.96,23.968,23.953,23.968,23.96,23.93,23.953,23.953,23.976,24.006,24.006,24.006,23.991,23.983,23.983,23.983,23.998,23.983,23.983,23.976,23.976,23.953,23.96,23.968,23.953,23.968,23.968,23.96,23.953,23.96,23.945,23.976,23.991,23.983,24.029,23.968,23.983,23.976,23.968,23.968,23.968,23.983,23.991,23.991,23.983,23.983,23.983,23.991,23.998,24.029,24.014,23.976,24.014,23.991,23.998,23.998,23.998,23.998,23.991,23.991,23.991,23.991,23.991,23.983,23.976,23.976,23.983,23.991,23.998,23.991,23.991,23.998,24.021,24.014,24.037,24.029,24.014,24.021,24.029,24.021,24.029,24.044,24.044,24.044,24.059,24.067,24.09,24.097,24.105,24.12,24.12,24.105,24.173,24.196,24.196,24.189,24.181,24.181,24.227,24.204,24.257,24.287,24.265,24.318,24.318,24.348,24.379,24.394,24.409,24.416,24.432,24.47,24.56,24.583,24.75,24.81,25.074,25.052,25.33,25.39,25.458,25.51,25.63,25.735,25.825,25.855,25.93,26.019,26.087,26.109,26.183,26.154,26.273,26.251,26.347,26.347,26.399,26.489,26.593,26.778,27.074,27.141,27.163,27.591,28.009,28.28,28.302,28.287,28.623,28.761,28.921,29.276,29.356,29.631,29.926,30.063,30.077,30.113,30.507,30.55,30.579,30.815,30.993,30.979,31.136,31.178,31.171,31.2,31.214,31.235,31.235,31.221,31.171,31.107,31.1,31.064,31.05,30.993,30.801,30.443,30.364,30.163,30.056,29.919,29.558,29.522,29.385,29.486,28.965,28.761,28.666,28.316,27.906,27.502,27.237,27.207,27.178,26.949,26.377,26.325,26.012,25.765,25.728,25.578,25.57,25.443,25.33,25.217,24.976,25.014,24.75,24.704,24.583,24.583,24.515,24.53,24.47,24.447,24.439,24.432,24.416,24.416,24.394,24.363,24.341,24.303,24.28,24.257,24.249,24.227,24.204,24.196,24.189,24.166,24.173,24.158,24.158,24.151,24.135,24.12,24.105,24.067,24.052,24.021,24.021,23.998,23.998,23.998,24.006,23.998,24.006,23.998,23.991,23.968,23.96,23.953,23.96,23.968,23.96,23.968,23.976,23.968,23.968,23.93,23.945,23.96,23.96,23.953,23.945,23.93,23.938,23.938,23.945,23.953,23.953,23.938,23.938,23.93,23.938,23.922,23.93,23.922,23.945,23.938,23.938,23.938,23.922,23.938,23.93,23.892,23.922,23.922,23.915,23.922,23.907,23.93,23.953,23.915,23.915,23.915,23.922,23.907,23.899,23.884,23.869,23.884,23.877,23.854,23.854,23.861,23.838,23.846,23.877,23.877,23.838,23.861,23.831,23.838,23.838,23.831,23.846,23.823,23.793,23.793,23.793,23.8,23.793,23.8,23.808,23.8,23.8,23.8,23.793,23.785,23.785,23.77,23.77,23.762,23.762,23.755,23.762,23.724,23.77,23.747,23.77,23.762,23.777,23.785,23.785,23.785,23.785,23.785,23.77,23.762,23.77,23.755,23.777,23.755,23.755,23.739,23.755,23.732,23.724,23.724,23.732,23.732,23.755,23.762,23.755,23.777,23.739,23.747,23.739,23.732,23.739,23.732,23.739,23.739,23.716,23.724,23.724,23.724,23.709,23.732,23.724,23.732,23.739,23.739,23.724,23.724,23.739,23.716,23.693,23.678,23.663,23.663,23.655,23.686,23.693,23.686,23.693,23.686,23.709,23.701,23.709,23.701,23.686,23.686,23.655,23.678,23.663,23.655,23.686,23.678,23.709,23.693,23.701,23.716,23.693,23.678,23.693,23.678,23.693,23.701,23.724,23.671,23.693,23.648,23.663,23.648,23.655,23.632,23.686,23.64,23.671,23.663,23.678,23.678,23.686,23.678,23.648,23.655,23.686,23.686,23.671,23.693,23.686,23.678,23.671,23.739,23.701,23.693,23.693,23.686,23.709,23.701,23.693,23.663,23.648,23.648,23.648,23.663,23.678,23.663,23.663,23.64,23.648,23.648,23.663,23.648,23.64
,23.785,23.793,23.762,23.77,23.816,23.77,23.777,23.732,23.732,23.777,23.777,23.777,23.77,23.755,23.755,23.777,23.77,23.793,23.823,23.8,23.823,23.846,23.793,23.816,23.808,23.823,23.808,23.793,23.831,23.823,23.831,23.762,23.755,23.77,23.77,23.793,23.793,23.816,23.823,23.869,23.869,23.846,23.816,23.823,23.762,23.793,23.762,23.785,23.785,23.785,23.785,23.793,23.808,23.808,23.831,23.846,23.8,23.785,23.762,23.762,23.777,23.777,23.777,23.785,23.793,23.785,23.831,23.861,23.831,23.831,23.816,23.823,23.831,23.823,23.838,23.831,23.838,23.846,23.854,23.854,23.877,23.899,23.899,23.884,23.884,23.877,23.915,23.945,23.938,23.922,23.953,23.922,23.899,23.884,23.884,23.915,23.915,23.915,23.922,23.915,23.922,23.915,23.899,23.892,23.892,23.892,23.907,23.907,23.907,23.907,23.892,23.884,23.907,23.884,23.938,23.93,23.93,23.907,23.892,23.877,23.884,23.907,23.922,23.899,23.907,23.907,23.899,23.899,23.892,23.892,23.884,23.892,23.892,23.899,23.922,23.915,23.922,23.922,23.915,23.915,23.922,23.915,23.915,23.915,23.907,23.907,23.907,23.899,23.915,23.892,23.899,23.915,23.915,23.915,23.938,23.915,23.93,23.93,23.93,23.922,23.938,23.922,23.93,23.945,23.96,23.953,23.945,23.968,23.945,23.953,23.96,23.953,23.968,23.953,23.945,23.945,23.96,23.983,23.983,24.006,23.991,23.983,23.991,23.983,23.983,23.998,23.998,23.976,23.983,23.968,23.976,23.968,23.968,23.976,23.968,23.976,23.96,23.96,23.945,23.96,23.976,23.983,24.014,23.991,24.006,23.976,23.96,23.976,23.968,23.968,23.976,23.983,23.983,23.991,23.983,23.976,23.976,23.976,23.991,23.991,24.014,24.006,24.006,24.014,23.998,23.998,23.991,23.991,23.991,23.991,23.983,23.998,23.998,23.991,23.991,23.998,23.998,23.991,24.014,23.998,24.014,24.021,24.014,24.021,24.021,24.014,24.021,24.044,24.037,24.037,24.059,24.059,24.059,24.067,24.075,24.097,24.097,24.128,24.128,24.143,24.173,24.181,24.204,24.204,24.211,24.219,24.204,24.242,24.265,24.272,24.303,24.333,24.348,24.363,24.379,24.386,24.432,24.447,24.485,24.477,24.523,24.613,24.75,24.84,25.089,25.308,25.383,25.435,25.45,25.563,25.63,25.728,25.825,25.922,25.952,26.034,26.116,26.191,26.198,26.183,26.221,26.377,26.481,26.399,26.504,26.712,26.778,26.889,27.229,27.664,27.605,27.833,28.309,28.397,28.419,28.892,29.407,29.515,29.573,29.638,30.106,30.5,30.801,30.872,30.886,30.929,31.292,31.455,31.647,31.76,31.767,31.852,31.902,32.071,32.106,32.142,32.156,32.191,32.198,32.177,32.184,32.191,32.149,32.177,32.113,31.916,31.894,31.781,31.59,31.441,31.349,31.306,30.701,30.843,30.715,30.522,30.214,30.199,29.768,29.146,29.044,28.652,28.28,28.229,27.686,27.679,27.517,27.03,26.823,26.622,26.236,26.243,26.094,25.608,25.533,25.57,25.375,25.277,25.202,24.886,24.999,24.689,24.651,24.598,24.621,24.492,24.485,24.47,24.462,24.462,24.424,24.424,24.409,24.379,24.356,24.325,24.287,24.265,24.257,24.234,24.219,24.196,24.196,24.189,24.189,24.151,24.173,24.143,24.135,24.113,24.082,24.075,24.052,24.044,24.021,24.014,24.006,24.006,24.021,24.006,23.976,23.976,23.953,23.991,23.968,23.976,23.976,23.968,23.968,23.968,23.96,23.945,23.953,23.945,23.96,23.953,23.922,23.945,23.938,23.922,23.93,23.938,23.938,23.938,23.938,23.922,23.93,23.93,23.922,23.915,23.922,23.93,23.922,23.945,23.922,23.915,23.93,23.907,23.915,23.915,23.915,23.907,23.915,23.922,23.922,23.93,23.915,23.922,23.938,23.93,23.915,23.899,23.892,23.869,23.877,23.854,23.869,23.846,23.846,23.846,23.838,23.884,23.861,23.877,23.884,23.854,23.838,23.838,23.838,23.838,23.808,23.816,23.793,23.785,23.785,23.793,23.793,23.8,23.8,23.8,23.793,23.793,23.785,23.777,23.777,23.77,23.762,23.755,23.747,23.747,23.762,23.755,23.755,23.77,23.755,23.77,23.77,23.777,23.777,23.777,23.77,23.755,23.762,23.732,23.755,23.77,23.77,23.77,23.777,23.747,23.739,23.747,23.755,23.739,23.755,23.77,23.785,23.777,23.777,23.747,23.732,23.724,23.732,23.724,23.724,23.732,23.739,23.747,23.739,23.739,23.716,23.747,23.732,23.724,23.762,23.747,23.747,23.747,23.747,23.732,23.732,23.716,23.678,23.678,23.671,23.693,23.671,23.671,23.701,23.655,23.701,23.709,23.709,23.709,23.709,23.678,23.671,23.693,23.693,23.678,23.686,23.655,23.671,23.678,23.686,23.693,23.701,23.701,23.686,23.678,23.686,23.693,23.686,23.686,23.678,23.686,23.655,23.617,23.617,23.648,23.625,23.678,23.678,23.663,23.686,23.663,23.678,23.678,23.663,23.655,23.671,23.655,23.671,23.671,23.678,23.678,23.678,23.678,23.716,23.686,23.709,23.693,23.709,23.716,23.678,23.693,23.678,23.648,23.671,23.648,23.693,23.678,23.655,23.64,23.625,23.648,23.655,23.648,23.655,23.663
,23.77,23.77,23.762,23.762,23.762,23.785,23.732,23.785,23.716,23.8,23.785,23.762,23.77,23.77,23.755,23.755,23.777,23.785,23.808,23.823,23.816,23.816,23.816,23.793,23.816,23.823,23.816,23.838,23.823,23.8,23.816,23.785,23.793,23.762,23.785,23.8,23.808,23.808,23.846,23.869,23.877,23.846,23.785,23.793,23.762,23.755,23.762,23.762,23.785,23.777,23.8,23.793,23.793,23.823,23.831,23.831,23.823,23.816,23.785,23.777,23.77,23.793,23.762,23.808,23.823,23.816,23.823,23.831,23.816,23.816,23.831,23.816,23.816,23.823,23.831,23.846,23.854,23.854,23.877,23.869,23.877,23.877,23.884,23.861,23.907,23.915,23.907,23.945,23.93,23.945,23.953,23.93,23.907,23.869,23.884,23.899,23.915,23.968,23.938,23.915,23.907,23.907,23.907,23.899,23.899,23.907,23.899,23.892,23.899,23.899,23.884,23.899,23.884,23.915,23.938,23.945,23.938,23.915,23.884,23.877,23.884,23.899,23.915,23.915,23.922,23.892,23.877,23.907,23.884,23.907,23.899,23.907,23.907,23.907,23.915,23.938,23.915,23.938,23.93,23.922,23.93,23.915,23.922,23.93,23.915,23.922,23.899,23.899,23.907,23.899,23.907,23.915,23.922,23.915,23.945,23.907,23.915,23.922,23.922,23.93,23.945,23.93,23.938,23.945,23.938,23.976,23.953,23.945,23.945,23.953,23.953,23.945,23.968,23.96,23.953,23.976,23.968,23.991,23.991,23.991,23.998,23.983,23.998,23.991,23.991,23.976,23.968,23.983,23.983,23.991,23.976,23.991,23.983,23.983,23.968,23.983,23.945,23.945,23.953,23.96,23.96,23.976,23.998,23.96,23.991,23.991,23.96,23.976,23.968,23.976,23.983,23.976,23.976,23.976,23.976,23.976,23.976,23.968,23.983,24.014,24.021,24.006,23.998,23.998,23.991,23.998,23.976,23.991,23.998,23.998,23.998,24.006,23.998,23.998,23.998,23.998,23.998,24.014,24.029,24.021,24.014,23.998,24.014,24.021,24.006,24.021,24.029,24.044,24.059,24.067,24.075,24.067,24.082,24.082,24.09,24.105,24.12,24.128,24.151,24.158,24.196,24.173,24.227,24.227,24.219,24.234,24.234,24.196,24.287,24.318,24.325,24.363,24.371,24.394,24.409,24.439,24.485,24.485,24.523,24.523,24.636,24.81,24.901,25.029,25.315,25.315,25.45,25.48,25.57,25.638,25.773,25.885,25.892,25.945,25.997,26.087,26.116,26.176,26.206,26.198,26.28,26.504,26.593,26.763,26.786,27.133,27.48,27.436,27.694,28.382,28.397,28.448,29.001,29.334,29.53,29.609,29.948,30.106,30.249,30.357,30.879,31.207,31.363,31.873,31.951,32.113,32.219,32.753,32.921,32.957,33.005,33.529,33.473,33.557,33.606,33.897,33.626,33.529,33.821,33.8,33.724,33.599,33.752,33.633,33.536,33.696,33.431,32.964,32.613,32.592,32.465,32.134,31.887,31.81,31.746,31.192,30.815,30.765,30.242,30.249,29.869,29.428,29.132,28.856,28.302,28.236,27.826,27.723,27.318,27.141,26.845,26.585,26.251,26.087,25.855,25.51,25.443,25.33,25.315,25.104,24.916,24.916,24.712,24.712,24.659,24.53,24.523,24.523,24.5,24.477,24.477,24.462,24.432,24.401,24.363,24.333,24.318,24.295,24.287,24.242,24.234,24.211,24.219,24.211,24.189,24.189,24.181,24.158,24.135,24.128,24.09,24.059,24.037,24.037,24.037,24.029,24.014,24.014,24.014,24.006,23.991,23.983,23.968,23.968,23.976,23.96,23.991,23.983,23.983,23.976,23.968,23.96,23.968,23.976,23.938,23.968,23.938,23.938,23.938,23.93,23.945,23.945,23.945,23.953,23.938,23.93,23.938,23.938,23.93,23.938,23.93,23.922,23.922,23.93,23.938,23.922,23.907,23.922,23.915,23.915,23.922,23.915,23.922,23.938,23.922,23.907,23.922,23.922,23.938,23.907,23.907,23.892,23.907,23.869,23.877,23.869,23.861,23.846,23.846,23.838,23.838,23.861,23.861,23.869,23.861,23.854,23.846,23.816,23.846,23.808,23.808,23.808,23.785,23.793,23.785,23.793,23.8,23.808,23.808,23.808,23.8,23.793,23.785,23.793,23.777,23.77,23.755,23.739,23.77,23.747,23.747,23.739,23.77,23.724,23.755,23.762,23.77,23.77,23.77,23.77,23.77,23.747,23.732,23.77,23.755,23.777,23.785,23.77,23.739,23.747,23.755,23.747,23.762,23.755,23.755,23.739,23.724,23.762,23.755,23.747,23.732,23.724,23.732,23.732,23.732,23.732,23.747,23.755,23.732,23.709,23.716,23.709,23.732,23.747,23.716,23.732,23.739,23.755,23.762,23.755,23.732,23.709,23.701,23.678,23.693,23.701,23.686,23.686,23.655,23.671,23.709,23.709,23.716,23.709,23.701,23.678,23.686,23.686,23.671,23.678,23.648,23.655,23.655,23.671,23.686,23.701,23.701,23.686,23.686,23.686,23.686,23.686,23.686,23.709,23.693,23.671,23.663,23.625,23.64,23.655,23.663,23.671,23.663,23.663,23.655,23.663,23.655,23.671,23.663,23.663,23.671,23.678,23.686,23.709,23.686,23.686,23.655,23.663,23.686,23.693,23.701,23.686,23.724,23.678,23.693,23.671,23.671,23.648,23.655,23.663,23.678,23.686,23.671,23.663,23.655,23.655,23.655,23.655,23.663,23.632
,23.762,23.777,23.755,23.747,23.793,23.816,23.8,23.808,23.8,23.762,23.762,23.777,23.77,23.777,23.77,23.785,23.793,23.793,23.808,23.808,23.823,23.831,23.831,23.816,23.831,23.823,23.808,23.808,23.823,23.808,23.816,23.8,23.785,23.793,23.808,23.793,23.8,23.785,23.846,23.861,23.869,23.831,23.808,23.785,23.785,23.762,23.77,23.777,23.8,23.793,23.8,23.793,23.808,23.808,23.823,23.823,23.816,23.777,23.777,23.77,23.755,23.77,23.777,23.8,23.808,23.8,23.793,23.808,23.823,23.831,23.846,23.823,23.831,23.808,23.838,23.846,23.861,23.861,23.884,23.877,23.877,23.907,23.884,23.884,23.907,23.884,23.922,23.953,23.96,23.96,23.976,23.922,23.907,23.93,23.892,23.945,23.93,23.945,23.899,23.922,23.922,23.899,23.907,23.899,23.892,23.884,23.892,23.907,23.907,23.907,23.907,23.93,23.892,23.938,23.938,23.953,23.938,23.907,23.884,23.892,23.892,23.907,23.922,23.899,23.915,23.907,23.899,23.899,23.899,23.907,23.907,23.907,23.922,23.922,23.93,23.938,23.938,23.922,23.93,23.93,23.922,23.922,23.93,23.93,23.922,23.922,23.922,23.892,23.899,23.899,23.907,23.945,23.907,23.93,23.915,23.915,23.915,23.93,23.93,23.93,23.945,23.945,23.945,23.945,23.945,23.938,23.953,23.953,23.953,23.945,23.938,23.945,23.96,23.945,23.968,23.968,23.968,23.983,23.991,23.983,23.991,23.976,23.983,24.006,23.976,23.998,23.983,23.976,23.998,23.991,23.998,23.983,23.991,23.998,23.991,23.983,23.976,23.953,23.96,23.96,23.976,23.968,23.983,23.998,23.998,23.976,23.976,23.983,23.976,23.968,23.976,23.983,23.976,23.983,23.976,23.968,23.968,23.968,23.976,23.991,24.006,24.021,24.014,24.006,23.991,23.998,24.006,23.998,23.998,23.991,24.006,24.006,24.006,24.014,23.991,23.991,23.998,24.021,24.029,24.014,24.021,24.006,24.006,24.006,24.006,24.029,24.037,24.044,24.059,24.067,24.082,24.082,24.097,24.105,24.113,24.128,24.135,24.143,24.143,24.173,24.204,24.242,24.234,24.257,24.265,24.257,24.272,24.287,24.287,24.333,24.379,24.394,24.386,24.416,24.424,24.462,24.47,24.523,24.538,24.682,24.735,24.999,25.067,25.21,25.345,25.428,25.465,25.608,25.675,25.72,25.915,25.96,26.012,26.049,26.094,26.094,26.131,26.161,26.243,26.407,26.622,26.697,26.763,26.978,27.318,27.686,27.73,28.185,28.477,28.805,29.008,29.385,29.457,30.048,30.457,30.536,30.701,31.214,31.257,31.986,32.078,32.529,32.564,33.229,33.633,33.849,33.897,34.576,34.569,34.596,35.112,35.181,35.057,35.256,35.195,35.154,35.03,35.105,35.147,35.16,35.03,35.071,35.291,34.996,34.996,35.119,34.968,34.465,34.244,34.348,34.043,33.779,33.334,33.285,32.964,32.494,32.184,31.831,31.647,30.843,30.658,30.5,30.005,29.602,29.544,28.928,28.44,28.243,27.833,27.627,27.289,27.06,26.771,26.422,26.288,26.034,25.66,25.54,25.48,25.48,25.127,25.021,24.923,24.727,24.666,24.583,24.568,24.545,24.545,24.523,24.492,24.492,24.462,24.424,24.386,24.356,24.341,24.333,24.325,24.295,24.272,24.242,24.234,24.219,24.204,24.204,24.181,24.166,24.151,24.128,24.12,24.105,24.067,24.052,24.052,24.044,24.029,24.029,24.021,24.014,24.006,23.983,23.968,24.021,24.014,24.014,24.014,23.998,23.991,23.983,23.96,23.953,23.953,23.976,23.953,23.96,23.93,23.953,23.915,23.953,23.945,23.953,23.945,23.945,23.922,23.945,23.945,23.945,23.953,23.945,23.945,23.96,23.945,23.938,23.922,23.922,23.915,23.93,23.922,23.915,23.93,23.915,23.922,23.922,23.922,23.93,23.945,23.93,23.907,23.915,23.907,23.884,23.899,23.892,23.861,23.869,23.869,23.854,23.861,23.854,23.846,23.861,23.869,23.892,23.877,23.861,23.854,23.831,23.831,23.793,23.793,23.785,23.8,23.785,23.777,23.793,23.793,23.808,23.816,23.823,23.808,23.785,23.762,23.8,23.762,23.77,23.755,23.777,23.739,23.747,23.755,23.755,23.77,23.747,23.747,23.755,23.77,23.77,23.77,23.762,23.762,23.739,23.747,23.739,23.739,23.762,23.785,23.762,23.762,23.755,23.724,23.762,23.77,23.77,23.77,23.747,23.755,23.77,23.777,23.77,23.755,23.747,23.732,23.739,23.747,23.755,23.755,23.755,23.747,23.739,23.686,23.709,23.732,23.747,23.747,23.747,23.747,23.755,23.77,23.747,23.747,23.739,23.716,23.709,23.693,23.678,23.671,23.671,23.655,23.693,23.709,23.716,23.709,23.701,23.709,23.701,23.686,23.709,23.701,23.693,23.686,23.663,23.671,23.671,23.693,23.709,23.724,23.693,23.686,23.671,23.671,23.686,23.693,23.701,23.709,23.663,23.64,23.655,23.655,23.64,23.663,23.64,23.732,23.678,23.686,23.693,23.686,23.678,23.663,23.663,23.678,23.671,23.701,23.671,23.693,23.686,23.655,23.686,23.671,23.701,23.716,23.709,23.686,23.709,23.693,23.663,23.648,23.663,23.64,23.655,23.663,23.655,23.678,23.663,23.655,23.655,23.655,23.663,23.671,23.686
,23.747,23.762,23.747,23.747,23.747,23.785,23.8,23.838,23.77,23.755,23.77,23.762,23.762,23.793,23.785,23.777,23.777,23.8,23.793,23.8,23.823,23.823,23.823,23.816,23.808,23.823,23.808,23.816,23.831,23.823,23.823,23.831,23.823,23.838,23.816,23.8,23.785,23.823,23.816,23.838,23.831,23.846,23.831,23.793,23.793,23.762,23.777,23.777,23.793,23.8,23.808,23.808,23.8,23.808,23.808,23.808,23.8,23.8,23.785,23.77,23.77,23.77,23.777,23.808,23.823,23.823,23.831,23.823,23.823,23.846,23.838,23.838,23.838,23.846,23.854,23.869,23.861,23.884,23.892,23.899,23.899,23.892,23.884,23.915,23.892,23.922,23.945,23.938,23.96,23.976,23.93,23.953,23.884,23.922,23.953,23.922,23.907,23.922,23.922,23.922,23.93,23.899,23.899,23.899,23.892,23.884,23.877,23.892,23.892,23.907,23.915,23.907,23.922,23.922,23.945,23.953,23.945,23.938,23.899,23.884,23.899,23.899,23.915,23.922,23.922,23.915,23.899,23.915,23.915,23.922,23.922,23.915,23.922,23.938,23.953,23.945,23.922,23.945,23.93,23.93,23.93,23.93,23.938,23.938,23.938,23.93,23.915,23.899,23.892,23.907,23.922,23.907,23.892,23.892,23.907,23.899,23.922,23.938,23.945,23.938,23.945,23.945,23.938,23.938,23.953,23.96,23.953,23.953,23.953,23.938,23.945,23.945,23.968,23.983,23.968,23.991,23.976,23.953,23.96,23.983,23.983,23.983,23.991,23.991,23.991,24.006,23.983,23.991,24.014,24.021,24.014,24.014,24.014,24.006,24.006,23.998,23.976,23.983,23.96,23.968,23.976,23.976,23.983,23.983,23.983,23.983,23.96,23.983,23.96,23.983,23.976,23.983,23.983,23.968,23.976,23.96,23.96,23.976,23.983,24.006,24.021,24.021,24.029,24.014,24.006,24.006,23.998,23.991,23.983,23.998,23.998,24.006,24.006,23.998,24.006,23.998,24.014,24.014,24.037,24.021,24.006,24.029,24.006,24.014,24.029,24.044,24.021,24.037,24.052,24.075,24.082,24.097,24.105,24.12,24.12,24.135,24.143,24.166,24.189,24.196,24.227,24.242,24.272,24.28,24.265,24.287,24.295,24.325,24.348,24.348,24.401,24.409,24.424,24.424,24.439,24.485,24.515,24.606,24.644,24.893,24.954,25.089,25.187,25.292,25.435,25.518,25.57,25.728,25.675,25.922,25.975,26.004,26.027,26.064,26.101,26.191,26.176,26.37,26.452,26.682,26.8,26.986,27.362,27.752,27.943,28.324,28.455,28.47,29.037,29.472,29.948,30.235,30.643,31.022,31.1,31.477,32.198,32.311,32.746,33.054,33.974,34.23,34.32,34.879,35.243,35.27,35.489,35.599,35.571,35.53,35.448,35.537,35.469,35.482,35.393,35.366,35.393,35.359,35.38,35.393,35.366,35.359,35.387,35.373,35.304,35.339,35.38,35.366,35.407,35.373,35.318,35.147,35.051,35.057,34.348,33.633,33.487,33.159,32.753,32.191,31.902,31.569,30.972,30.6,30.343,29.811,29.298,29.124,28.696,28.353,28.119,27.708,27.318,26.934,26.615,26.57,26.079,25.81,25.735,25.488,25.36,25.165,25.097,25.112,24.765,24.636,24.704,24.606,24.583,24.56,24.56,24.523,24.5,24.454,24.424,24.379,24.363,24.348,24.333,24.318,24.28,24.265,24.234,24.227,24.211,24.211,24.196,24.173,24.158,24.143,24.135,24.105,24.075,24.09,24.067,24.059,24.044,24.029,24.029,23.998,24.014,24.021,23.998,24.029,24.044,24.029,24.037,24.021,23.998,23.983,23.96,23.968,23.945,23.945,23.976,23.953,23.938,23.938,23.945,23.93,23.945,23.945,23.945,23.945,23.922,23.938,23.93,23.953,23.953,23.938,23.96,23.976,23.976,23.953,23.945,23.93,23.945,23.93,23.93,23.922,23.93,23.922,23.922,23.922,23.915,23.915,23.953,23.938,23.938,23.93,23.915,23.922,23.899,23.892,23.892,23.877,23.861,23.869,23.861,23.861,23.854,23.869,23.869,23.869,23.869,23.854,23.846,23.831,23.808,23.785,23.785,23.8,23.8,23.785,23.785,23.777,23.793,23.808,23.816,23.823,23.816,23.823,23.808,23.793,23.755,23.747,23.777,23.785,23.755,23.762,23.785,23.777,23.762,23.785,23.785,23.777,23.762,23.762,23.755,23.777,23.755,23.747,23.724,23.724,23.732,23.762,23.755,23.739,23.732,23.755,23.747,23.755,23.77,23.77,23.762,23.762,23.747,23.755,23.762,23.755,23.755,23.747,23.762,23.747,23.755,23.747,23.739,23.732,23.739,23.709,23.716,23.701,23.716,23.724,23.747,23.747,23.755,23.747,23.739,23.747,23.755,23.739,23.755,23.724,23.716,23.701,23.693,23.678,23.693,23.693,23.701,23.709,23.709,23.701,23.693,23.686,23.709,23.709,23.724,23.709,23.671,23.686,23.686,23.686,23.724,23.701,23.716,23.693,23.686,23.678,23.671,23.686,23.693,23.716,23.732,23.701,23.693,23.671,23.64,23.663,23.663,23.693,23.671,23.671,23.678,23.716,23.686,23.671,23.671,23.686,23.663,23.693,23.709,23.709,23.709,23.671,23.709,23.678,23.701,23.686,23.678,23.693,23.716,23.693,23.678,23.678,23.671,23.671,23.663,23.686,23.655,23.655,23.663,23.671,23.678,23.648,23.671,23.678,23.686,23.686
,23.709,23.724,23.732,23.77,23.77,23.77,23.793,23.8,23.77,23.8,23.762,23.77,23.762,23.785,23.793,23.785,23.793,23.808,23.785,23.808,23.823,23.831,23.831,23.823,23.808,23.793,23.808,23.808,23.831,23.823,23.823,23.816,23.816,23.816,23.785,23.816,23.816,23.793,23.8,23.808,23.831,23.854,23.823,23.831,23.808,23.8,23.785,23.793,23.785,23.808,23.816,23.816,23.816,23.823,23.808,23.816,23.808,23.793,23.8,23.793,23.77,23.793,23.808,23.785,23.8,23.816,23.816,23.823,23.823,23.838,23.846,23.854,23.846,23.869,23.838,23.846,23.846,23.877,23.892,23.884,23.899,23.884,23.884,23.892,23.892,23.907,23.938,23.953,23.968,23.96,23.953,23.938,23.945,23.922,23.922,23.93,23.93,23.93,23.93,23.915,23.93,23.915,23.915,23.915,23.907,23.899,23.884,23.892,23.892,23.899,23.915,23.922,23.922,23.915,23.945,23.945,23.938,23.938,23.915,23.907,23.907,23.915,23.922,23.922,23.945,23.907,23.915,23.899,23.899,23.907,23.922,23.915,23.922,23.915,23.938,23.945,23.96,23.938,23.953,23.945,23.938,23.938,23.945,23.93,23.953,23.93,23.915,23.93,23.915,23.915,23.922,23.907,23.877,23.892,23.922,23.915,23.945,23.938,23.945,23.938,23.945,23.938,23.953,23.945,23.945,23.968,23.968,23.968,23.976,23.96,23.945,23.945,23.96,23.976,23.983,23.983,23.991,23.96,23.968,23.968,23.976,23.991,23.998,24.006,23.998,23.998,23.991,23.998,23.998,24.021,24.021,24.014,24.021,24.021,24.014,24.006,23.968,23.991,23.983,23.991,23.968,23.983,23.983,23.976,23.983,23.983,23.976,23.976,23.976,23.991,23.983,23.983,23.991,23.983,23.976,23.96,23.968,23.991,23.991,24.014,24.029,24.037,24.029,24.021,24.006,23.998,23.983,23.983,23.991,23.983,23.983,24.006,23.998,24.006,24.006,24.014,24.014,24.021,24.029,24.037,24.037,24.037,24.014,24.021,24.037,24.044,24.044,24.052,24.044,24.067,24.082,24.105,24.113,24.113,24.128,24.143,24.135,24.181,24.196,24.211,24.249,24.265,24.28,24.303,24.303,24.31,24.333,24.341,24.394,24.416,24.424,24.439,24.447,24.462,24.5,24.553,24.598,24.704,24.954,24.893,25.127,25.24,25.247,25.42,25.458,25.548,25.72,25.855,25.907,25.967,26.004,26.012,26.057,26.087,26.154,26.303,26.318,26.689,26.838,27.074,27.281,27.458,28.016,28.484,28.455,28.747,29.153,29.334,30.056,30.127,31.121,31.093,31.633,31.993,32.55,32.725,33.585,34.189,34.299,34.52,35.078,35.147,35.263,35.435,35.524,35.599,35.66,35.674,35.681,35.647,35.633,35.592,35.551,35.489,35.448,35.407,35.428,35.421,35.4,35.387,35.441,35.441,35.435,35.462,35.462,35.489,35.482,35.462,35.482,35.503,35.496,35.441,35.489,35.311,35.133,34.989,34.982,34.934,34.299,33.696,33.376,32.739,32.29,31.548,31.235,30.95,30.457,29.955,29.53,29.117,28.761,28.17,27.914,27.517,27.333,26.763,26.563,26.34,25.832,25.705,25.48,25.398,25.225,25.225,25.021,24.742,24.644,24.659,24.606,24.606,24.576,24.553,24.507,24.492,24.447,24.416,24.394,24.363,24.341,24.333,24.341,24.257,24.265,24.234,24.211,24.219,24.204,24.181,24.173,24.158,24.128,24.128,24.113,24.105,24.082,24.067,24.044,24.037,24.044,24.021,24.014,24.029,24.029,24.029,24.029,24.052,24.037,24.021,24.006,23.983,23.983,23.968,23.968,23.968,23.968,23.953,23.938,23.968,23.945,23.945,23.953,23.953,23.953,23.938,23.93,23.93,23.953,23.945,23.976,23.96,23.976,23.983,23.976,23.998,23.968,23.968,23.96,23.945,23.938,23.93,23.938,23.93,23.93,23.93,23.93,23.945,23.93,23.922,23.922,23.922,23.922,23.938,23.899,23.899,23.892,23.877,23.861,23.869,23.861,23.846,23.861,23.869,23.846,23.869,23.869,23.846,23.838,23.823,23.816,23.823,23.816,23.808,23.8,23.793,23.793,23.785,23.785,23.816,23.816,23.846,23.831,23.831,23.8,23.8,23.793,23.755,23.732,23.739,23.793,23.747,23.793,23.777,23.785,23.793,23.777,23.785,23.808,23.762,23.762,23.747,23.77,23.762,23.732,23.724,23.739,23.755,23.755,23.755,23.732,23.732,23.739,23.755,23.77,23.77,23.777,23.747,23.732,23.739,23.732,23.762,23.77,23.762,23.755,23.755,23.755,23.747,23.739,23.724,23.716,23.709,23.693,23.724,23.716,23.747,23.732,23.747,23.77,23.747,23.747,23.739,23.755,23.732,23.724,23.716,23.693,23.724,23.671,23.678,23.716,23.671,23.739,23.693,23.709,23.693,23.693,23.701,23.709,23.716,23.709,23.701,23.671,23.671,23.655,23.678,23.709,23.709,23.709,23.716,23.671,23.686,23.671,23.701,23.716,23.709,23.663,23.671,23.709,23.686,23.655,23.671,23.678,23.655,23.671,23.678,23.678,23.709,23.716,23.693,23.678,23.678,23.686,23.701,23.693,23.709,23.716,23.716,23.709,23.724,23.693,23.663,23.686,23.716,23.663,23.739,23.64,23.678,23.655,23.625,23.678,23.671,23.648,23.663,23.655,23.655,23.686,23.678,23.686,23.701,23.686,23.693
,23.716,23.747,23.716,23.732,23.77,23.777,23.77,23.785,23.762,23.755,23.77,23.77,23.762,23.777,23.793,23.8,23.77,23.785,23.785,23.816,23.8,23.816,23.808,23.816,23.8,23.8,23.808,23.823,23.823,23.816,23.823,23.808,23.808,23.816,23.8,23.777,23.777,23.793,23.793,23.808,23.831,23.831,23.808,23.823,23.831,23.793,23.808,23.785,23.808,23.785,23.816,23.823,23.816,23.816,23.808,23.823,23.808,23.808,23.808,23.808,23.808,23.793,23.793,23.777,23.808,23.8,23.8,23.808,23.823,23.823,23.861,23.869,23.854,23.854,23.823,23.846,23.861,23.869,23.877,23.884,23.892,23.892,23.892,23.892,23.892,23.892,23.93,23.945,23.96,23.953,23.922,23.945,23.945,23.915,23.93,23.93,23.922,23.938,23.915,23.938,23.922,23.922,23.938,23.915,23.915,23.907,23.892,23.884,23.892,23.884,23.915,23.922,23.922,23.945,23.922,23.93,23.945,23.93,23.922,23.915,23.907,23.907,23.915,23.915,23.915,23.915,23.915,23.907,23.907,23.907,23.915,23.922,23.922,23.93,23.922,23.922,23.945,23.953,23.953,23.945,23.938,23.93,23.93,23.938,23.953,23.945,23.907,23.915,23.907,23.907,23.899,23.899,23.884,23.907,23.915,23.945,23.953,23.96,23.938,23.93,23.945,23.945,23.945,23.945,23.945,23.968,23.968,23.968,23.983,23.976,23.953,23.938,23.96,23.968,23.976,23.991,23.968,23.96,23.96,23.976,23.968,23.991,23.991,23.991,23.991,23.991,23.998,23.998,24.014,23.998,24.021,24.021,24.029,24.021,24.014,24.014,23.991,23.991,23.998,23.991,23.991,23.991,23.998,23.983,23.991,23.983,23.983,23.983,23.983,23.991,23.998,23.998,23.991,23.983,23.983,23.968,23.976,23.983,24.021,24.021,24.029,24.029,24.029,24.021,24.006,24.021,23.976,23.991,23.983,23.983,23.991,23.991,23.998,23.998,24.006,24.014,24.006,24.014,24.029,24.029,24.037,24.044,24.029,24.037,24.044,24.037,24.044,24.044,24.059,24.075,24.097,24.113,24.135,24.128,24.135,24.128,24.158,24.189,24.211,24.227,24.249,24.272,24.295,24.318,24.333,24.333,24.341,24.379,24.409,24.454,24.447,24.47,24.477,24.492,24.53,24.629,24.689,24.757,24.938,25.157,25.24,25.247,25.398,25.473,25.6,25.683,25.75,25.862,25.967,26.004,26.027,26.064,26.079,26.243,26.318,26.474,26.533,26.889,27.222,27.436,27.671,28.024,28.594,28.936,29.291,29.457,29.991,30.536,30.872,31.406,31.817,32.451,32.676,33.738,34.14,34.355,34.741,34.817,34.913,35.051,35.174,35.27,35.366,35.503,35.544,35.64,35.681,35.694,35.681,35.674,35.633,35.612,35.558,35.496,35.489,35.414,35.428,35.414,35.387,35.4,35.407,35.407,35.448,35.496,35.503,35.496,35.51,35.503,35.51,35.53,35.565,35.606,35.612,35.592,35.633,35.606,35.592,35.366,35.181,35.154,35.064,34.355,33.849,33.264,32.69,32.007,31.306,30.908,30.5,30.127,29.645,29.132,28.645,27.994,27.686,27.296,27.06,26.622,26.146,25.84,25.818,25.66,25.345,25.24,24.976,24.961,24.795,24.712,24.651,24.636,24.613,24.591,24.576,24.507,24.492,24.409,24.432,24.379,24.356,24.363,24.341,24.356,24.272,24.265,24.28,24.219,24.219,24.196,24.181,24.173,24.158,24.143,24.135,24.135,24.097,24.075,24.067,24.037,24.037,24.037,24.067,24.021,24.037,24.044,24.021,24.037,23.998,24.014,24.014,23.991,23.991,23.968,23.983,23.968,23.968,23.96,23.96,23.953,23.953,23.945,23.953,23.953,23.953,23.938,23.945,23.93,23.945,23.945,23.96,23.976,23.976,23.976,23.983,23.983,23.983,23.968,23.96,23.953,23.938,23.938,23.915,23.922,23.915,23.922,23.899,23.915,23.938,23.938,23.922,23.915,23.915,23.907,23.915,23.907,23.884,23.877,23.869,23.861,23.861,23.869,23.869,23.869,23.854,23.877,23.854,23.854,23.846,23.831,23.816,23.816,23.808,23.8,23.793,23.8,23.785,23.777,23.8,23.8,23.793,23.838,23.831,23.816,23.808,23.762,23.77,23.8,23.755,23.777,23.77,23.777,23.777,23.785,23.8,23.8,23.808,23.8,23.785,23.793,23.777,23.793,23.762,23.732,23.732,23.747,23.739,23.732,23.755,23.739,23.732,23.724,23.739,23.747,23.77,23.77,23.762,23.747,23.732,23.739,23.755,23.747,23.755,23.762,23.777,23.762,23.755,23.732,23.739,23.724,23.716,23.716,23.701,23.732,23.724,23.739,23.724,23.732,23.724,23.732,23.732,23.739,23.732,23.724,23.732,23.716,23.709,23.701,23.678,23.739,23.747,23.732,23.716,23.701,23.686,23.686,23.686,23.701,23.709,23.724,23.693,23.678,23.686,23.663,23.671,23.686,23.724,23.709,23.716,23.709,23.678,23.671,23.701,23.709,23.701,23.716,23.686,23.716,23.716,23.648,23.648,23.663,23.617,23.609,23.655,23.663,23.709,23.701,23.709,23.701,23.693,23.671,23.686,23.678,23.663,23.709,23.693,23.709,23.663,23.686,23.648,23.648,23.663,23.655,23.663,23.709,23.716,23.693,23.671,23.648,23.632,23.663,23.678,23.671,23.663,23.663,23.671,23.709,23.693,23.686,23.701,23.693
,23.701,23.709,23.724,23.755,23.724,23.747,23.762,23.777,23.762,23.755,23.762,23.762,23.762,23.777,23.77,23.77,23.777,23.793,23.77,23.8,23.808,23.808,23.808,23.808,23.816,23.823,23.823,23.831,23.823,23.816,23.808,23.816,23.808,23.8,23.8,23.808,23.8,23.8,23.8,23.816,23.831,23.808,23.831,23.816,23.785,23.8,23.785,23.785,23.785,23.793,23.8,23.823,23.823,23.816,23.808,23.8,23.808,23.816,23.823,23.793,23.8,23.777,23.816,23.793,23.793,23.838,23.808,23.816,23.823,23.831,23.846,23.861,23.869,23.838,23.854,23.831,23.838,23.869,23.877,23.892,23.892,23.892,23.877,23.884,23.884,23.892,23.899,23.953,23.953,23.96,23.945,23.976,23.93,23.915,23.907,23.907,23.922,23.907,23.907,23.938,23.938,23.93,23.945,23.922,23.892,23.907,23.899,23.884,23.892,23.892,23.915,23.922,23.907,23.907,23.907,23.938,23.922,23.93,23.915,23.899,23.899,23.884,23.907,23.938,23.892,23.907,23.899,23.907,23.922,23.899,23.915,23.899,23.96,23.938,23.93,23.938,23.953,23.945,23.953,23.938,23.93,23.938,23.93,23.922,23.922,23.93,23.915,23.922,23.922,23.922,23.907,23.915,23.892,23.899,23.915,23.938,23.945,23.93,23.93,23.938,23.93,23.938,23.938,23.96,23.953,23.968,23.983,23.968,23.968,23.983,23.953,23.945,23.938,23.953,23.96,23.938,23.96,23.953,23.96,23.96,23.983,23.991,24.006,23.998,23.991,23.983,23.998,24.006,24.014,24.006,24.021,24.021,24.021,24.029,24.014,24.014,23.998,23.983,23.998,23.998,23.983,23.998,23.998,23.991,23.983,23.998,23.983,23.991,23.991,23.991,24.014,24.006,23.998,24.006,23.968,23.991,23.976,23.991,24.006,24.029,24.037,24.044,24.029,24.021,24.029,23.991,23.991,23.991,23.991,23.998,23.998,23.991,23.976,24.006,24.029,24.014,24.021,24.029,24.029,24.037,24.059,24.052,24.067,24.075,24.044,24.044,24.059,24.075,24.097,24.082,24.09,24.113,24.12,24.128,24.135,24.143,24.166,24.204,24.211,24.242,24.28,24.303,24.325,24.341,24.348,24.363,24.379,24.394,24.439,24.47,24.47,24.507,24.5,24.553,24.591,24.666,24.772,24.954,25.089,25.225,25.292,25.338,25.353,25.525,25.668,25.713,25.773,25.9,25.967,26.034,26.079,26.109,26.131,26.437,26.63,26.645,27.037,27.458,27.789,28.185,28.112,28.827,29.168,29.969,29.984,30.515,31,31.604,32.149,32.543,33.397,33.856,33.96,34.438,34.81,34.803,34.865,35.016,35.14,35.208,35.147,35.311,35.448,35.585,35.626,35.647,35.688,35.694,35.681,35.674,35.626,35.565,35.517,35.489,35.462,35.414,35.414,35.4,35.393,35.393,35.393,35.414,35.448,35.496,35.476,35.496,35.503,35.51,35.537,35.565,35.578,35.612,35.626,35.667,35.653,35.674,35.66,35.647,35.544,35.373,35.366,35.215,35.099,34.507,34.285,33.187,32.458,32.007,31.831,31.086,30.429,29.804,29.602,28.979,28.462,28.207,27.488,27.237,26.712,26.288,26.072,25.84,25.405,25.383,25.195,25.074,24.893,24.787,24.75,24.682,24.644,24.621,24.644,24.56,24.507,24.462,24.447,24.416,24.394,24.363,24.371,24.341,24.287,24.28,24.249,24.242,24.219,24.211,24.196,24.181,24.166,24.143,24.143,24.12,24.12,24.082,24.059,24.059,24.052,24.037,24.052,24.052,24.029,24.037,24.021,24.021,24.006,24.014,23.998,23.998,23.983,23.983,23.976,23.983,23.968,23.968,23.953,23.945,23.945,23.953,23.96,23.945,23.945,23.938,23.93,23.93,23.945,23.945,23.96,23.976,23.983,23.983,23.983,23.983,23.983,23.976,23.968,23.945,23.945,23.915,23.915,23.915,23.922,23.915,23.915,23.938,23.945,23.922,23.938,23.915,23.907,23.938,23.93,23.907,23.892,23.877,23.861,23.846,23.869,23.869,23.861,23.869,23.854,23.869,23.869,23.838,23.831,23.823,23.823,23.823,23.785,23.8,23.777,23.785,23.793,23.785,23.816,23.793,23.808,23.816,23.808,23.808,23.823,23.777,23.785,23.77,23.739,23.77,23.77,23.785,23.785,23.793,23.808,23.808,23.808,23.8,23.793,23.77,23.785,23.762,23.762,23.739,23.747,23.716,23.739,23.747,23.739,23.739,23.739,23.732,23.747,23.739,23.747,23.755,23.747,23.739,23.732,23.739,23.739,23.739,23.747,23.747,23.755,23.747,23.755,23.739,23.739,23.724,23.709,23.701,23.701,23.732,23.709,23.724,23.755,23.739,23.716,23.724,23.739,23.724,23.732,23.724,23.724,23.709,23.693,23.701,23.686,23.724,23.732,23.732,23.724,23.701,23.686,23.671,23.693,23.693,23.709,23.709,23.678,23.671,23.671,23.663,23.671,23.686,23.709,23.716,23.709,23.701,23.693,23.693,23.716,23.693,23.701,23.678,23.709,23.693,23.663,23.663,23.671,23.655,23.663,23.632,23.678,23.625,23.686,23.693,23.678,23.693,23.678,23.686,23.655,23.709,23.693,23.678,23.716,23.716,23.693,23.678,23.671,23.655,23.64,23.64,23.739,23.701,23.739,23.648,23.709,23.671,23.678,23.663,23.655,23.671,23.678,23.678,23.693,23.686,23.686,23.709,23.693,23.671
,23.716,23.724,23.77,23.724,23.732,23.732,23.747,23.755,23.747,23.747,23.755,23.755,23.762,23.762,23.777,23.762,23.77,23.777,23.785,23.816,23.8,23.823,23.831,23.816,23.831,23.823,23.823,23.816,23.816,23.808,23.816,23.816,23.816,23.808,23.8,23.816,23.777,23.785,23.808,23.808,23.816,23.823,23.793,23.831,23.816,23.808,23.8,23.793,23.777,23.793,23.808,23.808,23.838,23.831,23.808,23.8,23.831,23.838,23.808,23.808,23.823,23.808,23.808,23.808,23.831,23.816,23.808,23.816,23.831,23.854,23.861,23.861,23.884,23.846,23.831,23.838,23.846,23.846,23.869,23.877,23.877,23.877,23.884,23.861,23.869,23.877,23.899,23.922,23.945,23.945,23.96,23.922,23.953,23.915,23.915,23.922,23.915,23.877,23.922,23.93,23.922,23.945,23.93,23.915,23.922,23.907,23.907,23.899,23.899,23.899,23.915,23.907,23.922,23.945,23.907,23.93,23.899,23.915,23.907,23.907,23.907,23.907,23.915,23.892,23.907,23.907,23.884,23.892,23.892,23.892,23.915,23.907,23.922,23.93,23.93,23.938,23.953,23.96,23.953,23.93,23.93,23.922,23.93,23.93,23.938,23.945,23.922,23.922,23.945,23.93,23.93,23.907,23.899,23.915,23.93,23.953,23.922,23.945,23.922,23.922,23.93,23.93,23.945,23.945,23.96,23.976,23.983,23.976,23.976,23.968,23.968,23.953,23.922,23.953,23.953,23.953,23.96,23.968,23.968,23.976,23.983,23.991,23.991,24.006,24.006,23.991,23.991,24.014,23.983,23.998,23.998,24.006,24.021,24.021,24.014,24.021,24.006,23.998,23.991,23.991,23.991,23.998,24.014,23.998,23.998,24.006,24.006,24.014,24.006,24.006,23.998,24.006,24.014,24.006,23.991,23.991,23.991,23.998,24.014,24.014,24.037,24.037,24.029,24.021,24.021,24.014,24.006,23.998,24.006,23.991,23.998,23.998,24.006,24.006,24.006,24.021,24.029,24.029,24.029,24.037,24.044,24.075,24.059,24.067,24.09,24.09,24.075,24.097,24.105,24.113,24.113,24.128,24.128,24.143,24.151,24.166,24.166,24.204,24.257,24.265,24.287,24.341,24.341,24.356,24.371,24.409,24.409,24.424,24.439,24.462,24.507,24.538,24.545,24.606,24.719,24.84,24.954,25.052,25.18,25.308,25.345,25.39,25.488,25.563,25.698,25.84,25.87,25.945,25.989,26.034,26.198,26.251,26.489,26.704,26.823,27.51,27.591,27.745,28.265,28.608,29.204,29.363,30.135,30.643,31.171,31.682,32.346,32.991,33.145,33.717,33.807,34.126,34.493,34.638,34.796,35.044,35.085,35.105,35.181,35.208,35.263,35.359,35.469,35.489,35.606,35.66,35.66,35.674,35.674,35.619,35.599,35.571,35.503,35.462,35.435,35.393,35.38,35.366,35.352,35.366,35.38,35.421,35.469,35.469,35.482,35.482,35.482,35.503,35.53,35.53,35.571,35.558,35.599,35.653,35.667,35.66,35.66,35.626,35.64,35.592,35.551,35.366,35.291,35.202,34.817,34.638,34.479,33.585,32.444,31.923,31.235,30.679,30.357,29.869,29.24,28.936,28.294,28.053,27.311,27.074,26.362,26.273,25.952,25.6,25.383,25.435,25.149,24.999,24.855,24.765,24.697,24.682,24.629,24.568,24.56,24.515,24.492,24.439,24.439,24.432,24.379,24.386,24.31,24.31,24.356,24.249,24.242,24.227,24.219,24.204,24.181,24.166,24.158,24.143,24.113,24.09,24.09,24.067,24.052,24.052,24.037,24.044,24.044,24.021,24.021,23.998,24.021,24.014,24.014,24.006,24.014,23.998,23.991,23.991,23.976,23.976,23.96,23.953,23.945,23.953,23.953,23.953,23.93,23.922,23.922,23.922,23.938,23.945,23.953,23.96,23.96,23.976,23.968,23.976,23.983,23.976,23.968,23.953,23.938,23.938,23.922,23.922,23.922,23.915,23.915,23.907,23.922,23.938,23.93,23.938,23.907,23.884,23.907,23.892,23.884,23.877,23.861,23.846,23.861,23.869,23.854,23.877,23.884,23.877,23.869,23.854,23.846,23.838,23.831,23.838,23.816,23.785,23.785,23.793,23.785,23.785,23.777,23.808,23.816,23.816,23.823,23.808,23.8,23.77,23.762,23.747,23.755,23.762,23.755,23.77,23.785,23.793,23.8,23.808,23.8,23.8,23.785,23.777,23.785,23.785,23.777,23.77,23.747,23.747,23.739,23.739,23.747,23.724,23.747,23.724,23.747,23.747,23.739,23.739,23.739,23.747,23.732,23.739,23.747,23.739,23.739,23.747,23.747,23.747,23.739,23.739,23.739,23.716,23.724,23.716,23.716,23.716,23.77,23.709,23.716,23.739,23.724,23.716,23.709,23.701,23.709,23.716,23.716,23.701,23.693,23.716,23.716,23.716,23.724,23.716,23.732,23.709,23.701,23.693,23.693,23.709,23.693,23.693,23.686,23.671,23.686,23.648,23.686,23.701,23.678,23.686,23.693,23.701,23.693,23.701,23.693,23.693,23.709,23.709,23.663,23.655,23.686,23.663,23.671,23.663,23.64,23.632,23.655,23.655,23.663,23.701,23.693,23.693,23.671,23.655,23.663,23.686,23.678,23.701,23.709,23.709,23.678,23.617,23.693,23.686,23.663,23.655,23.693,23.693,23.686,23.724,23.693,23.655,23.693,23.686,23.671,23.671,23.671,23.686,23.671,23.686,23.678,23.686,23.693,23.648
,23.762,23.739,23.739,23.732,23.755,23.716,23.739,23.716,23.739,23.732,23.739,23.762,23.762,23.762,23.755,23.77,23.777,23.785,23.8,23.816,23.793,23.823,23.846,23.808,23.831,23.854,23.838,23.838,23.823,23.8,23.823,23.823,23.823,23.831,23.808,23.816,23.816,23.816,23.831,23.816,23.823,23.808,23.8,23.785,23.808,23.808,23.8,23.785,23.793,23.8,23.8,23.831,23.831,23.838,23.823,23.831,23.816,23.793,23.8,23.816,23.8,23.831,23.823,23.823,23.854,23.861,23.869,23.854,23.808,23.854,23.892,23.869,23.884,23.838,23.838,23.838,23.838,23.823,23.869,23.861,23.869,23.892,23.884,23.884,23.892,23.884,23.892,23.907,23.93,23.93,23.938,23.938,23.922,23.907,23.915,23.899,23.907,23.915,23.922,23.938,23.938,23.93,23.93,23.899,23.907,23.892,23.892,23.915,23.907,23.892,23.907,23.899,23.93,23.938,23.93,23.93,23.915,23.892,23.877,23.892,23.899,23.899,23.907,23.899,23.899,23.899,23.892,23.899,23.899,23.922,23.93,23.922,23.93,23.93,23.93,23.945,23.945,23.945,23.938,23.915,23.907,23.922,23.922,23.922,23.922,23.938,23.945,23.945,23.938,23.945,23.93,23.915,23.907,23.915,23.922,23.93,23.93,23.93,23.922,23.922,23.93,23.938,23.945,23.953,23.96,23.968,23.983,23.983,23.976,23.976,23.96,23.953,23.922,23.938,23.938,23.945,23.96,23.968,23.968,23.983,23.968,23.976,24.006,24.006,23.998,24.006,23.998,23.983,24.006,24.006,24.014,24.014,24.021,24.014,24.021,24.014,24.006,23.998,24.006,23.991,24.006,23.998,24.014,23.998,24.029,24.006,24.014,24.029,24.014,24.014,24.014,24.006,24.021,23.998,24.014,23.998,23.998,23.998,24.014,24.021,24.021,24.029,24.029,24.037,24.021,24.014,24.021,24.006,24.014,24.014,24.021,24.006,24.014,23.998,24.021,24.021,24.021,24.029,24.021,24.044,24.059,24.075,24.09,24.09,24.09,24.113,24.09,24.097,24.113,24.12,24.143,24.135,24.151,24.166,24.189,24.173,24.204,24.234,24.242,24.287,24.363,24.348,24.356,24.401,24.409,24.424,24.439,24.447,24.492,24.515,24.56,24.576,24.659,24.704,24.712,24.878,25.104,25.157,25.3,25.36,25.405,25.473,25.668,25.735,25.803,25.773,25.975,25.989,26.146,26.116,26.303,26.437,26.541,27.318,27.546,27.774,28.119,28.346,29.153,29.465,30.127,30.636,30.758,31.47,32.332,33.061,33.585,33.759,33.835,33.953,34.237,34.7,34.892,35.078,35.126,35.14,35.154,35.195,35.229,35.298,35.298,35.414,35.448,35.489,35.571,35.64,35.612,35.653,35.64,35.592,35.565,35.517,35.455,35.421,35.4,35.325,35.339,35.325,35.339,35.318,35.332,35.359,35.359,35.421,35.414,35.455,35.455,35.448,35.482,35.524,35.551,35.571,35.578,35.606,35.667,35.64,35.653,35.64,35.592,35.578,35.489,35.476,35.332,35.291,35.208,35.147,35.009,34.672,34.209,33.355,32.479,31.668,31.391,30.658,29.94,29.573,29.088,28.331,28.236,27.583,27.104,26.66,26.504,26.004,25.66,25.54,25.3,25.044,25.059,24.81,24.772,24.704,24.651,24.621,24.568,24.538,24.5,24.47,24.47,24.447,24.439,24.424,24.371,24.371,24.325,24.31,24.287,24.249,24.242,24.227,24.204,24.189,24.158,24.158,24.12,24.128,24.09,24.082,24.067,24.075,24.067,24.059,24.037,24.037,24.006,23.998,23.998,23.998,23.998,24.006,24.029,23.991,23.983,23.968,23.983,23.976,23.968,23.953,23.953,23.945,23.945,23.93,23.945,23.945,23.915,23.938,23.945,23.945,23.953,23.953,23.96,23.968,23.968,23.968,23.96,23.96,23.96,23.953,23.93,23.922,23.922,23.907,23.922,23.915,23.922,23.915,23.93,23.907,23.915,23.915,23.892,23.915,23.892,23.892,23.892,23.884,23.854,23.884,23.869,23.877,23.861,23.877,23.884,23.892,23.861,23.861,23.869,23.869,23.846,23.823,23.823,23.793,23.8,23.793,23.77,23.777,23.777,23.8,23.816,23.831,23.823,23.808,23.8,23.777,23.755,23.762,23.762,23.77,23.77,23.793,23.785,23.793,23.793,23.8,23.8,23.8,23.785,23.777,23.777,23.77,23.77,23.77,23.762,23.785,23.755,23.747,23.747,23.732,23.716,23.732,23.716,23.739,23.747,23.747,23.739,23.755,23.755,23.755,23.747,23.747,23.747,23.739,23.739,23.747,23.755,23.739,23.739,23.732,23.732,23.716,23.732,23.724,23.747,23.724,23.724,23.709,23.724,23.724,23.709,23.732,23.709,23.701,23.709,23.709,23.693,23.693,23.724,23.732,23.716,23.732,23.716,23.716,23.701,23.701,23.693,23.693,23.709,23.686,23.701,23.678,23.678,23.686,23.686,23.678,23.686,23.709,23.701,23.709,23.701,23.709,23.716,23.709,23.686,23.693,23.671,23.678,23.663,23.671,23.678,23.709,23.64,23.686,23.648,23.686,23.671,23.693,23.716,23.701,23.671,23.678,23.663,23.693,23.693,23.716,23.693,23.709,23.678,23.678,23.663,23.648,23.663,23.671,23.671,23.732,23.701,23.716,23.701,23.701,23.716,23.709,23.709,23.693,23.686,23.716,23.671,23.678,23.671,23.671,23.663,23.701
,23.8,23.762,23.762,23.739,23.762,23.762,23.755,23.724,23.739,23.739,23.739,23.747,23.762,23.755,23.77,23.777,23.785,23.793,23.8,23.808,23.8,23.816,23.823,23.838,23.854,23.846,23.838,23.823,23.823,23.861,23.816,23.823,23.823,23.823,23.816,23.808,23.785,23.808,23.808,23.823,23.808,23.831,23.8,23.8,23.808,23.8,23.793,23.8,23.793,23.8,23.808,23.816,23.823,23.838,23.823,23.808,23.8,23.8,23.808,23.823,23.823,23.831,23.831,23.846,23.861,23.892,23.861,23.861,23.861,23.854,23.869,23.877,23.869,23.846,23.854,23.838,23.831,23.854,23.861,23.869,23.869,23.877,23.884,23.899,23.892,23.892,23.884,23.907,23.915,23.907,23.93,23.93,23.915,23.915,23.915,23.915,23.93,23.938,23.938,23.915,23.907,23.93,23.915,23.884,23.907,23.907,23.884,23.915,23.907,23.899,23.899,23.884,23.922,23.938,23.938,23.922,23.907,23.915,23.899,23.922,23.922,23.922,23.915,23.915,23.892,23.892,23.884,23.892,23.915,23.907,23.915,23.915,23.922,23.938,23.945,23.945,23.953,23.922,23.945,23.922,23.922,23.915,23.907,23.938,23.93,23.922,23.915,23.938,23.945,23.93,23.922,23.922,23.899,23.899,23.915,23.922,23.915,23.922,23.907,23.915,23.922,23.93,23.945,23.953,23.968,23.976,23.976,23.976,23.991,23.976,23.953,23.96,23.93,23.915,23.938,23.96,23.953,23.968,23.976,23.968,23.998,23.983,23.998,23.998,23.983,23.998,24.014,23.991,24.006,24.006,24.021,24.021,24.006,24.021,24.021,24.014,24.006,23.998,23.991,23.998,24.006,24.006,24.021,24.006,24.014,24.014,24.029,24.014,24.029,24.029,24.006,24.014,24.014,24.014,24.014,23.991,23.991,23.998,24.014,24.029,24.021,24.029,24.037,24.044,24.037,24.014,24.021,24.021,24.021,24.029,24.014,24.021,24.021,24.014,24.021,24.037,24.044,24.029,24.021,24.044,24.09,24.067,24.097,24.097,24.097,24.097,24.128,24.135,24.135,24.151,24.173,24.158,24.166,24.166,24.189,24.211,24.234,24.287,24.272,24.303,24.333,24.356,24.394,24.401,24.424,24.439,24.477,24.492,24.515,24.576,24.591,24.644,24.719,24.75,24.848,24.969,25.172,25.225,25.353,25.398,25.54,25.683,25.728,25.788,25.818,25.885,25.945,26.034,26.236,26.206,26.437,26.912,27.303,27.473,28.031,28.455,29.03,29.457,29.789,30.593,30.95,31.548,32.367,33.019,33.362,33.529,33.724,34.015,34.624,35.016,35.078,35.064,35.119,35.154,35.14,35.167,35.174,35.174,35.229,35.243,35.304,35.352,35.387,35.482,35.503,35.565,35.585,35.565,35.571,35.537,35.489,35.428,35.4,35.387,35.332,35.298,35.277,35.27,35.263,35.284,35.284,35.304,35.318,35.366,35.318,35.366,35.4,35.387,35.38,35.38,35.462,35.51,35.469,35.565,35.64,35.626,35.612,35.619,35.592,35.544,35.524,35.448,35.38,35.298,35.229,35.208,35.092,35.105,34.968,34.472,34.258,33.292,32.451,31.979,31.335,30.622,29.818,29.399,28.812,28.273,27.694,27.591,26.756,26.34,26.057,25.728,25.6,25.345,25.315,25.119,24.855,24.727,24.666,24.644,24.636,24.568,24.53,24.53,24.485,24.47,24.439,24.416,24.424,24.379,24.371,24.318,24.303,24.295,24.257,24.234,24.211,24.189,24.166,24.151,24.143,24.128,24.128,24.097,24.082,24.067,24.059,24.052,24.029,24.021,24.006,23.991,23.998,23.998,24.006,24.006,23.998,23.983,23.991,23.976,23.991,23.976,23.953,23.976,23.953,23.96,23.93,23.93,23.953,23.96,23.953,23.945,23.953,23.953,23.938,23.953,23.96,23.953,23.953,23.953,23.96,23.953,23.953,23.96,23.938,23.922,23.915,23.938,23.922,23.922,23.922,23.93,23.915,23.922,23.915,23.892,23.93,23.892,23.915,23.915,23.877,23.869,23.877,23.884,23.877,23.869,23.877,23.884,23.892,23.884,23.877,23.869,23.869,23.861,23.861,23.838,23.838,23.8,23.793,23.8,23.777,23.785,23.777,23.793,23.8,23.831,23.816,23.8,23.793,23.785,23.77,23.77,23.747,23.77,23.777,23.793,23.793,23.777,23.785,23.793,23.793,23.777,23.785,23.755,23.747,23.762,23.785,23.755,23.755,23.755,23.777,23.724,23.739,23.739,23.732,23.724,23.732,23.716,23.716,23.739,23.732,23.77,23.755,23.739,23.747,23.739,23.747,23.732,23.732,23.739,23.732,23.732,23.732,23.724,23.724,23.732,23.724,23.739,23.716,23.739,23.724,23.716,23.709,23.709,23.701,23.732,23.701,23.716,23.686,23.701,23.716,23.693,23.732,23.724,23.732,23.724,23.709,23.709,23.693,23.716,23.648,23.686,23.678,23.678,23.678,23.678,23.693,23.678,23.709,23.693,23.709,23.709,23.709,23.693,23.671,23.701,23.701,23.686,23.701,23.709,23.709,23.678,23.701,23.693,23.678,23.648,23.655,23.678,23.648,23.663,23.686,23.686,23.709,23.693,23.724,23.686,23.693,23.678,23.716,23.709,23.716,23.663,23.655,23.678,23.648,23.693,23.701,23.686,23.701,23.716,23.709,23.678,23.671,23.701,23.686,23.693,23.701,23.693,23.693,23.671,23.693,23.678,23.671,23.648,23.655,23.663
,23.808,23.77,23.755,23.724,23.739,23.709,23.732,23.732,23.686,23.739,23.724,23.755,23.762,23.77,23.777,23.777,23.793,23.777,23.793,23.793,23.793,23.808,23.793,23.838,23.838,23.854,23.823,23.831,23.808,23.823,23.838,23.846,23.816,23.823,23.816,23.777,23.793,23.808,23.793,23.823,23.823,23.808,23.8,23.808,23.808,23.808,23.816,23.816,23.808,23.808,23.8,23.808,23.816,23.808,23.831,23.793,23.823,23.8,23.816,23.823,23.846,23.846,23.838,23.838,23.846,23.877,23.854,23.877,23.861,23.846,23.846,23.861,23.877,23.861,23.869,23.869,23.846,23.846,23.838,23.861,23.861,23.877,23.877,23.884,23.892,23.899,23.884,23.884,23.892,23.907,23.907,23.915,23.907,23.899,23.915,23.915,23.93,23.945,23.922,23.922,23.899,23.907,23.892,23.907,23.907,23.915,23.915,23.922,23.899,23.907,23.922,23.907,23.915,23.922,23.922,23.915,23.922,23.915,23.93,23.899,23.93,23.922,23.922,23.907,23.899,23.877,23.884,23.899,23.892,23.899,23.907,23.915,23.922,23.93,23.945,23.938,23.922,23.93,23.915,23.922,23.922,23.93,23.915,23.915,23.915,23.938,23.93,23.945,23.953,23.945,23.945,23.899,23.907,23.915,23.915,23.907,23.915,23.915,23.922,23.922,23.93,23.93,23.945,23.953,23.968,23.976,23.976,23.983,23.976,23.968,23.96,23.93,23.945,23.938,23.938,23.96,23.96,23.976,23.976,23.976,23.968,23.968,23.968,23.976,23.983,23.991,23.983,23.983,23.991,23.983,23.998,24.014,24.021,24.021,24.014,24.006,24.006,23.991,23.998,23.998,23.998,24.014,24.006,24.021,24.021,24.021,24.037,24.029,24.037,24.014,23.998,24.021,24.006,24.029,24.021,23.991,24.006,24.014,24.021,24.021,24.021,24.029,24.021,24.037,24.037,24.006,24.021,24.021,24.021,24.029,24.021,24.021,24.021,24.014,24.021,24.029,24.021,24.006,24.021,24.029,24.09,24.09,24.113,24.097,24.105,24.105,24.113,24.158,24.151,24.204,24.173,24.158,24.204,24.204,24.227,24.242,24.265,24.265,24.318,24.325,24.356,24.386,24.401,24.416,24.439,24.447,24.507,24.507,24.545,24.606,24.666,24.712,24.78,24.931,25.006,25.157,25.247,25.3,25.443,25.51,25.57,25.735,25.705,25.81,25.855,25.93,26.064,26.109,26.474,26.541,26.8,27.119,27.642,27.855,28.528,29.197,29.652,29.768,30.665,31.477,32.261,32.977,33.362,34.112,34.472,34.451,34.507,34.617,35.009,35.03,35.044,35.078,35.071,35.085,35.105,35.057,35.099,35.133,35.16,35.195,35.222,35.202,35.366,35.366,35.496,35.51,35.476,35.524,35.482,35.441,35.441,35.4,35.332,35.263,35.284,35.243,35.215,35.222,35.215,35.202,35.16,35.243,35.092,35.126,35.119,35.277,35.222,35.16,35.167,35.174,35.243,35.256,35.284,35.147,35.092,35.27,35.202,35.243,35.38,35.332,35.38,35.421,35.25,35.236,35.167,35.181,35.14,35.092,35.071,35.023,34.824,34.32,33.369,32.732,32.007,31.335,30.708,29.919,29.587,28.965,28.382,27.694,27.48,26.771,26.466,25.922,25.9,25.555,25.473,25.187,25.104,24.901,24.735,24.682,24.636,24.606,24.576,24.56,24.523,24.53,24.477,24.447,24.416,24.401,24.371,24.348,24.333,24.325,24.287,24.265,24.219,24.189,24.181,24.158,24.158,24.143,24.143,24.12,24.113,24.082,24.059,24.067,24.067,24.029,24.029,24.029,24.006,24.006,23.998,24.006,23.991,23.991,23.976,23.976,23.983,23.983,23.938,23.96,23.953,23.96,23.945,23.907,23.968,23.945,23.953,23.953,23.93,23.953,23.938,23.938,23.938,23.938,23.938,23.945,23.953,23.953,23.953,23.953,23.953,23.96,23.938,23.953,23.93,23.915,23.899,23.892,23.892,23.892,23.922,23.907,23.915,23.907,23.877,23.892,23.884,23.877,23.877,23.869,23.877,23.884,23.892,23.892,23.892,23.884,23.884,23.884,23.884,23.877,23.854,23.846,23.823,23.793,23.777,23.77,23.793,23.793,23.785,23.793,23.808,23.8,23.808,23.808,23.793,23.793,23.785,23.77,23.762,23.755,23.777,23.777,23.777,23.785,23.777,23.77,23.77,23.762,23.77,23.755,23.762,23.762,23.755,23.8,23.777,23.777,23.777,23.755,23.724,23.709,23.716,23.732,23.739,23.739,23.732,23.709,23.77,23.755,23.762,23.762,23.747,23.732,23.724,23.716,23.724,23.739,23.724,23.724,23.732,23.709,23.732,23.732,23.732,23.739,23.747,23.732,23.709,23.693,23.701,23.693,23.709,23.724,23.724,23.724,23.709,23.686,23.686,23.716,23.732,23.739,23.747,23.732,23.732,23.701,23.686,23.709,23.716,23.686,23.701,23.686,23.686,23.686,23.693,23.686,23.678,23.701,23.724,23.709,23.693,23.709,23.693,23.686,23.701,23.701,23.732,23.724,23.693,23.678,23.701,23.701,23.678,23.678,23.678,23.671,23.648,23.632,23.693,23.693,23.716,23.709,23.671,23.663,23.678,23.709,23.701,23.686,23.678,23.64,23.663,23.671,23.671,23.663,23.716,23.701,23.709,23.732,23.709,23.709,23.701,23.732,23.701,23.686,23.709,23.693,23.686,23.724,23.693,23.663,23.686,23.671,23.701,23.663
,23.8,23.77,23.755,23.739,23.709,23.701,23.716,23.701,23.739,23.77,23.739,23.739,23.755,23.77,23.777,23.755,23.793,23.777,23.793,23.793,23.8,23.808,23.808,23.808,23.808,23.831,23.838,23.831,23.831,23.854,23.823,23.846,23.823,23.823,23.8,23.793,23.816,23.808,23.831,23.823,23.831,23.823,23.816,23.831,23.823,23.816,23.831,23.823,23.823,23.808,23.8,23.816,23.808,23.831,23.838,23.8,23.8,23.808,23.8,23.823,23.823,23.854,23.838,23.854,23.854,23.854,23.869,23.846,23.846,23.861,23.884,23.861,23.877,23.869,23.869,23.861,23.869,23.854,23.869,23.854,23.861,23.877,23.877,23.892,23.892,23.877,23.892,23.884,23.892,23.892,23.899,23.899,23.907,23.899,23.899,23.922,23.938,23.922,23.915,23.915,23.899,23.907,23.899,23.907,23.907,23.922,23.892,23.922,23.922,23.899,23.915,23.915,23.907,23.938,23.922,23.899,23.899,23.915,23.922,23.907,23.915,23.915,23.915,23.899,23.892,23.884,23.884,23.884,23.899,23.899,23.915,23.907,23.922,23.93,23.93,23.93,23.93,23.922,23.899,23.915,23.93,23.922,23.907,23.945,23.907,23.892,23.907,23.915,23.93,23.96,23.915,23.915,23.907,23.915,23.907,23.907,23.907,23.907,23.922,23.922,23.93,23.938,23.945,23.96,23.968,23.983,23.983,23.976,23.983,23.96,23.945,23.945,23.938,23.93,23.93,23.96,23.96,23.968,23.976,23.96,23.976,23.953,23.968,23.968,23.976,23.976,23.976,23.991,24.014,24.006,24.021,24.014,24.014,24.006,24.006,23.998,23.998,23.998,23.991,24.006,23.998,24.006,24.006,24.021,24.014,24.006,24.029,24.021,24.014,23.998,24.006,24.021,24.029,24.029,23.976,24.014,24.021,24.014,24.014,24.021,24.014,24.029,24.021,24.021,24.052,24.021,24.014,24.021,24.029,24.021,24.029,24.037,24.029,24.021,24.029,24.029,24.029,24.029,24.044,24.059,24.075,24.067,24.12,24.113,24.12,24.105,24.105,24.151,24.135,24.181,24.219,24.204,24.219,24.234,24.249,24.272,24.28,24.287,24.341,24.371,24.363,24.401,24.409,24.424,24.454,24.477,24.53,24.553,24.621,24.651,24.689,24.757,24.833,25.014,25.172,25.24,25.338,25.428,25.495,25.548,25.615,25.735,25.773,25.84,25.885,26.064,26.198,26.414,26.6,26.971,27.207,27.84,28.594,28.703,29.226,29.667,30.479,31.164,31.555,32.451,33.026,33.592,34.389,34.72,34.645,34.603,34.672,34.886,34.996,35.002,34.824,34.886,35.023,35.016,34.927,35.009,34.899,34.989,35.037,35.085,35.154,35.14,35.284,35.277,35.263,35.421,35.448,35.448,35.421,35.4,35.393,35.318,35.277,35.236,35.215,35.195,35.195,35.202,35.181,35.188,35.147,35.181,35.105,35.057,35.009,35.037,35.181,35.002,35.092,34.769,34.824,34.727,34.658,34.513,34.555,34.52,34.534,34.651,34.52,34.548,34.603,34.913,35.03,35.126,35.14,35.126,35.105,35.099,35.099,35.064,35.037,34.886,34.451,33.946,33.166,32.198,31.604,30.865,30.228,29.609,29.327,28.477,27.804,27.598,27.037,26.489,26.146,25.653,25.413,25.375,25.195,25.082,24.848,24.727,24.644,24.666,24.644,24.583,24.553,24.515,24.485,24.454,24.439,24.416,24.356,24.356,24.356,24.341,24.325,24.295,24.257,24.196,24.189,24.173,24.166,24.143,24.143,24.128,24.12,24.09,24.097,24.075,24.037,24.052,24.006,24.037,24.021,24.014,24.006,23.998,23.991,23.991,23.991,23.968,23.991,23.976,23.96,23.96,23.945,23.953,23.953,23.976,23.983,23.976,23.968,23.96,23.96,23.945,23.953,23.938,23.93,23.938,23.93,23.938,23.953,23.953,23.953,23.96,23.945,23.953,23.945,23.93,23.93,23.922,23.884,23.899,23.892,23.892,23.915,23.915,23.907,23.93,23.915,23.907,23.899,23.884,23.884,23.884,23.899,23.877,23.877,23.869,23.877,23.877,23.884,23.884,23.877,23.877,23.869,23.846,23.823,23.808,23.816,23.793,23.808,23.8,23.8,23.793,23.808,23.816,23.808,23.808,23.808,23.816,23.808,23.8,23.777,23.762,23.777,23.777,23.777,23.777,23.77,23.777,23.739,23.755,23.77,23.755,23.77,23.747,23.762,23.747,23.762,23.755,23.755,23.747,23.732,23.709,23.716,23.732,23.732,23.739,23.747,23.724,23.732,23.755,23.739,23.747,23.747,23.701,23.739,23.739,23.724,23.732,23.716,23.732,23.716,23.716,23.716,23.724,23.739,23.739,23.747,23.739,23.701,23.709,23.693,23.701,23.716,23.716,23.747,23.724,23.716,23.701,23.701,23.701,23.716,23.724,23.732,23.732,23.732,23.709,23.709,23.709,23.686,23.648,23.655,23.686,23.678,23.655,23.686,23.693,23.701,23.693,23.701,23.709,23.716,23.701,23.709,23.686,23.701,23.693,23.724,23.701,23.716,23.716,23.701,23.686,23.671,23.655,23.671,23.678,23.686,23.693,23.709,23.671,23.64,23.693,23.655,23.693,23.686,23.716,23.693,23.693,23.693,23.678,23.632,23.648,23.678,23.678,23.678,23.678,23.678,23.716,23.686,23.655,23.671,23.686,23.724,23.701,23.686,23.686,23.701,23.594,23.648,23.686,23.686,23.678,23.686,23.755
,23.739,23.747,23.732,23.709,23.701,23.716,23.716,23.701,23.716,23.747,23.724,23.732,23.732,23.747,23.739,23.762,23.77,23.77,23.777,23.793,23.793,23.8,23.808,23.816,23.816,23.816,23.823,23.785,23.846,23.8,23.823,23.816,23.816,23.8,23.8,23.762,23.762,23.808,23.816,23.831,23.823,23.823,23.823,23.816,23.816,23.831,23.838,23.831,23.831,23.816,23.785,23.816,23.816,23.8,23.808,23.793,23.8,23.793,23.823,23.823,23.808,23.838,23.816,23.816,23.831,23.838,23.838,23.831,23.831,23.861,23.877,23.877,23.869,23.861,23.869,23.869,23.869,23.869,23.869,23.869,23.861,23.869,23.869,23.861,23.884,23.884,23.884,23.877,23.877,23.884,23.884,23.892,23.907,23.907,23.93,23.93,23.938,23.922,23.915,23.899,23.907,23.907,23.899,23.915,23.907,23.915,23.922,23.907,23.922,23.915,23.922,23.922,23.877,23.915,23.915,23.907,23.899,23.907,23.907,23.907,23.907,23.892,23.899,23.907,23.899,23.892,23.884,23.884,23.892,23.899,23.899,23.907,23.907,23.915,23.93,23.93,23.915,23.922,23.899,23.907,23.93,23.922,23.892,23.915,23.884,23.899,23.907,23.922,23.93,23.93,23.922,23.922,23.93,23.93,23.915,23.907,23.907,23.915,23.915,23.93,23.915,23.93,23.938,23.953,23.976,23.976,23.976,23.983,23.953,23.96,23.953,23.938,23.938,23.938,23.953,23.953,23.976,23.976,23.976,23.968,23.96,23.953,23.968,23.976,23.983,23.968,23.983,23.976,23.998,23.998,23.983,23.998,24.006,24.014,24.006,23.998,23.998,23.991,23.998,23.991,23.998,23.991,24.006,24.006,24.014,23.991,24.014,24.014,23.991,24.014,23.991,23.991,23.991,24.014,23.991,23.998,24.014,24.021,24.021,24.021,24.021,24.029,24.029,24.037,24.037,24.037,24.014,24.006,24.014,24.021,24.037,24.029,24.037,24.037,24.006,24.021,24.029,24.021,24.014,24.067,24.097,24.09,24.097,24.097,24.105,24.12,24.128,24.143,24.181,24.204,24.227,24.234,24.242,24.257,24.272,24.28,24.303,24.348,24.325,24.409,24.401,24.409,24.416,24.432,24.462,24.507,24.53,24.591,24.666,24.712,24.765,24.901,24.976,25.149,25.187,25.3,25.398,25.443,25.503,25.615,25.675,25.758,25.84,25.937,25.989,26.042,26.28,26.6,26.963,27.348,27.679,28.564,28.776,29.168,29.876,30.665,31.377,31.852,32.367,32.844,33.675,34.451,34.899,34.52,34.651,34.624,34.589,34.693,34.665,34.596,34.541,34.458,34.23,34.265,34.147,34.258,34.355,34.52,34.665,34.679,35.009,35.044,35.154,35.243,35.291,35.38,35.4,35.38,35.387,35.311,35.304,35.298,35.263,35.202,35.167,35.14,35.167,35.181,35.188,35.174,35.167,35.14,35.071,35.023,34.975,34.954,34.982,35.051,35.044,34.596,34.576,34.665,34.569,34.417,34.444,34.216,34.195,34.099,34.002,33.71,33.445,33.459,33.418,33.633,33.689,34.665,34.789,34.927,34.837,35.009,34.968,34.982,34.913,34.796,34.189,33.292,32.697,31.725,31.121,30.3,29.861,29.291,28.586,28.068,27.554,27.045,26.429,26.221,25.855,25.45,25.33,25.067,25.029,24.833,24.757,24.674,24.659,24.613,24.606,24.568,24.515,24.5,24.462,24.416,24.394,24.371,24.371,24.356,24.348,24.31,24.242,24.242,24.181,24.204,24.151,24.143,24.143,24.135,24.128,24.097,24.082,24.082,24.067,24.037,24.044,24.052,24.029,24.014,24.006,24.006,23.991,23.998,23.976,23.998,23.96,23.976,23.96,23.96,23.945,23.93,23.945,23.953,23.953,23.976,23.968,23.968,23.953,23.938,23.945,23.93,23.922,23.93,23.938,23.938,23.945,23.945,23.953,23.96,23.953,23.96,23.953,23.938,23.93,23.907,23.884,23.892,23.892,23.907,23.938,23.899,23.915,23.899,23.915,23.899,23.884,23.884,23.877,23.884,23.884,23.877,23.877,23.877,23.884,23.892,23.877,23.846,23.861,23.861,23.854,23.838,23.793,23.816,23.823,23.816,23.831,23.816,23.8,23.831,23.8,23.8,23.816,23.808,23.816,23.823,23.8,23.785,23.777,23.762,23.747,23.762,23.77,23.762,23.747,23.77,23.747,23.762,23.762,23.755,23.747,23.785,23.77,23.739,23.755,23.762,23.747,23.739,23.732,23.724,23.724,23.739,23.732,23.732,23.755,23.724,23.739,23.732,23.739,23.732,23.747,23.709,23.709,23.716,23.716,23.724,23.724,23.716,23.701,23.709,23.701,23.724,23.732,23.732,23.747,23.739,23.739,23.716,23.693,23.693,23.709,23.732,23.724,23.716,23.724,23.716,23.701,23.732,23.709,23.724,23.739,23.739,23.716,23.724,23.701,23.671,23.671,23.663,23.686,23.678,23.678,23.678,23.686,23.686,23.693,23.701,23.701,23.693,23.701,23.686,23.671,23.686,23.693,23.693,23.701,23.716,23.701,23.701,23.693,23.686,23.663,23.663,23.678,23.671,23.709,23.701,23.693,23.663,23.648,23.709,23.663,23.701,23.678,23.693,23.701,23.716,23.678,23.632,23.671,23.671,23.648,23.655,23.655,23.663,23.655,23.701,23.709,23.701,23.701,23.701,23.709,23.686,23.671,23.678,23.709,23.678,23.663,23.686,23.663,23.655,23.655,23.732
,23.732,23.739,23.701,23.739,23.732,23.716,23.724,23.709,23.732,23.732,23.739,23.739,23.739,23.724,23.739,23.739,23.747,23.755,23.777,23.785,23.793,23.808,23.793,23.816,23.8,23.816,23.816,23.808,23.816,23.816,23.816,23.816,23.808,23.793,23.77,23.785,23.77,23.816,23.808,23.831,23.831,23.838,23.838,23.838,23.854,23.846,23.838,23.838,23.823,23.838,23.823,23.8,23.838,23.808,23.823,23.816,23.808,23.808,23.816,23.816,23.808,23.823,23.877,23.816,23.831,23.831,23.846,23.854,23.861,23.861,23.877,23.877,23.892,23.884,23.854,23.877,23.884,23.884,23.861,23.884,23.877,23.869,23.869,23.861,23.854,23.899,23.884,23.884,23.877,23.884,23.884,23.892,23.892,23.907,23.922,23.922,23.93,23.922,23.915,23.899,23.861,23.861,23.892,23.907,23.907,23.899,23.907,23.899,23.892,23.907,23.892,23.907,23.907,23.899,23.915,23.899,23.899,23.899,23.899,23.907,23.899,23.899,23.899,23.899,23.922,23.884,23.884,23.869,23.892,23.892,23.907,23.907,23.93,23.922,23.93,23.915,23.907,23.899,23.899,23.915,23.899,23.899,23.899,23.915,23.907,23.907,23.938,23.922,23.953,23.953,23.93,23.953,23.945,23.93,23.922,23.915,23.915,23.922,23.93,23.93,23.938,23.938,23.93,23.953,23.976,23.983,23.976,23.968,23.968,23.953,23.953,23.945,23.953,23.953,23.953,23.96,23.983,23.976,23.983,23.96,23.96,23.953,23.96,23.976,23.976,23.983,23.968,23.991,23.983,24.006,24.021,23.998,24.006,24.006,23.998,24.014,23.998,24.014,23.998,23.991,23.991,24.006,23.998,24.014,24.006,23.998,24.006,24.006,24.006,24.014,24.021,24.014,24.014,24.006,24.006,24.021,24.021,24.014,24.029,24.037,24.029,24.029,24.044,24.021,24.029,24.021,24.037,24.037,24.029,24.029,24.052,24.044,24.021,24.037,24.021,24.021,24.021,24.037,24.044,24.082,24.097,24.113,24.128,24.143,24.12,24.128,24.128,24.166,24.166,24.204,24.227,24.249,24.242,24.272,24.287,24.287,24.325,24.325,24.371,24.401,24.447,24.424,24.447,24.47,24.507,24.538,24.598,24.591,24.727,24.757,24.901,24.991,25.029,25.21,25.292,25.42,25.42,25.533,25.593,25.66,25.698,25.795,25.803,25.93,26.183,26.303,26.585,27.119,27.296,28.046,28.601,28.892,29.58,30.515,31.079,31.618,32.367,32.837,33.292,33.828,34.486,34.507,34.527,34.548,34.562,34.548,34.092,33.8,33.731,33.717,33.661,33.779,33.96,34.036,34.057,34.112,34.071,34.085,34.417,34.589,34.651,34.865,35.051,35.14,35.229,35.27,35.359,35.332,35.325,35.277,35.243,35.236,35.195,35.202,35.181,35.167,35.181,35.188,35.202,35.202,35.154,35.14,35.181,35.023,35.057,34.906,34.941,34.934,34.899,34.713,34.562,34.61,34.527,34.486,34.424,34.306,34.216,34.105,34.071,33.571,33.292,33.166,33.012,32.83,32.774,32.494,32.718,33.529,34.202,34.617,34.796,34.913,34.906,34.831,34.755,34.368,33.807,32.788,31.951,31.171,30.479,29.962,29.313,28.666,27.811,27.443,27.03,26.57,26.198,25.773,25.51,25.3,25.149,24.938,24.871,24.742,24.697,24.682,24.636,24.583,24.515,24.5,24.447,24.432,24.424,24.371,24.371,24.363,24.348,24.31,24.303,24.265,24.265,24.189,24.173,24.151,24.158,24.135,24.151,24.105,24.097,24.097,24.113,24.097,24.067,24.044,24.037,24.029,24.021,24.006,23.998,23.998,23.991,24.006,23.998,23.968,23.96,23.96,23.945,23.945,23.953,23.953,23.945,23.938,23.945,23.938,23.945,23.945,23.93,23.938,23.93,23.922,23.945,23.938,23.953,23.953,23.945,23.96,23.96,23.968,23.953,23.93,23.922,23.899,23.892,23.892,23.899,23.922,23.93,23.915,23.922,23.899,23.907,23.884,23.915,23.892,23.899,23.892,23.877,23.877,23.877,23.877,23.877,23.877,23.846,23.869,23.861,23.838,23.823,23.823,23.831,23.831,23.8,23.831,23.838,23.831,23.823,23.831,23.816,23.823,23.823,23.823,23.823,23.808,23.8,23.8,23.777,23.77,23.77,23.755,23.762,23.77,23.755,23.747,23.762,23.739,23.77,23.762,23.755,23.77,23.755,23.793,23.747,23.762,23.724,23.732,23.732,23.739,23.732,23.739,23.739,23.732,23.739,23.732,23.739,23.747,23.739,23.732,23.724,23.755,23.709,23.709,23.724,23.724,23.709,23.716,23.709,23.709,23.693,23.701,23.732,23.732,23.755,23.755,23.709,23.709,23.701,23.701,23.716,23.716,23.747,23.732,23.732,23.701,23.716,23.732,23.732,23.732,23.732,23.716,23.732,23.693,23.663,23.671,23.671,23.671,23.701,23.686,23.678,23.671,23.671,23.686,23.678,23.701,23.678,23.693,23.693,23.701,23.693,23.693,23.686,23.701,23.693,23.709,23.709,23.701,23.693,23.686,23.671,23.663,23.678,23.686,23.693,23.693,23.693,23.678,23.671,23.686,23.663,23.686,23.671,23.686,23.671,23.678,23.678,23.64,23.655,23.663,23.678,23.701,23.701,23.671,23.716,23.693,23.716,23.709,23.709,23.709,23.709,23.701,23.732,23.663,23.671,23.655,23.724,23.709,23.678,23.678,23.678,23.709
,23.709,23.709,23.747,23.732,23.762,23.732,23.747,23.747,23.747,23.755,23.755,23.716,23.739,23.739,23.747,23.747,23.747,23.762,23.755,23.785,23.785,23.816,23.816,23.816,23.808,23.808,23.823,23.823,23.846,23.831,23.808,23.808,23.816,23.785,23.77,23.77,23.8,23.816,23.861,23.838,23.846,23.838,23.816,23.846,23.861,23.846,23.838,23.823,23.831,23.831,23.816,23.823,23.831,23.823,23.831,23.823,23.823,23.823,23.816,23.823,23.816,23.823,23.831,23.846,23.838,23.846,23.854,23.854,23.892,23.899,23.899,23.884,23.869,23.861,23.861,23.884,23.884,23.877,23.892,23.861,23.907,23.884,23.892,23.877,23.884,23.877,23.884,23.884,23.869,23.877,23.892,23.892,23.899,23.907,23.93,23.938,23.93,23.938,23.907,23.892,23.892,23.877,23.877,23.899,23.892,23.907,23.907,23.884,23.892,23.915,23.892,23.892,23.884,23.884,23.884,23.884,23.899,23.907,23.899,23.907,23.907,23.907,23.907,23.907,23.93,23.915,23.899,23.899,23.884,23.892,23.907,23.922,23.93,23.93,23.922,23.945,23.907,23.915,23.899,23.915,23.892,23.938,23.907,23.892,23.922,23.945,23.93,23.945,23.938,23.945,23.938,23.945,23.93,23.945,23.93,23.945,23.915,23.922,23.922,23.93,23.938,23.93,23.938,23.945,23.953,23.968,23.976,23.968,23.96,23.968,23.96,23.953,23.968,23.96,23.945,23.976,23.96,24.006,23.968,23.976,23.983,23.96,23.976,23.983,23.976,24.006,24.014,23.998,24.021,24.014,24.021,24.014,24.014,24.014,24.006,24.006,24.006,23.998,24.006,23.998,23.998,23.998,24.014,23.998,24.037,24.014,24.014,24.021,24.014,24.014,24.014,24.014,24.006,24.014,24.006,24.014,24.029,24.029,24.037,24.044,24.044,24.029,24.029,24.044,24.059,24.037,24.029,24.021,24.037,24.052,24.052,24.029,24.044,24.044,24.044,24.037,24.037,24.067,24.059,24.082,24.097,24.113,24.128,24.128,24.143,24.135,24.151,24.196,24.204,24.211,24.227,24.265,24.28,24.287,24.295,24.333,24.348,24.394,24.379,24.439,24.432,24.447,24.477,24.523,24.477,24.598,24.659,24.651,24.757,24.803,24.984,25.089,25.044,25.255,25.308,25.45,25.555,25.578,25.593,25.683,25.72,25.818,25.915,26.146,26.347,26.786,27.06,27.635,28.009,28.732,29.03,29.71,30.643,31.242,31.887,32.487,33.369,34.022,34.431,34.479,34.486,34.417,34.368,34.078,33.738,33.131,32.957,32.718,32.732,32.697,32.83,32.936,33.236,33.487,33.96,34.071,34.23,34.071,34.071,34.237,34.576,34.865,35.037,35.085,35.208,35.284,35.346,35.352,35.346,35.27,35.277,35.229,35.222,35.208,35.202,35.181,35.202,35.215,35.243,35.236,35.298,35.236,35.243,35.202,35.112,35.044,34.989,34.982,34.941,34.707,34.527,34.693,34.679,34.5,34.472,34.562,34.527,34.341,34.043,33.689,33.362,33.159,33.033,32.809,32.676,32.585,32.585,32.648,32.725,32.725,33.522,34.14,34.748,34.775,34.755,34.775,34.713,33.828,33.152,32.078,31.32,30.758,30.005,29.313,28.586,27.994,27.569,27.03,26.481,26.318,25.728,25.593,25.315,25.119,24.938,24.825,24.735,24.697,24.644,24.591,24.515,24.53,24.5,24.462,24.447,24.394,24.394,24.379,24.348,24.356,24.31,24.28,24.257,24.219,24.196,24.173,24.158,24.158,24.135,24.128,24.128,24.113,24.105,24.113,24.097,24.052,24.067,24.044,24.037,24.021,24.029,24.006,24.021,24.006,23.998,23.976,23.968,23.938,23.93,23.938,23.953,23.945,23.93,23.968,23.968,23.93,23.938,23.953,23.968,23.953,23.976,23.96,23.938,23.945,23.945,23.953,23.96,23.968,23.953,23.953,23.945,23.93,23.93,23.922,23.907,23.922,23.938,23.938,23.938,23.945,23.922,23.915,23.922,23.922,23.922,23.907,23.899,23.899,23.884,23.884,23.869,23.877,23.892,23.884,23.869,23.861,23.861,23.838,23.861,23.838,23.831,23.846,23.846,23.861,23.861,23.846,23.846,23.838,23.831,23.831,23.838,23.823,23.823,23.816,23.8,23.793,23.785,23.785,23.77,23.762,23.762,23.77,23.77,23.762,23.755,23.762,23.77,23.777,23.762,23.755,23.77,23.755,23.747,23.739,23.739,23.732,23.747,23.739,23.732,23.739,23.739,23.739,23.747,23.739,23.747,23.739,23.732,23.724,23.762,23.732,23.755,23.739,23.732,23.739,23.732,23.732,23.724,23.724,23.701,23.709,23.732,23.724,23.747,23.762,23.755,23.732,23.709,23.709,23.709,23.716,23.724,23.732,23.732,23.724,23.747,23.732,23.732,23.724,23.716,23.724,23.709,23.686,23.678,23.663,23.663,23.678,23.678,23.686,23.671,23.693,23.693,23.686,23.693,23.693,23.686,23.678,23.678,23.701,23.686,23.709,23.678,23.678,23.701,23.701,23.724,23.709,23.709,23.678,23.671,23.678,23.686,23.693,23.686,23.693,23.686,23.701,23.686,23.686,23.678,23.678,23.671,23.686,23.678,23.693,23.693,23.693,23.678,23.701,23.686,23.655,23.709,23.693,23.693,23.693,23.693,23.693,23.701,23.709,23.693,23.724,23.709,23.709,23.678,23.663,23.693,23.701,23.701,23.671,23.693,23.686
,23.732,23.739,23.732,23.747,23.732,23.755,23.755,23.755,23.762,23.77,23.739,23.755,23.762,23.724,23.755,23.724,23.739,23.762,23.77,23.777,23.793,23.816,23.823,23.823,23.816,23.785,23.816,23.816,23.823,23.808,23.8,23.808,23.785,23.777,23.793,23.793,23.8,23.846,23.854,23.854,23.823,23.831,23.823,23.816,23.831,23.823,23.831,23.823,23.823,23.831,23.838,23.846,23.831,23.838,23.831,23.838,23.831,23.823,23.831,23.831,23.846,23.831,23.823,23.846,23.846,23.854,23.869,23.869,23.877,23.884,23.892,23.884,23.877,23.869,23.877,23.892,23.877,23.869,23.869,23.892,23.899,23.869,23.892,23.877,23.884,23.892,23.877,23.892,23.877,23.877,23.899,23.899,23.899,23.907,23.922,23.93,23.93,23.938,23.899,23.899,23.861,23.877,23.884,23.892,23.892,23.907,23.892,23.877,23.877,23.884,23.892,23.899,23.892,23.892,23.892,23.899,23.899,23.907,23.922,23.907,23.922,23.922,23.907,23.915,23.907,23.93,23.922,23.915,23.899,23.892,23.907,23.915,23.93,23.938,23.938,23.93,23.922,23.945,23.922,23.892,23.884,23.915,23.907,23.922,23.93,23.945,23.938,23.945,23.945,23.938,23.96,23.96,23.938,23.945,23.93,23.945,23.93,23.922,23.93,23.93,23.938,23.922,23.945,23.953,23.96,23.968,23.976,23.968,23.968,23.96,23.968,23.96,23.96,23.96,23.96,23.998,23.991,23.998,23.991,23.991,23.983,23.991,23.983,23.968,23.968,24.006,23.976,24.014,24.014,23.998,24.014,24.006,24.029,24.021,24.021,24.029,24.029,24.014,24.021,24.014,23.998,24.006,24.006,24.006,24.014,24.029,24.014,24.037,24.029,24.021,24.029,24.021,24.014,24.059,24.021,24.014,24.021,24.037,24.044,24.044,24.052,24.044,24.059,24.029,24.044,24.059,24.052,24.021,24.044,24.052,24.044,24.052,24.044,24.052,24.059,24.052,24.059,24.059,24.075,24.09,24.12,24.12,24.166,24.151,24.158,24.158,24.166,24.204,24.211,24.227,24.265,24.272,24.295,24.31,24.318,24.356,24.386,24.432,24.424,24.447,24.462,24.477,24.485,24.53,24.545,24.598,24.651,24.765,24.878,24.893,24.991,25.157,25.27,25.338,25.435,25.51,25.585,25.638,25.66,25.713,25.818,25.877,26.109,26.116,26.778,27.229,27.546,28.287,28.47,29.132,29.832,30.722,31.399,32.064,32.957,33.459,33.981,34.334,34.458,34.486,34.417,33.745,33.25,33.005,32.964,32.739,32.085,32.156,32.12,32.254,32.346,32.69,32.844,33.243,33.668,33.884,34.14,34.396,34.209,34.313,34.658,34.865,35.085,35.002,35.14,35.332,35.366,35.373,35.4,35.359,35.236,35.243,35.222,35.188,35.195,35.229,35.229,35.25,35.263,35.263,35.291,35.318,35.256,35.243,35.208,35.071,35.016,35.016,35.002,34.92,34.513,34.596,34.686,34.734,34.617,34.686,34.507,34.327,34.161,34.251,33.953,33.675,33.236,32.964,32.816,32.76,32.725,32.718,32.69,32.564,32.247,32.76,33.571,34.658,34.7,34.651,34.603,34.603,34.223,33.18,32.388,31.611,30.793,30.034,29.32,28.681,28.038,27.62,27.104,26.689,26.183,25.75,25.48,25.308,25.202,24.825,24.803,24.712,24.674,24.621,24.591,24.553,24.5,24.485,24.462,24.416,24.409,24.379,24.371,24.356,24.333,24.287,24.265,24.257,24.204,24.211,24.189,24.166,24.143,24.151,24.135,24.12,24.113,24.128,24.105,24.105,24.075,24.059,24.037,24.029,24.021,24.014,24.006,24.021,23.991,23.976,23.976,23.968,23.945,23.938,23.938,23.953,23.953,23.938,23.938,23.938,23.945,23.945,23.976,23.96,23.96,23.953,23.953,23.953,23.953,23.945,23.953,23.953,23.953,23.945,23.938,23.93,23.938,23.922,23.938,23.953,23.953,23.945,23.953,23.93,23.938,23.938,23.93,23.938,23.938,23.922,23.915,23.899,23.884,23.884,23.884,23.899,23.899,23.892,23.884,23.892,23.854,23.861,23.838,23.846,23.831,23.846,23.861,23.861,23.869,23.854,23.854,23.846,23.846,23.846,23.838,23.838,23.831,23.808,23.785,23.785,23.77,23.77,23.762,23.755,23.77,23.762,23.77,23.755,23.762,23.785,23.77,23.785,23.77,23.762,23.755,23.77,23.762,23.739,23.739,23.732,23.747,23.747,23.732,23.747,23.747,23.739,23.739,23.755,23.755,23.747,23.739,23.724,23.755,23.739,23.724,23.755,23.724,23.732,23.724,23.709,23.716,23.709,23.709,23.701,23.709,23.724,23.732,23.762,23.755,23.755,23.732,23.709,23.709,23.709,23.732,23.732,23.747,23.747,23.755,23.739,23.739,23.716,23.724,23.701,23.701,23.686,23.678,23.671,23.678,23.671,23.693,23.678,23.678,23.678,23.671,23.686,23.678,23.693,23.686,23.678,23.701,23.686,23.709,23.686,23.686,23.686,23.716,23.716,23.724,23.716,23.686,23.701,23.671,23.686,23.686,23.686,23.693,23.686,23.701,23.709,23.701,23.701,23.693,23.671,23.724,23.693,23.693,23.709,23.693,23.693,23.709,23.716,23.709,23.701,23.678,23.693,23.701,23.686,23.709,23.709,23.693,23.693,23.739,23.716,23.732,23.693,23.732,23.709,23.739,23.709,23.716,23.648,23.625,23.678
,23.724,23.732,23.739,23.739,23.739,23.747,23.747,23.755,23.77,23.777,23.762,23.77,23.762,23.755,23.755,23.747,23.755,23.777,23.77,23.777,23.8,23.808,23.823,23.831,23.816,23.838,23.816,23.831,23.816,23.816,23.823,23.808,23.808,23.816,23.808,23.793,23.831,23.808,23.838,23.831,23.823,23.816,23.831,23.823,23.831,23.823,23.823,23.823,23.831,23.831,23.846,23.861,23.838,23.831,23.846,23.838,23.838,23.838,23.838,23.831,23.854,23.846,23.846,23.854,23.861,23.892,23.877,23.884,23.884,23.869,23.861,23.869,23.877,23.884,23.877,23.877,23.877,23.884,23.877,23.877,23.884,23.892,23.915,23.884,23.884,23.892,23.869,23.907,23.892,23.892,23.922,23.892,23.892,23.907,23.915,23.922,23.922,23.915,23.907,23.907,23.899,23.884,23.884,23.892,23.907,23.892,23.877,23.877,23.884,23.892,23.899,23.907,23.899,23.899,23.899,23.899,23.915,23.907,23.93,23.93,23.93,23.93,23.945,23.938,23.922,23.93,23.907,23.915,23.915,23.899,23.907,23.907,23.93,23.938,23.938,23.945,23.953,23.938,23.922,23.938,23.93,23.93,23.922,23.938,23.93,23.945,23.945,23.945,23.953,23.945,23.96,23.945,23.953,23.938,23.922,23.938,23.938,23.976,23.938,23.93,23.93,23.945,23.953,23.953,23.976,23.983,23.96,23.976,23.968,23.968,23.968,23.96,23.976,23.953,23.976,23.998,23.998,24.006,23.998,23.991,23.991,23.983,23.991,23.968,23.983,24.014,23.998,24.029,24.037,24.014,24.029,24.006,24.014,24.014,24.021,24.037,24.006,24.029,24.037,24.014,24.029,23.991,24.029,24.014,24.029,24.029,24.037,24.044,24.044,24.037,24.037,24.029,24.021,24.021,24.029,24.037,24.044,24.044,24.044,24.044,24.044,24.052,24.052,24.052,24.052,24.052,24.044,24.052,24.044,24.052,24.09,24.052,24.075,24.075,24.075,24.082,24.082,24.09,24.09,24.09,24.113,24.135,24.143,24.189,24.189,24.204,24.204,24.227,24.242,24.257,24.272,24.287,24.31,24.325,24.341,24.371,24.386,24.416,24.454,24.477,24.5,24.515,24.538,24.583,24.629,24.659,24.689,24.75,24.901,25.074,25.119,25.142,25.292,25.39,25.465,25.585,25.653,25.69,25.72,25.788,25.96,26.012,26.325,26.578,26.786,27.546,28.163,28.586,29.044,29.984,30.715,31.377,32.007,32.718,33.585,34.175,34.126,34.458,34.396,34.008,33.299,32.943,32.893,32.416,32.015,31.972,32.036,32.085,32.247,32.522,32.655,32.851,33.201,33.187,33.668,33.995,34.085,34.292,34.355,34.444,34.796,35.009,35.126,35.195,35.222,35.346,35.455,35.414,35.373,35.325,35.304,35.25,35.229,35.243,35.222,35.27,35.25,35.25,35.277,35.311,35.373,35.4,35.435,35.311,35.339,35.16,35.064,35.057,35.051,34.707,34.686,34.665,34.872,34.782,34.913,34.817,34.707,34.624,34.569,34.52,34.396,34.071,33.786,33.745,33.696,33.675,33.675,33.675,33.633,32.809,32.437,32.282,32.092,32.571,33.939,34.638,34.707,34.693,34.617,34.133,33.278,32.444,31.59,30.858,30.084,29.356,28.688,28.016,27.532,27.097,26.585,26.064,25.638,25.338,25.225,25.134,24.787,24.787,24.712,24.659,24.651,24.576,24.53,24.507,24.485,24.447,24.477,24.401,24.386,24.371,24.363,24.325,24.295,24.28,24.242,24.234,24.204,24.196,24.173,24.166,24.151,24.128,24.128,24.113,24.12,24.113,24.09,24.059,24.044,24.021,24.029,24.014,24.021,24.029,24.014,24.006,24.006,23.96,23.96,23.953,23.953,23.945,23.945,23.938,23.938,23.938,23.945,23.96,23.983,23.96,23.968,23.976,23.96,23.96,23.953,23.953,23.953,23.953,23.938,23.945,23.945,23.938,23.93,23.938,23.953,23.968,23.968,23.96,23.945,23.945,23.938,23.945,23.938,23.953,23.945,23.938,23.938,23.93,23.884,23.892,23.892,23.899,23.892,23.899,23.922,23.877,23.861,23.899,23.869,23.861,23.846,23.854,23.861,23.861,23.861,23.861,23.854,23.854,23.846,23.861,23.869,23.854,23.831,23.793,23.808,23.777,23.777,23.785,23.777,23.777,23.77,23.777,23.793,23.777,23.77,23.777,23.785,23.77,23.762,23.777,23.762,23.755,23.732,23.739,23.739,23.747,23.732,23.739,23.747,23.747,23.747,23.739,23.755,23.793,23.732,23.755,23.732,23.762,23.785,23.77,23.777,23.755,23.724,23.716,23.724,23.716,23.709,23.724,23.724,23.709,23.716,23.724,23.739,23.762,23.755,23.762,23.732,23.724,23.724,23.716,23.724,23.732,23.747,23.755,23.762,23.755,23.732,23.739,23.724,23.701,23.693,23.693,23.671,23.671,23.671,23.693,23.693,23.701,23.701,23.678,23.678,23.678,23.701,23.701,23.693,23.709,23.693,23.693,23.686,23.671,23.693,23.701,23.724,23.724,23.732,23.739,23.724,23.709,23.701,23.678,23.686,23.701,23.686,23.693,23.716,23.724,23.693,23.693,23.693,23.678,23.701,23.686,23.716,23.701,23.716,23.716,23.724,23.747,23.709,23.693,23.693,23.693,23.701,23.701,23.701,23.686,23.709,23.716,23.716,23.716,23.739,23.732,23.709,23.755,23.755,23.693,23.686,23.663,23.693,23.693
,23.739,23.724,23.739,23.739,23.747,23.747,23.762,23.755,23.755,23.77,23.747,23.785,23.785,23.747,23.77,23.762,23.77,23.777,23.793,23.793,23.793,23.808,23.823,23.831,23.8,23.823,23.808,23.831,23.831,23.8,23.816,23.808,23.785,23.8,23.854,23.831,23.816,23.831,23.823,23.846,23.831,23.831,23.823,23.831,23.816,23.831,23.8,23.808,23.808,23.861,23.846,23.838,23.846,23.831,23.831,23.846,23.846,23.846,23.846,23.838,23.854,23.854,23.831,23.846,23.854,23.869,23.892,23.899,23.861,23.854,23.846,23.869,23.846,23.861,23.861,23.877,23.884,23.877,23.877,23.877,23.877,23.884,23.907,23.892,23.884,23.884,23.869,23.877,23.861,23.899,23.922,23.915,23.892,23.915,23.922,23.93,23.915,23.907,23.922,23.93,23.899,23.899,23.899,23.892,23.884,23.899,23.884,23.907,23.892,23.915,23.915,23.915,23.915,23.907,23.899,23.899,23.915,23.915,23.93,23.938,23.93,23.945,23.93,23.922,23.93,23.93,23.938,23.915,23.915,23.892,23.907,23.907,23.922,23.938,23.938,23.945,23.938,23.93,23.938,23.93,23.938,23.922,23.93,23.945,23.945,23.945,23.953,23.953,23.96,23.953,23.953,23.953,23.945,23.945,23.93,23.945,23.938,23.93,23.945,23.93,23.93,23.96,23.96,23.953,23.968,23.953,23.96,23.976,23.968,23.976,23.976,23.953,23.976,23.991,23.983,23.998,23.991,23.998,23.998,23.983,24.014,23.991,23.991,23.983,23.998,24.014,24.021,24.029,24.021,24.021,24.014,24.014,24.006,24.021,24.014,24.029,24.021,24.044,24.037,24.029,24.029,24.014,24.014,24.029,24.014,24.021,24.044,24.029,24.044,24.044,24.037,24.029,24.021,24.029,24.044,24.037,24.037,24.052,24.044,24.052,24.044,24.044,24.037,24.059,24.059,24.052,24.059,24.037,24.029,24.037,24.037,24.052,24.067,24.075,24.12,24.105,24.105,24.105,24.12,24.12,24.12,24.143,24.143,24.204,24.204,24.211,24.234,24.242,24.272,24.287,24.31,24.31,24.341,24.363,24.386,24.401,24.447,24.47,24.507,24.492,24.53,24.553,24.568,24.576,24.598,24.682,24.75,24.886,24.991,25.074,25.285,25.27,25.368,25.488,25.54,25.593,25.668,25.69,25.728,25.773,25.96,26.101,26.652,27,27.723,28.031,28.863,29.218,30.048,30.293,31.42,32.085,32.851,33.487,34.105,34.237,34.327,33.863,33.32,33.075,32.795,32.795,32.339,32.007,31.894,31.93,32.05,32.402,32.508,32.606,32.683,33.11,33.501,33.696,33.71,34.119,34.299,34.334,34.493,34.382,34.947,35.105,35.25,35.277,35.284,35.38,35.469,35.455,35.455,35.387,35.332,35.304,35.284,35.243,35.27,35.243,35.311,35.304,35.325,35.346,35.4,35.51,35.496,35.476,35.393,35.277,35.133,35.126,35.051,34.989,34.851,34.941,34.975,35.078,35.044,34.947,34.913,34.886,34.831,34.72,34.576,34.431,34.216,34.458,34.61,34.541,34.458,34.472,34.14,33.807,33.278,32.627,32.304,32.015,32.522,33.152,34.092,34.617,34.658,34.41,34.057,33.264,32.416,31.576,30.822,30.063,29.298,28.666,28.06,27.311,27.037,26.504,25.997,25.705,25.368,25.134,24.976,24.84,24.75,24.735,24.666,24.598,24.568,24.53,24.492,24.47,24.462,24.454,24.439,24.401,24.409,24.363,24.341,24.287,24.257,24.242,24.234,24.181,24.211,24.166,24.128,24.143,24.151,24.135,24.128,24.12,24.097,24.09,24.067,24.037,24.029,24.021,24.037,24.029,24.021,23.998,23.991,23.968,23.976,23.968,23.953,23.96,23.968,23.945,23.938,23.938,23.96,23.968,23.968,23.976,23.983,23.976,23.968,23.96,23.953,23.945,23.945,23.93,23.953,23.938,23.93,23.938,23.938,23.945,23.96,23.968,23.96,23.96,23.96,23.938,23.938,23.953,23.945,23.945,23.922,23.922,23.907,23.884,23.892,23.869,23.884,23.907,23.907,23.922,23.93,23.915,23.907,23.899,23.877,23.869,23.861,23.854,23.861,23.861,23.861,23.861,23.854,23.861,23.861,23.861,23.846,23.831,23.838,23.785,23.793,23.777,23.77,23.77,23.77,23.793,23.762,23.77,23.777,23.77,23.777,23.777,23.77,23.785,23.762,23.762,23.739,23.739,23.732,23.755,23.747,23.739,23.709,23.739,23.747,23.739,23.755,23.716,23.755,23.739,23.77,23.724,23.755,23.755,23.747,23.77,23.762,23.739,23.709,23.716,23.701,23.693,23.701,23.716,23.709,23.709,23.701,23.709,23.732,23.747,23.762,23.762,23.747,23.739,23.747,23.716,23.701,23.709,23.747,23.77,23.777,23.762,23.732,23.739,23.724,23.709,23.709,23.686,23.671,23.678,23.678,23.678,23.709,23.709,23.671,23.693,23.663,23.671,23.693,23.701,23.701,23.709,23.678,23.686,23.678,23.686,23.678,23.701,23.709,23.724,23.747,23.732,23.732,23.693,23.716,23.693,23.693,23.686,23.701,23.693,23.732,23.716,23.701,23.678,23.709,23.693,23.716,23.716,23.716,23.724,23.724,23.732,23.739,23.762,23.693,23.701,23.686,23.686,23.686,23.686,23.686,23.693,23.678,23.693,23.701,23.716,23.739,23.724,23.747,23.724,23.724,23.701,23.701,23.686,23.693,23.709
,23.732,23.724,23.739,23.755,23.739,23.739,23.732,23.747,23.747,23.716,23.777,23.785,23.77,23.77,23.777,23.777,23.785,23.785,23.793,23.816,23.808,23.816,23.816,23.8,23.838,23.823,23.831,23.831,23.831,23.831,23.823,23.823,23.808,23.793,23.823,23.793,23.8,23.831,23.831,23.823,23.831,23.816,23.823,23.823,23.816,23.823,23.831,23.816,23.808,23.838,23.838,23.838,23.861,23.854,23.854,23.854,23.831,23.838,23.861,23.846,23.854,23.854,23.861,23.861,23.877,23.854,23.861,23.861,23.854,23.861,23.823,23.846,23.846,23.907,23.884,23.877,23.892,23.877,23.869,23.869,23.861,23.877,23.892,23.892,23.884,23.899,23.899,23.907,23.877,23.938,23.945,23.93,23.915,23.907,23.899,23.907,23.907,23.915,23.922,23.907,23.892,23.892,23.899,23.915,23.869,23.899,23.884,23.899,23.915,23.915,23.922,23.93,23.93,23.922,23.907,23.907,23.907,23.938,23.93,23.945,23.938,23.945,23.93,23.93,23.922,23.922,23.907,23.938,23.915,23.907,23.907,23.907,23.907,23.922,23.93,23.922,23.922,23.938,23.922,23.938,23.938,23.96,23.96,23.938,23.938,23.93,23.938,23.938,23.953,23.953,23.953,23.953,23.945,23.945,23.93,23.938,23.953,23.953,23.96,23.945,23.938,23.945,23.945,23.96,23.976,23.976,23.968,23.991,23.976,23.976,23.976,23.96,23.983,23.976,24.006,24.006,24.006,23.991,23.998,23.991,24.021,24.006,23.998,24.006,24.006,24.014,24.014,24.029,24.029,24.014,24.021,24.029,24.006,23.998,24.006,24.037,24.029,24.037,24.029,24.021,24.029,24.029,24.021,24.037,24.044,24.044,24.037,24.059,24.052,24.037,24.044,24.044,24.037,24.067,24.037,24.037,24.044,24.052,24.037,24.037,24.037,24.037,24.052,24.067,24.059,24.067,24.059,24.067,24.052,24.044,24.059,24.067,24.075,24.09,24.097,24.113,24.12,24.135,24.135,24.143,24.173,24.173,24.204,24.219,24.219,24.219,24.242,24.265,24.28,24.31,24.325,24.356,24.356,24.394,24.394,24.439,24.447,24.477,24.477,24.553,24.538,24.583,24.613,24.682,24.682,24.803,24.871,25.021,25.044,25.134,25.338,25.368,25.45,25.525,25.593,25.638,25.705,25.788,25.832,25.975,26.139,26.793,27.111,27.34,27.972,28.696,29.24,29.991,30.751,31.455,32.191,33.369,33.745,34.368,34.341,33.87,33.585,32.837,32.746,32.472,32.282,31.894,31.887,31.781,31.76,32.085,32.191,32.43,32.655,32.809,32.921,33.068,33.48,34.057,34.265,34.265,34.444,34.417,34.486,34.645,34.734,35.078,35.277,35.352,35.332,35.414,35.462,35.469,35.469,35.428,35.373,35.346,35.284,35.284,35.27,35.263,35.284,35.332,35.366,35.393,35.448,35.524,35.544,35.558,35.51,35.441,35.277,35.174,35.16,35.057,35.037,35.016,35.16,35.14,35.208,35.215,35.078,35.023,34.906,34.892,34.837,34.741,34.872,34.872,34.831,34.762,34.638,34.624,34.479,34.216,33.828,33.431,33.04,32.823,32.395,32.472,32.69,33.054,34.057,34.569,34.341,34.029,33.271,32.318,31.533,30.786,29.976,29.269,28.732,28.009,27.193,26.934,26.429,25.975,25.593,25.503,25.127,24.984,24.878,24.697,24.712,24.636,24.621,24.576,24.523,24.5,24.492,24.462,24.462,24.439,24.401,24.386,24.363,24.325,24.295,24.287,24.257,24.234,24.211,24.181,24.234,24.151,24.151,24.128,24.128,24.135,24.105,24.082,24.067,24.037,24.029,24.029,24.014,24.021,24.014,24.006,23.998,23.983,23.976,23.976,23.976,23.983,23.983,23.968,23.953,23.96,23.968,23.968,23.968,23.991,23.968,23.976,23.96,23.953,23.945,23.96,23.945,23.922,23.922,23.922,23.938,23.945,23.938,23.945,23.945,23.953,23.968,23.945,23.93,23.945,23.945,23.96,23.953,23.945,23.945,23.922,23.892,23.877,23.884,23.892,23.884,23.907,23.922,23.93,23.93,23.93,23.915,23.892,23.869,23.861,23.854,23.854,23.854,23.854,23.861,23.861,23.869,23.869,23.861,23.869,23.854,23.831,23.831,23.8,23.785,23.755,23.762,23.777,23.77,23.785,23.793,23.793,23.785,23.793,23.777,23.785,23.762,23.777,23.77,23.747,23.755,23.747,23.739,23.755,23.755,23.701,23.724,23.739,23.732,23.739,23.732,23.716,23.732,23.755,23.762,23.724,23.732,23.755,23.762,23.777,23.762,23.724,23.709,23.701,23.701,23.701,23.709,23.701,23.693,23.709,23.701,23.732,23.755,23.747,23.762,23.755,23.747,23.747,23.739,23.724,23.724,23.755,23.747,23.747,23.762,23.732,23.739,23.732,23.724,23.716,23.701,23.701,23.693,23.678,23.686,23.693,23.709,23.709,23.701,23.693,23.678,23.686,23.678,23.701,23.716,23.709,23.709,23.701,23.701,23.693,23.693,23.709,23.716,23.693,23.724,23.739,23.716,23.693,23.709,23.693,23.701,23.709,23.724,23.739,23.716,23.701,23.678,23.701,23.716,23.709,23.716,23.716,23.732,23.762,23.732,23.747,23.762,23.755,23.747,23.732,23.693,23.686,23.701,23.686,23.678,23.678,23.655,23.678,23.648,23.678,23.709,23.671,23.701,23.724,23.709,23.678,23.671,23.701,23.686,23.762
,23.716,23.747,23.739,23.755,23.747,23.739,23.739,23.724,23.716,23.747,23.77,23.762,23.785,23.785,23.762,23.762,23.762,23.77,23.8,23.808,23.808,23.823,23.793,23.808,23.808,23.8,23.846,23.854,23.838,23.846,23.823,23.823,23.816,23.816,23.816,23.8,23.808,23.816,23.808,23.816,23.823,23.831,23.831,23.838,23.831,23.8,23.823,23.8,23.808,23.854,23.838,23.838,23.861,23.831,23.861,23.838,23.854,23.861,23.838,23.854,23.869,23.846,23.854,23.816,23.869,23.861,23.869,23.861,23.869,23.846,23.823,23.854,23.831,23.838,23.854,23.869,23.884,23.884,23.861,23.854,23.869,23.884,23.899,23.892,23.892,23.892,23.884,23.915,23.884,23.922,23.93,23.93,23.907,23.892,23.892,23.907,23.892,23.907,23.884,23.899,23.899,23.884,23.899,23.877,23.884,23.899,23.892,23.899,23.907,23.922,23.93,23.93,23.93,23.922,23.922,23.915,23.915,23.915,23.915,23.945,23.953,23.96,23.938,23.915,23.93,23.907,23.915,23.899,23.892,23.907,23.899,23.899,23.907,23.915,23.907,23.922,23.915,23.922,23.93,23.93,23.938,23.945,23.953,23.953,23.938,23.945,23.922,23.953,23.93,23.938,23.945,23.945,23.953,23.945,23.938,23.938,23.953,23.953,23.945,23.945,23.945,23.945,23.96,23.96,23.976,23.983,23.976,23.968,23.968,23.976,23.976,23.976,23.976,23.991,23.991,24.006,23.991,23.998,24.006,23.983,24.006,24.014,24.006,24.014,24.006,24.021,24.029,24.021,24.037,24.037,24.021,24.037,24.037,23.983,24.006,24.014,24.014,24.044,24.037,24.037,24.021,24.029,24.029,24.021,24.059,24.044,24.052,24.044,24.044,24.044,24.037,24.037,24.052,24.052,24.052,24.052,24.052,24.044,24.037,24.044,24.044,24.037,24.052,24.052,24.067,24.067,24.082,24.082,24.052,24.067,24.082,24.105,24.09,24.09,24.12,24.12,24.128,24.151,24.151,24.158,24.173,24.204,24.227,24.242,24.234,24.242,24.257,24.28,24.287,24.318,24.333,24.356,24.386,24.401,24.424,24.439,24.477,24.5,24.53,24.553,24.598,24.613,24.644,24.659,24.803,24.765,24.961,25.052,25.165,25.24,25.338,25.473,25.518,25.563,25.608,25.638,25.713,25.825,25.997,26.191,26.511,26.838,27.554,28.046,28.688,29.001,29.94,30.708,31.505,32.261,33.243,33.501,34.085,34.189,33.543,33.026,32.851,32.795,32.606,32.205,31.986,32.029,32.423,32.613,32.683,32.697,32.704,32.795,32.95,33.082,33.397,33.334,33.404,34.189,34.382,34.396,34.534,34.513,34.803,34.913,35.078,35.154,35.346,35.38,35.448,35.448,35.476,35.482,35.489,35.441,35.38,35.325,35.298,35.284,35.27,35.284,35.298,35.339,35.373,35.441,35.462,35.571,35.558,35.578,35.551,35.524,35.455,35.393,35.229,35.339,35.27,35.202,35.407,35.366,35.489,35.332,35.181,35.092,35.016,34.92,34.961,34.899,34.92,34.927,34.775,34.7,34.617,34.52,34.348,34.23,34.099,33.967,33.362,33.096,32.767,32.536,32.465,32.62,32.921,33.348,34.431,34.099,33.932,33.068,32.24,31.448,30.701,30.027,29.247,28.681,27.752,27.325,26.852,26.333,25.982,25.69,25.277,25.089,24.916,24.787,24.666,24.651,24.613,24.591,24.538,24.523,24.515,24.454,24.454,24.454,24.432,24.409,24.386,24.356,24.318,24.295,24.272,24.249,24.227,24.204,24.181,24.166,24.143,24.151,24.135,24.12,24.12,24.097,24.059,24.044,24.037,24.037,24.021,24.029,24.021,24.021,24.006,23.976,23.991,23.983,23.983,23.983,23.968,23.968,23.983,23.96,23.96,23.96,23.96,23.983,23.968,23.96,23.945,23.968,23.938,23.93,23.953,23.93,23.938,23.938,23.938,23.945,23.938,23.945,23.945,23.945,23.96,23.93,23.953,23.938,23.945,23.93,23.945,23.93,23.915,23.907,23.877,23.899,23.892,23.884,23.907,23.907,23.907,23.922,23.938,23.915,23.922,23.899,23.884,23.854,23.838,23.838,23.846,23.846,23.846,23.854,23.854,23.869,23.869,23.861,23.854,23.838,23.838,23.785,23.8,23.785,23.777,23.793,23.8,23.793,23.8,23.793,23.777,23.785,23.785,23.762,23.739,23.747,23.762,23.755,23.755,23.739,23.747,23.732,23.747,23.724,23.739,23.732,23.732,23.716,23.724,23.716,23.716,23.716,23.755,23.755,23.755,23.762,23.747,23.755,23.755,23.739,23.709,23.686,23.709,23.709,23.701,23.701,23.693,23.709,23.724,23.724,23.724,23.747,23.747,23.755,23.739,23.747,23.777,23.724,23.747,23.755,23.755,23.747,23.716,23.739,23.732,23.724,23.724,23.724,23.716,23.709,23.701,23.693,23.701,23.693,23.701,23.732,23.701,23.732,23.686,23.693,23.701,23.716,23.732,23.716,23.709,23.709,23.686,23.693,23.701,23.693,23.701,23.716,23.678,23.709,23.701,23.709,23.709,23.686,23.686,23.724,23.686,23.732,23.724,23.709,23.716,23.648,23.724,23.686,23.701,23.716,23.693,23.755,23.739,23.755,23.762,23.755,23.755,23.739,23.716,23.686,23.693,23.686,23.671,23.678,23.64,23.686,23.648,23.671,23.693,23.709,23.701,23.686,23.701,23.701,23.693,23.732,23.724,23.785
,23.732,23.724,23.724,23.77,23.747,23.747,23.739,23.732,23.739,23.762,23.762,23.77,23.762,23.739,23.739,23.747,23.755,23.77,23.8,23.808,23.808,23.793,23.793,23.777,23.816,23.808,23.785,23.816,23.831,23.831,23.838,23.831,23.823,23.808,23.808,23.816,23.777,23.808,23.8,23.816,23.831,23.831,23.838,23.838,23.846,23.831,23.793,23.8,23.808,23.823,23.823,23.838,23.846,23.861,23.877,23.838,23.869,23.846,23.838,23.854,23.861,23.861,23.808,23.831,23.846,23.831,23.854,23.838,23.846,23.854,23.854,23.915,23.838,23.831,23.854,23.884,23.877,23.877,23.861,23.861,23.861,23.861,23.877,23.907,23.907,23.877,23.884,23.899,23.922,23.93,23.93,23.892,23.892,23.877,23.877,23.892,23.907,23.907,23.93,23.899,23.892,23.884,23.892,23.884,23.884,23.899,23.892,23.899,23.915,23.915,23.93,23.93,23.922,23.922,23.907,23.907,23.907,23.907,23.938,23.945,23.915,23.945,23.93,23.915,23.915,23.915,23.892,23.899,23.899,23.899,23.915,23.899,23.899,23.915,23.907,23.915,23.915,23.907,23.915,23.93,23.922,23.922,23.945,23.938,23.945,23.96,23.938,23.93,23.96,23.93,23.96,23.953,23.953,23.945,23.93,23.945,23.953,23.968,23.983,23.976,23.953,23.953,23.96,23.968,23.983,23.991,23.983,23.96,23.968,23.96,23.968,23.96,23.983,23.968,23.983,23.998,23.991,23.983,23.991,23.991,24.021,24.006,23.998,24.006,23.998,24.021,24.014,24.021,24.014,24.021,24.029,24.037,24.037,24.021,24.014,24.006,24.006,24.029,24.029,24.021,24.021,24.037,24.021,24.037,24.044,24.029,24.029,24.037,24.021,24.029,24.029,24.037,24.052,24.029,24.067,24.037,24.029,24.037,24.044,24.044,24.044,24.052,24.059,24.059,24.075,24.075,24.075,24.067,24.075,24.067,24.075,24.113,24.097,24.105,24.12,24.105,24.135,24.158,24.158,24.166,24.181,24.204,24.219,24.234,24.242,24.227,24.265,24.272,24.31,24.325,24.363,24.386,24.401,24.416,24.439,24.462,24.492,24.545,24.523,24.591,24.621,24.651,24.659,24.742,24.833,24.938,24.991,25.119,25.338,25.315,25.45,25.563,25.555,25.608,25.645,25.705,25.78,25.862,26.109,26.763,26.912,27.097,28.046,28.564,29.052,29.869,30.622,31.413,32.304,33.208,33.613,33.772,33.911,33.348,32.914,32.858,32.872,32.641,32.261,32.156,32.092,32.233,32.655,32.865,33.431,33.411,33.438,33.459,33.578,33.564,34.022,34.015,34.119,34.105,34.417,34.486,34.569,34.899,34.968,35.105,35.181,35.339,35.428,35.421,35.455,35.455,35.476,35.496,35.496,35.482,35.373,35.366,35.318,35.298,35.291,35.304,35.332,35.359,35.393,35.476,35.503,35.571,35.612,35.619,35.599,35.551,35.612,35.38,35.414,35.435,35.421,35.393,35.489,35.496,35.517,35.407,35.339,35.263,35.112,35.051,34.989,34.941,34.982,34.858,34.796,34.734,34.638,34.534,34.5,34.348,33.779,33.369,33.362,33.068,32.95,32.479,32.451,32.536,32.788,32.823,33.124,34.008,33.995,33.842,33.047,32.134,31.399,30.522,29.89,29.218,28.338,27.833,27.325,26.726,26.288,25.832,25.653,25.255,25.074,25.059,24.727,24.666,24.651,24.621,24.568,24.553,24.507,24.477,24.47,24.447,24.432,24.409,24.386,24.363,24.318,24.28,24.28,24.257,24.234,24.219,24.196,24.173,24.143,24.143,24.135,24.128,24.12,24.097,24.082,24.052,24.044,24.029,24.029,24.021,24.021,23.998,23.991,23.991,23.983,23.991,24.006,24.006,24.006,24.006,23.991,23.983,23.968,23.991,23.96,23.96,23.938,23.953,23.945,23.96,23.945,23.953,23.938,23.922,23.922,23.915,23.922,23.93,23.93,23.938,23.953,23.953,23.953,23.93,23.945,23.938,23.93,23.953,23.938,23.93,23.922,23.899,23.93,23.892,23.877,23.892,23.892,23.915,23.915,23.915,23.922,23.915,23.899,23.877,23.861,23.854,23.838,23.831,23.831,23.838,23.838,23.838,23.854,23.877,23.861,23.861,23.846,23.823,23.831,23.793,23.785,23.762,23.762,23.77,23.8,23.793,23.77,23.793,23.777,23.755,23.77,23.755,23.747,23.732,23.739,23.747,23.747,23.755,23.747,23.747,23.724,23.732,23.739,23.739,23.732,23.732,23.686,23.693,23.693,23.709,23.732,23.747,23.747,23.739,23.739,23.755,23.739,23.732,23.701,23.716,23.701,23.709,23.716,23.701,23.693,23.716,23.716,23.709,23.716,23.716,23.732,23.739,23.732,23.747,23.77,23.709,23.762,23.762,23.739,23.739,23.739,23.747,23.747,23.732,23.724,23.724,23.709,23.709,23.701,23.693,23.709,23.678,23.686,23.686,23.671,23.686,23.686,23.686,23.701,23.701,23.709,23.709,23.709,23.693,23.709,23.686,23.709,23.693,23.701,23.701,23.693,23.663,23.686,23.648,23.663,23.678,23.686,23.709,23.716,23.732,23.716,23.709,23.732,23.709,23.701,23.693,23.686,23.693,23.732,23.724,23.747,23.739,23.747,23.739,23.724,23.716,23.724,23.709,23.686,23.678,23.678,23.671,23.648,23.655,23.663,23.663,23.648,23.686,23.693,23.663,23.732,23.663,23.671,23.732,23.716,23.709
,23.693,23.724,23.785,23.77,23.777,23.739,23.739,23.739,23.732,23.755,23.755,23.755,23.762,23.755,23.77,23.785,23.739,23.77,23.793,23.8,23.8,23.793,23.785,23.755,23.793,23.785,23.8,23.785,23.808,23.846,23.831,23.816,23.816,23.816,23.808,23.785,23.808,23.77,23.808,23.8,23.823,23.838,23.838,23.838,23.838,23.808,23.816,23.816,23.793,23.854,23.854,23.846,23.838,23.854,23.854,23.861,23.861,23.869,23.846,23.846,23.854,23.861,23.869,23.846,23.816,23.831,23.838,23.838,23.846,23.846,23.869,23.831,23.831,23.846,23.877,23.854,23.861,23.869,23.838,23.854,23.838,23.831,23.907,23.877,23.884,23.915,23.884,23.884,23.877,23.892,23.892,23.884,23.884,23.884,23.877,23.892,23.877,23.907,23.907,23.915,23.907,23.869,23.884,23.869,23.877,23.869,23.884,23.892,23.907,23.907,23.915,23.922,23.915,23.907,23.907,23.907,23.915,23.93,23.93,23.938,23.93,23.945,23.938,23.915,23.93,23.899,23.892,23.907,23.892,23.899,23.907,23.899,23.915,23.899,23.907,23.907,23.915,23.907,23.907,23.915,23.922,23.93,23.953,23.945,23.945,23.938,23.938,23.96,23.953,23.945,23.945,23.953,23.945,23.945,23.945,23.938,23.953,23.983,23.976,23.976,23.968,23.96,23.968,23.976,23.983,23.983,23.983,23.968,23.968,23.96,23.953,23.968,23.953,23.976,23.976,23.983,23.998,24.006,23.968,23.968,24.021,23.998,23.976,24.006,23.998,24.006,24.014,24.021,24.014,24.029,24.021,24.021,24.037,24.014,24.021,24.006,24.014,24.021,24.021,24.021,24.029,24.029,24.021,24.044,24.044,24.044,24.037,24.044,24.021,24.029,24.052,24.044,24.044,24.044,24.044,24.052,24.014,24.037,24.044,24.052,24.052,24.059,24.067,24.067,24.075,24.082,24.067,24.082,24.097,24.097,24.105,24.09,24.082,24.097,24.113,24.12,24.143,24.158,24.166,24.173,24.181,24.211,24.249,24.234,24.242,24.249,24.272,24.295,24.31,24.341,24.371,24.379,24.401,24.424,24.432,24.462,24.5,24.53,24.576,24.583,24.674,24.697,24.765,24.795,24.878,25.097,25.119,25.262,25.413,25.503,25.495,25.585,25.638,25.6,25.66,25.788,25.915,25.982,26.318,26.778,27.163,28.024,28.389,29.037,29.89,30.579,31.32,32.142,32.971,33.201,33.466,33.236,33.278,32.928,32.851,32.739,32.613,32.557,32.451,32.24,32.69,33.215,33.445,33.487,33.529,33.536,33.55,33.863,33.974,34.119,34.251,34.209,34.375,34.348,34.569,34.734,34.789,34.899,35.085,35.229,35.352,35.4,35.414,35.455,35.469,35.476,35.489,35.482,35.482,35.462,35.414,35.359,35.325,35.304,35.298,35.311,35.366,35.393,35.476,35.517,35.578,35.619,35.653,35.708,35.667,35.708,35.735,35.776,35.749,35.817,35.804,35.681,35.681,35.619,35.578,35.428,35.51,35.421,35.298,35.4,35.311,35.044,34.989,34.872,34.831,34.872,34.658,34.658,34.279,33.703,33.654,33.285,33.264,33.061,32.936,32.844,32.788,32.627,32.655,32.697,32.809,32.774,33.452,33.932,33.668,32.943,31.986,31.37,30.45,29.847,29.197,28.433,27.833,27.178,26.66,26.191,25.795,25.683,25.052,24.954,24.825,24.704,24.651,24.666,24.606,24.598,24.553,24.5,24.454,24.439,24.439,24.401,24.394,24.379,24.341,24.31,24.287,24.265,24.242,24.234,24.227,24.204,24.173,24.135,24.128,24.12,24.113,24.12,24.082,24.075,24.044,24.037,24.021,24.014,24.006,24.014,23.983,24.006,23.998,23.976,24.006,24.006,23.998,24.006,24.006,23.983,23.991,23.991,23.96,23.915,23.945,23.953,23.953,23.96,23.953,23.945,23.945,23.93,23.945,23.915,23.915,23.922,23.93,23.938,23.945,23.945,23.953,23.938,23.953,23.938,23.938,23.938,23.938,23.945,23.938,23.892,23.915,23.861,23.877,23.899,23.899,23.907,23.915,23.899,23.915,23.899,23.892,23.861,23.846,23.831,23.823,23.831,23.823,23.838,23.846,23.846,23.838,23.854,23.861,23.846,23.869,23.854,23.8,23.793,23.8,23.77,23.77,23.785,23.762,23.8,23.793,23.777,23.762,23.762,23.747,23.777,23.701,23.709,23.755,23.739,23.755,23.77,23.747,23.724,23.732,23.739,23.724,23.724,23.732,23.701,23.693,23.693,23.686,23.693,23.724,23.724,23.739,23.747,23.739,23.762,23.762,23.739,23.732,23.732,23.739,23.724,23.724,23.716,23.732,23.732,23.724,23.777,23.701,23.747,23.716,23.724,23.732,23.732,23.785,23.762,23.747,23.755,23.762,23.739,23.732,23.732,23.716,23.716,23.724,23.716,23.701,23.709,23.701,23.671,23.701,23.686,23.655,23.693,23.701,23.686,23.693,23.693,23.693,23.701,23.716,23.739,23.709,23.709,23.716,23.701,23.716,23.709,23.693,23.671,23.678,23.655,23.648,23.64,23.648,23.671,23.686,23.693,23.693,23.716,23.709,23.762,23.709,23.732,23.724,23.716,23.693,23.693,23.701,23.732,23.724,23.716,23.739,23.709,23.716,23.724,23.701,23.716,23.709,23.693,23.678,23.671,23.655,23.648,23.648,23.648,23.671,23.693,23.701,23.671,23.709,23.724,23.701,23.701,23.709,23.747
,23.716,23.732,23.762,23.777,23.755,23.732,23.739,23.739,23.739,23.762,23.739,23.739,23.762,23.77,23.747,23.747,23.77,23.755,23.785,23.777,23.785,23.793,23.762,23.747,23.793,23.785,23.77,23.785,23.8,23.785,23.838,23.831,23.823,23.816,23.8,23.8,23.793,23.8,23.8,23.808,23.823,23.831,23.838,23.838,23.831,23.808,23.823,23.785,23.808,23.816,23.823,23.861,23.854,23.846,23.877,23.877,23.861,23.846,23.846,23.846,23.861,23.854,23.854,23.861,23.823,23.854,23.838,23.838,23.861,23.846,23.861,23.846,23.854,23.831,23.846,23.854,23.854,23.854,23.816,23.816,23.846,23.823,23.838,23.869,23.892,23.884,23.869,23.877,23.892,23.869,23.884,23.877,23.869,23.877,23.869,23.899,23.892,23.922,23.93,23.907,23.915,23.907,23.869,23.869,23.861,23.877,23.877,23.892,23.892,23.899,23.899,23.892,23.884,23.892,23.899,23.899,23.899,23.922,23.938,23.93,23.945,23.938,23.907,23.922,23.945,23.922,23.915,23.907,23.899,23.899,23.907,23.907,23.915,23.915,23.907,23.899,23.899,23.899,23.907,23.907,23.915,23.922,23.945,23.93,23.96,23.968,23.976,23.945,23.938,23.96,23.945,23.945,23.953,23.953,23.945,23.976,23.96,23.968,23.991,23.983,23.968,23.976,23.976,23.983,23.976,23.976,23.976,23.976,23.96,23.96,23.976,23.96,23.968,23.945,23.953,23.968,23.983,23.991,23.998,23.998,23.991,24.006,23.976,23.991,23.998,23.998,24.006,24.006,24.014,24.021,24.021,24.014,24.029,24.006,24.021,24.014,24.014,24.021,24.021,24.014,24.029,24.021,24.037,24.044,24.037,24.044,24.044,24.044,24.044,24.044,24.044,24.044,24.044,24.052,24.044,24.037,24.052,24.029,24.052,24.052,24.059,24.059,24.075,24.067,24.075,24.082,24.075,24.067,24.067,24.09,24.082,24.09,24.09,24.09,24.12,24.135,24.151,24.166,24.166,24.173,24.189,24.242,24.204,24.219,24.234,24.28,24.257,24.303,24.341,24.348,24.386,24.401,24.416,24.439,24.454,24.477,24.5,24.553,24.583,24.636,24.651,24.712,24.825,24.878,24.923,25.097,25.18,25.292,25.413,25.488,25.518,25.608,25.608,25.623,25.638,25.75,26.057,26.325,26.815,27.229,28.06,28.294,28.776,29.472,30.321,31.292,31.81,32.809,33.061,33.11,32.971,33.047,32.886,32.809,32.879,32.69,32.62,32.55,33.166,33.285,33.438,33.438,33.445,33.689,33.918,34.022,34.029,34.057,34.272,34.348,34.41,34.541,34.61,34.555,34.624,34.796,34.879,34.941,35.27,35.298,35.428,35.435,35.482,35.503,35.476,35.489,35.496,35.489,35.482,35.448,35.373,35.346,35.318,35.311,35.311,35.373,35.38,35.462,35.517,35.578,35.633,35.694,35.735,35.722,35.817,35.81,35.831,35.845,35.865,35.824,35.81,35.831,35.79,35.831,35.66,35.694,35.592,35.64,35.482,35.476,35.537,35.291,35.092,35.009,34.851,34.837,34.7,34.665,34.32,34.036,33.647,33.466,33.285,33.383,33.145,33.222,33.55,33.285,32.984,32.788,32.641,32.515,32.669,33.508,33.8,33.606,32.739,31.916,31.221,30.357,29.616,28.637,28.17,27.465,27.266,26.541,26.124,25.72,25.428,25.187,24.871,24.742,24.712,24.651,24.659,24.553,24.53,24.485,24.432,24.416,24.439,24.416,24.401,24.386,24.333,24.31,24.28,24.265,24.257,24.249,24.242,24.189,24.166,24.158,24.128,24.12,24.12,24.09,24.097,24.067,24.059,24.044,24.037,24.021,24.014,24.014,24.006,24.021,24.014,23.998,24.006,24.014,23.998,24.006,24.006,24.006,23.983,23.93,23.983,23.945,23.953,23.96,23.968,23.96,23.945,23.953,23.96,23.953,23.945,23.938,23.915,23.915,23.922,23.915,23.945,23.922,23.945,23.945,23.938,23.945,23.938,23.93,23.938,23.915,23.938,23.915,23.899,23.854,23.877,23.899,23.892,23.907,23.899,23.899,23.907,23.884,23.884,23.877,23.861,23.854,23.831,23.823,23.831,23.823,23.831,23.838,23.846,23.838,23.838,23.861,23.877,23.861,23.831,23.8,23.785,23.77,23.77,23.77,23.777,23.777,23.77,23.77,23.762,23.755,23.747,23.732,23.732,23.724,23.732,23.77,23.762,23.739,23.777,23.732,23.716,23.732,23.716,23.739,23.724,23.716,23.686,23.678,23.671,23.686,23.701,23.716,23.732,23.755,23.762,23.762,23.747,23.747,23.747,23.739,23.747,23.716,23.732,23.716,23.724,23.709,23.701,23.732,23.739,23.716,23.709,23.709,23.739,23.747,23.755,23.755,23.747,23.716,23.732,23.732,23.716,23.732,23.701,23.732,23.739,23.739,23.732,23.686,23.686,23.724,23.678,23.701,23.686,23.663,23.701,23.671,23.686,23.686,23.701,23.678,23.716,23.724,23.716,23.724,23.724,23.724,23.716,23.701,23.693,23.663,23.663,23.671,23.648,23.632,23.648,23.655,23.655,23.693,23.693,23.686,23.693,23.693,23.701,23.762,23.732,23.701,23.693,23.693,23.701,23.686,23.678,23.701,23.709,23.724,23.724,23.716,23.686,23.709,23.693,23.701,23.693,23.678,23.663,23.701,23.64,23.701,23.671,23.686,23.701,23.686,23.701,23.678,23.686,23.701,23.686,23.655
,23.732,23.701,23.777,23.785,23.785,23.732,23.732,23.747,23.755,23.755,23.716,23.716,23.755,23.739,23.747,23.785,23.777,23.777,23.793,23.777,23.777,23.777,23.8,23.793,23.785,23.785,23.777,23.777,23.793,23.8,23.816,23.816,23.838,23.793,23.8,23.8,23.785,23.8,23.831,23.808,23.823,23.838,23.838,23.854,23.838,23.823,23.838,23.816,23.823,23.808,23.831,23.854,23.854,23.861,23.877,23.884,23.861,23.861,23.846,23.846,23.861,23.861,23.861,23.854,23.838,23.838,23.846,23.869,23.869,23.877,23.846,23.831,23.823,23.831,23.846,23.838,23.838,23.831,23.831,23.816,23.823,23.823,23.823,23.854,23.869,23.869,23.877,23.861,23.854,23.854,23.869,23.861,23.869,23.877,23.884,23.892,23.915,23.915,23.922,23.93,23.915,23.892,23.892,23.884,23.861,23.869,23.869,23.877,23.884,23.884,23.884,23.869,23.877,23.877,23.877,23.892,23.899,23.922,23.93,23.938,23.938,23.938,23.938,23.93,23.922,23.922,23.915,23.922,23.93,23.922,23.915,23.922,23.915,23.922,23.915,23.907,23.892,23.899,23.899,23.915,23.907,23.93,23.945,23.96,23.968,23.96,23.976,23.968,23.976,23.976,23.953,23.96,23.953,23.938,23.945,23.938,23.968,23.983,23.998,23.998,23.976,23.983,23.991,23.983,23.983,23.976,23.976,23.96,23.968,23.96,23.983,23.96,23.968,23.953,23.968,23.976,23.953,23.991,23.991,23.991,23.968,23.983,23.976,23.998,23.983,23.983,24.006,24.006,24.021,24.014,24.021,24.021,24.006,24.006,24.006,24.021,24.006,24.021,24.029,24.037,24.037,24.021,24.044,24.037,24.021,24.052,24.044,24.052,24.067,24.052,24.052,24.052,24.052,24.052,24.052,24.067,24.067,24.067,24.059,24.052,24.059,24.059,24.067,24.075,24.075,24.067,24.067,24.075,24.09,24.082,24.09,24.105,24.09,24.09,24.12,24.135,24.158,24.166,24.173,24.181,24.189,24.227,24.211,24.249,24.265,24.249,24.28,24.31,24.341,24.379,24.409,24.416,24.439,24.454,24.47,24.5,24.53,24.553,24.629,24.644,24.719,24.78,24.878,24.984,25.074,25.165,25.285,25.368,25.518,25.548,25.578,25.615,25.623,25.713,25.765,26.012,26.243,26.941,27.17,27.436,28.229,28.965,29.493,30.163,31.064,31.902,32.788,33.033,32.95,32.957,32.865,32.767,32.781,32.585,32.697,32.739,32.928,33.32,33.487,33.473,33.508,33.932,34.216,34.41,34.375,34.327,34.424,34.596,34.582,34.527,34.582,34.569,34.679,34.769,34.817,34.851,35.016,35.256,35.414,35.462,35.496,35.489,35.517,35.592,35.524,35.524,35.51,35.489,35.428,35.407,35.387,35.352,35.352,35.339,35.339,35.414,35.414,35.517,35.571,35.606,35.701,35.735,35.77,35.831,35.824,35.872,35.872,35.913,35.899,35.926,35.933,35.947,35.94,36.022,35.926,35.783,35.783,35.667,35.612,35.653,35.544,35.53,35.256,35.298,35.057,34.927,34.824,34.727,34.686,34.624,34.272,33.884,33.564,33.515,33.501,34.154,33.779,33.814,33.494,32.991,32.718,32.641,32.43,32.522,33.473,33.946,33.64,32.515,31.873,30.936,30.178,29.233,28.615,28.009,27.436,26.756,26.362,25.96,25.668,25.368,25.067,24.803,24.795,24.735,24.644,24.644,24.568,24.53,24.5,24.462,24.432,24.432,24.409,24.379,24.348,24.318,24.295,24.272,24.257,24.249,24.242,24.211,24.211,24.173,24.151,24.143,24.113,24.12,24.097,24.082,24.052,24.052,24.029,24.029,24.014,24.014,24.014,24.021,24.021,24.006,24.021,24.014,24.021,24.021,24.014,24.021,24.014,23.998,23.998,23.968,23.945,23.968,23.96,23.96,23.96,23.953,23.953,23.938,23.953,23.93,23.922,23.922,23.922,23.945,23.945,23.953,23.945,23.953,23.938,23.922,23.915,23.922,23.938,23.922,23.915,23.899,23.869,23.899,23.877,23.899,23.899,23.899,23.899,23.892,23.892,23.899,23.907,23.892,23.869,23.861,23.823,23.838,23.861,23.838,23.838,23.861,23.831,23.854,23.892,23.854,23.861,23.846,23.8,23.838,23.8,23.777,23.777,23.755,23.762,23.777,23.77,23.762,23.762,23.755,23.762,23.747,23.747,23.755,23.777,23.785,23.755,23.777,23.739,23.762,23.755,23.747,23.739,23.747,23.724,23.709,23.671,23.671,23.678,23.693,23.701,23.709,23.739,23.762,23.755,23.77,23.747,23.747,23.755,23.762,23.755,23.747,23.732,23.724,23.724,23.716,23.732,23.709,23.716,23.716,23.701,23.724,23.716,23.724,23.739,23.739,23.762,23.747,23.739,23.739,23.739,23.724,23.724,23.732,23.747,23.724,23.693,23.686,23.686,23.663,23.716,23.693,23.686,23.678,23.709,23.693,23.671,23.693,23.686,23.686,23.701,23.686,23.724,23.724,23.732,23.732,23.716,23.701,23.701,23.678,23.693,23.655,23.625,23.632,23.655,23.663,23.678,23.686,23.663,23.678,23.686,23.709,23.709,23.709,23.693,23.693,23.693,23.693,23.716,23.716,23.701,23.716,23.701,23.701,23.701,23.716,23.709,23.701,23.701,23.693,23.686,23.678,23.678,23.648,23.663,23.693,23.716,23.701,23.716,23.732,23.724,23.701,23.678,23.709,23.686,23.663
,23.732,23.739,23.724,23.739,23.77,23.724,23.739,23.732,23.724,23.739,23.739,23.716,23.686,23.739,23.747,23.777,23.755,23.785,23.785,23.793,23.777,23.77,23.8,23.785,23.777,23.793,23.777,23.762,23.777,23.785,23.8,23.808,23.831,23.808,23.8,23.816,23.808,23.823,23.823,23.846,23.854,23.838,23.838,23.838,23.831,23.823,23.838,23.831,23.838,23.823,23.846,23.831,23.846,23.884,23.877,23.877,23.869,23.854,23.854,23.846,23.846,23.861,23.869,23.877,23.861,23.854,23.854,23.877,23.877,23.861,23.838,23.838,23.838,23.831,23.831,23.846,23.838,23.831,23.838,23.838,23.838,23.831,23.838,23.854,23.884,23.892,23.869,23.877,23.884,23.869,23.869,23.861,23.854,23.892,23.892,23.945,23.915,23.915,23.915,23.915,23.915,23.899,23.877,23.884,23.861,23.869,23.877,23.877,23.869,23.869,23.869,23.869,23.877,23.884,23.884,23.907,23.915,23.922,23.922,23.938,23.945,23.938,23.93,23.93,23.938,23.93,23.938,23.922,23.93,23.922,23.922,23.93,23.922,23.922,23.907,23.892,23.892,23.899,23.907,23.915,23.915,23.945,23.953,23.96,23.976,23.968,23.976,23.983,23.976,23.968,23.953,23.96,23.953,23.922,23.953,23.968,23.96,23.953,23.976,23.991,24.006,23.998,23.983,23.983,23.991,23.983,23.983,23.983,23.968,23.968,23.976,23.976,23.983,23.983,23.968,23.968,23.976,23.976,24.006,23.991,24.021,23.991,23.983,23.983,23.991,23.998,24.006,24.029,24.037,24.021,24.014,24.006,24.006,24.014,24.014,24.021,24.014,24.021,24.021,24.029,24.044,24.052,24.052,24.059,24.067,24.052,24.075,24.075,24.075,24.067,24.059,24.059,24.059,24.052,24.052,24.052,24.052,24.082,24.059,24.067,24.067,24.075,24.075,24.059,24.075,24.059,24.082,24.09,24.097,24.097,24.097,24.097,24.113,24.105,24.113,24.151,24.166,24.181,24.189,24.196,24.204,24.219,24.211,24.219,24.303,24.265,24.295,24.348,24.348,24.394,24.439,24.439,24.462,24.462,24.47,24.523,24.56,24.583,24.636,24.636,24.689,24.848,24.878,25.044,25.097,25.247,25.353,25.473,25.563,25.585,25.623,25.608,25.63,25.713,25.907,26.28,26.778,27.06,27.789,28.17,28.666,29.443,30.063,30.929,31.725,32.592,32.893,32.872,32.788,32.816,32.634,32.655,32.585,32.578,32.725,32.95,32.971,33.438,33.619,33.606,34.265,34.348,34.348,34.638,34.858,34.837,34.886,34.837,34.782,34.775,34.803,34.796,34.762,34.872,34.975,35.195,35.435,35.482,35.571,35.537,35.599,35.585,35.653,35.647,35.599,35.558,35.537,35.51,35.482,35.448,35.4,35.373,35.366,35.366,35.387,35.448,35.503,35.537,35.612,35.633,35.701,35.722,35.804,35.858,35.865,35.954,35.96,35.96,35.96,35.967,36.056,36.069,36.104,36.097,36.042,36.001,35.906,35.824,35.735,35.708,35.633,35.578,35.558,35.435,35.38,35.195,34.941,34.989,34.755,34.61,34.458,34.279,34.285,34.265,34.672,34.479,34.389,34.195,33.849,33.981,33.257,32.893,32.592,32.451,32.409,33.089,33.849,33.341,32.494,31.583,30.836,30.178,29.342,28.586,27.95,27.266,26.615,26.399,25.967,25.398,25.345,24.908,24.848,24.795,24.682,24.651,24.613,24.553,24.545,24.47,24.47,24.447,24.416,24.371,24.363,24.325,24.303,24.295,24.272,24.249,24.242,24.204,24.196,24.189,24.158,24.151,24.143,24.113,24.097,24.097,24.082,24.067,24.044,24.044,24.021,24.021,24.021,24.029,24.044,24.006,23.998,23.991,23.998,24.014,24.006,24.006,24.021,23.983,23.983,23.998,23.991,23.983,23.976,23.968,23.96,23.991,23.968,23.945,23.96,23.945,23.938,23.938,23.938,23.945,23.938,23.945,23.938,23.922,23.93,23.938,23.922,23.922,23.922,23.915,23.899,23.884,23.869,23.869,23.892,23.892,23.915,23.899,23.899,23.899,23.915,23.907,23.945,23.869,23.861,23.869,23.869,23.861,23.846,23.846,23.838,23.899,23.831,23.861,23.877,23.854,23.854,23.854,23.831,23.816,23.793,23.77,23.785,23.77,23.762,23.762,23.77,23.762,23.77,23.77,23.755,23.77,23.77,23.762,23.77,23.77,23.77,23.785,23.8,23.762,23.762,23.762,23.747,23.739,23.732,23.724,23.716,23.693,23.693,23.693,23.701,23.701,23.724,23.755,23.762,23.762,23.755,23.755,23.762,23.747,23.747,23.739,23.739,23.716,23.716,23.709,23.724,23.747,23.716,23.716,23.716,23.724,23.724,23.724,23.762,23.739,23.709,23.739,23.739,23.732,23.732,23.724,23.732,23.732,23.686,23.716,23.747,23.678,23.739,23.716,23.693,23.701,23.747,23.671,23.693,23.663,23.693,23.693,23.686,23.693,23.655,23.701,23.739,23.739,23.724,23.701,23.709,23.701,23.686,23.671,23.663,23.648,23.655,23.671,23.678,23.678,23.655,23.678,23.678,23.663,23.709,23.709,23.701,23.709,23.693,23.686,23.709,23.693,23.693,23.724,23.739,23.709,23.716,23.693,23.701,23.709,23.716,23.716,23.701,23.693,23.678,23.671,23.671,23.678,23.686,23.701,23.678,23.716,23.724,23.701,23.709,23.701,23.678,23.686,23.686,23.671
,23.724,23.716,23.716,23.732,23.762,23.716,23.732,23.709,23.724,23.755,23.747,23.739,23.701,23.724,23.716,23.755,23.777,23.77,23.8,23.785,23.785,23.777,23.785,23.77,23.785,23.785,23.785,23.785,23.762,23.777,23.8,23.816,23.823,23.823,23.808,23.793,23.808,23.831,23.823,23.838,23.838,23.846,23.838,23.831,23.816,23.838,23.838,23.838,23.823,23.808,23.861,23.877,23.854,23.869,23.869,23.869,23.884,23.877,23.854,23.838,23.838,23.838,23.869,23.861,23.869,23.846,23.877,23.861,23.861,23.861,23.846,23.846,23.884,23.838,23.838,23.831,23.838,23.846,23.838,23.861,23.838,23.854,23.884,23.861,23.884,23.884,23.869,23.884,23.884,23.884,23.899,23.861,23.846,23.892,23.915,23.922,23.945,23.915,23.922,23.922,23.907,23.899,23.899,23.884,23.877,23.869,23.869,23.869,23.869,23.861,23.854,23.869,23.884,23.892,23.907,23.915,23.899,23.915,23.938,23.938,23.938,23.938,23.945,23.945,23.945,23.945,23.945,23.953,23.945,23.93,23.938,23.93,23.93,23.922,23.907,23.899,23.899,23.899,23.915,23.907,23.938,23.953,23.953,23.968,23.968,23.968,23.968,23.976,23.991,23.991,23.983,23.976,23.968,23.93,23.953,23.968,23.953,23.976,23.991,23.976,23.983,23.991,23.976,23.976,23.998,24.006,23.998,23.983,23.983,23.991,23.991,23.991,23.998,23.976,23.983,23.976,23.968,23.983,23.998,23.998,24.029,24.014,23.998,23.998,23.991,23.998,23.998,24.029,24.029,24.044,24.006,24.006,23.998,23.998,24.014,24.021,24.021,24.021,24.021,24.014,24.052,24.059,24.075,24.059,24.052,24.075,24.082,24.075,24.075,24.075,24.067,24.067,24.052,24.044,24.059,24.059,24.052,24.059,24.075,24.067,24.067,24.075,24.067,24.075,24.059,24.067,24.067,24.059,24.09,24.113,24.105,24.12,24.105,24.113,24.158,24.158,24.173,24.189,24.204,24.227,24.211,24.219,24.257,24.265,24.295,24.303,24.348,24.379,24.401,24.439,24.454,24.477,24.47,24.5,24.523,24.553,24.598,24.636,24.651,24.712,24.795,24.893,25.029,25.082,25.187,25.3,25.398,25.525,25.555,25.63,25.645,25.69,25.795,26.004,26.004,26.652,27.074,27.524,27.98,28.601,29.37,30.12,30.686,31.774,32.627,32.886,32.795,32.844,32.837,32.655,32.627,32.592,32.991,33.222,33.397,33.633,33.828,33.738,34.008,34.417,34.534,34.837,34.934,34.982,34.927,34.954,35.119,35.112,35.195,35.133,35.037,35.14,35.256,35.222,35.263,35.366,35.489,35.674,35.729,35.756,35.735,35.749,35.701,35.688,35.66,35.619,35.585,35.524,35.496,35.441,35.421,35.428,35.435,35.414,35.469,35.469,35.489,35.537,35.619,35.653,35.708,35.756,35.824,35.865,35.96,35.974,35.995,36.008,36.001,36.056,36.138,36.185,36.178,36.165,36.192,36.042,35.913,35.872,35.851,35.783,35.749,35.749,35.571,35.592,35.455,35.311,35.215,35.202,35.174,35.044,35.009,34.803,34.886,34.982,34.872,34.672,34.748,34.624,34.451,34.23,33.974,33.682,33.487,32.971,32.592,32.402,32.957,33.626,33.264,32.508,31.484,30.736,30.02,28.957,28.44,27.98,27.111,26.563,26.251,25.96,25.255,25.059,24.878,24.886,24.704,24.651,24.613,24.613,24.553,24.485,24.454,24.47,24.432,24.394,24.363,24.341,24.318,24.303,24.28,24.249,24.249,24.227,24.204,24.196,24.166,24.158,24.143,24.12,24.113,24.105,24.082,24.09,24.082,24.067,24.059,24.037,24.037,24.037,24.006,24.021,24.006,23.998,23.991,23.998,24.014,23.998,24.029,24.014,24.014,24.021,23.998,23.983,23.968,23.968,23.976,23.945,23.968,23.96,23.945,23.915,23.96,23.945,23.945,23.945,23.938,23.922,23.93,23.915,23.922,23.922,23.922,23.922,23.915,23.869,23.907,23.899,23.884,23.861,23.884,23.899,23.907,23.915,23.907,23.938,23.915,23.93,23.915,23.877,23.884,23.869,23.869,23.861,23.846,23.838,23.846,23.861,23.854,23.877,23.861,23.861,23.861,23.861,23.831,23.816,23.816,23.808,23.785,23.777,23.762,23.77,23.785,23.785,23.785,23.762,23.762,23.777,23.77,23.793,23.785,23.777,23.793,23.8,23.793,23.762,23.762,23.732,23.739,23.747,23.732,23.716,23.724,23.701,23.709,23.701,23.724,23.716,23.739,23.739,23.747,23.755,23.747,23.747,23.747,23.739,23.747,23.732,23.709,23.709,23.716,23.701,23.709,23.716,23.716,23.739,23.732,23.716,23.716,23.709,23.724,23.739,23.739,23.739,23.732,23.739,23.716,23.724,23.724,23.732,23.732,23.724,23.724,23.716,23.701,23.724,23.716,23.732,23.739,23.686,23.648,23.693,23.671,23.701,23.693,23.678,23.709,23.709,23.716,23.663,23.701,23.709,23.709,23.686,23.693,23.671,23.655,23.686,23.701,23.686,23.686,23.663,23.671,23.686,23.701,23.663,23.709,23.709,23.716,23.724,23.709,23.678,23.686,23.716,23.701,23.709,23.716,23.709,23.693,23.716,23.693,23.716,23.709,23.709,23.693,23.617,23.693,23.678,23.678,23.693,23.663,23.701,23.716,23.724,23.724,23.732,23.716,23.716,23.701,23.701,23.686,23.671
,23.693,23.739,23.762,23.724,23.724,23.739,23.739,23.716,23.716,23.732,23.747,23.739,23.724,23.732,23.732,23.762,23.777,23.785,23.793,23.77,23.77,23.777,23.777,23.777,23.793,23.808,23.793,23.777,23.762,23.762,23.785,23.8,23.808,23.816,23.816,23.785,23.808,23.816,23.816,23.846,23.838,23.831,23.838,23.823,23.816,23.816,23.823,23.838,23.869,23.861,23.877,23.854,23.854,23.884,23.899,23.907,23.899,23.854,23.854,23.831,23.838,23.838,23.823,23.838,23.861,23.854,23.861,23.869,23.861,23.846,23.846,23.846,23.846,23.854,23.846,23.854,23.846,23.854,23.854,23.861,23.869,23.869,23.884,23.899,23.877,23.869,23.877,23.884,23.899,23.861,23.899,23.892,23.877,23.892,23.899,23.922,23.93,23.922,23.907,23.907,23.907,23.907,23.899,23.892,23.877,23.869,23.877,23.869,23.869,23.869,23.869,23.877,23.877,23.899,23.907,23.915,23.915,23.915,23.938,23.953,23.945,23.945,23.953,23.968,23.953,23.953,23.938,23.953,23.953,23.938,23.93,23.922,23.938,23.907,23.907,23.922,23.907,23.907,23.922,23.922,23.93,23.938,23.938,23.953,23.953,23.968,23.976,23.983,23.991,23.991,23.976,23.983,23.953,23.96,23.96,23.945,23.93,23.968,23.976,23.991,23.976,23.976,23.991,23.976,24.006,24.006,24.006,23.998,23.998,23.976,23.983,23.983,24.006,23.991,23.976,23.976,23.983,24.006,23.998,24.029,24.014,24.029,24.014,24.006,23.998,24.014,23.991,24.021,24.052,24.037,24.006,24.006,23.998,23.998,24.014,24.021,24.029,24.029,24.029,24.021,24.052,24.052,24.097,24.09,24.075,24.075,24.075,24.09,24.075,24.082,24.082,24.075,24.052,24.044,24.052,24.037,24.059,24.067,24.075,24.067,24.082,24.082,24.082,24.075,24.059,24.059,24.067,24.075,24.097,24.105,24.12,24.128,24.143,24.158,24.151,24.166,24.181,24.204,24.211,24.249,24.242,24.249,24.265,24.303,24.295,24.318,24.295,24.386,24.409,24.439,24.454,24.477,24.485,24.507,24.538,24.576,24.591,24.659,24.704,24.757,24.878,25.006,25.059,25.127,25.232,25.45,25.473,25.533,25.593,25.645,25.653,25.84,25.818,26.183,26.34,26.815,27.517,27.906,28.674,29.052,29.976,30.543,31.604,32.395,32.662,32.851,32.781,32.795,32.781,32.655,32.788,33.124,33.431,33.807,34.085,34.451,34.451,34.617,34.755,34.796,35.023,35.126,35.119,35.208,35.277,35.339,35.332,35.318,35.208,35.38,35.311,35.332,35.311,35.4,35.393,35.53,35.565,35.845,35.838,35.845,35.831,35.783,35.749,35.776,35.722,35.688,35.633,35.578,35.551,35.489,35.476,35.428,35.524,35.489,35.53,35.51,35.51,35.578,35.585,35.66,35.722,35.776,35.845,35.913,35.967,35.995,36.029,36.056,36.056,36.144,36.199,36.206,36.267,36.226,36.158,36.11,36.056,35.967,35.906,35.865,35.838,35.763,35.735,35.674,35.674,35.462,35.4,35.476,35.366,35.284,35.304,35.105,35.078,35.208,35.057,34.968,34.989,34.968,34.769,34.686,34.438,34.507,33.974,33.633,33.313,32.914,32.43,32.936,33.557,33.201,32.177,31.2,30.658,29.595,28.885,28.141,27.591,27.023,26.437,26.064,25.48,25.172,25.014,24.833,24.765,24.697,24.674,24.598,24.568,24.515,24.5,24.47,24.454,24.409,24.379,24.356,24.325,24.325,24.287,24.287,24.257,24.242,24.234,24.211,24.196,24.173,24.158,24.158,24.143,24.12,24.113,24.105,24.097,24.075,24.037,24.021,24.052,24.059,24.059,23.991,24.006,23.983,23.976,23.998,24.006,24.014,24.029,24.021,24.021,24.014,23.998,24.006,23.983,23.983,23.968,23.976,23.945,23.922,23.915,23.915,23.93,23.96,23.96,23.945,23.938,23.938,23.915,23.922,23.915,23.922,23.922,23.922,23.922,23.892,23.892,23.877,23.877,23.892,23.892,23.892,23.899,23.907,23.915,23.922,23.938,23.93,23.907,23.899,23.884,23.877,23.854,23.861,23.846,23.861,23.854,23.854,23.861,23.838,23.861,23.899,23.854,23.846,23.838,23.816,23.808,23.8,23.793,23.8,23.793,23.777,23.77,23.8,23.777,23.77,23.785,23.785,23.793,23.785,23.793,23.793,23.785,23.8,23.793,23.77,23.777,23.755,23.732,23.732,23.724,23.739,23.716,23.747,23.709,23.709,23.724,23.716,23.732,23.739,23.739,23.755,23.755,23.739,23.739,23.739,23.724,23.716,23.716,23.709,23.701,23.701,23.716,23.701,23.732,23.732,23.724,23.709,23.709,23.709,23.724,23.739,23.747,23.747,23.732,23.755,23.747,23.709,23.709,23.724,23.693,23.716,23.739,23.709,23.732,23.724,23.724,23.686,23.701,23.686,23.678,23.693,23.678,23.693,23.671,23.686,23.686,23.693,23.671,23.678,23.678,23.686,23.671,23.693,23.678,23.678,23.678,23.686,23.693,23.686,23.693,23.678,23.678,23.678,23.693,23.709,23.709,23.716,23.693,23.716,23.693,23.693,23.693,23.686,23.701,23.701,23.716,23.709,23.732,23.724,23.716,23.724,23.693,23.678,23.701,23.686,23.671,23.663,23.671,23.655,23.709,23.732,23.732,23.724,23.732,23.724,23.724,23.716,23.709,23.701,23.693,23.693
,23.693,23.755,23.739,23.747,23.739,23.732,23.724,23.716,23.747,23.785,23.755,23.747,23.755,23.755,23.732,23.755,23.77,23.785,23.77,23.793,23.762,23.8,23.785,23.777,23.793,23.793,23.777,23.793,23.77,23.77,23.77,23.793,23.8,23.808,23.808,23.808,23.8,23.8,23.823,23.831,23.831,23.838,23.831,23.823,23.816,23.823,23.816,23.846,23.854,23.861,23.877,23.854,23.884,23.892,23.899,23.892,23.869,23.808,23.838,23.831,23.823,23.831,23.816,23.838,23.846,23.854,23.861,23.861,23.854,23.854,23.846,23.846,23.854,23.861,23.869,23.869,23.877,23.877,23.846,23.884,23.884,23.877,23.884,23.877,23.892,23.877,23.892,23.884,23.884,23.892,23.892,23.892,23.877,23.915,23.93,23.953,23.915,23.915,23.915,23.915,23.907,23.907,23.892,23.884,23.884,23.877,23.884,23.869,23.877,23.869,23.884,23.892,23.907,23.915,23.907,23.93,23.922,23.968,23.953,23.945,23.953,23.991,23.96,23.953,23.953,23.96,23.945,23.968,23.938,23.93,23.93,23.915,23.945,23.93,23.922,23.915,23.907,23.922,23.93,23.922,23.915,23.93,23.938,23.938,23.953,23.953,23.968,23.976,23.968,23.983,23.983,23.983,23.983,23.968,23.953,23.976,23.945,23.968,23.976,23.991,23.976,23.976,23.976,23.983,23.998,24.006,24.006,24.006,23.991,23.976,23.991,23.991,23.998,23.991,23.983,23.998,23.983,24.021,24.006,24.021,24.021,24.006,24.014,24.014,24.021,24.014,23.983,24.021,24.021,24.037,24.014,24.014,24.006,24.021,24.021,24.029,24.029,24.006,24.029,24.037,24.044,24.059,24.082,24.09,24.097,24.097,24.075,24.082,24.075,24.075,24.082,24.075,24.059,24.059,24.059,24.059,24.052,24.075,24.075,24.075,24.082,24.082,24.075,24.082,24.059,24.059,24.067,24.075,24.097,24.113,24.128,24.135,24.143,24.158,24.173,24.166,24.189,24.219,24.227,24.234,24.242,24.249,24.257,24.287,24.295,24.31,24.356,24.409,24.416,24.454,24.454,24.485,24.507,24.5,24.56,24.598,24.621,24.697,24.727,24.795,24.984,25.074,25.082,25.172,25.413,25.443,25.51,25.563,25.585,25.63,25.705,25.758,25.892,26.273,26.852,27.377,27.796,28.053,28.95,29.825,30.543,31.491,32.127,32.487,32.816,32.858,32.865,32.865,32.865,33.585,33.626,33.953,34.327,34.555,34.693,34.72,34.713,34.831,35.133,35.167,35.215,35.393,35.325,35.496,35.517,35.393,35.551,35.51,35.476,35.53,35.421,35.544,35.599,35.619,35.599,35.763,35.926,35.886,35.817,35.988,35.899,35.851,35.831,35.783,35.783,35.776,35.66,35.708,35.585,35.551,35.571,35.544,35.558,35.565,35.565,35.558,35.53,35.578,35.653,35.681,35.735,35.797,35.851,35.913,35.981,36.015,36.042,36.076,36.131,36.185,36.233,36.26,36.267,36.274,36.28,36.206,36.131,36.104,36.097,35.872,35.81,35.804,35.763,35.749,35.729,35.674,35.571,35.592,35.448,35.51,35.482,35.387,35.291,35.25,35.202,35.133,35.092,35.057,35.023,34.968,34.831,34.734,34.7,34.348,33.856,33.194,32.809,32.416,32.991,33.522,32.928,31.739,31.043,30.127,29.407,28.652,28.068,27.274,26.771,26.325,25.907,25.36,25.21,25.014,24.938,24.78,24.727,24.644,24.629,24.553,24.507,24.523,24.47,24.432,24.409,24.386,24.363,24.341,24.303,24.303,24.28,24.249,24.234,24.219,24.204,24.189,24.158,24.151,24.151,24.128,24.128,24.135,24.097,24.067,24.037,24.044,24.014,24.037,24.006,24.006,23.998,23.976,23.991,23.96,23.998,23.998,24.006,24.014,24.014,24.021,23.998,23.991,23.976,23.976,23.968,23.96,23.953,23.938,23.938,23.922,23.945,23.938,23.945,23.953,23.945,23.93,23.93,23.915,23.93,23.922,23.922,23.915,23.907,23.892,23.899,23.899,23.915,23.915,23.907,23.899,23.899,23.915,23.915,23.938,23.922,23.938,23.915,23.899,23.892,23.884,23.884,23.854,23.854,23.838,23.831,23.838,23.838,23.846,23.854,23.869,23.838,23.854,23.831,23.816,23.8,23.808,23.808,23.793,23.8,23.793,23.8,23.816,23.777,23.77,23.762,23.785,23.785,23.785,23.785,23.785,23.793,23.8,23.808,23.793,23.793,23.77,23.755,23.739,23.732,23.724,23.732,23.724,23.724,23.716,23.724,23.716,23.724,23.739,23.739,23.755,23.747,23.739,23.732,23.732,23.724,23.716,23.716,23.709,23.701,23.709,23.716,23.709,23.739,23.716,23.724,23.716,23.716,23.709,23.724,23.716,23.747,23.747,23.747,23.732,23.709,23.693,23.686,23.678,23.671,23.739,23.716,23.686,23.693,23.716,23.686,23.716,23.701,23.732,23.716,23.678,23.709,23.686,23.671,23.663,23.678,23.663,23.671,23.709,23.671,23.678,23.671,23.678,23.663,23.655,23.663,23.671,23.671,23.686,23.709,23.686,23.686,23.686,23.678,23.693,23.724,23.701,23.693,23.686,23.739,23.693,23.693,23.686,23.701,23.709,23.724,23.724,23.739,23.747,23.739,23.686,23.686,23.64,23.678,23.693,23.686,23.671,23.693,23.693,23.709,23.739,23.716,23.724,23.724,23.732,23.716,23.724,23.716,23.709,23.701,23.701
,23.64,23.671,23.739,23.732,23.739,23.709,23.732,23.732,23.732,23.747,23.739,23.77,23.755,23.724,23.732,23.739,23.793,23.793,23.785,23.762,23.755,23.77,23.755,23.785,23.785,23.777,23.793,23.77,23.77,23.762,23.762,23.8,23.785,23.808,23.785,23.793,23.793,23.8,23.785,23.8,23.823,23.816,23.816,23.823,23.816,23.808,23.823,23.831,23.854,23.861,23.846,23.869,23.861,23.861,23.884,23.846,23.877,23.831,23.846,23.793,23.808,23.808,23.808,23.823,23.823,23.838,23.846,23.861,23.846,23.854,23.854,23.869,23.854,23.854,23.869,23.861,23.854,23.854,23.846,23.854,23.869,23.869,23.877,23.869,23.877,23.892,23.884,23.899,23.899,23.877,23.877,23.892,23.877,23.892,23.884,23.922,23.93,23.922,23.907,23.899,23.907,23.907,23.899,23.892,23.869,23.877,23.869,23.869,23.884,23.892,23.892,23.884,23.892,23.907,23.93,23.93,23.915,23.945,23.968,23.953,23.983,23.976,23.983,23.968,23.96,23.968,23.945,23.945,23.93,23.938,23.93,23.915,23.938,23.93,23.922,23.93,23.922,23.922,23.945,23.93,23.93,23.938,23.93,23.907,23.945,23.96,23.96,23.976,23.968,23.983,23.991,23.976,23.991,23.96,23.945,23.96,23.968,23.976,23.983,23.976,23.991,23.991,23.983,23.983,23.991,24.006,23.998,24.006,23.983,23.991,23.991,23.998,23.983,23.983,23.968,23.998,23.991,24.044,24.029,24.021,24.021,24.029,24.021,24.029,24.014,24.021,24.021,24.014,24.014,24.037,24.014,24.006,24.014,24.029,24.021,24.037,24.029,24.037,24.037,24.037,24.044,24.052,24.075,24.075,24.075,24.09,24.075,24.067,24.082,24.09,24.097,24.082,24.075,24.082,24.059,24.059,24.075,24.067,24.075,24.082,24.075,24.09,24.09,24.09,24.075,24.067,24.082,24.09,24.105,24.105,24.105,24.12,24.151,24.158,24.166,24.181,24.196,24.204,24.234,24.257,24.249,24.287,24.272,24.303,24.325,24.318,24.356,24.386,24.424,24.439,24.462,24.477,24.507,24.53,24.591,24.598,24.682,24.704,24.787,24.871,24.969,25.157,25.195,25.308,25.443,25.488,25.525,25.608,25.615,25.66,25.72,26.019,26.139,26.637,26.971,27.605,28.221,28.856,29.45,30.285,31.157,31.887,32.367,32.634,32.746,32.921,32.943,32.9,33.397,33.71,34.202,34.279,34.679,34.755,35.016,34.92,35.03,35.25,35.387,35.25,35.298,35.537,35.606,35.565,35.66,35.592,35.653,35.674,35.66,35.606,35.558,35.606,35.64,35.667,35.756,35.933,35.974,36.015,36.069,36.029,36.151,36.015,35.94,35.851,35.831,35.838,35.756,35.749,35.66,35.626,35.606,35.578,35.612,35.606,35.606,35.612,35.606,35.633,35.66,35.688,35.735,35.797,35.858,35.913,36.001,36.029,36.076,36.09,36.165,36.226,36.226,36.294,36.314,36.301,36.28,36.24,36.178,36.158,36.042,35.974,35.892,35.845,35.824,35.797,35.763,35.735,35.674,35.619,35.585,35.544,35.51,35.462,35.359,35.325,35.25,35.181,35.16,35.112,35.078,34.968,34.996,34.899,34.769,34.41,34.182,33.932,33.327,32.774,32.718,33.39,33.404,32.732,31.633,30.851,30.027,29.197,28.112,27.671,27.215,26.615,26.079,25.75,25.503,25.157,24.991,24.78,24.727,24.689,24.636,24.598,24.568,24.53,24.485,24.454,24.409,24.401,24.379,24.356,24.341,24.318,24.303,24.272,24.265,24.234,24.219,24.189,24.189,24.173,24.151,24.151,24.128,24.105,24.09,24.059,24.052,24.029,24.006,24.014,24.006,24.014,23.983,23.983,23.983,23.983,23.96,23.983,24.006,24.021,23.998,24.006,23.976,23.96,23.968,23.96,23.953,23.96,23.953,23.938,23.922,23.938,23.938,23.938,23.938,23.938,23.938,23.938,23.915,23.93,23.922,23.922,23.922,23.93,23.915,23.907,23.892,23.915,23.899,23.907,23.907,23.907,23.899,23.907,23.922,23.915,23.922,23.922,23.915,23.892,23.899,23.892,23.861,23.854,23.831,23.823,23.816,23.816,23.823,23.838,23.846,23.854,23.877,23.831,23.838,23.831,23.808,23.808,23.808,23.793,23.8,23.823,23.793,23.77,23.762,23.77,23.755,23.762,23.785,23.8,23.793,23.8,23.793,23.823,23.823,23.8,23.785,23.77,23.747,23.747,23.739,23.724,23.732,23.732,23.724,23.716,23.724,23.732,23.739,23.732,23.732,23.747,23.755,23.739,23.732,23.724,23.724,23.724,23.709,23.709,23.701,23.701,23.709,23.724,23.716,23.724,23.724,23.716,23.709,23.709,23.716,23.716,23.747,23.747,23.739,23.716,23.716,23.701,23.678,23.678,23.701,23.693,23.693,23.701,23.671,23.701,23.693,23.739,23.693,23.716,23.686,23.686,23.655,23.655,23.693,23.678,23.686,23.671,23.671,23.693,23.663,23.671,23.693,23.686,23.701,23.678,23.671,23.693,23.686,23.716,23.716,23.709,23.709,23.701,23.716,23.693,23.693,23.709,23.701,23.709,23.701,23.671,23.686,23.678,23.686,23.716,23.716,23.732,23.747,23.747,23.701,23.701,23.693,23.671,23.678,23.678,23.693,23.671,23.663,23.693,23.716,23.724,23.739,23.724,23.732,23.732,23.732,23.732,23.709,23.709,23.716,23.709
,23.716,23.678,23.739,23.709,23.701,23.686,23.709,23.716,23.693,23.732,23.777,23.739,23.762,23.747,23.732,23.709,23.777,23.739,23.747,23.793,23.77,23.777,23.777,23.777,23.808,23.77,23.793,23.777,23.762,23.777,23.747,23.762,23.762,23.777,23.793,23.785,23.793,23.793,23.8,23.8,23.823,23.816,23.823,23.823,23.831,23.838,23.831,23.823,23.831,23.846,23.854,23.877,23.854,23.884,23.869,23.854,23.861,23.831,23.8,23.831,23.816,23.823,23.838,23.816,23.838,23.854,23.846,23.861,23.854,23.846,23.838,23.831,23.846,23.838,23.846,23.869,23.869,23.877,23.869,23.869,23.854,23.861,23.854,23.869,23.877,23.884,23.892,23.884,23.907,23.899,23.899,23.899,23.884,23.899,23.877,23.884,23.915,23.907,23.907,23.899,23.907,23.899,23.899,23.892,23.884,23.877,23.877,23.884,23.892,23.899,23.892,23.899,23.899,23.899,23.922,23.938,23.93,23.953,23.945,23.96,23.968,23.953,23.976,23.968,23.96,23.93,23.945,23.938,23.93,23.93,23.93,23.922,23.93,23.93,23.922,23.93,23.938,23.938,23.945,23.938,23.938,23.922,23.922,23.96,23.96,23.96,23.976,23.968,23.968,23.976,23.983,23.976,23.976,23.983,23.976,23.968,23.976,23.976,23.991,23.991,23.998,23.998,23.991,23.991,23.991,23.998,23.983,23.998,23.998,23.983,23.991,23.983,23.968,23.983,23.983,23.991,24.029,24.037,24.052,24.006,24.037,24.037,24.014,24.021,24.014,24.006,24.021,24.006,24.037,24.021,24.021,24.044,24.052,24.037,24.029,24.044,24.052,24.059,24.067,24.052,24.052,24.052,24.082,24.067,24.09,24.075,24.075,24.075,24.082,24.082,24.097,24.09,24.09,24.09,24.075,24.075,24.075,24.067,24.075,24.067,24.097,24.097,24.09,24.09,24.09,24.09,24.09,24.097,24.105,24.113,24.12,24.113,24.158,24.166,24.166,24.204,24.189,24.196,24.234,24.249,24.257,24.28,24.295,24.325,24.333,24.356,24.371,24.394,24.424,24.439,24.454,24.5,24.515,24.553,24.583,24.606,24.682,24.78,24.818,24.984,25.067,25.142,25.255,25.428,25.488,25.548,25.563,25.585,25.615,25.728,25.788,26.139,26.31,26.912,27.384,27.928,28.797,29.428,30.084,30.779,31.845,32.416,32.746,32.83,32.928,33.166,33.18,33.779,34.348,34.534,34.672,34.824,34.996,35.208,35.229,35.304,35.503,35.435,35.482,35.558,35.585,35.647,35.694,35.715,35.715,35.804,35.742,35.79,35.824,35.749,35.872,35.838,35.926,35.995,36.008,36.022,36.124,36.138,36.199,36.192,36.212,36.267,36.083,35.947,35.879,35.824,35.817,35.797,35.681,35.694,35.674,35.653,35.647,35.619,35.612,35.633,35.599,35.626,35.647,35.681,35.735,35.783,35.797,35.899,35.967,36.022,36.083,36.158,36.178,36.226,36.28,36.341,36.335,36.335,36.335,36.28,36.185,36.185,36.144,36.158,36.001,35.906,35.879,35.838,35.817,35.776,35.756,35.701,35.681,35.626,35.592,35.565,35.441,35.4,35.373,35.25,35.188,35.174,35.099,35.105,35.071,34.975,34.892,34.782,34.651,34.396,33.786,33.299,32.767,32.795,33.473,33.173,32.233,31.228,30.593,29.522,28.805,28.185,27.546,26.978,26.362,26.042,25.645,25.172,25.052,24.848,24.772,24.712,24.659,24.644,24.583,24.545,24.5,24.47,24.447,24.416,24.386,24.379,24.356,24.341,24.325,24.287,24.265,24.265,24.234,24.219,24.196,24.158,24.166,24.143,24.12,24.12,24.09,24.067,24.044,24.052,24.021,24.029,24.014,23.998,23.998,23.991,23.983,23.968,23.991,23.976,23.991,23.998,23.998,23.983,23.968,23.96,23.96,23.953,23.953,23.968,23.96,23.945,23.938,23.93,23.922,23.983,23.938,23.953,23.922,23.945,23.93,23.945,23.922,23.93,23.938,23.93,23.93,23.915,23.915,23.907,23.922,23.907,23.899,23.899,23.899,23.915,23.922,23.915,23.922,23.915,23.892,23.899,23.892,23.884,23.869,23.854,23.816,23.808,23.808,23.808,23.816,23.816,23.838,23.846,23.846,23.838,23.838,23.831,23.823,23.816,23.808,23.808,23.823,23.8,23.777,23.777,23.77,23.777,23.8,23.785,23.808,23.793,23.793,23.8,23.808,23.793,23.8,23.793,23.777,23.785,23.755,23.762,23.755,23.732,23.724,23.724,23.732,23.739,23.724,23.716,23.724,23.747,23.747,23.739,23.739,23.739,23.739,23.724,23.724,23.724,23.709,23.709,23.701,23.693,23.709,23.724,23.709,23.724,23.709,23.709,23.709,23.716,23.701,23.716,23.716,23.732,23.724,23.709,23.701,23.693,23.671,23.701,23.671,23.671,23.678,23.678,23.709,23.686,23.701,23.709,23.716,23.678,23.693,23.671,23.701,23.678,23.686,23.678,23.671,23.663,23.671,23.671,23.678,23.701,23.716,23.732,23.693,23.693,23.671,23.693,23.701,23.724,23.747,23.724,23.724,23.716,23.724,23.709,23.709,23.709,23.701,23.693,23.701,23.671,23.663,23.709,23.663,23.701,23.732,23.709,23.724,23.732,23.739,23.693,23.655,23.663,23.686,23.686,23.678,23.693,23.693,23.693,23.716,23.732,23.724,23.709,23.739,23.724,23.709,23.739,23.671,23.739,23.693,23.716
,23.732,23.686,23.716,23.693,23.701,23.701,23.709,23.686,23.686,23.716,23.716,23.739,23.724,23.724,23.701,23.755,23.716,23.739,23.762,23.762,23.77,23.762,23.77,23.77,23.785,23.777,23.808,23.777,23.755,23.77,23.762,23.755,23.755,23.777,23.777,23.785,23.785,23.793,23.808,23.8,23.823,23.816,23.816,23.831,23.838,23.831,23.823,23.846,23.8,23.846,23.831,23.861,23.854,23.838,23.869,23.861,23.854,23.808,23.816,23.816,23.816,23.816,23.823,23.831,23.823,23.869,23.877,23.861,23.854,23.846,23.838,23.877,23.846,23.838,23.861,23.861,23.877,23.861,23.877,23.854,23.846,23.838,23.846,23.869,23.869,23.884,23.892,23.884,23.884,23.892,23.869,23.892,23.861,23.869,23.907,23.93,23.922,23.884,23.899,23.892,23.892,23.907,23.915,23.907,23.899,23.877,23.884,23.892,23.892,23.899,23.899,23.899,23.922,23.915,23.938,23.938,23.953,23.953,23.953,23.953,23.953,23.96,23.953,23.968,23.96,23.945,23.945,23.938,23.93,23.922,23.93,23.915,23.93,23.93,23.93,23.945,23.945,23.945,23.953,23.945,23.945,23.945,23.922,23.953,23.953,23.968,23.968,23.96,23.983,23.983,23.991,23.983,23.983,23.983,23.968,23.983,23.983,23.998,23.991,24.006,23.998,24.014,23.998,23.983,23.983,23.983,23.983,23.976,23.991,23.983,23.983,23.983,23.983,23.976,23.998,24.006,23.998,24.014,24.021,24.044,24.021,24.029,24.014,24.014,24.014,24.014,24.029,24.014,24.006,24.014,24.029,24.044,24.059,24.052,24.052,24.052,24.059,24.044,24.067,24.067,24.059,24.067,24.067,24.059,24.075,24.075,24.075,24.09,24.075,24.09,24.097,24.097,24.09,24.075,24.075,24.09,24.067,24.067,24.082,24.082,24.075,24.082,24.09,24.097,24.097,24.097,24.09,24.113,24.12,24.135,24.135,24.151,24.151,24.151,24.181,24.173,24.211,24.219,24.242,24.242,24.265,24.28,24.303,24.333,24.348,24.371,24.379,24.409,24.432,24.454,24.492,24.5,24.523,24.553,24.576,24.636,24.727,24.855,24.931,25.029,25.082,25.217,25.308,25.398,25.57,25.6,25.6,25.615,25.683,25.75,25.915,26.615,26.786,27.34,27.884,28.492,29.291,29.861,30.414,31.299,32.099,32.564,32.977,33.222,33.299,33.543,34.105,34.23,34.513,34.789,34.858,34.837,35.181,35.263,35.27,35.524,35.503,35.592,35.578,35.64,35.612,35.763,35.77,35.81,35.817,35.899,35.988,35.926,35.995,36.042,36.049,36.015,36.035,36.09,36.178,36.28,36.274,36.267,36.335,36.287,36.274,36.26,36.185,36.029,35.92,35.865,35.845,35.797,35.776,35.735,35.715,35.681,35.66,35.626,35.592,35.599,35.606,35.612,35.64,35.688,35.749,35.763,35.81,35.899,35.947,36.049,36.076,36.11,36.172,36.253,36.328,36.362,36.355,36.369,36.348,36.355,36.28,36.294,36.172,36.097,36.056,35.954,35.913,35.872,35.851,35.831,35.77,35.742,35.708,35.66,35.633,35.619,35.469,35.482,35.4,35.38,35.27,35.188,35.215,35.119,35.119,35.119,34.982,34.975,34.686,34.541,34.348,33.738,33.25,32.76,32.788,33.48,32.872,32.099,31.2,30.343,29.414,28.783,28.097,27.289,26.57,26.258,25.825,25.262,25.089,24.848,24.803,24.772,24.689,24.651,24.613,24.553,24.523,24.477,24.462,24.424,24.394,24.371,24.371,24.303,24.295,24.31,24.287,24.28,24.257,24.249,24.196,24.181,24.158,24.158,24.128,24.09,24.105,24.059,24.044,24.029,24.029,24.037,24.021,24.014,24.021,24.006,23.983,24.006,24.006,23.991,23.998,23.998,23.983,23.968,23.968,23.96,23.953,23.945,23.968,23.976,23.96,23.96,23.945,23.93,23.93,23.938,23.945,23.945,23.945,23.96,23.945,23.953,23.953,23.938,23.938,23.938,23.945,23.922,23.953,23.945,23.907,23.892,23.915,23.899,23.907,23.915,23.922,23.922,23.93,23.899,23.899,23.884,23.892,23.869,23.846,23.831,23.808,23.8,23.808,23.8,23.8,23.823,23.854,23.861,23.854,23.869,23.846,23.831,23.823,23.831,23.816,23.816,23.816,23.8,23.785,23.785,23.8,23.777,23.808,23.793,23.793,23.808,23.793,23.8,23.8,23.793,23.816,23.8,23.8,23.777,23.77,23.777,23.77,23.739,23.724,23.724,23.724,23.724,23.724,23.739,23.747,23.747,23.747,23.732,23.762,23.755,23.732,23.732,23.724,23.716,23.709,23.709,23.701,23.709,23.709,23.732,23.716,23.724,23.716,23.716,23.709,23.732,23.701,23.716,23.709,23.693,23.716,23.716,23.693,23.709,23.671,23.678,23.709,23.686,23.693,23.663,23.648,23.686,23.716,23.709,23.709,23.686,23.686,23.693,23.678,23.671,23.693,23.678,23.686,23.671,23.671,23.671,23.693,23.716,23.732,23.747,23.739,23.701,23.716,23.693,23.693,23.724,23.739,23.724,23.724,23.724,23.709,23.732,23.732,23.724,23.709,23.693,23.701,23.671,23.648,23.693,23.709,23.709,23.716,23.739,23.732,23.724,23.709,23.716,23.678,23.678,23.701,23.663,23.709,23.709,23.693,23.701,23.716,23.724,23.709,23.724,23.732,23.739,23.716,23.693,23.663,23.671,23.709,23.716
,23.678,23.709,23.678,23.686,23.716,23.693,23.686,23.671,23.663,23.686,23.693,23.678,23.671,23.693,23.709,23.709,23.732,23.777,23.739,23.762,23.77,23.762,23.77,23.762,23.777,23.755,23.755,23.762,23.747,23.785,23.755,23.755,23.755,23.777,23.77,23.785,23.8,23.8,23.808,23.808,23.831,23.831,23.823,23.831,23.831,23.831,23.838,23.808,23.831,23.808,23.831,23.823,23.838,23.861,23.869,23.838,23.831,23.816,23.816,23.793,23.8,23.816,23.831,23.823,23.854,23.846,23.838,23.838,23.846,23.838,23.854,23.846,23.877,23.884,23.892,23.884,23.892,23.854,23.854,23.854,23.854,23.838,23.854,23.869,23.869,23.892,23.877,23.907,23.899,23.899,23.877,23.854,23.861,23.838,23.877,23.884,23.899,23.884,23.884,23.884,23.892,23.899,23.915,23.907,23.884,23.892,23.884,23.892,23.884,23.899,23.884,23.907,23.922,23.915,23.953,23.96,23.945,23.96,23.953,23.938,23.938,23.968,23.953,23.945,23.938,23.938,23.93,23.915,23.93,23.922,23.915,23.922,23.93,23.93,23.938,23.96,23.96,23.968,23.976,23.968,23.953,23.953,23.976,23.953,23.968,24.006,23.968,24.006,23.976,23.976,23.976,23.983,23.983,23.976,23.983,23.998,23.998,23.991,23.991,23.998,23.991,24.014,23.983,23.998,23.976,23.976,23.983,23.991,23.998,23.991,23.983,23.998,23.976,23.998,23.998,23.991,23.998,24.006,24.021,24.021,24.037,24.029,24.006,24.006,24.006,24.006,23.991,24.021,24.006,24.021,24.029,24.044,24.044,24.052,24.052,24.052,24.059,24.067,24.059,24.059,24.067,24.052,24.052,24.067,24.067,24.09,24.082,24.082,24.09,24.09,24.09,24.09,24.09,24.075,24.067,24.067,24.067,24.059,24.075,24.075,24.052,24.09,24.097,24.09,24.105,24.105,24.113,24.12,24.128,24.143,24.151,24.151,24.151,24.158,24.151,24.166,24.181,24.196,24.227,24.265,24.28,24.303,24.333,24.341,24.363,24.401,24.401,24.424,24.432,24.462,24.507,24.538,24.538,24.56,24.629,24.674,24.689,24.923,25.029,25.104,25.202,25.3,25.435,25.533,25.563,25.585,25.615,25.615,25.758,25.915,26.221,26.66,27.237,27.62,28.192,28.674,29.45,30.034,31.185,32.022,32.564,32.998,33.047,33.452,33.682,34.154,34.382,34.617,34.72,34.782,35.023,35.195,35.284,35.332,35.421,35.537,35.592,35.619,35.64,35.688,35.688,35.804,35.858,35.906,35.926,35.988,36.042,36.056,36.069,36.049,36.117,36.104,36.165,36.233,36.301,36.307,36.362,36.43,36.341,36.382,36.375,36.348,36.301,36.083,35.926,35.913,35.858,35.804,35.804,35.756,35.729,35.681,35.688,35.633,35.585,35.544,35.558,35.571,35.612,35.66,35.722,35.749,35.81,35.851,35.94,36.015,36.083,36.117,36.199,36.226,36.314,36.403,36.389,36.423,36.403,36.348,36.328,36.307,36.253,36.124,36.131,36.063,36.001,35.926,35.92,35.879,35.838,35.79,35.742,35.708,35.653,35.619,35.578,35.503,35.435,35.421,35.366,35.325,35.256,35.188,35.16,35.126,35.092,35.071,34.879,34.844,34.569,34.527,33.64,33.159,32.767,33.334,33.438,32.479,31.76,30.722,29.717,29.276,28.346,27.855,27.03,26.778,26.109,25.563,25.217,25.014,24.923,24.803,24.757,24.651,24.636,24.576,24.53,24.5,24.432,24.439,24.416,24.379,24.371,24.341,24.31,24.303,24.295,24.295,24.265,24.249,24.219,24.189,24.173,24.151,24.105,24.12,24.075,24.052,24.075,24.044,24.059,24.052,24.037,24.021,24.006,24.006,23.998,23.991,23.998,24.006,24.006,23.991,23.976,23.976,23.96,23.96,23.968,23.96,23.976,23.968,23.968,23.953,23.945,23.938,23.93,23.938,23.93,23.945,23.945,23.953,23.953,23.953,23.945,23.945,23.938,23.938,23.96,23.953,23.938,23.922,23.907,23.892,23.892,23.899,23.892,23.915,23.922,23.915,23.922,23.899,23.892,23.877,23.884,23.846,23.831,23.816,23.808,23.8,23.8,23.8,23.808,23.838,23.823,23.846,23.861,23.869,23.854,23.846,23.823,23.816,23.823,23.823,23.823,23.8,23.785,23.777,23.785,23.785,23.793,23.808,23.793,23.8,23.793,23.8,23.816,23.785,23.808,23.793,23.785,23.793,23.785,23.785,23.77,23.732,23.739,23.716,23.724,23.732,23.747,23.747,23.739,23.762,23.747,23.739,23.755,23.747,23.739,23.739,23.724,23.709,23.701,23.709,23.716,23.709,23.716,23.724,23.747,23.716,23.732,23.709,23.739,23.716,23.732,23.716,23.701,23.678,23.678,23.724,23.709,23.693,23.693,23.701,23.693,23.686,23.663,23.678,23.663,23.716,23.701,23.701,23.709,23.671,23.678,23.678,23.686,23.701,23.701,23.671,23.663,23.686,23.655,23.678,23.686,23.716,23.739,23.762,23.747,23.709,23.724,23.701,23.709,23.701,23.701,23.724,23.716,23.709,23.724,23.732,23.732,23.678,23.693,23.693,23.678,23.671,23.678,23.671,23.663,23.663,23.709,23.709,23.709,23.716,23.686,23.678,23.701,23.686,23.686,23.686,23.693,23.686,23.701,23.709,23.693,23.709,23.724,23.709,23.732,23.732,23.693,23.678,23.686,23.678,23.693,23.701
,23.724,23.701,23.716,23.716,23.701,23.716,23.693,23.671,23.663,23.655,23.663,23.701,23.663,23.693,23.678,23.724,23.724,23.716,23.747,23.747,23.762,23.777,23.762,23.755,23.762,23.762,23.755,23.777,23.793,23.762,23.77,23.762,23.77,23.77,23.77,23.777,23.793,23.816,23.808,23.831,23.854,23.838,23.831,23.846,23.838,23.838,23.793,23.838,23.793,23.808,23.846,23.831,23.838,23.838,23.846,23.854,23.838,23.808,23.8,23.808,23.793,23.808,23.816,23.831,23.838,23.838,23.854,23.838,23.838,23.838,23.846,23.861,23.861,23.907,23.861,23.899,23.877,23.861,23.846,23.869,23.846,23.838,23.854,23.854,23.877,23.884,23.884,23.899,23.899,23.892,23.892,23.861,23.861,23.877,23.892,23.877,23.892,23.884,23.884,23.884,23.892,23.907,23.915,23.922,23.922,23.915,23.892,23.892,23.892,23.892,23.899,23.907,23.915,23.93,23.938,23.96,23.945,23.945,23.953,23.938,23.953,23.938,23.93,23.945,23.93,23.938,23.93,23.93,23.922,23.922,23.93,23.915,23.93,23.93,23.93,23.96,23.976,23.976,23.983,23.968,23.96,23.96,23.976,23.976,23.983,23.991,23.991,23.976,23.976,23.976,23.983,23.983,23.983,23.983,23.991,23.991,23.998,23.998,24.014,23.991,23.991,23.976,23.968,23.976,23.976,23.968,23.983,23.991,24.006,23.998,23.998,23.991,24.006,24.014,24.006,24.014,24.006,24.006,24.021,24.021,24.014,23.991,23.991,23.998,24.006,23.998,23.998,24.014,23.998,24.014,24.029,24.037,24.037,24.029,24.059,24.059,24.075,24.067,24.059,24.059,24.067,24.059,24.052,24.082,24.082,24.082,24.082,24.082,24.075,24.067,24.059,24.059,24.075,24.067,24.067,24.075,24.067,24.059,24.059,24.09,24.075,24.097,24.09,24.09,24.105,24.113,24.12,24.128,24.135,24.151,24.158,24.158,24.158,24.166,24.166,24.151,24.189,24.211,24.242,24.249,24.28,24.318,24.325,24.348,24.371,24.394,24.432,24.439,24.462,24.47,24.507,24.53,24.545,24.583,24.629,24.682,24.81,24.938,25.036,25.134,25.21,25.33,25.458,25.63,25.63,25.638,25.623,25.653,25.743,26.183,26.674,27.362,27.569,28.016,28.674,29.276,30.084,31.114,32.078,32.809,32.95,33.054,33.418,33.682,34.258,34.486,34.658,34.727,34.831,34.989,35.119,35.243,35.387,35.455,35.496,35.612,35.558,35.612,35.708,35.715,35.749,35.845,35.94,35.954,36.015,36.09,36.117,36.144,36.151,36.151,36.131,36.24,36.246,36.294,36.321,36.43,36.457,36.511,36.477,36.484,36.477,36.423,36.335,36.246,36.022,35.92,35.886,35.831,35.804,35.79,35.742,35.708,35.612,35.524,35.517,35.482,35.476,35.428,35.571,35.592,35.64,35.763,35.776,35.817,35.879,36.015,36.104,36.158,36.199,36.314,36.362,36.43,36.436,36.436,36.436,36.389,36.369,36.307,36.274,36.144,36.097,36.083,36.001,36.001,35.933,35.926,35.865,35.838,35.804,35.749,35.735,35.66,35.585,35.51,35.476,35.414,35.4,35.38,35.318,35.27,35.243,35.154,35.236,35.044,35.03,34.831,34.741,34.603,34.431,33.918,33.11,32.977,33.445,33.152,32.212,31.264,30.364,29.551,28.95,28.17,27.701,26.778,26.28,25.982,25.465,25.074,24.908,24.84,24.795,24.704,24.666,24.598,24.523,24.5,24.47,24.439,24.432,24.409,24.371,24.348,24.341,24.318,24.318,24.31,24.272,24.242,24.234,24.196,24.189,24.166,24.12,24.105,24.09,24.09,24.075,24.075,24.067,24.044,24.037,24.037,24.014,24.006,24.014,24.014,24.014,24.006,23.991,23.983,23.968,23.976,23.976,23.968,23.976,23.96,23.976,23.96,23.968,23.953,23.945,23.938,23.93,23.93,23.93,23.953,23.945,23.945,23.968,23.953,23.953,23.953,23.945,23.938,23.953,23.953,23.938,23.915,23.892,23.861,23.869,23.899,23.892,23.915,23.915,23.915,23.93,23.899,23.899,23.892,23.854,23.846,23.831,23.823,23.823,23.8,23.8,23.816,23.816,23.808,23.831,23.846,23.861,23.854,23.861,23.861,23.838,23.831,23.823,23.823,23.816,23.823,23.8,23.793,23.816,23.8,23.816,23.8,23.8,23.8,23.785,23.793,23.793,23.777,23.816,23.793,23.808,23.816,23.793,23.785,23.747,23.747,23.732,23.716,23.724,23.732,23.747,23.762,23.747,23.755,23.762,23.732,23.777,23.755,23.747,23.732,23.732,23.716,23.693,23.701,23.709,23.739,23.747,23.716,23.732,23.709,23.732,23.701,23.739,23.716,23.701,23.709,23.732,23.678,23.678,23.709,23.709,23.716,23.709,23.709,23.716,23.724,23.701,23.686,23.648,23.701,23.693,23.686,23.671,23.678,23.655,23.663,23.693,23.678,23.701,23.663,23.655,23.671,23.678,23.678,23.686,23.701,23.732,23.747,23.755,23.747,23.716,23.686,23.739,23.693,23.663,23.678,23.678,23.724,23.716,23.747,23.739,23.678,23.693,23.716,23.671,23.678,23.693,23.671,23.686,23.678,23.709,23.678,23.716,23.686,23.693,23.671,23.701,23.671,23.701,23.709,23.671,23.678,23.671,23.678,23.686,23.678,23.701,23.709,23.693,23.732,23.716,23.671,23.663,23.678,23.686,23.716
,23.716,23.701,23.709,23.724,23.724,23.693,23.693,23.693,23.655,23.678,23.678,23.693,23.663,23.724,23.732,23.716,23.739,23.716,23.747,23.716,23.755,23.747,23.77,23.755,23.762,23.739,23.724,23.808,23.808,23.793,23.777,23.77,23.755,23.777,23.785,23.785,23.793,23.8,23.823,23.823,23.831,23.831,23.831,23.823,23.838,23.823,23.8,23.846,23.8,23.8,23.831,23.823,23.816,23.823,23.838,23.838,23.838,23.785,23.785,23.8,23.793,23.808,23.838,23.831,23.838,23.846,23.838,23.846,23.838,23.831,23.831,23.846,23.884,23.915,23.877,23.907,23.877,23.846,23.838,23.854,23.854,23.846,23.854,23.869,23.877,23.877,23.892,23.907,23.884,23.884,23.877,23.869,23.846,23.861,23.861,23.884,23.884,23.892,23.877,23.884,23.884,23.915,23.922,23.938,23.93,23.922,23.892,23.892,23.884,23.892,23.915,23.915,23.922,23.922,23.93,23.945,23.945,23.945,23.953,23.968,23.938,23.93,23.938,23.938,23.945,23.93,23.945,23.938,23.922,23.915,23.907,23.922,23.915,23.938,23.945,23.953,23.983,23.976,23.968,23.968,23.96,23.968,23.991,23.983,23.968,23.976,23.968,23.976,23.983,23.983,23.983,23.991,23.983,23.983,23.991,24.006,23.983,24.006,23.983,23.983,23.976,23.983,23.976,23.968,23.991,23.96,23.983,24.006,23.998,24.006,24.006,24.006,24.014,24.006,24.006,24.014,24.006,24.014,24.014,24.006,24.006,23.983,23.998,24.006,23.991,24.006,24.006,24.014,23.998,24.014,24.021,24.014,24.021,24.044,24.052,24.052,24.059,24.059,24.059,24.059,24.052,24.075,24.059,24.075,24.082,24.075,24.075,24.075,24.067,24.059,24.052,24.052,24.067,24.067,24.067,24.067,24.059,24.075,24.067,24.067,24.097,24.082,24.09,24.105,24.105,24.113,24.113,24.128,24.143,24.151,24.166,24.166,24.151,24.158,24.158,24.158,24.196,24.219,24.242,24.249,24.272,24.31,24.318,24.356,24.394,24.394,24.432,24.454,24.462,24.492,24.515,24.538,24.568,24.591,24.651,24.704,24.818,24.969,25.112,25.18,25.225,25.3,25.465,25.615,25.608,25.653,25.683,25.638,26.012,26.392,26.919,27.325,27.613,28.455,28.863,29.818,30.701,31.349,32.134,32.921,33.124,33.285,33.613,34.348,34.493,34.645,34.7,34.803,34.934,35.071,35.195,35.311,35.332,35.448,35.503,35.53,35.653,35.701,35.77,35.824,35.797,35.92,35.94,36.022,36.049,36.158,36.199,36.226,36.246,36.24,36.328,36.294,36.301,36.382,36.436,36.477,36.511,36.572,36.592,36.572,36.511,36.477,36.403,36.307,36.104,36.001,35.981,35.892,35.81,35.776,35.77,35.688,35.565,35.469,35.387,35.346,35.325,35.325,35.414,35.517,35.626,35.715,35.804,35.831,35.96,36.015,36.172,36.158,36.233,36.341,36.45,36.47,36.498,36.518,36.47,36.416,36.382,36.341,36.274,36.192,36.151,36.097,36.076,36.056,36.022,36.008,35.967,35.913,35.858,35.79,35.742,35.715,35.647,35.558,35.503,35.469,35.407,35.4,35.332,35.359,35.277,35.263,35.25,35.174,35.243,35.105,34.886,34.748,34.548,34.223,33.522,33.201,33.285,33.376,32.753,31.824,31.064,30.271,29.32,28.594,27.796,27.237,26.726,26.31,25.758,25.097,25.029,24.931,24.795,24.712,24.674,24.629,24.56,24.538,24.492,24.454,24.432,24.409,24.371,24.363,24.341,24.341,24.325,24.318,24.287,24.257,24.227,24.204,24.166,24.158,24.128,24.113,24.09,24.075,24.082,24.044,24.037,24.037,24.044,24.029,24.014,24.014,24.014,24.021,24.014,24.014,23.998,23.991,23.983,23.968,23.983,23.983,23.983,23.976,23.968,23.968,23.96,23.953,23.945,23.938,23.93,23.922,23.953,23.953,23.945,23.945,23.93,23.938,23.96,23.938,23.945,23.945,23.945,23.953,23.93,23.907,23.907,23.861,23.861,23.846,23.861,23.899,23.907,23.915,23.922,23.93,23.899,23.899,23.869,23.831,23.823,23.831,23.808,23.838,23.808,23.823,23.8,23.816,23.816,23.846,23.877,23.861,23.869,23.846,23.831,23.831,23.823,23.816,23.823,23.823,23.816,23.816,23.823,23.793,23.816,23.8,23.793,23.8,23.793,23.785,23.8,23.777,23.8,23.816,23.823,23.8,23.793,23.77,23.732,23.716,23.716,23.716,23.732,23.747,23.762,23.762,23.755,23.762,23.747,23.755,23.77,23.755,23.755,23.739,23.724,23.724,23.739,23.732,23.739,23.739,23.755,23.716,23.716,23.716,23.739,23.739,23.732,23.747,23.732,23.732,23.747,23.701,23.739,23.716,23.709,23.709,23.716,23.716,23.732,23.739,23.709,23.716,23.762,23.701,23.701,23.671,23.663,23.671,23.655,23.663,23.686,23.663,23.693,23.686,23.671,23.686,23.671,23.678,23.686,23.686,23.701,23.732,23.732,23.724,23.762,23.686,23.663,23.655,23.678,23.693,23.686,23.709,23.739,23.747,23.716,23.724,23.686,23.701,23.709,23.693,23.686,23.693,23.678,23.686,23.701,23.693,23.701,23.701,23.678,23.671,23.655,23.678,23.655,23.663,23.678,23.663,23.678,23.678,23.671,23.693,23.701,23.693,23.701,23.716,23.686,23.693,23.686,23.693,23.663,23.716
,23.716,23.693,23.709,23.732,23.724,23.739,23.693,23.693,23.678,23.671,23.686,23.686,23.709,23.709,23.747,23.732,23.739,23.739,23.732,23.755,23.747,23.747,23.732,23.732,23.732,23.8,23.77,23.777,23.785,23.77,23.762,23.785,23.777,23.777,23.777,23.793,23.77,23.793,23.816,23.823,23.816,23.831,23.823,23.816,23.823,23.831,23.831,23.808,23.838,23.808,23.808,23.823,23.793,23.831,23.816,23.823,23.823,23.785,23.777,23.808,23.8,23.808,23.838,23.823,23.846,23.846,23.838,23.846,23.831,23.838,23.838,23.808,23.899,23.899,23.884,23.884,23.869,23.846,23.838,23.831,23.846,23.854,23.861,23.877,23.877,23.899,23.907,23.899,23.899,23.884,23.907,23.854,23.877,23.846,23.861,23.884,23.884,23.877,23.892,23.892,23.899,23.907,23.907,23.922,23.922,23.93,23.915,23.899,23.892,23.892,23.922,23.922,23.93,23.922,23.93,23.96,23.915,23.968,23.976,23.945,23.945,23.945,23.945,23.938,23.938,23.93,23.93,23.938,23.93,23.922,23.922,23.93,23.93,23.922,23.945,23.96,23.968,23.983,23.983,23.983,23.991,23.953,23.976,23.976,23.976,23.968,23.968,23.96,23.968,23.968,23.976,23.976,23.998,23.991,23.998,23.983,23.983,23.983,23.968,23.968,23.976,23.968,23.96,23.953,23.953,23.991,23.998,24.014,24.021,24.006,23.998,24.006,24.006,24.014,24.021,24.014,24.014,24.021,24.021,24.029,23.991,23.976,23.991,23.991,23.998,24.014,23.998,24.021,24.014,24.006,23.991,24.029,24.021,24.044,24.052,24.059,24.067,24.067,24.067,24.059,24.052,24.052,24.075,24.059,24.075,24.09,24.075,24.082,24.067,24.059,24.052,24.059,24.059,24.067,24.082,24.075,24.09,24.075,24.067,24.082,24.09,24.067,24.09,24.105,24.113,24.097,24.113,24.12,24.135,24.135,24.158,24.166,24.158,24.173,24.166,24.189,24.204,24.219,24.249,24.265,24.287,24.325,24.341,24.363,24.386,24.416,24.424,24.454,24.485,24.5,24.523,24.545,24.553,24.621,24.704,24.825,24.969,24.984,25.142,25.225,25.323,25.488,25.548,25.6,25.653,25.653,25.638,25.93,26.37,26.6,27.067,27.738,28.236,28.608,29.465,30.113,31.121,32.007,32.851,33.026,33.418,33.564,34.355,34.444,34.486,34.693,34.782,34.892,34.865,35.044,35.243,35.352,35.366,35.462,35.489,35.524,35.565,35.681,35.77,35.81,35.92,35.96,36.001,36.076,36.158,36.26,36.335,36.341,36.355,36.362,36.369,36.321,36.348,36.341,36.457,36.592,36.626,36.633,36.647,36.62,36.62,36.525,36.43,36.355,36.165,36.042,35.974,35.92,35.879,35.845,35.756,35.612,35.469,35.352,35.291,35.243,35.181,35.195,35.25,35.215,35.387,35.64,35.585,35.804,35.995,36.185,36.199,36.287,36.294,36.477,36.477,36.498,36.525,36.538,36.498,36.45,36.436,36.335,36.301,36.226,36.212,36.178,36.124,36.151,36.09,36.076,36.029,36.001,35.96,35.879,35.838,35.735,35.681,35.653,35.537,35.462,35.462,35.414,35.407,35.352,35.332,35.332,35.318,35.208,35.318,35.304,35.277,34.824,34.7,34.403,33.884,33.438,33.089,33.404,33.278,32.275,31.548,30.843,29.89,29.066,28.499,27.642,26.852,26.37,26.109,25.653,25.104,24.976,24.871,24.803,24.719,24.636,24.591,24.56,24.515,24.485,24.439,24.424,24.401,24.371,24.348,24.356,24.341,24.318,24.295,24.265,24.234,24.219,24.189,24.151,24.151,24.128,24.105,24.105,24.082,24.059,24.059,24.044,24.037,24.021,24.021,24.014,24.014,24.014,24.021,24.006,23.998,23.991,23.976,23.968,23.976,23.983,23.983,23.968,23.96,23.96,23.945,23.953,23.953,23.938,23.93,23.945,23.953,23.945,23.938,23.938,23.953,23.945,23.93,23.938,23.938,23.938,23.945,23.93,23.922,23.915,23.884,23.877,23.861,23.846,23.884,23.907,23.922,23.922,23.953,23.907,23.922,23.892,23.877,23.854,23.831,23.823,23.823,23.838,23.8,23.793,23.816,23.838,23.846,23.846,23.846,23.854,23.869,23.861,23.846,23.831,23.816,23.816,23.831,23.808,23.823,23.808,23.8,23.808,23.838,23.8,23.8,23.8,23.816,23.785,23.808,23.793,23.785,23.8,23.808,23.793,23.793,23.777,23.739,23.739,23.724,23.716,23.747,23.739,23.755,23.762,23.747,23.762,23.762,23.77,23.77,23.762,23.762,23.755,23.747,23.739,23.739,23.747,23.747,23.747,23.755,23.755,23.724,23.724,23.732,23.755,23.739,23.762,23.732,23.732,23.709,23.709,23.739,23.716,23.709,23.732,23.732,23.716,23.701,23.671,23.709,23.716,23.701,23.663,23.686,23.609,23.625,23.648,23.655,23.648,23.678,23.663,23.671,23.678,23.716,23.693,23.693,23.709,23.716,23.709,23.709,23.701,23.709,23.709,23.693,23.678,23.663,23.701,23.693,23.655,23.655,23.671,23.709,23.701,23.709,23.701,23.709,23.709,23.686,23.701,23.701,23.693,23.686,23.678,23.671,23.709,23.716,23.732,23.701,23.678,23.663,23.632,23.648,23.648,23.655,23.648,23.64,23.678,23.693,23.686,23.701,23.709,23.671,23.701,23.709,23.686,23.732,23.701,23.701,23.701
,23.709,23.701,23.716,23.724,23.732,23.732,23.732,23.724,23.739,23.686,23.724,23.693,23.716,23.732,23.732,23.732,23.747,23.739,23.739,23.739,23.747,23.755,23.739,23.739,23.739,23.739,23.739,23.716,23.785,23.762,23.785,23.785,23.77,23.777,23.77,23.755,23.777,23.793,23.793,23.8,23.808,23.816,23.808,23.816,23.823,23.823,23.808,23.831,23.831,23.846,23.846,23.854,23.831,23.846,23.823,23.808,23.808,23.816,23.785,23.77,23.793,23.808,23.823,23.831,23.846,23.831,23.838,23.838,23.831,23.831,23.846,23.823,23.846,23.861,23.861,23.884,23.869,23.854,23.838,23.823,23.846,23.854,23.861,23.877,23.877,23.884,23.884,23.884,23.892,23.899,23.884,23.869,23.861,23.861,23.869,23.899,23.892,23.892,23.899,23.892,23.907,23.907,23.922,23.938,23.938,23.922,23.915,23.907,23.907,23.915,23.922,23.922,23.922,23.938,23.922,23.945,23.976,23.976,23.976,23.96,23.953,23.945,23.938,23.938,23.938,23.938,23.93,23.93,23.938,23.93,23.93,23.945,23.93,23.945,23.945,23.938,23.945,23.976,23.976,23.983,23.976,23.991,23.968,23.976,23.976,23.953,23.953,23.945,23.976,23.968,23.983,23.991,23.991,24.006,23.998,23.991,23.983,23.983,23.976,23.976,23.968,23.976,23.968,23.968,23.976,23.998,24.014,24.021,24.021,24.021,24.021,24.006,23.998,24.014,24.021,24.029,24.029,24.052,24.021,24.006,23.983,23.983,23.991,23.998,24.006,24.029,24.021,24.014,24.029,24.014,24.006,24.029,24.029,24.052,24.059,24.059,24.075,24.075,24.082,24.075,24.075,24.059,24.067,24.075,24.082,24.082,24.082,24.075,24.059,24.067,24.037,24.067,24.067,24.097,24.075,24.09,24.097,24.075,24.105,24.097,24.105,24.097,24.097,24.105,24.12,24.12,24.113,24.12,24.12,24.128,24.158,24.166,24.143,24.173,24.189,24.204,24.227,24.265,24.28,24.303,24.318,24.325,24.341,24.379,24.401,24.416,24.454,24.454,24.507,24.515,24.53,24.553,24.598,24.727,24.735,24.803,24.976,25.021,25.165,25.262,25.42,25.525,25.548,25.585,25.615,25.615,25.728,26.206,26.444,26.674,27.451,27.994,28.623,29.255,30.005,30.836,31.845,32.9,33.257,33.341,33.536,34.285,34.417,34.486,34.61,34.707,34.789,34.865,34.879,35.112,35.119,35.291,35.346,35.407,35.462,35.482,35.544,35.756,35.838,35.858,35.933,36.008,36.172,36.24,36.274,36.375,36.416,36.369,36.423,36.436,36.436,36.457,36.498,36.531,36.545,36.653,36.653,36.714,36.687,36.674,36.653,36.572,36.504,36.389,36.219,36.151,36.124,36.015,35.954,35.926,35.756,35.496,35.366,35.263,35.222,35.154,35.222,35.215,35.222,35.263,35.304,35.441,35.462,35.619,36.001,36.212,36.274,36.335,36.341,36.45,36.464,36.579,36.579,36.545,36.559,36.504,36.464,36.436,36.314,36.301,36.287,36.212,36.226,36.212,36.185,36.151,36.097,36.076,35.995,35.865,35.797,35.715,35.66,35.619,35.517,35.469,35.421,35.414,35.414,35.38,35.393,35.4,35.387,35.373,35.366,35.373,35.325,35.167,34.851,34.713,34.195,33.953,33.25,33.222,33.557,33.04,31.916,31.15,30.35,29.587,28.892,28.046,27.296,26.66,26.429,25.967,25.488,24.976,24.863,24.81,24.712,24.666,24.674,24.629,24.576,24.507,24.47,24.439,24.424,24.401,24.371,24.356,24.356,24.325,24.287,24.265,24.234,24.219,24.204,24.173,24.173,24.158,24.143,24.113,24.09,24.059,24.059,24.029,24.021,24.029,24.021,24.029,24.021,24.014,24.014,24.006,24.006,23.998,23.991,23.983,23.983,23.976,23.976,23.976,23.968,23.96,23.953,23.938,23.938,23.945,23.938,23.93,23.93,23.96,23.938,23.945,23.938,23.93,23.938,23.945,23.945,23.945,23.938,23.938,23.915,23.899,23.892,23.877,23.877,23.869,23.877,23.953,23.945,23.907,23.96,23.922,23.915,23.899,23.892,23.869,23.831,23.831,23.854,23.816,23.816,23.816,23.816,23.831,23.854,23.846,23.846,23.854,23.854,23.854,23.838,23.846,23.816,23.838,23.8,23.823,23.823,23.823,23.808,23.838,23.785,23.816,23.831,23.808,23.808,23.8,23.808,23.793,23.808,23.8,23.8,23.8,23.755,23.777,23.755,23.739,23.739,23.739,23.747,23.747,23.755,23.739,23.747,23.755,23.755,23.77,23.762,23.755,23.77,23.739,23.755,23.739,23.739,23.755,23.732,23.755,23.777,23.762,23.747,23.724,23.747,23.747,23.739,23.732,23.724,23.739,23.724,23.739,23.709,23.709,23.724,23.747,23.732,23.724,23.762,23.709,23.724,23.655,23.671,23.709,23.655,23.648,23.632,23.632,23.663,23.709,23.678,23.693,23.701,23.709,23.732,23.732,23.739,23.693,23.716,23.709,23.701,23.709,23.671,23.701,23.693,23.724,23.686,23.686,23.686,23.678,23.663,23.671,23.709,23.693,23.678,23.716,23.716,23.709,23.709,23.701,23.693,23.686,23.693,23.701,23.701,23.701,23.709,23.671,23.701,23.663,23.655,23.64,23.648,23.655,23.625,23.648,23.648,23.663,23.678,23.693,23.701,23.701,23.693,23.678,23.686,23.678,23.701,23.709,23.701,23.671
,23.686,23.716,23.686,23.709,23.716,23.732,23.732,23.716,23.678,23.686,23.686,23.686,23.716,23.732,23.732,23.732,23.739,23.724,23.739,23.739,23.732,23.739,23.732,23.739,23.739,23.739,23.747,23.747,23.724,23.77,23.755,23.777,23.777,23.77,23.777,23.785,23.755,23.785,23.777,23.762,23.785,23.793,23.8,23.816,23.808,23.816,23.8,23.854,23.831,23.831,23.846,23.861,23.831,23.816,23.838,23.8,23.823,23.816,23.785,23.785,23.823,23.808,23.808,23.823,23.831,23.838,23.838,23.846,23.831,23.838,23.808,23.808,23.808,23.846,23.877,23.869,23.861,23.846,23.838,23.846,23.854,23.869,23.861,23.869,23.869,23.877,23.877,23.869,23.884,23.877,23.892,23.877,23.884,23.861,23.861,23.884,23.884,23.892,23.907,23.884,23.892,23.907,23.915,23.93,23.93,23.922,23.899,23.892,23.892,23.892,23.922,23.922,23.93,23.938,23.945,23.96,23.968,23.976,23.968,23.96,23.953,23.953,23.945,23.945,23.93,23.93,23.938,23.938,23.93,23.938,23.93,23.945,23.953,23.922,23.945,23.945,23.968,23.976,23.96,23.976,23.968,23.983,23.998,23.968,23.953,23.938,23.953,23.945,23.96,23.968,23.96,23.976,23.976,23.991,23.983,23.991,23.968,23.968,23.968,23.976,23.983,23.983,23.976,23.983,23.968,24.006,24.021,24.021,24.037,24.021,23.991,23.998,24.006,24.014,24.014,24.014,24.029,24.037,24.014,24.029,24.006,23.983,24.014,24.014,24.029,24.044,24.044,24.029,24.029,24.044,24.021,24.044,24.052,24.044,24.052,24.059,24.09,24.082,24.082,24.075,24.059,24.052,24.067,24.075,24.082,24.082,24.09,24.067,24.059,24.059,24.059,24.059,24.059,24.09,24.09,24.097,24.097,24.097,24.105,24.12,24.082,24.097,24.113,24.105,24.113,24.135,24.113,24.12,24.135,24.128,24.143,24.173,24.166,24.181,24.196,24.219,24.249,24.28,24.272,24.303,24.341,24.325,24.363,24.371,24.409,24.424,24.432,24.462,24.507,24.515,24.53,24.591,24.644,24.682,24.825,24.893,24.938,25.082,25.217,25.353,25.42,25.525,25.548,25.57,25.6,25.623,25.915,26.325,26.652,27.156,27.598,28.389,28.848,29.573,30.593,31.427,32.346,33.061,33.271,33.564,34.099,34.348,34.451,34.52,34.665,34.755,34.844,34.892,34.934,35.112,35.181,35.215,35.284,35.38,35.407,35.441,35.503,35.537,35.851,35.892,35.954,36.015,36.083,36.165,36.348,36.396,36.477,36.464,36.477,36.538,36.518,36.511,36.565,36.592,36.647,36.64,36.674,36.775,36.816,36.728,36.755,36.66,36.531,36.416,36.294,36.206,36.083,36.035,36.001,36.001,35.64,35.387,35.304,35.346,35.311,35.256,35.263,35.25,35.25,35.215,35.243,35.339,35.435,35.51,35.776,36.138,36.335,36.375,36.382,36.525,36.579,36.626,36.66,36.681,36.687,36.626,36.531,36.484,36.443,36.423,36.409,36.341,36.341,36.335,36.321,36.219,36.199,36.192,36.185,35.94,35.913,35.708,35.517,35.524,35.544,35.503,35.482,35.435,35.441,35.366,35.366,35.4,35.441,35.448,35.482,35.373,35.414,35.325,35.099,34.831,34.576,34.022,33.557,33.327,33.529,33.39,32.62,31.788,31.057,30.056,29.139,28.55,27.76,27.244,26.518,26.072,25.593,25.225,24.991,24.833,24.795,24.772,24.674,24.636,24.538,24.507,24.477,24.447,24.424,24.409,24.386,24.363,24.363,24.333,24.31,24.287,24.242,24.227,24.211,24.196,24.166,24.158,24.143,24.128,24.105,24.09,24.044,24.029,24.021,24.014,24.006,24.014,24.021,24.014,24.014,24.006,24.006,23.998,24.014,24.006,23.991,23.983,23.976,23.976,23.983,23.968,23.96,23.953,23.953,23.945,23.945,23.945,23.953,23.953,23.96,23.945,23.93,23.93,23.922,23.93,23.945,23.96,23.938,23.938,23.907,23.899,23.907,23.877,23.877,23.869,23.877,23.915,23.884,23.945,23.922,23.93,23.915,23.899,23.877,23.854,23.831,23.838,23.823,23.838,23.816,23.808,23.846,23.838,23.861,23.838,23.838,23.861,23.861,23.831,23.831,23.838,23.823,23.838,23.823,23.808,23.808,23.816,23.808,23.777,23.777,23.831,23.785,23.8,23.816,23.823,23.808,23.808,23.8,23.793,23.808,23.77,23.77,23.77,23.77,23.755,23.747,23.755,23.747,23.755,23.755,23.755,23.747,23.762,23.777,23.77,23.77,23.739,23.762,23.77,23.77,23.755,23.747,23.739,23.739,23.762,23.755,23.762,23.732,23.724,23.709,23.709,23.732,23.732,23.724,23.747,23.732,23.739,23.732,23.739,23.747,23.716,23.739,23.724,23.716,23.716,23.716,23.709,23.701,23.716,23.678,23.632,23.671,23.671,23.678,23.693,23.701,23.701,23.686,23.693,23.716,23.709,23.716,23.701,23.716,23.701,23.716,23.701,23.732,23.678,23.693,23.686,23.716,23.678,23.678,23.693,23.701,23.693,23.701,23.686,23.701,23.686,23.693,23.709,23.701,23.693,23.701,23.701,23.693,23.701,23.701,23.701,23.709,23.686,23.701,23.663,23.663,23.655,23.632,23.64,23.64,23.648,23.632,23.655,23.693,23.693,23.716,23.686,23.724,23.732,23.693,23.724,23.716,23.686,23.686,23.655
,23.678,23.701,23.716,23.739,23.716,23.701,23.701,23.716,23.693,23.678,23.693,23.701,23.709,23.724,23.724,23.716,23.724,23.732,23.732,23.755,23.755,23.747,23.747,23.739,23.739,23.739,23.755,23.747,23.747,23.739,23.762,23.793,23.777,23.785,23.77,23.785,23.762,23.755,23.77,23.755,23.77,23.793,23.808,23.808,23.823,23.808,23.838,23.854,23.838,23.838,23.861,23.831,23.816,23.816,23.8,23.816,23.793,23.808,23.816,23.808,23.808,23.808,23.8,23.823,23.831,23.823,23.838,23.838,23.831,23.823,23.808,23.8,23.838,23.816,23.854,23.861,23.854,23.861,23.869,23.846,23.877,23.892,23.869,23.899,23.892,23.877,23.869,23.869,23.899,23.899,23.899,23.877,23.907,23.854,23.892,23.915,23.892,23.899,23.892,23.892,23.892,23.892,23.899,23.915,23.922,23.922,23.899,23.892,23.884,23.884,23.915,23.922,23.93,23.953,23.96,23.976,23.991,23.983,23.976,23.96,23.96,23.96,23.96,23.945,23.953,23.945,23.938,23.945,23.945,23.945,23.938,23.945,23.938,23.945,23.976,23.953,23.998,23.968,23.991,23.998,23.976,24.006,23.983,23.96,23.953,23.953,23.96,23.953,23.96,23.976,23.976,23.968,23.991,23.976,23.991,24.006,23.983,23.983,23.968,23.976,24.006,23.983,23.998,23.998,24.006,24.014,24.037,24.037,24.037,24.029,24.044,23.998,23.991,24.006,24.014,24.021,24.021,24.029,24.052,24.037,24.014,24.014,24.029,24.029,24.029,24.059,24.044,24.037,24.021,24.029,24.052,24.067,24.067,24.075,24.067,24.082,24.075,24.097,24.097,24.09,24.082,24.075,24.067,24.082,24.082,24.09,24.09,24.09,24.082,24.067,24.052,24.09,24.082,24.09,24.105,24.105,24.113,24.113,24.113,24.097,24.113,24.105,24.113,24.113,24.128,24.113,24.113,24.12,24.143,24.143,24.143,24.173,24.181,24.204,24.219,24.227,24.272,24.303,24.31,24.333,24.341,24.356,24.379,24.379,24.409,24.432,24.454,24.47,24.507,24.553,24.576,24.644,24.644,24.719,24.833,24.976,25.029,25.157,25.353,25.458,25.473,25.51,25.585,25.585,25.593,25.668,26.191,26.548,27.119,27.524,28.273,28.703,29.558,30.479,31.064,31.902,32.907,33.362,33.696,33.981,34.216,34.444,34.444,34.61,34.713,34.782,34.844,34.92,34.989,35.057,35.133,35.215,35.263,35.311,35.325,35.448,35.482,35.517,35.544,35.92,35.96,35.988,36.056,36.219,36.355,36.369,36.477,36.484,36.525,36.559,36.545,36.592,36.592,36.667,36.647,36.775,36.809,36.856,36.863,36.816,36.836,36.829,36.647,36.586,36.443,36.267,36.24,36.151,36.063,36.042,35.694,35.407,35.366,35.339,35.304,35.291,35.284,35.208,35.229,35.222,35.277,35.263,35.346,35.38,35.441,35.64,36.287,36.47,36.538,36.579,36.647,36.701,36.721,36.708,36.701,36.681,36.694,36.586,36.626,36.572,36.491,36.423,36.47,36.47,36.423,36.341,36.307,36.192,35.886,35.865,35.729,35.393,35.393,35.352,35.304,35.215,35.298,35.284,35.393,35.051,35.25,35.441,35.476,35.503,35.441,35.476,35.393,35.359,35.25,35.044,34.624,34.424,33.849,33.418,33.334,33.515,33.145,32.142,31.214,30.214,29.508,28.812,28.075,27.569,26.563,26.31,25.705,25.338,25.089,24.901,24.81,24.81,24.704,24.689,24.591,24.545,24.53,24.485,24.447,24.439,24.416,24.379,24.363,24.333,24.318,24.303,24.28,24.265,24.234,24.181,24.181,24.166,24.151,24.158,24.135,24.082,24.067,24.029,24.037,24.014,24.014,24.021,24.021,24.014,24.029,24.006,24.014,24.021,24.006,24.006,23.998,23.991,23.991,23.998,23.983,23.976,23.968,23.968,23.953,23.953,23.968,24.006,23.968,23.96,23.938,23.953,23.93,23.93,23.938,23.93,23.93,23.953,23.915,23.915,23.93,23.884,23.892,23.869,23.877,23.877,23.877,23.899,23.892,23.915,23.899,23.907,23.915,23.892,23.869,23.861,23.846,23.838,23.823,23.838,23.816,23.854,23.838,23.838,23.884,23.877,23.884,23.884,23.854,23.831,23.838,23.854,23.831,23.823,23.831,23.816,23.8,23.808,23.816,23.816,23.8,23.8,23.808,23.816,23.808,23.816,23.808,23.808,23.816,23.793,23.8,23.808,23.793,23.808,23.777,23.77,23.77,23.762,23.762,23.755,23.755,23.762,23.785,23.793,23.77,23.755,23.755,23.739,23.762,23.732,23.777,23.755,23.732,23.739,23.724,23.747,23.762,23.777,23.755,23.785,23.732,23.724,23.724,23.709,23.724,23.732,23.724,23.724,23.739,23.724,23.732,23.739,23.739,23.747,23.732,23.671,23.709,23.724,23.701,23.716,23.693,23.663,23.678,23.678,23.686,23.701,23.693,23.693,23.701,23.716,23.701,23.716,23.724,23.709,23.709,23.724,23.701,23.709,23.709,23.693,23.709,23.701,23.693,23.686,23.693,23.655,23.655,23.686,23.671,23.686,23.693,23.686,23.701,23.671,23.686,23.701,23.701,23.701,23.716,23.716,23.701,23.701,23.716,23.701,23.655,23.678,23.655,23.663,23.655,23.64,23.648,23.64,23.64,23.693,23.686,23.709,23.716,23.663,23.686,23.755,23.686,23.686,23.693,23.686,23.663,23.648
,23.671,23.686,23.701,23.701,23.701,23.709,23.678,23.701,23.693,23.701,23.716,23.716,23.709,23.716,23.701,23.709,23.716,23.716,23.732,23.739,23.747,23.755,23.777,23.755,23.732,23.724,23.732,23.732,23.739,23.747,23.762,23.739,23.762,23.777,23.777,23.777,23.77,23.777,23.762,23.762,23.785,23.777,23.816,23.8,23.808,23.816,23.808,23.823,23.838,23.854,23.854,23.838,23.831,23.808,23.8,23.816,23.777,23.846,23.831,23.816,23.808,23.816,23.793,23.816,23.785,23.8,23.823,23.838,23.823,23.823,23.808,23.793,23.838,23.823,23.846,23.846,23.854,23.861,23.861,23.877,23.877,23.884,23.861,23.899,23.877,23.869,23.869,23.854,23.869,23.877,23.884,23.884,23.877,23.877,23.892,23.907,23.892,23.907,23.892,23.899,23.899,23.907,23.907,23.892,23.915,23.899,23.892,23.899,23.892,23.892,23.915,23.922,23.938,23.945,23.96,23.953,23.976,23.96,23.96,23.953,23.953,23.953,23.96,23.96,23.953,23.953,23.953,23.945,23.938,23.945,23.945,23.938,23.953,23.93,23.976,23.96,23.96,23.976,23.976,23.991,24.014,24.006,23.991,23.968,23.976,23.968,23.953,23.983,23.976,23.968,23.976,23.976,23.983,23.983,23.983,23.983,23.991,23.983,23.983,23.976,24.037,23.983,24.014,24.021,24.037,24.021,24.029,24.052,24.059,24.044,23.976,24.014,24.014,24.014,24.021,24.014,24.021,24.029,24.052,24.021,24.044,24.037,24.037,24.037,24.059,24.075,24.059,24.067,24.052,24.052,24.059,24.059,24.052,24.037,24.097,24.067,24.105,24.059,24.09,24.097,24.097,24.09,24.105,24.09,24.09,24.097,24.097,24.09,24.09,24.075,24.075,24.09,24.09,24.097,24.09,24.097,24.105,24.128,24.113,24.135,24.12,24.12,24.143,24.135,24.12,24.128,24.12,24.12,24.128,24.143,24.166,24.204,24.196,24.219,24.227,24.234,24.257,24.318,24.318,24.341,24.356,24.371,24.363,24.379,24.401,24.432,24.47,24.477,24.523,24.576,24.598,24.644,24.674,24.765,24.84,25.014,25.195,25.24,25.398,25.465,25.518,25.563,25.525,25.63,25.653,25.847,26.429,26.749,27.215,27.921,28.375,29.015,29.724,30.55,31.583,32.557,33.606,33.8,33.8,34.237,34.285,34.41,34.527,34.658,34.707,34.789,34.844,34.899,34.989,35.078,35.112,35.208,35.291,35.291,35.256,35.407,35.448,35.544,35.51,35.831,36.001,35.886,36.056,36.206,36.274,36.43,36.572,36.606,36.633,36.647,36.606,36.64,36.66,36.701,36.728,36.789,36.856,36.877,36.924,36.931,36.917,36.863,36.836,36.701,36.525,36.375,36.301,36.253,36.151,36.022,35.482,35.428,35.407,35.325,35.352,35.215,35.215,35.202,35.208,35.208,35.167,35.181,35.284,35.441,35.448,35.537,35.763,36.498,36.599,36.674,36.708,36.748,36.775,36.762,36.823,36.789,36.782,36.755,36.633,36.633,36.565,36.572,36.538,36.477,36.403,36.389,36.178,35.967,35.804,35.667,35.626,35.496,35.298,35.346,35.229,35.092,35.016,34.886,34.831,35.105,35.291,35.428,35.503,35.592,35.571,35.592,35.469,35.407,35.222,34.954,34.879,34.61,34.092,33.64,33.341,33.654,33.39,32.494,31.555,31,30.005,29.276,28.455,27.95,27.148,26.526,26.072,25.728,25.172,24.923,24.931,24.772,24.742,24.644,24.644,24.568,24.523,24.492,24.47,24.424,24.409,24.386,24.363,24.348,24.333,24.318,24.295,24.272,24.257,24.227,24.189,24.181,24.158,24.143,24.128,24.12,24.052,24.029,24.029,24.006,24.014,24.021,24.021,24.021,24.021,24.006,24.014,24.021,24.014,24.014,24.006,23.998,24.006,23.998,23.991,23.991,23.983,23.968,23.968,23.953,23.953,23.983,23.976,23.953,23.968,23.953,23.938,23.922,23.922,23.907,23.945,23.953,23.976,23.922,23.899,23.892,23.884,23.884,23.884,23.877,23.869,23.884,23.922,23.899,23.892,23.892,23.899,23.899,23.877,23.861,23.846,23.861,23.838,23.838,23.854,23.861,23.854,23.846,23.838,23.861,23.823,23.892,23.861,23.846,23.854,23.846,23.823,23.838,23.846,23.823,23.816,23.8,23.808,23.816,23.838,23.8,23.823,23.816,23.823,23.831,23.823,23.808,23.823,23.816,23.823,23.823,23.808,23.831,23.808,23.785,23.777,23.77,23.762,23.77,23.762,23.762,23.785,23.777,23.762,23.77,23.762,23.755,23.724,23.724,23.747,23.762,23.724,23.732,23.724,23.739,23.755,23.755,23.777,23.732,23.724,23.732,23.709,23.709,23.709,23.732,23.732,23.724,23.732,23.739,23.709,23.747,23.724,23.724,23.724,23.701,23.716,23.701,23.709,23.716,23.724,23.671,23.671,23.686,23.701,23.709,23.693,23.693,23.693,23.686,23.678,23.686,23.686,23.701,23.709,23.709,23.709,23.716,23.701,23.709,23.716,23.701,23.709,23.693,23.693,23.693,23.671,23.693,23.671,23.693,23.709,23.686,23.693,23.686,23.686,23.693,23.709,23.724,23.709,23.701,23.701,23.686,23.671,23.648,23.671,23.663,23.693,23.663,23.663,23.655,23.648,23.663,23.686,23.655,23.701,23.709,23.678,23.701,23.693,23.693,23.701,23.701,23.671,23.671,23.655,23.655
,23.686,23.693,23.701,23.709,23.686,23.693,23.686,23.678,23.701,23.701,23.716,23.709,23.716,23.686,23.693,23.686,23.686,23.716,23.709,23.762,23.755,23.762,23.77,23.762,23.755,23.739,23.732,23.747,23.747,23.724,23.755,23.747,23.77,23.77,23.762,23.77,23.762,23.77,23.8,23.762,23.777,23.808,23.8,23.808,23.816,23.823,23.831,23.823,23.831,23.831,23.831,23.816,23.823,23.777,23.8,23.8,23.823,23.831,23.831,23.808,23.823,23.816,23.808,23.816,23.823,23.831,23.846,23.838,23.823,23.816,23.808,23.8,23.816,23.831,23.854,23.861,23.846,23.869,23.877,23.915,23.945,23.892,23.938,23.945,23.877,23.869,23.854,23.861,23.877,23.892,23.884,23.877,23.869,23.877,23.892,23.892,23.899,23.907,23.899,23.907,23.907,23.915,23.915,23.915,23.884,23.907,23.899,23.915,23.892,23.915,23.915,23.93,23.938,23.938,23.96,23.968,23.976,23.976,23.953,23.945,23.945,23.953,23.953,23.96,23.968,23.96,23.96,23.953,23.953,23.945,23.93,23.93,23.922,23.945,23.938,23.983,23.976,23.998,23.976,23.983,23.991,24.014,24.006,23.991,23.983,23.983,23.976,23.998,23.998,23.991,23.998,23.991,23.976,23.968,23.983,23.983,23.983,23.976,23.983,23.991,24.006,24.014,23.991,24.021,24.029,24.044,24.044,24.044,24.037,24.021,24.029,24.014,24.029,24.021,24.014,24.021,24.037,24.044,24.075,24.044,24.075,24.067,24.052,24.067,24.075,24.059,24.067,24.09,24.067,24.067,24.044,24.075,24.075,24.075,24.067,24.082,24.082,24.082,24.075,24.105,24.097,24.09,24.097,24.113,24.097,24.105,24.105,24.105,24.113,24.097,24.09,24.082,24.09,24.09,24.105,24.113,24.113,24.12,24.128,24.135,24.143,24.143,24.151,24.135,24.128,24.12,24.12,24.128,24.143,24.166,24.173,24.204,24.211,24.234,24.242,24.265,24.295,24.31,24.325,24.356,24.371,24.371,24.394,24.416,24.416,24.47,24.47,24.492,24.523,24.591,24.613,24.689,24.719,24.871,24.984,25.059,25.3,25.36,25.45,25.465,25.518,25.548,25.608,25.623,25.698,26.265,26.57,27.193,27.569,28.251,28.994,29.84,30.106,31.079,31.887,33.019,33.807,33.911,34.078,34.32,34.403,34.451,34.582,34.645,34.734,34.824,34.879,34.927,34.975,35.057,35.105,35.14,35.195,35.304,35.38,35.4,35.496,35.537,35.551,35.503,35.783,35.79,35.94,36.104,36.144,36.362,36.586,36.613,36.572,36.606,36.687,36.721,36.755,36.741,36.762,36.85,36.883,36.897,36.917,36.931,36.944,36.938,36.978,36.931,36.728,36.606,36.443,36.287,36.192,35.906,35.476,35.407,35.352,35.133,35.126,35.236,35.27,35.263,35.229,35.229,35.277,35.243,35.229,35.304,35.325,35.414,35.558,35.872,36.531,36.694,36.762,36.796,36.823,36.89,36.87,36.917,36.924,36.87,36.809,36.721,36.708,36.653,36.599,36.525,36.457,36.233,35.974,35.824,35.763,35.674,35.763,35.647,35.571,35.469,35.441,35.339,35.325,35.037,34.81,34.596,34.624,35.263,35.517,35.599,35.606,35.592,35.612,35.517,35.448,35.202,34.989,34.858,34.223,33.717,33.508,33.807,33.884,33.341,32.311,31.257,30.651,29.566,28.717,28.287,27.407,26.808,26.377,25.922,25.247,25.112,24.931,24.78,24.735,24.727,24.644,24.591,24.553,24.515,24.477,24.454,24.409,24.409,24.379,24.356,24.333,24.325,24.31,24.295,24.265,24.227,24.173,24.173,24.166,24.151,24.113,24.075,24.052,24.029,24.037,24.014,24.044,24.021,24.014,24.014,24.014,24.014,24.006,24.014,24.021,24.021,24.014,23.991,23.998,23.998,23.998,23.998,23.991,23.976,23.968,23.976,23.968,23.976,24.014,23.991,23.976,23.945,23.953,23.922,23.922,23.938,23.93,23.953,23.953,23.945,23.953,23.915,23.915,23.892,23.899,23.877,23.899,23.899,23.884,23.884,23.884,23.884,23.892,23.884,23.884,23.884,23.869,23.861,23.861,23.854,23.854,23.854,23.877,23.877,23.877,23.884,23.838,23.854,23.869,23.861,23.854,23.838,23.831,23.831,23.831,23.831,23.816,23.823,23.823,23.831,23.831,23.816,23.816,23.816,23.823,23.823,23.823,23.838,23.8,23.823,23.831,23.823,23.808,23.808,23.808,23.785,23.777,23.777,23.77,23.77,23.77,23.77,23.77,23.793,23.77,23.739,23.747,23.747,23.724,23.724,23.762,23.739,23.77,23.716,23.732,23.724,23.755,23.747,23.747,23.747,23.724,23.709,23.686,23.693,23.709,23.724,23.716,23.724,23.732,23.716,23.716,23.732,23.739,23.716,23.724,23.709,23.701,23.709,23.709,23.693,23.709,23.701,23.671,23.678,23.678,23.671,23.686,23.693,23.671,23.678,23.693,23.678,23.663,23.709,23.701,23.716,23.709,23.709,23.693,23.716,23.732,23.716,23.701,23.693,23.693,23.686,23.686,23.678,23.678,23.663,23.693,23.693,23.693,23.678,23.701,23.716,23.709,23.716,23.724,23.709,23.678,23.655,23.655,23.671,23.663,23.716,23.686,23.686,23.663,23.709,23.655,23.671,23.701,23.716,23.739,23.709,23.724,23.693,23.701,23.724,23.77,23.724,23.671,23.671,23.671,23.663
,23.678,23.678,23.693,23.701,23.686,23.678,23.686,23.671,23.693,23.701,23.701,23.724,23.701,23.693,23.701,23.701,23.701,23.709,23.716,23.755,23.755,23.77,23.77,23.777,23.777,23.724,23.739,23.747,23.762,23.732,23.755,23.739,23.762,23.762,23.762,23.77,23.762,23.77,23.77,23.785,23.808,23.8,23.8,23.816,23.816,23.831,23.823,23.831,23.831,23.816,23.816,23.8,23.777,23.777,23.785,23.755,23.777,23.808,23.831,23.831,23.823,23.823,23.8,23.808,23.823,23.823,23.846,23.846,23.823,23.823,23.808,23.808,23.823,23.838,23.831,23.861,23.854,23.869,23.877,23.907,23.922,23.93,23.915,23.922,23.892,23.892,23.861,23.877,23.877,23.877,23.877,23.869,23.877,23.884,23.899,23.899,23.922,23.907,23.915,23.907,23.922,23.93,23.93,23.899,23.899,23.892,23.892,23.899,23.907,23.907,23.915,23.93,23.945,23.945,23.953,23.976,23.968,23.96,23.953,23.945,23.945,23.96,23.945,23.96,23.953,23.953,23.96,23.953,23.953,23.938,23.93,23.899,23.938,23.93,23.938,23.991,23.96,23.968,23.968,23.983,23.983,24.014,24.021,23.998,23.991,23.991,23.983,23.991,24.006,23.991,23.991,23.983,23.976,23.998,23.998,23.998,23.998,24.006,23.991,24.006,24.014,24.014,24.006,24.021,23.983,24.067,24.044,24.037,24.037,24.044,24.037,24.021,24.021,24.014,24.029,24.021,24.014,24.021,24.059,24.067,24.082,24.075,24.075,24.075,24.067,24.044,24.059,24.075,24.075,24.059,24.059,24.082,24.059,24.082,24.075,24.097,24.09,24.097,24.09,24.113,24.113,24.097,24.113,24.113,24.113,24.113,24.105,24.113,24.105,24.097,24.09,24.082,24.097,24.097,24.097,24.113,24.113,24.12,24.128,24.135,24.151,24.151,24.151,24.135,24.128,24.12,24.113,24.12,24.151,24.158,24.189,24.219,24.242,24.249,24.272,24.272,24.295,24.303,24.333,24.333,24.363,24.379,24.371,24.409,24.454,24.454,24.492,24.515,24.538,24.613,24.636,24.742,24.727,24.833,24.954,25.074,25.315,25.413,25.48,25.503,25.518,25.54,25.525,25.69,25.788,26.37,26.652,27.222,27.877,28.47,29.11,30.034,30.736,31.718,32.585,33.585,33.918,33.967,34.175,34.396,34.424,34.52,34.555,34.727,34.762,34.858,34.879,34.941,34.947,35.051,35.099,35.195,35.27,35.298,35.332,35.366,35.407,35.476,35.585,35.701,35.804,35.926,35.886,35.947,36.131,36.219,36.335,36.375,36.579,36.687,36.809,36.789,36.789,36.816,36.87,36.877,36.89,36.924,36.931,36.958,36.985,36.985,36.992,37.025,36.998,36.708,36.694,36.423,35.913,35.544,35.298,35.188,35.126,35.099,35.284,35.311,35.366,35.585,35.892,35.763,35.503,35.708,35.332,35.291,35.366,35.339,35.4,35.537,36.206,36.701,36.741,36.809,36.823,36.904,36.965,36.985,36.944,36.931,36.856,36.829,36.809,36.681,36.626,36.552,36.328,36.069,35.947,35.94,35.933,35.783,35.817,35.763,35.722,35.64,35.592,35.544,35.38,35.311,35.085,34.961,34.617,34.748,35.236,35.435,35.009,35.428,35.571,35.551,35.346,35.215,35.023,34.872,34.596,34.022,33.849,33.745,33.904,33.411,32.718,31.838,30.936,30.005,29.465,28.543,27.928,27.229,26.593,26.169,25.435,25.255,24.893,24.833,24.81,24.757,24.651,24.606,24.568,24.538,24.5,24.477,24.424,24.424,24.386,24.379,24.356,24.341,24.325,24.295,24.265,24.211,24.204,24.189,24.166,24.158,24.128,24.082,24.059,24.052,24.044,24.029,24.029,24.029,24.014,24.029,24.029,24.014,24.021,24.029,24.006,24.014,24.006,24.006,23.998,24.006,24.006,23.991,23.991,23.983,23.968,23.983,23.976,23.976,23.976,23.983,23.953,23.938,23.945,23.945,23.945,23.922,23.938,23.96,23.922,23.945,23.93,23.877,23.869,23.892,23.907,23.915,23.922,23.907,23.899,23.869,23.907,23.884,23.877,23.892,23.884,23.892,23.869,23.861,23.884,23.846,23.861,23.861,23.884,23.892,23.892,23.892,23.907,23.884,23.877,23.854,23.854,23.838,23.861,23.846,23.846,23.846,23.831,23.831,23.823,23.823,23.831,23.816,23.831,23.831,23.816,23.838,23.854,23.831,23.823,23.808,23.816,23.816,23.823,23.8,23.8,23.777,23.777,23.785,23.77,23.777,23.77,23.762,23.762,23.77,23.777,23.739,23.747,23.739,23.724,23.755,23.762,23.739,23.724,23.739,23.724,23.739,23.739,23.747,23.755,23.747,23.732,23.709,23.724,23.686,23.701,23.709,23.724,23.724,23.709,23.678,23.709,23.716,23.716,23.739,23.716,23.678,23.678,23.671,23.701,23.686,23.686,23.671,23.686,23.671,23.686,23.686,23.701,23.678,23.678,23.671,23.678,23.678,23.724,23.739,23.724,23.701,23.709,23.732,23.724,23.716,23.724,23.709,23.709,23.693,23.693,23.693,23.686,23.678,23.671,23.655,23.686,23.686,23.693,23.693,23.671,23.709,23.716,23.709,23.686,23.671,23.678,23.686,23.671,23.709,23.655,23.709,23.701,23.671,23.716,23.671,23.671,23.693,23.701,23.709,23.709,23.709,23.701,23.686,23.671,23.671,23.693,23.701,23.701,23.693,23.671,23.686
,23.693,23.693,23.686,23.678,23.671,23.671,23.671,23.678,23.686,23.701,23.686,23.693,23.701,23.671,23.678,23.678,23.678,23.716,23.701,23.747,23.755,23.747,23.747,23.724,23.716,23.762,23.724,23.739,23.762,23.762,23.762,23.724,23.747,23.755,23.755,23.785,23.762,23.762,23.8,23.785,23.793,23.8,23.8,23.808,23.808,23.816,23.831,23.823,23.808,23.846,23.8,23.793,23.77,23.762,23.762,23.77,23.793,23.816,23.831,23.838,23.831,23.823,23.816,23.808,23.823,23.816,23.831,23.838,23.816,23.816,23.831,23.808,23.831,23.846,23.823,23.854,23.861,23.869,23.884,23.899,23.899,23.899,23.922,23.884,23.884,23.854,23.861,23.854,23.869,23.869,23.869,23.869,23.869,23.869,23.869,23.899,23.884,23.899,23.907,23.922,23.938,23.907,23.93,23.945,23.907,23.892,23.899,23.907,23.907,23.93,23.922,23.93,23.938,23.938,23.968,23.96,23.953,23.953,23.953,23.93,23.938,23.938,23.93,23.945,23.945,23.953,23.953,23.953,23.938,23.938,23.938,23.93,23.93,23.922,23.953,23.945,23.945,23.945,23.953,23.96,23.976,24.006,24.006,23.991,23.983,23.983,23.976,24.006,24.006,23.983,23.991,23.983,23.976,23.983,23.983,23.983,24.006,23.991,24.006,23.998,24.006,24.021,24.021,23.998,24.021,23.991,24.059,24.044,24.044,24.037,24.029,24.037,24.037,24.029,24.037,24.029,24.021,24.052,24.037,24.052,24.075,24.09,24.075,24.067,24.059,24.044,24.044,24.075,24.075,24.09,24.067,24.067,24.067,24.082,24.09,24.082,24.075,24.09,24.097,24.09,24.12,24.12,24.12,24.12,24.12,24.113,24.113,24.113,24.097,24.105,24.105,24.09,24.097,24.097,24.105,24.105,24.105,24.113,24.128,24.12,24.143,24.151,24.143,24.128,24.128,24.12,24.113,24.128,24.151,24.151,24.196,24.227,24.219,24.249,24.257,24.265,24.287,24.318,24.341,24.356,24.379,24.386,24.371,24.409,24.424,24.454,24.5,24.53,24.576,24.613,24.659,24.735,24.787,24.878,24.946,25.112,25.458,25.443,25.48,25.48,25.473,25.473,25.525,25.638,26.161,26.548,26.993,27.627,28.148,28.994,29.566,30.285,30.993,31.965,33.215,33.779,33.981,34.002,34.175,34.355,34.417,34.562,34.72,34.755,34.886,34.913,34.947,34.934,34.927,34.789,34.651,34.913,35.105,35.236,35.256,35.393,35.503,35.715,35.81,35.947,35.947,36.069,36.09,36.151,36.178,36.219,36.246,36.314,36.538,36.66,36.769,36.85,36.87,36.87,36.856,36.883,36.89,36.89,36.91,36.924,36.998,36.985,37.046,37.093,37.073,37.052,36.633,36.117,35.565,35.421,35.236,35.215,35.147,35.489,35.612,35.804,35.831,35.906,35.96,35.94,35.96,35.96,35.66,35.783,35.79,35.428,35.496,35.448,35.571,36.559,36.735,36.782,36.89,36.931,36.978,37.019,36.985,36.965,36.917,36.897,36.829,36.748,36.559,36.301,36.192,36.069,36.083,36.008,35.933,35.96,35.824,35.81,35.667,35.688,35.578,35.537,35.496,35.435,35.208,35.311,35.092,34.465,34.237,34.32,34.782,35.051,35.441,35.469,35.448,35.4,35.085,34.947,34.872,34.313,33.974,33.877,34.008,33.974,33.138,32.163,31.15,30.343,29.45,28.71,28.302,27.539,26.763,26.333,25.795,25.36,24.954,24.991,24.78,24.742,24.659,24.613,24.598,24.545,24.523,24.485,24.462,24.416,24.409,24.394,24.379,24.341,24.303,24.295,24.272,24.234,24.219,24.196,24.181,24.143,24.135,24.097,24.082,24.075,24.059,24.044,24.037,24.029,24.021,24.021,24.021,24.006,24.029,24.029,24.021,24.014,24.006,23.998,23.991,23.998,23.998,23.998,24.006,23.983,23.968,23.96,23.96,23.96,23.976,23.96,23.96,23.96,23.945,23.922,23.938,23.922,23.915,23.953,23.922,23.93,23.938,23.907,23.892,23.915,23.938,23.945,23.93,23.907,23.899,23.907,23.884,23.884,23.877,23.884,23.899,23.877,23.884,23.861,23.861,23.846,23.854,23.869,23.869,23.892,23.892,23.884,23.899,23.884,23.861,23.892,23.854,23.846,23.854,23.846,23.854,23.838,23.838,23.838,23.831,23.838,23.838,23.823,23.838,23.846,23.846,23.846,23.854,23.861,23.823,23.831,23.816,23.823,23.808,23.8,23.808,23.777,23.777,23.77,23.762,23.777,23.77,23.762,23.755,23.747,23.747,23.755,23.739,23.739,23.755,23.762,23.755,23.732,23.701,23.701,23.709,23.724,23.732,23.739,23.747,23.739,23.732,23.701,23.701,23.709,23.686,23.724,23.716,23.732,23.709,23.716,23.701,23.709,23.709,23.693,23.693,23.693,23.671,23.625,23.648,23.678,23.709,23.678,23.678,23.663,23.663,23.686,23.671,23.678,23.671,23.663,23.671,23.701,23.701,23.747,23.701,23.671,23.755,23.793,23.739,23.732,23.724,23.701,23.693,23.701,23.693,23.693,23.693,23.686,23.686,23.686,23.678,23.663,23.686,23.686,23.686,23.678,23.693,23.678,23.671,23.671,23.663,23.663,23.678,23.693,23.716,23.755,23.709,23.678,23.648,23.678,23.671,23.701,23.686,23.693,23.739,23.693,23.678,23.655,23.663,23.701,23.701,23.701,23.709,23.709,23.693,23.701
,23.701,23.678,23.678,23.678,23.671,23.671,23.663,23.671,23.686,23.686,23.686,23.671,23.678,23.671,23.693,23.709,23.678,23.693,23.709,23.716,23.755,23.747,23.755,23.762,23.747,23.709,23.732,23.724,23.755,23.739,23.77,23.755,23.762,23.762,23.732,23.747,23.762,23.785,23.785,23.785,23.793,23.8,23.816,23.838,23.823,23.816,23.823,23.808,23.808,23.877,23.861,23.793,23.785,23.777,23.77,23.755,23.816,23.816,23.831,23.846,23.831,23.838,23.823,23.808,23.8,23.816,23.823,23.854,23.854,23.823,23.838,23.831,23.831,23.838,23.854,23.854,23.846,23.877,23.892,23.892,23.899,23.884,23.869,23.892,23.892,23.884,23.869,23.869,23.854,23.869,23.877,23.877,23.861,23.861,23.869,23.892,23.892,23.915,23.915,23.907,23.915,23.922,23.93,23.915,23.899,23.915,23.899,23.899,23.907,23.907,23.922,23.922,23.938,23.945,23.968,23.968,23.96,23.953,23.945,23.938,23.93,23.945,23.938,23.938,23.945,23.945,23.953,23.953,23.953,23.945,23.922,23.922,23.922,23.93,23.953,23.945,23.953,23.953,23.945,23.968,23.983,23.991,23.991,23.983,23.998,23.968,23.976,23.983,23.991,23.998,23.983,23.983,23.983,23.991,23.976,24.006,24.006,24.006,24.021,24.006,24.021,24.021,23.998,24.006,24.029,24.029,24.029,24.037,24.014,24.029,24.037,24.044,24.044,24.029,24.021,24.014,24.021,24.021,24.044,24.075,24.09,24.09,24.075,24.067,24.067,24.044,24.067,24.059,24.067,24.082,24.09,24.09,24.082,24.105,24.09,24.09,24.09,24.097,24.097,24.105,24.12,24.12,24.113,24.135,24.128,24.12,24.12,24.113,24.113,24.097,24.097,24.097,24.097,24.113,24.105,24.113,24.113,24.105,24.12,24.12,24.113,24.143,24.143,24.151,24.128,24.143,24.158,24.135,24.181,24.204,24.204,24.234,24.227,24.242,24.242,24.287,24.303,24.325,24.348,24.363,24.386,24.394,24.424,24.424,24.454,24.462,24.5,24.553,24.598,24.644,24.644,24.787,24.908,24.961,25.029,25.187,25.375,25.458,25.473,25.488,25.473,25.525,25.63,25.832,26.399,27.052,27.289,27.914,28.426,29.088,29.883,30.829,31.774,32.893,33.967,33.995,34.008,34.154,34.327,34.417,34.507,34.513,34.7,34.803,34.899,34.927,34.968,34.975,34.886,35.016,35.002,35.002,34.913,35.16,35.489,35.537,35.688,35.845,35.872,35.879,36.049,36.124,36.144,36.226,36.307,36.341,36.294,36.355,36.341,36.45,36.613,36.762,36.87,36.883,36.904,36.89,36.89,36.897,36.89,36.843,36.863,36.863,37.019,37.052,37.086,36.89,36.362,35.749,35.551,35.428,35.318,35.346,35.524,35.674,35.694,35.851,35.899,35.974,35.981,36.008,36.008,36.001,36.056,35.933,35.906,35.865,35.606,35.544,35.537,35.606,36.559,36.809,36.85,36.971,36.992,37.032,37.032,37.012,36.917,36.883,36.823,36.586,36.477,36.416,36.348,36.26,36.199,36.083,36.049,35.906,35.797,35.681,35.619,35.571,35.585,35.537,35.53,35.51,35.462,35.352,35.243,34.968,34.327,34.244,34.327,35.147,35.4,35.435,35.435,35.359,35.263,35.126,34.886,34.465,34.064,34.057,34.071,34.341,33.891,32.76,31.866,30.958,30.113,29.269,28.63,27.752,27.274,26.563,25.945,25.668,25.165,25.006,24.833,24.84,24.674,24.674,24.606,24.568,24.545,24.515,24.485,24.462,24.439,24.409,24.401,24.356,24.325,24.287,24.272,24.242,24.227,24.204,24.204,24.158,24.12,24.128,24.082,24.09,24.075,24.052,24.059,24.044,24.029,24.029,24.021,24.014,24.029,24.029,24.021,24.029,24.006,23.998,23.991,23.998,24.014,24.014,23.998,23.983,23.96,23.96,23.968,23.96,23.976,23.968,23.945,23.96,23.938,23.93,23.938,23.945,23.915,23.96,23.915,23.953,23.892,23.93,23.945,23.945,23.93,23.93,23.953,23.945,23.922,23.907,23.899,23.892,23.899,23.884,23.884,23.884,23.892,23.877,23.861,23.854,23.854,23.877,23.861,23.899,23.892,23.907,23.899,23.892,23.884,23.869,23.861,23.861,23.861,23.854,23.861,23.854,23.861,23.877,23.846,23.846,23.838,23.838,23.838,23.861,23.838,23.838,23.854,23.831,23.808,23.823,23.785,23.793,23.785,23.785,23.785,23.777,23.777,23.777,23.777,23.777,23.777,23.77,23.77,23.747,23.747,23.762,23.747,23.747,23.739,23.755,23.724,23.716,23.716,23.716,23.716,23.739,23.747,23.747,23.739,23.732,23.724,23.716,23.732,23.693,23.732,23.732,23.732,23.724,23.732,23.693,23.724,23.716,23.701,23.701,23.701,23.671,23.678,23.701,23.655,23.648,23.671,23.686,23.671,23.678,23.671,23.693,23.686,23.686,23.686,23.671,23.671,23.724,23.693,23.747,23.671,23.701,23.709,23.739,23.724,23.716,23.716,23.709,23.693,23.693,23.693,23.686,23.693,23.693,23.686,23.686,23.686,23.671,23.678,23.693,23.655,23.671,23.678,23.686,23.678,23.671,23.671,23.678,23.686,23.709,23.693,23.716,23.732,23.663,23.671,23.693,23.686,23.693,23.693,23.671,23.671,23.663,23.678,23.671,23.663,23.671,23.671,23.701,23.701,23.709,23.678,23.709
,23.663,23.671,23.671,23.678,23.678,23.678,23.663,23.663,23.678,23.678,23.678,23.686,23.693,23.693,23.716,23.678,23.693,23.701,23.693,23.709,23.739,23.747,23.724,23.709,23.701,23.732,23.739,23.739,23.762,23.709,23.747,23.77,23.77,23.762,23.747,23.77,23.755,23.77,23.793,23.777,23.793,23.808,23.8,23.838,23.854,23.77,23.823,23.823,23.816,23.854,23.816,23.823,23.793,23.793,23.785,23.777,23.793,23.808,23.831,23.838,23.846,23.838,23.831,23.808,23.831,23.831,23.838,23.838,23.831,23.838,23.823,23.854,23.846,23.854,23.838,23.877,23.877,23.877,23.884,23.884,23.869,23.869,23.869,23.884,23.877,23.884,23.877,23.869,23.861,23.861,23.877,23.869,23.869,23.869,23.877,23.892,23.907,23.899,23.938,23.899,23.899,23.907,23.884,23.899,23.899,23.892,23.899,23.899,23.892,23.899,23.899,23.93,23.938,23.938,23.945,23.953,23.968,23.953,23.945,23.938,23.938,23.93,23.938,23.953,23.96,23.945,23.96,23.968,23.945,23.953,23.922,23.93,23.93,23.93,23.945,23.945,23.945,23.96,23.953,23.968,23.976,23.983,23.983,23.976,23.968,23.968,23.968,23.976,23.976,23.983,23.983,23.983,23.991,24.006,23.998,24.006,24.014,24.006,24.021,24.037,24.021,24.021,24.021,24.006,24.052,24.037,24.037,24.029,24.037,24.029,24.037,24.037,24.044,24.037,24.044,24.029,24.006,24.029,24.059,24.067,24.09,24.097,24.075,24.075,24.052,24.075,24.059,24.082,24.082,24.097,24.09,24.097,24.097,24.097,24.097,24.097,24.09,24.09,24.09,24.105,24.12,24.128,24.143,24.12,24.12,24.12,24.12,24.12,24.105,24.097,24.097,24.097,24.097,24.113,24.097,24.105,24.105,24.09,24.09,24.105,24.12,24.151,24.12,24.189,24.151,24.151,24.151,24.151,24.158,24.189,24.204,24.219,24.234,24.242,24.257,24.272,24.287,24.31,24.348,24.371,24.424,24.394,24.432,24.424,24.454,24.47,24.538,24.56,24.598,24.636,24.727,24.712,24.886,24.999,25.036,25.217,25.375,25.435,25.48,25.458,25.465,25.525,25.713,26.154,26.622,27.178,27.796,28.287,28.877,29.573,30.522,31.235,32.402,33.313,33.953,34.015,34.057,34.182,34.223,34.361,34.486,34.617,34.775,34.851,34.954,35.044,35.057,35.085,35.037,34.458,34.175,34.472,34.899,35.421,35.667,35.715,35.735,35.865,35.824,35.865,35.981,35.926,36.035,36.172,36.335,36.436,36.45,36.498,36.423,36.389,36.626,36.748,36.89,36.877,36.91,36.89,36.863,36.863,36.789,36.775,36.809,36.755,36.863,36.917,37.005,36.369,35.838,35.578,35.428,35.524,35.544,35.565,35.592,35.749,35.804,35.858,35.933,36.029,36.022,36.056,36.042,36.117,36.206,36.233,36.083,36.076,35.865,35.667,35.626,35.653,35.804,36.464,36.796,36.883,37.005,36.998,36.998,36.971,36.958,36.809,36.708,36.599,36.525,36.518,36.43,36.28,36.226,36.124,35.988,35.797,35.647,35.599,35.571,35.558,35.51,35.476,35.517,35.524,35.551,35.503,35.421,35.284,34.831,34.368,34.216,34.479,35.277,35.263,35.339,35.366,35.366,35.277,34.872,34.672,34.299,34.126,34.099,34.403,34.036,33.362,32.233,31.271,30.5,29.623,28.863,28.112,27.311,26.719,26.407,26.012,25.405,25.059,24.916,24.757,24.75,24.689,24.621,24.583,24.56,24.523,24.5,24.477,24.454,24.439,24.394,24.371,24.318,24.295,24.287,24.265,24.242,24.204,24.181,24.173,24.143,24.135,24.082,24.097,24.082,24.09,24.075,24.044,24.052,24.052,24.052,24.037,24.044,24.044,24.044,24.029,24.014,24.014,24.014,24.014,24.006,24.006,23.991,23.976,23.968,23.953,23.953,23.945,23.968,23.953,23.96,23.96,23.945,23.953,23.938,23.938,23.93,23.93,23.915,23.915,23.922,23.892,23.96,23.938,23.945,23.968,23.953,23.945,23.93,23.922,23.907,23.899,23.915,23.907,23.877,23.884,23.869,23.884,23.869,23.846,23.846,23.854,23.854,23.884,23.892,23.899,23.922,23.899,23.907,23.877,23.869,23.884,23.869,23.861,23.877,23.869,23.877,23.869,23.861,23.854,23.846,23.846,23.846,23.854,23.846,23.846,23.838,23.846,23.831,23.823,23.808,23.785,23.785,23.8,23.785,23.777,23.785,23.777,23.785,23.785,23.77,23.8,23.785,23.77,23.777,23.762,23.762,23.777,23.739,23.785,23.739,23.732,23.716,23.732,23.724,23.739,23.747,23.747,23.739,23.739,23.724,23.724,23.747,23.716,23.762,23.755,23.709,23.724,23.724,23.739,23.724,23.709,23.701,23.693,23.709,23.671,23.686,23.678,23.678,23.709,23.678,23.686,23.678,23.678,23.686,23.693,23.686,23.693,23.678,23.671,23.686,23.716,23.709,23.686,23.693,23.701,23.693,23.716,23.732,23.693,23.709,23.678,23.671,23.693,23.671,23.686,23.678,23.678,23.686,23.686,23.686,23.686,23.686,23.678,23.693,23.655,23.686,23.671,23.671,23.686,23.678,23.678,23.686,23.686,23.709,23.701,23.678,23.678,23.709,23.678,23.678,23.678,23.671,23.663,23.648,23.632,23.655,23.64,23.663,23.648,23.686,23.678,23.678,23.709,23.678,23.671
,23.64,23.663,23.678,23.686,23.678,23.671,23.663,23.663,23.663,23.686,23.671,23.678,23.671,23.686,23.701,23.701,23.724,23.716,23.686,23.701,23.732,23.762,23.716,23.732,23.739,23.709,23.724,23.762,23.77,23.785,23.755,23.77,23.762,23.762,23.755,23.762,23.77,23.777,23.785,23.8,23.793,23.816,23.808,23.831,23.831,23.838,23.831,23.854,23.831,23.823,23.831,23.831,23.823,23.793,23.8,23.808,23.808,23.823,23.831,23.838,23.838,23.854,23.838,23.831,23.846,23.831,23.846,23.846,23.838,23.831,23.831,23.838,23.846,23.846,23.831,23.877,23.869,23.877,23.877,23.877,23.861,23.869,23.877,23.877,23.915,23.892,23.884,23.877,23.877,23.869,23.877,23.869,23.884,23.861,23.884,23.884,23.884,23.884,23.915,23.877,23.892,23.892,23.899,23.892,23.907,23.899,23.899,23.899,23.884,23.884,23.907,23.899,23.915,23.915,23.938,23.96,23.953,23.96,23.96,23.938,23.938,23.93,23.945,23.96,23.96,23.96,23.953,23.953,23.945,23.953,23.945,23.938,23.945,23.953,23.945,23.96,23.953,23.968,23.96,23.976,23.976,23.983,23.983,23.976,23.968,23.976,23.968,23.983,23.976,23.983,23.991,24.006,24.006,24.021,24.014,24.006,24.014,23.991,24.037,24.037,24.021,24.021,24.021,24.014,24.006,24.014,24.021,24.044,24.052,24.037,24.037,24.044,24.044,24.059,24.037,24.044,24.044,24.075,24.082,24.097,24.09,24.075,24.075,24.067,24.059,24.067,24.082,24.075,24.09,24.075,24.113,24.12,24.105,24.097,24.113,24.097,24.097,24.097,24.105,24.113,24.128,24.113,24.12,24.12,24.12,24.128,24.12,24.128,24.12,24.12,24.09,24.105,24.105,24.105,24.113,24.113,24.097,24.097,24.105,24.113,24.128,24.12,24.158,24.151,24.166,24.166,24.158,24.173,24.189,24.196,24.211,24.227,24.234,24.234,24.249,24.28,24.303,24.318,24.356,24.371,24.424,24.424,24.447,24.447,24.47,24.5,24.523,24.598,24.606,24.651,24.712,24.75,24.84,25.029,25.187,25.24,25.42,25.428,25.443,25.473,25.488,25.615,26.057,26.533,26.83,27.34,28.031,28.477,29.037,29.976,30.758,31.788,32.781,33.995,34.085,34.022,34.064,34.168,34.272,34.417,34.548,34.658,34.865,34.961,35.057,35.057,34.961,34.527,34.417,34.424,34.438,34.886,35.085,35.53,35.647,35.722,35.735,35.647,35.756,35.715,35.79,35.92,35.906,35.94,36.206,36.369,36.403,36.572,36.606,36.735,36.769,36.735,36.816,36.87,36.897,36.856,36.85,36.829,36.769,36.714,36.599,36.681,36.721,36.714,36.389,35.94,35.735,35.592,35.496,35.612,35.64,35.729,35.742,35.804,35.845,35.879,35.906,36.049,36.042,36.076,36.083,36.178,36.206,36.28,36.355,36.226,36.131,36.083,35.933,35.92,35.81,35.995,36.735,36.856,36.924,36.985,36.938,36.91,36.823,36.762,36.667,36.647,36.633,36.504,36.416,36.307,36.24,36.029,35.94,35.749,35.647,35.592,35.565,35.489,35.482,35.469,35.476,35.482,35.565,35.53,35.565,35.544,35.366,34.734,34.327,34.216,34.555,35.291,35.352,35.318,35.284,35.16,35.03,34.872,34.327,34.202,34.209,34.382,34.451,33.724,32.613,31.718,30.558,30.12,29.182,28.645,27.921,27.015,26.556,26.012,25.51,25.172,24.999,24.871,24.712,24.674,24.644,24.606,24.576,24.545,24.515,24.492,24.477,24.454,24.424,24.416,24.341,24.303,24.287,24.265,24.242,24.204,24.181,24.189,24.128,24.135,24.12,24.113,24.075,24.075,24.067,24.059,24.067,24.059,24.052,24.044,24.067,24.052,24.044,24.037,24.021,24.029,24.014,24.014,24.037,24.021,23.998,23.983,23.96,23.953,23.953,23.96,23.968,23.976,23.968,23.968,23.968,23.953,23.96,23.93,23.907,23.93,23.93,23.938,23.96,23.968,23.945,23.945,23.953,23.938,23.96,23.96,23.938,23.938,23.938,23.93,23.922,23.899,23.907,23.899,23.877,23.884,23.877,23.861,23.838,23.854,23.861,23.861,23.869,23.907,23.892,23.907,23.877,23.869,23.869,23.869,23.884,23.877,23.884,23.869,23.846,23.884,23.861,23.861,23.861,23.846,23.854,23.846,23.838,23.846,23.846,23.846,23.854,23.838,23.831,23.793,23.808,23.793,23.793,23.785,23.785,23.777,23.793,23.8,23.793,23.777,23.785,23.785,23.777,23.762,23.8,23.777,23.732,23.77,23.755,23.762,23.747,23.739,23.747,23.755,23.762,23.755,23.747,23.747,23.732,23.732,23.747,23.732,23.762,23.755,23.739,23.755,23.739,23.739,23.739,23.739,23.709,23.693,23.686,23.678,23.693,23.709,23.709,23.701,23.693,23.693,23.693,23.693,23.686,23.686,23.686,23.678,23.686,23.671,23.671,23.693,23.686,23.701,23.663,23.686,23.693,23.686,23.686,23.663,23.686,23.678,23.678,23.678,23.693,23.671,23.686,23.671,23.678,23.678,23.678,23.686,23.693,23.678,23.678,23.671,23.693,23.678,23.678,23.686,23.686,23.686,23.693,23.693,23.686,23.716,23.686,23.709,23.724,23.709,23.716,23.693,23.671,23.671,23.632,23.655,23.648,23.648,23.655,23.648,23.663,23.686,23.686,23.693,23.678,23.571
,23.64,23.663,23.693,23.693,23.693,23.678,23.671,23.671,23.663,23.671,23.671,23.663,23.686,23.701,23.686,23.686,23.709,23.709,23.724,23.709,23.747,23.732,23.739,23.732,23.686,23.701,23.747,23.77,23.747,23.77,23.793,23.777,23.777,23.77,23.762,23.762,23.755,23.777,23.8,23.8,23.793,23.793,23.854,23.861,23.861,23.846,23.8,23.793,23.838,23.846,23.854,23.8,23.838,23.8,23.823,23.808,23.8,23.831,23.808,23.838,23.846,23.854,23.846,23.861,23.854,23.816,23.823,23.846,23.838,23.831,23.838,23.823,23.854,23.816,23.861,23.869,23.869,23.884,23.877,23.869,23.861,23.854,23.869,23.869,23.907,23.899,23.899,23.899,23.884,23.877,23.892,23.861,23.892,23.892,23.884,23.899,23.899,23.892,23.884,23.899,23.899,23.892,23.884,23.892,23.892,23.892,23.884,23.907,23.899,23.899,23.915,23.892,23.945,23.93,23.953,23.953,23.968,23.953,23.945,23.953,23.953,23.953,23.96,23.953,23.983,23.945,23.96,23.945,23.953,23.945,23.945,23.945,23.953,23.96,23.96,23.968,23.968,23.968,23.983,23.991,23.998,23.991,23.991,23.983,23.983,23.976,23.953,23.968,23.976,23.998,24.006,24.006,24.029,24.044,24.037,24.029,24.014,24.014,24.014,24.014,24.014,24.021,24.037,24.037,24.029,24.059,24.037,24.037,24.044,24.044,24.037,24.037,24.029,24.044,24.037,24.021,24.082,24.09,24.097,24.097,24.09,24.075,24.067,24.075,24.075,24.075,24.09,24.075,24.082,24.082,24.097,24.105,24.105,24.105,24.105,24.113,24.12,24.113,24.105,24.128,24.113,24.12,24.12,24.135,24.143,24.128,24.143,24.135,24.135,24.128,24.135,24.12,24.097,24.12,24.113,24.105,24.097,24.113,24.12,24.113,24.128,24.12,24.128,24.181,24.196,24.211,24.196,24.189,24.196,24.219,24.219,24.227,24.242,24.242,24.265,24.28,24.303,24.333,24.363,24.379,24.424,24.447,24.454,24.485,24.47,24.515,24.53,24.56,24.598,24.666,24.689,24.795,24.969,25.074,25.27,25.368,25.42,25.42,25.42,25.45,25.45,25.773,26.146,26.608,27.252,27.569,28.207,28.703,29.645,30.45,31.427,32.184,33.613,34.444,34.133,34.085,34.14,34.195,34.444,34.555,34.631,34.817,34.968,35.037,35.147,35.167,35.188,34.879,34.472,34.424,34.5,35.099,35.571,35.729,35.729,35.688,35.64,35.606,35.599,35.653,35.722,35.79,35.817,35.899,36.069,36.341,36.341,36.498,36.64,36.782,36.748,36.769,36.829,36.85,36.877,36.883,36.883,36.782,36.687,36.708,36.572,36.409,36.491,36.246,35.879,35.79,35.742,35.708,35.715,35.688,35.783,35.81,35.824,35.879,35.886,35.886,36.015,36.035,36.056,36.138,36.124,36.212,36.362,36.355,36.382,36.348,36.328,36.158,36.144,36.001,35.96,35.838,36.069,36.708,36.863,36.87,36.823,36.863,36.85,36.769,36.775,36.762,36.66,36.667,36.45,36.348,36.192,36.029,35.845,35.729,35.667,35.592,35.558,35.489,35.448,35.441,35.462,35.448,35.489,35.537,35.592,35.585,35.551,35.105,34.769,34.265,34.112,34.486,34.941,35.037,35.298,35.277,35.133,34.858,34.444,34.202,34.112,34.223,34.493,34.092,33.341,32.226,31.37,30.529,29.53,28.812,28.112,27.333,26.793,26.258,25.72,25.217,24.961,24.818,24.78,24.712,24.682,24.636,24.591,24.553,24.538,24.507,24.5,24.462,24.439,24.401,24.379,24.333,24.295,24.272,24.265,24.249,24.211,24.189,24.151,24.151,24.12,24.12,24.113,24.097,24.09,24.082,24.09,24.075,24.075,24.067,24.052,24.067,24.037,24.052,24.037,24.044,24.037,24.029,24.021,24.021,24.006,23.976,23.968,23.96,23.96,23.968,23.976,23.976,23.983,23.968,23.968,23.968,23.96,23.953,23.922,23.93,23.922,23.938,23.945,23.968,23.96,23.938,23.945,23.945,23.945,23.96,23.945,23.945,23.953,23.93,23.93,23.922,23.907,23.907,23.907,23.892,23.899,23.892,23.869,23.854,23.854,23.854,23.877,23.884,23.907,23.915,23.884,23.877,23.869,23.884,23.892,23.892,23.899,23.892,23.869,23.869,23.877,23.877,23.854,23.854,23.831,23.846,23.854,23.854,23.854,23.854,23.846,23.831,23.838,23.816,23.816,23.793,23.785,23.777,23.785,23.777,23.77,23.793,23.8,23.8,23.793,23.777,23.785,23.777,23.785,23.785,23.793,23.762,23.77,23.755,23.762,23.755,23.785,23.762,23.777,23.762,23.747,23.724,23.716,23.724,23.739,23.747,23.747,23.747,23.732,23.77,23.755,23.755,23.747,23.739,23.716,23.709,23.693,23.678,23.709,23.686,23.686,23.716,23.716,23.709,23.709,23.693,23.693,23.693,23.693,23.701,23.701,23.686,23.716,23.701,23.701,23.693,23.686,23.678,23.678,23.678,23.671,23.686,23.693,23.701,23.693,23.686,23.693,23.686,23.671,23.678,23.678,23.671,23.686,23.709,23.693,23.671,23.686,23.701,23.678,23.701,23.693,23.701,23.693,23.663,23.686,23.663,23.686,23.686,23.701,23.716,23.732,23.732,23.709,23.693,23.678,23.655,23.64,23.648,23.648,23.655,23.678,23.663,23.678,23.686,23.686,23.693,23.716,23.625
,23.632,23.678,23.701,23.693,23.693,23.686,23.655,23.663,23.663,23.655,23.671,23.671,23.678,23.693,23.716,23.709,23.686,23.701,23.732,23.701,23.709,23.732,23.732,23.755,23.716,23.747,23.732,23.747,23.762,23.77,23.793,23.785,23.785,23.77,23.77,23.77,23.77,23.77,23.777,23.777,23.785,23.823,23.793,23.854,23.854,23.8,23.823,23.808,23.831,23.831,23.854,23.823,23.831,23.808,23.8,23.846,23.823,23.838,23.831,23.823,23.846,23.838,23.846,23.854,23.861,23.846,23.816,23.831,23.831,23.831,23.831,23.823,23.831,23.838,23.838,23.846,23.869,23.877,23.869,23.869,23.854,23.854,23.884,23.884,23.915,23.899,23.915,23.915,23.922,23.907,23.884,23.899,23.892,23.884,23.884,23.877,23.884,23.892,23.877,23.915,23.884,23.892,23.907,23.899,23.892,23.884,23.892,23.892,23.877,23.892,23.899,23.892,23.907,23.938,23.915,23.976,23.953,23.96,23.953,23.953,23.96,23.968,23.968,23.968,23.976,23.968,23.96,23.96,23.976,23.945,23.945,23.945,23.968,23.968,23.976,23.968,23.983,23.983,23.991,23.983,23.998,23.998,23.976,23.976,23.998,23.991,23.998,23.991,24.006,24.014,24.006,24.021,24.037,24.037,24.044,24.037,24.021,24.014,24.021,24.021,24.021,24.029,24.037,24.037,24.052,24.052,24.044,24.044,24.052,24.037,24.044,24.029,24.029,24.044,24.059,24.059,24.075,24.097,24.105,24.097,24.082,24.075,24.075,24.075,24.075,24.082,24.097,24.105,24.097,24.09,24.09,24.105,24.12,24.105,24.105,24.105,24.135,24.135,24.128,24.113,24.128,24.143,24.143,24.128,24.128,24.135,24.135,24.135,24.143,24.158,24.128,24.128,24.128,24.113,24.12,24.113,24.105,24.113,24.12,24.12,24.135,24.151,24.158,24.173,24.166,24.204,24.189,24.189,24.204,24.219,24.234,24.249,24.257,24.265,24.272,24.287,24.31,24.325,24.363,24.379,24.409,24.462,24.462,24.485,24.5,24.507,24.53,24.576,24.629,24.704,24.742,24.878,25.059,25.157,25.27,25.368,25.375,25.405,25.443,25.45,25.593,26.072,26.228,26.845,27.583,27.892,28.346,29.03,29.775,30.643,31.788,32.907,33.939,34.651,34.182,34.126,34.154,34.265,34.389,34.589,34.7,34.831,35.105,35.126,35.202,35.243,35.263,34.975,34.582,34.672,35.037,35.571,35.729,35.722,35.681,35.599,35.585,35.578,35.592,35.612,35.708,35.763,35.77,35.824,35.967,36.097,36.369,36.484,36.613,36.721,36.877,36.917,36.904,36.924,36.931,36.883,36.775,36.735,36.674,36.579,36.538,36.294,36.131,35.735,35.701,35.797,35.776,35.81,35.831,35.858,35.851,35.851,35.947,35.954,35.933,36.042,36.015,36.035,36.117,36.165,36.206,36.267,36.341,36.423,36.403,36.416,36.348,36.362,36.219,36.212,36.158,35.981,35.974,36.382,36.694,36.762,36.789,36.836,36.802,36.829,36.823,36.755,36.701,36.559,36.45,36.287,36.199,36.001,35.851,35.77,35.667,35.619,35.585,35.503,35.462,35.455,35.428,35.455,35.544,35.544,35.558,35.599,35.544,35.53,35.4,34.479,34.064,33.87,34.306,34.624,35.064,35.133,35.14,35.009,34.576,34.251,34.133,34.258,34.493,34.431,33.606,32.437,31.498,30.579,29.969,29.226,28.608,27.84,27.148,26.563,26.116,25.54,25.097,24.878,24.78,24.75,24.697,24.682,24.621,24.598,24.553,24.53,24.507,24.477,24.447,24.424,24.386,24.333,24.341,24.28,24.265,24.249,24.211,24.189,24.181,24.158,24.135,24.143,24.128,24.113,24.12,24.097,24.082,24.082,24.075,24.075,24.067,24.052,24.044,24.052,24.029,24.044,24.044,24.044,24.029,24.021,23.983,23.968,23.96,23.96,23.96,23.976,23.983,23.983,23.976,23.991,23.976,23.968,23.968,23.922,23.938,23.93,23.938,23.938,23.945,23.976,23.96,23.953,23.938,23.938,23.93,23.938,23.953,23.938,23.938,23.945,23.915,23.922,23.915,23.907,23.915,23.915,23.869,23.861,23.869,23.861,23.861,23.869,23.877,23.892,23.884,23.892,23.884,23.884,23.877,23.899,23.892,23.892,23.899,23.884,23.884,23.877,23.884,23.854,23.861,23.854,23.846,23.846,23.846,23.854,23.854,23.854,23.846,23.831,23.861,23.816,23.823,23.8,23.793,23.785,23.777,23.777,23.785,23.777,23.785,23.793,23.8,23.808,23.793,23.785,23.777,23.793,23.777,23.762,23.77,23.755,23.762,23.755,23.77,23.77,23.77,23.77,23.732,23.762,23.709,23.724,23.739,23.739,23.762,23.747,23.747,23.732,23.755,23.762,23.77,23.755,23.709,23.709,23.701,23.709,23.709,23.724,23.701,23.709,23.709,23.732,23.709,23.701,23.701,23.686,23.693,23.686,23.709,23.693,23.701,23.724,23.701,23.709,23.693,23.671,23.678,23.678,23.693,23.678,23.701,23.709,23.686,23.709,23.678,23.701,23.701,23.655,23.648,23.671,23.686,23.686,23.671,23.693,23.701,23.716,23.701,23.709,23.701,23.686,23.693,23.663,23.678,23.655,23.686,23.671,23.701,23.709,23.724,23.716,23.716,23.693,23.64,23.686,23.655,23.671,23.671,23.663,23.663,23.678,23.686,23.701,23.693,23.709,23.701,23.632
,23.617,23.686,23.693,23.709,23.693,23.686,23.671,23.671,23.663,23.655,23.663,23.671,23.671,23.678,23.678,23.693,23.709,23.716,23.709,23.732,23.762,23.724,23.739,23.732,23.755,23.732,23.747,23.739,23.755,23.793,23.8,23.793,23.793,23.785,23.77,23.785,23.793,23.793,23.8,23.823,23.8,23.8,23.808,23.808,23.823,23.823,23.831,23.823,23.808,23.816,23.808,23.823,23.861,23.831,23.816,23.8,23.8,23.808,23.816,23.831,23.838,23.846,23.854,23.846,23.846,23.838,23.831,23.816,23.816,23.831,23.808,23.823,23.831,23.831,23.846,23.846,23.869,23.884,23.877,23.884,23.861,23.861,23.892,23.899,23.907,23.922,23.907,23.907,23.899,23.907,23.915,23.892,23.877,23.877,23.861,23.869,23.869,23.861,23.877,23.915,23.915,23.892,23.915,23.907,23.915,23.899,23.884,23.884,23.877,23.884,23.892,23.907,23.93,23.96,23.968,23.953,23.968,23.968,23.953,23.96,23.96,23.976,23.983,23.991,23.968,23.96,23.953,23.945,23.945,23.945,23.945,23.96,23.976,23.991,23.983,23.983,23.976,23.998,24.006,23.998,23.991,23.991,23.991,23.983,23.991,23.991,23.968,24.014,24.029,24.021,24.037,24.037,24.044,24.044,24.037,24.037,24.029,24.029,24.037,24.029,24.037,24.037,24.037,24.044,24.052,24.052,24.052,24.052,24.059,24.059,24.052,24.044,24.037,24.044,24.044,24.067,24.09,24.09,24.097,24.09,24.09,24.075,24.075,24.075,24.082,24.09,24.097,24.105,24.082,24.097,24.097,24.105,24.12,24.128,24.105,24.113,24.113,24.143,24.135,24.128,24.12,24.128,24.128,24.128,24.12,24.12,24.128,24.151,24.151,24.143,24.151,24.135,24.128,24.12,24.12,24.113,24.12,24.128,24.128,24.135,24.151,24.143,24.166,24.173,24.181,24.196,24.204,24.204,24.227,24.242,24.242,24.257,24.257,24.272,24.272,24.303,24.341,24.341,24.363,24.379,24.409,24.462,24.477,24.492,24.53,24.507,24.568,24.591,24.651,24.697,24.78,24.863,25.014,25.18,25.285,25.36,25.383,25.405,25.42,25.443,25.892,26.191,26.422,27.259,27.605,28.287,28.979,29.486,30.041,31.235,32.184,33.431,34.589,34.576,34.195,34.14,34.182,34.244,34.355,34.651,34.872,35.023,35.188,35.215,35.222,35.304,34.892,34.285,34.513,34.954,35.571,35.667,35.708,35.66,35.571,35.537,35.544,35.551,35.585,35.592,35.653,35.722,35.797,35.824,35.967,36.001,36.206,36.375,36.586,36.714,36.829,36.91,36.971,36.951,36.951,36.924,36.775,36.647,36.572,36.498,36.328,35.503,35.359,35.393,35.517,35.708,35.845,35.92,35.92,35.967,35.94,35.988,36.015,36.056,36.069,36.049,36.076,36.104,36.144,36.233,36.274,36.362,36.409,36.423,36.423,36.436,36.43,36.43,36.355,36.206,36.165,36.056,35.96,35.947,36.321,36.674,36.687,36.816,36.829,36.877,36.816,36.708,36.694,36.518,36.314,36.185,36.158,35.947,35.81,35.776,35.667,35.599,35.578,35.496,35.476,35.435,35.435,35.428,35.489,35.524,35.503,35.578,35.544,35.585,35.544,35.105,34.417,34.438,35.167,35.291,35.291,35.147,35.064,34.982,34.851,34.355,34.126,34.112,34.479,34.486,33.925,32.971,31.93,31.384,30.407,29.392,28.71,28.112,27.325,26.852,26.213,25.608,25.255,24.969,24.871,24.81,24.75,24.697,24.659,24.621,24.583,24.545,24.53,24.5,24.447,24.424,24.394,24.379,24.341,24.318,24.295,24.265,24.249,24.219,24.173,24.166,24.173,24.135,24.143,24.128,24.12,24.105,24.09,24.067,24.075,24.067,24.059,24.052,24.044,24.021,24.029,24.037,24.044,24.037,24.029,24.006,23.998,23.983,23.968,23.968,23.976,23.983,23.991,23.983,23.991,23.983,23.96,23.968,23.976,23.96,23.938,23.93,23.938,23.953,23.96,23.96,23.96,23.953,23.945,23.93,23.938,23.93,23.953,23.96,23.983,23.953,23.953,23.938,23.93,23.922,23.922,23.899,23.899,23.892,23.884,23.884,23.892,23.892,23.899,23.899,23.884,23.877,23.892,23.892,23.877,23.884,23.892,23.899,23.899,23.877,23.861,23.838,23.869,23.869,23.861,23.854,23.861,23.854,23.854,23.854,23.854,23.854,23.846,23.854,23.846,23.838,23.816,23.816,23.793,23.793,23.777,23.785,23.785,23.8,23.8,23.785,23.793,23.793,23.793,23.8,23.793,23.785,23.762,23.77,23.762,23.747,23.755,23.77,23.777,23.777,23.77,23.762,23.77,23.732,23.709,23.732,23.732,23.747,23.755,23.755,23.747,23.747,23.755,23.762,23.777,23.77,23.724,23.732,23.724,23.709,23.747,23.709,23.709,23.716,23.732,23.709,23.701,23.701,23.701,23.701,23.686,23.693,23.671,23.686,23.732,23.701,23.701,23.709,23.701,23.693,23.686,23.678,23.709,23.716,23.701,23.709,23.716,23.716,23.701,23.693,23.678,23.655,23.716,23.701,23.655,23.693,23.678,23.709,23.709,23.709,23.709,23.701,23.709,23.701,23.663,23.678,23.648,23.701,23.663,23.709,23.701,23.716,23.724,23.709,23.701,23.709,23.671,23.678,23.648,23.671,23.655,23.671,23.693,23.671,23.686,23.701,23.709,23.724,23.724,23.709
,23.678,23.693,23.693,23.709,23.724,23.716,23.671,23.663,23.671,23.663,23.663,23.663,23.663,23.686,23.671,23.686,23.678,23.632,23.671,23.732,23.716,23.732,23.716,23.739,23.732,23.709,23.724,23.747,23.739,23.77,23.777,23.785,23.785,23.785,23.777,23.77,23.793,23.777,23.8,23.777,23.793,23.816,23.77,23.793,23.777,23.762,23.838,23.785,23.793,23.823,23.838,23.846,23.838,23.838,23.793,23.831,23.831,23.831,23.831,23.846,23.846,23.846,23.846,23.846,23.816,23.838,23.816,23.831,23.823,23.816,23.823,23.823,23.823,23.831,23.838,23.838,23.869,23.869,23.899,23.877,23.877,23.869,23.884,23.892,23.899,23.899,23.899,23.899,23.892,23.907,23.953,23.884,23.892,23.892,23.861,23.884,23.884,23.884,23.877,23.922,23.892,23.915,23.907,23.907,23.892,23.899,23.877,23.884,23.884,23.899,23.884,23.899,23.93,23.922,23.976,23.96,23.968,23.968,23.953,23.968,23.968,23.983,23.991,23.991,23.983,23.96,23.953,23.953,23.93,23.945,23.953,23.96,23.983,23.991,23.983,23.991,23.991,23.983,23.983,23.998,23.976,23.991,23.998,23.983,23.991,23.998,24.006,24.014,24.021,24.029,24.037,24.052,24.037,24.044,24.044,24.044,24.037,24.044,24.044,24.059,24.052,24.044,24.067,24.052,24.067,24.059,24.067,24.059,24.067,24.044,24.052,24.059,24.052,24.052,24.044,24.052,24.067,24.09,24.09,24.09,24.09,24.082,24.082,24.09,24.097,24.097,24.097,24.09,24.09,24.097,24.113,24.12,24.105,24.113,24.113,24.12,24.113,24.113,24.135,24.135,24.143,24.135,24.135,24.143,24.128,24.135,24.135,24.151,24.151,24.151,24.143,24.143,24.143,24.128,24.12,24.12,24.128,24.128,24.143,24.166,24.158,24.166,24.173,24.173,24.196,24.196,24.219,24.219,24.242,24.242,24.265,24.28,24.28,24.28,24.325,24.318,24.341,24.341,24.363,24.409,24.409,24.47,24.485,24.5,24.53,24.523,24.538,24.598,24.644,24.735,24.871,25.006,25.112,25.21,25.323,25.383,25.375,25.39,25.42,25.593,25.9,26.273,26.674,27.451,27.906,28.302,29.291,29.768,30.629,31.569,32.76,34.189,34.789,34.693,34.202,34.202,34.209,34.23,34.444,34.665,34.865,35.202,35.229,35.243,34.954,34.313,33.64,33.689,34.569,35.517,35.674,35.708,35.667,35.667,35.517,35.517,35.517,35.503,35.571,35.619,35.612,35.722,35.797,35.879,35.906,36.029,36.151,36.457,36.565,36.626,36.735,36.836,37.012,37.005,36.992,36.978,36.87,36.613,36.545,35.551,35.229,35.188,35.222,35.304,35.667,35.729,35.899,35.926,35.974,36.008,36.069,36.042,36.076,36.131,36.124,36.09,36.138,36.178,36.185,36.233,36.267,36.389,36.436,36.423,36.436,36.464,36.464,36.45,36.43,36.355,36.246,36.212,35.892,35.797,35.947,36.457,36.701,36.748,36.856,36.863,36.748,36.769,36.477,36.301,36.219,36.212,36.124,35.96,35.81,35.722,35.667,35.592,35.558,35.517,35.476,35.448,35.421,35.407,35.421,35.441,35.469,35.482,35.544,35.619,35.626,35.428,34.851,34.444,34.596,35.236,35.256,35.215,35.147,34.954,34.775,34.472,34.382,34.279,34.424,34.582,34.375,33.418,32.515,31.47,30.6,29.775,28.87,28.535,27.524,27.119,26.444,26.079,25.45,24.984,24.893,24.818,24.757,24.719,24.659,24.629,24.606,24.56,24.538,24.507,24.462,24.439,24.401,24.386,24.341,24.318,24.318,24.28,24.272,24.234,24.196,24.166,24.166,24.151,24.158,24.128,24.12,24.113,24.097,24.09,24.075,24.067,24.059,24.044,24.037,24.021,24.037,24.029,24.037,24.044,24.021,24.006,23.991,23.976,23.96,23.976,23.983,23.983,23.983,23.976,23.983,23.983,23.96,23.983,23.968,23.953,23.96,23.945,23.945,23.945,23.968,23.976,23.96,23.96,23.945,23.938,23.938,23.945,23.976,23.983,23.968,23.953,23.938,23.938,23.938,23.915,23.915,23.915,23.915,23.915,23.907,23.899,23.892,23.907,23.877,23.899,23.884,23.892,23.892,23.877,23.877,23.892,23.892,23.892,23.877,23.899,23.869,23.869,23.838,23.861,23.846,23.846,23.846,23.854,23.854,23.861,23.846,23.861,23.846,23.846,23.846,23.838,23.823,23.816,23.8,23.793,23.785,23.777,23.785,23.777,23.808,23.785,23.8,23.808,23.793,23.793,23.816,23.8,23.793,23.77,23.762,23.755,23.747,23.77,23.77,23.77,23.77,23.777,23.739,23.747,23.732,23.724,23.739,23.739,23.755,23.755,23.762,23.732,23.77,23.755,23.739,23.762,23.747,23.739,23.77,23.716,23.709,23.709,23.716,23.701,23.701,23.716,23.716,23.709,23.693,23.693,23.686,23.678,23.678,23.671,23.709,23.701,23.693,23.709,23.693,23.693,23.678,23.686,23.724,23.732,23.747,23.732,23.732,23.709,23.709,23.701,23.671,23.693,23.663,23.686,23.655,23.693,23.671,23.716,23.686,23.709,23.709,23.686,23.709,23.709,23.678,23.693,23.693,23.671,23.709,23.701,23.716,23.709,23.709,23.701,23.678,23.671,23.663,23.655,23.686,23.701,23.701,23.686,23.693,23.693,23.732,23.701,23.716,23.739,23.732,23.732
,23.701,23.686,23.686,23.709,23.709,23.709,23.686,23.678,23.663,23.663,23.663,23.671,23.678,23.686,23.693,23.693,23.693,23.663,23.671,23.693,23.716,23.701,23.709,23.724,23.747,23.732,23.716,23.732,23.755,23.755,23.777,23.777,23.785,23.77,23.77,23.777,23.785,23.785,23.785,23.785,23.777,23.793,23.793,23.785,23.762,23.777,23.793,23.823,23.785,23.831,23.838,23.823,23.846,23.816,23.846,23.831,23.846,23.861,23.877,23.854,23.861,23.854,23.846,23.846,23.831,23.838,23.831,23.838,23.831,23.831,23.831,23.838,23.823,23.838,23.838,23.854,23.846,23.884,23.869,23.869,23.877,23.907,23.899,23.907,23.907,23.907,23.892,23.907,23.907,23.915,23.892,23.869,23.884,23.861,23.877,23.869,23.892,23.884,23.877,23.899,23.922,23.93,23.922,23.907,23.922,23.892,23.899,23.899,23.869,23.892,23.922,23.907,23.953,23.945,23.96,23.96,23.945,23.953,23.96,23.953,23.968,23.983,23.998,23.998,23.998,23.976,23.953,23.945,23.945,23.938,23.953,23.96,23.968,23.983,23.991,23.998,23.991,23.991,23.96,23.991,23.968,23.983,23.991,23.991,23.991,24.014,23.998,24.021,24.037,24.029,24.029,24.044,24.029,24.037,24.037,24.044,24.044,24.059,24.067,24.059,24.067,24.067,24.052,24.067,24.067,24.059,24.067,24.067,24.067,24.075,24.067,24.059,24.067,24.052,24.052,24.075,24.067,24.082,24.09,24.09,24.09,24.09,24.09,24.105,24.105,24.105,24.097,24.105,24.097,24.097,24.12,24.12,24.135,24.128,24.12,24.128,24.113,24.135,24.135,24.135,24.135,24.135,24.135,24.135,24.135,24.135,24.135,24.151,24.151,24.158,24.151,24.143,24.135,24.135,24.128,24.12,24.135,24.143,24.158,24.158,24.181,24.189,24.181,24.204,24.196,24.204,24.204,24.227,24.234,24.257,24.272,24.303,24.303,24.318,24.318,24.341,24.363,24.386,24.394,24.416,24.416,24.477,24.507,24.507,24.553,24.53,24.606,24.606,24.704,24.795,24.908,25.029,25.104,25.24,25.277,25.33,25.383,25.383,25.458,25.84,26.139,26.697,27.178,27.642,28.338,28.856,29.436,30.012,31.086,32.142,33.445,34.769,35.112,34.7,34.182,34.189,34.244,34.431,34.596,34.844,35.119,35.256,35.229,35.27,35.298,34.982,34.624,34.858,35.174,35.578,35.715,35.715,35.681,35.619,35.503,35.476,35.503,35.476,35.53,35.606,35.681,35.722,35.742,35.858,35.933,36.029,36.138,36.26,36.525,36.62,36.667,36.708,36.917,36.985,36.971,37.039,36.87,36.653,35.489,35.105,35.037,35.188,35.263,35.393,35.544,35.708,35.926,35.879,36.056,36.063,36.083,36.131,36.11,36.165,36.178,36.206,36.226,36.219,36.233,36.287,36.287,36.403,36.423,36.45,36.457,36.464,36.477,36.484,36.464,36.43,36.348,36.24,36.158,35.831,35.858,35.92,36.484,36.525,36.681,36.565,36.579,36.382,36.301,36.274,36.165,36.104,35.988,35.879,35.824,35.804,35.742,35.612,35.599,35.53,35.496,35.435,35.393,35.346,35.277,35.208,35.222,35.174,35.291,35.544,35.599,35.606,35.174,34.486,34.23,34.886,35.243,35.236,35.202,34.927,34.851,34.424,34.306,34.175,34.348,34.582,34.424,33.613,32.795,31.916,30.929,30.321,29.479,28.768,27.98,27.289,26.608,26.012,25.518,25.172,24.871,24.825,24.78,24.735,24.682,24.659,24.613,24.583,24.553,24.523,24.492,24.439,24.409,24.379,24.371,24.348,24.325,24.31,24.28,24.265,24.211,24.196,24.173,24.173,24.166,24.143,24.135,24.12,24.097,24.082,24.075,24.052,24.059,24.059,24.044,24.037,24.029,24.037,24.029,24.037,24.021,24.029,24.014,23.991,23.991,23.976,23.983,23.976,23.991,24.006,23.983,23.998,23.991,23.998,23.976,23.976,23.968,23.953,23.968,23.976,23.976,23.976,23.968,23.968,23.953,23.953,23.953,23.96,23.968,23.968,23.983,23.96,23.953,23.93,23.968,23.922,23.93,23.922,23.922,23.922,23.915,23.915,23.899,23.915,23.892,23.907,23.915,23.884,23.899,23.899,23.884,23.877,23.869,23.892,23.907,23.854,23.899,23.869,23.869,23.877,23.854,23.861,23.869,23.854,23.869,23.869,23.854,23.854,23.838,23.877,23.831,23.823,23.823,23.823,23.816,23.816,23.793,23.785,23.785,23.777,23.77,23.808,23.8,23.8,23.816,23.816,23.8,23.808,23.777,23.785,23.777,23.762,23.755,23.762,23.762,23.762,23.777,23.762,23.732,23.747,23.739,23.739,23.755,23.762,23.755,23.755,23.77,23.747,23.77,23.747,23.762,23.755,23.762,23.747,23.762,23.777,23.747,23.716,23.709,23.724,23.716,23.724,23.709,23.693,23.701,23.701,23.678,23.678,23.693,23.693,23.701,23.709,23.709,23.693,23.693,23.701,23.701,23.709,23.732,23.739,23.739,23.739,23.732,23.716,23.693,23.686,23.686,23.693,23.678,23.701,23.709,23.686,23.732,23.724,23.724,23.709,23.709,23.693,23.686,23.686,23.709,23.693,23.671,23.716,23.686,23.701,23.701,23.716,23.693,23.693,23.678,23.686,23.671,23.686,23.716,23.701,23.724,23.709,23.709,23.709,23.709,23.709,23.716,23.724,23.739,23.732
,23.716,23.716,23.716,23.724,23.732,23.709,23.693,23.693,23.686,23.671,23.678,23.678,23.648,23.693,23.701,23.678,23.701,23.686,23.671,23.701,23.693,23.701,23.739,23.755,23.747,23.724,23.709,23.716,23.755,23.747,23.77,23.77,23.777,23.762,23.777,23.777,23.777,23.77,23.77,23.808,23.793,23.793,23.8,23.793,23.755,23.785,23.785,23.77,23.8,23.793,23.831,23.823,23.808,23.823,23.838,23.823,23.838,23.854,23.854,23.846,23.854,23.846,23.831,23.831,23.831,23.823,23.838,23.831,23.846,23.838,23.823,23.846,23.823,23.831,23.831,23.838,23.854,23.861,23.854,23.877,23.877,23.877,23.892,23.915,23.899,23.899,23.899,23.899,23.907,23.892,23.907,23.869,23.884,23.884,23.892,23.884,23.877,23.884,23.877,23.899,23.899,23.922,23.93,23.922,23.915,23.892,23.899,23.892,23.899,23.907,23.922,23.915,23.938,23.96,23.968,23.968,23.968,23.968,23.953,23.96,23.96,23.983,23.991,24.006,23.998,23.968,23.96,23.938,23.938,23.922,23.953,23.953,23.976,23.976,23.991,23.991,23.991,23.968,23.96,24.006,23.968,23.983,23.998,23.998,23.998,24.006,24.006,24.014,24.029,24.037,24.044,24.029,24.037,24.037,24.029,24.037,24.044,24.052,24.067,24.052,24.059,24.052,24.044,24.075,24.059,24.067,24.082,24.075,24.082,24.09,24.082,24.067,24.067,24.067,24.067,24.052,24.075,24.075,24.09,24.097,24.105,24.105,24.105,24.105,24.113,24.105,24.097,24.113,24.097,24.097,24.105,24.12,24.128,24.135,24.128,24.128,24.128,24.135,24.135,24.135,24.143,24.143,24.143,24.135,24.135,24.128,24.151,24.151,24.151,24.158,24.151,24.151,24.135,24.135,24.128,24.135,24.135,24.158,24.173,24.204,24.189,24.196,24.204,24.211,24.227,24.211,24.227,24.242,24.242,24.265,24.28,24.295,24.31,24.325,24.333,24.356,24.379,24.371,24.394,24.409,24.432,24.485,24.523,24.53,24.56,24.576,24.598,24.629,24.719,24.81,24.893,24.984,25.119,25.27,25.308,25.345,25.36,25.353,25.563,25.847,26.377,26.704,27.37,27.679,28.324,29.015,29.638,30.457,31.519,32.536,34.112,35.057,35.154,34.624,34.161,34.182,34.223,34.396,34.451,34.941,35.099,35.236,35.215,35.27,34.975,34.803,34.679,34.844,35.53,35.701,35.708,35.66,35.558,35.435,35.346,35.284,35.455,35.489,35.551,35.571,35.592,35.633,35.824,35.913,36.001,36.124,36.26,36.348,36.375,36.484,36.559,36.633,36.687,36.816,36.782,36.687,36.559,35.243,34.865,34.775,34.996,35.16,35.325,35.407,35.489,35.612,35.886,35.933,36.063,36.069,36.104,36.131,36.144,36.124,36.151,36.165,36.24,36.28,36.321,36.355,36.382,36.416,36.43,36.436,36.45,36.484,36.484,36.491,36.484,36.436,36.355,36.185,35.995,35.824,35.783,35.688,35.729,36.144,36.219,36.165,36.172,36.158,36.212,36.138,36.124,36.056,35.974,35.892,35.872,35.851,35.749,35.64,35.578,35.558,35.51,35.462,35.448,35.352,35.236,35.229,35.181,35.14,35.119,35.195,35.195,35.188,35.14,34.507,34.375,34.32,34.7,35.14,35.188,34.906,34.713,34.548,34.396,34.168,34.209,34.576,34.631,34.043,32.893,32.113,31.271,30.393,29.616,28.805,28.243,27.642,27.015,26.265,25.862,25.375,24.954,24.886,24.772,24.727,24.697,24.659,24.636,24.613,24.568,24.515,24.485,24.462,24.432,24.401,24.371,24.356,24.341,24.318,24.303,24.272,24.204,24.204,24.173,24.166,24.12,24.12,24.135,24.105,24.082,24.09,24.059,24.044,24.052,24.029,24.021,24.037,24.037,24.037,24.044,24.029,24.014,24.029,24.006,23.991,23.991,23.998,23.983,23.976,23.983,23.998,23.998,23.991,23.991,23.991,23.983,23.968,23.976,23.96,23.983,23.968,23.976,23.976,23.96,23.96,23.96,23.96,23.976,23.968,23.983,23.991,23.976,23.976,23.96,23.945,23.93,23.93,23.922,23.93,23.938,23.93,23.938,23.922,23.922,23.915,23.922,23.922,23.915,23.915,23.899,23.884,23.877,23.869,23.861,23.884,23.899,23.877,23.884,23.877,23.869,23.877,23.854,23.869,23.854,23.854,23.854,23.861,23.869,23.869,23.854,23.877,23.861,23.823,23.846,23.846,23.823,23.808,23.808,23.793,23.8,23.793,23.777,23.793,23.816,23.816,23.808,23.808,23.808,23.823,23.8,23.793,23.793,23.777,23.777,23.755,23.762,23.755,23.77,23.747,23.8,23.777,23.777,23.762,23.762,23.762,23.747,23.755,23.762,23.762,23.747,23.762,23.747,23.755,23.755,23.785,23.747,23.724,23.732,23.716,23.709,23.716,23.709,23.709,23.716,23.716,23.701,23.716,23.678,23.709,23.709,23.686,23.686,23.716,23.709,23.709,23.678,23.686,23.709,23.686,23.724,23.724,23.732,23.739,23.724,23.716,23.709,23.709,23.686,23.701,23.701,23.678,23.686,23.701,23.701,23.709,23.678,23.686,23.678,23.693,23.693,23.686,23.678,23.678,23.701,23.701,23.709,23.693,23.724,23.709,23.709,23.693,23.693,23.663,23.701,23.693,23.701,23.724,23.701,23.724,23.693,23.709,23.724,23.701,23.716,23.732,23.739,23.755
,23.716,23.716,23.732,23.716,23.716,23.724,23.716,23.671,23.678,23.671,23.671,23.663,23.671,23.686,23.678,23.686,23.655,23.663,23.709,23.671,23.709,23.709,23.762,23.732,23.755,23.739,23.701,23.732,23.732,23.747,23.755,23.755,23.762,23.755,23.762,23.762,23.747,23.77,23.777,23.777,23.785,23.793,23.785,23.762,23.777,23.755,23.777,23.785,23.785,23.808,23.808,23.816,23.823,23.823,23.831,23.838,23.831,23.846,23.884,23.869,23.861,23.838,23.831,23.808,23.831,23.831,23.816,23.846,23.846,23.831,23.838,23.831,23.823,23.816,23.831,23.823,23.831,23.854,23.838,23.854,23.869,23.892,23.892,23.899,23.907,23.922,23.922,23.907,23.899,23.922,23.938,23.953,23.877,23.877,23.877,23.899,23.892,23.899,23.907,23.915,23.945,23.922,23.938,23.922,23.93,23.907,23.907,23.899,23.892,23.915,23.93,23.93,23.968,23.953,23.96,23.968,23.96,23.96,23.968,23.96,23.945,23.968,23.991,23.998,23.976,23.968,23.938,23.96,23.93,23.976,23.953,23.96,23.968,23.968,23.976,23.968,23.976,23.991,24.006,23.998,24.014,24.006,23.998,24.014,23.998,24.006,24.006,24.021,24.029,24.029,24.037,24.029,24.044,24.021,24.021,24.037,24.044,24.052,24.052,24.052,24.052,24.075,24.067,24.075,24.082,24.09,24.067,24.09,24.12,24.105,24.128,24.082,24.09,24.075,24.059,24.059,24.075,24.075,24.097,24.097,24.105,24.113,24.12,24.105,24.097,24.105,24.09,24.09,24.09,24.097,24.105,24.128,24.135,24.12,24.128,24.12,24.135,24.151,24.135,24.151,24.151,24.143,24.151,24.151,24.143,24.135,24.143,24.135,24.151,24.151,24.158,24.158,24.158,24.143,24.143,24.135,24.151,24.151,24.166,24.189,24.196,24.211,24.219,24.227,24.234,24.234,24.219,24.219,24.242,24.272,24.272,24.303,24.325,24.333,24.363,24.371,24.386,24.379,24.416,24.439,24.454,24.462,24.523,24.538,24.56,24.598,24.629,24.689,24.742,24.818,24.954,25.082,25.24,25.255,25.3,25.338,25.27,25.435,25.803,25.975,26.608,26.882,27.495,28.104,28.805,29.262,30.027,30.701,31.909,33.25,34.727,35.243,35.078,34.368,34.292,34.216,34.334,34.389,34.624,35.016,35.202,35.215,35.215,35.112,35.044,34.865,35.03,35.222,35.674,35.763,35.592,35.387,35.38,35.393,35.25,35.256,35.359,35.524,35.612,35.694,35.742,35.824,35.851,36.015,36.11,36.219,36.287,36.328,36.396,36.477,36.498,36.552,36.586,36.647,36.572,36.484,35.14,34.672,34.741,34.824,35.044,35.167,35.304,35.482,35.592,35.619,35.804,35.872,36.001,36.049,36.117,36.158,36.11,36.165,36.083,36.199,36.226,36.301,36.335,36.369,36.396,36.416,36.416,36.423,36.423,36.396,36.436,36.47,36.47,36.457,36.375,36.233,36.035,35.92,35.694,35.619,35.517,35.544,36.035,36.199,36.144,36.144,36.172,36.138,36.09,36.069,36.015,35.947,35.92,35.81,35.742,35.715,35.619,35.592,35.544,35.517,35.441,35.428,35.25,35.195,35.167,35.112,35.14,35.154,35.174,35.126,35.099,34.658,34.569,34.41,34.741,34.817,35.078,34.982,34.775,34.755,34.368,34.175,34.251,34.569,34.603,34.382,33.619,32.543,31.533,30.558,30.113,29.313,28.455,27.73,27.193,26.608,25.967,25.623,25.044,24.886,24.803,24.742,24.704,24.689,24.651,24.606,24.576,24.545,24.507,24.47,24.439,24.409,24.371,24.363,24.348,24.341,24.303,24.265,24.234,24.211,24.189,24.181,24.158,24.135,24.12,24.105,24.12,24.09,24.067,24.075,24.052,24.059,24.044,24.029,24.037,24.044,24.052,24.044,24.021,24.014,24.014,23.998,23.976,23.976,23.983,23.968,23.991,23.976,23.991,23.998,24.014,23.991,23.983,23.968,23.976,23.96,23.976,23.976,23.96,23.96,23.953,23.96,23.96,23.968,23.976,23.976,23.983,23.991,23.96,23.96,23.945,23.938,23.907,23.915,23.922,23.93,23.93,23.915,23.922,23.915,23.915,23.922,23.922,23.93,23.922,23.915,23.907,23.877,23.869,23.861,23.861,23.869,23.899,23.907,23.907,23.899,23.861,23.877,23.846,23.854,23.861,23.861,23.861,23.861,23.846,23.869,23.861,23.838,23.869,23.861,23.854,23.846,23.831,23.816,23.808,23.793,23.785,23.785,23.793,23.808,23.785,23.808,23.808,23.8,23.808,23.8,23.808,23.808,23.793,23.785,23.785,23.777,23.793,23.777,23.777,23.777,23.777,23.785,23.8,23.785,23.747,23.755,23.762,23.762,23.739,23.724,23.739,23.732,23.755,23.755,23.739,23.747,23.732,23.732,23.732,23.709,23.693,23.709,23.709,23.701,23.724,23.701,23.716,23.724,23.701,23.709,23.716,23.686,23.701,23.693,23.709,23.663,23.655,23.693,23.671,23.671,23.701,23.709,23.739,23.732,23.732,23.716,23.716,23.678,23.693,23.701,23.693,23.693,23.709,23.693,23.709,23.678,23.693,23.678,23.655,23.655,23.663,23.671,23.686,23.693,23.693,23.709,23.716,23.716,23.709,23.716,23.724,23.709,23.671,23.693,23.693,23.716,23.732,23.732,23.701,23.701,23.709,23.739,23.709,23.716,23.724,23.678,23.739,23.732
,23.632,23.693,23.716,23.701,23.709,23.716,23.709,23.678,23.686,23.663,23.678,23.671,23.671,23.686,23.701,23.693,23.671,23.701,23.686,23.686,23.701,23.755,23.724,23.762,23.762,23.755,23.732,23.739,23.709,23.747,23.77,23.77,23.777,23.762,23.762,23.77,23.747,23.77,23.762,23.777,23.77,23.785,23.762,23.785,23.762,23.777,23.777,23.785,23.793,23.793,23.8,23.8,23.823,23.816,23.8,23.808,23.8,23.823,23.808,23.823,23.823,23.816,23.808,23.831,23.823,23.823,23.823,23.823,23.831,23.846,23.823,23.823,23.816,23.8,23.823,23.808,23.838,23.831,23.861,23.884,23.869,23.892,23.884,23.899,23.907,23.907,23.915,23.922,23.938,23.938,23.907,23.915,23.899,23.899,23.899,23.877,23.899,23.892,23.861,23.915,23.915,23.922,23.953,23.945,23.922,23.922,23.907,23.915,23.915,23.915,23.953,23.96,23.96,23.96,23.96,23.96,23.976,23.96,23.96,23.953,23.96,23.96,23.976,23.991,23.976,23.96,23.96,23.953,23.938,23.945,23.945,23.96,23.953,23.968,23.968,23.968,23.96,23.991,23.991,23.998,23.998,24.006,24.021,23.991,23.991,23.998,23.998,24.021,24.029,24.037,24.052,24.037,24.029,24.037,24.029,24.037,24.029,24.037,24.052,24.052,24.052,24.059,24.075,24.082,24.082,24.075,24.082,24.09,24.105,24.113,24.12,24.097,24.082,24.082,24.075,24.075,24.075,24.067,24.082,24.097,24.105,24.113,24.113,24.105,24.105,24.082,24.082,24.082,24.09,24.082,24.105,24.113,24.12,24.128,24.143,24.143,24.135,24.151,24.143,24.158,24.158,24.151,24.151,24.151,24.143,24.151,24.151,24.135,24.158,24.151,24.166,24.158,24.151,24.158,24.151,24.158,24.158,24.158,24.166,24.181,24.196,24.196,24.234,24.242,24.234,24.234,24.227,24.242,24.242,24.257,24.28,24.303,24.333,24.341,24.348,24.371,24.394,24.401,24.416,24.439,24.454,24.492,24.523,24.538,24.576,24.598,24.636,24.712,24.81,24.901,25.119,25.097,25.149,25.255,25.345,25.277,25.3,25.398,25.892,26.236,26.689,27.429,27.686,28.243,28.907,29.623,30.45,31.462,32.543,34.029,35.037,35.256,34.982,34.32,34.299,34.251,34.327,34.424,34.755,35.037,35.256,35.284,35.284,35.339,35.215,34.996,35.167,35.27,35.208,35.16,35.071,35.126,35.181,35.346,35.325,35.455,35.551,35.592,35.715,35.749,35.824,35.967,35.995,36.049,36.185,36.294,36.314,36.341,36.416,36.47,36.457,36.491,36.498,36.545,36.341,35.256,34.548,34.624,34.672,34.775,35.133,35.181,35.202,35.414,35.524,35.578,35.817,35.804,36.001,36.022,36.022,36.042,36.09,36.049,36.063,36.124,36.267,36.314,36.341,36.362,36.396,36.403,36.409,36.416,36.403,36.43,36.436,36.396,36.416,36.423,36.389,36.063,35.913,35.954,35.783,35.612,35.407,35.092,35.202,36.063,36.117,36.131,36.049,36.035,36.049,36.035,35.967,35.926,35.926,35.886,35.81,35.742,35.674,35.633,35.599,35.53,35.482,35.407,35.243,35.181,35.154,35.119,35.105,35.112,35.105,35.099,35.126,35.14,34.886,34.707,34.844,35.229,35.188,35.154,35.009,34.748,34.555,34.161,34.154,34.355,34.603,34.486,33.675,32.76,31.76,31.05,30.221,29.465,28.834,28.082,27.694,26.941,26.101,25.63,25.029,25.006,24.825,24.787,24.727,24.689,24.659,24.629,24.568,24.538,24.507,24.477,24.432,24.401,24.371,24.356,24.356,24.333,24.318,24.287,24.227,24.219,24.189,24.158,24.151,24.135,24.12,24.105,24.105,24.075,24.075,24.075,24.059,24.052,24.037,24.044,24.059,24.052,24.059,24.037,24.021,24.006,24.021,23.998,23.983,23.998,23.991,23.983,23.998,24.014,24.006,24.006,23.991,23.991,23.976,23.976,23.96,23.968,23.976,23.96,23.953,23.953,23.945,23.953,23.953,23.96,23.976,23.983,23.991,23.983,23.968,23.96,23.945,23.93,23.915,23.915,23.922,23.915,23.93,23.915,23.915,23.907,23.915,23.922,23.93,23.93,23.922,23.915,23.899,23.884,23.869,23.861,23.861,23.877,23.884,23.877,23.899,23.899,23.877,23.884,23.869,23.854,23.861,23.854,23.854,23.854,23.869,23.838,23.861,23.846,23.854,23.854,23.823,23.816,23.816,23.8,23.808,23.8,23.777,23.785,23.8,23.838,23.793,23.777,23.816,23.793,23.8,23.793,23.785,23.8,23.808,23.8,23.785,23.777,23.785,23.762,23.755,23.785,23.785,23.793,23.8,23.8,23.77,23.77,23.762,23.755,23.777,23.739,23.724,23.709,23.739,23.755,23.739,23.747,23.747,23.716,23.724,23.716,23.709,23.709,23.716,23.716,23.716,23.716,23.716,23.701,23.732,23.709,23.701,23.709,23.709,23.724,23.686,23.709,23.671,23.655,23.663,23.64,23.686,23.701,23.709,23.724,23.709,23.709,23.709,23.701,23.701,23.709,23.701,23.701,23.693,23.678,23.671,23.701,23.709,23.686,23.663,23.648,23.663,23.64,23.663,23.701,23.693,23.716,23.701,23.693,23.724,23.701,23.732,23.701,23.701,23.686,23.716,23.732,23.716,23.716,23.716,23.701,23.724,23.701,23.716,23.716,23.739,23.701,23.732,23.724
,23.678,23.663,23.686,23.716,23.686,23.701,23.678,23.686,23.686,23.678,23.686,23.686,23.671,23.663,23.678,23.663,23.686,23.709,23.693,23.693,23.709,23.693,23.77,23.77,23.755,23.77,23.709,23.747,23.739,23.747,23.739,23.755,23.77,23.762,23.739,23.755,23.762,23.747,23.755,23.777,23.777,23.762,23.755,23.755,23.755,23.755,23.777,23.77,23.777,23.793,23.793,23.8,23.8,23.808,23.808,23.808,23.785,23.793,23.838,23.838,23.8,23.823,23.823,23.808,23.831,23.808,23.831,23.823,23.831,23.838,23.831,23.816,23.8,23.823,23.808,23.8,23.823,23.823,23.838,23.854,23.877,23.884,23.899,23.899,23.884,23.915,23.915,23.915,23.915,23.93,23.884,23.907,23.892,23.877,23.899,23.884,23.892,23.907,23.892,23.899,23.899,23.93,23.938,23.93,23.93,23.93,23.922,23.922,23.915,23.922,23.922,23.945,23.96,23.976,23.968,23.976,23.96,23.96,23.953,23.96,23.953,23.968,23.953,23.968,23.976,23.945,23.96,23.938,23.938,23.953,23.968,23.968,23.968,23.968,23.96,23.96,23.96,23.976,23.998,23.998,24.006,23.998,23.998,23.991,23.983,23.991,23.998,24.021,24.029,24.044,24.052,24.037,24.044,24.037,24.021,24.021,24.044,24.044,24.037,24.052,24.052,24.052,24.082,24.067,24.09,24.082,24.082,24.097,24.097,24.097,24.128,24.105,24.097,24.09,24.075,24.075,24.059,24.059,24.097,24.105,24.113,24.113,24.113,24.113,24.097,24.09,24.082,24.097,24.075,24.09,24.09,24.105,24.12,24.128,24.143,24.12,24.135,24.158,24.143,24.166,24.166,24.158,24.158,24.151,24.151,24.166,24.143,24.151,24.143,24.151,24.158,24.158,24.158,24.151,24.158,24.158,24.166,24.173,24.173,24.166,24.173,24.204,24.219,24.234,24.234,24.249,24.242,24.242,24.28,24.265,24.265,24.303,24.318,24.348,24.356,24.371,24.409,24.409,24.416,24.447,24.462,24.485,24.507,24.53,24.583,24.629,24.659,24.803,24.795,24.893,25.052,25.142,25.217,25.323,25.24,25.292,25.368,25.66,26.027,26.548,27.111,27.465,28.082,28.812,29.37,30.163,30.686,31.732,32.732,34.527,35.078,35.27,34.934,34.327,34.306,34.306,34.403,34.444,34.844,35.044,35.263,35.27,35.304,35.284,35.112,34.961,35.229,35.229,35.16,35.126,35.085,35.243,35.346,35.414,35.4,35.51,35.571,35.66,35.708,35.81,35.967,36.022,36.063,36.131,36.192,36.24,36.321,36.348,36.403,36.409,36.423,36.436,36.45,36.348,35.694,34.638,34.479,34.582,34.665,34.803,34.927,35.105,35.222,35.428,35.489,35.612,35.653,35.797,35.79,35.851,35.926,35.954,35.879,35.783,35.92,36.022,36.178,36.328,36.328,36.369,36.375,36.382,36.389,36.375,36.348,36.355,36.355,36.294,36.375,36.294,36.246,36.124,35.913,35.913,35.838,35.51,35.195,35.037,34.913,35.044,35.845,36.049,36.001,35.981,35.981,35.913,35.926,35.845,35.831,35.81,35.776,35.715,35.729,35.612,35.612,35.585,35.537,35.448,35.311,35.27,35.215,35.154,35.126,35.092,35.105,35.085,35.14,35.202,35.304,35.222,35.037,35.277,35.304,35.441,35.27,34.775,34.479,34.195,34.161,34.223,34.493,34.589,33.925,32.858,31.965,31.2,30.257,29.724,28.928,28.243,27.62,27.008,26.444,25.9,25.323,24.954,24.916,24.81,24.735,24.719,24.666,24.606,24.576,24.56,24.507,24.47,24.424,24.409,24.371,24.356,24.348,24.341,24.318,24.303,24.249,24.211,24.181,24.151,24.151,24.128,24.113,24.12,24.097,24.113,24.097,24.059,24.059,24.037,24.029,24.059,24.059,24.044,24.044,24.021,24.029,23.998,23.998,23.991,23.983,23.976,23.93,23.983,24.014,24.014,24.021,24.006,24.006,23.983,23.976,23.968,23.96,23.976,23.945,23.945,23.945,23.945,23.938,23.945,23.953,23.953,23.976,23.983,23.983,23.968,23.96,23.945,23.922,23.899,23.907,23.892,23.892,23.892,23.899,23.922,23.899,23.899,23.907,23.93,23.922,23.93,23.922,23.907,23.899,23.869,23.869,23.861,23.869,23.869,23.869,23.884,23.892,23.869,23.861,23.854,23.854,23.846,23.846,23.861,23.854,23.846,23.854,23.831,23.861,23.861,23.846,23.854,23.838,23.823,23.808,23.808,23.8,23.793,23.793,23.816,23.808,23.808,23.831,23.816,23.816,23.8,23.785,23.793,23.785,23.8,23.808,23.808,23.793,23.762,23.793,23.762,23.8,23.77,23.793,23.8,23.793,23.808,23.785,23.785,23.77,23.762,23.739,23.724,23.724,23.693,23.693,23.724,23.724,23.716,23.747,23.709,23.709,23.709,23.709,23.709,23.701,23.709,23.693,23.709,23.701,23.701,23.716,23.709,23.709,23.701,23.686,23.693,23.701,23.686,23.663,23.671,23.64,23.678,23.671,23.678,23.716,23.716,23.709,23.709,23.709,23.701,23.709,23.709,23.709,23.693,23.663,23.655,23.64,23.678,23.678,23.655,23.693,23.724,23.671,23.686,23.678,23.693,23.693,23.709,23.701,23.693,23.709,23.693,23.709,23.732,23.732,23.709,23.701,23.671,23.693,23.678,23.701,23.709,23.709,23.701,23.709,23.732,23.732,23.739,23.747,23.755
,23.632,23.648,23.648,23.701,23.686,23.678,23.686,23.686,23.693,23.686,23.686,23.686,23.678,23.663,23.671,23.671,23.678,23.686,23.693,23.709,23.732,23.716,23.777,23.777,23.747,23.732,23.724,23.724,23.739,23.739,23.724,23.762,23.762,23.785,23.77,23.762,23.747,23.755,23.785,23.762,23.762,23.755,23.739,23.747,23.739,23.747,23.777,23.77,23.777,23.793,23.785,23.8,23.8,23.8,23.8,23.8,23.808,23.793,23.808,23.823,23.823,23.808,23.808,23.808,23.823,23.808,23.823,23.823,23.823,23.808,23.823,23.816,23.816,23.831,23.793,23.823,23.8,23.838,23.846,23.854,23.869,23.892,23.884,23.899,23.899,23.907,23.938,23.93,23.915,23.899,23.869,23.907,23.892,23.884,23.907,23.899,23.907,23.899,23.899,23.877,23.892,23.899,23.907,23.899,23.938,23.938,23.93,23.922,23.922,23.915,23.938,23.96,23.953,23.96,23.96,23.96,23.96,23.945,23.983,23.96,23.96,23.96,23.945,23.922,23.96,23.922,23.96,23.945,23.953,23.976,23.96,23.968,23.976,23.96,23.968,23.953,23.96,23.976,23.991,23.983,23.998,23.998,23.983,23.991,23.983,23.998,24.014,24.014,24.021,24.029,24.044,24.044,24.044,24.029,24.037,24.029,24.037,24.044,24.044,24.044,24.044,24.067,24.044,24.09,24.097,24.082,24.082,24.09,24.082,24.113,24.12,24.105,24.097,24.09,24.075,24.075,24.075,24.075,24.075,24.105,24.097,24.105,24.113,24.09,24.09,24.09,24.082,24.082,24.09,24.09,24.097,24.105,24.128,24.128,24.143,24.151,24.151,24.158,24.158,24.173,24.166,24.158,24.158,24.151,24.151,24.151,24.143,24.151,24.143,24.151,24.158,24.158,24.166,24.173,24.166,24.181,24.173,24.181,24.173,24.173,24.173,24.196,24.196,24.219,24.242,24.242,24.265,24.257,24.242,24.257,24.28,24.31,24.341,24.341,24.363,24.386,24.401,24.416,24.432,24.439,24.462,24.507,24.5,24.576,24.56,24.629,24.659,24.772,24.803,24.976,25.089,25.187,25.217,25.225,25.285,25.345,25.533,25.877,26.28,26.511,27.355,27.495,28.28,28.797,29.428,30.257,31.121,32.177,33.466,34.892,35.215,35.064,34.713,34.334,34.341,34.361,34.417,34.631,34.968,35.154,35.291,35.387,35.099,34.686,34.865,35.133,35.291,35.188,35.202,35.222,35.256,35.277,35.339,35.373,35.537,35.599,35.653,35.708,35.797,35.967,36.022,36.056,36.104,36.206,36.206,36.253,36.314,36.328,36.362,36.328,36.389,36.389,36.267,35.886,34.775,34.589,34.493,34.507,34.548,34.534,34.755,34.865,35.071,35.215,35.229,35.414,35.544,35.592,35.565,34.92,34.879,34.769,34.727,35.352,35.517,35.913,36.117,36.226,36.28,36.274,36.348,36.294,36.267,36.294,36.233,36.178,36.192,36.144,36.178,36.083,36.09,35.988,35.892,35.804,35.674,35.571,35.208,34.899,34.851,34.844,34.927,35.913,35.899,35.92,35.906,35.845,35.865,35.756,35.763,35.715,35.681,35.667,35.633,35.619,35.578,35.524,35.524,35.517,35.462,35.366,35.277,35.202,35.119,35.085,35.085,35.051,35.037,35.099,35.407,35.489,35.462,35.421,35.373,35.277,35.208,35.099,34.72,34.465,34.168,34.223,34.375,34.658,34.355,33.431,32.353,31.611,30.622,29.876,29.023,28.448,27.965,27.244,26.756,26.087,25.36,25.165,24.916,24.795,24.75,24.704,24.674,24.629,24.598,24.553,24.53,24.492,24.447,24.401,24.386,24.356,24.363,24.341,24.325,24.287,24.257,24.219,24.181,24.173,24.143,24.128,24.113,24.105,24.105,24.105,24.09,24.067,24.052,24.067,24.059,24.059,24.059,24.044,24.037,24.029,24.029,24.014,23.968,23.968,23.968,23.983,23.991,23.983,23.998,24.006,24.006,24.006,23.998,23.983,23.983,23.983,23.953,23.96,23.96,23.93,23.945,23.938,23.93,23.945,23.945,23.96,23.968,23.983,23.968,23.968,23.953,23.945,23.922,23.899,23.884,23.877,23.877,23.884,23.899,23.93,23.892,23.899,23.892,23.915,23.922,23.93,23.915,23.899,23.892,23.877,23.869,23.861,23.869,23.892,23.877,23.877,23.846,23.854,23.877,23.838,23.846,23.846,23.861,23.869,23.861,23.877,23.854,23.823,23.846,23.838,23.838,23.838,23.831,23.816,23.816,23.808,23.785,23.785,23.808,23.838,23.816,23.816,23.838,23.816,23.816,23.8,23.793,23.785,23.785,23.8,23.793,23.8,23.777,23.777,23.785,23.777,23.785,23.785,23.793,23.785,23.785,23.8,23.808,23.793,23.793,23.77,23.724,23.724,23.709,23.701,23.716,23.724,23.701,23.747,23.716,23.716,23.693,23.709,23.701,23.716,23.709,23.701,23.678,23.686,23.678,23.693,23.693,23.671,23.709,23.678,23.686,23.678,23.686,23.709,23.671,23.671,23.655,23.671,23.686,23.701,23.732,23.724,23.724,23.693,23.709,23.701,23.693,23.709,23.693,23.701,23.671,23.671,23.655,23.663,23.693,23.671,23.663,23.701,23.663,23.678,23.716,23.693,23.678,23.693,23.693,23.693,23.709,23.686,23.663,23.678,23.709,23.678,23.686,23.716,23.693,23.678,23.693,23.724,23.671,23.739,23.716,23.701,23.724,23.709,23.739,23.732
,23.663,23.655,23.686,23.632,23.64,23.671,23.686,23.693,23.686,23.709,23.701,23.701,23.701,23.686,23.678,23.671,23.686,23.686,23.686,23.709,23.709,23.732,23.762,23.678,23.716,23.732,23.732,23.724,23.724,23.732,23.716,23.724,23.77,23.755,23.77,23.77,23.762,23.747,23.762,23.77,23.762,23.777,23.739,23.747,23.762,23.755,23.77,23.777,23.777,23.793,23.793,23.793,23.785,23.777,23.793,23.793,23.8,23.808,23.8,23.808,23.816,23.816,23.8,23.816,23.831,23.808,23.831,23.808,23.816,23.8,23.816,23.808,23.823,23.816,23.808,23.77,23.8,23.816,23.846,23.831,23.846,23.846,23.884,23.884,23.892,23.884,23.907,23.93,23.892,23.907,23.907,23.892,23.899,23.869,23.892,23.892,23.907,23.899,23.899,23.892,23.892,23.907,23.915,23.907,23.945,23.945,23.938,23.938,23.93,23.93,23.922,23.922,23.938,23.953,23.945,23.953,23.945,24.006,23.968,23.976,23.968,23.96,23.968,23.953,23.93,23.922,23.96,23.938,23.953,23.953,23.953,23.968,23.976,23.976,23.968,23.96,23.96,23.96,23.968,23.983,23.983,23.991,23.983,23.983,23.983,23.998,24.006,24.021,24.029,24.044,24.044,24.052,24.029,24.037,24.044,24.029,24.037,24.021,24.037,24.052,24.052,24.052,24.082,24.075,24.09,24.067,24.082,24.082,24.09,24.097,24.105,24.105,24.105,24.097,24.09,24.09,24.09,24.09,24.105,24.143,24.097,24.09,24.097,24.097,24.105,24.097,24.09,24.105,24.075,24.105,24.113,24.128,24.128,24.128,24.135,24.151,24.166,24.181,24.173,24.173,24.166,24.166,24.166,24.151,24.158,24.143,24.151,24.151,24.158,24.158,24.166,24.173,24.166,24.189,24.181,24.196,24.189,24.181,24.189,24.166,24.181,24.211,24.204,24.211,24.219,24.242,24.265,24.242,24.272,24.272,24.28,24.303,24.341,24.348,24.379,24.394,24.401,24.416,24.432,24.447,24.477,24.5,24.553,24.538,24.621,24.629,24.697,24.765,24.878,24.991,25.104,25.165,25.217,25.24,25.24,25.345,25.495,26.012,26.593,27.148,27.458,27.679,28.324,28.986,29.602,30.45,31.441,32.451,34.05,35.167,35.298,35.071,34.576,34.355,34.348,34.396,34.438,34.624,35.078,35.304,35.243,35.195,34.72,34.941,35.366,35.359,35.373,35.277,35.215,35.256,35.263,35.256,35.359,35.578,35.606,35.66,35.735,35.824,35.933,35.974,36.008,36.076,36.076,36.131,36.199,36.219,36.253,36.287,36.314,36.328,36.124,36.226,35.988,35.421,34.5,34.299,34.292,34.41,34.417,34.424,34.52,34.617,34.775,34.996,35.057,34.72,34.534,33.369,31.916,31.207,31.128,30.257,31.079,32.127,33.271,35.38,35.995,36.158,36.226,36.246,36.24,36.219,36.178,36.192,36.158,35.688,35.057,35.085,35.435,35.524,35.565,35.667,35.462,35.551,35.455,35.085,34.996,34.865,34.824,34.831,34.782,35.393,35.851,35.824,35.81,35.81,35.735,35.701,35.694,35.681,35.681,35.571,35.599,35.51,35.503,35.469,35.435,35.407,35.393,35.346,35.25,35.215,35.16,35.099,35.064,35.044,34.989,35.023,35.147,35.339,35.578,35.51,35.517,35.53,35.441,35.25,34.996,34.589,34.189,34.327,34.424,34.527,34.424,33.515,32.648,31.753,30.972,30.163,29.58,28.768,28.068,27.318,26.763,26.116,25.405,25.202,25.127,24.863,24.765,24.719,24.666,24.621,24.598,24.545,24.523,24.485,24.432,24.409,24.386,24.363,24.363,24.348,24.31,24.287,24.257,24.219,24.189,24.158,24.128,24.12,24.105,24.105,24.105,24.082,24.097,24.097,24.059,24.052,24.059,24.075,24.052,24.059,24.044,24.029,24.014,23.998,23.976,23.983,23.968,23.983,23.991,24.006,24.006,24.014,24.014,24.014,24.006,23.998,23.991,23.983,23.976,23.976,23.945,23.938,23.93,23.93,23.945,23.953,23.968,23.953,23.96,23.976,23.953,23.968,23.938,23.915,23.907,23.899,23.877,23.884,23.907,23.892,23.899,23.892,23.907,23.892,23.899,23.899,23.907,23.915,23.899,23.907,23.884,23.877,23.869,23.877,23.869,23.861,23.869,23.823,23.869,23.838,23.854,23.854,23.846,23.854,23.861,23.869,23.877,23.877,23.861,23.838,23.838,23.831,23.838,23.838,23.816,23.816,23.793,23.785,23.808,23.793,23.8,23.831,23.823,23.838,23.816,23.831,23.816,23.808,23.8,23.793,23.808,23.808,23.793,23.8,23.777,23.785,23.77,23.777,23.785,23.777,23.777,23.777,23.785,23.8,23.816,23.8,23.793,23.77,23.732,23.716,23.732,23.709,23.732,23.724,23.716,23.747,23.693,23.709,23.693,23.709,23.716,23.709,23.716,23.701,23.693,23.701,23.671,23.686,23.671,23.671,23.686,23.678,23.693,23.693,23.693,23.701,23.663,23.663,23.686,23.655,23.678,23.693,23.709,23.716,23.732,23.709,23.709,23.716,23.701,23.716,23.716,23.701,23.663,23.686,23.625,23.671,23.648,23.678,23.655,23.739,23.762,23.716,23.686,23.686,23.663,23.701,23.678,23.693,23.701,23.686,23.701,23.732,23.678,23.678,23.663,23.671,23.671,23.678,23.693,23.716,23.716,23.724,23.709,23.716,23.709,23.709,23.732,23.747
,23.701,23.686,23.655,23.671,23.678,23.663,23.701,23.686,23.709,23.716,23.724,23.709,23.663,23.686,23.678,23.663,23.693,23.693,23.693,23.701,23.724,23.739,23.732,23.739,23.732,23.739,23.724,23.724,23.732,23.732,23.739,23.716,23.762,23.755,23.762,23.793,23.747,23.747,23.755,23.755,23.777,23.762,23.747,23.747,23.747,23.755,23.77,23.785,23.785,23.793,23.8,23.8,23.8,23.8,23.793,23.8,23.8,23.808,23.831,23.823,23.823,23.808,23.808,23.816,23.823,23.838,23.823,23.831,23.823,23.808,23.831,23.816,23.861,23.831,23.823,23.816,23.8,23.823,23.8,23.838,23.838,23.854,23.884,23.892,23.899,23.899,23.899,23.892,23.899,23.892,23.907,23.884,23.892,23.884,23.884,23.915,23.907,23.899,23.899,23.899,23.884,23.907,23.892,23.922,23.922,23.93,23.945,23.938,23.922,23.922,23.922,23.915,23.938,23.93,23.953,23.96,23.953,23.976,23.976,23.976,23.976,23.976,23.938,23.991,23.938,23.953,23.945,23.968,23.96,23.968,23.976,23.991,23.998,23.991,23.976,23.968,23.96,23.968,23.968,23.998,23.991,23.991,23.991,23.991,23.998,23.998,24.014,24.029,24.037,24.037,24.052,24.052,24.044,24.037,24.052,24.037,24.037,24.044,24.052,24.059,24.059,24.075,24.082,24.09,24.097,24.09,24.09,24.097,24.082,24.097,24.105,24.097,24.097,24.097,24.097,24.097,24.105,24.097,24.105,24.135,24.105,24.105,24.105,24.09,24.113,24.113,24.105,24.097,24.09,24.12,24.128,24.135,24.135,24.135,24.143,24.151,24.166,24.181,24.181,24.189,24.173,24.158,24.166,24.166,24.158,24.151,24.143,24.143,24.151,24.166,24.173,24.173,24.181,24.189,24.189,24.204,24.219,24.204,24.219,24.204,24.204,24.211,24.211,24.227,24.234,24.249,24.257,24.28,24.272,24.318,24.333,24.341,24.341,24.363,24.379,24.394,24.409,24.424,24.432,24.454,24.492,24.523,24.56,24.613,24.598,24.659,24.666,24.719,24.886,25.044,25.165,25.18,25.202,25.232,25.285,25.503,25.773,26.198,26.771,27.126,27.546,28.265,28.776,29.522,30.285,30.965,32.029,32.964,34.223,35.346,35.202,35.085,34.513,34.417,34.417,34.52,34.507,35.078,35.318,35.441,35.414,35.414,35.195,35.482,35.619,35.558,35.359,35.311,35.25,35.284,35.332,35.366,35.592,35.626,35.688,35.756,35.804,35.865,35.906,35.96,36.001,36.015,36.056,36.124,36.131,36.199,36.233,36.165,36.199,36.131,36.063,35.94,35.892,35.078,34.306,34.279,34.313,34.251,34.327,34.417,34.472,34.555,34.534,33.856,33.793,32.606,32.83,32.451,31.136,30.012,29.948,30.012,29.847,31.1,31.249,33.418,35.565,36.083,36.192,36.192,36.206,36.192,36.199,36.144,35.606,33.075,31.143,31.072,32.62,33.891,35.099,35.414,35.195,35.119,35.037,34.92,34.796,34.81,34.789,34.782,34.796,34.892,35.749,35.817,35.797,35.763,35.742,35.667,35.619,35.599,35.592,35.578,35.482,35.455,35.428,35.414,35.359,35.359,35.27,35.318,35.181,35.167,35.154,35.085,35.037,35.023,34.982,34.989,34.968,35.195,35.318,35.578,35.565,35.565,35.428,35.359,35.126,34.727,34.355,34.202,34.334,34.465,34.5,34.015,32.879,31.93,31,30.285,29.652,29.03,28.192,27.613,27,26.288,25.72,25.277,25.134,24.795,24.78,24.742,24.697,24.682,24.613,24.56,24.545,24.485,24.454,24.416,24.401,24.386,24.363,24.341,24.31,24.287,24.257,24.219,24.189,24.181,24.158,24.143,24.113,24.105,24.113,24.082,24.09,24.097,24.082,24.059,24.059,24.059,24.059,24.052,24.052,24.037,24.029,24.037,23.998,23.991,23.983,23.983,24.006,24.006,24.006,24.014,24.014,24.021,24.029,24.006,23.998,23.998,23.991,23.96,23.976,23.96,23.945,23.953,23.938,23.968,23.953,23.976,23.968,23.968,23.953,23.938,23.93,23.922,23.907,23.907,23.899,23.892,23.922,23.884,23.899,23.869,23.899,23.899,23.861,23.899,23.884,23.907,23.907,23.899,23.899,23.899,23.892,23.884,23.877,23.854,23.892,23.854,23.884,23.869,23.846,23.846,23.846,23.854,23.869,23.877,23.884,23.892,23.861,23.869,23.816,23.838,23.846,23.846,23.831,23.816,23.8,23.793,23.831,23.8,23.823,23.854,23.831,23.838,23.838,23.823,23.816,23.816,23.838,23.823,23.816,23.816,23.808,23.808,23.8,23.785,23.777,23.762,23.77,23.77,23.777,23.777,23.785,23.808,23.785,23.793,23.793,23.785,23.739,23.747,23.739,23.732,23.739,23.716,23.762,23.716,23.716,23.724,23.701,23.693,23.693,23.709,23.709,23.701,23.678,23.678,23.701,23.678,23.686,23.671,23.678,23.686,23.693,23.701,23.709,23.701,23.671,23.678,23.686,23.716,23.693,23.709,23.724,23.732,23.739,23.755,23.716,23.716,23.701,23.701,23.709,23.693,23.671,23.663,23.64,23.648,23.655,23.716,23.678,23.747,23.747,23.693,23.701,23.678,23.747,23.693,23.693,23.716,23.724,23.724,23.724,23.693,23.686,23.701,23.678,23.678,23.693,23.686,23.678,23.701,23.686,23.724,23.716,23.716,23.709,23.701,23.716,23.747
,23.663,23.648,23.663,23.655,23.686,23.663,23.693,23.686,23.693,23.709,23.663,23.716,23.693,23.686,23.686,23.678,23.701,23.693,23.701,23.716,23.739,23.732,23.716,23.732,23.732,23.716,23.724,23.716,23.732,23.739,23.732,23.755,23.739,23.77,23.777,23.77,23.755,23.755,23.762,23.762,23.777,23.762,23.747,23.762,23.777,23.77,23.77,23.785,23.793,23.8,23.8,23.8,23.8,23.777,23.8,23.793,23.785,23.808,23.816,23.8,23.823,23.823,23.816,23.808,23.823,23.831,23.831,23.823,23.823,23.831,23.831,23.823,23.831,23.8,23.816,23.816,23.816,23.823,23.808,23.823,23.854,23.861,23.877,23.884,23.892,23.892,23.899,23.899,23.892,23.907,23.899,23.899,23.907,23.892,23.892,23.899,23.884,23.899,23.899,23.907,23.899,23.915,23.915,23.922,23.93,23.915,23.93,23.93,23.938,23.938,23.915,23.922,23.938,23.93,23.945,23.96,23.968,23.976,23.983,23.976,23.968,23.968,23.945,23.938,23.915,23.915,23.945,23.968,23.968,23.96,23.991,23.983,23.991,23.998,23.976,23.968,23.976,23.968,23.991,24.021,23.998,23.976,24.006,23.991,23.998,24.006,24.014,24.014,24.029,24.052,24.044,24.044,24.044,24.044,24.037,24.044,24.044,24.029,24.052,24.059,24.059,24.082,24.075,24.09,24.09,24.09,24.09,24.067,24.082,24.097,24.105,24.097,24.12,24.12,24.09,24.105,24.12,24.113,24.12,24.12,24.105,24.097,24.097,24.097,24.105,24.09,24.113,24.113,24.105,24.12,24.151,24.166,24.166,24.151,24.151,24.158,24.166,24.173,24.189,24.181,24.173,24.166,24.166,24.166,24.151,24.135,24.158,24.151,24.166,24.181,24.181,24.189,24.189,24.196,24.204,24.204,24.219,24.219,24.219,24.227,24.211,24.227,24.234,24.227,24.227,24.257,24.272,24.295,24.295,24.333,24.318,24.356,24.371,24.379,24.394,24.409,24.409,24.424,24.432,24.454,24.523,24.53,24.576,24.606,24.636,24.659,24.719,24.886,24.84,25.052,25.142,25.187,25.21,25.225,25.405,25.69,25.93,26.288,26.815,27.259,27.649,28.382,28.797,29.472,30.3,31.015,32.205,33.418,34.569,35.229,35.311,35.03,34.541,34.41,34.451,34.507,34.603,35.236,35.393,35.517,35.537,35.599,35.565,35.626,35.455,35.387,35.359,35.332,35.298,35.366,35.387,35.517,35.606,35.647,35.694,35.756,35.81,35.851,35.886,35.94,35.967,36.001,35.995,36.015,36.083,36.097,36.022,36.144,36.056,36.029,36.097,35.899,35.647,34.61,34.258,34.251,34.285,34.251,34.279,34.361,34.458,34.589,34.216,32.571,31.455,32.254,32.851,33.967,33.571,32.134,31.164,31.079,31.2,32.943,33.939,34.32,35.298,36.049,36.219,36.199,36.212,36.199,36.178,36.097,34.202,30.751,29.703,29.681,29.948,29.897,31.703,33.884,34.824,34.982,34.831,34.824,34.755,34.748,34.775,34.796,34.851,34.824,35.612,35.797,35.763,35.742,35.701,35.674,35.592,35.565,35.53,35.503,35.462,35.393,35.387,35.352,35.325,35.284,35.229,35.229,35.16,35.126,35.064,35.009,34.989,34.927,34.92,34.879,34.913,34.906,35.009,35.208,35.517,35.469,35.496,35.318,35.14,34.755,34.382,34.175,34.085,34.527,34.589,34.133,33.215,32.275,31.235,30.293,29.768,29.132,28.586,27.855,27.289,26.466,26.094,25.315,25.006,24.886,24.803,24.75,24.719,24.659,24.621,24.591,24.568,24.515,24.47,24.439,24.401,24.379,24.363,24.341,24.31,24.287,24.249,24.227,24.204,24.181,24.181,24.143,24.12,24.12,24.097,24.09,24.09,24.09,24.09,24.082,24.067,24.067,24.059,24.052,24.052,24.044,24.044,24.037,24.021,23.998,23.998,23.998,24.006,24.014,24.014,24.014,24.021,24.006,24.014,24.014,24.006,24.014,23.968,24.006,23.998,23.96,23.968,23.96,23.945,23.953,23.945,23.976,23.968,23.976,23.968,23.96,23.938,23.922,23.922,23.938,23.922,23.907,23.899,23.892,23.907,23.884,23.884,23.892,23.884,23.892,23.884,23.899,23.915,23.899,23.907,23.899,23.907,23.884,23.884,23.869,23.861,23.846,23.869,23.861,23.854,23.861,23.861,23.869,23.861,23.884,23.892,23.884,23.884,23.869,23.869,23.861,23.854,23.854,23.838,23.823,23.823,23.8,23.793,23.8,23.816,23.861,23.846,23.861,23.831,23.823,23.831,23.831,23.823,23.823,23.816,23.816,23.816,23.808,23.793,23.793,23.77,23.762,23.762,23.77,23.777,23.777,23.785,23.77,23.793,23.777,23.793,23.793,23.77,23.762,23.755,23.747,23.739,23.762,23.777,23.755,23.709,23.777,23.701,23.724,23.693,23.686,23.693,23.678,23.701,23.671,23.701,23.671,23.678,23.663,23.693,23.686,23.716,23.716,23.709,23.724,23.678,23.678,23.701,23.686,23.686,23.701,23.732,23.747,23.762,23.709,23.747,23.701,23.693,23.693,23.693,23.701,23.678,23.632,23.625,23.678,23.625,23.709,23.724,23.739,23.693,23.716,23.709,23.686,23.701,23.686,23.709,23.678,23.701,23.724,23.739,23.693,23.693,23.693,23.693,23.671,23.701,23.693,23.693,23.686,23.678,23.716,23.693,23.693,23.693,23.693,23.693,23.678
,23.64,23.655,23.663,23.663,23.655,23.655,23.663,23.678,23.686,23.693,23.716,23.701,23.693,23.701,23.693,23.686,23.701,23.716,23.724,23.724,23.716,23.732,23.724,23.732,23.747,23.739,23.724,23.732,23.716,23.732,23.716,23.701,23.739,23.724,23.747,23.755,23.77,23.755,23.747,23.785,23.739,23.777,23.755,23.762,23.785,23.777,23.793,23.793,23.823,23.8,23.816,23.8,23.808,23.8,23.785,23.785,23.785,23.793,23.793,23.823,23.816,23.823,23.808,23.838,23.8,23.831,23.831,23.846,23.838,23.838,23.846,23.854,23.831,23.831,23.816,23.823,23.808,23.816,23.816,23.831,23.823,23.838,23.884,23.877,23.892,23.884,23.884,23.884,23.892,23.899,23.907,23.892,23.899,23.899,23.884,23.892,23.899,23.899,23.915,23.915,23.907,23.93,23.915,23.915,23.945,23.922,23.938,23.938,23.922,23.922,23.922,23.922,23.938,23.938,23.953,23.983,23.983,23.983,23.983,23.976,23.968,23.991,23.93,23.938,23.945,23.953,23.945,23.96,23.96,23.983,23.991,24.006,24.014,24.006,23.976,23.968,23.991,23.983,23.998,24.014,23.991,23.998,24.014,23.991,23.991,23.998,24.014,24.021,24.029,24.044,24.044,24.044,24.044,24.044,24.037,24.037,24.037,24.044,24.052,24.067,24.067,24.082,24.082,24.082,24.097,24.09,24.097,24.09,24.097,24.082,24.097,24.105,24.105,24.135,24.113,24.12,24.12,24.12,24.128,24.113,24.105,24.113,24.097,24.097,24.113,24.12,24.128,24.105,24.09,24.135,24.158,24.128,24.166,24.151,24.158,24.151,24.166,24.181,24.181,24.196,24.189,24.181,24.181,24.166,24.151,24.166,24.173,24.166,24.181,24.181,24.196,24.189,24.196,24.196,24.196,24.204,24.227,24.227,24.219,24.242,24.249,24.249,24.249,24.242,24.249,24.257,24.28,24.28,24.31,24.303,24.356,24.371,24.401,24.386,24.409,24.416,24.416,24.439,24.447,24.462,24.515,24.553,24.568,24.583,24.629,24.666,24.735,24.908,25.021,25.052,25.165,25.172,25.202,25.262,25.353,25.915,26.213,26.749,26.949,27.576,28.199,28.739,29.052,29.652,30.536,31.661,32.641,34.043,35.263,35.359,35.174,34.961,34.527,34.438,34.465,34.645,35.057,35.222,35.51,35.476,35.626,35.667,35.681,35.571,35.414,35.311,35.311,35.311,35.277,35.393,35.414,35.53,35.571,35.612,35.674,35.715,35.763,35.879,35.858,35.92,35.913,35.913,35.981,35.967,35.94,35.892,35.995,35.913,35.947,35.906,35.831,35.797,35.585,34.513,34.251,34.265,34.244,34.285,34.361,34.479,34.651,34.824,34.265,33.25,33.397,33.452,33.967,34.389,34.313,34.043,33.306,33.995,34.824,34.961,35.585,35.585,35.865,36.008,36.192,36.253,36.294,36.335,36.199,35.886,34.486,31.15,29.746,29.832,29.76,28.986,30.012,32.078,33.828,34.755,34.762,34.748,34.727,34.782,34.775,34.824,34.837,34.886,35.346,35.756,35.77,35.722,35.667,35.64,35.571,35.537,35.476,35.414,35.421,35.38,35.373,35.325,35.304,35.27,35.222,35.16,35.147,35.085,35.037,34.996,34.927,34.872,34.858,34.796,34.796,34.741,34.748,34.831,35.16,35.352,35.366,35.407,35.195,35.051,34.465,34.133,33.995,34.313,34.569,34.202,33.362,32.648,31.866,30.872,30.07,29.522,28.623,28.068,27.355,26.786,26.251,25.683,25.172,25.014,24.871,24.795,24.742,24.682,24.644,24.613,24.568,24.5,24.477,24.447,24.424,24.409,24.356,24.356,24.295,24.272,24.249,24.234,24.211,24.211,24.181,24.158,24.151,24.113,24.105,24.113,24.097,24.09,24.082,24.09,24.09,24.09,24.059,24.052,24.052,24.037,24.044,24.029,24.021,24.014,24.006,24.014,24.006,24.014,24.014,24.014,24.014,24.014,24.014,24.029,24.006,24.021,23.998,23.991,24.006,23.976,23.983,23.96,23.96,23.96,23.96,23.953,23.983,23.96,23.96,23.953,23.945,23.93,23.93,23.915,23.938,23.93,23.915,23.907,23.899,23.892,23.884,23.884,23.869,23.907,23.884,23.892,23.907,23.907,23.907,23.922,23.899,23.892,23.861,23.869,23.846,23.854,23.854,23.884,23.854,23.854,23.854,23.854,23.861,23.884,23.884,23.892,23.884,23.877,23.884,23.877,23.869,23.869,23.831,23.831,23.816,23.808,23.816,23.823,23.838,23.846,23.854,23.846,23.831,23.816,23.823,23.816,23.823,23.823,23.831,23.816,23.816,23.808,23.793,23.785,23.762,23.755,23.777,23.777,23.785,23.793,23.793,23.777,23.755,23.77,23.747,23.785,23.762,23.77,23.755,23.762,23.755,23.77,23.755,23.785,23.724,23.77,23.732,23.709,23.709,23.693,23.693,23.693,23.663,23.693,23.686,23.693,23.678,23.686,23.686,23.709,23.716,23.732,23.732,23.724,23.686,23.709,23.678,23.678,23.701,23.724,23.709,23.732,23.747,23.762,23.709,23.701,23.693,23.709,23.701,23.686,23.693,23.655,23.671,23.648,23.663,23.693,23.671,23.671,23.709,23.678,23.709,23.686,23.716,23.701,23.724,23.716,23.724,23.724,23.732,23.716,23.693,23.701,23.693,23.701,23.693,23.686,23.693,23.693,23.693,23.701,23.678,23.701,23.671,23.671,23.671,23.693
,23.617,23.655,23.663,23.663,23.671,23.663,23.671,23.663,23.686,23.686,23.693,23.701,23.716,23.686,23.701,23.701,23.709,23.724,23.724,23.732,23.732,23.747,23.747,23.747,23.739,23.724,23.732,23.716,23.732,23.747,23.755,23.739,23.724,23.739,23.739,23.739,23.739,23.724,23.732,23.747,23.739,23.762,23.77,23.747,23.77,23.785,23.793,23.785,23.785,23.793,23.777,23.816,23.816,23.808,23.785,23.785,23.793,23.816,23.8,23.816,23.808,23.808,23.823,23.838,23.823,23.808,23.823,23.846,23.846,23.831,23.831,23.823,23.831,23.831,23.823,23.831,23.8,23.816,23.823,23.823,23.823,23.846,23.846,23.884,23.877,23.892,23.884,23.884,23.899,23.899,23.907,23.907,23.907,23.899,23.884,23.892,23.892,23.899,23.892,23.922,23.922,23.922,23.922,23.907,23.915,23.907,23.907,23.922,23.899,23.915,23.938,23.945,23.953,23.976,23.991,23.983,23.983,23.976,23.983,23.968,23.96,23.976,23.968,23.945,23.953,23.96,23.953,23.938,23.968,23.991,23.998,23.983,23.991,23.991,23.983,23.976,23.991,24.006,24.021,24.037,24.021,24.014,24.014,23.998,23.998,24.014,24.006,24.021,24.029,24.029,24.037,24.044,24.044,24.037,24.029,24.037,24.037,24.052,24.067,24.075,24.075,24.082,24.082,24.09,24.097,24.09,24.097,24.09,24.082,24.097,24.097,24.097,24.105,24.105,24.12,24.105,24.113,24.12,24.113,24.113,24.097,24.097,24.09,24.105,24.12,24.12,24.113,24.12,24.12,24.105,24.12,24.166,24.166,24.173,24.173,24.151,24.173,24.166,24.189,24.189,24.196,24.189,24.181,24.181,24.158,24.166,24.158,24.173,24.196,24.189,24.196,24.196,24.189,24.189,24.196,24.189,24.234,24.227,24.249,24.249,24.257,24.265,24.257,24.265,24.272,24.272,24.295,24.31,24.325,24.341,24.348,24.379,24.394,24.401,24.409,24.416,24.424,24.432,24.454,24.485,24.515,24.545,24.576,24.613,24.636,24.719,24.757,24.84,24.954,25.067,25.104,25.172,25.217,25.292,25.488,26.057,26.318,26.741,27.126,27.671,28.148,28.768,29.421,30.005,30.922,31.852,33.159,34.458,35.359,35.482,35.154,34.927,34.486,34.458,34.479,34.589,34.968,35.448,35.53,35.612,35.633,35.626,35.476,35.373,35.277,35.284,35.243,35.284,35.311,35.346,35.441,35.489,35.53,35.578,35.674,35.701,35.722,35.79,35.817,35.824,35.831,35.858,35.797,35.742,35.756,35.831,35.838,35.722,35.749,35.742,35.694,35.763,35.291,34.555,34.403,34.32,34.279,34.355,34.52,34.603,34.741,34.961,34.899,34.582,34.465,34.396,34.424,34.927,34.872,34.913,35.558,35.469,35.626,35.681,35.776,36.022,36.26,36.341,36.369,36.355,36.348,36.335,36.274,36.117,35.647,34.057,31.171,29.667,30.12,29.948,31.271,31.873,32.578,34.617,34.762,34.734,34.789,34.775,34.817,34.906,34.934,34.968,34.996,35.681,35.749,35.729,35.667,35.626,35.558,35.517,35.476,35.428,35.38,35.366,35.346,35.318,35.291,35.27,35.181,35.154,35.126,35.064,35.044,34.941,34.941,34.803,34.789,34.775,34.741,34.693,34.631,34.679,34.734,34.892,35.174,35.174,35.126,34.782,34.417,34.195,33.988,34.202,34.589,34.285,33.717,32.823,31.909,30.908,30.185,29.616,28.812,28.09,27.488,27.111,26.347,25.713,25.195,25.089,24.863,24.803,24.735,24.697,24.666,24.613,24.553,24.538,24.5,24.47,24.432,24.447,24.379,24.356,24.318,24.318,24.265,24.234,24.234,24.189,24.196,24.181,24.151,24.143,24.12,24.105,24.113,24.105,24.097,24.097,24.082,24.067,24.059,24.052,24.044,24.044,24.037,24.037,24.021,24.021,24.006,23.998,24.006,24.029,24.014,24.006,24.006,23.998,24.021,24.021,24.014,23.976,23.991,23.998,24.014,23.998,23.983,23.968,23.953,23.953,23.953,23.953,23.968,23.968,23.953,23.945,23.938,23.93,23.922,23.945,23.922,23.93,23.93,23.915,23.915,23.892,23.892,23.869,23.877,23.877,23.884,23.892,23.907,23.915,23.922,23.915,23.892,23.892,23.861,23.854,23.854,23.854,23.877,23.877,23.869,23.877,23.861,23.869,23.877,23.922,23.884,23.869,23.877,23.892,23.861,23.884,23.877,23.869,23.854,23.846,23.838,23.808,23.816,23.816,23.816,23.831,23.854,23.846,23.831,23.823,23.823,23.823,23.838,23.838,23.823,23.823,23.823,23.823,23.777,23.808,23.77,23.793,23.793,23.785,23.793,23.77,23.8,23.793,23.785,23.762,23.77,23.755,23.747,23.762,23.755,23.755,23.755,23.762,23.762,23.816,23.8,23.739,23.732,23.709,23.701,23.701,23.701,23.678,23.671,23.678,23.678,23.678,23.693,23.701,23.693,23.724,23.716,23.732,23.724,23.724,23.693,23.716,23.686,23.709,23.701,23.716,23.716,23.724,23.739,23.716,23.724,23.693,23.686,23.693,23.693,23.671,23.686,23.678,23.655,23.663,23.671,23.678,23.678,23.663,23.671,23.655,23.693,23.686,23.686,23.693,23.686,23.709,23.724,23.709,23.747,23.678,23.701,23.709,23.709,23.716,23.709,23.693,23.701,23.686,23.671,23.701,23.693,23.663,23.671,23.655,23.64,23.655
,23.617,23.648,23.648,23.671,23.663,23.655,23.648,23.64,23.648,23.693,23.686,23.709,23.709,23.701,23.693,23.693,23.693,23.724,23.709,23.739,23.732,23.732,23.755,23.724,23.724,23.716,23.716,23.716,23.724,23.747,23.739,23.716,23.755,23.747,23.739,23.724,23.732,23.755,23.747,23.777,23.762,23.77,23.755,23.77,23.77,23.793,23.77,23.808,23.785,23.808,23.8,23.785,23.808,23.808,23.793,23.785,23.77,23.777,23.8,23.785,23.793,23.816,23.8,23.808,23.838,23.838,23.838,23.846,23.861,23.838,23.831,23.816,23.816,23.846,23.831,23.816,23.823,23.823,23.823,23.838,23.831,23.846,23.854,23.869,23.884,23.892,23.892,23.907,23.884,23.884,23.907,23.892,23.899,23.892,23.884,23.884,23.877,23.892,23.907,23.93,23.93,23.945,23.922,23.922,23.907,23.915,23.907,23.907,23.907,23.93,23.945,23.953,23.96,23.976,23.998,23.991,23.976,23.976,23.968,23.968,23.96,23.953,23.976,23.96,23.953,23.953,23.945,23.96,23.991,23.998,23.998,23.998,23.983,23.96,23.998,23.998,24.021,24.006,24.014,24.014,24.006,24.006,24.006,23.983,24.029,23.998,24.014,24.029,24.037,24.029,24.044,24.044,24.029,24.037,24.029,24.029,24.037,24.052,24.059,24.075,24.075,24.075,24.075,24.082,24.082,24.09,24.09,24.09,24.09,24.09,24.09,24.097,24.09,24.097,24.105,24.113,24.113,24.113,24.113,24.105,24.105,24.097,24.097,24.097,24.113,24.113,24.128,24.135,24.135,24.143,24.151,24.166,24.158,24.158,24.158,24.158,24.166,24.173,24.181,24.196,24.196,24.196,24.189,24.173,24.166,24.173,24.189,24.204,24.189,24.211,24.196,24.204,24.189,24.181,24.181,24.196,24.204,24.227,24.242,24.265,24.272,24.287,24.265,24.28,24.265,24.28,24.303,24.325,24.333,24.356,24.341,24.363,24.386,24.409,24.416,24.424,24.447,24.447,24.47,24.507,24.53,24.545,24.583,24.621,24.659,24.735,24.787,24.871,24.999,25.059,25.127,25.195,25.262,25.593,25.773,26.109,26.466,26.971,27.392,27.774,28.331,28.877,29.45,30.393,31.143,32.275,33.376,34.61,35.284,35.462,35.325,35.016,34.534,34.486,34.576,34.769,35.092,35.38,35.441,35.496,35.462,35.256,35.277,35.222,35.215,35.236,35.181,35.181,35.263,35.332,35.414,35.448,35.489,35.53,35.599,35.633,35.688,35.708,35.742,35.735,35.688,35.797,35.701,35.653,35.66,35.633,35.647,35.681,35.701,35.749,35.715,35.681,35.414,34.624,34.368,34.465,34.431,34.576,34.741,34.686,34.906,35.27,35.503,35.421,35.304,35.53,35.619,35.64,35.701,35.633,35.626,35.715,35.81,35.824,35.865,36.09,36.294,36.382,36.389,36.382,36.382,36.375,36.362,36.28,36.056,35.571,34.133,31.157,30.271,31.519,32.367,31.739,31.859,33.717,34.851,34.892,34.824,34.858,34.92,34.954,34.975,34.968,35.016,35.694,35.735,35.708,35.667,35.647,35.606,35.537,35.469,35.407,35.366,35.352,35.346,35.318,35.291,35.263,35.195,35.112,35.092,35.112,34.989,34.879,34.824,34.782,34.769,34.713,34.658,34.658,34.596,34.603,34.569,34.61,34.734,34.837,34.727,34.899,34.396,34.258,33.96,34.002,34.458,34.479,33.856,33.145,32.022,30.993,30.285,29.724,29.015,28.492,27.862,26.897,26.414,25.877,25.608,25.315,25.052,24.825,24.757,24.742,24.689,24.644,24.591,24.538,24.53,24.477,24.439,24.432,24.394,24.424,24.379,24.31,24.295,24.257,24.219,24.189,24.173,24.166,24.143,24.135,24.128,24.12,24.113,24.097,24.12,24.09,24.052,24.09,24.052,24.052,24.044,24.044,24.037,24.029,24.021,24.014,24.014,24.014,24.014,24.006,24.006,24.006,23.991,24.014,24.006,23.991,23.991,23.991,23.976,23.991,24.014,23.998,23.983,23.976,23.96,23.96,23.938,23.96,23.96,23.953,23.953,23.953,23.945,23.938,23.945,23.953,23.945,23.938,23.93,23.922,23.915,23.907,23.899,23.892,23.877,23.892,23.899,23.899,23.907,23.915,23.915,23.907,23.869,23.884,23.861,23.846,23.869,23.861,23.861,23.869,23.884,23.869,23.869,23.877,23.877,23.907,23.915,23.907,23.869,23.869,23.892,23.884,23.877,23.869,23.846,23.838,23.838,23.816,23.823,23.816,23.823,23.823,23.838,23.846,23.838,23.823,23.816,23.831,23.816,23.823,23.823,23.8,23.808,23.808,23.823,23.8,23.777,23.785,23.77,23.8,23.793,23.816,23.808,23.808,23.8,23.785,23.785,23.777,23.755,23.747,23.747,23.77,23.755,23.785,23.77,23.77,23.777,23.755,23.739,23.724,23.716,23.701,23.701,23.716,23.709,23.724,23.693,23.693,23.701,23.701,23.716,23.709,23.724,23.716,23.732,23.724,23.716,23.724,23.693,23.716,23.709,23.716,23.716,23.724,23.724,23.686,23.701,23.716,23.693,23.686,23.701,23.693,23.686,23.678,23.663,23.655,23.671,23.678,23.686,23.671,23.671,23.663,23.671,23.686,23.701,23.678,23.686,23.693,23.732,23.739,23.739,23.724,23.709,23.701,23.701,23.701,23.701,23.701,23.701,23.678,23.701,23.701,23.701,23.686,23.693,23.655,23.648,23.663
,23.632,23.64,23.655,23.686,23.693,23.655,23.648,23.663,23.655,23.671,23.655,23.709,23.709,23.678,23.716,23.709,23.693,23.716,23.716,23.716,23.724,23.724,23.739,23.732,23.716,23.724,23.724,23.732,23.747,23.747,23.755,23.762,23.762,23.755,23.747,23.724,23.724,23.724,23.762,23.739,23.793,23.77,23.777,23.762,23.77,23.777,23.808,23.816,23.823,23.816,23.8,23.838,23.8,23.808,23.808,23.8,23.808,23.846,23.785,23.785,23.785,23.793,23.816,23.808,23.823,23.846,23.838,23.831,23.854,23.838,23.816,23.808,23.823,23.831,23.838,23.831,23.831,23.831,23.831,23.831,23.846,23.838,23.869,23.869,23.869,23.884,23.869,23.892,23.892,23.869,23.907,23.892,23.907,23.892,23.884,23.884,23.877,23.884,23.907,23.93,23.922,23.945,23.93,23.922,23.922,23.907,23.899,23.899,23.907,23.915,23.93,23.968,23.976,23.983,23.998,23.998,23.991,23.968,23.953,23.96,23.953,23.968,23.96,23.976,23.96,23.968,23.976,23.976,23.991,23.983,23.998,23.998,23.998,23.968,23.976,23.976,23.983,24.021,24.006,24.006,23.998,23.998,23.998,23.983,23.991,23.991,24.006,24.021,24.029,24.029,24.037,24.029,24.029,24.044,24.037,24.029,24.037,24.067,24.059,24.067,24.067,24.075,24.082,24.082,24.082,24.09,24.097,24.09,24.105,24.09,24.082,24.097,24.09,24.097,24.097,24.105,24.097,24.12,24.105,24.097,24.113,24.097,24.097,24.113,24.12,24.105,24.143,24.128,24.135,24.135,24.135,24.173,24.181,24.181,24.166,24.181,24.151,24.143,24.173,24.196,24.204,24.204,24.196,24.196,24.181,24.181,24.189,24.204,24.181,24.204,24.196,24.204,24.189,24.189,24.189,24.189,24.227,24.242,24.257,24.272,24.265,24.272,24.28,24.287,24.303,24.303,24.318,24.325,24.348,24.356,24.386,24.379,24.386,24.401,24.424,24.439,24.447,24.47,24.477,24.5,24.53,24.553,24.591,24.636,24.697,24.75,24.848,24.938,24.969,25.082,25.119,25.142,25.24,25.473,25.96,26.221,26.838,27.215,27.583,28.09,28.688,29.139,29.89,30.6,31.306,32.676,33.988,35.085,35.428,35.387,35.195,34.672,34.576,34.5,34.582,34.844,35.051,35.25,35.339,35.174,35.126,35.14,35.188,35.14,35.126,35.085,35.126,35.208,35.215,35.304,35.277,35.4,35.476,35.51,35.565,35.626,35.606,35.653,35.66,35.653,35.667,35.674,35.647,35.592,35.585,35.606,35.619,35.599,35.64,35.674,35.722,35.653,35.421,34.796,34.589,34.686,34.617,34.734,34.865,34.872,35.167,35.277,35.51,35.653,35.647,35.653,35.701,35.701,35.735,35.756,35.776,35.715,35.831,35.94,36.076,36.199,36.335,36.389,36.389,36.389,36.362,36.382,36.314,36.185,36.219,35.92,35.599,34.189,31.781,31.562,32.494,32.788,33.48,34.727,35.455,35.462,34.982,34.961,34.941,34.989,34.982,35.002,34.975,35.167,35.735,35.77,35.708,35.66,35.64,35.565,35.496,35.448,35.414,35.359,35.359,35.339,35.298,35.27,35.229,35.154,35.133,35.14,35.002,34.954,34.844,34.81,34.72,34.658,34.596,34.603,34.513,34.507,34.451,34.576,34.576,34.582,34.638,34.596,34.341,34.05,33.849,33.904,34.431,34.493,33.849,33.166,32.12,31.47,30.758,29.919,29.255,28.666,27.95,27.399,26.734,26.251,25.675,25.195,24.991,24.84,24.818,24.787,24.697,24.644,24.591,24.56,24.507,24.492,24.485,24.477,24.416,24.386,24.356,24.348,24.303,24.265,24.234,24.211,24.189,24.166,24.173,24.143,24.151,24.135,24.128,24.113,24.113,24.105,24.082,24.097,24.067,24.059,24.037,24.029,24.029,24.037,24.029,24.021,24.037,24.014,24.021,24.006,24.006,24.006,24.014,23.998,24.014,23.983,23.998,23.983,23.983,23.976,23.998,23.983,23.983,23.976,23.968,23.983,23.953,23.953,23.96,23.953,23.96,23.945,23.945,23.945,23.945,23.938,23.922,23.938,23.93,23.93,23.915,23.915,23.899,23.899,23.907,23.899,23.907,23.915,23.922,23.915,23.907,23.899,23.861,23.861,23.838,23.861,23.854,23.861,23.869,23.884,23.884,23.884,23.899,23.899,23.899,23.915,23.915,23.907,23.884,23.884,23.877,23.869,23.869,23.846,23.838,23.846,23.838,23.838,23.808,23.823,23.816,23.816,23.823,23.846,23.831,23.831,23.808,23.823,23.823,23.816,23.831,23.816,23.846,23.816,23.816,23.823,23.777,23.816,23.8,23.823,23.823,23.816,23.808,23.808,23.8,23.777,23.785,23.755,23.77,23.747,23.739,23.77,23.77,23.77,23.793,23.793,23.762,23.77,23.747,23.724,23.701,23.709,23.716,23.701,23.701,23.716,23.693,23.693,23.701,23.716,23.716,23.716,23.709,23.709,23.709,23.716,23.701,23.693,23.709,23.701,23.709,23.732,23.716,23.701,23.716,23.709,23.709,23.678,23.693,23.693,23.663,23.701,23.686,23.663,23.671,23.663,23.671,23.671,23.678,23.655,23.678,23.671,23.671,23.693,23.686,23.693,23.671,23.709,23.716,23.732,23.732,23.724,23.709,23.709,23.686,23.709,23.709,23.716,23.709,23.716,23.716,23.693,23.724,23.716,23.686,23.678,23.632,23.617
,23.64,23.648,23.663,23.663,23.671,23.655,23.64,23.663,23.648,23.663,23.678,23.686,23.693,23.686,23.671,23.693,23.724,23.701,23.701,23.716,23.709,23.724,23.724,23.724,23.732,23.732,23.716,23.732,23.755,23.755,23.762,23.77,23.762,23.747,23.747,23.701,23.693,23.716,23.747,23.793,23.777,23.785,23.777,23.777,23.77,23.785,23.785,23.816,23.816,23.831,23.831,23.823,23.823,23.808,23.816,23.785,23.785,23.785,23.808,23.785,23.8,23.793,23.793,23.8,23.831,23.831,23.838,23.846,23.838,23.823,23.808,23.816,23.8,23.831,23.831,23.854,23.846,23.838,23.838,23.838,23.846,23.854,23.877,23.869,23.877,23.861,23.861,23.877,23.877,23.877,23.892,23.892,23.892,23.884,23.877,23.869,23.861,23.877,23.892,23.892,23.938,23.938,23.922,23.922,23.915,23.892,23.892,23.892,23.899,23.907,23.93,23.953,23.968,23.991,23.968,23.976,23.968,23.96,23.968,23.953,23.945,23.953,23.945,23.968,23.976,23.976,23.976,23.983,23.976,23.983,23.983,23.991,23.976,23.976,23.983,23.983,23.976,23.983,23.998,24.006,24.006,23.998,24.006,23.976,23.991,23.998,24.014,24.021,24.029,24.029,24.021,24.029,24.021,24.029,24.037,24.044,24.037,24.044,24.059,24.037,24.052,24.067,24.067,24.082,24.09,24.09,24.097,24.09,24.097,24.09,24.09,24.09,24.082,24.09,24.09,24.082,24.097,24.09,24.097,24.09,24.09,24.105,24.097,24.113,24.12,24.135,24.143,24.143,24.128,24.135,24.151,24.158,24.173,24.166,24.173,24.143,24.166,24.173,24.189,24.189,24.196,24.196,24.196,24.181,24.189,24.181,24.189,24.189,24.196,24.219,24.189,24.189,24.181,24.204,24.189,24.204,24.211,24.234,24.257,24.257,24.295,24.287,24.287,24.295,24.303,24.31,24.318,24.348,24.363,24.386,24.371,24.386,24.401,24.416,24.439,24.439,24.454,24.462,24.485,24.515,24.538,24.591,24.613,24.689,24.697,24.75,24.848,24.908,25.014,25.074,25.112,25.255,25.405,25.84,26.094,26.251,26.8,27.17,27.671,28.126,28.776,29.247,29.905,30.993,31.604,32.746,33.946,35.126,35.27,35.277,35.037,34.645,34.493,34.493,34.534,34.741,35.002,35.078,35.085,35.057,35.044,35.057,35.03,35.023,35.016,35.03,35.044,35.078,35.112,35.195,35.195,35.346,35.414,35.462,35.503,35.537,35.544,35.599,35.537,35.592,35.599,35.619,35.585,35.578,35.578,35.571,35.606,35.599,35.674,35.674,35.66,35.783,35.537,35.064,34.803,34.782,34.817,34.892,35.016,35.181,35.243,35.393,35.551,35.599,35.619,35.66,35.715,35.694,35.688,35.763,35.776,35.81,35.92,36.035,36.178,36.206,36.314,36.348,36.355,36.369,36.355,36.375,36.328,36.321,36.219,35.879,35.633,35.352,34.727,33.362,33.376,33.348,33.411,33.501,35.256,35.551,35.243,34.996,34.982,34.961,34.975,35.002,35.009,35.105,35.79,35.797,35.763,35.729,35.722,35.653,35.565,35.469,35.421,35.387,35.352,35.304,35.304,35.27,35.243,35.208,35.174,35.181,35.023,34.906,34.879,34.865,34.789,34.638,34.61,34.569,34.507,34.486,34.355,34.285,34.265,34.223,34.368,34.327,34.223,33.925,33.856,33.814,34.306,34.672,34.022,33.201,32.275,31.711,30.829,30.149,29.457,28.768,28.097,27.377,26.867,26.31,25.713,25.323,25.059,24.916,24.795,24.765,24.689,24.659,24.621,24.583,24.545,24.515,24.515,24.47,24.454,24.394,24.401,24.356,24.265,24.257,24.234,24.196,24.211,24.189,24.166,24.166,24.151,24.128,24.128,24.113,24.113,24.09,24.097,24.082,24.09,24.052,24.052,24.037,24.037,24.044,24.044,24.059,24.037,24.044,24.021,24.014,24.029,24.029,24.014,24.014,23.991,24.021,23.998,23.991,23.983,23.983,23.991,23.983,23.991,23.976,23.976,23.968,23.976,23.945,23.945,23.945,23.953,23.945,23.945,23.93,23.93,23.93,23.938,23.922,23.93,23.93,23.945,23.915,23.892,23.907,23.907,23.922,23.915,23.922,23.93,23.93,23.892,23.877,23.877,23.846,23.846,23.846,23.854,23.877,23.884,23.884,23.899,23.899,23.899,23.899,23.907,23.899,23.899,23.915,23.877,23.892,23.877,23.869,23.861,23.838,23.846,23.846,23.838,23.831,23.823,23.8,23.8,23.831,23.823,23.831,23.861,23.838,23.823,23.808,23.8,23.816,23.838,23.838,23.831,23.831,23.808,23.823,23.8,23.808,23.808,23.816,23.793,23.8,23.8,23.8,23.793,23.793,23.816,23.793,23.77,23.739,23.762,23.755,23.755,23.762,23.777,23.77,23.777,23.755,23.739,23.724,23.732,23.709,23.716,23.716,23.716,23.693,23.709,23.709,23.709,23.701,23.709,23.686,23.709,23.701,23.701,23.701,23.686,23.693,23.716,23.709,23.701,23.701,23.709,23.709,23.693,23.686,23.724,23.655,23.617,23.663,23.716,23.678,23.663,23.686,23.648,23.678,23.678,23.686,23.686,23.671,23.678,23.701,23.686,23.678,23.693,23.686,23.693,23.671,23.716,23.724,23.732,23.724,23.716,23.693,23.701,23.693,23.709,23.716,23.732,23.724,23.732,23.716,23.693,23.686,23.678,23.693,23.709,23.678
,23.671,23.663,23.671,23.655,23.678,23.686,23.671,23.655,23.655,23.663,23.678,23.671,23.701,23.693,23.686,23.655,23.732,23.716,23.724,23.716,23.724,23.709,23.724,23.732,23.709,23.724,23.716,23.732,23.747,23.762,23.777,23.785,23.77,23.762,23.739,23.724,23.693,23.747,23.747,23.777,23.785,23.777,23.785,23.785,23.77,23.785,23.793,23.808,23.823,23.823,23.831,23.816,23.808,23.838,23.808,23.846,23.793,23.793,23.8,23.793,23.793,23.785,23.785,23.808,23.823,23.808,23.831,23.838,23.846,23.831,23.816,23.831,23.838,23.846,23.861,23.869,23.846,23.854,23.846,23.854,23.854,23.861,23.884,23.861,23.884,23.877,23.869,23.877,23.877,23.869,23.884,23.869,23.892,23.892,23.877,23.869,23.869,23.877,23.877,23.877,23.907,23.915,23.922,23.915,23.899,23.899,23.899,23.892,23.899,23.907,23.922,23.938,23.953,23.976,23.96,23.976,23.96,23.953,23.96,23.968,23.945,23.968,23.953,23.976,23.976,23.976,23.976,23.968,23.976,23.998,23.991,23.991,23.991,23.983,23.945,23.968,23.976,23.991,23.998,24.006,24.014,24.014,23.998,23.991,23.991,24.006,24.014,24.021,24.029,24.021,24.029,24.021,24.037,24.029,24.037,24.037,24.037,24.052,24.044,24.044,24.044,24.067,24.067,24.082,24.09,24.082,24.09,24.082,24.097,24.09,24.09,24.097,24.09,24.082,24.082,24.097,24.082,24.082,24.105,24.09,24.082,24.09,24.105,24.113,24.128,24.135,24.158,24.143,24.143,24.151,24.166,24.166,24.166,24.173,24.158,24.158,24.166,24.158,24.173,24.181,24.204,24.204,24.211,24.204,24.189,24.219,24.219,24.196,24.211,24.204,24.204,24.211,24.204,24.204,24.219,24.211,24.211,24.227,24.257,24.265,24.287,24.287,24.287,24.303,24.303,24.325,24.348,24.363,24.371,24.379,24.409,24.409,24.432,24.439,24.439,24.454,24.47,24.492,24.507,24.538,24.56,24.591,24.629,24.689,24.742,24.795,24.84,24.961,25.029,25.089,25.104,25.21,25.51,25.773,26.109,26.556,26.978,27.451,27.84,28.528,28.863,29.746,30.558,31.128,32.205,33.376,34.431,35.112,35.435,35.284,34.975,34.589,34.513,34.486,34.541,34.686,34.831,34.996,34.872,34.975,34.968,35.002,34.927,34.961,34.954,34.961,35.023,35.002,35.078,35.14,35.195,35.284,35.332,35.407,35.428,35.455,35.503,35.571,35.619,35.599,35.606,35.585,35.571,35.558,35.578,35.585,35.619,35.619,35.729,35.797,35.872,35.845,35.688,35.188,35.085,35.051,35.181,35.057,35.318,35.339,35.27,35.496,35.544,35.612,35.64,35.722,35.776,35.722,35.81,35.831,35.892,35.92,36.069,36.083,36.165,36.28,36.314,36.335,36.355,36.307,36.348,36.348,36.355,36.328,36.314,36.165,35.742,35.462,35.243,34.899,34.078,33.285,33.033,34.23,35.476,35.694,35.256,35.057,34.989,34.961,34.975,34.975,34.961,35.133,35.858,35.92,35.851,35.79,35.729,35.694,35.592,35.551,35.53,35.476,35.428,35.387,35.387,35.332,35.352,35.311,35.284,35.256,35.181,35.126,35.023,34.927,34.865,34.693,34.713,34.569,34.451,34.417,34.299,34.175,34.105,34.085,34.036,34.092,34.057,33.877,33.793,33.793,34.244,34.589,34.272,33.487,32.501,31.682,30.972,30.364,29.486,28.856,28.294,27.642,26.926,26.37,25.87,25.405,25.097,25.029,24.833,24.78,24.742,24.682,24.659,24.591,24.568,24.553,24.515,24.485,24.462,24.432,24.416,24.394,24.318,24.295,24.242,24.219,24.227,24.219,24.204,24.173,24.173,24.151,24.151,24.113,24.097,24.082,24.067,24.097,24.082,24.059,24.052,24.037,24.044,24.052,24.052,24.052,24.052,24.052,24.029,24.029,24.006,24.029,24.029,24.029,24.037,24.021,24.014,23.998,23.991,23.968,23.976,23.976,23.983,23.991,23.983,23.991,23.976,23.968,23.983,23.953,23.953,23.96,23.953,23.938,23.93,23.922,23.93,23.93,23.945,23.938,23.945,23.938,23.915,23.953,23.915,23.945,23.938,23.938,23.915,23.915,23.899,23.877,23.838,23.846,23.846,23.861,23.869,23.877,23.892,23.899,23.915,23.915,23.907,23.899,23.892,23.899,23.884,23.892,23.899,23.899,23.877,23.869,23.861,23.861,23.854,23.838,23.846,23.838,23.823,23.838,23.816,23.831,23.838,23.846,23.838,23.861,23.816,23.808,23.816,23.816,23.831,23.823,23.869,23.816,23.808,23.816,23.823,23.816,23.8,23.8,23.8,23.8,23.785,23.816,23.816,23.793,23.8,23.793,23.777,23.762,23.755,23.693,23.77,23.8,23.762,23.762,23.77,23.755,23.739,23.739,23.732,23.716,23.716,23.716,23.716,23.701,23.709,23.693,23.701,23.686,23.701,23.686,23.701,23.709,23.716,23.701,23.686,23.693,23.701,23.686,23.693,23.686,23.686,23.693,23.686,23.709,23.709,23.724,23.64,23.64,23.663,23.732,23.701,23.693,23.663,23.686,23.671,23.701,23.686,23.693,23.686,23.716,23.686,23.686,23.686,23.671,23.693,23.709,23.709,23.732,23.732,23.724,23.724,23.716,23.709,23.709,23.709,23.739,23.732,23.739,23.724,23.724,23.701,23.716,23.693,23.693,23.625,23.617
,23.671,23.678,23.655,23.671,23.678,23.663,23.671,23.671,23.655,23.671,23.693,23.686,23.686,23.671,23.663,23.739,23.724,23.762,23.739,23.716,23.724,23.716,23.762,23.747,23.739,23.732,23.747,23.732,23.77,23.739,23.777,23.8,23.8,23.77,23.724,23.724,23.716,23.693,23.77,23.77,23.793,23.77,23.77,23.762,23.777,23.785,23.793,23.8,23.816,23.831,23.838,23.838,23.838,23.831,23.816,23.823,23.838,23.831,23.8,23.793,23.8,23.793,23.808,23.808,23.823,23.816,23.846,23.823,23.831,23.816,23.831,23.831,23.838,23.838,23.846,23.838,23.869,23.861,23.831,23.877,23.861,23.861,23.877,23.869,23.869,23.861,23.854,23.877,23.877,23.892,23.892,23.892,23.884,23.884,23.877,23.877,23.869,23.869,23.869,23.907,23.907,23.922,23.907,23.899,23.884,23.899,23.899,23.899,23.899,23.907,23.899,23.93,23.938,23.953,23.96,23.976,23.976,23.968,23.976,23.976,23.983,23.976,23.976,23.976,23.968,23.983,23.991,23.976,23.991,23.983,23.998,23.998,23.998,23.991,23.968,23.968,23.976,23.976,23.998,24.014,24.021,24.021,24.014,24.014,24.014,23.998,24.014,24.021,24.014,24.021,24.021,24.029,24.029,24.029,24.029,24.037,24.037,24.044,24.044,24.044,24.052,24.067,24.075,24.075,24.09,24.067,24.082,24.075,24.082,24.097,24.082,24.09,24.105,24.082,24.09,24.097,24.09,24.09,24.082,24.09,24.075,24.082,24.128,24.128,24.151,24.143,24.166,24.158,24.158,24.151,24.158,24.158,24.173,24.166,24.166,24.158,24.166,24.158,24.189,24.196,24.211,24.204,24.204,24.204,24.219,24.219,24.211,24.219,24.219,24.211,24.204,24.211,24.211,24.227,24.219,24.227,24.227,24.242,24.249,24.28,24.287,24.295,24.287,24.31,24.31,24.333,24.341,24.371,24.394,24.409,24.416,24.416,24.439,24.447,24.462,24.47,24.5,24.507,24.507,24.523,24.568,24.636,24.644,24.689,24.75,24.803,24.901,24.984,25.029,25.074,25.142,25.262,25.48,25.93,26.318,26.823,27.119,27.774,27.994,28.754,29.175,29.753,30.515,31.242,32.304,33.543,34.403,35.14,35.229,35.126,34.645,34.472,34.424,34.424,34.527,34.645,34.679,34.796,34.782,34.844,34.824,34.782,34.865,34.906,34.872,34.872,34.954,34.989,35.064,35.112,35.154,35.222,35.284,35.332,35.387,35.496,35.565,35.599,35.633,35.64,35.606,35.571,35.585,35.599,35.633,35.66,35.667,35.681,35.77,35.858,35.892,35.92,35.838,35.722,35.688,35.318,35.27,35.346,35.455,35.476,35.599,35.633,35.612,35.66,35.694,35.756,35.776,35.851,35.913,35.947,35.967,36.029,36.035,36.063,36.165,36.185,36.226,36.253,36.274,36.28,36.301,36.301,36.328,36.307,36.24,36.138,35.865,35.599,35.537,35.215,35.16,34.154,34.223,34.968,35.544,35.489,35.304,35.119,35.037,35.009,35.002,34.968,35.03,35.181,35.94,35.947,35.96,35.831,35.79,35.715,35.653,35.633,35.633,35.667,35.612,35.537,35.496,35.441,35.503,35.421,35.441,35.332,35.256,35.208,35.099,35.009,34.934,34.837,34.769,34.679,34.479,34.396,34.382,34.23,34.099,33.96,33.932,33.939,33.897,33.842,33.752,33.745,33.814,34.534,34.334,33.522,32.943,32.057,31.328,30.608,29.71,29.291,28.615,27.657,27.097,26.459,25.795,25.503,25.059,24.908,24.871,24.735,24.735,24.689,24.651,24.613,24.583,24.545,24.523,24.5,24.485,24.439,24.424,24.379,24.348,24.272,24.28,24.257,24.242,24.219,24.181,24.166,24.158,24.158,24.143,24.105,24.097,24.097,24.09,24.075,24.067,24.067,24.052,24.052,24.059,24.067,24.067,24.075,24.082,24.044,24.052,24.037,24.037,24.044,24.037,24.021,24.037,24.021,24.014,24.014,23.968,23.991,23.968,23.968,23.976,23.983,23.998,23.983,24.014,23.968,23.968,23.968,23.968,23.96,23.945,23.953,23.938,23.93,23.93,23.938,23.938,23.938,23.938,23.953,23.953,23.953,23.93,23.938,23.945,23.938,23.938,23.93,23.899,23.861,23.854,23.854,23.846,23.861,23.877,23.892,23.884,23.922,23.93,23.915,23.907,23.892,23.877,23.877,23.892,23.899,23.899,23.892,23.884,23.884,23.846,23.846,23.838,23.831,23.831,23.846,23.823,23.808,23.808,23.823,23.816,23.861,23.869,23.831,23.831,23.808,23.808,23.808,23.831,23.846,23.854,23.869,23.831,23.823,23.816,23.8,23.808,23.793,23.8,23.793,23.777,23.785,23.785,23.785,23.8,23.77,23.77,23.762,23.755,23.762,23.762,23.8,23.785,23.77,23.762,23.747,23.739,23.724,23.709,23.739,23.724,23.739,23.709,23.716,23.709,23.701,23.701,23.701,23.686,23.716,23.701,23.701,23.724,23.709,23.693,23.693,23.693,23.686,23.693,23.686,23.686,23.701,23.693,23.701,23.686,23.686,23.671,23.663,23.671,23.686,23.701,23.686,23.678,23.701,23.709,23.701,23.693,23.678,23.686,23.686,23.709,23.678,23.686,23.678,23.716,23.724,23.693,23.716,23.701,23.716,23.724,23.716,23.709,23.693,23.724,23.678,23.678,23.77,23.755,23.739,23.716,23.716,23.701,23.663,23.648,23.586
,23.663,23.655,23.648,23.663,23.678,23.671,23.671,23.655,23.663,23.678,23.671,23.678,23.686,23.671,23.671,23.709,23.724,23.762,23.755,23.755,23.716,23.732,23.747,23.755,23.747,23.747,23.755,23.739,23.701,23.777,23.808,23.777,23.808,23.747,23.739,23.724,23.747,23.739,23.777,23.793,23.808,23.777,23.777,23.762,23.777,23.77,23.793,23.793,23.816,23.823,23.823,23.823,23.831,23.823,23.823,23.838,23.831,23.823,23.8,23.793,23.793,23.8,23.8,23.823,23.816,23.831,23.831,23.854,23.831,23.846,23.854,23.838,23.831,23.877,23.899,23.831,23.846,23.854,23.846,23.854,23.854,23.861,23.877,23.869,23.861,23.861,23.877,23.869,23.892,23.892,23.899,23.899,23.884,23.892,23.884,23.861,23.877,23.854,23.869,23.907,23.892,23.877,23.892,23.877,23.884,23.892,23.892,23.899,23.892,23.907,23.915,23.915,23.945,23.945,23.953,23.96,23.968,23.976,23.983,23.983,23.945,23.998,23.976,23.976,23.983,23.998,23.998,23.953,23.983,23.983,24.006,24.014,24.014,24.014,23.991,23.983,23.998,23.998,24.021,24.021,24.021,24.021,24.021,24.021,24.029,24.029,24.021,24.021,24.014,24.021,24.021,24.029,24.029,24.021,24.029,24.037,24.037,24.044,24.052,24.037,24.044,24.052,24.09,24.075,24.067,24.075,24.067,24.059,24.082,24.09,24.082,24.097,24.09,24.082,24.09,24.12,24.105,24.097,24.097,24.09,24.097,24.105,24.105,24.128,24.135,24.151,24.158,24.166,24.158,24.158,24.173,24.166,24.173,24.181,24.158,24.166,24.151,24.158,24.189,24.204,24.204,24.219,24.227,24.211,24.219,24.219,24.227,24.227,24.227,24.219,24.204,24.211,24.211,24.242,24.227,24.242,24.249,24.249,24.287,24.287,24.295,24.303,24.303,24.303,24.318,24.341,24.363,24.371,24.394,24.416,24.424,24.439,24.454,24.462,24.485,24.5,24.507,24.523,24.545,24.583,24.576,24.621,24.636,24.712,24.75,24.803,24.901,24.969,25.029,25.134,25.157,25.39,25.832,26.087,26.466,27.074,27.17,27.818,28.462,28.841,29.276,29.89,30.622,31.739,32.515,33.821,35.078,35.263,35.167,35.037,34.576,34.396,34.382,34.444,34.458,34.555,34.596,34.603,34.603,34.645,34.679,34.686,34.651,34.769,34.789,34.837,34.892,34.934,34.968,35.085,35.16,35.174,35.243,35.325,35.393,35.455,35.66,35.64,35.653,35.64,35.606,35.612,35.653,35.633,35.647,35.722,35.735,35.831,35.817,35.913,35.988,35.974,35.954,35.954,35.865,35.708,35.578,35.715,35.619,35.694,35.612,35.64,35.647,35.722,35.749,35.824,35.858,35.906,35.933,35.967,35.988,36.022,36.029,36.083,36.11,36.09,36.131,36.151,36.185,36.192,36.219,36.274,36.28,36.267,36.253,36.083,35.94,35.729,35.653,35.387,35.236,35.229,35.284,35.352,35.387,35.325,35.318,35.133,35.092,35.092,35.057,35.051,35.16,35.537,35.995,36.063,35.933,35.92,35.845,35.824,35.804,35.749,35.763,35.735,35.735,35.633,35.585,35.571,35.544,35.51,35.462,35.462,35.38,35.298,35.27,35.16,35.112,34.92,34.947,34.837,34.5,34.458,34.32,34.147,33.974,33.932,33.897,33.842,33.828,33.793,33.752,33.731,33.745,34.438,34.375,33.731,33.103,32,31.505,30.622,29.739,29.32,28.615,27.98,27.421,26.919,26.183,25.937,25.074,25.021,24.908,24.848,24.78,24.727,24.697,24.621,24.576,24.568,24.538,24.515,24.492,24.424,24.401,24.363,24.348,24.318,24.295,24.265,24.257,24.204,24.189,24.219,24.166,24.151,24.143,24.113,24.097,24.105,24.082,24.09,24.082,24.075,24.082,24.059,24.059,24.067,24.075,24.067,24.052,24.075,24.029,24.059,24.044,24.044,24.029,24.052,24.059,24.044,24.044,24.021,24.021,23.983,23.976,23.968,23.976,23.983,23.968,23.968,23.991,23.976,23.976,23.976,23.96,23.953,23.953,23.96,23.945,23.93,23.938,23.93,23.938,23.945,23.945,23.899,23.907,23.938,23.93,23.945,23.945,23.938,23.938,23.915,23.899,23.899,23.846,23.816,23.854,23.869,23.884,23.892,23.899,23.899,23.915,23.899,23.884,23.877,23.877,23.877,23.877,23.861,23.884,23.892,23.884,23.877,23.869,23.854,23.838,23.838,23.816,23.823,23.823,23.823,23.831,23.816,23.831,23.877,23.854,23.854,23.823,23.823,23.816,23.823,23.823,23.854,23.854,23.854,23.838,23.816,23.808,23.808,23.823,23.777,23.793,23.793,23.77,23.762,23.785,23.77,23.793,23.77,23.762,23.747,23.755,23.77,23.785,23.77,23.777,23.755,23.755,23.747,23.724,23.724,23.724,23.716,23.716,23.724,23.732,23.739,23.701,23.709,23.701,23.693,23.686,23.693,23.693,23.716,23.709,23.693,23.701,23.724,23.701,23.701,23.693,23.686,23.701,23.678,23.716,23.739,23.739,23.701,23.678,23.709,23.693,23.663,23.716,23.709,23.724,23.716,23.701,23.686,23.686,23.693,23.701,23.716,23.716,23.701,23.693,23.686,23.701,23.686,23.701,23.716,23.716,23.716,23.716,23.739,23.701,23.732,23.724,23.732,23.747,23.709,23.747,23.724,23.724,23.709,23.693,23.663,23.671,23.655
,23.678,23.671,23.678,23.663,23.686,23.678,23.64,23.655,23.663,23.655,23.678,23.671,23.678,23.686,23.686,23.716,23.732,23.77,23.762,23.747,23.747,23.732,23.747,23.732,23.739,23.724,23.739,23.716,23.785,23.77,23.777,23.816,23.785,23.785,23.755,23.755,23.747,23.77,23.77,23.77,23.755,23.762,23.762,23.793,23.762,23.808,23.777,23.793,23.808,23.823,23.816,23.831,23.838,23.823,23.831,23.838,23.838,23.823,23.8,23.8,23.793,23.785,23.8,23.808,23.816,23.823,23.838,23.854,23.838,23.823,23.854,23.877,23.854,23.869,23.854,23.869,23.869,23.846,23.861,23.854,23.854,23.854,23.869,23.884,23.884,23.892,23.877,23.861,23.892,23.907,23.892,23.899,23.907,23.884,23.877,23.877,23.877,23.877,23.877,23.877,23.899,23.892,23.915,23.899,23.884,23.892,23.899,23.899,23.907,23.907,23.915,23.93,23.953,23.945,23.96,23.968,23.983,23.976,23.998,23.991,23.998,23.983,23.998,24.006,24.006,24.006,23.976,24.014,24.006,24.014,24.006,24.014,24.021,24.006,24.006,24.014,24.006,24.021,24.021,24.037,24.037,24.029,24.006,24.029,24.021,24.029,24.029,24.029,24.021,24.021,24.021,24.021,24.029,24.029,24.029,24.029,24.037,24.052,24.044,24.059,24.052,24.075,24.075,24.075,24.052,24.067,24.075,24.067,24.09,24.097,24.09,24.097,24.105,24.105,24.105,24.113,24.135,24.113,24.105,24.097,24.105,24.113,24.128,24.143,24.135,24.151,24.173,24.173,24.166,24.158,24.166,24.173,24.166,24.189,24.173,24.173,24.158,24.181,24.181,24.196,24.219,24.227,24.234,24.227,24.211,24.227,24.227,24.234,24.227,24.227,24.227,24.219,24.227,24.227,24.249,24.265,24.265,24.257,24.287,24.303,24.31,24.318,24.318,24.333,24.333,24.348,24.356,24.394,24.394,24.409,24.424,24.447,24.47,24.485,24.492,24.507,24.523,24.545,24.568,24.591,24.598,24.659,24.682,24.682,24.772,24.848,24.901,25.006,25.036,25.119,25.225,25.413,25.69,26.347,26.667,27.06,27.554,28.031,28.645,29.081,29.37,30.063,30.879,31.986,32.998,34.368,35.085,35.154,35.092,35.03,34.465,34.341,34.265,34.355,34.396,34.424,34.493,34.486,34.513,34.507,34.527,34.534,34.645,34.679,34.775,34.81,34.851,34.927,35.023,35.092,35.119,35.195,35.263,35.311,35.517,35.592,35.701,35.735,35.708,35.715,35.674,35.715,35.708,35.81,35.756,35.831,35.845,35.851,35.947,35.981,36.015,36.022,36.022,35.995,35.94,35.94,35.886,35.845,35.81,35.783,35.681,35.735,35.722,35.749,35.817,35.899,35.92,35.933,35.967,35.974,35.981,36.008,36.008,36.029,35.981,35.92,35.92,36.056,36.015,36.11,36.138,36.131,36.192,36.172,36.212,36.076,35.892,35.831,35.653,35.455,35.373,35.332,35.366,35.359,35.4,35.407,35.311,35.229,35.215,35.099,35.167,35.092,35.243,35.729,36.151,36.185,36.11,36.035,35.96,35.933,35.804,35.776,35.756,35.845,35.831,35.845,35.77,35.722,35.633,35.674,35.647,35.612,35.489,35.421,35.359,35.311,35.14,35.112,34.996,34.989,34.879,34.576,34.451,34.299,34.071,33.821,33.828,33.752,33.779,33.71,33.696,33.689,33.633,34.438,34.451,33.717,33.096,32.599,31.59,30.622,30.185,29.537,28.681,28.17,27.605,26.956,26.251,25.81,25.24,25.006,24.938,24.863,24.795,24.803,24.704,24.659,24.613,24.576,24.545,24.53,24.507,24.454,24.416,24.363,24.348,24.341,24.295,24.287,24.265,24.257,24.211,24.219,24.211,24.204,24.173,24.128,24.135,24.09,24.113,24.105,24.105,24.09,24.067,24.067,24.075,24.075,24.075,24.067,24.052,24.059,24.075,24.044,24.059,24.037,24.037,24.052,24.052,24.052,24.052,24.037,24.014,23.998,23.976,23.976,23.976,23.968,23.968,23.983,23.991,23.998,23.96,23.976,23.968,23.976,23.968,23.96,23.96,23.945,23.938,23.945,23.93,23.93,23.915,23.915,23.93,23.945,23.938,23.945,23.938,23.93,23.93,23.915,23.899,23.846,23.854,23.861,23.877,23.884,23.884,23.907,23.892,23.915,23.884,23.892,23.854,23.877,23.877,23.892,23.884,23.899,23.892,23.877,23.884,23.869,23.854,23.831,23.838,23.838,23.816,23.831,23.831,23.823,23.838,23.831,23.838,23.854,23.854,23.884,23.861,23.823,23.823,23.831,23.823,23.831,23.846,23.846,23.854,23.823,23.808,23.793,23.777,23.777,23.8,23.793,23.793,23.785,23.755,23.77,23.793,23.762,23.77,23.755,23.762,23.777,23.762,23.77,23.77,23.755,23.762,23.747,23.762,23.77,23.732,23.724,23.739,23.732,23.724,23.724,23.716,23.716,23.716,23.716,23.709,23.716,23.739,23.716,23.709,23.732,23.716,23.709,23.701,23.701,23.686,23.709,23.693,23.693,23.709,23.709,23.709,23.724,23.724,23.701,23.663,23.686,23.686,23.716,23.701,23.678,23.693,23.678,23.693,23.701,23.701,23.693,23.709,23.709,23.693,23.709,23.716,23.701,23.701,23.693,23.693,23.693,23.701,23.701,23.747,23.701,23.678,23.709,23.732,23.732,23.739,23.755,23.732,23.709,23.678,23.671,23.64,23.602
,23.663,23.671,23.671,23.655,23.663,23.648,23.663,23.64,23.632,23.648,23.655,23.663,23.663,23.678,23.663,23.693,23.724,23.732,23.755,23.77,23.755,23.755,23.739,23.739,23.716,23.739,23.709,23.693,23.747,23.785,23.785,23.808,23.785,23.793,23.77,23.77,23.755,23.777,23.793,23.777,23.793,23.793,23.755,23.739,23.777,23.777,23.8,23.8,23.8,23.808,23.831,23.8,23.831,23.823,23.823,23.823,23.816,23.823,23.8,23.793,23.793,23.785,23.793,23.808,23.8,23.816,23.854,23.823,23.823,23.838,23.846,23.869,23.892,23.884,23.846,23.831,23.838,23.823,23.816,23.861,23.854,23.861,23.884,23.877,23.877,23.884,23.877,23.884,23.899,23.877,23.907,23.915,23.899,23.899,23.877,23.877,23.884,23.861,23.884,23.899,23.892,23.907,23.892,23.892,23.884,23.899,23.877,23.892,23.907,23.922,23.93,23.938,23.96,23.96,23.968,23.976,23.976,23.983,23.96,23.991,24.006,24.029,23.998,24.029,24.014,24.021,24.052,24.014,24.037,24.021,24.006,24.014,24.021,24.021,24.014,24.021,24.021,24.037,24.037,24.029,24.014,24.006,24.006,24.021,23.998,24.021,24.037,24.021,24.029,24.029,24.014,24.021,24.021,24.021,24.037,24.044,24.037,24.052,24.059,24.044,24.044,24.059,24.059,24.082,24.09,24.075,24.105,24.09,24.09,24.097,24.097,24.105,24.105,24.113,24.135,24.128,24.128,24.12,24.113,24.105,24.128,24.113,24.135,24.143,24.143,24.158,24.151,24.158,24.166,24.189,24.196,24.181,24.189,24.196,24.173,24.166,24.166,24.166,24.189,24.204,24.219,24.211,24.219,24.227,24.211,24.227,24.219,24.227,24.234,24.234,24.219,24.234,24.227,24.242,24.249,24.257,24.287,24.287,24.295,24.295,24.31,24.318,24.333,24.341,24.348,24.356,24.371,24.363,24.409,24.416,24.439,24.462,24.477,24.485,24.507,24.53,24.538,24.553,24.568,24.606,24.613,24.636,24.644,24.697,24.78,24.848,24.916,25.044,25.082,25.119,25.398,25.585,25.922,26.57,26.83,27.303,27.664,28.177,28.528,29.226,29.876,30.271,31.37,32.099,33.452,34.355,35.051,35.133,35.119,34.589,34.334,34.237,34.23,34.251,34.299,34.327,34.355,34.396,34.41,34.417,34.438,34.424,34.576,34.596,34.762,34.851,34.982,34.996,35.078,35.126,35.16,35.208,35.284,35.51,35.722,35.756,35.749,35.77,35.783,35.79,35.763,35.783,35.838,35.926,35.886,35.899,35.892,35.926,35.974,36.015,36.022,36.035,36.015,36.001,35.947,35.926,35.906,35.879,35.817,35.776,35.77,35.735,35.776,35.797,35.817,35.906,35.94,35.954,35.967,35.954,35.967,35.96,35.933,35.92,35.926,35.845,35.831,35.804,35.988,36.042,36.022,36.056,36.138,36.056,36.015,35.974,35.906,35.838,35.776,35.674,35.619,35.428,35.448,35.4,35.441,35.393,35.407,35.325,35.393,35.359,35.441,35.53,35.558,36.104,36.138,36.219,36.192,36.131,36.063,35.988,36.015,35.886,35.81,35.858,35.879,35.886,35.851,35.879,35.824,35.756,35.667,35.688,35.729,35.653,35.592,35.565,35.51,35.229,35.126,35.147,35.002,34.817,34.679,34.513,34.182,33.911,33.759,33.745,33.703,33.682,33.64,33.696,33.529,33.842,34.403,33.863,33.194,32.627,31.902,30.9,30.257,29.688,29.001,28.236,27.782,26.993,26.318,26.049,25.27,24.984,24.938,24.855,24.833,24.75,24.689,24.674,24.629,24.598,24.568,24.523,24.53,24.454,24.416,24.379,24.363,24.348,24.318,24.295,24.295,24.211,24.204,24.204,24.189,24.189,24.189,24.143,24.128,24.113,24.128,24.12,24.113,24.097,24.082,24.075,24.075,24.075,24.067,24.052,24.082,24.059,24.075,24.044,24.052,24.052,24.059,24.037,24.044,24.067,24.059,24.052,24.029,24.029,23.998,23.976,23.983,23.96,23.968,23.968,23.953,23.968,23.968,23.96,23.968,23.976,23.968,23.968,23.976,23.953,23.945,23.938,23.922,23.907,23.922,23.907,23.892,23.915,23.922,23.93,23.938,23.93,23.938,23.915,23.884,23.877,23.838,23.884,23.899,23.877,23.899,23.892,23.884,23.892,23.884,23.884,23.899,23.877,23.877,23.861,23.907,23.892,23.892,23.877,23.877,23.854,23.831,23.808,23.831,23.831,23.823,23.831,23.838,23.831,23.838,23.861,23.854,23.838,23.816,23.823,23.854,23.808,23.823,23.846,23.838,23.838,23.854,23.846,23.838,23.816,23.808,23.8,23.8,23.816,23.785,23.838,23.785,23.747,23.77,23.755,23.77,23.762,23.762,23.793,23.77,23.77,23.77,23.77,23.762,23.777,23.77,23.762,23.762,23.739,23.747,23.747,23.755,23.724,23.762,23.709,23.701,23.724,23.716,23.701,23.709,23.724,23.716,23.678,23.693,23.732,23.709,23.724,23.701,23.709,23.686,23.693,23.701,23.701,23.716,23.724,23.709,23.693,23.709,23.686,23.678,23.701,23.701,23.686,23.701,23.693,23.701,23.693,23.701,23.693,23.709,23.716,23.709,23.701,23.709,23.693,23.701,23.693,23.678,23.678,23.671,23.678,23.693,23.678,23.678,23.663,23.716,23.701,23.732,23.77,23.77,23.739,23.724,23.693,23.671,23.655,23.648,23.625
,23.678,23.693,23.648,23.686,23.671,23.632,23.64,23.594,23.609,23.64,23.655,23.663,23.693,23.648,23.701,23.701,23.732,23.747,23.747,23.755,23.755,23.747,23.693,23.724,23.701,23.732,23.701,23.716,23.77,23.77,23.777,23.785,23.785,23.777,23.747,23.77,23.755,23.762,23.8,23.762,23.793,23.77,23.785,23.762,23.77,23.777,23.793,23.816,23.808,23.808,23.816,23.808,23.808,23.831,23.838,23.831,23.838,23.831,23.808,23.77,23.793,23.785,23.785,23.8,23.831,23.838,23.831,23.831,23.823,23.838,23.861,23.892,23.877,23.877,23.861,23.831,23.838,23.838,23.846,23.831,23.846,23.854,23.877,23.869,23.869,23.869,23.877,23.869,23.861,23.869,23.907,23.899,23.884,23.915,23.861,23.892,23.884,23.869,23.892,23.907,23.892,23.907,23.869,23.899,23.884,23.846,23.877,23.907,23.915,23.922,23.938,23.945,23.96,23.953,23.998,23.968,23.968,23.983,23.96,24.006,23.983,24.006,24.006,24.021,24.037,24.021,24.029,24.029,24.014,24.014,24.021,24.021,24.021,24.021,24.021,24.029,24.037,24.037,24.044,24.037,24.044,24.006,24.021,24.021,24.014,24.029,24.029,24.037,24.052,24.059,24.029,24.021,24.029,24.021,24.037,24.044,24.044,24.052,24.052,24.059,24.075,24.075,24.059,24.067,24.075,24.09,24.09,24.09,24.097,24.09,24.097,24.097,24.097,24.12,24.128,24.143,24.143,24.12,24.128,24.135,24.128,24.12,24.135,24.135,24.151,24.143,24.143,24.158,24.173,24.181,24.211,24.204,24.211,24.196,24.189,24.204,24.181,24.181,24.166,24.196,24.204,24.211,24.219,24.227,24.227,24.219,24.227,24.242,24.242,24.249,24.249,24.249,24.242,24.249,24.257,24.303,24.287,24.303,24.303,24.303,24.31,24.325,24.325,24.333,24.363,24.356,24.379,24.394,24.401,24.432,24.439,24.462,24.492,24.5,24.5,24.523,24.545,24.568,24.591,24.598,24.613,24.651,24.659,24.704,24.78,24.908,24.923,24.976,25.044,25.18,25.42,25.705,26.183,26.556,26.986,27.384,27.664,28.236,28.703,29.146,29.876,30.679,31.406,32.423,33.564,34.954,35.105,35.071,34.886,34.541,34.23,34.223,34.161,34.147,34.209,34.189,34.279,34.279,34.285,34.272,34.368,34.417,34.569,34.651,34.755,34.886,35.037,35.099,35.181,35.27,35.215,35.325,35.544,35.66,35.763,35.797,35.804,35.831,35.872,35.899,35.872,36.022,36.008,35.947,35.967,35.954,35.954,35.974,35.995,36.022,36.029,36.015,35.981,35.974,35.933,35.92,35.865,35.845,35.797,35.763,35.756,35.763,35.81,35.81,35.865,35.92,35.947,35.954,35.96,35.96,35.947,35.94,35.851,35.858,35.824,35.776,35.783,35.729,35.77,35.858,35.892,35.838,35.845,35.933,35.845,35.892,35.872,35.838,35.81,35.797,35.653,35.599,35.496,35.53,35.551,35.606,35.708,35.599,35.544,35.606,35.612,35.742,36.131,36.226,36.226,36.233,36.192,36.185,36.09,36.049,36.042,35.96,35.954,35.995,36.008,35.974,35.933,35.906,35.886,35.783,35.817,35.783,35.735,35.66,35.599,35.612,35.565,35.53,35.421,35.325,35.099,34.961,34.961,34.803,34.693,34.078,34.015,33.696,33.606,33.592,33.571,33.557,33.536,33.64,34.265,33.891,33.152,32.634,31.866,31,30.371,29.724,29.269,28.535,27.76,27.156,26.667,26.027,25.57,25.059,24.923,24.863,24.81,24.795,24.757,24.682,24.629,24.598,24.583,24.538,24.492,24.477,24.416,24.386,24.363,24.356,24.333,24.31,24.249,24.249,24.227,24.204,24.219,24.196,24.181,24.158,24.151,24.12,24.128,24.128,24.113,24.105,24.09,24.075,24.075,24.075,24.075,24.067,24.09,24.082,24.067,24.059,24.059,24.044,24.052,24.052,24.052,24.059,24.059,24.059,24.044,24.021,24.014,24.006,23.976,23.976,23.96,23.968,23.968,23.968,23.991,23.976,23.983,23.983,23.983,23.968,23.983,23.953,23.953,23.945,23.93,23.907,23.907,23.892,23.899,23.907,23.915,23.93,23.938,23.922,23.915,23.907,23.892,23.877,23.846,23.884,23.915,23.884,23.899,23.877,23.899,23.907,23.899,23.877,23.877,23.892,23.892,23.892,23.892,23.892,23.861,23.877,23.846,23.831,23.838,23.831,23.8,23.823,23.846,23.831,23.831,23.838,23.846,23.854,23.861,23.861,23.846,23.838,23.823,23.846,23.816,23.831,23.823,23.846,23.854,23.831,23.846,23.823,23.816,23.8,23.785,23.793,23.793,23.785,23.785,23.77,23.8,23.77,23.77,23.808,23.8,23.793,23.793,23.762,23.77,23.77,23.762,23.785,23.777,23.777,23.785,23.785,23.724,23.777,23.724,23.693,23.709,23.709,23.732,23.709,23.724,23.732,23.732,23.701,23.709,23.709,23.716,23.709,23.709,23.709,23.701,23.701,23.709,23.686,23.747,23.709,23.709,23.709,23.716,23.709,23.686,23.678,23.701,23.678,23.686,23.686,23.693,23.678,23.678,23.678,23.686,23.716,23.709,23.732,23.732,23.716,23.724,23.693,23.671,23.663,23.671,23.663,23.663,23.671,23.671,23.693,23.678,23.693,23.678,23.724,23.732,23.755,23.755,23.747,23.716,23.678,23.663,23.655,23.632,23.617
,23.693,23.701,23.663,23.663,23.663,23.625,23.602,23.617,23.617,23.64,23.64,23.648,23.686,23.693,23.693,23.709,23.716,23.755,23.739,23.755,23.739,23.701,23.724,23.732,23.739,23.716,23.716,23.732,23.747,23.77,23.777,23.77,23.77,23.793,23.785,23.777,23.755,23.747,23.762,23.762,23.777,23.77,23.785,23.762,23.777,23.8,23.8,23.808,23.8,23.8,23.816,23.793,23.808,23.831,23.838,23.831,23.823,23.816,23.793,23.793,23.793,23.793,23.793,23.8,23.816,23.823,23.816,23.831,23.816,23.846,23.838,23.854,23.869,23.861,23.846,23.846,23.831,23.816,23.838,23.854,23.831,23.869,23.861,23.892,23.884,23.877,23.877,23.869,23.869,23.884,23.884,23.915,23.915,23.899,23.907,23.899,23.884,23.877,23.877,23.915,23.907,23.915,23.899,23.884,23.899,23.892,23.907,23.892,23.915,23.93,23.938,23.945,23.945,23.953,23.976,23.983,23.976,23.983,23.976,23.983,23.983,24.006,24.029,24.014,24.021,24.021,24.021,24.021,24.014,24.021,24.014,24.014,24.014,24.006,24.021,24.029,24.029,24.037,24.044,24.037,24.037,24.021,24.029,24.029,24.014,24.021,24.044,24.044,24.037,24.052,24.052,24.044,24.044,24.037,24.052,24.059,24.052,24.059,24.059,24.067,24.059,24.082,24.067,24.075,24.075,24.09,24.097,24.097,24.113,24.105,24.097,24.097,24.12,24.128,24.128,24.143,24.128,24.128,24.128,24.12,24.135,24.158,24.151,24.143,24.143,24.128,24.128,24.135,24.173,24.189,24.211,24.196,24.196,24.196,24.189,24.204,24.181,24.204,24.181,24.204,24.211,24.211,24.219,24.227,24.219,24.227,24.227,24.227,24.242,24.227,24.249,24.257,24.272,24.265,24.303,24.303,24.295,24.31,24.318,24.303,24.318,24.333,24.341,24.356,24.363,24.379,24.386,24.394,24.432,24.439,24.454,24.485,24.492,24.515,24.515,24.553,24.545,24.576,24.591,24.591,24.621,24.636,24.682,24.742,24.803,24.886,24.954,25.029,25.112,25.232,25.465,25.675,26.109,26.593,27.067,27.554,27.833,28.492,28.986,29.392,29.998,30.908,31.803,32.795,33.619,35.064,35.133,35.071,34.865,34.341,34.251,34.161,34.119,34.105,34.133,34.202,34.202,34.195,34.202,34.251,34.361,34.438,34.672,34.72,34.968,35.147,35.167,35.256,35.27,35.263,35.455,35.53,35.694,35.81,35.831,35.858,35.851,35.872,35.967,36.015,36.042,36.083,36.097,36.056,36.008,35.995,35.981,35.981,36.001,35.988,36.001,35.981,35.967,35.899,35.92,35.858,35.845,35.804,35.783,35.79,35.763,35.79,35.81,35.872,35.886,35.94,35.933,35.947,35.96,35.954,35.926,35.954,35.879,35.851,35.81,35.79,35.81,35.77,35.831,35.824,35.865,35.824,35.81,35.804,35.804,35.838,35.858,35.845,35.824,35.797,35.763,35.715,35.647,35.694,35.77,35.688,35.694,35.817,35.776,35.933,35.974,36.199,36.233,36.26,36.24,36.246,36.185,36.172,36.138,36.138,36.124,36.138,36.131,36.131,36.131,36.11,36.056,35.967,35.926,35.892,35.906,35.906,35.81,35.742,35.688,35.681,35.701,35.612,35.619,35.469,35.366,35.044,35.016,35.002,34.748,34.693,34.272,33.835,33.633,33.522,33.438,33.494,33.452,33.459,34.078,34.064,33.25,32.774,31.972,31.249,30.472,29.811,29.255,28.783,27.987,27.546,26.889,26.228,25.533,25.217,25.052,24.893,24.863,24.787,24.719,24.712,24.636,24.621,24.576,24.56,24.523,24.47,24.432,24.386,24.371,24.363,24.341,24.295,24.265,24.242,24.242,24.227,24.219,24.204,24.173,24.166,24.143,24.135,24.12,24.128,24.12,24.097,24.097,24.09,24.075,24.082,24.067,24.067,24.052,24.075,24.09,24.075,24.067,24.075,24.052,24.09,24.059,24.067,24.052,24.067,24.044,24.029,24.014,23.991,23.983,23.976,23.983,23.983,23.976,23.968,23.991,24.006,23.983,23.998,23.991,23.983,23.983,23.96,23.968,23.953,23.922,23.915,23.899,23.899,23.907,23.922,23.922,23.93,23.922,23.922,23.899,23.884,23.884,23.884,23.877,23.884,23.892,23.884,23.899,23.869,23.899,23.884,23.907,23.907,23.899,23.892,23.907,23.899,23.899,23.892,23.884,23.869,23.846,23.838,23.823,23.8,23.823,23.846,23.846,23.846,23.823,23.846,23.854,23.846,23.846,23.854,23.877,23.838,23.838,23.838,23.823,23.846,23.831,23.846,23.846,23.838,23.831,23.823,23.823,23.808,23.823,23.808,23.793,23.816,23.816,23.77,23.739,23.777,23.77,23.785,23.823,23.8,23.808,23.77,23.785,23.777,23.77,23.793,23.8,23.785,23.785,23.77,23.709,23.762,23.724,23.716,23.732,23.701,23.716,23.701,23.693,23.724,23.709,23.724,23.709,23.716,23.709,23.709,23.716,23.709,23.693,23.693,23.693,23.671,23.701,23.747,23.716,23.732,23.716,23.701,23.671,23.686,23.678,23.686,23.686,23.686,23.686,23.663,23.678,23.678,23.678,23.701,23.686,23.724,23.732,23.709,23.724,23.671,23.671,23.64,23.648,23.663,23.648,23.663,23.686,23.693,23.686,23.701,23.701,23.693,23.709,23.724,23.755,23.732,23.701,23.693,23.663,23.648,23.64,23.632
,23.709,23.671,23.686,23.655,23.648,23.632,23.617,23.594,23.617,23.609,23.648,23.663,23.678,23.693,23.724,23.701,23.724,23.732,23.747,23.732,23.724,23.724,23.747,23.709,23.739,23.732,23.732,23.716,23.755,23.755,23.777,23.77,23.785,23.762,23.739,23.747,23.755,23.747,23.755,23.747,23.793,23.777,23.785,23.785,23.785,23.793,23.793,23.8,23.785,23.777,23.755,23.808,23.823,23.808,23.793,23.816,23.808,23.8,23.808,23.777,23.777,23.785,23.777,23.808,23.808,23.816,23.816,23.831,23.823,23.823,23.831,23.846,23.861,23.861,23.877,23.838,23.838,23.823,23.831,23.838,23.831,23.854,23.877,23.884,23.892,23.869,23.869,23.861,23.869,23.884,23.892,23.899,23.907,23.915,23.884,23.877,23.899,23.892,23.884,23.915,23.922,23.915,23.907,23.899,23.884,23.869,23.892,23.915,23.899,23.915,23.93,23.93,23.945,23.945,23.968,23.976,23.976,23.968,23.968,23.983,23.983,24.021,23.998,24.029,24.029,24.021,24.021,24.014,24.006,23.991,24.014,24.006,24.029,24.021,24.021,24.021,24.029,24.029,24.029,24.037,24.029,24.029,24.021,24.029,24.037,24.037,24.052,24.052,24.044,24.059,24.052,24.052,24.052,24.052,24.052,24.052,24.059,24.059,24.067,24.075,24.059,24.059,24.075,24.059,24.09,24.09,24.075,24.105,24.12,24.105,24.105,24.105,24.113,24.128,24.135,24.151,24.143,24.12,24.135,24.143,24.135,24.151,24.143,24.143,24.158,24.143,24.158,24.166,24.173,24.196,24.219,24.219,24.189,24.189,24.189,24.181,24.166,24.173,24.189,24.196,24.211,24.219,24.219,24.211,24.219,24.227,24.219,24.227,24.227,24.234,24.242,24.242,24.257,24.242,24.234,24.295,24.295,24.31,24.31,24.31,24.318,24.333,24.348,24.371,24.379,24.386,24.394,24.416,24.424,24.462,24.485,24.492,24.5,24.53,24.53,24.553,24.56,24.568,24.591,24.606,24.636,24.644,24.697,24.78,24.787,24.878,24.954,25.014,25.082,25.225,25.503,25.975,26.414,26.845,27.008,27.561,27.87,28.623,29.255,29.76,30.321,31.128,31.979,33.117,34.251,35.112,35.147,35.051,34.81,34.334,34.14,34.092,34.064,34.064,34.071,34.099,34.14,34.182,34.126,34.258,34.348,34.534,34.831,34.865,35.078,35.311,35.318,35.448,35.359,35.496,35.517,35.735,35.858,35.872,35.892,35.947,35.967,35.981,36.063,36.11,36.124,36.165,36.138,36.076,36.049,36.015,36.001,35.988,35.995,35.967,35.954,35.926,35.926,35.892,35.851,35.851,35.817,35.763,35.79,35.79,35.783,35.804,35.845,35.92,35.92,35.92,35.933,35.94,35.96,35.954,35.96,35.94,35.926,35.886,35.831,35.797,35.824,35.851,35.851,35.838,35.817,35.797,35.79,35.79,35.804,35.817,35.838,35.838,35.845,35.838,35.817,35.831,35.749,35.776,35.817,35.831,35.858,36.008,36.11,36.26,36.294,36.267,36.301,36.267,36.24,36.192,36.192,36.151,36.158,36.124,36.158,36.165,36.172,36.206,36.178,36.144,36.056,36.022,35.967,35.94,35.926,35.926,35.913,35.831,35.858,35.688,35.797,35.701,35.66,35.612,35.558,35.612,35.229,35.016,35.002,34.858,34.638,34.23,33.779,33.452,33.445,33.418,33.376,33.306,33.904,34.064,33.466,32.816,32.156,31.363,30.536,29.897,29.276,28.637,28.163,27.502,26.897,26.318,25.57,25.21,24.976,24.908,24.84,24.765,24.757,24.682,24.659,24.621,24.598,24.545,24.507,24.47,24.432,24.416,24.386,24.356,24.325,24.287,24.28,24.265,24.242,24.234,24.219,24.181,24.181,24.158,24.143,24.128,24.128,24.113,24.113,24.105,24.09,24.09,24.075,24.082,24.075,24.059,24.075,24.044,24.037,24.052,24.052,24.059,24.052,24.075,24.044,24.059,24.052,24.052,24.052,24.037,24.021,24.006,24.006,23.983,23.976,23.983,23.983,23.998,23.983,23.998,23.998,23.998,23.991,23.983,23.968,23.96,23.968,23.953,23.945,23.945,23.938,23.915,23.93,23.938,23.922,23.93,23.922,23.938,23.938,23.907,23.884,23.892,23.869,23.884,23.877,23.869,23.869,23.869,23.877,23.884,23.869,23.915,23.915,23.915,23.907,23.907,23.877,23.877,23.877,23.869,23.854,23.846,23.831,23.831,23.846,23.846,23.846,23.854,23.854,23.846,23.854,23.831,23.846,23.854,23.861,23.846,23.831,23.816,23.831,23.838,23.823,23.838,23.846,23.846,23.823,23.816,23.823,23.823,23.816,23.816,23.793,23.831,23.747,23.793,23.762,23.762,23.793,23.785,23.8,23.793,23.793,23.785,23.762,23.793,23.777,23.793,23.8,23.793,23.777,23.739,23.724,23.724,23.732,23.716,23.716,23.671,23.724,23.671,23.693,23.709,23.693,23.701,23.693,23.701,23.701,23.701,23.701,23.701,23.678,23.701,23.686,23.686,23.686,23.686,23.739,23.724,23.709,23.724,23.701,23.671,23.701,23.693,23.701,23.686,23.671,23.678,23.686,23.663,23.663,23.686,23.655,23.709,23.724,23.739,23.693,23.693,23.678,23.648,23.648,23.655,23.686,23.663,23.701,23.693,23.701,23.693,23.701,23.716,23.701,23.716,23.724,23.732,23.724,23.701,23.686,23.64,23.648,23.648
,23.701,23.678,23.671,23.64,23.648,23.609,23.609,23.609,23.625,23.648,23.617,23.671,23.663,23.724,23.739,23.701,23.701,23.701,23.709,23.709,23.709,23.716,23.732,23.747,23.732,23.755,23.747,23.747,23.77,23.77,23.747,23.777,23.755,23.762,23.755,23.762,23.716,23.732,23.755,23.747,23.785,23.808,23.793,23.8,23.793,23.793,23.785,23.8,23.8,23.808,23.808,23.816,23.816,23.816,23.8,23.816,23.8,23.793,23.8,23.793,23.793,23.793,23.793,23.808,23.8,23.816,23.831,23.831,23.831,23.816,23.831,23.846,23.861,23.884,23.877,23.846,23.831,23.8,23.846,23.838,23.846,23.861,23.869,23.884,23.877,23.869,23.869,23.854,23.861,23.877,23.892,23.892,23.892,23.899,23.884,23.899,23.892,23.884,23.907,23.922,23.922,23.93,23.915,23.907,23.899,23.884,23.899,23.892,23.907,23.907,23.907,23.938,23.938,23.96,23.968,23.96,23.976,23.968,23.968,23.976,23.998,23.991,23.998,24.029,24.029,24.029,24.021,24.014,23.998,23.998,23.991,24.006,24.021,23.998,24.021,24.014,24.021,24.021,24.029,24.029,24.029,24.037,24.029,24.044,24.044,24.052,24.044,24.052,24.052,24.059,24.059,24.052,24.052,24.059,24.052,24.052,24.044,24.059,24.067,24.075,24.075,24.082,24.067,24.067,24.067,24.067,24.082,24.097,24.113,24.12,24.128,24.113,24.113,24.12,24.12,24.113,24.128,24.12,24.135,24.135,24.151,24.158,24.151,24.181,24.135,24.135,24.181,24.158,24.181,24.211,24.204,24.189,24.211,24.204,24.189,24.189,24.166,24.181,24.204,24.196,24.204,24.227,24.219,24.219,24.219,24.227,24.227,24.219,24.227,24.234,24.234,24.234,24.242,24.257,24.234,24.249,24.287,24.31,24.318,24.318,24.333,24.348,24.348,24.363,24.386,24.394,24.416,24.424,24.439,24.454,24.5,24.515,24.53,24.515,24.523,24.56,24.583,24.591,24.621,24.613,24.636,24.644,24.712,24.803,24.818,24.931,24.969,24.991,25.052,25.247,25.66,25.93,26.518,26.919,27.215,27.627,28.309,28.659,29.088,29.804,30.407,31.249,32.212,33.397,34.645,35.16,35.092,35.071,34.52,34.292,34.085,34.064,34.043,34.022,34.05,34.043,34.105,34.154,34.223,34.244,34.368,34.672,34.927,35.071,35.25,35.318,35.503,35.517,35.64,35.537,35.858,35.913,35.94,36.035,36.029,36.076,36.11,36.11,36.11,36.192,36.178,36.172,36.158,36.117,36.083,36.063,36.008,35.988,35.954,35.94,35.906,35.879,35.865,35.858,35.851,35.804,35.79,35.77,35.797,35.804,35.817,35.851,35.906,35.899,35.947,35.967,35.967,35.974,35.995,35.988,35.981,36.042,36.035,36.001,35.995,35.926,35.872,35.838,35.892,35.858,35.851,35.831,35.79,35.81,35.804,35.838,35.845,35.838,35.851,35.845,35.865,35.865,35.845,35.838,35.879,35.845,35.947,36.042,36.199,36.206,36.28,36.301,36.253,36.233,36.206,36.178,36.131,36.144,36.131,36.117,36.158,36.165,36.206,36.219,36.206,36.158,36.11,36.035,35.995,35.981,35.96,35.947,35.926,35.96,35.947,35.906,35.817,35.831,35.879,35.851,35.797,35.749,35.612,35.291,35.016,34.934,34.748,34.61,34.265,33.724,33.348,33.278,33.278,33.271,33.772,34.064,33.418,32.851,32.233,31.583,31.015,30.228,29.645,28.965,28.324,27.745,26.963,26.429,26.161,25.473,25.067,24.901,24.855,24.795,24.81,24.735,24.666,24.636,24.568,24.538,24.523,24.492,24.462,24.424,24.409,24.371,24.31,24.303,24.272,24.265,24.242,24.234,24.219,24.181,24.166,24.158,24.143,24.135,24.12,24.082,24.105,24.097,24.09,24.097,24.075,24.067,24.075,24.059,24.09,24.067,24.044,24.052,24.044,24.067,24.067,24.052,24.052,24.067,24.059,24.037,24.037,24.021,24.021,24.006,23.998,24.006,23.998,23.998,23.998,24.021,24.006,24.021,24.014,24.006,24.006,23.998,23.983,23.976,23.968,23.968,23.96,23.922,23.907,23.938,23.953,23.945,23.945,23.93,23.93,23.938,23.922,23.907,23.907,23.884,23.877,23.877,23.869,23.854,23.869,23.884,23.869,23.877,23.869,23.877,23.907,23.907,23.907,23.892,23.892,23.869,23.854,23.869,23.869,23.854,23.846,23.831,23.861,23.846,23.884,23.861,23.838,23.823,23.823,23.846,23.869,23.861,23.869,23.861,23.854,23.838,23.823,23.838,23.823,23.838,23.823,23.823,23.831,23.831,23.823,23.808,23.816,23.793,23.808,23.816,23.8,23.816,23.747,23.777,23.8,23.808,23.808,23.785,23.785,23.77,23.777,23.777,23.793,23.793,23.793,23.762,23.77,23.739,23.755,23.739,23.716,23.724,23.716,23.701,23.732,23.655,23.693,23.678,23.716,23.701,23.716,23.709,23.701,23.709,23.701,23.701,23.701,23.693,23.686,23.693,23.671,23.693,23.701,23.732,23.739,23.709,23.686,23.693,23.693,23.693,23.693,23.709,23.686,23.678,23.663,23.663,23.632,23.655,23.671,23.686,23.701,23.732,23.671,23.693,23.678,23.655,23.648,23.655,23.671,23.693,23.732,23.701,23.701,23.693,23.716,23.693,23.701,23.686,23.724,23.701,23.701,23.686,23.693,23.678,23.678,23.655
,23.686,23.678,23.655,23.64,23.625,23.609,23.609,23.594,23.602,23.64,23.648,23.663,23.678,23.678,23.709,23.709,23.693,23.709,23.732,23.716,23.709,23.724,23.716,23.739,23.739,23.739,23.747,23.747,23.777,23.77,23.77,23.77,23.777,23.823,23.739,23.732,23.732,23.755,23.77,23.762,23.777,23.785,23.793,23.793,23.8,23.8,23.785,23.793,23.77,23.785,23.8,23.808,23.823,23.793,23.8,23.8,23.785,23.793,23.8,23.785,23.8,23.793,23.793,23.8,23.793,23.816,23.823,23.808,23.854,23.831,23.816,23.831,23.838,23.877,23.884,23.846,23.808,23.846,23.816,23.846,23.854,23.861,23.861,23.884,23.869,23.861,23.861,23.854,23.869,23.884,23.877,23.892,23.892,23.877,23.892,23.846,23.884,23.899,23.907,23.922,23.938,23.945,23.915,23.899,23.869,23.884,23.884,23.877,23.884,23.899,23.915,23.922,23.938,23.938,23.96,23.96,23.968,23.976,23.968,23.96,23.983,23.991,23.998,24.006,24.014,24.006,24.014,24.006,23.991,24.006,23.998,24.006,24.014,24.014,24.006,24.014,24.014,24.014,24.014,24.014,24.006,24.014,24.029,24.044,24.052,24.052,24.059,24.059,24.059,24.059,24.059,24.075,24.067,24.067,24.059,24.052,24.052,24.059,24.067,24.075,24.082,24.082,24.075,24.075,24.075,24.082,24.097,24.105,24.12,24.12,24.135,24.135,24.12,24.128,24.113,24.12,24.113,24.151,24.135,24.143,24.158,24.158,24.143,24.173,24.158,24.166,24.166,24.166,24.189,24.189,24.181,24.211,24.219,24.166,24.196,24.158,24.173,24.189,24.181,24.181,24.196,24.204,24.227,24.204,24.219,24.219,24.219,24.219,24.211,24.211,24.234,24.234,24.234,24.219,24.249,24.249,24.265,24.295,24.295,24.341,24.341,24.363,24.371,24.363,24.394,24.401,24.424,24.432,24.454,24.5,24.515,24.515,24.538,24.545,24.53,24.583,24.576,24.591,24.621,24.636,24.666,24.704,24.757,24.803,24.848,24.908,24.946,25.029,25.232,25.435,25.818,26.027,26.556,27.104,27.281,27.921,28.273,28.747,29.276,29.717,30.379,31.313,32.212,33.431,34.527,35.133,35.105,35.044,34.624,34.237,34.099,34.036,34.008,34.002,34.036,34.064,34.078,34.182,34.265,34.396,34.803,34.858,35.03,35.167,35.359,35.441,35.578,35.667,35.783,35.899,35.954,36.015,36.049,36.09,36.11,36.104,36.178,36.165,36.199,36.206,36.206,36.199,36.192,36.178,36.131,36.083,36.015,35.974,35.92,35.865,35.886,35.838,35.831,35.81,35.804,35.797,35.783,35.79,35.79,35.838,35.845,35.886,35.913,35.954,35.96,35.988,35.974,36.008,35.988,36.049,36.076,36.097,36.104,36.056,36.008,36.015,35.96,35.899,35.96,35.926,35.926,35.845,35.865,35.831,35.865,35.851,35.858,35.851,35.879,35.892,35.906,35.926,35.906,35.892,35.906,35.926,35.974,36.001,36.11,36.124,36.172,36.172,36.144,36.158,36.117,36.124,36.117,36.11,36.09,36.131,36.144,36.192,36.192,36.212,36.206,36.185,36.151,36.09,36.035,35.995,35.974,35.96,35.995,35.974,35.988,35.94,35.92,35.954,35.954,35.899,35.886,35.81,35.606,35.517,35.332,35.133,34.996,34.589,34.292,34.036,33.682,33.236,33.215,33.229,33.473,33.995,33.661,32.943,32.662,31.505,31.157,30.257,29.883,29.059,28.448,27.752,27.119,26.622,25.945,25.555,25.225,24.999,24.923,24.818,24.803,24.75,24.704,24.644,24.606,24.576,24.538,24.492,24.47,24.439,24.409,24.379,24.363,24.31,24.272,24.272,24.234,24.219,24.204,24.181,24.173,24.158,24.158,24.135,24.113,24.105,24.09,24.075,24.09,24.09,24.082,24.075,24.067,24.067,24.052,24.067,24.044,24.052,24.044,24.052,24.052,24.052,24.059,24.044,24.044,24.037,24.037,24.029,24.037,24.029,24.029,24.014,24.021,24.006,24.006,24.014,24.014,24.029,24.021,24.006,24.006,23.998,23.998,23.983,23.983,23.968,23.96,23.93,23.953,23.922,23.953,23.96,23.953,23.96,23.945,23.915,23.938,23.899,23.899,23.899,23.892,23.869,23.877,23.861,23.869,23.861,23.884,23.854,23.869,23.877,23.877,23.884,23.892,23.884,23.899,23.884,23.877,23.877,23.869,23.854,23.846,23.846,23.861,23.869,23.854,23.846,23.854,23.823,23.816,23.846,23.831,23.846,23.861,23.846,23.854,23.838,23.831,23.838,23.823,23.838,23.831,23.816,23.823,23.823,23.823,23.823,23.823,23.823,23.808,23.816,23.808,23.793,23.762,23.77,23.785,23.808,23.8,23.785,23.793,23.77,23.793,23.793,23.785,23.777,23.762,23.762,23.755,23.732,23.724,23.732,23.709,23.724,23.732,23.709,23.693,23.64,23.693,23.701,23.701,23.716,23.709,23.709,23.709,23.716,23.693,23.709,23.701,23.701,23.671,23.663,23.663,23.671,23.655,23.716,23.732,23.724,23.716,23.693,23.701,23.709,23.701,23.716,23.709,23.678,23.732,23.655,23.64,23.64,23.655,23.655,23.693,23.739,23.732,23.701,23.678,23.648,23.663,23.671,23.709,23.716,23.701,23.693,23.693,23.693,23.678,23.678,23.693,23.686,23.678,23.678,23.693,23.709,23.693,23.693,23.678,23.678
,23.663,23.655,23.655,23.632,23.617,23.609,23.602,23.609,23.602,23.617,23.64,23.648,23.709,23.701,23.747,23.747,23.686,23.701,23.701,23.716,23.724,23.716,23.701,23.747,23.732,23.701,23.739,23.747,23.755,23.777,23.785,23.777,23.785,23.739,23.755,23.732,23.732,23.739,23.77,23.785,23.785,23.793,23.793,23.8,23.793,23.777,23.777,23.785,23.785,23.777,23.8,23.762,23.808,23.808,23.785,23.785,23.777,23.785,23.785,23.785,23.785,23.785,23.777,23.785,23.785,23.8,23.816,23.816,23.838,23.816,23.831,23.831,23.846,23.884,23.846,23.861,23.854,23.838,23.777,23.823,23.838,23.831,23.861,23.869,23.861,23.861,23.846,23.846,23.861,23.869,23.877,23.869,23.884,23.877,23.869,23.846,23.884,23.877,23.892,23.899,23.915,23.938,23.884,23.899,23.884,23.884,23.884,23.884,23.892,23.892,23.907,23.922,23.938,23.953,23.96,23.96,23.96,23.96,23.953,23.96,23.976,23.983,23.991,24.006,24.006,24.006,23.998,24.006,24.014,24.014,24.021,24.014,24.021,24.029,24.014,24.006,24.006,24.006,23.998,23.998,23.998,23.998,24.021,24.037,24.037,24.059,24.059,24.059,24.059,24.067,24.075,24.075,24.075,24.075,24.059,24.059,24.067,24.059,24.067,24.067,24.075,24.082,24.075,24.082,24.09,24.09,24.105,24.113,24.113,24.12,24.128,24.12,24.128,24.12,24.105,24.128,24.135,24.135,24.135,24.151,24.158,24.166,24.158,24.166,24.173,24.166,24.181,24.196,24.166,24.173,24.173,24.211,24.196,24.189,24.158,24.166,24.166,24.166,24.181,24.181,24.204,24.204,24.211,24.204,24.219,24.219,24.219,24.227,24.219,24.219,24.234,24.219,24.234,24.234,24.227,24.242,24.249,24.287,24.303,24.318,24.318,24.356,24.348,24.379,24.394,24.401,24.409,24.439,24.485,24.492,24.5,24.523,24.545,24.56,24.545,24.568,24.591,24.621,24.659,24.666,24.697,24.719,24.772,24.803,24.84,24.908,24.961,25.021,25.119,25.533,25.825,26.183,26.719,27.074,27.421,27.943,28.331,29.015,29.544,30.135,30.865,31.746,32.599,33.752,34.589,35.126,35.133,34.844,34.548,34.279,34.022,34.022,34.002,33.988,34.008,34.05,34.105,34.265,34.306,34.451,34.775,35.071,35.119,35.167,35.339,35.578,35.667,35.81,35.926,35.94,36.029,36.117,36.138,36.165,36.165,36.138,36.206,36.206,36.226,36.233,36.246,36.233,36.206,36.199,36.158,36.104,36.049,35.947,35.865,35.817,35.763,35.797,35.783,35.79,35.776,35.79,35.797,35.783,35.81,35.838,35.865,35.906,35.954,36.008,36.001,36.035,36.063,36.035,36.056,36.104,36.097,36.151,36.144,36.138,36.144,36.069,36.069,35.988,36.022,35.981,35.96,35.926,35.899,35.926,35.879,35.879,35.879,35.886,35.892,35.879,35.933,35.967,35.974,35.947,35.974,35.954,35.96,35.96,35.974,36.015,36.008,36.076,36.008,35.981,35.967,36.063,36.063,36.042,36.063,36.076,36.11,36.158,36.185,36.206,36.206,36.212,36.185,36.131,36.056,36.015,35.995,35.988,35.981,36.015,36.008,36.029,36.063,36.056,36.063,35.974,35.96,35.92,35.783,35.722,35.482,35.304,35.023,34.961,34.596,34.368,33.786,33.222,33.187,33.222,33.208,33.863,33.696,33.061,32.613,31.795,31.384,30.472,29.969,29.189,28.433,27.84,27.627,27,26.176,25.465,25.165,24.984,24.923,24.855,24.795,24.75,24.735,24.697,24.621,24.598,24.523,24.507,24.485,24.432,24.416,24.401,24.348,24.325,24.28,24.257,24.227,24.227,24.219,24.189,24.166,24.166,24.151,24.135,24.12,24.12,24.097,24.12,24.105,24.105,24.075,24.082,24.067,24.075,24.052,24.075,24.052,24.044,24.052,24.037,24.059,24.052,24.052,24.044,24.044,24.044,24.037,24.037,24.029,24.029,24.052,24.021,24.029,24.014,24.006,24.029,24.014,24.014,23.983,23.991,23.991,23.998,24.006,23.976,23.953,23.953,23.953,23.93,23.938,23.945,23.953,23.953,23.953,23.968,23.938,23.922,23.922,23.915,23.907,23.899,23.884,23.877,23.877,23.869,23.877,23.869,23.861,23.861,23.884,23.861,23.869,23.877,23.884,23.892,23.884,23.877,23.892,23.869,23.877,23.869,23.846,23.846,23.854,23.846,23.854,23.838,23.846,23.823,23.838,23.823,23.823,23.846,23.854,23.869,23.854,23.854,23.838,23.816,23.808,23.816,23.831,23.823,23.823,23.823,23.8,23.808,23.8,23.816,23.823,23.846,23.8,23.808,23.785,23.777,23.785,23.777,23.816,23.755,23.77,23.777,23.77,23.77,23.77,23.762,23.755,23.747,23.732,23.747,23.724,23.732,23.732,23.716,23.724,23.678,23.671,23.663,23.671,23.671,23.693,23.709,23.709,23.709,23.716,23.709,23.732,23.709,23.716,23.686,23.671,23.648,23.64,23.655,23.678,23.701,23.716,23.709,23.716,23.693,23.701,23.709,23.709,23.701,23.716,23.693,23.648,23.686,23.678,23.671,23.686,23.709,23.686,23.716,23.732,23.686,23.678,23.655,23.671,23.693,23.678,23.686,23.678,23.671,23.686,23.678,23.693,23.693,23.678,23.693,23.678,23.678,23.678,23.701,23.701,23.686,23.693,23.678
,23.655,23.663,23.632,23.625,23.617,23.617,23.602,23.609,23.602,23.602,23.655,23.632,23.663,23.655,23.732,23.686,23.701,23.678,23.693,23.701,23.709,23.716,23.709,23.701,23.709,23.701,23.724,23.739,23.755,23.777,23.777,23.793,23.823,23.777,23.739,23.747,23.762,23.739,23.77,23.785,23.793,23.762,23.8,23.8,23.793,23.777,23.785,23.793,23.793,23.8,23.808,23.793,23.777,23.846,23.808,23.8,23.793,23.785,23.785,23.8,23.785,23.785,23.8,23.793,23.793,23.785,23.8,23.838,23.793,23.8,23.854,23.831,23.838,23.846,23.846,23.831,23.808,23.808,23.823,23.823,23.823,23.831,23.854,23.869,23.861,23.846,23.838,23.846,23.846,23.838,23.869,23.884,23.877,23.861,23.854,23.861,23.869,23.877,23.877,23.877,23.922,23.93,23.892,23.877,23.877,23.884,23.877,23.861,23.899,23.892,23.907,23.915,23.93,23.945,23.953,23.96,23.96,23.968,23.96,23.968,23.976,24.006,23.998,23.991,23.991,23.991,24.014,24.014,24.014,24.029,24.029,24.014,24.021,24.029,24.006,24.006,24.006,24.006,24.006,23.998,24.006,24.006,24.021,24.029,24.052,24.052,24.067,24.067,24.075,24.082,24.075,24.082,24.09,24.082,24.075,24.067,24.067,24.067,24.067,24.082,24.075,24.082,24.082,24.082,24.09,24.097,24.105,24.113,24.113,24.12,24.128,24.12,24.128,24.128,24.113,24.113,24.12,24.135,24.143,24.143,24.151,24.166,24.158,24.181,24.173,24.151,24.181,24.173,24.166,24.158,24.158,24.181,24.173,24.196,24.181,24.181,24.166,24.181,24.181,24.196,24.189,24.196,24.204,24.219,24.219,24.219,24.219,24.227,24.219,24.234,24.234,24.242,24.242,24.242,24.242,24.242,24.257,24.28,24.303,24.31,24.348,24.341,24.356,24.379,24.363,24.394,24.416,24.439,24.462,24.485,24.492,24.523,24.53,24.56,24.576,24.591,24.606,24.621,24.659,24.697,24.719,24.735,24.787,24.825,24.855,24.908,25.006,25.021,25.157,25.615,26.206,26.511,26.541,27.141,27.384,28.082,28.316,29.03,29.652,30.529,30.95,32.163,32.753,34.036,34.989,35.064,35.071,34.865,34.424,34.099,34.002,33.995,33.939,33.946,33.988,34.036,34.105,34.465,34.7,34.796,35.071,35.092,35.222,35.311,35.592,35.715,35.783,35.926,35.981,36.022,36.076,36.172,36.206,36.226,36.212,36.219,36.24,36.253,36.28,36.274,36.274,36.267,36.233,36.206,36.158,36.069,35.94,35.797,35.742,35.735,35.729,35.749,35.742,35.77,35.763,35.77,35.776,35.79,35.817,35.851,35.892,35.906,35.96,36.015,36.104,36.097,36.124,36.131,36.165,36.151,36.158,36.165,36.172,36.144,36.144,36.144,36.117,36.117,36.09,36.056,36.029,36.008,35.967,35.933,35.92,35.913,35.899,35.892,35.92,35.933,35.974,35.988,35.995,36.001,35.988,35.96,35.96,35.954,35.94,35.926,35.899,35.879,35.872,35.879,35.988,35.981,36.008,36.022,36.022,36.042,36.069,36.144,36.165,36.199,36.212,36.226,36.206,36.185,36.11,36.029,36.008,36.015,36.015,36.008,36.042,36.069,36.09,36.09,36.083,36.022,35.974,35.913,35.851,35.77,35.66,35.482,35.325,34.996,35.002,34.789,34.23,33.39,33.215,33.201,33.194,33.849,33.849,33.11,32.599,31.986,31.448,30.586,30.206,29.211,28.921,27.943,27.664,27.045,26.407,25.533,25.202,25.082,24.931,24.931,24.818,24.757,24.712,24.689,24.651,24.629,24.56,24.53,24.5,24.454,24.416,24.386,24.356,24.325,24.287,24.272,24.242,24.219,24.211,24.204,24.189,24.166,24.158,24.135,24.113,24.097,24.082,24.113,24.12,24.105,24.105,24.067,24.075,24.075,24.09,24.075,24.067,24.067,24.044,24.044,24.044,24.044,24.052,24.067,24.052,24.052,24.044,24.044,24.059,24.044,24.052,24.029,24.021,24.029,24.014,24.021,24.014,24.014,24.021,23.998,23.983,23.983,23.976,23.968,23.945,23.945,23.945,23.93,23.938,23.945,23.953,23.953,23.96,23.938,23.93,23.922,23.922,23.915,23.922,23.915,23.899,23.915,23.884,23.869,23.899,23.877,23.877,23.877,23.854,23.877,23.877,23.884,23.892,23.884,23.899,23.899,23.884,23.884,23.877,23.869,23.846,23.861,23.831,23.846,23.854,23.854,23.846,23.831,23.838,23.831,23.846,23.869,23.861,23.861,23.861,23.846,23.861,23.846,23.823,23.816,23.823,23.823,23.823,23.823,23.808,23.816,23.816,23.793,23.816,23.808,23.8,23.8,23.77,23.8,23.785,23.747,23.808,23.755,23.777,23.77,23.77,23.755,23.816,23.747,23.762,23.732,23.732,23.739,23.724,23.724,23.724,23.724,23.693,23.686,23.678,23.655,23.671,23.701,23.693,23.709,23.709,23.716,23.724,23.709,23.716,23.709,23.693,23.686,23.678,23.655,23.648,23.655,23.64,23.693,23.716,23.716,23.709,23.693,23.693,23.701,23.709,23.716,23.678,23.663,23.701,23.686,23.693,23.724,23.724,23.709,23.693,23.732,23.709,23.709,23.671,23.693,23.701,23.686,23.678,23.671,23.671,23.686,23.671,23.678,23.663,23.655,23.686,23.678,23.663,23.686,23.678,23.693,23.678,23.678,23.686,23.663
,23.648,23.648,23.64,23.625,23.625,23.609,23.602,23.617,23.625,23.632,23.64,23.64,23.663,23.686,23.693,23.686,23.716,23.701,23.716,23.701,23.693,23.709,23.709,23.701,23.747,23.701,23.716,23.747,23.762,23.77,23.8,23.823,23.816,23.8,23.77,23.755,23.762,23.747,23.8,23.8,23.785,23.77,23.793,23.8,23.793,23.816,23.793,23.8,23.808,23.8,23.808,23.793,23.77,23.785,23.762,23.793,23.785,23.793,23.77,23.77,23.808,23.755,23.8,23.793,23.77,23.785,23.785,23.793,23.8,23.816,23.838,23.854,23.846,23.846,23.846,23.823,23.831,23.831,23.823,23.823,23.831,23.846,23.846,23.877,23.854,23.854,23.846,23.846,23.838,23.831,23.854,23.861,23.861,23.869,23.861,23.869,23.869,23.892,23.869,23.884,23.907,23.892,23.877,23.877,23.884,23.884,23.869,23.869,23.884,23.899,23.922,23.892,23.945,23.938,23.953,23.968,23.983,23.983,23.96,23.968,24.006,23.983,23.983,23.991,24.006,23.983,24.006,24.021,24.029,24.029,24.037,24.029,24.037,24.014,24.006,24.006,23.998,24.006,24.006,24.006,24.006,24.006,24.021,24.044,24.059,24.052,24.067,24.075,24.075,24.075,24.082,24.09,24.09,24.09,24.09,24.082,24.082,24.067,24.097,24.082,24.075,24.082,24.082,24.09,24.097,24.105,24.12,24.12,24.113,24.12,24.113,24.128,24.128,24.135,24.12,24.128,24.128,24.135,24.143,24.143,24.158,24.158,24.158,24.151,24.158,24.166,24.158,24.166,24.181,24.158,24.173,24.166,24.181,24.173,24.189,24.173,24.196,24.181,24.181,24.189,24.196,24.211,24.211,24.211,24.219,24.219,24.227,24.234,24.234,24.234,24.242,24.242,24.242,24.242,24.249,24.249,24.265,24.272,24.295,24.325,24.333,24.356,24.371,24.371,24.379,24.394,24.416,24.447,24.454,24.485,24.5,24.523,24.545,24.568,24.598,24.591,24.621,24.636,24.666,24.697,24.735,24.75,24.795,24.833,24.901,24.946,25.006,25.089,25.157,25.623,25.945,26.481,26.749,27.266,27.701,28.155,28.637,28.965,29.609,30.422,30.908,32,32.858,34.133,34.858,35.064,35.071,34.651,34.272,34.022,33.953,33.995,33.911,33.946,33.967,34.022,34.272,34.41,34.872,35.044,35.112,35.099,35.229,35.606,35.653,35.763,35.845,35.981,36.035,36.083,36.104,36.165,36.314,36.335,36.301,36.294,36.294,36.307,36.301,36.307,36.301,36.307,36.287,36.219,36.144,36.076,35.831,35.735,35.742,35.681,35.688,35.701,35.715,35.735,35.742,35.756,35.776,35.804,35.824,35.845,35.872,35.892,35.94,36.104,36.104,36.138,36.178,36.219,36.199,36.206,36.212,36.185,36.178,36.178,36.165,36.151,36.165,36.144,36.151,36.124,36.083,36.035,36.015,35.96,35.926,35.906,35.892,35.886,35.899,35.947,35.995,36.001,36.029,36.015,36.008,35.995,35.981,35.947,35.926,35.913,35.892,35.851,35.831,35.797,35.858,35.94,35.913,35.94,35.981,36.008,36.015,36.056,36.083,36.151,36.178,36.206,36.206,36.185,36.144,36.083,36.042,36.049,36.069,36.063,36.083,36.11,36.097,36.097,36.09,36.076,36.049,35.995,35.96,35.838,35.742,35.482,35.469,35.243,35.202,34.92,34.472,33.779,33.229,33.187,33.131,33.445,33.946,33.194,32.613,32,31.434,30.701,30.127,29.486,28.957,28.28,27.782,27.17,26.377,25.818,25.285,25.157,24.938,24.863,24.871,24.757,24.742,24.674,24.682,24.651,24.568,24.568,24.523,24.462,24.432,24.394,24.356,24.333,24.28,24.265,24.242,24.227,24.219,24.211,24.204,24.181,24.181,24.151,24.135,24.135,24.143,24.128,24.12,24.105,24.097,24.082,24.067,24.067,24.082,24.059,24.059,24.052,24.059,24.059,24.059,24.059,24.052,24.059,24.059,24.067,24.059,24.059,24.059,24.052,24.059,24.044,24.037,24.029,24.021,24.021,24.014,24.006,23.998,23.998,23.953,23.976,23.983,23.96,23.976,23.945,23.96,23.945,23.968,23.968,23.93,23.945,23.915,23.922,23.922,23.922,23.93,23.93,23.922,23.922,23.899,23.907,23.892,23.892,23.884,23.899,23.899,23.877,23.884,23.884,23.877,23.884,23.899,23.907,23.899,23.877,23.899,23.884,23.877,23.877,23.869,23.877,23.846,23.854,23.846,23.838,23.861,23.877,23.846,23.831,23.854,23.838,23.861,23.854,23.861,23.846,23.831,23.854,23.831,23.831,23.838,23.831,23.823,23.823,23.816,23.808,23.823,23.823,23.823,23.838,23.808,23.816,23.8,23.808,23.793,23.808,23.785,23.838,23.762,23.785,23.846,23.823,23.785,23.777,23.755,23.777,23.732,23.739,23.701,23.716,23.701,23.709,23.716,23.686,23.678,23.671,23.663,23.701,23.709,23.709,23.709,23.716,23.724,23.732,23.747,23.732,23.709,23.701,23.678,23.663,23.655,23.663,23.655,23.686,23.686,23.716,23.693,23.709,23.709,23.693,23.678,23.686,23.709,23.678,23.709,23.671,23.701,23.693,23.701,23.724,23.724,23.701,23.716,23.716,23.693,23.678,23.678,23.678,23.686,23.671,23.686,23.686,23.686,23.663,23.632,23.655,23.701,23.663,23.686,23.701,23.671,23.686,23.671,23.678,23.686,23.678
,23.64,23.64,23.648,23.64,23.625,23.617,23.617,23.632,23.632,23.648,23.648,23.648,23.678,23.671,23.693,23.686,23.693,23.686,23.693,23.701,23.693,23.701,23.709,23.724,23.732,23.716,23.716,23.724,23.762,23.762,23.8,23.808,23.808,23.816,23.777,23.762,23.732,23.755,23.747,23.8,23.8,23.793,23.785,23.777,23.785,23.8,23.793,23.816,23.816,23.823,23.785,23.8,23.777,23.785,23.785,23.785,23.793,23.785,23.777,23.777,23.755,23.793,23.793,23.777,23.785,23.785,23.793,23.793,23.808,23.816,23.823,23.838,23.831,23.861,23.861,23.869,23.861,23.846,23.831,23.846,23.846,23.846,23.861,23.854,23.861,23.854,23.854,23.846,23.846,23.846,23.854,23.846,23.869,23.877,23.869,23.884,23.877,23.869,23.884,23.877,23.869,23.861,23.892,23.877,23.877,23.892,23.877,23.892,23.907,23.915,23.922,23.922,23.938,23.945,23.938,23.953,23.968,23.991,23.991,23.983,23.976,23.991,23.991,24.006,24.006,23.998,24.006,24.021,24.021,24.029,24.021,24.044,24.029,24.006,24.006,24.006,24.006,24.021,24.021,24.029,24.014,24.037,24.014,24.037,24.052,24.052,24.059,24.059,24.075,24.075,24.075,24.082,24.082,24.09,24.09,24.082,24.082,24.097,24.09,24.097,24.082,24.09,24.09,24.09,24.105,24.105,24.12,24.128,24.105,24.113,24.113,24.12,24.135,24.128,24.128,24.135,24.128,24.113,24.151,24.143,24.158,24.158,24.166,24.166,24.158,24.158,24.158,24.173,24.173,24.181,24.181,24.166,24.166,24.158,24.189,24.211,24.211,24.196,24.189,24.196,24.204,24.211,24.211,24.219,24.219,24.227,24.234,24.242,24.242,24.242,24.249,24.249,24.257,24.249,24.265,24.272,24.28,24.295,24.303,24.318,24.356,24.356,24.363,24.371,24.386,24.394,24.432,24.462,24.47,24.485,24.492,24.507,24.538,24.56,24.606,24.598,24.613,24.644,24.689,24.689,24.742,24.772,24.795,24.848,24.908,24.976,24.999,25.082,25.262,25.638,25.967,26.414,26.919,27.2,27.752,28.309,28.841,29.204,29.573,30.515,31.257,32.057,33.11,34.292,35.044,35.051,35.016,34.803,34.244,34.022,33.925,33.904,33.911,33.911,33.981,34.126,34.444,34.727,34.92,35.071,35.195,35.208,35.38,35.688,35.776,35.851,35.974,36.042,36.056,36.131,36.178,36.28,36.328,36.355,36.369,36.328,36.321,36.321,36.314,36.314,36.328,36.294,36.246,36.178,36.104,36.001,35.892,35.701,35.694,35.667,35.647,35.688,35.688,35.681,35.735,35.749,35.776,35.804,35.845,35.845,35.879,35.933,36.069,36.131,36.172,36.192,36.233,36.267,36.253,36.246,36.226,36.206,36.199,36.185,36.172,36.192,36.138,36.104,36.144,36.11,36.09,36.056,36.015,35.954,35.94,35.899,35.892,35.879,35.899,35.974,36.001,36.042,36.069,36.069,36.049,36.022,35.995,35.981,35.933,35.906,35.865,35.838,35.804,35.79,35.783,35.797,35.817,35.892,35.926,35.94,35.981,36.001,36.063,36.117,36.185,36.206,36.199,36.206,36.138,36.097,36.076,36.09,36.11,36.124,36.124,36.131,36.131,36.117,36.11,36.076,36.022,35.995,35.981,35.865,35.79,35.606,35.565,35.462,35.195,35.085,34.782,34.195,33.313,33.201,33.208,33.243,33.884,33.619,32.613,32.12,31.696,30.958,30.371,29.753,29.182,28.316,27.76,27.229,26.786,26.221,25.443,25.134,25.014,24.923,24.871,24.825,24.75,24.712,24.682,24.659,24.598,24.583,24.523,24.477,24.447,24.394,24.363,24.325,24.295,24.272,24.249,24.242,24.234,24.227,24.219,24.196,24.189,24.173,24.158,24.151,24.135,24.143,24.128,24.113,24.097,24.09,24.09,24.09,24.082,24.082,24.067,24.075,24.059,24.044,24.075,24.059,24.067,24.067,24.067,24.075,24.052,24.059,24.059,24.052,24.059,24.029,24.029,24.029,24.021,24.014,24.006,23.998,23.991,24.006,24.006,23.976,23.998,23.991,23.96,23.938,23.945,23.976,23.96,23.968,23.922,23.93,23.922,23.922,23.938,23.93,23.945,23.93,23.938,23.922,23.922,23.907,23.907,23.907,23.915,23.899,23.922,23.892,23.907,23.899,23.899,23.899,23.869,23.884,23.892,23.884,23.892,23.877,23.884,23.884,23.854,23.861,23.861,23.854,23.838,23.838,23.838,23.838,23.846,23.846,23.838,23.854,23.846,23.907,23.861,23.869,23.831,23.846,23.816,23.831,23.846,23.831,23.831,23.823,23.808,23.808,23.816,23.831,23.816,23.823,23.831,23.831,23.838,23.816,23.823,23.785,23.793,23.8,23.816,23.808,23.831,23.808,23.8,23.777,23.762,23.762,23.747,23.732,23.716,23.716,23.739,23.686,23.724,23.693,23.686,23.686,23.678,23.693,23.709,23.716,23.709,23.724,23.716,23.732,23.739,23.716,23.709,23.709,23.678,23.671,23.678,23.678,23.686,23.693,23.693,23.701,23.701,23.678,23.693,23.678,23.663,23.686,23.693,23.693,23.671,23.663,23.693,23.739,23.716,23.724,23.732,23.701,23.693,23.709,23.693,23.678,23.678,23.655,23.663,23.671,23.663,23.701,23.709,23.701,23.671,23.671,23.663,23.686,23.686,23.693,23.693,23.701,23.686,23.671,23.632,23.625
,23.648,23.64,23.648,23.64,23.648,23.625,23.617,23.64,23.655,23.663,23.663,23.678,23.671,23.686,23.686,23.686,23.701,23.693,23.686,23.701,23.709,23.709,23.732,23.709,23.724,23.739,23.739,23.755,23.77,23.77,23.793,23.808,23.816,23.816,23.793,23.755,23.762,23.755,23.755,23.793,23.777,23.793,23.8,23.8,23.8,23.8,23.808,23.8,23.8,23.8,23.8,23.777,23.793,23.8,23.785,23.793,23.793,23.762,23.777,23.785,23.785,23.777,23.8,23.785,23.777,23.777,23.777,23.8,23.793,23.808,23.831,23.846,23.846,23.861,23.869,23.869,23.877,23.861,23.854,23.854,23.846,23.854,23.861,23.877,23.869,23.869,23.861,23.861,23.861,23.854,23.846,23.846,23.861,23.884,23.877,23.892,23.877,23.877,23.877,23.884,23.884,23.877,23.892,23.869,23.877,23.861,23.854,23.869,23.877,23.915,23.93,23.93,23.945,23.938,23.93,23.96,23.976,23.983,23.983,23.983,23.998,23.991,24.006,23.998,23.998,23.998,24.014,24.021,24.021,24.014,24.029,24.037,24.006,24.014,24.021,24.021,24.014,24.029,24.037,24.029,24.029,24.029,24.044,24.059,24.052,24.067,24.067,24.059,24.075,24.075,24.075,24.075,24.082,24.067,24.09,24.082,24.082,24.097,24.082,24.105,24.113,24.097,24.09,24.097,24.113,24.113,24.105,24.113,24.105,24.113,24.135,24.12,24.128,24.128,24.135,24.12,24.143,24.158,24.143,24.143,24.158,24.166,24.173,24.173,24.158,24.166,24.166,24.181,24.181,24.181,24.181,24.166,24.181,24.189,24.204,24.219,24.219,24.204,24.196,24.196,24.204,24.219,24.219,24.227,24.227,24.234,24.249,24.257,24.265,24.265,24.249,24.265,24.257,24.265,24.272,24.28,24.295,24.31,24.325,24.348,24.356,24.363,24.371,24.386,24.394,24.401,24.416,24.462,24.492,24.485,24.5,24.538,24.56,24.568,24.591,24.613,24.644,24.651,24.666,24.712,24.735,24.78,24.803,24.84,24.901,25.014,25.044,25.104,25.3,25.818,26.34,26.66,27,27.495,27.855,28.389,28.761,29.479,30.12,30.622,31.519,32.254,33.404,34.355,35.064,35.071,34.989,34.796,34.168,33.953,33.925,33.904,33.891,33.932,33.981,34.202,34.693,34.989,35.064,35.147,35.291,35.366,35.524,35.722,35.892,36.008,36.022,36.063,36.151,36.124,36.26,36.301,36.382,36.375,36.375,36.369,36.348,36.335,36.314,36.321,36.287,36.253,36.212,36.144,36.11,36.015,35.756,35.694,35.653,35.653,35.647,35.64,35.626,35.674,35.742,35.77,35.81,35.824,35.858,35.899,35.947,36.042,36.11,36.172,36.226,36.253,36.287,36.294,36.287,36.294,36.26,36.24,36.212,36.192,36.199,36.151,36.131,36.144,36.117,36.117,36.076,36.076,36.008,35.96,35.926,35.906,35.899,35.913,35.926,35.981,36.042,36.069,36.083,36.104,36.083,36.069,36.063,36.029,35.974,35.94,35.879,35.838,35.79,35.77,35.749,35.77,35.797,35.838,35.845,35.899,35.92,35.96,35.974,36.056,36.144,36.178,36.199,36.185,36.172,36.131,36.131,36.117,36.144,36.158,36.165,36.158,36.151,36.151,36.124,36.09,36.063,36.056,35.954,35.947,35.879,35.79,35.66,35.537,35.298,35.373,35.092,34.375,33.619,33.243,33.089,33.117,33.578,33.369,32.606,32.142,31.831,31.164,30.565,30.012,29.37,28.455,28.075,27.333,26.734,26.258,25.638,25.285,25.082,24.946,24.886,24.84,24.75,24.719,24.689,24.659,24.644,24.606,24.56,24.523,24.477,24.401,24.363,24.341,24.303,24.28,24.265,24.249,24.242,24.234,24.227,24.219,24.196,24.173,24.166,24.151,24.143,24.135,24.135,24.12,24.09,24.097,24.09,24.09,24.082,24.09,24.067,24.052,24.052,24.052,24.052,24.067,24.075,24.082,24.075,24.075,24.075,24.082,24.082,24.052,24.052,24.044,24.029,24.014,24.014,24.021,24.014,24.021,24.021,24.014,24.014,24.006,23.998,23.983,23.976,23.968,23.983,23.983,23.968,23.983,23.938,23.953,23.93,23.93,23.945,23.945,23.96,23.96,23.938,23.93,23.93,23.922,23.93,23.922,23.907,23.899,23.945,23.892,23.915,23.915,23.877,23.884,23.869,23.892,23.884,23.892,23.892,23.877,23.877,23.861,23.861,23.869,23.861,23.854,23.846,23.831,23.831,23.838,23.861,23.854,23.846,23.838,23.831,23.854,23.846,23.846,23.846,23.816,23.846,23.854,23.854,23.838,23.838,23.831,23.831,23.808,23.823,23.823,23.831,23.831,23.838,23.831,23.831,23.8,23.8,23.785,23.793,23.793,23.816,23.816,23.816,23.823,23.8,23.777,23.77,23.755,23.755,23.732,23.716,23.724,23.724,23.755,23.755,23.686,23.693,23.693,23.701,23.709,23.724,23.732,23.747,23.724,23.739,23.747,23.739,23.739,23.724,23.701,23.693,23.686,23.678,23.693,23.693,23.701,23.701,23.701,23.709,23.678,23.701,23.686,23.686,23.678,23.64,23.716,23.709,23.716,23.724,23.724,23.732,23.724,23.701,23.686,23.693,23.693,23.671,23.671,23.671,23.632,23.655,23.671,23.693,23.693,23.709,23.693,23.709,23.693,23.686,23.693,23.686,23.709,23.693,23.693,23.709,23.655,23.648,23.632
,23.632,23.64,23.648,23.625,23.632,23.632,23.632,23.655,23.655,23.671,23.678,23.678,23.686,23.693,23.693,23.686,23.701,23.709,23.716,23.724,23.709,23.716,23.724,23.716,23.747,23.739,23.724,23.739,23.755,23.747,23.785,23.8,23.785,23.808,23.77,23.755,23.739,23.755,23.8,23.777,23.8,23.8,23.785,23.777,23.793,23.8,23.793,23.785,23.816,23.8,23.808,23.785,23.793,23.793,23.793,23.8,23.785,23.777,23.739,23.8,23.785,23.823,23.777,23.793,23.777,23.793,23.785,23.8,23.808,23.823,23.846,23.838,23.854,23.877,23.884,23.884,23.869,23.877,23.877,23.861,23.884,23.877,23.877,23.877,23.877,23.877,23.869,23.861,23.861,23.861,23.854,23.854,23.861,23.861,23.884,23.892,23.877,23.892,23.884,23.884,23.899,23.877,23.892,23.877,23.884,23.884,23.869,23.884,23.892,23.915,23.93,23.922,23.953,23.945,23.96,23.976,23.976,23.991,23.998,23.998,24.006,23.998,23.998,24.006,23.998,24.014,24.021,24.014,24.021,24.021,24.014,24.014,24.006,24.006,24.006,24.014,24.029,24.037,24.037,24.037,24.044,24.037,24.044,24.067,24.052,24.075,24.052,24.052,24.052,24.059,24.059,24.075,24.059,24.075,24.075,24.075,24.082,24.075,24.082,24.097,24.105,24.09,24.105,24.105,24.105,24.113,24.105,24.12,24.113,24.135,24.12,24.12,24.128,24.135,24.135,24.151,24.12,24.128,24.158,24.196,24.181,24.181,24.173,24.173,24.173,24.166,24.181,24.189,24.166,24.196,24.204,24.189,24.181,24.204,24.204,24.219,24.227,24.211,24.211,24.196,24.227,24.227,24.227,24.249,24.242,24.257,24.265,24.257,24.272,24.272,24.257,24.265,24.28,24.28,24.287,24.295,24.318,24.341,24.348,24.363,24.379,24.386,24.386,24.401,24.409,24.447,24.447,24.454,24.485,24.485,24.515,24.56,24.576,24.568,24.613,24.621,24.636,24.666,24.704,24.719,24.727,24.765,24.818,24.878,24.923,24.999,25.067,25.202,25.758,25.9,26.37,26.786,27.119,27.502,27.767,28.302,28.834,29.558,30.027,30.643,31.519,32.606,33.529,34.32,35.03,35.078,34.975,34.52,34.182,33.939,33.932,33.904,33.891,33.988,34.195,34.348,34.961,35.016,35.181,35.236,35.256,35.496,35.688,35.81,35.886,36.015,36.104,36.124,36.192,36.206,36.335,36.375,36.382,36.403,36.389,36.375,36.335,36.328,36.301,36.26,36.246,36.219,36.178,36.104,36.001,35.872,35.804,35.701,35.667,35.64,35.647,35.647,35.667,35.694,35.701,35.79,35.831,35.851,35.906,35.906,36.001,36.069,36.151,36.212,36.267,36.28,36.287,36.301,36.314,36.301,36.307,36.28,36.253,36.233,36.212,36.24,36.212,36.233,36.24,36.192,36.104,36.104,36.104,36.008,36.001,35.967,35.933,35.926,36.001,35.995,36.042,36.09,36.11,36.144,36.172,36.144,36.124,36.076,36.035,35.967,35.933,35.872,35.845,35.783,35.749,35.729,35.715,35.763,35.783,35.838,35.899,35.92,35.988,36.029,36.083,36.138,36.172,36.158,36.144,36.158,36.138,36.144,36.144,36.165,36.172,36.165,36.165,36.172,36.158,36.144,36.104,36.083,36.104,36.049,36.063,35.981,35.851,35.756,35.53,35.476,35.188,34.651,33.877,33.278,33.061,33.082,33.306,33.619,32.669,32.24,31.887,31.2,30.6,30.012,29.327,28.768,28.243,27.738,26.971,26.474,25.945,25.39,25.014,24.923,24.886,24.855,24.787,24.742,24.712,24.682,24.666,24.629,24.606,24.515,24.47,24.432,24.386,24.348,24.325,24.28,24.272,24.265,24.249,24.242,24.234,24.242,24.211,24.189,24.181,24.158,24.151,24.151,24.135,24.113,24.105,24.09,24.082,24.082,24.082,24.075,24.059,24.059,24.052,24.067,24.052,24.075,24.075,24.059,24.075,24.075,24.09,24.075,24.082,24.059,24.059,24.059,24.037,24.037,24.014,24.014,24.006,24.014,24.021,24.021,24.029,24.029,23.991,23.998,24.006,23.968,23.998,23.998,23.983,23.976,23.953,23.945,23.945,23.953,23.968,23.96,23.96,23.968,23.945,23.953,23.915,23.922,23.915,23.93,23.922,23.915,23.915,23.892,23.892,23.899,23.884,23.884,23.877,23.884,23.899,23.899,23.899,23.892,23.869,23.884,23.869,23.861,23.869,23.846,23.838,23.838,23.838,23.838,23.838,23.831,23.846,23.838,23.861,23.877,23.884,23.899,23.869,23.846,23.854,23.846,23.838,23.838,23.831,23.823,23.816,23.831,23.831,23.838,23.831,23.846,23.854,23.846,23.846,23.838,23.808,23.816,23.785,23.808,23.8,23.793,23.808,23.816,23.793,23.785,23.793,23.762,23.739,23.747,23.747,23.724,23.739,23.762,23.747,23.747,23.716,23.709,23.709,23.701,23.716,23.747,23.709,23.739,23.755,23.755,23.732,23.755,23.732,23.732,23.724,23.709,23.686,23.693,23.701,23.701,23.709,23.724,23.709,23.686,23.663,23.663,23.648,23.716,23.716,23.724,23.747,23.716,23.701,23.716,23.709,23.709,23.693,23.701,23.701,23.686,23.686,23.693,23.671,23.678,23.678,23.709,23.716,23.701,23.701,23.716,23.701,23.701,23.701,23.686,23.716,23.686,23.709,23.701,23.686,23.678,23.648,23.632
,23.632,23.632,23.648,23.625,23.625,23.632,23.64,23.655,23.686,23.686,23.671,23.678,23.686,23.678,23.678,23.693,23.686,23.724,23.724,23.716,23.709,23.716,23.732,23.739,23.732,23.724,23.709,23.693,23.716,23.747,23.777,23.8,23.785,23.793,23.77,23.777,23.747,23.739,23.762,23.77,23.785,23.777,23.777,23.77,23.77,23.785,23.755,23.785,23.755,23.755,23.785,23.777,23.793,23.793,23.793,23.808,23.793,23.793,23.8,23.777,23.785,23.8,23.793,23.793,23.793,23.793,23.8,23.8,23.808,23.816,23.823,23.831,23.869,23.869,23.861,23.877,23.869,23.877,23.869,23.877,23.861,23.877,23.884,23.884,23.877,23.854,23.861,23.861,23.869,23.861,23.869,23.861,23.877,23.869,23.877,23.877,23.869,23.877,23.884,23.884,23.892,23.915,23.892,23.877,23.884,23.884,23.861,23.892,23.907,23.899,23.922,23.938,23.96,23.93,23.96,23.968,23.96,23.983,23.991,23.991,24.006,23.998,24.006,23.998,24.006,24.006,24.014,24.014,24.029,24.021,24.014,23.998,23.998,24.014,24.006,24.044,24.037,24.037,24.044,24.029,24.044,24.044,24.044,24.052,24.052,24.044,24.059,24.037,24.059,24.059,24.059,24.059,24.059,24.082,24.059,24.067,24.075,24.09,24.082,24.105,24.105,24.097,24.105,24.09,24.113,24.105,24.113,24.135,24.128,24.128,24.135,24.128,24.135,24.128,24.143,24.143,24.158,24.143,24.151,24.151,24.173,24.189,24.189,24.173,24.189,24.189,24.173,24.181,24.189,24.196,24.189,24.181,24.181,24.181,24.204,24.211,24.219,24.227,24.211,24.219,24.227,24.227,24.242,24.242,24.249,24.257,24.287,24.28,24.303,24.28,24.28,24.28,24.287,24.303,24.295,24.31,24.325,24.348,24.363,24.379,24.386,24.394,24.409,24.416,24.424,24.454,24.47,24.485,24.485,24.5,24.545,24.545,24.568,24.591,24.606,24.621,24.659,24.689,24.682,24.727,24.75,24.772,24.833,24.84,24.961,24.991,25.059,25.232,25.675,25.945,26.37,26.897,27.281,27.664,27.921,28.601,28.783,29.515,30.027,30.629,31.725,32.641,33.599,34.569,35.051,34.996,34.872,34.507,34.085,33.911,33.891,33.897,33.897,34.085,34.189,34.569,34.989,35.092,35.222,35.195,35.448,35.66,35.729,35.838,35.94,36.056,36.104,36.158,36.192,36.24,36.321,36.328,36.369,36.382,36.382,36.362,36.328,36.28,36.287,36.246,36.226,36.219,36.138,36.076,35.995,35.933,35.79,35.722,35.674,35.66,35.647,35.647,35.688,35.694,35.776,35.817,35.899,35.92,36.063,35.988,36.11,36.144,36.165,36.246,36.267,36.294,36.301,36.314,36.335,36.355,36.321,36.335,36.274,36.314,36.335,36.246,36.274,36.28,36.267,36.26,36.212,36.219,36.199,36.09,36.083,36.056,36.015,35.995,36.029,36.001,36.035,36.117,36.158,36.158,36.178,36.192,36.178,36.172,36.063,36.063,35.933,35.926,35.906,35.817,35.77,35.694,35.681,35.715,35.701,35.776,35.756,35.817,35.954,36.049,36.029,36.117,36.138,36.165,36.151,36.151,36.151,36.151,36.138,36.151,36.151,36.158,36.165,36.165,36.192,36.192,36.172,36.124,36.083,36.076,36.063,35.967,35.899,35.824,35.667,35.517,35.311,34.686,34.015,33.522,33.131,32.977,33.103,33.543,32.928,32.106,32.071,31.434,30.815,30.178,29.472,29.139,28.243,27.789,27.222,26.778,25.989,25.323,25.067,24.938,24.893,24.863,24.795,24.75,24.712,24.689,24.659,24.636,24.591,24.492,24.454,24.447,24.394,24.341,24.341,24.31,24.295,24.272,24.265,24.257,24.249,24.234,24.204,24.196,24.173,24.166,24.158,24.158,24.143,24.12,24.097,24.09,24.082,24.082,24.082,24.067,24.059,24.052,24.044,24.044,24.037,24.052,24.082,24.037,24.097,24.09,24.082,24.09,24.075,24.075,24.059,24.044,24.044,24.029,24.014,24.021,24.021,24.021,24.029,24.029,24.044,24.029,24.021,23.983,23.991,23.998,23.976,23.953,23.953,23.968,23.938,23.968,23.953,23.976,23.968,23.983,23.976,23.968,23.93,23.938,23.922,23.93,23.922,23.922,23.915,23.922,23.892,23.915,23.907,23.877,23.884,23.877,23.869,23.892,23.899,23.899,23.892,23.892,23.877,23.869,23.861,23.854,23.854,23.854,23.838,23.838,23.816,23.808,23.838,23.838,23.831,23.838,23.854,23.846,23.854,23.869,23.838,23.846,23.854,23.846,23.846,23.816,23.8,23.793,23.808,23.808,23.816,23.816,23.831,23.838,23.838,23.838,23.831,23.823,23.785,23.793,23.77,23.793,23.777,23.793,23.77,23.755,23.77,23.777,23.762,23.77,23.755,23.739,23.747,23.739,23.732,23.739,23.747,23.732,23.716,23.716,23.716,23.709,23.732,23.724,23.716,23.732,23.762,23.755,23.747,23.724,23.716,23.709,23.732,23.724,23.732,23.709,23.709,23.709,23.709,23.716,23.709,23.693,23.693,23.693,23.678,23.686,23.724,23.747,23.732,23.724,23.716,23.739,23.716,23.693,23.716,23.693,23.663,23.678,23.686,23.678,23.671,23.663,23.663,23.663,23.671,23.709,23.716,23.716,23.693,23.709,23.693,23.709,23.701,23.701,23.709,23.693,23.686,23.678,23.655,23.648
,23.632,23.64,23.632,23.632,23.625,23.632,23.632,23.64,23.625,23.648,23.678,23.693,23.686,23.671,23.671,23.686,23.686,23.709,23.716,23.709,23.724,23.716,23.732,23.739,23.77,23.732,23.732,23.678,23.701,23.755,23.785,23.777,23.8,23.785,23.777,23.755,23.747,23.747,23.762,23.762,23.762,23.77,23.77,23.777,23.77,23.785,23.747,23.755,23.747,23.777,23.77,23.793,23.785,23.808,23.793,23.793,23.8,23.8,23.785,23.808,23.816,23.785,23.808,23.816,23.8,23.8,23.8,23.8,23.808,23.816,23.823,23.816,23.846,23.861,23.861,23.854,23.861,23.846,23.854,23.877,23.869,23.877,23.877,23.869,23.861,23.861,23.854,23.854,23.854,23.869,23.869,23.861,23.877,23.869,23.869,23.884,23.877,23.877,23.884,23.884,23.907,23.892,23.915,23.899,23.877,23.877,23.884,23.899,23.899,23.922,23.93,23.915,23.96,23.945,23.96,23.976,23.96,23.983,23.976,23.998,24.006,24.006,23.976,23.998,24.006,24.021,24.014,24.021,24.014,24.021,24.014,24.021,24.014,24.014,24.029,24.029,24.044,24.044,24.044,24.044,24.037,24.044,24.044,24.052,24.044,24.044,24.052,24.052,24.052,24.059,24.067,24.067,24.067,24.067,24.082,24.067,24.067,24.075,24.082,24.067,24.09,24.097,24.097,24.09,24.105,24.113,24.12,24.128,24.135,24.151,24.143,24.143,24.143,24.128,24.143,24.143,24.151,24.173,24.151,24.166,24.173,24.166,24.181,24.189,24.181,24.173,24.181,24.166,24.204,24.196,24.211,24.189,24.196,24.196,24.211,24.227,24.211,24.227,24.227,24.234,24.249,24.242,24.249,24.234,24.249,24.265,24.287,24.287,24.287,24.265,24.28,24.303,24.295,24.295,24.287,24.31,24.325,24.363,24.379,24.409,24.409,24.409,24.424,24.409,24.416,24.454,24.454,24.462,24.477,24.5,24.538,24.576,24.591,24.606,24.613,24.629,24.659,24.689,24.682,24.719,24.735,24.772,24.84,24.848,24.908,24.969,25.082,25.24,25.825,25.989,26.236,26.986,27.325,27.679,28.119,28.637,29.385,29.652,30.422,30.865,31.88,32.936,33.745,34.541,35.071,35.078,34.796,34.237,33.974,33.904,33.884,33.856,33.918,34.147,34.368,34.534,34.989,35.188,35.263,35.263,35.435,35.606,35.804,35.886,36.076,36.117,36.138,36.172,36.24,36.28,36.335,36.369,36.382,36.375,36.375,36.314,36.328,36.253,36.274,36.24,36.24,36.172,36.172,36.063,36.042,35.865,35.783,35.708,35.681,35.667,35.674,35.66,35.722,35.824,35.831,35.913,35.947,36.131,36.219,36.206,36.24,36.26,36.253,36.26,36.274,36.294,36.314,36.355,36.362,36.362,36.389,36.362,36.355,36.389,36.369,36.348,36.362,36.335,36.321,36.314,36.321,36.321,36.28,36.199,36.233,36.178,36.151,36.11,36.158,36.11,36.11,36.158,36.178,36.172,36.212,36.192,36.199,36.165,36.138,36.083,36.015,35.947,35.947,35.858,35.824,35.742,35.688,35.667,35.688,35.708,35.715,35.783,35.906,35.899,36.035,36.063,36.144,36.138,36.165,36.172,36.172,36.158,36.151,36.158,36.158,36.124,36.138,36.165,36.185,36.192,36.192,36.165,36.172,36.151,36.185,36.083,35.974,35.913,35.647,35.558,35.27,34.693,34.022,33.703,33.096,32.781,32.971,33.278,33.026,32.149,31.979,31.626,31.007,30.393,29.681,29.218,28.666,27.994,27.384,26.734,25.96,25.262,25.27,24.999,24.923,24.878,24.787,24.765,24.727,24.689,24.651,24.644,24.591,24.53,24.47,24.447,24.409,24.386,24.341,24.333,24.303,24.287,24.272,24.265,24.249,24.257,24.219,24.196,24.196,24.181,24.173,24.166,24.151,24.105,24.097,24.09,24.075,24.075,24.075,24.075,24.067,24.059,24.052,24.059,24.067,24.113,24.044,24.075,24.075,24.097,24.09,24.09,24.09,24.082,24.059,24.052,24.037,24.021,24.021,24.021,24.021,24.029,24.029,24.021,24.044,24.029,23.976,24.044,24.014,23.96,23.983,23.983,23.953,23.93,23.953,23.96,23.991,23.96,23.998,23.968,23.976,23.945,23.945,23.968,23.953,23.938,23.93,23.915,23.93,23.899,23.907,23.884,23.884,23.884,23.877,23.846,23.899,23.938,23.922,23.899,23.907,23.877,23.869,23.861,23.854,23.854,23.854,23.846,23.838,23.838,23.831,23.831,23.831,23.831,23.838,23.846,23.861,23.854,23.854,23.846,23.861,23.808,23.861,23.846,23.831,23.823,23.808,23.785,23.8,23.808,23.816,23.823,23.816,23.816,23.816,23.838,23.823,23.816,23.8,23.777,23.77,23.777,23.785,23.762,23.762,23.755,23.785,23.77,23.77,23.77,23.739,23.739,23.739,23.739,23.732,23.762,23.755,23.724,23.724,23.693,23.693,23.716,23.724,23.716,23.724,23.724,23.747,23.747,23.755,23.732,23.732,23.716,23.716,23.716,23.709,23.701,23.709,23.716,23.724,23.732,23.724,23.701,23.693,23.693,23.663,23.678,23.678,23.77,23.77,23.739,23.716,23.701,23.701,23.701,23.709,23.693,23.671,23.663,23.671,23.663,23.678,23.663,23.663,23.686,23.686,23.686,23.686,23.693,23.701,23.693,23.655,23.693,23.693,23.709,23.693,23.701,23.693,23.671,23.663,23.648
,23.632,23.632,23.632,23.632,23.632,23.632,23.632,23.648,23.632,23.686,23.678,23.678,23.701,23.671,23.671,23.686,23.686,23.693,23.716,23.693,23.678,23.724,23.724,23.739,23.739,23.709,23.686,23.716,23.716,23.716,23.747,23.777,23.777,23.762,23.77,23.739,23.724,23.709,23.724,23.732,23.755,23.755,23.755,23.747,23.755,23.77,23.732,23.755,23.739,23.755,23.808,23.785,23.793,23.777,23.808,23.8,23.793,23.8,23.808,23.793,23.823,23.816,23.816,23.816,23.808,23.816,23.816,23.816,23.816,23.808,23.831,23.816,23.831,23.854,23.831,23.846,23.831,23.854,23.877,23.861,23.869,23.899,23.869,23.861,23.869,23.846,23.846,23.854,23.861,23.877,23.877,23.884,23.892,23.884,23.877,23.884,23.869,23.877,23.877,23.869,23.892,23.899,23.915,23.892,23.899,23.899,23.907,23.915,23.907,23.907,23.93,23.938,23.96,23.976,23.96,23.96,23.968,23.976,23.983,23.983,23.991,24.006,23.998,24.006,24.014,24.021,24.021,24.029,24.014,24.021,24.014,24.014,24.014,24.021,24.021,24.021,24.037,24.037,24.044,24.044,24.037,24.037,24.021,24.059,24.044,24.044,24.052,24.052,24.059,24.067,24.075,24.082,24.082,24.082,24.082,24.075,24.082,24.082,24.097,24.09,24.09,24.105,24.09,24.105,24.113,24.113,24.12,24.135,24.151,24.158,24.151,24.151,24.143,24.143,24.143,24.143,24.143,24.151,24.135,24.143,24.158,24.158,24.181,24.173,24.166,24.166,24.181,24.166,24.189,24.173,24.181,24.181,24.189,24.196,24.204,24.219,24.227,24.234,24.242,24.249,24.257,24.242,24.234,24.257,24.249,24.28,24.303,24.295,24.303,24.257,24.295,24.295,24.303,24.31,24.333,24.318,24.333,24.379,24.386,24.394,24.416,24.432,24.416,24.424,24.416,24.454,24.447,24.47,24.485,24.507,24.553,24.576,24.591,24.606,24.629,24.636,24.666,24.704,24.719,24.735,24.787,24.825,24.855,24.893,24.923,25.036,25.18,25.323,25.922,26.027,26.823,26.949,27.318,27.782,28.243,28.601,29.175,29.753,30.479,31.114,31.93,32.984,33.786,34.638,35.009,35.057,34.658,34.175,33.981,33.884,33.849,33.863,33.925,34.085,34.548,34.872,35.14,35.256,35.414,35.537,35.667,35.694,35.783,35.96,36.063,36.165,36.199,36.226,36.314,36.341,36.362,36.389,36.382,36.355,36.335,36.307,36.267,36.274,36.246,36.253,36.233,36.206,36.151,36.117,35.94,35.865,35.763,35.749,35.715,35.701,35.694,35.688,35.77,35.865,35.933,36.029,36.083,36.246,36.287,36.26,36.307,36.294,36.314,36.267,36.287,36.321,36.341,36.362,36.396,36.409,36.436,36.43,36.436,36.43,36.403,36.403,36.396,36.369,36.348,36.348,36.341,36.314,36.301,36.28,36.253,36.267,36.199,36.212,36.219,36.185,36.212,36.212,36.24,36.233,36.226,36.226,36.219,36.199,36.185,36.138,36.09,35.981,35.981,35.872,35.838,35.763,35.708,35.66,35.653,35.674,35.681,35.742,35.872,35.933,35.96,36.022,36.11,36.151,36.172,36.185,36.192,36.185,36.172,36.138,36.151,36.097,36.09,36.117,36.138,36.206,36.212,36.219,36.24,36.24,36.24,36.158,35.974,35.845,35.715,35.626,35.332,34.693,34.133,33.911,33.32,32.886,32.936,33.096,33.054,32.29,31.923,31.349,31.029,30.393,29.674,29.298,28.71,28.126,27.274,27.008,25.989,25.593,25.142,25.052,24.969,24.833,24.84,24.75,24.719,24.689,24.659,24.613,24.56,24.56,24.492,24.454,24.416,24.401,24.363,24.333,24.318,24.303,24.303,24.295,24.265,24.257,24.242,24.204,24.189,24.181,24.181,24.173,24.158,24.143,24.105,24.09,24.075,24.075,24.075,24.075,24.075,24.075,24.082,24.067,24.082,24.082,24.097,24.082,24.082,24.09,24.09,24.082,24.082,24.075,24.067,24.059,24.044,24.029,24.021,24.037,24.014,24.037,24.052,24.021,24.037,24.014,24.014,24.014,24.014,23.983,23.998,23.938,23.938,23.938,23.93,23.953,23.968,23.976,23.991,23.968,23.945,23.968,23.945,23.93,23.899,23.93,23.93,23.922,23.915,23.915,23.907,23.907,23.877,23.869,23.884,23.899,23.922,23.907,23.938,23.915,23.907,23.892,23.884,23.877,23.854,23.854,23.846,23.846,23.831,23.823,23.838,23.823,23.846,23.838,23.846,23.846,23.854,23.861,23.854,23.869,23.846,23.869,23.854,23.869,23.838,23.823,23.793,23.8,23.793,23.808,23.816,23.823,23.816,23.793,23.816,23.816,23.808,23.808,23.793,23.785,23.785,23.785,23.777,23.777,23.755,23.77,23.762,23.762,23.77,23.77,23.762,23.747,23.739,23.739,23.747,23.739,23.732,23.709,23.709,23.701,23.701,23.701,23.701,23.701,23.716,23.724,23.732,23.747,23.739,23.739,23.716,23.732,23.724,23.716,23.724,23.716,23.724,23.693,23.739,23.724,23.701,23.701,23.701,23.663,23.671,23.693,23.693,23.739,23.724,23.701,23.701,23.701,23.724,23.693,23.671,23.663,23.671,23.648,23.678,23.686,23.663,23.678,23.663,23.701,23.686,23.678,23.701,23.701,23.678,23.686,23.686,23.648,23.671,23.709,23.716,23.693,23.693,23.663,23.663,23.648
,23.632,23.632,23.632,23.64,23.625,23.609,23.64,23.663,23.648,23.655,23.678,23.678,23.678,23.686,23.632,23.671,23.686,23.686,23.693,23.709,23.709,23.716,23.724,23.732,23.732,23.709,23.701,23.732,23.732,23.747,23.777,23.785,23.785,23.785,23.762,23.747,23.732,23.716,23.739,23.739,23.716,23.739,23.747,23.747,23.762,23.755,23.716,23.732,23.793,23.747,23.755,23.77,23.762,23.77,23.777,23.793,23.8,23.785,23.8,23.793,23.793,23.8,23.808,23.816,23.816,23.816,23.816,23.816,23.823,23.823,23.823,23.846,23.831,23.823,23.816,23.816,23.816,23.831,23.846,23.861,23.861,23.869,23.869,23.877,23.846,23.854,23.854,23.854,23.861,23.892,23.884,23.892,23.892,23.892,23.892,23.884,23.869,23.869,23.869,23.869,23.884,23.892,23.884,23.899,23.915,23.93,23.938,23.93,23.915,23.93,23.922,23.938,23.96,23.968,23.991,23.983,23.991,23.983,23.991,23.991,23.976,23.983,24.006,24.006,24.014,24.014,24.029,24.021,24.021,24.021,24.021,24.021,24.014,24.021,24.029,24.029,24.037,24.044,24.044,24.037,24.029,24.021,24.029,24.052,24.037,24.044,24.052,24.059,24.082,24.097,24.09,24.082,24.09,24.082,24.09,24.09,24.105,24.097,24.113,24.082,24.082,24.082,24.105,24.113,24.128,24.128,24.135,24.135,24.143,24.143,24.151,24.151,24.143,24.143,24.135,24.143,24.143,24.143,24.143,24.151,24.158,24.143,24.158,24.173,24.166,24.196,24.173,24.173,24.181,24.196,24.204,24.196,24.196,24.211,24.234,24.234,24.242,24.242,24.242,24.249,24.272,24.234,24.234,24.234,24.242,24.28,24.272,24.303,24.303,24.287,24.295,24.325,24.295,24.31,24.318,24.318,24.333,24.371,24.386,24.409,24.432,24.432,24.439,24.447,24.432,24.462,24.485,24.523,24.53,24.545,24.56,24.576,24.598,24.606,24.636,24.666,24.697,24.712,24.727,24.757,24.795,24.848,24.871,24.916,24.976,25.052,25.217,25.69,25.937,26.213,26.741,27.045,27.414,27.855,28.192,28.674,29.139,29.638,30.543,31.228,32.099,33.054,33.835,34.672,34.954,34.892,34.486,34.112,33.835,33.842,33.828,33.856,33.911,34.327,34.734,35.154,35.291,35.291,35.489,35.66,35.838,35.79,36.015,36.063,36.131,36.131,36.185,36.287,36.375,36.389,36.403,36.389,36.375,36.341,36.314,36.253,36.26,36.24,36.26,36.267,36.233,36.212,36.165,36.035,35.981,35.865,35.838,35.749,35.722,35.763,35.735,35.742,35.742,36.001,35.981,36.144,36.212,36.321,36.328,36.335,36.369,36.328,36.301,36.328,36.321,36.328,36.362,36.375,36.403,36.416,36.45,36.45,36.457,36.45,36.443,36.409,36.389,36.369,36.362,36.341,36.335,36.314,36.294,36.274,36.274,36.253,36.246,36.246,36.267,36.28,36.246,36.28,36.28,36.267,36.26,36.253,36.246,36.233,36.206,36.158,36.117,36.063,35.974,35.94,35.879,35.797,35.688,35.66,35.674,35.667,35.667,35.722,35.79,35.892,35.967,36.042,36.172,36.165,36.192,36.206,36.206,36.219,36.199,36.192,36.131,36.097,36.083,36.083,36.165,36.178,36.226,36.26,36.246,36.267,36.246,36.206,35.988,35.947,35.694,35.599,35.318,34.727,34.361,33.932,33.599,32.921,32.795,33.173,32.984,32.339,31.951,31.824,31.171,30.758,30.214,29.399,28.797,28.294,27.613,27.104,26.459,25.78,25.195,25.029,25.014,24.893,24.825,24.772,24.75,24.674,24.629,24.606,24.591,24.53,24.5,24.462,24.439,24.401,24.379,24.363,24.333,24.318,24.31,24.31,24.295,24.272,24.242,24.204,24.189,24.189,24.189,24.196,24.166,24.135,24.128,24.105,24.09,24.075,24.075,24.082,24.082,24.082,24.075,24.105,24.067,24.097,24.09,24.097,24.128,24.082,24.097,24.075,24.09,24.075,24.067,24.052,24.044,24.037,24.044,24.037,24.029,24.037,24.037,24.037,24.029,24.029,24.006,23.998,23.983,23.983,23.945,23.968,23.922,23.922,23.953,23.976,23.976,23.968,23.976,23.991,23.953,23.938,23.96,23.93,23.93,23.93,23.915,23.922,23.922,23.922,23.907,23.915,23.915,23.907,23.907,23.915,23.915,23.93,23.945,23.915,23.892,23.884,23.877,23.854,23.861,23.846,23.846,23.846,23.831,23.831,23.823,23.823,23.831,23.838,23.846,23.854,23.861,23.854,23.861,23.861,23.861,23.823,23.884,23.854,23.846,23.831,23.808,23.785,23.785,23.793,23.8,23.793,23.808,23.8,23.808,23.8,23.793,23.793,23.777,23.777,23.793,23.777,23.785,23.785,23.755,23.77,23.747,23.762,23.77,23.762,23.777,23.739,23.724,23.724,23.716,23.716,23.716,23.693,23.701,23.709,23.716,23.709,23.709,23.716,23.716,23.716,23.724,23.724,23.739,23.739,23.724,23.716,23.716,23.716,23.724,23.755,23.732,23.732,23.732,23.732,23.739,23.709,23.693,23.678,23.701,23.709,23.709,23.671,23.739,23.701,23.709,23.709,23.678,23.663,23.648,23.655,23.64,23.671,23.671,23.655,23.663,23.663,23.671,23.693,23.686,23.686,23.663,23.686,23.686,23.693,23.671,23.678,23.693,23.693,23.716,23.686,23.686,23.663,23.655,23.648
,23.632,23.648,23.64,23.648,23.632,23.632,23.625,23.64,23.648,23.671,23.663,23.686,23.678,23.671,23.686,23.671,23.701,23.701,23.701,23.686,23.701,23.716,23.716,23.716,23.709,23.724,23.724,23.739,23.709,23.762,23.77,23.762,23.77,23.762,23.724,23.739,23.739,23.732,23.732,23.701,23.724,23.732,23.739,23.755,23.732,23.739,23.732,23.747,23.747,23.793,23.777,23.77,23.777,23.793,23.785,23.793,23.793,23.793,23.793,23.785,23.777,23.816,23.816,23.816,23.823,23.816,23.823,23.823,23.823,23.838,23.816,23.846,23.808,23.816,23.838,23.808,23.823,23.823,23.846,23.846,23.846,23.884,23.846,23.877,23.869,23.854,23.854,23.869,23.869,23.884,23.892,23.892,23.899,23.892,23.899,23.899,23.884,23.877,23.869,23.877,23.869,23.869,23.877,23.884,23.922,23.922,23.907,23.93,23.922,23.953,23.922,23.93,23.953,23.96,23.976,23.991,23.983,23.998,23.991,23.991,23.976,23.983,23.991,23.998,24.014,24.006,24.014,24.021,24.021,24.029,24.021,24.037,24.037,24.021,24.037,24.029,24.044,24.044,24.052,24.059,24.037,24.029,24.037,24.037,24.037,24.052,24.059,24.067,24.09,24.105,24.082,24.097,24.09,24.09,24.09,24.097,24.105,24.105,24.105,24.113,24.082,24.09,24.105,24.12,24.135,24.143,24.135,24.143,24.135,24.151,24.166,24.151,24.151,24.135,24.135,24.143,24.128,24.143,24.128,24.143,24.151,24.143,24.166,24.166,24.181,24.173,24.181,24.196,24.189,24.204,24.166,24.173,24.211,24.242,24.234,24.265,24.242,24.249,24.242,24.249,24.242,24.265,24.265,24.227,24.257,24.257,24.287,24.318,24.303,24.295,24.31,24.31,24.31,24.318,24.31,24.333,24.341,24.363,24.401,24.416,24.447,24.447,24.447,24.439,24.477,24.462,24.5,24.515,24.515,24.56,24.576,24.598,24.613,24.613,24.636,24.674,24.689,24.735,24.765,24.78,24.795,24.855,24.878,24.901,24.991,24.961,25.134,25.713,25.975,26.198,26.919,27.119,27.642,27.987,28.462,28.877,29.313,29.912,30.722,31.441,32.142,33.068,33.849,34.638,34.824,34.762,34.417,33.946,33.821,33.821,33.814,33.842,33.974,34.513,34.755,35.202,35.366,35.421,35.667,35.756,35.824,35.933,36.029,36.11,36.124,36.178,36.206,36.321,36.321,36.389,36.416,36.403,36.369,36.328,36.246,36.219,36.24,36.206,36.212,36.26,36.233,36.192,36.131,36.063,35.947,35.94,35.838,35.804,35.81,35.817,35.817,35.879,35.906,36.144,36.165,36.253,36.369,36.382,36.375,36.348,36.362,36.341,36.314,36.335,36.328,36.335,36.382,36.416,36.423,36.443,36.45,36.45,36.47,36.457,36.443,36.436,36.375,36.348,36.335,36.301,36.301,36.287,36.274,36.24,36.24,36.26,36.28,36.26,36.287,36.294,36.307,36.328,36.314,36.307,36.294,36.294,36.267,36.246,36.24,36.172,36.144,36.117,36.076,36.008,35.892,35.831,35.742,35.701,35.688,35.66,35.681,35.729,35.831,35.872,35.954,36.042,36.124,36.172,36.199,36.212,36.226,36.233,36.219,36.185,36.165,36.104,36.083,36.076,36.083,36.11,36.226,36.267,36.267,36.274,36.294,36.178,36.104,35.926,35.674,35.53,35.387,34.824,34.527,34.216,33.731,33.04,32.809,32.858,32.971,32.409,31.894,31.923,31.413,30.843,30.328,29.602,29.139,28.521,28.009,27.082,26.518,25.892,25.24,25.074,25.014,24.923,24.855,24.818,24.75,24.689,24.682,24.629,24.56,24.553,24.523,24.47,24.454,24.416,24.401,24.379,24.348,24.341,24.341,24.303,24.31,24.28,24.249,24.219,24.204,24.204,24.196,24.189,24.181,24.151,24.128,24.105,24.082,24.09,24.082,24.097,24.09,24.067,24.09,24.097,24.113,24.097,24.09,24.082,24.067,24.097,24.09,24.09,24.082,24.082,24.067,24.067,24.044,24.044,24.037,24.037,24.021,24.052,24.021,24.037,24.029,24.014,24.006,24.006,23.983,23.976,23.976,23.945,23.953,23.968,23.968,23.968,23.96,23.96,23.953,23.93,23.953,23.968,23.953,23.945,23.922,23.945,23.93,23.93,23.93,23.938,23.938,23.915,23.907,23.899,23.907,23.915,23.915,23.938,23.907,23.907,23.907,23.899,23.884,23.877,23.861,23.854,23.846,23.861,23.831,23.831,23.831,23.831,23.838,23.854,23.861,23.861,23.861,23.861,23.854,23.854,23.838,23.861,23.854,23.861,23.823,23.823,23.8,23.793,23.785,23.823,23.816,23.816,23.816,23.816,23.816,23.823,23.793,23.793,23.8,23.793,23.793,23.808,23.785,23.77,23.77,23.762,23.755,23.747,23.77,23.777,23.77,23.739,23.709,23.739,23.701,23.701,23.724,23.716,23.701,23.693,23.701,23.709,23.724,23.716,23.716,23.724,23.732,23.747,23.724,23.732,23.701,23.716,23.716,23.716,23.716,23.724,23.747,23.755,23.716,23.716,23.709,23.701,23.678,23.693,23.686,23.709,23.716,23.739,23.701,23.701,23.686,23.686,23.663,23.671,23.663,23.655,23.648,23.648,23.655,23.655,23.655,23.671,23.678,23.701,23.693,23.671,23.686,23.678,23.671,23.671,23.686,23.678,23.663,23.701,23.716,23.693,23.671,23.648,23.617,23.617
,23.632,23.648,23.655,23.648,23.663,23.648,23.64,23.648,23.64,23.655,23.655,23.655,23.671,23.686,23.701,23.701,23.693,23.686,23.686,23.701,23.701,23.709,23.724,23.716,23.716,23.709,23.716,23.724,23.716,23.739,23.777,23.755,23.755,23.732,23.732,23.747,23.739,23.739,23.716,23.724,23.739,23.732,23.747,23.739,23.739,23.709,23.716,23.739,23.762,23.755,23.755,23.762,23.762,23.777,23.777,23.793,23.785,23.785,23.785,23.77,23.777,23.8,23.762,23.793,23.816,23.808,23.823,23.816,23.816,23.823,23.831,23.846,23.823,23.816,23.838,23.823,23.846,23.823,23.823,23.838,23.854,23.869,23.854,23.877,23.869,23.861,23.869,23.869,23.892,23.892,23.892,23.892,23.907,23.907,23.899,23.899,23.884,23.884,23.884,23.869,23.869,23.892,23.869,23.877,23.907,23.93,23.953,23.922,23.93,23.93,23.93,23.922,23.938,23.953,23.976,23.983,24.006,23.998,23.998,23.983,24.006,23.998,24.006,23.998,24.014,24.014,24.014,24.014,24.006,24.044,24.021,24.029,24.044,24.029,24.037,24.044,24.044,24.037,24.037,24.044,24.037,24.052,24.044,24.037,24.044,24.067,24.067,24.075,24.105,24.12,24.097,24.082,24.082,24.082,24.097,24.097,24.113,24.128,24.113,24.113,24.113,24.105,24.113,24.128,24.151,24.143,24.151,24.143,24.143,24.135,24.143,24.128,24.151,24.135,24.135,24.135,24.151,24.143,24.143,24.143,24.158,24.158,24.166,24.166,24.173,24.189,24.181,24.189,24.173,24.181,24.211,24.204,24.204,24.249,24.242,24.265,24.257,24.242,24.249,24.257,24.257,24.265,24.257,24.257,24.265,24.295,24.295,24.318,24.318,24.31,24.31,24.325,24.325,24.325,24.341,24.333,24.356,24.379,24.394,24.432,24.439,24.432,24.462,24.462,24.477,24.492,24.507,24.515,24.545,24.576,24.583,24.591,24.606,24.629,24.644,24.682,24.712,24.757,24.765,24.795,24.81,24.84,24.901,24.908,24.946,25.006,25.187,25.78,25.975,26.385,26.83,27.067,27.546,28.17,28.594,29.015,29.595,30.077,30.815,31.512,32.212,33.103,33.87,34.665,34.741,34.741,33.981,33.842,33.828,33.807,33.828,33.884,34.029,34.603,34.803,35.25,35.537,35.558,35.783,35.872,35.926,35.995,36.056,36.117,36.131,36.199,36.28,36.369,36.43,36.43,36.423,36.423,36.355,36.287,36.24,36.131,36.138,36.144,36.131,36.199,36.165,36.138,36.042,35.974,35.947,35.933,35.879,35.886,35.845,35.858,35.899,36.015,36.117,36.165,36.26,36.341,36.403,36.409,36.389,36.375,36.362,36.348,36.328,36.335,36.328,36.362,36.375,36.396,36.416,36.443,36.457,36.457,36.477,36.47,36.443,36.409,36.389,36.348,36.274,36.26,36.267,36.253,36.212,36.212,36.253,36.253,36.267,36.274,36.287,36.294,36.307,36.321,36.328,36.341,36.341,36.328,36.321,36.26,36.24,36.206,36.185,36.151,36.083,36.035,35.96,35.926,35.797,35.763,35.722,35.688,35.674,35.708,35.715,35.865,35.947,36.029,36.144,36.185,36.206,36.226,36.246,36.24,36.219,36.226,36.158,36.09,36.056,36.049,36.083,36.131,36.178,36.24,36.267,36.28,36.233,36.212,36.076,35.913,35.64,35.51,35.112,34.92,34.562,34.223,33.904,33.313,32.872,32.851,32.998,32.676,32.198,31.944,31.37,31.15,30.371,29.76,29.247,28.805,28.068,27.465,27,25.982,25.398,25.052,25.074,25.021,24.863,24.803,24.742,24.689,24.674,24.636,24.613,24.583,24.538,24.5,24.477,24.439,24.424,24.401,24.394,24.371,24.356,24.318,24.31,24.287,24.234,24.227,24.204,24.204,24.204,24.196,24.189,24.151,24.151,24.135,24.097,24.09,24.097,24.097,24.09,24.09,24.113,24.12,24.113,24.12,24.097,24.082,24.067,24.067,24.082,24.082,24.082,24.075,24.067,24.059,24.059,24.044,24.037,24.044,24.021,24.006,24.014,24.014,24.044,24.029,24.014,24.014,23.983,23.976,23.976,23.96,23.96,23.96,23.976,23.968,23.968,23.96,23.953,23.938,23.953,23.953,23.945,23.953,23.938,23.938,23.938,23.938,23.938,23.945,23.922,23.922,23.915,23.915,23.907,23.915,23.922,23.922,23.915,23.907,23.915,23.907,23.907,23.884,23.877,23.861,23.854,23.854,23.846,23.846,23.831,23.838,23.854,23.861,23.861,23.869,23.877,23.877,23.869,23.846,23.854,23.838,23.861,23.831,23.831,23.8,23.785,23.785,23.808,23.8,23.816,23.816,23.823,23.823,23.823,23.823,23.816,23.8,23.8,23.8,23.8,23.785,23.8,23.777,23.762,23.77,23.762,23.762,23.777,23.777,23.785,23.755,23.716,23.693,23.693,23.732,23.732,23.747,23.732,23.739,23.709,23.701,23.716,23.709,23.732,23.732,23.732,23.732,23.732,23.732,23.724,23.709,23.701,23.709,23.716,23.739,23.724,23.747,23.739,23.709,23.671,23.663,23.693,23.686,23.701,23.739,23.732,23.693,23.732,23.716,23.701,23.693,23.663,23.686,23.663,23.655,23.655,23.655,23.663,23.663,23.671,23.686,23.701,23.716,23.678,23.686,23.678,23.671,23.709,23.663,23.671,23.678,23.686,23.724,23.724,23.709,23.686,23.648,23.625,23.625
,23.617,23.64,23.64,23.663,23.671,23.655,23.64,23.632,23.648,23.64,23.655,23.655,23.671,23.693,23.686,23.693,23.693,23.686,23.678,23.701,23.701,23.709,23.724,23.716,23.709,23.701,23.701,23.716,23.716,23.716,23.755,23.739,23.724,23.716,23.724,23.732,23.739,23.747,23.739,23.732,23.747,23.739,23.739,23.739,23.716,23.747,23.732,23.755,23.762,23.77,23.755,23.777,23.77,23.77,23.777,23.793,23.777,23.777,23.8,23.785,23.755,23.739,23.785,23.8,23.8,23.785,23.808,23.808,23.8,23.816,23.823,23.831,23.823,23.831,23.838,23.831,23.838,23.854,23.823,23.831,23.831,23.846,23.846,23.861,23.869,23.877,23.892,23.884,23.899,23.899,23.892,23.892,23.892,23.899,23.899,23.899,23.899,23.884,23.884,23.869,23.877,23.877,23.869,23.877,23.877,23.892,23.922,23.899,23.907,23.899,23.922,23.938,23.93,23.953,23.983,23.983,24.014,23.998,23.983,23.983,23.968,23.998,23.998,24.014,23.998,23.998,24.006,24.014,24.021,24.044,24.021,24.037,24.075,24.037,24.052,24.044,24.044,24.052,24.044,24.044,24.052,24.021,24.044,24.044,24.052,24.067,24.067,24.097,24.09,24.082,24.097,24.09,24.082,24.082,24.09,24.097,24.113,24.143,24.113,24.12,24.097,24.105,24.12,24.135,24.143,24.143,24.143,24.143,24.135,24.135,24.128,24.128,24.128,24.135,24.135,24.143,24.143,24.151,24.166,24.143,24.151,24.166,24.181,24.181,24.166,24.189,24.189,24.196,24.196,24.189,24.196,24.181,24.204,24.219,24.257,24.257,24.249,24.242,24.242,24.242,24.257,24.242,24.265,24.265,24.257,24.287,24.303,24.318,24.325,24.325,24.325,24.325,24.318,24.341,24.341,24.348,24.371,24.394,24.409,24.424,24.447,24.462,24.462,24.492,24.5,24.515,24.523,24.538,24.568,24.576,24.591,24.598,24.613,24.651,24.644,24.689,24.727,24.757,24.78,24.795,24.818,24.84,24.901,24.938,24.946,25.029,25.323,25.81,25.915,26.392,26.949,27.436,27.826,28.163,28.572,28.921,29.443,30.106,30.915,31.668,32.423,33.117,33.904,34.396,34.713,34.665,33.918,33.807,33.821,33.863,33.849,33.87,34.029,34.527,34.824,35.332,35.544,35.735,35.797,35.865,35.947,35.954,36.015,36.104,36.138,36.199,36.307,36.328,36.396,36.423,36.416,36.389,36.301,36.199,36.049,36.029,36.029,35.995,36.11,36.076,36.029,36.049,36.008,35.981,35.974,35.926,35.899,35.879,35.865,35.947,35.981,36.117,36.144,36.328,36.396,36.43,36.423,36.396,36.396,36.375,36.362,36.321,36.321,36.341,36.335,36.355,36.375,36.403,36.409,36.423,36.443,36.45,36.484,36.484,36.416,36.396,36.294,36.26,36.212,36.178,36.199,36.178,36.206,36.226,36.233,36.253,36.267,36.28,36.294,36.294,36.335,36.348,36.355,36.362,36.355,36.355,36.321,36.307,36.246,36.212,36.185,36.151,36.131,36.097,36.029,35.981,35.872,35.865,35.783,35.729,35.729,35.729,35.797,35.872,35.906,36.035,36.151,36.172,36.199,36.226,36.226,36.233,36.219,36.212,36.158,36.083,36.069,36.056,36.076,36.117,36.192,36.192,36.206,36.24,36.192,36.185,36.063,35.96,35.804,35.496,35.16,34.947,34.734,34.403,33.925,33.285,32.907,32.914,32.943,32.718,32.05,31.986,31.753,31.242,30.565,30.027,29.414,28.957,28.426,27.554,26.845,26.072,25.413,25.149,25.044,24.969,24.954,24.818,24.772,24.719,24.697,24.666,24.629,24.606,24.545,24.507,24.485,24.462,24.424,24.401,24.394,24.371,24.356,24.31,24.287,24.272,24.242,24.219,24.219,24.204,24.196,24.204,24.173,24.166,24.128,24.135,24.105,24.113,24.105,24.113,24.09,24.075,24.113,24.082,24.135,24.128,24.082,24.082,24.082,24.075,24.09,24.09,24.075,24.067,24.067,24.052,24.052,24.037,24.021,24.037,24.029,24.014,24.029,24.021,24.037,24.006,24.006,23.998,23.976,23.983,23.976,23.976,23.983,23.976,23.976,23.976,23.968,23.953,23.953,23.96,23.945,23.953,23.953,23.953,23.945,23.938,23.938,23.945,23.945,23.953,23.945,23.93,23.915,23.907,23.922,23.915,23.922,23.922,23.915,23.907,23.922,23.922,23.899,23.884,23.861,23.869,23.854,23.869,23.854,23.838,23.861,23.854,23.854,23.861,23.861,23.869,23.884,23.884,23.861,23.854,23.823,23.846,23.846,23.838,23.8,23.793,23.777,23.8,23.793,23.793,23.816,23.831,23.831,23.831,23.831,23.831,23.816,23.831,23.816,23.8,23.793,23.785,23.793,23.777,23.777,23.755,23.77,23.762,23.785,23.785,23.77,23.747,23.739,23.709,23.678,23.716,23.747,23.724,23.732,23.724,23.732,23.686,23.693,23.716,23.724,23.739,23.739,23.732,23.732,23.732,23.709,23.709,23.709,23.701,23.732,23.724,23.747,23.716,23.709,23.671,23.671,23.648,23.678,23.693,23.693,23.709,23.716,23.709,23.709,23.701,23.686,23.678,23.686,23.693,23.663,23.678,23.671,23.671,23.663,23.663,23.671,23.701,23.686,23.693,23.686,23.701,23.686,23.671,23.693,23.648,23.671,23.686,23.686,23.686,23.716,23.693,23.663,23.655,23.655,23.609
,23.609,23.64,23.625,23.671,23.655,23.64,23.648,23.632,23.617,23.625,23.625,23.632,23.663,23.693,23.678,23.678,23.686,23.678,23.686,23.701,23.709,23.724,23.701,23.693,23.709,23.701,23.716,23.701,23.724,23.724,23.724,23.701,23.701,23.724,23.716,23.739,23.732,23.732,23.747,23.739,23.739,23.739,23.747,23.724,23.701,23.716,23.716,23.747,23.785,23.777,23.777,23.77,23.77,23.785,23.785,23.77,23.793,23.777,23.785,23.77,23.777,23.762,23.77,23.77,23.8,23.785,23.785,23.793,23.777,23.8,23.808,23.808,23.831,23.8,23.854,23.846,23.846,23.831,23.831,23.838,23.846,23.854,23.838,23.869,23.877,23.892,23.892,23.884,23.884,23.899,23.877,23.884,23.884,23.892,23.899,23.899,23.892,23.892,23.877,23.884,23.869,23.869,23.869,23.861,23.899,23.861,23.899,23.884,23.907,23.892,23.915,23.907,23.922,23.953,23.968,23.968,23.998,23.991,23.983,23.998,23.991,24.006,24.014,23.998,24.006,23.998,23.998,24.014,24.029,24.044,24.067,24.059,24.059,24.059,24.059,24.052,24.044,24.052,24.044,24.044,24.052,24.044,24.044,24.052,24.052,24.059,24.075,24.082,24.052,24.097,24.09,24.067,24.082,24.105,24.097,24.097,24.12,24.128,24.12,24.12,24.12,24.105,24.113,24.135,24.128,24.135,24.143,24.128,24.135,24.128,24.128,24.128,24.128,24.135,24.158,24.12,24.143,24.143,24.158,24.181,24.173,24.173,24.173,24.181,24.181,24.173,24.189,24.196,24.211,24.196,24.189,24.204,24.204,24.227,24.265,24.242,24.249,24.242,24.242,24.242,24.257,24.257,24.265,24.272,24.272,24.295,24.295,24.318,24.325,24.325,24.333,24.333,24.325,24.333,24.348,24.363,24.379,24.416,24.416,24.447,24.447,24.47,24.507,24.492,24.507,24.523,24.53,24.545,24.56,24.591,24.613,24.621,24.629,24.629,24.644,24.689,24.719,24.757,24.78,24.803,24.825,24.848,24.893,24.938,24.976,25.157,25.45,25.84,26.131,26.518,27.193,27.51,27.899,28.214,28.615,29.102,29.926,30.271,30.972,31.725,32.451,33.138,33.897,34.403,34.693,34.396,33.925,33.849,33.863,33.835,33.877,34.057,34.299,34.734,34.989,35.304,35.571,35.735,35.79,35.913,35.947,35.995,36.063,36.104,36.172,36.233,36.274,36.335,36.382,36.389,36.362,36.369,36.246,36.09,36.076,35.988,35.974,35.988,35.967,35.967,35.967,36.001,35.96,35.96,35.954,35.933,35.906,35.913,35.892,36.117,36.09,36.226,36.301,36.389,36.45,36.443,36.43,36.416,36.396,36.369,36.348,36.335,36.348,36.355,36.348,36.362,36.362,36.389,36.409,36.43,36.423,36.464,36.484,36.484,36.423,36.389,36.294,36.219,36.206,36.178,36.178,36.185,36.212,36.212,36.274,36.274,36.287,36.294,36.314,36.321,36.321,36.341,36.375,36.375,36.369,36.355,36.335,36.301,36.267,36.226,36.219,36.192,36.172,36.124,36.138,36.104,35.94,35.913,35.81,35.749,35.756,35.77,35.817,35.845,35.899,36.015,36.076,36.104,36.172,36.158,36.206,36.219,36.178,36.165,36.144,36.09,36.076,36.083,36.083,36.11,36.138,36.178,36.185,36.192,36.172,36.09,36.063,35.899,35.763,35.551,35.256,34.968,34.844,34.589,34.189,33.856,33.047,32.907,33.019,32.585,32.064,32.142,31.838,31.242,30.808,30.228,29.796,29.102,28.586,27.774,27.119,26.511,25.495,25.292,25.059,25.014,24.946,24.825,24.772,24.75,24.727,24.682,24.644,24.606,24.553,24.538,24.5,24.462,24.439,24.416,24.409,24.386,24.363,24.348,24.303,24.272,24.257,24.234,24.227,24.211,24.227,24.189,24.158,24.166,24.143,24.128,24.12,24.113,24.113,24.09,24.09,24.09,24.082,24.09,24.113,24.113,24.097,24.113,24.097,24.09,24.09,24.082,24.082,24.082,24.052,24.052,24.037,24.021,23.991,24.006,23.976,23.983,23.998,23.991,24.037,24.006,24.006,23.998,23.991,23.991,23.998,23.983,23.976,23.983,23.976,23.968,23.968,23.945,23.953,23.945,23.953,23.953,23.945,23.953,23.945,23.945,23.93,23.938,23.938,23.93,23.953,23.93,23.922,23.915,23.922,23.892,23.922,23.915,23.922,23.922,23.922,23.915,23.907,23.899,23.884,23.869,23.869,23.8,23.854,23.861,23.869,23.846,23.846,23.861,23.861,23.877,23.861,23.861,23.854,23.846,23.846,23.739,23.838,23.831,23.808,23.8,23.785,23.785,23.793,23.793,23.838,23.831,23.846,23.838,23.838,23.838,23.846,23.838,23.846,23.823,23.793,23.777,23.793,23.785,23.777,23.77,23.77,23.777,23.793,23.777,23.77,23.755,23.709,23.709,23.724,23.701,23.709,23.709,23.724,23.747,23.709,23.716,23.701,23.755,23.716,23.747,23.747,23.732,23.739,23.709,23.678,23.716,23.686,23.701,23.701,23.701,23.709,23.739,23.671,23.686,23.693,23.693,23.678,23.701,23.701,23.693,23.693,23.701,23.716,23.701,23.724,23.693,23.686,23.678,23.671,23.686,23.686,23.678,23.693,23.678,23.686,23.716,23.709,23.693,23.701,23.693,23.693,23.678,23.678,23.663,23.617,23.686,23.655,23.701,23.732,23.671,23.655,23.663,23.632,23.64
,23.602,23.625,23.648,23.648,23.655,23.648,23.632,23.64,23.594,23.609,23.625,23.625,23.632,23.64,23.663,23.655,23.671,23.671,23.678,23.671,23.686,23.693,23.686,23.716,23.709,23.693,23.693,23.686,23.709,23.709,23.701,23.709,23.709,23.693,23.693,23.732,23.709,23.732,23.739,23.739,23.739,23.724,23.732,23.716,23.709,23.724,23.732,23.762,23.793,23.77,23.793,23.777,23.77,23.777,23.777,23.777,23.8,23.8,23.785,23.77,23.747,23.77,23.747,23.762,23.785,23.777,23.777,23.785,23.8,23.785,23.816,23.816,23.816,23.816,23.823,23.823,23.831,23.823,23.838,23.831,23.846,23.846,23.854,23.846,23.884,23.884,23.899,23.899,23.892,23.892,23.884,23.884,23.884,23.877,23.884,23.884,23.884,23.869,23.869,23.877,23.877,23.869,23.884,23.869,23.884,23.884,23.892,23.854,23.892,23.892,23.899,23.93,23.945,23.968,23.96,23.968,23.968,23.991,23.991,23.991,23.983,24.006,24.021,24.006,24.006,24.006,23.991,24.006,24.037,24.044,24.059,24.052,24.059,24.044,24.044,24.037,24.037,24.037,24.037,24.044,24.052,24.044,24.067,24.082,24.059,24.067,24.082,24.059,24.105,24.09,24.067,24.067,24.082,24.075,24.12,24.097,24.097,24.151,24.135,24.105,24.12,24.113,24.113,24.128,24.128,24.143,24.135,24.128,24.128,24.12,24.12,24.113,24.12,24.135,24.135,24.135,24.12,24.135,24.173,24.181,24.189,24.189,24.181,24.173,24.173,24.189,24.189,24.196,24.196,24.196,24.196,24.211,24.219,24.234,24.257,24.249,24.242,24.242,24.242,24.249,24.257,24.257,24.272,24.272,24.272,24.287,24.287,24.303,24.318,24.325,24.333,24.341,24.341,24.333,24.363,24.356,24.386,24.416,24.439,24.447,24.454,24.47,24.492,24.5,24.515,24.53,24.538,24.553,24.576,24.606,24.606,24.621,24.651,24.629,24.666,24.689,24.719,24.765,24.772,24.81,24.833,24.848,24.901,24.938,24.991,25.24,25.39,25.84,26.318,26.652,27.156,27.473,27.965,28.47,28.637,29.342,29.825,30.364,31,31.725,32.479,33.138,33.752,34.05,34.52,34.154,33.911,33.891,33.891,33.904,33.925,34.078,34.41,34.755,34.968,35.469,35.647,35.742,35.81,35.879,35.926,35.967,36.022,36.11,36.172,36.199,36.267,36.307,36.355,36.355,36.348,36.287,36.274,36.09,36.022,35.94,35.926,35.933,35.899,35.92,35.906,35.926,35.933,35.96,35.96,35.954,35.974,35.967,35.954,36.022,36.131,36.314,36.409,36.43,36.457,36.464,36.443,36.43,36.403,36.375,36.355,36.348,36.348,36.362,36.382,36.355,36.369,36.403,36.403,36.45,36.443,36.47,36.518,36.484,36.45,36.389,36.294,36.253,36.192,36.199,36.178,36.192,36.206,36.253,36.321,36.321,36.375,36.341,36.335,36.341,36.355,36.348,36.362,36.403,36.396,36.396,36.355,36.355,36.294,36.267,36.219,36.226,36.192,36.206,36.206,36.131,36.056,36.042,35.913,35.824,35.783,35.776,35.81,35.845,35.899,35.947,35.995,36.056,36.117,36.11,36.158,36.151,36.138,36.117,36.097,36.083,36.076,36.069,36.097,36.124,36.138,36.165,36.158,36.144,36.131,36.097,35.988,35.926,35.831,35.517,35.421,35.16,34.913,34.527,34.313,33.939,33.131,33.075,32.9,32.809,32.24,32.297,32.029,31.661,31.072,30.436,30.063,29.168,28.841,28.104,27.392,26.585,25.832,25.187,25.097,24.954,24.886,24.833,24.765,24.757,24.735,24.689,24.636,24.606,24.553,24.53,24.492,24.47,24.454,24.416,24.386,24.371,24.341,24.333,24.295,24.265,24.242,24.219,24.227,24.204,24.181,24.189,24.158,24.143,24.128,24.151,24.113,24.135,24.128,24.097,24.105,24.113,24.113,24.097,24.113,24.082,24.09,24.082,24.097,24.09,24.09,24.09,24.09,24.09,24.044,24.037,24.006,23.998,23.998,24.006,23.983,24.014,24.014,24.029,24.021,24.014,24.006,23.998,23.991,23.998,23.998,23.998,23.998,23.991,23.968,23.96,23.968,23.953,23.953,23.96,23.96,23.96,23.945,23.945,23.945,23.938,23.93,23.93,23.93,23.953,23.953,23.922,23.915,23.915,23.915,23.915,23.922,23.93,23.922,23.938,23.907,23.922,23.93,23.922,23.899,23.877,23.884,23.838,23.869,23.869,23.854,23.854,23.854,23.831,23.846,23.877,23.861,23.846,23.854,23.831,23.869,23.831,23.8,23.823,23.8,23.8,23.793,23.793,23.816,23.816,23.8,23.831,23.831,23.831,23.838,23.823,23.831,23.823,23.823,23.8,23.77,23.785,23.777,23.762,23.785,23.77,23.793,23.777,23.777,23.785,23.77,23.739,23.716,23.709,23.678,23.709,23.739,23.701,23.701,23.716,23.709,23.724,23.732,23.709,23.732,23.732,23.732,23.716,23.716,23.701,23.693,23.686,23.701,23.701,23.701,23.709,23.709,23.709,23.709,23.724,23.686,23.678,23.655,23.671,23.671,23.701,23.693,23.701,23.701,23.709,23.709,23.732,23.655,23.709,23.671,23.716,23.671,23.678,23.678,23.701,23.709,23.671,23.686,23.716,23.724,23.701,23.686,23.671,23.655,23.655,23.655,23.678,23.678,23.701,23.724,23.686,23.686,23.663,23.64,23.586
,23.586,23.609,23.609,23.602,23.632,23.617,23.625,23.602,23.609,23.632,23.617,23.609,23.617,23.617,23.648,23.648,23.648,23.655,23.663,23.678,23.678,23.686,23.678,23.678,23.686,23.709,23.686,23.693,23.693,23.724,23.709,23.716,23.716,23.693,23.701,23.701,23.716,23.716,23.732,23.732,23.739,23.739,23.724,23.709,23.724,23.716,23.755,23.762,23.785,23.777,23.777,23.785,23.755,23.77,23.777,23.777,23.793,23.77,23.785,23.77,23.77,23.755,23.762,23.77,23.762,23.785,23.777,23.777,23.793,23.793,23.808,23.816,23.816,23.823,23.808,23.846,23.838,23.831,23.838,23.846,23.838,23.846,23.846,23.869,23.869,23.892,23.899,23.907,23.907,23.899,23.892,23.884,23.877,23.869,23.877,23.892,23.869,23.861,23.861,23.869,23.869,23.869,23.884,23.877,23.915,23.892,23.892,23.892,23.877,23.869,23.892,23.922,23.922,23.938,23.953,23.96,23.968,23.968,23.976,23.991,23.976,23.983,24.006,24.021,23.998,24.006,23.991,24.006,23.998,24.044,24.044,24.037,24.059,24.052,24.037,24.044,24.044,24.044,24.044,24.052,24.052,24.044,24.052,24.052,24.037,24.067,24.067,24.067,24.082,24.082,24.059,24.082,24.09,24.082,24.105,24.105,24.105,24.105,24.09,24.105,24.105,24.113,24.105,24.12,24.113,24.128,24.128,24.135,24.128,24.12,24.113,24.113,24.12,24.128,24.143,24.128,24.135,24.135,24.189,24.204,24.204,24.196,24.189,24.189,24.189,24.196,24.189,24.189,24.189,24.204,24.204,24.219,24.219,24.234,24.242,24.242,24.242,24.242,24.242,24.242,24.249,24.257,24.265,24.272,24.265,24.28,24.28,24.303,24.318,24.333,24.348,24.348,24.348,24.356,24.371,24.379,24.409,24.416,24.432,24.47,24.485,24.492,24.507,24.523,24.523,24.538,24.545,24.56,24.583,24.591,24.613,24.636,24.651,24.651,24.682,24.697,24.727,24.757,24.803,24.818,24.84,24.878,24.916,24.946,25.021,25.292,25.548,26.027,26.541,26.697,27.436,27.613,28.053,28.433,28.71,29.342,29.775,30.371,31.072,31.909,32.536,33.04,33.362,34.008,34.126,34.022,33.925,33.904,33.96,33.96,33.981,34.147,34.596,34.72,35.057,35.352,35.626,35.729,35.845,35.858,35.92,36.001,36.035,36.131,36.185,36.206,36.26,36.274,36.307,36.314,36.287,36.307,36.144,36.069,35.96,35.92,35.913,35.899,35.872,35.851,35.865,35.886,35.94,35.967,35.981,35.96,36.015,36.001,36.117,36.24,36.226,36.382,36.436,36.491,36.464,36.464,36.45,36.43,36.416,36.389,36.375,36.369,36.369,36.369,36.409,36.396,36.416,36.396,36.457,36.538,36.565,36.491,36.531,36.518,36.477,36.369,36.307,36.287,36.246,36.199,36.192,36.199,36.274,36.314,36.457,36.457,36.504,36.43,36.423,36.518,36.389,36.436,36.416,36.382,36.403,36.416,36.362,36.375,36.348,36.294,36.267,36.253,36.24,36.246,36.219,36.185,36.131,36.029,35.94,35.886,35.851,35.831,35.824,35.831,35.906,35.933,35.954,35.988,36.049,36.042,36.076,36.11,36.124,36.09,36.083,36.069,36.056,36.063,36.076,36.138,36.151,36.158,36.151,36.117,36.09,36.056,35.933,35.899,35.804,35.735,35.606,35.023,34.954,34.444,34.438,34.036,33.508,33.131,32.95,32.795,32.374,32.374,32.261,31.838,31.42,30.9,30.156,29.544,29.088,28.324,27.583,26.608,25.975,25.39,25.104,25.067,24.976,24.855,24.803,24.765,24.727,24.697,24.666,24.613,24.583,24.523,24.492,24.485,24.454,24.409,24.386,24.363,24.341,24.333,24.31,24.287,24.234,24.234,24.219,24.204,24.189,24.189,24.151,24.166,24.128,24.12,24.143,24.105,24.128,24.128,24.12,24.113,24.105,24.113,24.105,24.113,24.075,24.097,24.082,24.082,24.097,24.097,24.09,24.059,24.052,24.029,24.006,23.991,23.998,23.983,23.983,23.998,23.998,24.014,24.021,24.021,24.006,24.006,24.006,23.998,23.991,24.006,23.991,23.983,23.983,23.976,23.953,23.953,23.96,23.96,23.953,23.968,23.953,23.945,23.938,23.938,23.922,23.915,23.938,23.922,23.945,23.915,23.922,23.922,23.915,23.884,23.877,23.922,23.93,23.93,23.915,23.922,23.915,23.899,23.899,23.884,23.869,23.854,23.877,23.854,23.846,23.846,23.838,23.846,23.838,23.846,23.831,23.869,23.854,23.838,23.838,23.816,23.846,23.823,23.808,23.808,23.793,23.793,23.808,23.777,23.831,23.823,23.838,23.831,23.823,23.838,23.838,23.823,23.816,23.793,23.777,23.777,23.755,23.762,23.777,23.777,23.777,23.785,23.777,23.77,23.747,23.732,23.716,23.732,23.724,23.724,23.732,23.732,23.716,23.739,23.701,23.709,23.755,23.724,23.762,23.732,23.732,23.716,23.732,23.693,23.701,23.701,23.709,23.693,23.701,23.701,23.709,23.709,23.709,23.701,23.686,23.686,23.671,23.671,23.678,23.686,23.701,23.701,23.716,23.693,23.724,23.686,23.724,23.686,23.693,23.655,23.693,23.686,23.693,23.663,23.663,23.678,23.678,23.686,23.709,23.693,23.709,23.678,23.663,23.663,23.671,23.678,23.663,23.671,23.693,23.678,23.686,23.671,23.663,23.609
,23.586,23.594,23.617,23.632,23.617,23.602,23.602,23.617,23.586,23.64,23.609,23.594,23.609,23.594,23.617,23.632,23.648,23.655,23.655,23.663,23.678,23.716,23.701,23.701,23.701,23.693,23.701,23.716,23.701,23.686,23.709,23.709,23.686,23.693,23.701,23.701,23.716,23.716,23.709,23.739,23.732,23.732,23.732,23.716,23.724,23.747,23.755,23.777,23.777,23.777,23.77,23.777,23.785,23.762,23.762,23.793,23.793,23.755,23.777,23.755,23.739,23.755,23.755,23.762,23.785,23.793,23.8,23.8,23.816,23.816,23.823,23.8,23.793,23.816,23.816,23.823,23.831,23.846,23.838,23.846,23.846,23.838,23.861,23.869,23.884,23.884,23.899,23.892,23.892,23.907,23.892,23.899,23.899,23.869,23.877,23.877,23.877,23.861,23.854,23.861,23.854,23.884,23.877,23.892,23.899,23.907,23.907,23.899,23.884,23.899,23.915,23.899,23.922,23.938,23.938,23.945,23.953,23.968,23.976,23.983,24.006,23.998,24.021,23.998,23.991,23.991,23.983,24.021,24.006,23.998,24.037,24.029,24.044,24.037,24.037,24.037,24.044,24.044,24.044,24.052,24.052,24.059,24.059,24.052,24.052,24.067,24.044,24.075,24.09,24.097,24.082,24.097,24.09,24.082,24.097,24.09,24.09,24.09,24.09,24.097,24.09,24.113,24.105,24.105,24.113,24.128,24.135,24.128,24.128,24.12,24.113,24.128,24.12,24.128,24.12,24.128,24.135,24.166,24.181,24.196,24.196,24.196,24.196,24.189,24.189,24.189,24.196,24.196,24.189,24.204,24.211,24.219,24.242,24.242,24.249,24.242,24.257,24.249,24.249,24.249,24.265,24.272,24.28,24.28,24.265,24.295,24.28,24.303,24.318,24.325,24.348,24.363,24.371,24.371,24.371,24.371,24.409,24.424,24.454,24.447,24.485,24.5,24.515,24.515,24.53,24.538,24.553,24.568,24.598,24.613,24.613,24.636,24.659,24.666,24.689,24.697,24.719,24.742,24.787,24.833,24.855,24.901,24.961,24.984,25.074,25.338,25.548,26.131,26.422,26.897,27.377,27.605,28.163,28.594,28.943,29.645,30.135,30.922,31.377,32.071,32.402,32.809,33.292,33.946,34.036,33.953,33.939,33.967,33.988,33.981,34.161,34.368,34.631,34.693,35.071,35.366,35.585,35.694,35.838,35.899,35.899,35.94,36.049,36.104,36.151,36.199,36.246,36.267,36.28,36.274,36.24,36.212,36.097,36.022,35.947,35.926,35.851,35.858,35.824,35.817,35.824,35.879,35.913,35.954,35.981,36.029,35.995,36.076,36.104,36.321,36.335,36.409,36.477,36.498,36.477,36.47,36.45,36.436,36.416,36.396,36.403,36.375,36.396,36.396,36.409,36.47,36.518,36.545,36.586,36.606,36.64,36.633,36.579,36.572,36.545,36.423,36.355,36.301,36.26,36.233,36.226,36.274,36.348,36.531,36.525,36.491,36.579,36.606,36.681,36.708,36.586,36.674,36.491,36.477,36.498,36.443,36.423,36.43,36.375,36.348,36.369,36.28,36.287,36.274,36.267,36.219,36.165,36.09,36.029,35.981,35.947,35.899,35.851,35.851,35.913,35.913,35.94,35.933,35.967,35.974,36.001,36.035,36.076,36.069,36.063,36.056,36.049,36.076,36.104,36.131,36.151,36.151,36.151,36.104,36.049,36.022,35.94,35.886,35.797,35.688,35.66,35.078,34.886,34.617,34.458,34.341,33.675,33.557,33.04,32.9,32.508,32.367,32.297,31.916,31.654,31.128,30.679,30.199,29.342,28.44,27.671,27.067,26.072,25.465,25.134,25.044,25.006,24.818,24.803,24.765,24.75,24.719,24.689,24.591,24.56,24.53,24.5,24.47,24.432,24.424,24.386,24.371,24.348,24.325,24.287,24.287,24.257,24.234,24.227,24.204,24.196,24.196,24.158,24.166,24.143,24.12,24.12,24.113,24.12,24.105,24.128,24.12,24.128,24.12,24.105,24.105,24.105,24.09,24.082,24.082,24.082,24.082,24.082,24.059,24.059,24.021,24.006,23.998,24.014,23.991,23.991,24.006,24.006,24.021,24.029,24.014,24.014,24.014,24.014,24.014,24.006,23.998,23.991,23.991,23.983,23.96,23.983,23.938,23.953,23.968,23.96,23.953,23.96,23.945,23.93,23.93,23.93,23.915,23.892,23.915,23.884,23.922,23.907,23.922,23.877,23.892,23.899,23.915,23.922,23.93,23.938,23.915,23.915,23.907,23.869,23.838,23.877,23.831,23.861,23.823,23.831,23.831,23.831,23.823,23.823,23.838,23.854,23.861,23.831,23.854,23.838,23.838,23.846,23.838,23.808,23.831,23.823,23.816,23.785,23.785,23.808,23.823,23.816,23.823,23.823,23.831,23.816,23.831,23.816,23.793,23.785,23.77,23.77,23.755,23.785,23.777,23.793,23.785,23.77,23.755,23.739,23.716,23.709,23.709,23.724,23.747,23.732,23.709,23.693,23.678,23.709,23.709,23.732,23.732,23.739,23.755,23.732,23.701,23.709,23.755,23.701,23.701,23.693,23.693,23.701,23.693,23.701,23.709,23.701,23.701,23.663,23.678,23.648,23.663,23.671,23.686,23.686,23.709,23.701,23.693,23.678,23.716,23.686,23.671,23.693,23.671,23.693,23.693,23.671,23.648,23.625,23.663,23.693,23.732,23.693,23.701,23.693,23.678,23.671,23.663,23.678,23.655,23.686,23.701,23.678,23.701,23.693,23.671,23.648,23.594
,23.571,23.625,23.632,23.617,23.617,23.602,23.609,23.594,23.586,23.602,23.602,23.586,23.586,23.594,23.602,23.617,23.617,23.632,23.648,23.648,23.678,23.686,23.686,23.693,23.693,23.663,23.686,23.709,23.671,23.701,23.701,23.709,23.701,23.686,23.686,23.701,23.693,23.701,23.716,23.716,23.724,23.732,23.716,23.716,23.739,23.732,23.77,23.77,23.762,23.77,23.762,23.77,23.77,23.777,23.785,23.823,23.755,23.732,23.739,23.755,23.739,23.755,23.762,23.777,23.8,23.8,23.808,23.823,23.831,23.823,23.838,23.816,23.823,23.816,23.816,23.808,23.838,23.831,23.838,23.854,23.846,23.854,23.854,23.869,23.877,23.892,23.899,23.907,23.907,23.922,23.892,23.899,23.884,23.892,23.861,23.838,23.831,23.854,23.854,23.861,23.861,23.869,23.892,23.892,23.892,23.892,23.899,23.877,23.877,23.899,23.907,23.907,23.922,23.922,23.93,23.938,23.953,23.953,23.968,23.983,23.991,24.006,24.029,23.983,23.983,24.014,23.998,23.998,24.014,24.006,24.014,24.014,24.021,24.029,24.029,24.029,24.029,24.044,24.044,24.052,24.044,24.052,24.082,24.075,24.052,24.067,24.067,24.059,24.082,24.075,24.09,24.097,24.09,24.082,24.09,24.09,24.09,24.09,24.09,24.082,24.097,24.097,24.097,24.097,24.113,24.135,24.135,24.135,24.135,24.128,24.128,24.135,24.135,24.135,24.135,24.12,24.135,24.135,24.181,24.211,24.219,24.204,24.196,24.204,24.189,24.189,24.189,24.181,24.189,24.181,24.196,24.219,24.227,24.242,24.249,24.249,24.249,24.249,24.249,24.257,24.265,24.272,24.272,24.272,24.28,24.287,24.272,24.303,24.318,24.333,24.356,24.379,24.394,24.379,24.371,24.416,24.394,24.432,24.439,24.47,24.492,24.492,24.515,24.515,24.53,24.53,24.538,24.568,24.606,24.621,24.636,24.651,24.682,24.682,24.689,24.712,24.727,24.757,24.81,24.84,24.871,24.916,24.946,25.074,25.119,25.255,25.832,26.004,26.578,26.867,27.274,27.855,28.207,28.856,29.023,29.696,30.113,30.708,31.335,32.12,32.508,32.732,33.019,33.515,33.939,33.96,33.918,33.96,34.008,34.099,34.223,34.493,34.658,34.782,35.016,35.243,35.585,35.804,35.858,35.845,35.92,35.94,36.015,36.117,36.11,36.206,36.233,36.24,36.253,36.206,36.233,36.138,36.104,35.974,35.92,35.831,35.81,35.804,35.79,35.776,35.797,35.872,35.913,35.967,36.029,36.056,36.042,36.015,36.104,36.26,36.423,36.504,36.518,36.498,36.477,36.464,36.443,36.43,36.43,36.416,36.403,36.409,36.423,36.443,36.464,36.491,36.633,36.66,36.687,36.823,36.735,36.701,36.708,36.694,36.667,36.464,36.45,36.389,36.409,36.403,36.335,36.477,36.586,36.653,36.626,36.647,36.647,36.755,36.829,36.816,36.836,36.836,36.836,36.674,36.626,36.531,36.511,36.525,36.45,36.538,36.416,36.443,36.328,36.328,36.307,36.301,36.246,36.138,36.09,36.104,35.967,35.899,35.92,35.926,35.92,35.926,35.933,35.933,35.94,35.96,36.001,36.049,36.049,36.049,36.056,36.042,36.035,36.063,36.104,36.138,36.158,36.158,36.117,36.09,36.015,35.96,35.865,35.851,35.79,35.674,35.578,35.215,34.975,34.507,34.438,34.223,33.87,33.599,33.397,32.928,32.529,32.43,32.55,32.465,32.29,31.725,31.207,30.593,29.544,28.848,27.855,27.2,26.258,25.518,25.18,25.067,25.006,24.923,24.825,24.78,24.727,24.712,24.682,24.659,24.576,24.545,24.507,24.507,24.47,24.432,24.409,24.386,24.333,24.31,24.287,24.287,24.249,24.227,24.227,24.211,24.211,24.189,24.173,24.151,24.143,24.128,24.128,24.12,24.12,24.128,24.128,24.135,24.128,24.12,24.12,24.128,24.113,24.09,24.082,24.082,24.082,24.075,24.075,24.052,24.029,24.021,24.029,24.029,24.021,23.998,24.006,24.014,24.021,24.021,24.021,24.029,24.029,24.021,24.021,24.006,24.006,24.006,23.991,23.991,23.983,23.983,23.953,23.938,23.953,23.96,23.953,23.945,23.96,23.96,23.938,23.915,23.93,23.907,23.899,23.922,23.915,23.899,23.907,23.915,23.899,23.907,23.907,23.93,23.922,23.93,23.93,23.915,23.922,23.899,23.892,23.899,23.846,23.831,23.854,23.838,23.838,23.846,23.831,23.831,23.808,23.808,23.846,23.854,23.861,23.854,23.838,23.846,23.831,23.831,23.831,23.831,23.838,23.8,23.785,23.808,23.8,23.816,23.823,23.808,23.831,23.808,23.808,23.808,23.785,23.793,23.77,23.777,23.777,23.762,23.785,23.793,23.793,23.793,23.793,23.747,23.732,23.724,23.716,23.724,23.732,23.732,23.77,23.739,23.709,23.724,23.693,23.709,23.724,23.716,23.724,23.739,23.724,23.716,23.724,23.724,23.693,23.701,23.709,23.701,23.709,23.701,23.716,23.709,23.716,23.693,23.686,23.64,23.648,23.671,23.671,23.678,23.701,23.686,23.693,23.686,23.663,23.716,23.693,23.709,23.716,23.671,23.686,23.693,23.671,23.632,23.64,23.648,23.678,23.724,23.693,23.701,23.686,23.686,23.701,23.671,23.663,23.655,23.693,23.686,23.686,23.701,23.693,23.648,23.648,23.625
,23.602,23.609,23.602,23.617,23.602,23.602,23.586,23.602,23.586,23.64,23.594,23.602,23.594,23.594,23.602,23.625,23.625,23.625,23.64,23.655,23.671,23.686,23.709,23.701,23.693,23.678,23.671,23.693,23.686,23.724,23.701,23.693,23.701,23.716,23.709,23.709,23.686,23.693,23.709,23.709,23.701,23.732,23.724,23.724,23.747,23.747,23.755,23.762,23.755,23.747,23.77,23.747,23.755,23.777,23.762,23.747,23.739,23.739,23.739,23.739,23.755,23.777,23.77,23.793,23.808,23.823,23.823,23.831,23.831,23.846,23.854,23.823,23.816,23.816,23.816,23.831,23.831,23.831,23.831,23.838,23.838,23.838,23.854,23.861,23.877,23.884,23.899,23.869,23.892,23.884,23.884,23.892,23.884,23.884,23.854,23.861,23.854,23.854,23.823,23.854,23.869,23.877,23.892,23.899,23.899,23.892,23.884,23.877,23.877,23.892,23.907,23.907,23.922,23.922,23.938,23.945,23.953,23.96,23.968,23.983,23.998,24.006,24.006,23.991,23.983,23.998,23.998,24.006,23.998,24.006,24.006,24.006,24.021,24.021,24.021,24.044,24.052,24.052,24.044,24.075,24.075,24.059,24.067,24.067,24.067,24.067,24.067,24.067,24.059,24.09,24.097,24.105,24.09,24.082,24.075,24.075,24.075,24.082,24.082,24.082,24.082,24.09,24.113,24.097,24.113,24.128,24.143,24.143,24.143,24.143,24.135,24.135,24.143,24.135,24.12,24.135,24.143,24.135,24.158,24.181,24.204,24.196,24.189,24.189,24.181,24.189,24.189,24.189,24.181,24.173,24.181,24.219,24.227,24.242,24.242,24.257,24.242,24.242,24.257,24.257,24.272,24.272,24.287,24.28,24.295,24.295,24.295,24.295,24.31,24.356,24.348,24.386,24.409,24.409,24.394,24.416,24.424,24.424,24.447,24.462,24.485,24.507,24.523,24.523,24.523,24.538,24.545,24.576,24.598,24.613,24.629,24.659,24.674,24.689,24.704,24.719,24.75,24.772,24.81,24.871,24.878,24.938,25.029,25.052,25.074,25.488,25.877,26.027,26.674,27.074,27.539,27.826,28.243,28.79,29.088,29.688,30.077,30.722,31.462,32.184,32.515,32.718,32.95,33.404,33.918,33.918,33.904,33.967,34.008,34.182,34.5,34.603,34.707,34.927,35.051,35.393,35.674,35.749,35.81,35.817,35.886,35.933,36.001,36.022,36.09,36.151,36.206,36.172,36.212,36.138,36.158,36.097,36.049,35.879,35.865,35.749,35.742,35.783,35.749,35.77,35.783,35.858,35.892,35.981,36.056,36.104,36.144,36.124,36.199,36.28,36.498,36.525,36.518,36.511,36.484,36.464,36.443,36.443,36.423,36.43,36.423,36.443,36.464,36.477,36.525,36.66,36.836,36.796,36.829,36.897,36.802,36.762,36.694,36.796,36.714,36.681,36.714,36.531,36.572,36.653,36.586,36.667,36.701,36.748,36.782,36.823,36.992,36.85,36.904,36.938,36.938,37.012,37.012,37.073,36.917,36.735,36.647,36.667,36.64,36.626,36.47,36.443,36.423,36.382,36.341,36.301,36.287,36.233,36.178,36.144,36.09,35.988,36.001,35.967,35.947,35.947,35.954,35.94,35.947,35.947,35.974,35.995,36.029,36.049,36.042,36.035,36.042,36.035,36.049,36.117,36.117,36.131,36.117,36.069,35.94,35.92,35.865,35.824,35.681,35.565,35.188,35.099,35.009,34.7,34.493,34.361,33.939,33.786,33.696,32.9,32.543,32.487,32.971,32.943,32.858,32.254,31.696,30.843,30.135,29.088,28.513,27.37,26.37,25.668,25.225,25.089,25.029,24.916,24.833,24.78,24.75,24.704,24.659,24.606,24.613,24.576,24.53,24.507,24.47,24.462,24.416,24.379,24.363,24.325,24.303,24.31,24.265,24.234,24.234,24.227,24.219,24.204,24.173,24.151,24.135,24.135,24.12,24.12,24.12,24.128,24.113,24.12,24.128,24.12,24.128,24.113,24.097,24.097,24.067,24.075,24.067,24.075,24.082,24.044,24.044,24.029,24.014,24.014,24.014,24.021,24.014,24.006,24.021,24.014,24.029,24.014,24.021,24.021,24.014,24.006,23.991,23.983,23.968,23.983,23.968,23.96,23.968,23.945,23.945,23.945,23.976,23.96,23.953,23.953,23.938,23.938,23.922,23.884,23.907,23.93,23.915,23.93,23.907,23.892,23.907,23.899,23.892,23.892,23.915,23.915,23.922,23.915,23.915,23.907,23.861,23.869,23.854,23.823,23.838,23.838,23.846,23.838,23.831,23.816,23.838,23.823,23.861,23.877,23.861,23.854,23.846,23.823,23.823,23.823,23.823,23.831,23.816,23.8,23.8,23.8,23.808,23.816,23.831,23.793,23.816,23.8,23.8,23.816,23.808,23.762,23.77,23.785,23.785,23.762,23.777,23.785,23.785,23.777,23.777,23.762,23.755,23.739,23.724,23.732,23.732,23.732,23.747,23.732,23.724,23.709,23.709,23.693,23.686,23.716,23.732,23.732,23.762,23.724,23.732,23.709,23.693,23.716,23.686,23.709,23.724,23.701,23.709,23.709,23.686,23.678,23.671,23.671,23.663,23.671,23.655,23.686,23.686,23.678,23.693,23.678,23.671,23.678,23.678,23.678,23.693,23.686,23.693,23.663,23.678,23.678,23.686,23.655,23.64,23.686,23.686,23.701,23.701,23.701,23.686,23.693,23.671,23.663,23.701,23.663,23.693,23.709,23.678,23.663,23.64,23.609
,23.594,23.602,23.632,23.632,23.632,23.602,23.625,23.609,23.586,23.625,23.609,23.594,23.594,23.594,23.609,23.602,23.632,23.632,23.625,23.64,23.671,23.693,23.701,23.716,23.709,23.709,23.709,23.709,23.686,23.709,23.716,23.701,23.716,23.701,23.724,23.693,23.709,23.709,23.701,23.709,23.732,23.716,23.716,23.732,23.732,23.732,23.739,23.732,23.739,23.739,23.747,23.755,23.747,23.762,23.755,23.755,23.755,23.724,23.724,23.732,23.777,23.785,23.8,23.816,23.831,23.831,23.823,23.838,23.846,23.838,23.854,23.831,23.823,23.823,23.838,23.816,23.831,23.823,23.823,23.823,23.831,23.846,23.838,23.869,23.877,23.877,23.877,23.869,23.869,23.884,23.884,23.884,23.884,23.877,23.869,23.846,23.823,23.846,23.838,23.854,23.869,23.884,23.884,23.892,23.884,23.892,23.892,23.892,23.877,23.877,23.884,23.907,23.922,23.93,23.945,23.953,23.96,23.968,23.976,23.991,23.991,24.006,23.998,23.991,23.976,24.006,23.998,24.006,24.006,23.998,24.006,24.006,24.006,24.021,24.021,24.029,24.044,24.075,24.037,24.029,24.067,24.075,24.082,24.075,24.075,24.075,24.075,24.075,24.09,24.113,24.097,24.09,24.082,24.09,24.075,24.082,24.082,24.082,24.082,24.082,24.082,24.082,24.09,24.105,24.105,24.113,24.135,24.143,24.143,24.135,24.143,24.151,24.158,24.143,24.151,24.135,24.128,24.151,24.151,24.181,24.173,24.211,24.181,24.173,24.181,24.181,24.189,24.151,24.196,24.189,24.189,24.204,24.219,24.227,24.234,24.257,24.249,24.265,24.28,24.272,24.28,24.28,24.295,24.295,24.31,24.295,24.318,24.318,24.318,24.325,24.348,24.379,24.386,24.401,24.416,24.424,24.424,24.424,24.447,24.462,24.492,24.492,24.515,24.53,24.53,24.545,24.545,24.568,24.583,24.629,24.644,24.674,24.674,24.697,24.712,24.719,24.757,24.78,24.833,24.855,24.886,24.954,24.954,25.082,25.104,25.383,25.795,26.355,26.608,27.052,27.716,27.943,28.404,28.95,29.566,29.962,30.565,31.278,31.427,32.191,32.318,32.261,32.69,33.48,33.891,33.71,33.842,33.988,34.036,34.279,34.486,34.762,34.906,34.892,35.078,35.243,35.66,35.776,35.763,35.81,35.831,35.892,35.94,36.035,36.097,36.083,36.117,36.151,36.09,36.138,36.11,36.063,35.988,35.851,35.77,35.729,35.729,35.729,35.722,35.79,35.783,35.824,35.879,35.967,36.083,36.097,36.083,36.233,36.253,36.47,36.525,36.531,36.518,36.511,36.477,36.464,36.464,36.436,36.443,36.464,36.464,36.504,36.484,36.633,36.748,36.85,36.91,36.931,36.965,36.965,37.025,36.897,36.863,36.877,36.917,36.877,37.086,37.086,37.059,37.059,37.046,37.019,36.931,37.079,37.032,36.938,36.965,37.005,36.978,36.985,37.046,37.073,37.127,37.133,37.113,37.032,36.856,36.762,36.748,36.687,36.586,36.62,36.531,36.464,36.45,36.389,36.328,36.253,36.24,36.165,36.138,36.063,36.09,36.015,35.981,35.974,35.94,35.94,35.947,35.933,35.947,36.015,36.029,36.035,36.049,36.035,36.035,36.035,36.049,36.076,36.083,36.11,36.022,35.995,35.933,35.865,35.817,35.763,35.749,35.558,35.339,35.112,34.892,34.507,34.451,34.341,34.036,33.891,33.682,33.04,32.816,32.599,33.285,33.397,33.411,33.012,32.767,31.682,30.808,29.515,28.615,27.627,26.526,25.69,25.3,25.052,24.976,24.893,24.916,24.795,24.75,24.712,24.666,24.621,24.606,24.576,24.56,24.53,24.5,24.47,24.424,24.379,24.363,24.341,24.295,24.318,24.28,24.257,24.242,24.219,24.227,24.204,24.189,24.173,24.151,24.143,24.143,24.12,24.105,24.113,24.09,24.128,24.128,24.12,24.12,24.113,24.097,24.097,24.082,24.082,24.082,24.075,24.067,24.075,24.059,24.052,24.037,24.014,24.029,24.021,24.029,24.037,24.052,24.037,24.014,24.021,24.029,24.014,24.014,24.006,23.983,23.968,23.976,23.983,23.976,23.976,23.96,23.945,23.938,23.953,23.938,23.96,23.938,23.938,23.93,23.915,23.899,23.907,23.93,23.915,23.907,23.915,23.922,23.907,23.907,23.899,23.899,23.907,23.907,23.907,23.922,23.907,23.915,23.892,23.877,23.877,23.838,23.861,23.861,23.846,23.838,23.831,23.823,23.808,23.831,23.846,23.877,23.869,23.854,23.838,23.838,23.831,23.816,23.823,23.823,23.823,23.8,23.808,23.8,23.8,23.808,23.8,23.816,23.823,23.816,23.823,23.808,23.793,23.785,23.793,23.785,23.77,23.777,23.777,23.77,23.777,23.777,23.793,23.785,23.77,23.732,23.739,23.724,23.732,23.739,23.739,23.755,23.732,23.739,23.693,23.701,23.686,23.701,23.724,23.739,23.739,23.747,23.755,23.732,23.716,23.724,23.724,23.716,23.709,23.709,23.724,23.709,23.701,23.716,23.678,23.671,23.678,23.655,23.671,23.648,23.663,23.701,23.686,23.678,23.663,23.655,23.663,23.686,23.678,23.686,23.678,23.686,23.716,23.716,23.671,23.671,23.64,23.678,23.693,23.709,23.716,23.693,23.693,23.678,23.663,23.655,23.655,23.686,23.709,23.693,23.709,23.671,23.663,23.648,23.609
,23.602,23.609,23.617,23.625,23.648,23.64,23.625,23.609,23.64,23.625,23.609,23.609,23.609,23.625,23.617,23.609,23.64,23.625,23.64,23.663,23.678,23.678,23.693,23.693,23.686,23.686,23.678,23.686,23.686,23.693,23.716,23.716,23.716,23.724,23.709,23.724,23.686,23.709,23.693,23.724,23.716,23.724,23.724,23.732,23.709,23.724,23.716,23.716,23.724,23.732,23.747,23.762,23.77,23.77,23.762,23.762,23.732,23.716,23.732,23.777,23.785,23.8,23.823,23.823,23.838,23.846,23.838,23.854,23.854,23.861,23.861,23.869,23.816,23.831,23.831,23.816,23.838,23.823,23.823,23.831,23.831,23.831,23.838,23.846,23.877,23.869,23.877,23.877,23.877,23.877,23.861,23.869,23.861,23.854,23.861,23.854,23.831,23.854,23.838,23.869,23.861,23.869,23.884,23.892,23.877,23.884,23.884,23.861,23.877,23.884,23.884,23.915,23.938,23.938,23.938,23.953,23.968,23.968,23.983,23.983,23.991,23.983,23.976,23.968,23.983,23.998,24.006,24.014,24.006,24.006,23.998,24.006,23.998,24.014,24.006,24.029,24.037,24.029,24.059,24.044,24.067,24.067,24.067,24.082,24.075,24.082,24.082,24.082,24.075,24.105,24.097,24.105,24.082,24.082,24.09,24.097,24.105,24.097,24.105,24.09,24.09,24.097,24.09,24.09,24.113,24.12,24.135,24.143,24.135,24.143,24.135,24.158,24.158,24.166,24.166,24.151,24.151,24.158,24.166,24.151,24.166,24.173,24.166,24.166,24.173,24.173,24.181,24.181,24.173,24.181,24.189,24.189,24.204,24.219,24.234,24.265,24.257,24.265,24.272,24.287,24.295,24.287,24.287,24.295,24.295,24.31,24.318,24.318,24.325,24.348,24.348,24.371,24.394,24.386,24.416,24.432,24.424,24.432,24.454,24.47,24.492,24.515,24.523,24.523,24.538,24.553,24.553,24.576,24.591,24.606,24.636,24.674,24.682,24.712,24.719,24.75,24.78,24.825,24.848,24.886,24.931,24.954,24.984,25.067,25.277,25.45,25.877,26.236,26.63,27.178,27.649,28.185,28.659,28.943,29.378,29.897,30.536,31.007,31.611,32.198,32.282,32.318,32.479,33.299,33.724,33.64,33.807,33.953,34.05,34.368,34.693,34.831,34.844,35.009,35.332,35.428,35.633,35.756,35.749,35.756,35.79,35.797,35.92,35.954,36.069,36.049,36.097,36.022,36.035,36.035,36.015,36.015,36.035,35.79,35.722,35.708,35.694,35.708,35.735,35.776,35.797,35.872,35.899,36.029,36.042,36.206,36.274,36.294,36.369,36.525,36.559,36.559,36.559,36.525,36.484,36.477,36.491,36.491,36.45,36.531,36.525,36.592,36.66,36.755,36.789,36.883,36.985,37.025,37.066,37.046,37.032,37.005,36.985,36.924,36.992,36.958,37.187,37.295,37.261,37.302,37.282,37.187,37.194,37.154,37.1,37.079,37.046,37.032,37.039,37.073,37.073,37.1,37.106,37.127,37.127,37.046,37.039,36.992,36.904,36.775,36.721,36.64,36.545,36.633,36.586,36.484,36.45,36.328,36.253,36.219,36.172,36.124,36.097,36.09,36.022,35.988,35.995,35.954,35.947,35.94,35.933,35.974,36.063,36.049,36.056,36.029,36.035,36.022,36.042,36.049,36.029,36.035,35.981,35.92,35.886,35.838,35.783,35.722,35.64,35.435,35.359,35.037,34.872,34.589,34.451,34.306,34.036,33.877,33.877,33.348,32.928,32.592,33.04,33.515,33.418,33.383,32.957,32.233,30.979,30.113,28.965,27.862,26.556,25.773,25.3,25.074,25.021,24.901,24.848,24.825,24.78,24.742,24.682,24.644,24.613,24.568,24.56,24.53,24.5,24.462,24.416,24.394,24.363,24.348,24.333,24.31,24.295,24.272,24.272,24.234,24.196,24.181,24.173,24.181,24.181,24.151,24.143,24.12,24.12,24.082,24.113,24.12,24.128,24.12,24.128,24.12,24.105,24.105,24.082,24.082,24.082,24.082,24.067,24.075,24.052,24.052,24.014,24.037,24.037,24.044,24.037,24.014,24.029,24.014,24.021,24.021,24.037,24.021,24.014,24.006,23.976,23.976,23.983,23.96,23.96,23.96,23.953,23.945,23.945,23.938,23.945,23.938,23.938,23.945,23.915,23.915,23.915,23.892,23.945,23.945,23.938,23.938,23.93,23.907,23.915,23.907,23.892,23.907,23.892,23.899,23.915,23.922,23.899,23.899,23.877,23.869,23.838,23.854,23.846,23.854,23.838,23.831,23.838,23.831,23.816,23.869,23.869,23.877,23.892,23.838,23.823,23.823,23.816,23.823,23.823,23.808,23.808,23.808,23.8,23.8,23.8,23.816,23.816,23.8,23.808,23.816,23.816,23.808,23.793,23.793,23.793,23.777,23.785,23.77,23.77,23.762,23.77,23.77,23.793,23.785,23.747,23.739,23.739,23.732,23.732,23.747,23.762,23.747,23.724,23.724,23.709,23.709,23.724,23.724,23.732,23.755,23.755,23.716,23.747,23.747,23.739,23.739,23.724,23.716,23.732,23.732,23.716,23.709,23.701,23.678,23.693,23.678,23.671,23.671,23.686,23.671,23.693,23.678,23.655,23.671,23.716,23.732,23.64,23.709,23.678,23.686,23.709,23.709,23.671,23.686,23.693,23.686,23.678,23.701,23.686,23.693,23.671,23.686,23.671,23.671,23.663,23.655,23.648,23.663,23.686,23.693,23.648,23.655,23.617,23.632
,23.594,23.602,23.602,23.617,23.648,23.648,23.64,23.625,23.617,23.655,23.632,23.648,23.632,23.632,23.632,23.663,23.64,23.671,23.686,23.678,23.671,23.678,23.686,23.693,23.716,23.693,23.701,23.686,23.671,23.701,23.716,23.732,23.724,23.716,23.716,23.724,23.716,23.693,23.724,23.709,23.716,23.709,23.724,23.693,23.724,23.701,23.701,23.709,23.716,23.732,23.755,23.747,23.777,23.77,23.762,23.755,23.732,23.724,23.732,23.755,23.8,23.816,23.831,23.831,23.808,23.816,23.838,23.838,23.823,23.831,23.861,23.877,23.838,23.816,23.816,23.831,23.838,23.846,23.838,23.831,23.823,23.831,23.831,23.838,23.869,23.854,23.877,23.869,23.869,23.869,23.861,23.869,23.861,23.861,23.854,23.854,23.861,23.846,23.877,23.869,23.877,23.869,23.884,23.869,23.899,23.892,23.869,23.877,23.884,23.869,23.907,23.899,23.938,23.938,23.945,23.968,23.976,23.991,23.991,23.983,23.991,23.976,23.983,23.968,23.991,23.991,24.014,24.014,24.006,24.006,23.991,24.006,24.014,24.014,24.021,24.029,24.037,24.037,24.052,24.059,24.044,24.059,24.09,24.075,24.082,24.09,24.09,24.09,24.097,24.12,24.113,24.09,24.082,24.09,24.09,24.105,24.113,24.105,24.12,24.113,24.105,24.113,24.097,24.105,24.105,24.135,24.097,24.135,24.113,24.143,24.151,24.158,24.173,24.151,24.151,24.143,24.166,24.151,24.166,24.189,24.151,24.158,24.166,24.189,24.181,24.173,24.181,24.173,24.181,24.181,24.173,24.189,24.196,24.242,24.227,24.242,24.265,24.272,24.287,24.287,24.287,24.295,24.295,24.303,24.295,24.318,24.325,24.341,24.341,24.341,24.356,24.356,24.379,24.379,24.401,24.416,24.439,24.424,24.432,24.462,24.485,24.5,24.538,24.538,24.576,24.56,24.591,24.613,24.613,24.629,24.644,24.674,24.697,24.712,24.735,24.772,24.787,24.795,24.878,24.871,24.938,24.991,25.089,25.074,25.345,25.675,25.922,26.429,26.912,27.51,27.804,28.104,28.375,28.928,29.457,30.041,30.465,31.257,32.029,32.275,32.402,32.205,32.311,33.278,33.592,33.738,33.738,34.015,34.175,34.507,34.576,34.858,34.886,34.941,35.085,35.53,35.694,35.694,35.694,35.708,35.715,35.756,35.845,35.913,35.988,35.995,36.008,35.995,36.001,35.995,35.981,35.947,35.954,35.776,35.708,35.688,35.674,35.694,35.708,35.763,35.831,35.913,35.981,36.131,36.144,36.24,36.321,36.436,36.498,36.599,36.592,36.599,36.572,36.545,36.579,36.525,36.606,36.545,36.579,36.592,36.599,36.694,36.769,36.809,36.89,36.931,36.978,37.052,37.073,37.093,37.073,37.032,36.978,36.971,37.12,37.194,37.18,37.255,37.268,37.302,37.342,37.18,37.147,37.073,37.093,37.019,37.012,36.965,37.025,36.978,36.985,36.985,37.012,37.086,37.106,37.086,37.073,36.985,36.924,36.965,36.809,36.728,36.741,36.701,36.626,36.545,36.477,36.403,36.416,36.294,36.233,36.219,36.165,36.097,36.069,36.049,36.022,35.995,35.954,35.954,35.981,36.022,36.069,36.076,36.063,36.042,36.015,36.008,36.008,36.022,35.995,36.008,35.926,35.851,35.824,35.81,35.742,35.647,35.592,35.441,35.4,35.105,34.982,34.589,34.493,34.361,34.008,33.995,33.939,33.334,32.943,32.725,32.844,33.494,33.369,33.383,33.327,32.508,31.576,30.185,29.124,27.95,26.63,25.735,25.3,25.217,24.991,24.916,24.878,24.833,24.81,24.75,24.697,24.636,24.613,24.576,24.568,24.538,24.507,24.477,24.409,24.401,24.363,24.356,24.325,24.318,24.295,24.272,24.249,24.227,24.196,24.181,24.204,24.173,24.166,24.166,24.128,24.128,24.105,24.113,24.105,24.113,24.12,24.113,24.113,24.105,24.105,24.097,24.09,24.09,24.082,24.082,24.075,24.059,24.059,24.059,24.052,24.044,24.029,24.029,24.021,24.021,24.067,24.052,24.059,24.006,24.006,24.021,24.014,23.998,23.976,23.968,23.968,23.96,23.96,23.953,23.945,23.96,23.953,23.953,23.953,23.953,23.945,23.938,23.922,23.915,23.899,23.945,23.93,23.968,23.968,23.945,23.953,23.915,23.892,23.899,23.877,23.877,23.899,23.907,23.938,23.907,23.899,23.884,23.869,23.861,23.823,23.846,23.854,23.854,23.838,23.816,23.823,23.823,23.854,23.846,23.869,23.892,23.877,23.838,23.831,23.816,23.816,23.816,23.816,23.808,23.816,23.808,23.8,23.816,23.816,23.816,23.808,23.831,23.823,23.816,23.793,23.793,23.785,23.816,23.8,23.793,23.785,23.77,23.755,23.755,23.762,23.755,23.793,23.762,23.755,23.755,23.716,23.747,23.747,23.777,23.777,23.762,23.739,23.716,23.716,23.732,23.724,23.747,23.739,23.732,23.747,23.732,23.755,23.747,23.724,23.77,23.755,23.732,23.739,23.701,23.686,23.716,23.693,23.686,23.678,23.671,23.678,23.678,23.663,23.686,23.671,23.693,23.693,23.671,23.671,23.686,23.671,23.693,23.678,23.686,23.701,23.701,23.701,23.632,23.724,23.678,23.678,23.686,23.701,23.693,23.678,23.663,23.655,23.655,23.64,23.655,23.632,23.663,23.671,23.678,23.693,23.663,23.625,23.632
,23.617,23.609,23.617,23.602,23.648,23.609,23.609,23.64,23.632,23.64,23.648,23.617,23.632,23.617,23.632,23.678,23.693,23.671,23.678,23.678,23.671,23.686,23.678,23.693,23.693,23.663,23.678,23.678,23.655,23.701,23.709,23.739,23.709,23.732,23.732,23.716,23.709,23.716,23.709,23.716,23.724,23.709,23.732,23.701,23.709,23.724,23.709,23.701,23.716,23.724,23.747,23.77,23.785,23.793,23.777,23.755,23.762,23.777,23.739,23.762,23.8,23.816,23.831,23.831,23.823,23.823,23.831,23.831,23.838,23.838,23.854,23.854,23.831,23.846,23.838,23.877,23.861,23.861,23.854,23.854,23.846,23.838,23.846,23.869,23.854,23.861,23.869,23.869,23.869,23.877,23.869,23.861,23.854,23.861,23.854,23.854,23.869,23.877,23.877,23.884,23.877,23.884,23.884,23.892,23.854,23.869,23.892,23.884,23.877,23.899,23.915,23.93,23.93,23.938,23.96,23.976,23.976,23.991,23.983,23.991,23.976,23.983,23.991,23.983,24.006,24.021,24.021,24.021,24.014,24.021,24.014,24.006,24.014,24.037,24.029,24.021,24.037,24.037,24.044,24.059,24.075,24.075,24.075,24.082,24.09,24.082,24.09,24.097,24.113,24.113,24.097,24.097,24.09,24.075,24.097,24.12,24.128,24.12,24.12,24.12,24.113,24.12,24.105,24.097,24.128,24.12,24.113,24.113,24.105,24.143,24.143,24.151,24.166,24.151,24.173,24.173,24.181,24.158,24.181,24.151,24.181,24.181,24.181,24.189,24.181,24.196,24.189,24.181,24.189,24.189,24.181,24.196,24.211,24.219,24.227,24.242,24.257,24.28,24.295,24.303,24.295,24.303,24.303,24.287,24.31,24.325,24.348,24.348,24.348,24.363,24.363,24.379,24.386,24.409,24.401,24.424,24.416,24.439,24.439,24.485,24.492,24.515,24.553,24.56,24.568,24.606,24.598,24.606,24.636,24.659,24.636,24.697,24.719,24.727,24.757,24.78,24.803,24.863,24.893,24.908,24.961,24.991,25.059,25.217,25.285,25.57,25.96,26.578,26.956,27.473,27.972,28.221,28.747,29.146,29.905,30.135,30.686,31.391,31.986,32.29,32.409,32.113,32.177,33.054,33.529,33.619,33.675,34.008,34.382,34.41,34.638,34.865,34.927,34.989,35.352,35.462,35.619,35.66,35.674,35.701,35.708,35.804,35.776,35.851,35.94,35.981,35.981,35.967,35.94,35.933,35.913,35.899,35.77,35.715,35.653,35.66,35.653,35.688,35.701,35.783,35.851,36.008,36.049,36.131,36.24,36.335,36.416,36.403,36.579,36.62,36.626,36.64,36.599,36.633,36.613,36.613,36.653,36.681,36.721,36.721,36.755,36.816,36.796,36.836,36.883,36.904,36.998,37.079,37.059,37.106,37.059,37.059,37.093,37.086,37.086,37.16,37.228,37.342,37.261,37.167,37.201,37.133,36.863,36.856,36.89,36.89,36.91,36.856,36.823,36.796,36.735,36.796,36.775,36.89,36.809,36.958,36.863,36.951,37.005,36.978,36.863,36.816,36.775,36.681,36.681,36.626,36.66,36.538,36.443,36.375,36.294,36.267,36.233,36.172,36.104,36.11,36.022,35.995,35.967,36.001,35.974,36.056,36.083,36.09,36.097,36.056,36.029,36.008,36.015,36.001,35.967,35.906,35.865,35.831,35.797,35.763,35.674,35.674,35.51,35.229,35.318,34.989,34.775,34.617,34.438,34.292,34.099,33.96,33.918,33.55,33.019,32.936,32.886,33.278,33.299,33.418,33.25,32.851,31.767,30.593,29.53,28.009,26.689,25.713,25.338,25.24,25.014,24.938,24.901,24.833,24.803,24.78,24.704,24.674,24.621,24.591,24.568,24.53,24.507,24.47,24.424,24.401,24.379,24.356,24.333,24.318,24.303,24.272,24.227,24.211,24.181,24.196,24.196,24.189,24.189,24.181,24.135,24.128,24.09,24.097,24.09,24.113,24.113,24.12,24.128,24.105,24.105,24.113,24.105,24.09,24.09,24.082,24.067,24.075,24.075,24.044,24.067,24.052,24.021,24.037,24.029,24.037,24.052,24.044,24.059,24.044,24.014,24.006,24.006,24.006,23.983,23.983,23.968,23.96,23.96,23.96,23.945,23.945,23.953,23.96,23.96,23.938,23.938,23.922,23.922,23.915,23.945,23.922,23.945,23.968,23.96,23.96,23.938,23.922,23.922,23.915,23.899,23.892,23.899,23.938,23.922,23.915,23.899,23.877,23.861,23.877,23.884,23.861,23.869,23.831,23.838,23.831,23.838,23.793,23.877,23.861,23.861,23.861,23.861,23.846,23.823,23.838,23.823,23.823,23.823,23.823,23.823,23.823,23.816,23.823,23.816,23.823,23.816,23.816,23.823,23.808,23.808,23.808,23.8,23.816,23.816,23.808,23.785,23.777,23.762,23.762,23.747,23.785,23.777,23.777,23.8,23.739,23.724,23.77,23.762,23.77,23.777,23.77,23.747,23.716,23.747,23.716,23.739,23.739,23.747,23.739,23.732,23.732,23.732,23.77,23.762,23.77,23.739,23.716,23.709,23.701,23.701,23.693,23.693,23.701,23.693,23.686,23.686,23.686,23.663,23.732,23.701,23.678,23.701,23.64,23.663,23.671,23.663,23.701,23.693,23.686,23.693,23.701,23.701,23.732,23.693,23.671,23.678,23.686,23.678,23.678,23.671,23.663,23.671,23.648,23.64,23.671,23.64,23.648,23.655,23.663,23.663,23.648,23.632,23.617
,23.625,23.617,23.609,23.594,23.701,23.625,23.617,23.64,23.625,23.632,23.64,23.64,23.625,23.655,23.655,23.693,23.701,23.663,23.671,23.678,23.678,23.686,23.686,23.663,23.678,23.655,23.663,23.655,23.663,23.678,23.709,23.732,23.732,23.716,23.701,23.693,23.709,23.709,23.693,23.709,23.709,23.709,23.724,23.716,23.709,23.724,23.716,23.732,23.716,23.739,23.755,23.777,23.785,23.8,23.793,23.785,23.762,23.762,23.77,23.793,23.808,23.808,23.816,23.808,23.816,23.808,23.808,23.816,23.823,23.838,23.823,23.831,23.793,23.823,23.816,23.838,23.846,23.869,23.861,23.861,23.877,23.846,23.846,23.854,23.846,23.861,23.884,23.854,23.884,23.877,23.861,23.861,23.861,23.854,23.861,23.861,23.869,23.884,23.884,23.892,23.877,23.869,23.869,23.892,23.877,23.884,23.877,23.884,23.899,23.915,23.922,23.938,23.922,23.945,23.983,23.983,23.983,23.983,23.983,23.983,23.976,23.998,23.991,24.006,23.998,24.006,24.029,24.021,24.021,24.021,24.029,24.014,24.021,24.021,24.029,24.029,24.037,24.044,24.052,24.059,24.067,24.082,24.082,24.09,24.082,24.09,24.097,24.097,24.105,24.113,24.105,24.105,24.097,24.105,24.082,24.12,24.12,24.128,24.128,24.135,24.12,24.12,24.12,24.113,24.12,24.135,24.135,24.143,24.143,24.143,24.151,24.135,24.166,24.151,24.151,24.166,24.166,24.189,24.189,24.181,24.196,24.189,24.173,24.204,24.181,24.196,24.189,24.189,24.189,24.181,24.189,24.204,24.219,24.234,24.242,24.234,24.242,24.257,24.287,24.303,24.295,24.295,24.303,24.31,24.31,24.348,24.348,24.363,24.363,24.371,24.371,24.379,24.401,24.401,24.424,24.409,24.424,24.462,24.47,24.477,24.5,24.523,24.56,24.56,24.583,24.621,24.629,24.629,24.651,24.659,24.689,24.689,24.719,24.735,24.75,24.787,24.818,24.863,24.901,24.946,24.976,25.036,25.052,25.157,25.623,25.713,26.139,26.838,27.074,27.532,28.009,28.243,28.957,29.226,29.984,30.214,30.651,31.427,31.986,32.374,32.543,32.12,32.085,33.18,33.564,33.536,33.599,34.23,34.313,34.424,34.665,34.796,34.934,34.975,35.085,35.407,35.544,35.612,35.633,35.633,35.647,35.674,35.763,35.824,35.899,35.933,35.94,35.933,35.906,35.899,35.872,35.851,35.776,35.681,35.647,35.64,35.647,35.681,35.735,35.804,35.913,36.001,36.11,36.212,36.301,36.321,36.47,36.504,36.633,36.64,36.653,36.667,36.694,36.694,36.708,36.714,36.721,36.769,36.796,36.796,36.802,36.823,36.843,36.836,36.87,36.924,36.965,36.992,37.012,37.059,37.012,37.019,37.039,37.025,37.079,37.174,37.228,37.207,37.046,36.971,36.843,36.796,36.775,36.714,36.728,36.687,36.769,36.748,36.586,36.62,36.599,36.66,36.687,36.64,36.701,36.64,36.701,36.802,36.856,36.917,36.931,36.924,36.85,36.863,36.836,36.769,36.735,36.714,36.626,36.355,36.301,36.314,36.24,36.192,36.144,36.117,36.063,36.001,35.981,35.981,36.001,36.056,36.097,36.11,36.11,36.083,36.042,36.015,35.988,35.974,35.913,35.858,35.824,35.817,35.79,35.783,35.653,35.578,35.496,35.311,35.174,35.002,34.858,34.713,34.341,34.368,34.112,33.96,33.821,33.411,33.075,32.9,33.033,33.25,33.466,33.508,33.355,32.921,32.127,30.751,29.638,28.075,26.697,25.795,25.443,25.247,25.112,24.916,24.961,24.871,24.84,24.803,24.78,24.697,24.636,24.621,24.56,24.538,24.507,24.47,24.439,24.416,24.386,24.363,24.341,24.325,24.303,24.28,24.234,24.219,24.204,24.219,24.204,24.211,24.181,24.181,24.143,24.105,24.105,24.082,24.097,24.105,24.113,24.12,24.12,24.12,24.12,24.113,24.09,24.105,24.075,24.067,24.059,24.059,24.044,24.044,24.037,24.037,24.037,24.029,24.037,24.037,24.044,24.052,24.059,24.029,24.021,24.014,23.998,24.006,23.991,23.976,23.976,23.96,23.953,23.953,23.945,23.96,23.945,23.976,23.953,23.96,23.96,23.938,23.922,23.915,23.915,23.93,23.953,23.96,23.96,23.945,23.938,23.93,23.922,23.907,23.907,23.884,23.899,23.938,23.938,23.922,23.877,23.877,23.884,23.854,23.884,23.854,23.846,23.846,23.854,23.823,23.869,23.869,23.854,23.854,23.861,23.869,23.869,23.854,23.846,23.838,23.823,23.831,23.831,23.831,23.838,23.823,23.831,23.808,23.793,23.816,23.808,23.808,23.816,23.8,23.793,23.823,23.838,23.823,23.816,23.823,23.808,23.785,23.777,23.77,23.762,23.77,23.785,23.77,23.8,23.785,23.755,23.755,23.716,23.739,23.77,23.77,23.724,23.724,23.732,23.732,23.732,23.739,23.716,23.724,23.716,23.724,23.747,23.747,23.709,23.755,23.77,23.716,23.732,23.678,23.686,23.701,23.678,23.686,23.686,23.686,23.709,23.701,23.701,23.701,23.693,23.671,23.709,23.678,23.663,23.678,23.716,23.693,23.709,23.686,23.686,23.671,23.671,23.663,23.709,23.655,23.678,23.663,23.678,23.663,23.655,23.632,23.64,23.655,23.663,23.663,23.648,23.663,23.671,23.655,23.678,23.655,23.655,23.64
,23.586,23.602,23.617,23.602,23.609,23.602,23.602,23.64,23.625,23.625,23.663,23.609,23.655,23.648,23.617,23.648,23.648,23.655,23.671,23.671,23.678,23.686,23.678,23.686,23.663,23.663,23.655,23.671,23.655,23.663,23.701,23.701,23.724,23.701,23.701,23.686,23.686,23.709,23.701,23.732,23.709,23.716,23.716,23.701,23.701,23.732,23.724,23.724,23.716,23.732,23.755,23.777,23.77,23.777,23.785,23.762,23.785,23.785,23.762,23.793,23.793,23.8,23.8,23.808,23.808,23.785,23.8,23.8,23.808,23.808,23.808,23.808,23.793,23.823,23.831,23.831,23.854,23.838,23.846,23.869,23.854,23.854,23.869,23.869,23.869,23.884,23.884,23.869,23.899,23.869,23.877,23.877,23.869,23.854,23.861,23.861,23.869,23.877,23.877,23.884,23.899,23.884,23.869,23.884,23.884,23.877,23.884,23.892,23.899,23.915,23.907,23.93,23.945,23.945,23.968,23.991,23.991,23.983,23.983,23.983,23.998,24.006,24.006,24.014,24.029,24.037,24.029,24.029,24.021,24.021,24.029,24.029,24.029,24.029,24.029,24.037,24.029,24.029,24.044,24.059,24.044,24.075,24.09,24.09,24.09,24.09,24.097,24.113,24.097,24.113,24.105,24.097,24.09,24.09,24.09,24.105,24.105,24.113,24.12,24.128,24.135,24.128,24.128,24.113,24.128,24.143,24.151,24.151,24.128,24.135,24.151,24.143,24.158,24.143,24.143,24.143,24.173,24.173,24.181,24.181,24.181,24.173,24.189,24.173,24.181,24.196,24.196,24.189,24.189,24.196,24.196,24.204,24.234,24.227,24.234,24.242,24.234,24.242,24.28,24.28,24.303,24.303,24.295,24.303,24.31,24.341,24.363,24.379,24.371,24.379,24.386,24.401,24.409,24.416,24.424,24.439,24.432,24.47,24.477,24.485,24.523,24.53,24.56,24.568,24.583,24.644,24.636,24.659,24.666,24.689,24.689,24.712,24.727,24.75,24.765,24.78,24.818,24.871,24.901,24.961,24.984,25.021,25.082,25.202,25.495,25.907,26.347,26.674,27.045,27.804,28.016,28.411,28.856,29.276,29.847,30.264,30.801,31.413,32.036,32.536,32.844,32.106,32.036,33.229,33.599,33.578,33.661,34.105,34.341,34.458,34.638,34.831,34.858,34.989,35.311,35.407,35.455,35.578,35.599,35.585,35.599,35.626,35.694,35.763,35.879,35.906,35.913,35.886,35.879,35.858,35.824,35.783,35.715,35.64,35.612,35.599,35.64,35.701,35.722,35.831,35.974,36.083,36.138,36.253,36.341,36.423,36.491,36.579,36.613,36.667,36.66,36.701,36.708,36.741,36.728,36.802,36.802,36.796,36.823,36.809,36.829,36.802,36.823,36.829,36.829,36.877,36.904,36.91,36.843,36.762,36.741,36.714,36.816,36.796,36.931,36.958,36.971,36.965,36.85,36.735,36.714,36.694,36.626,36.531,36.443,36.565,36.565,36.538,36.538,36.504,36.552,36.477,36.559,36.653,36.633,36.565,36.579,36.653,36.681,36.735,36.823,36.897,36.91,36.917,36.904,36.924,36.843,36.802,36.694,36.531,36.403,36.321,36.301,36.246,36.206,36.144,36.11,36.076,36.015,36.015,36.022,36.035,36.076,36.124,36.124,36.144,36.056,36.022,35.96,35.906,35.872,35.824,35.804,35.797,35.77,35.722,35.681,35.633,35.558,35.27,35.03,34.899,34.727,34.7,34.479,34.327,34.085,34.015,33.897,33.445,33.11,32.844,32.872,33.25,33.438,33.738,33.738,33.229,32.184,30.808,29.609,28.097,26.682,25.743,25.27,25.202,25.104,24.976,24.931,24.893,24.863,24.803,24.757,24.674,24.659,24.629,24.583,24.538,24.53,24.5,24.477,24.447,24.394,24.371,24.348,24.333,24.31,24.287,24.265,24.227,24.196,24.211,24.219,24.181,24.189,24.158,24.143,24.113,24.097,24.059,24.059,24.097,24.097,24.105,24.097,24.105,24.09,24.075,24.09,24.075,24.075,24.075,24.075,24.052,24.044,24.052,24.029,24.037,24.037,24.029,24.029,24.052,24.029,24.052,24.021,24.037,24.021,24.021,24.014,24.006,23.991,23.976,23.968,23.968,23.96,23.976,23.968,23.96,23.976,23.953,23.976,23.968,23.968,23.945,23.922,23.907,23.907,23.93,23.953,23.96,23.96,23.953,23.938,23.938,23.922,23.892,23.892,23.884,23.899,23.892,23.945,23.93,23.915,23.877,23.869,23.869,23.846,23.854,23.838,23.854,23.838,23.846,23.869,23.861,23.854,23.846,23.861,23.854,23.854,23.838,23.838,23.838,23.831,23.831,23.838,23.816,23.854,23.838,23.816,23.823,23.8,23.816,23.8,23.8,23.816,23.808,23.823,23.8,23.823,23.816,23.823,23.823,23.8,23.785,23.808,23.777,23.777,23.777,23.816,23.777,23.777,23.777,23.777,23.77,23.739,23.755,23.755,23.77,23.777,23.762,23.732,23.755,23.732,23.716,23.732,23.716,23.716,23.709,23.732,23.724,23.755,23.739,23.747,23.724,23.724,23.678,23.663,23.693,23.678,23.686,23.693,23.693,23.709,23.716,23.678,23.678,23.709,23.709,23.693,23.671,23.701,23.678,23.678,23.732,23.732,23.724,23.686,23.678,23.64,23.64,23.617,23.671,23.655,23.678,23.663,23.671,23.609,23.655,23.671,23.655,23.648,23.64,23.648,23.663,23.663,23.686,23.671,23.671,23.648,23.617
,23.594,23.594,23.579,23.586,23.609,23.617,23.609,23.632,23.625,23.632,23.625,23.632,23.632,23.625,23.648,23.617,23.617,23.678,23.671,23.671,23.671,23.686,23.686,23.671,23.678,23.655,23.671,23.671,23.678,23.678,23.693,23.716,23.693,23.678,23.686,23.686,23.671,23.671,23.678,23.693,23.693,23.701,23.709,23.709,23.732,23.716,23.739,23.732,23.709,23.732,23.77,23.755,23.755,23.77,23.777,23.785,23.808,23.77,23.793,23.793,23.785,23.793,23.793,23.793,23.785,23.785,23.8,23.793,23.793,23.8,23.8,23.8,23.808,23.816,23.831,23.816,23.838,23.838,23.823,23.846,23.854,23.861,23.869,23.869,23.884,23.869,23.869,23.869,23.899,23.869,23.892,23.877,23.861,23.869,23.861,23.869,23.869,23.877,23.877,23.884,23.884,23.899,23.877,23.884,23.884,23.877,23.892,23.907,23.915,23.915,23.907,23.922,23.922,23.96,23.983,23.983,23.983,24.006,23.983,23.983,23.998,23.983,23.976,24.021,24.029,24.037,24.021,24.029,24.029,24.029,24.037,24.044,24.037,24.037,24.037,24.029,24.029,24.014,24.044,24.059,24.082,24.075,24.082,24.09,24.09,24.09,24.09,24.09,24.097,24.113,24.105,24.097,24.09,24.082,24.097,24.082,24.105,24.12,24.12,24.12,24.12,24.105,24.105,24.113,24.135,24.151,24.151,24.158,24.158,24.143,24.158,24.158,24.151,24.143,24.135,24.151,24.158,24.189,24.166,24.173,24.173,24.166,24.173,24.189,24.181,24.211,24.196,24.204,24.196,24.196,24.196,24.204,24.219,24.234,24.227,24.234,24.242,24.249,24.265,24.28,24.287,24.295,24.303,24.303,24.325,24.333,24.356,24.363,24.371,24.379,24.394,24.409,24.416,24.424,24.432,24.439,24.447,24.492,24.507,24.5,24.553,24.538,24.56,24.606,24.606,24.636,24.666,24.674,24.682,24.689,24.704,24.727,24.719,24.742,24.772,24.787,24.818,24.886,24.931,24.961,24.991,25.082,25.262,25.217,25.623,25.93,26.295,26.734,27.266,28.002,28.28,28.848,28.972,29.688,30.027,30.443,31.164,31.618,32.212,32.774,32.928,32.472,32.106,32.991,33.508,33.647,33.828,34.223,34.341,34.368,34.548,34.81,34.879,34.941,35.092,35.366,35.455,35.489,35.585,35.537,35.565,35.578,35.599,35.783,35.831,35.865,35.872,35.879,35.838,35.817,35.763,35.763,35.708,35.633,35.592,35.606,35.606,35.653,35.763,35.824,35.92,36.104,36.185,36.28,36.403,36.47,36.531,36.606,36.62,36.66,36.701,36.748,36.789,36.823,36.816,36.816,36.823,36.816,36.829,36.809,36.802,36.796,36.789,36.823,36.789,36.741,36.796,36.504,36.599,36.409,36.403,36.504,36.572,36.559,36.782,36.714,36.735,36.694,36.694,36.653,36.559,36.45,36.369,36.409,36.396,36.348,36.464,36.287,36.294,36.416,36.348,36.45,36.47,36.525,36.518,36.579,36.592,36.498,36.545,36.613,36.633,36.721,36.87,36.89,36.944,36.904,36.863,36.877,36.701,36.498,36.403,36.409,36.348,36.253,36.206,36.192,36.124,36.049,36.001,36.022,36.008,36.042,36.09,36.151,36.178,36.165,36.097,36.008,35.954,35.899,35.851,35.817,35.797,35.783,35.749,35.701,35.647,35.599,35.489,35.243,35.009,35.002,34.782,34.61,34.52,34.306,34.043,34.043,33.863,33.529,33.285,32.83,32.971,33.306,33.8,33.953,33.835,33.32,32.62,31.363,29.789,28.126,26.645,25.803,25.36,25.165,25.052,24.999,24.938,24.901,24.848,24.765,24.735,24.697,24.629,24.598,24.56,24.56,24.53,24.515,24.492,24.447,24.439,24.386,24.371,24.356,24.318,24.303,24.272,24.242,24.227,24.219,24.211,24.181,24.196,24.128,24.105,24.067,24.082,24.12,24.075,24.082,24.09,24.105,24.105,24.105,24.097,24.082,24.082,24.075,24.09,24.075,24.067,24.059,24.052,24.029,24.029,24.029,24.037,24.037,24.044,24.044,24.037,24.029,24.021,24.006,24.037,24.014,24.006,24.006,23.991,23.976,23.96,23.96,23.968,23.991,23.991,23.968,23.953,23.968,23.968,23.945,23.945,23.922,23.922,23.915,23.915,23.922,23.93,23.945,23.945,23.945,23.93,23.922,23.915,23.899,23.892,23.899,23.899,23.877,23.922,23.915,23.892,23.869,23.869,23.846,23.838,23.846,23.846,23.846,23.869,23.877,23.854,23.892,23.838,23.854,23.846,23.846,23.846,23.846,23.846,23.846,23.838,23.831,23.838,23.831,23.838,23.823,23.838,23.816,23.777,23.8,23.793,23.785,23.8,23.823,23.831,23.8,23.816,23.816,23.838,23.816,23.823,23.823,23.816,23.808,23.793,23.793,23.777,23.77,23.8,23.777,23.755,23.762,23.739,23.732,23.732,23.724,23.755,23.739,23.747,23.739,23.716,23.716,23.686,23.724,23.732,23.732,23.732,23.716,23.724,23.724,23.762,23.716,23.709,23.693,23.678,23.678,23.693,23.693,23.693,23.701,23.716,23.701,23.716,23.709,23.693,23.701,23.716,23.686,23.701,23.701,23.716,23.755,23.739,23.762,23.701,23.663,23.655,23.671,23.663,23.655,23.671,23.671,23.671,23.655,23.609,23.594,23.655,23.648,23.655,23.648,23.64,23.655,23.671,23.678,23.678,23.663,23.671,23.648
,23.579,23.579,23.594,23.594,23.602,23.602,23.609,23.617,23.617,23.632,23.648,23.625,23.632,23.625,23.632,23.648,23.648,23.64,23.663,23.678,23.678,23.686,23.678,23.671,23.663,23.671,23.655,23.686,23.693,23.701,23.693,23.693,23.709,23.693,23.663,23.678,23.663,23.663,23.663,23.671,23.678,23.701,23.724,23.739,23.747,23.755,23.724,23.739,23.739,23.739,23.755,23.747,23.755,23.755,23.755,23.762,23.785,23.8,23.8,23.777,23.777,23.777,23.793,23.777,23.777,23.8,23.793,23.793,23.793,23.793,23.785,23.793,23.77,23.8,23.831,23.823,23.846,23.846,23.831,23.846,23.854,23.861,23.854,23.877,23.877,23.869,23.884,23.892,23.854,23.899,23.884,23.884,23.877,23.877,23.861,23.861,23.861,23.877,23.877,23.884,23.877,23.899,23.892,23.884,23.877,23.892,23.899,23.915,23.922,23.922,23.899,23.938,23.945,23.938,23.968,23.976,23.968,23.983,23.991,23.998,23.983,24.006,24.014,24.021,24.021,24.006,24.021,24.021,24.021,24.029,24.029,24.037,24.044,24.037,24.029,24.037,24.029,24.044,24.052,24.052,24.075,24.09,24.059,24.082,24.09,24.09,24.09,24.082,24.09,24.105,24.12,24.105,24.097,24.082,24.067,24.082,24.09,24.113,24.113,24.12,24.105,24.105,24.113,24.128,24.128,24.143,24.158,24.151,24.143,24.143,24.151,24.143,24.143,24.151,24.143,24.151,24.158,24.181,24.173,24.181,24.173,24.166,24.158,24.173,24.173,24.181,24.204,24.196,24.204,24.196,24.196,24.211,24.234,24.227,24.227,24.242,24.234,24.249,24.272,24.272,24.287,24.287,24.287,24.295,24.318,24.341,24.348,24.363,24.371,24.379,24.394,24.401,24.409,24.424,24.439,24.454,24.477,24.515,24.53,24.545,24.56,24.568,24.606,24.598,24.636,24.651,24.674,24.682,24.697,24.697,24.704,24.712,24.727,24.757,24.78,24.81,24.833,24.886,24.886,24.954,25.006,25.074,25.112,25.277,25.668,25.989,26.459,26.823,27.443,27.914,28.265,28.841,29.059,29.508,30.077,30.529,30.958,31.626,32.099,32.802,33.39,32.865,32.05,33.117,33.529,33.578,33.738,34.209,34.306,34.341,34.617,34.796,34.824,34.941,35.133,35.27,35.393,35.462,35.482,35.455,35.51,35.537,35.592,35.729,35.79,35.858,35.851,35.865,35.851,35.817,35.81,35.735,35.667,35.619,35.599,35.606,35.633,35.66,35.79,35.845,35.906,36.056,36.199,36.341,36.45,36.477,36.552,36.579,36.606,36.674,36.728,36.816,36.829,36.856,36.856,36.863,36.816,36.809,36.762,36.748,36.762,36.708,36.721,36.714,36.64,36.66,36.579,36.484,36.416,36.348,36.355,36.335,36.572,36.491,36.599,36.579,36.538,36.552,36.518,36.328,36.287,36.253,36.233,36.253,36.246,36.26,36.165,36.151,36.138,36.199,36.24,36.274,36.362,36.348,36.369,36.335,36.294,36.369,36.396,36.552,36.504,36.647,36.586,36.694,36.755,36.91,36.904,36.863,36.823,36.708,36.464,36.403,36.328,36.335,36.274,36.172,36.138,36.076,36.042,36.029,36.029,36.042,36.076,36.185,36.165,36.185,36.124,36.035,35.913,35.906,35.838,35.79,35.756,35.749,35.715,35.653,35.64,35.565,35.387,35.215,35.154,34.858,34.769,34.562,34.493,34.382,34.209,33.946,33.877,33.494,33.431,32.907,33.152,33.571,34.008,34.071,34.085,33.55,32.872,31.413,29.89,28.09,26.526,25.825,25.353,25.187,25.067,25.029,24.923,24.886,24.848,24.818,24.772,24.697,24.644,24.621,24.606,24.56,24.545,24.53,24.492,24.454,24.439,24.394,24.386,24.363,24.341,24.31,24.272,24.257,24.234,24.219,24.204,24.204,24.189,24.151,24.143,24.09,24.067,24.082,24.09,24.097,24.105,24.113,24.097,24.09,24.097,24.082,24.082,24.067,24.067,24.075,24.075,24.067,24.059,24.044,24.029,24.037,24.029,24.037,24.044,24.029,24.029,24.021,24.006,24.014,24.014,24.014,24.014,23.998,23.983,23.976,23.96,23.968,23.983,23.991,23.976,23.991,23.96,23.968,23.953,23.938,23.945,23.945,23.93,23.915,23.915,23.93,23.93,23.945,23.945,23.945,23.93,23.922,23.907,23.892,23.892,23.907,23.907,23.915,23.938,23.938,23.922,23.899,23.854,23.846,23.854,23.831,23.838,23.854,23.854,23.854,23.854,23.846,23.854,23.838,23.846,23.854,23.846,23.846,23.861,23.854,23.854,23.831,23.816,23.838,23.831,23.8,23.808,23.816,23.808,23.724,23.8,23.8,23.8,23.808,23.808,23.808,23.808,23.816,23.823,23.831,23.808,23.785,23.777,23.816,23.77,23.762,23.808,23.785,23.8,23.762,23.77,23.747,23.739,23.747,23.762,23.785,23.724,23.747,23.747,23.716,23.716,23.724,23.709,23.724,23.732,23.732,23.724,23.709,23.732,23.724,23.732,23.709,23.716,23.686,23.655,23.693,23.701,23.693,23.701,23.709,23.701,23.709,23.724,23.716,23.693,23.686,23.701,23.678,23.701,23.709,23.701,23.732,23.755,23.732,23.678,23.678,23.617,23.663,23.671,23.678,23.678,23.671,23.663,23.671,23.663,23.64,23.686,23.64,23.663,23.632,23.648,23.678,23.671,23.678,23.693,23.678,23.671,23.64
,23.571,23.579,23.586,23.594,23.609,23.625,23.602,23.617,23.625,23.64,23.648,23.655,23.632,23.625,23.625,23.663,23.617,23.64,23.678,23.671,23.671,23.678,23.678,23.678,23.686,23.678,23.678,23.693,23.709,23.709,23.693,23.693,23.693,23.671,23.678,23.663,23.663,23.671,23.655,23.663,23.671,23.709,23.709,23.732,23.739,23.739,23.739,23.747,23.716,23.747,23.755,23.732,23.732,23.739,23.747,23.785,23.724,23.762,23.739,23.785,23.777,23.77,23.793,23.8,23.785,23.785,23.8,23.777,23.785,23.785,23.785,23.777,23.8,23.823,23.823,23.823,23.846,23.823,23.854,23.846,23.854,23.846,23.854,23.869,23.877,23.877,23.892,23.884,23.884,23.861,23.861,23.877,23.877,23.861,23.869,23.861,23.861,23.861,23.877,23.884,23.877,23.907,23.869,23.892,23.915,23.899,23.899,23.915,23.922,23.915,23.915,23.907,23.922,23.922,23.945,23.968,23.953,23.998,23.991,23.991,23.998,23.983,23.998,23.976,23.968,24.021,24.014,24.021,24.014,24.021,24.029,24.037,24.044,24.037,24.044,24.029,24.029,24.014,24.021,24.052,24.067,24.059,24.059,24.075,24.075,24.082,24.082,24.082,24.097,24.105,24.105,24.105,24.09,24.067,24.067,24.059,24.082,24.097,24.113,24.12,24.105,24.097,24.113,24.113,24.135,24.151,24.151,24.158,24.158,24.151,24.151,24.143,24.151,24.158,24.158,24.166,24.158,24.173,24.173,24.166,24.181,24.173,24.173,24.181,24.181,24.196,24.211,24.219,24.196,24.204,24.211,24.219,24.234,24.242,24.242,24.242,24.242,24.249,24.265,24.265,24.272,24.287,24.287,24.295,24.31,24.325,24.348,24.356,24.363,24.379,24.394,24.401,24.416,24.416,24.439,24.447,24.477,24.507,24.53,24.568,24.583,24.598,24.606,24.636,24.636,24.674,24.689,24.697,24.704,24.704,24.712,24.735,24.727,24.75,24.78,24.81,24.871,24.878,24.931,24.984,25.029,25.089,25.187,25.338,25.705,26.28,26.637,27.089,27.708,28.163,28.324,28.928,29.421,29.724,30.091,30.736,31.2,31.859,32.304,33.341,33.606,33.362,32.261,33.054,33.557,33.682,34.036,34.272,34.279,34.361,34.431,34.638,34.789,34.913,35.154,35.25,35.38,35.387,35.393,35.414,35.435,35.441,35.517,35.694,35.783,35.824,35.845,35.851,35.851,35.81,35.77,35.742,35.701,35.674,35.647,35.606,35.633,35.681,35.729,35.872,35.94,36.09,36.172,36.389,36.396,36.47,36.545,36.606,36.626,36.667,36.769,36.85,36.91,36.91,36.89,36.823,36.789,36.721,36.728,36.667,36.674,36.681,36.647,36.647,36.626,36.592,36.491,36.335,36.274,36.321,36.287,36.314,36.28,36.26,36.348,36.348,36.382,36.24,36.321,36.226,36.09,36.049,36.015,36.151,35.94,35.974,36.022,36.001,35.96,36.11,36.09,36.069,36.212,36.158,36.267,36.206,36.24,36.212,36.233,36.274,36.375,36.43,36.443,36.403,36.477,36.626,36.681,36.687,36.599,36.613,36.491,36.423,36.369,36.335,36.314,36.206,36.124,36.104,36.042,36.035,36.035,36.049,36.11,36.226,36.226,36.199,36.158,36.063,35.92,35.872,35.817,35.756,35.742,35.701,35.688,35.64,35.571,35.551,35.339,35.167,34.968,34.865,34.748,34.638,34.417,34.272,34.209,34.071,33.703,33.473,33.438,33.075,33.103,33.772,34.562,34.527,34.119,33.807,33.452,32,29.955,28.009,26.422,25.803,25.36,25.187,25.044,24.991,24.938,24.901,24.848,24.772,24.742,24.689,24.666,24.621,24.591,24.576,24.538,24.545,24.523,24.447,24.454,24.409,24.394,24.371,24.348,24.333,24.31,24.265,24.234,24.219,24.204,24.196,24.173,24.135,24.151,24.09,24.067,24.082,24.067,24.097,24.097,24.105,24.105,24.082,24.067,24.075,24.075,24.059,24.075,24.09,24.09,24.075,24.067,24.059,24.044,24.029,24.029,24.044,24.044,24.037,24.029,24.021,24.021,24.021,24.014,24.021,24.006,23.998,23.968,23.968,23.968,23.976,23.991,23.983,23.983,23.983,23.953,23.976,23.968,23.96,23.953,23.968,23.968,23.915,23.922,23.922,23.938,23.953,23.953,23.953,23.96,23.922,23.907,23.877,23.892,23.899,23.93,23.899,23.953,23.953,23.915,23.907,23.877,23.854,23.846,23.846,23.838,23.846,23.861,23.861,23.846,23.846,23.831,23.831,23.831,23.838,23.838,23.854,23.846,23.838,23.846,23.838,23.838,23.823,23.846,23.831,23.838,23.816,23.831,23.808,23.808,23.808,23.793,23.8,23.808,23.808,23.816,23.793,23.8,23.823,23.823,23.823,23.816,23.816,23.77,23.8,23.793,23.8,23.793,23.77,23.755,23.739,23.732,23.732,23.724,23.732,23.755,23.716,23.739,23.724,23.724,23.739,23.732,23.747,23.724,23.739,23.724,23.732,23.716,23.693,23.716,23.709,23.716,23.716,23.693,23.693,23.701,23.709,23.709,23.709,23.724,23.693,23.701,23.686,23.686,23.678,23.678,23.678,23.678,23.701,23.693,23.724,23.724,23.709,23.678,23.655,23.655,23.663,23.686,23.663,23.648,23.671,23.632,23.671,23.678,23.663,23.671,23.678,23.648,23.648,23.64,23.671,23.693,23.693,23.701,23.686,23.678,23.671
,23.579,23.586,23.586,23.609,23.625,23.625,23.625,23.617,23.609,23.617,23.632,23.655,23.64,23.64,23.617,23.655,23.64,23.678,23.678,23.655,23.678,23.671,23.671,23.671,23.663,23.678,23.686,23.709,23.709,23.716,23.693,23.686,23.686,23.671,23.678,23.663,23.663,23.655,23.663,23.678,23.663,23.686,23.724,23.732,23.747,23.747,23.739,23.739,23.724,23.724,23.732,23.724,23.747,23.755,23.777,23.732,23.785,23.762,23.762,23.785,23.762,23.777,23.785,23.793,23.793,23.8,23.793,23.785,23.785,23.77,23.777,23.793,23.793,23.823,23.831,23.838,23.838,23.846,23.846,23.846,23.854,23.854,23.854,23.854,23.877,23.861,23.877,23.892,23.892,23.877,23.861,23.861,23.854,23.854,23.869,23.854,23.861,23.869,23.869,23.884,23.892,23.907,23.877,23.884,23.877,23.884,23.922,23.915,23.907,23.915,23.899,23.907,23.922,23.93,23.953,23.968,23.968,23.968,23.998,23.983,23.991,24.006,23.983,23.991,23.991,24.021,23.998,24.014,24.006,24.021,24.021,24.029,24.044,24.037,24.044,24.037,24.021,24.037,24.014,24.044,24.075,24.075,24.067,24.067,24.059,24.059,24.09,24.067,24.097,24.105,24.128,24.12,24.09,24.075,24.059,24.075,24.113,24.12,24.128,24.113,24.12,24.097,24.113,24.128,24.143,24.151,24.151,24.151,24.158,24.151,24.151,24.158,24.158,24.166,24.166,24.173,24.189,24.166,24.166,24.166,24.181,24.189,24.189,24.204,24.196,24.204,24.204,24.211,24.219,24.204,24.219,24.227,24.234,24.242,24.234,24.242,24.242,24.249,24.257,24.272,24.272,24.272,24.287,24.287,24.303,24.318,24.341,24.371,24.371,24.379,24.394,24.409,24.401,24.409,24.439,24.462,24.492,24.523,24.545,24.568,24.583,24.598,24.613,24.636,24.644,24.689,24.697,24.697,24.719,24.712,24.704,24.727,24.742,24.795,24.81,24.84,24.878,24.901,24.923,24.984,25.021,25.112,25.232,25.495,25.907,26.347,26.845,27.451,27.826,28.309,28.739,29.298,29.53,29.94,30.593,30.865,31.512,31.937,32.423,32.921,33.661,33.564,32.437,32.964,33.606,33.654,33.953,34.237,34.32,34.368,34.52,34.617,34.844,34.899,35.133,35.208,35.291,35.318,35.366,35.339,35.387,35.407,35.482,35.647,35.756,35.797,35.831,35.851,35.831,35.831,35.804,35.749,35.715,35.694,35.688,35.667,35.681,35.776,35.749,35.926,36.056,36.076,36.28,36.369,36.436,36.491,36.552,36.586,36.592,36.667,36.762,36.762,36.863,36.863,36.802,36.796,36.701,36.586,36.64,36.613,36.572,36.606,36.592,36.572,36.464,36.423,36.389,36.28,36.274,36.24,36.24,36.192,36.246,36.158,36.138,36.165,36.138,36.022,35.96,35.967,36.001,35.954,35.94,36.001,35.886,35.817,35.824,35.858,35.865,35.954,35.981,35.988,35.995,36.015,35.981,36.11,36.063,36.144,36.165,36.144,36.151,36.178,36.219,36.335,36.267,36.294,36.328,36.355,36.457,36.464,36.396,36.409,36.369,36.362,36.287,36.226,36.151,36.09,36.049,36.015,36.042,36.069,36.131,36.199,36.233,36.24,36.212,36.083,36.022,35.926,35.804,35.763,35.729,35.688,35.674,35.592,35.571,35.53,35.339,35.236,35.044,34.865,34.713,34.534,34.424,34.368,34.279,34.105,33.717,33.543,33.599,33.39,33.383,34.209,34.941,34.727,34.645,34.029,33.619,32.142,29.984,27.87,26.407,26.034,25.413,25.202,25.052,25.014,24.954,24.923,24.825,24.833,24.772,24.697,24.659,24.629,24.613,24.583,24.553,24.56,24.507,24.47,24.454,24.424,24.401,24.386,24.356,24.333,24.303,24.265,24.234,24.219,24.196,24.189,24.173,24.166,24.097,24.082,24.09,24.097,24.097,24.105,24.105,24.105,24.113,24.097,24.097,24.075,24.067,24.082,24.082,24.09,24.082,24.075,24.067,24.059,24.037,24.037,24.029,24.029,24.037,24.037,24.029,24.029,24.037,24.014,24.014,23.998,23.998,23.976,23.968,23.976,23.968,23.983,23.983,23.976,23.991,23.991,23.991,23.983,23.976,23.968,23.976,23.953,23.96,23.945,23.922,23.922,23.93,23.953,23.968,23.953,23.945,23.922,23.899,23.899,23.899,23.899,23.877,23.938,23.945,23.945,23.907,23.945,23.884,23.869,23.854,23.854,23.869,23.846,23.861,23.877,23.846,23.831,23.831,23.838,23.846,23.846,23.846,23.831,23.831,23.854,23.838,23.838,23.823,23.831,23.831,23.846,23.846,23.838,23.831,23.838,23.816,23.808,23.793,23.793,23.8,23.8,23.808,23.793,23.823,23.8,23.808,23.762,23.808,23.777,23.808,23.816,23.816,23.808,23.808,23.777,23.785,23.755,23.747,23.747,23.755,23.755,23.732,23.739,23.701,23.732,23.732,23.739,23.747,23.755,23.755,23.747,23.724,23.724,23.701,23.716,23.701,23.709,23.724,23.732,23.747,23.732,23.716,23.724,23.716,23.716,23.716,23.709,23.693,23.686,23.663,23.693,23.671,23.678,23.678,23.693,23.709,23.732,23.755,23.686,23.701,23.693,23.663,23.663,23.663,23.663,23.64,23.655,23.655,23.655,23.663,23.663,23.625,23.632,23.632,23.671,23.671,23.678,23.686,23.709,23.701,23.678,23.678,23.686
,23.556,23.594,23.586,23.609,23.625,23.625,23.625,23.617,23.609,23.602,23.609,23.625,23.655,23.625,23.625,23.632,23.648,23.655,23.655,23.655,23.663,23.655,23.663,23.655,23.663,23.671,23.648,23.701,23.716,23.701,23.686,23.678,23.678,23.671,23.678,23.671,23.655,23.663,23.678,23.678,23.686,23.716,23.709,23.724,23.747,23.747,23.747,23.739,23.724,23.732,23.716,23.747,23.724,23.77,23.777,23.747,23.762,23.762,23.762,23.777,23.755,23.77,23.793,23.8,23.808,23.8,23.8,23.793,23.777,23.77,23.785,23.793,23.808,23.816,23.846,23.861,23.869,23.861,23.846,23.869,23.846,23.861,23.869,23.877,23.861,23.877,23.869,23.877,23.869,23.877,23.854,23.861,23.846,23.854,23.854,23.854,23.869,23.861,23.869,23.892,23.877,23.892,23.899,23.899,23.884,23.884,23.899,23.899,23.907,23.892,23.892,23.899,23.922,23.922,23.938,23.945,23.968,23.976,23.983,23.976,23.983,23.968,23.991,23.96,23.983,23.991,23.976,24.021,23.998,23.983,24.021,24.029,24.037,24.052,24.052,24.037,24.029,24.037,24.037,24.044,24.059,24.059,24.067,24.059,24.052,24.052,24.075,24.082,24.097,24.128,24.143,24.105,24.09,24.082,24.09,24.09,24.09,24.105,24.128,24.113,24.113,24.105,24.113,24.135,24.128,24.151,24.151,24.158,24.128,24.143,24.151,24.158,24.158,24.173,24.181,24.173,24.173,24.173,24.181,24.181,24.189,24.196,24.204,24.189,24.181,24.189,24.204,24.227,24.196,24.204,24.234,24.234,24.242,24.249,24.249,24.249,24.242,24.249,24.265,24.265,24.265,24.295,24.287,24.287,24.303,24.31,24.348,24.356,24.379,24.394,24.386,24.379,24.401,24.416,24.447,24.477,24.507,24.523,24.545,24.568,24.591,24.598,24.621,24.644,24.651,24.697,24.712,24.719,24.712,24.727,24.727,24.765,24.765,24.795,24.825,24.84,24.886,24.901,24.946,25.044,25.089,25.119,25.27,25.518,26.109,26.726,27.215,27.701,28.214,28.601,29.233,29.399,29.976,30.5,30.679,31.228,31.923,32.24,32.802,33.418,33.793,34.05,32.851,32.886,33.508,33.745,33.995,34.285,34.341,34.375,34.465,34.707,34.72,34.865,34.892,35.147,35.154,35.243,35.256,35.291,35.332,35.352,35.407,35.626,35.701,35.783,35.79,35.804,35.824,35.845,35.804,35.776,35.735,35.729,35.722,35.708,35.749,35.742,35.838,35.913,36.001,36.076,36.219,36.362,36.416,36.491,36.518,36.559,36.552,36.579,36.586,36.66,36.511,36.687,36.647,36.586,36.538,36.518,36.47,36.443,36.464,36.382,36.457,36.423,36.355,36.369,36.362,36.26,36.233,36.178,36.076,36.083,36.124,36.063,36.008,36.035,36.022,35.858,35.845,35.817,35.797,35.845,35.838,35.81,35.804,35.79,35.824,35.667,35.756,35.783,35.708,35.783,35.892,35.851,35.872,35.92,35.974,35.94,36.029,36.063,36.097,36.015,36.138,36.124,36.09,36.144,36.199,36.226,36.253,36.307,36.355,36.341,36.355,36.307,36.287,36.219,36.199,36.097,36.063,36.042,36.042,36.049,36.165,36.226,36.212,36.219,36.172,36.076,35.995,35.858,35.79,35.729,35.667,35.66,35.585,35.53,35.455,35.462,35.339,35.311,35.16,34.92,34.741,34.61,34.417,34.389,34.327,34.23,33.849,33.633,33.606,33.543,33.613,34.686,35.085,35.016,34.762,34.265,33.988,32.893,30.127,27.774,26.333,25.915,25.383,25.247,25.082,25.014,24.923,24.908,24.81,24.84,24.795,24.742,24.697,24.651,24.629,24.591,24.568,24.53,24.523,24.462,24.447,24.439,24.409,24.394,24.363,24.341,24.325,24.28,24.242,24.227,24.211,24.196,24.196,24.173,24.135,24.105,24.09,24.097,24.09,24.09,24.113,24.12,24.097,24.113,24.097,24.09,24.082,24.082,24.09,24.082,24.075,24.082,24.075,24.052,24.052,24.029,24.037,24.021,24.029,24.029,24.037,24.052,24.029,24.029,24.021,23.991,23.983,23.976,23.976,23.968,23.983,23.968,23.968,23.983,23.991,23.998,23.998,23.983,23.968,23.998,23.968,23.96,23.96,23.938,23.945,23.945,23.96,23.968,23.968,23.983,23.968,23.938,23.922,23.915,23.922,23.93,23.922,23.938,23.953,23.953,23.922,23.938,23.907,23.884,23.869,23.854,23.838,23.854,23.854,23.861,23.831,23.831,23.838,23.831,23.831,23.854,23.831,23.816,23.846,23.831,23.823,23.823,23.831,23.831,23.838,23.838,23.838,23.838,23.838,23.831,23.816,23.8,23.793,23.793,23.793,23.793,23.8,23.808,23.793,23.808,23.816,23.823,23.8,23.793,23.8,23.777,23.808,23.808,23.808,23.8,23.777,23.777,23.747,23.747,23.755,23.739,23.739,23.732,23.724,23.739,23.739,23.747,23.747,23.762,23.747,23.739,23.739,23.709,23.693,23.701,23.709,23.709,23.716,23.724,23.716,23.755,23.739,23.716,23.709,23.716,23.686,23.716,23.678,23.663,23.701,23.663,23.671,23.678,23.671,23.671,23.686,23.709,23.732,23.701,23.693,23.671,23.64,23.655,23.64,23.701,23.663,23.648,23.64,23.648,23.648,23.648,23.64,23.655,23.64,23.678,23.678,23.716,23.724,23.686,23.686,23.693,23.686,23.716
,23.533,23.594,23.609,23.625,23.64,23.632,23.625,23.617,23.609,23.602,23.625,23.594,23.617,23.64,23.64,23.625,23.64,23.648,23.663,23.655,23.64,23.663,23.663,23.655,23.663,23.686,23.701,23.724,23.709,23.686,23.678,23.686,23.686,23.671,23.671,23.671,23.663,23.663,23.663,23.663,23.671,23.686,23.701,23.724,23.747,23.747,23.747,23.732,23.724,23.709,23.716,23.732,23.747,23.77,23.755,23.732,23.762,23.762,23.747,23.77,23.785,23.785,23.785,23.793,23.8,23.8,23.8,23.793,23.785,23.777,23.8,23.785,23.793,23.823,23.838,23.854,23.846,23.854,23.808,23.846,23.854,23.838,23.846,23.854,23.846,23.877,23.877,23.861,23.869,23.861,23.838,23.831,23.838,23.838,23.838,23.854,23.854,23.877,23.877,23.899,23.892,23.892,23.892,23.899,23.884,23.899,23.899,23.899,23.899,23.899,23.899,23.899,23.915,23.922,23.938,23.945,23.953,23.968,23.976,23.968,23.968,23.983,23.968,23.976,23.976,23.991,24.006,23.991,23.998,24.014,24.014,24.029,24.044,24.044,24.044,24.037,24.037,24.037,24.044,24.029,24.044,24.052,24.052,24.059,24.052,24.052,24.052,24.09,24.105,24.12,24.128,24.105,24.105,24.105,24.09,24.075,24.097,24.12,24.12,24.113,24.12,24.128,24.12,24.12,24.12,24.143,24.151,24.166,24.173,24.158,24.166,24.151,24.166,24.173,24.181,24.181,24.173,24.173,24.166,24.181,24.189,24.196,24.196,24.204,24.196,24.211,24.219,24.196,24.204,24.234,24.234,24.249,24.249,24.257,24.242,24.242,24.242,24.234,24.249,24.265,24.28,24.295,24.295,24.303,24.325,24.31,24.348,24.341,24.371,24.371,24.386,24.394,24.409,24.416,24.462,24.485,24.492,24.523,24.538,24.568,24.583,24.591,24.613,24.629,24.659,24.682,24.704,24.735,24.727,24.742,24.75,24.757,24.795,24.825,24.84,24.863,24.901,24.923,24.969,25.044,25.119,25.255,25.308,25.683,26.474,26.912,27.613,28.265,28.564,29.182,29.342,29.991,30.386,30.915,31.384,31.894,32.156,32.641,33.278,33.752,34.244,34.361,33.166,32.936,33.578,34.043,34.216,34.299,34.382,34.451,34.541,34.665,34.789,34.844,35.016,35.023,35.195,35.16,35.202,35.256,35.27,35.346,35.339,35.373,35.489,35.667,35.756,35.735,35.749,35.817,35.77,35.749,35.756,35.749,35.749,35.749,35.756,35.783,35.804,35.858,35.96,36.185,36.199,36.355,36.45,36.477,36.498,36.525,36.552,36.498,36.498,36.443,36.403,36.416,36.314,36.253,36.226,36.287,36.328,36.294,36.287,36.26,36.233,36.307,36.24,36.178,36.172,36.158,36.11,36.117,36.049,36.042,36.008,35.967,35.96,35.926,35.872,35.872,35.81,35.749,35.763,35.729,35.708,35.674,35.585,35.585,35.592,35.571,35.619,35.606,35.694,35.66,35.66,35.77,35.79,35.851,35.858,35.906,36.008,36.008,36.035,36.029,36.029,36.022,36.022,36.049,36.117,36.042,36.138,36.246,36.253,36.294,36.301,36.28,36.267,36.219,36.185,36.09,36.069,36.049,36.035,36.076,36.138,36.185,36.206,36.212,36.138,36.056,35.974,35.879,35.735,35.722,35.681,35.606,35.544,35.496,35.38,35.441,35.291,35.243,35.092,35.002,34.858,34.631,34.479,34.375,34.251,34.14,33.835,33.661,33.654,33.633,33.786,35.181,35.352,35.311,35.078,34.713,33.988,33.355,30.608,27.818,26.355,25.84,25.488,25.255,25.059,25.067,24.961,24.916,24.84,24.855,24.757,24.735,24.697,24.659,24.636,24.606,24.568,24.545,24.5,24.492,24.47,24.416,24.409,24.379,24.363,24.341,24.31,24.287,24.242,24.234,24.211,24.189,24.173,24.151,24.12,24.105,24.128,24.105,24.105,24.097,24.097,24.097,24.097,24.105,24.09,24.09,24.082,24.097,24.082,24.082,24.075,24.067,24.067,24.067,24.044,24.037,24.006,24.014,24.029,24.044,24.037,24.037,24.044,24.021,24.014,23.991,23.983,23.983,23.976,23.976,23.976,23.96,23.991,23.991,23.991,24.006,23.998,24.006,24.006,23.998,23.991,23.983,23.96,23.96,23.945,23.953,23.945,23.953,24.006,23.953,23.93,23.93,23.922,23.922,23.884,23.899,23.93,23.907,23.938,23.938,23.93,23.907,23.907,23.877,23.869,23.861,23.869,23.854,23.831,23.846,23.854,23.838,23.846,23.831,23.854,23.831,23.838,23.823,23.823,23.823,23.823,23.831,23.823,23.816,23.823,23.823,23.846,23.831,23.831,23.808,23.8,23.8,23.777,23.777,23.755,23.793,23.808,23.808,23.8,23.823,23.793,23.793,23.777,23.8,23.793,23.793,23.808,23.808,23.808,23.808,23.8,23.793,23.762,23.747,23.747,23.732,23.739,23.724,23.709,23.732,23.732,23.755,23.747,23.755,23.762,23.747,23.716,23.724,23.701,23.701,23.701,23.724,23.747,23.739,23.747,23.716,23.739,23.732,23.724,23.732,23.701,23.701,23.686,23.663,23.663,23.671,23.671,23.678,23.678,23.724,23.686,23.732,23.724,23.709,23.686,23.655,23.648,23.678,23.64,23.671,23.655,23.663,23.625,23.648,23.632,23.663,23.655,23.648,23.693,23.686,23.686,23.693,23.693,23.671,23.693,23.701,23.701,23.663
,23.533,23.602,23.617,23.632,23.632,23.632,23.617,23.602,23.594,23.586,23.617,23.609,23.617,23.64,23.64,23.617,23.632,23.648,23.648,23.655,23.655,23.663,23.663,23.671,23.671,23.671,23.686,23.655,23.739,23.686,23.655,23.671,23.671,23.678,23.663,23.663,23.671,23.671,23.671,23.671,23.693,23.693,23.716,23.716,23.724,23.739,23.732,23.732,23.724,23.709,23.724,23.724,23.77,23.747,23.785,23.732,23.793,23.777,23.77,23.777,23.777,23.785,23.793,23.793,23.8,23.793,23.8,23.793,23.808,23.777,23.793,23.793,23.823,23.823,23.838,23.838,23.854,23.838,23.854,23.838,23.846,23.846,23.854,23.854,23.869,23.869,23.861,23.884,23.869,23.854,23.838,23.846,23.846,23.831,23.854,23.869,23.861,23.877,23.884,23.869,23.892,23.899,23.892,23.884,23.884,23.899,23.899,23.899,23.884,23.899,23.892,23.899,23.907,23.922,23.938,23.953,23.96,23.968,23.976,23.968,23.983,23.991,23.983,24.014,24.014,23.968,23.983,23.991,24.006,24.021,24.029,24.037,24.037,24.052,24.037,24.044,24.052,24.037,24.044,24.037,24.037,24.052,24.059,24.082,24.059,24.097,24.09,24.082,24.12,24.12,24.113,24.12,24.12,24.113,24.105,24.113,24.09,24.097,24.097,24.105,24.12,24.12,24.113,24.128,24.128,24.143,24.166,24.158,24.173,24.166,24.166,24.158,24.166,24.166,24.158,24.173,24.166,24.166,24.173,24.173,24.189,24.189,24.204,24.196,24.196,24.196,24.211,24.242,24.227,24.249,24.249,24.257,24.265,24.257,24.249,24.242,24.242,24.227,24.249,24.272,24.295,24.295,24.303,24.318,24.31,24.318,24.333,24.356,24.363,24.371,24.386,24.401,24.409,24.432,24.447,24.462,24.492,24.515,24.538,24.56,24.568,24.583,24.598,24.629,24.651,24.689,24.704,24.735,24.742,24.742,24.757,24.795,24.825,24.848,24.855,24.886,24.908,24.938,24.984,25.052,25.149,25.262,25.383,26.049,26.734,27.539,28.185,28.564,29.378,29.84,30.393,30.943,30.993,31.491,31.923,32.311,32.669,33.04,33.654,33.96,34.348,34.41,33.355,32.914,33.529,34.008,34.258,34.341,34.465,34.396,34.5,34.645,34.789,34.913,34.996,35.057,35.154,35.099,35.126,35.208,35.243,35.256,35.304,35.359,35.428,35.551,35.633,35.681,35.708,35.749,35.735,35.749,35.77,35.77,35.776,35.763,35.804,35.804,35.838,35.954,36.029,36.138,36.301,36.362,36.423,36.491,36.477,36.484,36.525,36.457,36.416,36.355,36.294,36.28,36.192,36.138,36.158,36.138,36.138,36.172,36.172,36.144,36.144,36.097,36.056,36.042,36.029,35.988,35.974,35.954,35.913,35.94,35.933,35.926,35.906,35.845,35.824,35.79,35.77,35.701,35.667,35.64,35.619,35.606,35.585,35.544,35.544,35.544,35.524,35.558,35.565,35.612,35.585,35.688,35.79,35.845,35.858,35.899,35.947,35.96,35.988,35.974,36.001,35.981,35.967,36.001,36.022,36.076,36.11,36.178,36.212,36.24,36.24,36.24,36.226,36.192,36.144,36.076,36.049,36.049,36.042,36.076,36.158,36.172,36.185,36.165,36.131,35.926,35.858,35.79,35.776,35.681,35.653,35.571,35.544,35.448,35.414,35.4,35.346,35.229,35.147,34.975,34.879,34.582,34.534,34.403,34.389,34.085,33.724,33.717,33.689,33.703,34.451,35.291,35.469,35.476,35.174,34.638,34.292,33.571,31.59,28.243,26.912,26.004,25.54,25.277,25.165,24.991,25.006,24.893,24.848,24.84,24.765,24.727,24.712,24.674,24.644,24.606,24.576,24.553,24.523,24.485,24.462,24.432,24.409,24.379,24.394,24.348,24.318,24.28,24.257,24.242,24.227,24.211,24.211,24.189,24.128,24.12,24.097,24.097,24.097,24.097,24.09,24.097,24.105,24.097,24.09,24.082,24.09,24.067,24.075,24.082,24.067,24.059,24.067,24.044,24.037,24.029,24.006,24.006,23.998,24.029,24.037,24.037,24.037,24.037,24.006,23.991,23.991,23.991,23.991,23.998,23.983,23.976,23.976,23.998,23.983,24.006,24.006,24.006,23.998,23.976,23.991,23.968,23.983,23.96,23.983,23.953,23.968,23.968,23.968,23.938,23.953,23.915,23.915,23.915,23.899,23.915,23.922,23.922,23.922,23.922,23.922,23.922,23.877,23.877,23.861,23.838,23.869,23.831,23.838,23.854,23.861,23.877,23.846,23.861,23.854,23.838,23.838,23.823,23.816,23.831,23.808,23.823,23.823,23.793,23.816,23.831,23.823,23.816,23.808,23.816,23.808,23.785,23.785,23.762,23.747,23.777,23.793,23.816,23.808,23.808,23.777,23.762,23.823,23.785,23.793,23.8,23.8,23.8,23.8,23.808,23.785,23.785,23.777,23.762,23.755,23.739,23.739,23.724,23.732,23.724,23.716,23.732,23.747,23.739,23.724,23.732,23.716,23.716,23.709,23.716,23.724,23.716,23.716,23.678,23.678,23.732,23.716,23.716,23.716,23.716,23.716,23.686,23.693,23.671,23.671,23.678,23.686,23.678,23.701,23.709,23.732,23.724,23.716,23.701,23.732,23.678,23.648,23.678,23.678,23.648,23.686,23.655,23.663,23.655,23.648,23.64,23.648,23.663,23.686,23.663,23.671,23.678,23.701,23.686,23.686,23.693,23.686,23.678
,23.602,23.602,23.64,23.64,23.632,23.632,23.617,23.609,23.586,23.571,23.617,23.556,23.632,23.64,23.632,23.617,23.632,23.648,23.655,23.678,23.678,23.671,23.678,23.678,23.671,23.671,23.671,23.686,23.747,23.655,23.709,23.693,23.678,23.655,23.648,23.663,23.663,23.678,23.686,23.701,23.678,23.693,23.709,23.716,23.747,23.732,23.724,23.739,23.732,23.716,23.732,23.739,23.755,23.755,23.77,23.793,23.777,23.777,23.762,23.762,23.785,23.777,23.777,23.785,23.785,23.785,23.8,23.785,23.793,23.793,23.793,23.816,23.808,23.823,23.831,23.846,23.846,23.846,23.846,23.846,23.831,23.854,23.831,23.877,23.877,23.869,23.884,23.861,23.861,23.846,23.838,23.831,23.823,23.838,23.869,23.831,23.869,23.892,23.884,23.861,23.899,23.892,23.877,23.892,23.884,23.892,23.892,23.907,23.907,23.907,23.899,23.899,23.907,23.93,23.938,23.953,23.953,23.976,23.976,23.976,23.976,23.983,23.991,23.991,23.991,23.998,24.006,24.014,24.029,23.998,24.044,24.037,24.037,24.044,24.037,24.059,24.044,24.044,24.044,24.037,24.044,24.052,24.052,24.052,24.059,24.067,24.082,24.097,24.12,24.12,24.113,24.113,24.12,24.12,24.113,24.105,24.097,24.097,24.097,24.105,24.113,24.113,24.12,24.12,24.12,24.113,24.151,24.151,24.173,24.166,24.158,24.158,24.158,24.158,24.166,24.166,24.158,24.166,24.181,24.173,24.181,24.189,24.181,24.204,24.196,24.196,24.242,24.242,24.227,24.265,24.272,24.265,24.265,24.272,24.265,24.257,24.234,24.249,24.249,24.28,24.287,24.303,24.318,24.303,24.318,24.379,24.341,24.348,24.379,24.386,24.401,24.409,24.416,24.416,24.447,24.462,24.485,24.507,24.538,24.553,24.545,24.576,24.598,24.621,24.651,24.682,24.712,24.727,24.742,24.757,24.787,24.81,24.825,24.863,24.878,24.901,24.946,24.969,25.044,25.052,25.202,25.36,25.54,26.154,26.926,28.199,29.03,29.659,30.386,30.972,31.178,31.477,31.774,32.191,32.346,32.655,32.971,33.355,33.814,34.223,34.41,34.389,33.376,32.851,33.911,34.202,34.327,34.389,34.382,34.493,34.562,34.741,34.7,34.906,34.941,34.975,35.016,35.071,35.057,35.167,35.202,35.243,35.284,35.304,35.346,35.428,35.551,35.64,35.64,35.688,35.708,35.742,35.756,35.77,35.79,35.79,35.804,35.81,35.886,35.933,36.056,36.138,36.26,36.341,36.43,36.457,36.477,36.491,36.457,36.375,36.328,36.219,36.226,36.212,36.131,36.144,36.131,36.11,36.138,36.117,36.124,36.097,36.076,36.069,36.029,35.967,35.913,35.899,35.92,35.94,35.906,35.899,35.879,35.879,35.845,35.817,35.817,35.77,35.749,35.688,35.647,35.606,35.592,35.585,35.565,35.565,35.565,35.571,35.585,35.571,35.599,35.599,35.667,35.667,35.742,35.763,35.804,35.831,35.926,35.926,35.94,35.933,35.926,35.947,35.947,35.954,36.008,36.029,36.097,36.151,36.138,36.192,36.199,36.212,36.185,36.206,36.11,36.083,36.063,36.056,36.049,36.076,36.083,36.117,36.158,36.117,36.063,35.967,35.865,35.783,35.77,35.715,35.612,35.496,35.448,35.435,35.4,35.387,35.373,35.291,35.188,35.016,34.886,34.631,34.596,34.5,34.396,33.884,33.766,33.759,33.738,33.981,34.707,35.435,35.517,35.517,35.407,35.009,34.348,33.981,32.388,29.037,27.015,25.952,25.593,25.315,25.217,25.044,24.976,24.916,24.886,24.825,24.795,24.75,24.712,24.659,24.636,24.613,24.591,24.568,24.523,24.5,24.47,24.447,24.416,24.371,24.363,24.325,24.31,24.28,24.265,24.242,24.234,24.211,24.196,24.189,24.158,24.135,24.135,24.128,24.113,24.082,24.097,24.082,24.097,24.097,24.082,24.082,24.082,24.075,24.052,24.075,24.067,24.067,24.044,24.052,24.044,24.006,23.991,23.998,23.991,24.021,24.021,24.029,24.037,24.021,24.014,23.998,23.991,23.998,23.976,23.998,23.983,23.968,23.983,23.976,23.983,23.983,23.983,23.991,23.991,23.998,23.998,24.006,23.991,23.976,23.976,23.968,23.976,23.968,23.953,23.953,23.922,23.907,23.899,23.915,23.922,23.938,23.93,23.93,23.915,23.915,23.892,23.892,23.892,23.861,23.838,23.846,23.846,23.816,23.846,23.869,23.846,23.869,23.869,23.846,23.861,23.823,23.831,23.838,23.831,23.816,23.831,23.816,23.816,23.816,23.816,23.816,23.823,23.823,23.808,23.793,23.793,23.793,23.785,23.793,23.793,23.8,23.808,23.793,23.808,23.8,23.816,23.755,23.785,23.816,23.816,23.808,23.8,23.8,23.793,23.785,23.785,23.793,23.755,23.732,23.739,23.724,23.724,23.716,23.716,23.732,23.716,23.724,23.724,23.709,23.724,23.678,23.709,23.709,23.709,23.716,23.716,23.716,23.693,23.724,23.701,23.693,23.724,23.732,23.724,23.716,23.716,23.716,23.701,23.709,23.671,23.655,23.671,23.678,23.709,23.732,23.732,23.709,23.724,23.709,23.709,23.678,23.701,23.663,23.648,23.64,23.709,23.64,23.64,23.678,23.686,23.648,23.671,23.663,23.671,23.686,23.671,23.701,23.678,23.693,23.671,23.686,23.686,23.716
,23.609,23.632,23.625,23.64,23.632,23.632,23.617,23.609,23.602,23.586,23.602,23.625,23.632,23.625,23.648,23.625,23.648,23.648,23.632,23.663,23.693,23.678,23.686,23.686,23.671,23.678,23.678,23.671,23.686,23.655,23.709,23.663,23.648,23.655,23.663,23.655,23.671,23.693,23.686,23.678,23.693,23.686,23.724,23.732,23.716,23.724,23.716,23.732,23.732,23.724,23.724,23.724,23.777,23.777,23.785,23.77,23.777,23.762,23.77,23.762,23.762,23.77,23.777,23.777,23.785,23.8,23.808,23.793,23.793,23.816,23.808,23.808,23.816,23.823,23.831,23.823,23.808,23.838,23.846,23.838,23.831,23.838,23.846,23.869,23.861,23.854,23.892,23.861,23.846,23.877,23.861,23.846,23.854,23.846,23.854,23.877,23.861,23.884,23.877,23.877,23.877,23.884,23.884,23.892,23.892,23.877,23.892,23.892,23.892,23.884,23.892,23.892,23.915,23.922,23.938,23.953,23.96,23.976,23.976,23.983,23.983,24.014,24.006,24.021,24.006,23.998,23.983,24.021,24.021,24.021,24.014,24.006,24.037,24.029,24.044,24.044,24.021,24.052,24.059,24.059,24.052,24.059,24.052,24.059,24.052,24.075,24.09,24.097,24.113,24.113,24.12,24.12,24.128,24.12,24.113,24.105,24.097,24.12,24.097,24.113,24.113,24.113,24.12,24.12,24.128,24.143,24.151,24.166,24.166,24.181,24.166,24.151,24.158,24.151,24.166,24.158,24.173,24.173,24.166,24.173,24.181,24.196,24.189,24.196,24.204,24.196,24.234,24.242,24.257,24.265,24.265,24.28,24.272,24.257,24.234,24.257,24.242,24.234,24.265,24.265,24.28,24.295,24.303,24.31,24.318,24.333,24.356,24.348,24.394,24.401,24.416,24.424,24.439,24.439,24.447,24.462,24.485,24.515,24.53,24.545,24.56,24.576,24.598,24.636,24.666,24.674,24.719,24.742,24.735,24.772,24.81,24.825,24.848,24.863,24.893,24.916,24.946,25.029,25.082,25.202,25.255,25.323,25.645,26.303,27.488,28.754,29.991,30.6,31.391,31.732,31.972,32.156,32.275,32.402,32.479,32.676,33.131,33.348,33.863,34.258,34.389,34.389,33.592,32.872,33.515,34.272,34.306,34.389,34.41,34.507,34.589,34.658,34.748,34.941,34.989,34.975,35.009,35.023,35.064,35.126,35.202,35.215,35.284,35.27,35.352,35.428,35.448,35.51,35.606,35.64,35.701,35.742,35.77,35.79,35.804,35.817,35.845,35.858,35.886,35.94,36.069,36.172,36.28,36.362,36.43,36.423,36.45,36.436,36.396,36.307,36.301,36.226,36.199,36.185,36.138,36.069,36.069,36.11,36.069,36.076,36.083,36.063,36.042,36.035,35.981,35.974,35.906,35.94,35.892,35.892,35.886,35.879,35.899,35.899,35.872,35.872,35.858,35.838,35.763,35.681,35.674,35.619,35.619,35.592,35.599,35.592,35.592,35.585,35.606,35.599,35.612,35.544,35.633,35.688,35.77,35.817,35.817,35.824,35.865,35.906,35.913,35.886,35.892,35.913,35.906,35.933,35.967,36.008,36.076,36.09,36.117,36.104,36.151,36.144,36.124,36.124,36.11,36.097,36.056,36.049,36.029,36.035,36.022,36.069,36.069,36.029,35.94,35.933,35.838,35.804,35.729,35.708,35.633,35.455,35.435,35.407,35.373,35.387,35.359,35.311,35.133,35.071,34.858,34.727,34.589,34.507,34.417,34.105,33.759,33.724,33.724,34.355,34.906,35.571,35.537,35.503,35.476,35.167,34.651,34.175,33.264,29.89,27.023,26.116,25.63,25.338,25.24,25.067,24.984,24.931,24.878,24.84,24.78,24.727,24.704,24.682,24.651,24.613,24.598,24.576,24.523,24.507,24.485,24.462,24.424,24.386,24.363,24.356,24.325,24.28,24.257,24.257,24.219,24.219,24.204,24.189,24.189,24.151,24.113,24.113,24.12,24.09,24.09,24.09,24.09,24.09,24.09,24.082,24.09,24.09,24.067,24.059,24.059,24.052,24.037,24.044,24.029,24.006,23.991,23.998,23.998,24.014,24.014,24.021,24.021,24.014,24.029,23.991,23.991,23.991,23.991,23.998,23.968,23.991,23.968,23.983,23.968,23.976,23.976,23.983,23.983,23.991,23.991,23.998,23.991,23.983,23.976,23.968,23.953,23.96,23.96,23.93,23.953,23.899,23.93,23.907,23.922,23.93,23.938,23.922,23.907,23.899,23.892,23.899,23.869,23.869,23.854,23.861,23.854,23.838,23.861,23.846,23.838,23.869,23.869,23.869,23.869,23.854,23.846,23.838,23.808,23.838,23.823,23.816,23.8,23.777,23.816,23.8,23.8,23.808,23.8,23.793,23.785,23.8,23.8,23.808,23.808,23.816,23.816,23.816,23.8,23.823,23.808,23.793,23.8,23.785,23.808,23.816,23.823,23.793,23.816,23.785,23.8,23.755,23.755,23.755,23.739,23.709,23.709,23.724,23.709,23.709,23.709,23.709,23.716,23.693,23.709,23.693,23.686,23.709,23.716,23.724,23.724,23.709,23.701,23.709,23.701,23.709,23.678,23.701,23.693,23.701,23.724,23.701,23.693,23.693,23.686,23.648,23.686,23.693,23.709,23.716,23.716,23.716,23.709,23.732,23.701,23.693,23.686,23.655,23.663,23.693,23.663,23.739,23.617,23.648,23.655,23.671,23.663,23.671,23.671,23.693,23.693,23.693,23.663,23.632,23.678,23.686,23.671,23.693
,23.632,23.625,23.632,23.625,23.632,23.632,23.617,23.602,23.586,23.609,23.632,23.663,23.678,23.64,23.625,23.64,23.64,23.678,23.671,23.678,23.678,23.701,23.693,23.671,23.663,23.686,23.671,23.671,23.686,23.678,23.686,23.671,23.655,23.64,23.64,23.663,23.663,23.693,23.693,23.701,23.701,23.671,23.732,23.724,23.709,23.716,23.716,23.739,23.732,23.732,23.724,23.747,23.701,23.77,23.755,23.762,23.77,23.762,23.762,23.762,23.762,23.77,23.762,23.793,23.8,23.785,23.785,23.793,23.808,23.793,23.808,23.808,23.816,23.831,23.808,23.816,23.823,23.816,23.831,23.861,23.846,23.854,23.861,23.877,23.884,23.892,23.899,23.884,23.899,23.922,23.861,23.861,23.861,23.854,23.869,23.877,23.877,23.877,23.869,23.861,23.861,23.869,23.877,23.884,23.884,23.869,23.877,23.884,23.884,23.892,23.884,23.892,23.915,23.93,23.938,23.953,23.953,23.976,23.983,23.998,24.014,24.021,24.014,24.021,24.014,23.991,23.983,24.006,24.014,24.021,24.021,24.021,24.029,24.037,24.037,24.037,24.044,24.029,24.052,24.044,24.059,24.067,24.067,24.059,24.075,24.082,24.097,24.082,24.105,24.12,24.128,24.128,24.128,24.12,24.105,24.097,24.09,24.097,24.105,24.105,24.113,24.12,24.12,24.128,24.135,24.173,24.158,24.181,24.158,24.166,24.151,24.166,24.158,24.151,24.151,24.173,24.181,24.173,24.181,24.181,24.181,24.189,24.189,24.204,24.204,24.204,24.227,24.227,24.227,24.257,24.249,24.257,24.287,24.249,24.234,24.265,24.234,24.234,24.249,24.265,24.287,24.295,24.31,24.303,24.31,24.333,24.356,24.371,24.394,24.409,24.424,24.439,24.447,24.454,24.462,24.462,24.47,24.507,24.515,24.538,24.545,24.576,24.598,24.621,24.659,24.697,24.735,24.735,24.75,24.787,24.795,24.825,24.848,24.855,24.908,24.923,24.976,25.014,25.036,25.157,25.225,25.473,25.608,26.593,28.17,29.465,30.615,31.292,31.703,31.824,32.05,32.156,32.318,32.543,32.683,32.83,33.11,33.313,33.904,34.223,34.375,34.361,33.911,32.851,33.445,34.209,34.396,34.431,34.431,34.486,34.507,34.638,34.789,34.927,34.996,34.996,35.009,35.03,35.051,35.085,35.167,35.181,35.229,35.208,35.236,35.311,35.339,35.407,35.51,35.612,35.722,35.742,35.783,35.81,35.831,35.858,35.858,35.886,35.879,35.94,36.056,36.172,36.185,36.348,36.403,36.43,36.382,36.369,36.335,36.28,36.267,36.233,36.151,36.131,36.083,36.097,36.035,36.035,36.042,36.056,36.049,36.042,36.022,35.981,35.947,35.933,35.892,35.892,35.879,35.886,35.892,35.954,35.933,35.967,35.967,35.913,35.94,35.933,35.797,35.735,35.667,35.633,35.633,35.66,35.619,35.633,35.619,35.619,35.681,35.64,35.619,35.66,35.735,35.817,35.797,35.831,35.865,35.824,35.845,35.851,35.838,35.851,35.845,35.858,35.872,35.906,35.947,36.008,36.049,36.063,36.083,36.11,36.069,36.083,36.097,36.083,36.063,36.049,36.035,36.008,36.015,36.008,35.995,35.967,35.988,35.899,35.974,35.804,35.797,35.756,35.756,35.701,35.681,35.524,35.455,35.4,35.38,35.373,35.311,35.332,35.14,34.892,34.837,34.713,34.665,34.52,34.431,34.071,33.821,33.738,33.772,34.548,35.496,35.612,35.571,35.551,35.524,35.16,35.037,34.175,33.292,30.643,27.296,26.116,25.803,25.338,25.202,25.119,25.014,24.931,24.886,24.84,24.81,24.795,24.697,24.674,24.659,24.629,24.591,24.568,24.545,24.523,24.492,24.454,24.401,24.401,24.363,24.318,24.318,24.287,24.265,24.242,24.219,24.204,24.189,24.173,24.143,24.151,24.151,24.128,24.12,24.097,24.097,24.09,24.082,24.09,24.097,24.082,24.097,24.075,24.082,24.052,24.052,24.044,24.044,24.021,24.021,24.014,23.998,24.006,23.991,24.006,24.014,24.014,24.029,24.014,24.006,24.014,24.006,23.983,23.983,23.998,23.968,23.976,23.983,23.976,23.96,23.96,23.976,23.968,23.983,23.983,23.983,23.998,23.976,23.976,23.976,23.96,23.968,23.968,23.953,23.945,23.96,23.907,23.922,23.907,23.93,23.938,23.922,23.915,23.915,23.899,23.899,23.892,23.884,23.854,23.869,23.854,23.846,23.831,23.838,23.854,23.846,23.861,23.861,23.861,23.869,23.854,23.846,23.831,23.838,23.831,23.823,23.823,23.838,23.831,23.831,23.838,23.808,23.831,23.816,23.816,23.808,23.793,23.816,23.816,23.831,23.816,23.816,23.823,23.785,23.785,23.793,23.77,23.808,23.793,23.8,23.823,23.831,23.808,23.777,23.793,23.777,23.755,23.785,23.732,23.739,23.716,23.701,23.709,23.716,23.709,23.716,23.709,23.709,23.709,23.693,23.678,23.716,23.732,23.701,23.732,23.724,23.709,23.693,23.701,23.709,23.686,23.701,23.701,23.686,23.693,23.709,23.724,23.701,23.671,23.671,23.655,23.709,23.686,23.693,23.693,23.747,23.724,23.709,23.709,23.701,23.701,23.686,23.663,23.671,23.671,23.671,23.701,23.632,23.617,23.632,23.648,23.663,23.678,23.686,23.693,23.701,23.686,23.678,23.678,23.655,23.663,23.686,23.663
,23.625,23.617,23.632,23.648,23.648,23.64,23.609,23.609,23.602,23.617,23.632,23.678,23.678,23.663,23.663,23.648,23.663,23.64,23.648,23.678,23.663,23.655,23.678,23.671,23.671,23.663,23.671,23.678,23.686,23.701,23.701,23.671,23.671,23.655,23.648,23.663,23.678,23.693,23.701,23.709,23.686,23.716,23.724,23.716,23.724,23.732,23.739,23.732,23.739,23.755,23.755,23.724,23.747,23.762,23.739,23.747,23.747,23.762,23.762,23.755,23.77,23.77,23.77,23.785,23.8,23.808,23.816,23.816,23.793,23.785,23.8,23.808,23.838,23.838,23.838,23.8,23.816,23.823,23.823,23.861,23.861,23.877,23.869,23.877,23.877,23.892,23.877,23.907,23.892,23.899,23.907,23.892,23.877,23.869,23.877,23.884,23.884,23.877,23.899,23.884,23.877,23.884,23.884,23.877,23.899,23.884,23.899,23.877,23.877,23.899,23.899,23.899,23.93,23.93,23.938,23.945,23.968,23.96,23.998,24.014,24.021,24.021,24.006,24.006,24.021,24.021,24.021,24.014,24.021,24.029,24.021,24.021,24.014,24.029,24.029,24.029,24.029,24.037,24.044,24.052,24.059,24.067,24.067,24.075,24.075,24.097,24.097,24.105,24.113,24.12,24.128,24.12,24.113,24.097,24.082,24.09,24.113,24.105,24.113,24.113,24.12,24.113,24.113,24.113,24.158,24.166,24.189,24.204,24.196,24.189,24.173,24.158,24.166,24.173,24.151,24.173,24.181,24.181,24.196,24.189,24.181,24.196,24.196,24.204,24.211,24.211,24.204,24.219,24.227,24.242,24.242,24.249,24.265,24.234,24.249,24.295,24.234,24.272,24.265,24.265,24.28,24.287,24.295,24.318,24.325,24.341,24.363,24.379,24.394,24.409,24.424,24.454,24.454,24.454,24.462,24.477,24.507,24.507,24.53,24.553,24.576,24.576,24.606,24.636,24.674,24.689,24.742,24.765,24.757,24.787,24.803,24.833,24.855,24.855,24.901,24.923,24.991,25.089,25.074,25.187,25.202,25.345,25.735,26.689,28.199,30.063,30.979,31.406,31.795,32.113,32.198,32.332,32.501,32.641,32.823,33.124,33.264,33.411,33.967,34.071,34.375,34.444,34.348,32.977,33.341,34.057,34.382,34.424,34.472,34.513,34.555,34.645,34.817,34.961,34.996,35.016,35.03,35.051,35.071,35.078,35.16,35.188,35.195,35.25,35.174,35.256,35.284,35.366,35.537,35.633,35.722,35.742,35.797,35.845,35.858,35.886,35.899,35.96,35.96,35.988,36.069,36.172,36.24,36.341,36.355,36.362,36.375,36.341,36.328,36.253,36.233,36.178,36.172,36.097,36.063,36.029,36.015,35.988,35.988,36.001,36.029,36.022,36.008,35.988,35.933,35.926,35.92,35.906,35.96,36.001,35.974,35.94,35.974,36.008,35.954,36.001,36.008,36.022,36.049,35.954,36.076,35.933,35.96,35.913,36.076,35.886,35.954,35.79,35.749,35.824,35.899,35.981,35.967,35.947,35.947,35.886,35.886,35.879,35.865,35.824,35.79,35.804,35.776,35.804,35.851,35.906,35.947,35.967,36.035,36.049,36.076,36.076,36.069,36.063,36.049,36.049,36.056,36.029,36.035,36.008,35.988,35.967,35.92,35.92,35.913,35.886,35.817,35.797,35.742,35.756,35.749,35.715,35.612,35.462,35.407,35.38,35.373,35.352,35.291,35.181,35.078,34.886,34.796,34.707,34.658,34.576,34.41,34.085,33.87,33.793,33.779,34.858,35.571,35.578,35.551,35.571,35.517,35.236,34.906,34.417,33.418,31.711,27.95,26.563,25.668,25.262,25.157,25.112,25.074,24.984,24.923,24.871,24.81,24.757,24.719,24.689,24.651,24.651,24.598,24.576,24.553,24.515,24.515,24.447,24.401,24.394,24.371,24.333,24.31,24.303,24.265,24.219,24.196,24.189,24.181,24.173,24.151,24.158,24.151,24.143,24.128,24.113,24.113,24.097,24.09,24.09,24.09,24.075,24.113,24.097,24.075,24.067,24.052,24.044,24.044,24.037,24.029,24.021,24.014,24.014,23.998,23.998,24.014,24.006,24.029,24.021,24.014,24.021,23.998,23.983,23.968,23.976,23.953,23.983,23.976,23.968,23.968,23.96,23.96,23.96,23.991,23.991,23.991,24.006,23.983,23.976,23.976,23.968,23.96,23.968,23.96,23.922,23.945,23.922,23.93,23.922,23.93,23.938,23.938,23.93,23.915,23.899,23.899,23.892,23.892,23.884,23.869,23.854,23.861,23.854,23.838,23.846,23.846,23.854,23.854,23.838,23.869,23.838,23.854,23.838,23.838,23.838,23.838,23.846,23.846,23.838,23.831,23.823,23.816,23.823,23.816,23.823,23.816,23.808,23.808,23.823,23.816,23.854,23.823,23.823,23.816,23.785,23.816,23.793,23.816,23.793,23.808,23.816,23.831,23.793,23.777,23.777,23.785,23.793,23.755,23.739,23.724,23.724,23.709,23.709,23.701,23.724,23.709,23.716,23.709,23.709,23.686,23.716,23.686,23.732,23.716,23.701,23.716,23.709,23.693,23.716,23.686,23.701,23.716,23.693,23.693,23.693,23.678,23.716,23.686,23.693,23.671,23.693,23.663,23.671,23.686,23.686,23.739,23.716,23.755,23.716,23.716,23.701,23.686,23.671,23.693,23.686,23.701,23.678,23.678,23.663,23.663,23.678,23.671,23.686,23.693,23.701,23.678,23.663,23.678,23.686,23.655,23.663,23.693,23.548
,23.648,23.64,23.655,23.625,23.663,23.632,23.609,23.617,23.602,23.632,23.648,23.648,23.671,23.671,23.663,23.663,23.655,23.648,23.671,23.655,23.64,23.655,23.632,23.671,23.663,23.663,23.671,23.671,23.693,23.693,23.693,23.671,23.671,23.663,23.663,23.693,23.701,23.709,23.716,23.701,23.732,23.716,23.724,23.724,23.732,23.724,23.709,23.739,23.732,23.762,23.739,23.732,23.77,23.762,23.739,23.755,23.755,23.77,23.77,23.762,23.777,23.777,23.823,23.793,23.808,23.793,23.816,23.816,23.8,23.793,23.8,23.816,23.823,23.861,23.831,23.823,23.8,23.8,23.831,23.854,23.884,23.869,23.869,23.869,23.884,23.877,23.892,23.907,23.907,23.907,23.892,23.93,23.899,23.907,23.869,23.884,23.884,23.899,23.899,23.899,23.899,23.892,23.892,23.892,23.892,23.877,23.861,23.892,23.884,23.884,23.884,23.899,23.915,23.922,23.93,23.953,23.96,23.96,23.998,24.006,24.021,24.029,24.014,24.014,24.006,24.006,24.014,24.029,24.029,24.014,24.014,24.014,24.029,24.037,24.021,24.029,24.037,24.037,24.052,24.059,24.059,24.075,24.067,24.075,24.09,24.082,24.097,24.105,24.113,24.113,24.128,24.113,24.105,24.113,24.097,24.097,24.105,24.105,24.12,24.113,24.113,24.128,24.12,24.128,24.196,24.196,24.204,24.211,24.181,24.173,24.189,24.173,24.173,24.173,24.181,24.181,24.196,24.196,24.204,24.189,24.196,24.189,24.189,24.196,24.204,24.211,24.211,24.211,24.227,24.227,24.242,24.249,24.265,24.265,24.265,24.28,24.173,24.287,24.265,24.287,24.295,24.295,24.31,24.318,24.341,24.356,24.356,24.386,24.401,24.416,24.439,24.454,24.462,24.47,24.477,24.485,24.515,24.538,24.576,24.591,24.591,24.606,24.613,24.644,24.689,24.735,24.757,24.772,24.787,24.795,24.825,24.825,24.855,24.878,24.923,24.946,25.014,25.067,25.097,25.225,25.383,25.51,25.907,26.749,28.776,30.758,31.171,31.703,32.261,32.627,32.816,32.76,33.033,33.138,33.292,33.271,33.236,33.411,33.925,34.002,34.368,34.472,34.382,33.257,33.32,33.974,34.41,34.451,34.479,34.5,34.569,34.596,34.899,34.941,35.016,35.03,35.051,35.051,35.099,35.126,35.154,35.195,35.181,35.188,35.208,35.222,35.263,35.325,35.606,35.667,35.77,35.776,35.851,35.879,35.886,35.92,35.94,35.967,36.001,36.056,36.11,36.178,36.246,36.321,36.341,36.355,36.341,36.321,36.274,36.246,36.24,36.185,36.131,36.076,36.042,35.995,35.974,35.954,35.967,35.967,35.988,35.96,35.981,35.981,35.947,35.988,35.995,35.988,36.008,36.063,36.076,36.138,36.117,36.069,36.131,36.11,36.117,36.09,36.11,36.151,36.185,36.206,36.26,36.199,36.233,36.172,36.131,36.151,36.104,36.09,36.11,36.165,36.138,36.131,36.083,35.981,35.913,35.879,35.851,35.817,35.77,35.742,35.742,35.776,35.831,35.872,35.926,35.96,36.015,36.035,36.042,36.056,36.035,36.029,36.022,36.022,36.029,36.022,36.008,35.995,35.954,35.947,35.92,35.892,35.886,35.831,35.776,35.735,35.735,35.722,35.722,35.729,35.694,35.524,35.441,35.393,35.359,35.359,35.311,35.25,35.023,34.947,34.831,34.762,34.7,34.458,34.182,33.995,33.897,33.842,33.856,34.865,35.256,35.462,35.448,35.366,35.263,35.195,35.051,34.5,33.661,32.69,28.979,26.682,26.101,25.435,25.202,25.134,25.029,24.976,24.938,24.871,24.818,24.765,24.727,24.704,24.682,24.629,24.613,24.568,24.576,24.523,24.53,24.485,24.409,24.401,24.371,24.348,24.318,24.31,24.28,24.242,24.219,24.189,24.158,24.173,24.143,24.135,24.158,24.143,24.135,24.12,24.113,24.082,24.09,24.082,24.09,24.075,24.075,24.082,24.075,24.059,24.059,24.052,24.044,24.037,24.029,24.021,24.021,24.014,24.014,24.044,24.021,24.044,24.021,24.006,24.014,23.983,23.976,23.968,23.976,23.968,23.96,23.976,23.976,23.968,23.976,23.976,23.96,23.96,23.953,23.976,23.983,23.983,23.983,23.976,23.983,23.968,23.953,23.968,23.938,23.93,23.938,23.922,23.93,23.938,23.945,23.938,23.945,23.922,23.907,23.907,23.915,23.922,23.907,23.907,23.892,23.892,23.869,23.854,23.861,23.854,23.846,23.861,23.861,23.869,23.869,23.846,23.884,23.869,23.846,23.854,23.846,23.846,23.846,23.846,23.854,23.838,23.8,23.808,23.838,23.823,23.823,23.816,23.823,23.838,23.831,23.831,23.846,23.831,23.838,23.823,23.808,23.8,23.823,23.816,23.823,23.816,23.816,23.793,23.808,23.793,23.785,23.785,23.777,23.755,23.732,23.739,23.716,23.693,23.686,23.716,23.709,23.724,23.724,23.671,23.709,23.716,23.724,23.724,23.724,23.739,23.701,23.678,23.701,23.709,23.693,23.747,23.739,23.732,23.693,23.671,23.701,23.671,23.686,23.716,23.709,23.693,23.678,23.693,23.693,23.671,23.678,23.671,23.739,23.724,23.709,23.693,23.693,23.678,23.693,23.701,23.709,23.693,23.686,23.655,23.678,23.678,23.693,23.709,23.701,23.693,23.693,23.686,23.671,23.663,23.663,23.648,23.655,23.648
,23.625,23.648,23.648,23.586,23.632,23.609,23.609,23.594,23.594,23.609,23.632,23.655,23.671,23.663,23.671,23.663,23.655,23.655,23.64,23.648,23.625,23.625,23.648,23.648,23.655,23.648,23.671,23.678,23.716,23.701,23.693,23.693,23.655,23.693,23.678,23.686,23.701,23.716,23.724,23.716,23.724,23.724,23.709,23.716,23.709,23.732,23.724,23.739,23.747,23.747,23.793,23.755,23.793,23.747,23.77,23.747,23.747,23.77,23.785,23.77,23.785,23.785,23.793,23.793,23.816,23.785,23.831,23.785,23.808,23.793,23.8,23.816,23.823,23.838,23.838,23.808,23.8,23.823,23.831,23.869,23.861,23.869,23.869,23.869,23.884,23.907,23.922,23.922,23.884,23.907,23.907,23.907,23.907,23.899,23.861,23.892,23.884,23.892,23.915,23.915,23.915,23.907,23.899,23.907,23.907,23.892,23.892,23.884,23.884,23.892,23.899,23.899,23.915,23.945,23.938,23.938,23.93,23.96,24.006,23.998,24.006,24.014,24.006,24.006,23.998,24.014,24.029,24.021,24.029,24.006,24.037,24.021,24.014,24.029,24.021,24.029,24.037,24.037,24.044,24.059,24.059,24.067,24.067,24.082,24.082,24.09,24.097,24.097,24.113,24.12,24.113,24.113,24.105,24.105,24.09,24.097,24.09,24.097,24.105,24.113,24.113,24.113,24.105,24.158,24.181,24.189,24.204,24.211,24.196,24.189,24.173,24.173,24.173,24.173,24.181,24.181,24.204,24.181,24.211,24.196,24.189,24.189,24.204,24.196,24.204,24.211,24.219,24.219,24.219,24.234,24.242,24.249,24.249,24.272,24.249,24.242,24.234,24.257,24.28,24.287,24.303,24.295,24.318,24.325,24.341,24.371,24.363,24.379,24.394,24.439,24.439,24.439,24.454,24.462,24.477,24.485,24.507,24.53,24.553,24.598,24.598,24.629,24.651,24.666,24.682,24.735,24.765,24.765,24.795,24.795,24.825,24.84,24.886,24.886,24.946,24.954,25.052,25.119,25.172,25.187,25.27,25.473,26.034,27.259,29.161,31.086,31.569,32.071,32.809,33.096,33.145,33.292,33.543,33.71,33.689,33.466,33.494,33.592,33.967,34.147,34.189,34.41,34.382,33.383,33.32,34.071,34.424,34.417,34.472,34.486,34.603,34.775,34.906,34.982,35.03,35.071,35.071,35.119,35.105,35.14,35.147,35.154,35.167,35.147,35.188,35.229,35.27,35.428,35.667,35.735,35.742,35.838,35.872,35.886,35.94,35.967,36.022,36.015,36.035,36.076,36.212,36.185,36.253,36.307,36.348,36.321,36.321,36.294,36.26,36.212,36.165,36.124,36.097,36.083,36.008,35.981,35.947,35.947,35.913,35.94,35.954,35.967,35.981,36.001,36.001,35.988,36.029,36.11,36.158,36.172,36.233,36.233,36.199,36.172,36.206,36.219,36.178,36.185,36.144,36.158,36.165,36.219,36.253,36.28,36.233,36.206,36.206,36.192,36.124,36.192,36.185,36.178,36.172,36.185,36.151,36.083,36.022,35.879,35.865,35.81,35.756,35.715,35.715,35.715,35.77,35.858,35.872,35.933,36.008,36.015,36.035,36.029,36.022,36.001,35.995,35.981,35.988,36.001,35.981,35.974,35.94,35.92,35.913,35.879,35.865,35.824,35.722,35.715,35.681,35.681,35.701,35.674,35.694,35.496,35.4,35.38,35.366,35.346,35.304,35.222,35.03,34.858,34.824,34.803,34.748,34.603,34.32,34.05,33.911,33.863,33.814,34.389,34.927,35.009,35.085,35.078,35.181,35.16,35.119,34.576,33.967,33.012,29.703,26.926,26.139,25.555,25.277,25.172,25.104,24.954,24.946,24.886,24.818,24.787,24.727,24.712,24.666,24.644,24.613,24.583,24.568,24.538,24.53,24.454,24.432,24.424,24.379,24.348,24.333,24.318,24.272,24.257,24.204,24.196,24.166,24.143,24.128,24.135,24.135,24.143,24.151,24.105,24.105,24.09,24.082,24.075,24.067,24.075,24.082,24.09,24.052,24.075,24.059,24.044,24.044,24.037,24.037,24.037,24.029,24.021,24.037,24.029,24.014,24.044,24.021,24.014,24.021,23.991,23.991,23.983,23.953,23.976,23.983,23.968,23.991,23.983,23.976,23.976,23.976,23.983,23.983,23.976,23.968,23.976,23.968,23.968,23.968,23.983,23.96,23.976,23.953,23.915,23.922,23.938,23.915,23.938,23.93,23.93,23.93,23.922,23.922,23.922,23.915,23.907,23.907,23.899,23.892,23.884,23.869,23.854,23.861,23.861,23.861,23.869,23.854,23.861,23.877,23.846,23.854,23.869,23.846,23.854,23.854,23.846,23.869,23.854,23.831,23.816,23.823,23.831,23.823,23.854,23.854,23.846,23.816,23.808,23.823,23.823,23.838,23.838,23.838,23.8,23.808,23.808,23.777,23.808,23.808,23.823,23.823,23.816,23.8,23.816,23.793,23.793,23.8,23.8,23.755,23.732,23.724,23.701,23.701,23.716,23.724,23.732,23.724,23.724,23.747,23.739,23.732,23.747,23.762,23.755,23.739,23.739,23.693,23.709,23.693,23.701,23.716,23.762,23.701,23.693,23.671,23.701,23.663,23.709,23.709,23.701,23.686,23.686,23.671,23.655,23.701,23.709,23.716,23.716,23.701,23.701,23.686,23.678,23.701,23.701,23.686,23.716,23.701,23.686,23.678,23.693,23.693,23.701,23.709,23.693,23.693,23.678,23.709,23.655,23.663,23.655,23.625,23.648
,23.586,23.648,23.663,23.632,23.632,23.586,23.579,23.586,23.586,23.602,23.617,23.617,23.655,23.671,23.648,23.655,23.64,23.648,23.632,23.64,23.632,23.655,23.632,23.625,23.648,23.655,23.701,23.686,23.686,23.709,23.701,23.663,23.693,23.686,23.671,23.693,23.724,23.716,23.724,23.716,23.716,23.716,23.724,23.709,23.693,23.709,23.716,23.747,23.747,23.747,23.777,23.793,23.785,23.785,23.755,23.77,23.77,23.77,23.777,23.777,23.777,23.777,23.777,23.8,23.793,23.777,23.823,23.793,23.808,23.793,23.793,23.8,23.816,23.831,23.823,23.816,23.808,23.823,23.8,23.831,23.869,23.861,23.884,23.869,23.884,23.907,23.907,23.915,23.915,23.915,23.922,23.93,23.899,23.884,23.884,23.892,23.899,23.892,23.93,23.93,23.93,23.922,23.922,23.907,23.892,23.899,23.884,23.907,23.907,23.899,23.907,23.899,23.915,23.922,23.922,23.945,23.96,23.96,23.976,23.968,23.991,23.991,23.976,23.983,23.983,24.014,24.021,24.029,24.021,24.021,24.037,24.044,23.998,24.014,24.021,24.029,24.029,24.037,24.037,24.044,24.052,24.059,24.067,24.067,24.09,24.082,24.097,24.09,24.097,24.097,24.09,24.105,24.105,24.097,24.097,24.113,24.097,24.12,24.12,24.113,24.113,24.12,24.113,24.151,24.173,24.181,24.196,24.204,24.189,24.189,24.189,24.173,24.173,24.173,24.181,24.181,24.181,24.189,24.173,24.204,24.204,24.211,24.204,24.211,24.211,24.227,24.227,24.227,24.234,24.227,24.242,24.242,24.265,24.249,24.272,24.265,24.257,24.272,24.272,24.28,24.287,24.303,24.325,24.333,24.348,24.379,24.386,24.379,24.401,24.424,24.454,24.439,24.439,24.447,24.462,24.485,24.515,24.538,24.553,24.591,24.613,24.629,24.651,24.682,24.704,24.765,24.772,24.772,24.795,24.818,24.855,24.863,24.893,24.916,24.954,25.006,25.089,25.112,25.157,25.255,25.247,25.653,26.034,27.333,30.027,31.086,31.88,32.662,32.957,33.131,33.32,33.522,33.745,33.731,34.002,34.022,33.953,33.613,33.995,34.05,34.251,34.417,34.341,33.508,33.355,33.835,34.334,34.444,34.486,34.5,34.576,34.748,34.865,34.982,35.064,35.133,35.126,35.16,35.167,35.174,35.174,35.154,35.16,35.154,35.16,35.202,35.27,35.428,35.688,35.79,35.838,35.899,35.92,35.947,35.988,36.001,36.042,36.063,36.076,36.131,36.206,36.226,36.294,36.307,36.341,36.328,36.307,36.253,36.206,36.172,36.151,36.11,36.083,36.035,36.008,35.967,35.926,35.899,35.892,35.92,35.933,35.94,35.988,36.015,36.022,36.069,36.124,36.144,36.192,36.233,36.28,36.294,36.267,36.26,36.24,36.253,36.226,36.219,36.178,36.206,36.192,36.246,36.28,36.206,36.26,36.226,36.212,36.206,36.206,36.185,36.199,36.199,36.192,36.212,36.233,36.104,35.995,35.96,35.872,35.831,35.763,35.708,35.735,35.708,35.77,35.838,35.899,35.967,35.981,36.008,36.015,36.015,35.995,35.981,35.974,35.96,35.933,35.96,35.954,35.967,35.926,35.906,35.899,35.886,35.865,35.845,35.708,35.653,35.64,35.647,35.667,35.66,35.612,35.571,35.455,35.407,35.352,35.325,35.256,35.099,34.996,34.913,34.844,34.782,34.693,34.589,34.182,34.057,33.835,33.842,33.835,33.967,34.844,34.954,34.934,35.044,35.078,35.092,35.085,34.879,34.05,33.327,30.972,27.429,26.28,25.668,25.3,25.119,25.089,25.036,24.946,24.901,24.825,24.795,24.742,24.704,24.666,24.636,24.613,24.591,24.568,24.538,24.492,24.492,24.447,24.424,24.394,24.379,24.348,24.31,24.28,24.28,24.219,24.211,24.173,24.151,24.135,24.135,24.128,24.128,24.135,24.128,24.105,24.075,24.075,24.075,24.059,24.059,24.052,24.052,24.082,24.059,24.044,24.044,24.052,24.044,24.044,24.037,24.029,24.029,24.029,24.037,24.037,24.037,24.021,24.029,24.014,23.991,23.991,23.991,23.976,23.968,23.976,23.991,23.991,23.998,23.983,23.991,23.983,23.968,23.976,23.968,23.96,23.976,23.968,23.968,23.976,23.968,23.983,23.983,23.96,23.938,23.922,23.899,23.922,23.953,23.945,23.938,23.93,23.922,23.93,23.93,23.915,23.915,23.915,23.907,23.877,23.884,23.877,23.861,23.869,23.854,23.846,23.869,23.884,23.907,23.899,23.846,23.877,23.854,23.861,23.854,23.854,23.846,23.846,23.869,23.823,23.816,23.823,23.808,23.846,23.861,23.838,23.831,23.838,23.816,23.808,23.785,23.846,23.816,23.838,23.808,23.8,23.823,23.816,23.808,23.8,23.816,23.823,23.854,23.816,23.793,23.785,23.785,23.8,23.793,23.777,23.732,23.732,23.732,23.716,23.716,23.732,23.755,23.716,23.716,23.724,23.755,23.739,23.747,23.755,23.732,23.716,23.701,23.709,23.716,23.709,23.701,23.724,23.709,23.709,23.686,23.701,23.678,23.686,23.716,23.671,23.693,23.686,23.671,23.693,23.686,23.655,23.693,23.701,23.686,23.678,23.693,23.693,23.686,23.701,23.686,23.693,23.709,23.693,23.701,23.701,23.701,23.709,23.709,23.686,23.686,23.678,23.671,23.693,23.655,23.648,23.64,23.617,23.64
,23.625,23.648,23.64,23.632,23.594,23.571,23.571,23.586,23.586,23.586,23.609,23.617,23.64,23.632,23.648,23.632,23.64,23.632,23.632,23.625,23.648,23.655,23.648,23.64,23.64,23.648,23.671,23.678,23.701,23.709,23.648,23.671,23.648,23.671,23.701,23.724,23.716,23.724,23.732,23.724,23.724,23.716,23.716,23.701,23.701,23.693,23.709,23.716,23.747,23.762,23.77,23.785,23.785,23.77,23.777,23.777,23.77,23.762,23.77,23.77,23.793,23.8,23.793,23.8,23.777,23.8,23.823,23.8,23.785,23.8,23.785,23.793,23.816,23.823,23.823,23.8,23.8,23.8,23.823,23.854,23.854,23.869,23.838,23.884,23.899,23.892,23.899,23.93,23.899,23.884,23.892,23.907,23.861,23.854,23.892,23.877,23.899,23.93,23.915,23.938,23.938,23.922,23.907,23.907,23.899,23.892,23.892,23.899,23.899,23.892,23.899,23.892,23.922,23.938,23.938,23.945,23.922,23.938,23.96,23.96,23.968,23.976,23.976,23.968,23.991,23.998,24.014,24.029,24.029,24.021,24.029,24.029,24.029,24.014,24.021,24.029,24.029,24.029,24.037,24.037,24.044,24.059,24.059,24.067,24.075,24.082,24.082,24.097,24.09,24.082,24.097,24.09,24.09,24.097,24.097,24.105,24.105,24.128,24.128,24.105,24.128,24.113,24.143,24.143,24.158,24.166,24.181,24.173,24.181,24.166,24.151,24.151,24.158,24.173,24.181,24.181,24.181,24.173,24.166,24.173,24.211,24.196,24.211,24.211,24.234,24.234,24.234,24.249,24.234,24.249,24.249,24.242,24.257,24.272,24.265,24.257,24.272,24.265,24.28,24.287,24.28,24.303,24.325,24.341,24.363,24.379,24.379,24.394,24.416,24.432,24.416,24.439,24.462,24.454,24.454,24.477,24.5,24.515,24.545,24.576,24.613,24.613,24.659,24.682,24.704,24.742,24.765,24.78,24.795,24.833,24.848,24.871,24.893,24.916,24.976,25.021,25.067,25.112,25.157,25.277,25.345,25.69,26.303,27.414,30.142,31.477,32.064,32.676,33.152,33.257,33.55,33.55,33.8,33.904,34.085,34.119,34.272,34.078,33.939,34.022,34.161,34.382,34.403,33.599,33.383,33.918,34.154,34.327,34.424,34.472,34.507,34.707,34.824,34.989,35.119,35.133,35.174,35.208,35.215,35.195,35.181,35.174,35.154,35.14,35.181,35.195,35.263,35.4,35.647,35.804,35.845,35.926,35.926,36.001,36.029,36.015,36.076,36.117,36.151,36.151,36.226,36.253,36.287,36.321,36.355,36.335,36.274,36.28,36.199,36.165,36.144,36.11,36.076,36.042,35.974,35.933,35.886,35.872,35.858,35.906,35.913,35.954,35.995,36.015,36.029,36.049,36.09,36.178,36.246,36.274,36.294,36.274,36.28,36.267,36.26,36.24,36.192,36.219,36.206,36.192,36.219,36.212,36.219,36.233,36.212,36.199,36.178,36.206,36.199,36.192,36.206,36.219,36.226,36.199,36.192,36.165,36.131,35.94,35.865,35.838,35.742,35.715,35.729,35.729,35.776,35.831,35.933,35.954,35.974,35.988,35.974,35.981,35.974,35.954,35.933,35.906,35.926,35.879,35.851,35.886,35.892,35.913,35.913,35.906,35.913,35.838,35.722,35.619,35.606,35.599,35.612,35.599,35.565,35.51,35.407,35.359,35.325,35.291,35.25,35.105,34.927,34.879,34.824,34.769,34.72,34.624,34.472,33.988,33.828,33.738,33.759,33.745,34.168,34.796,34.968,35.071,35.112,35.085,35.03,34.796,34.396,33.703,31.852,28.309,26.474,25.832,25.39,25.142,25.074,25.021,24.954,24.901,24.833,24.787,24.75,24.704,24.674,24.636,24.621,24.591,24.56,24.538,24.515,24.5,24.47,24.47,24.409,24.401,24.371,24.325,24.272,24.265,24.242,24.211,24.189,24.158,24.135,24.12,24.12,24.128,24.12,24.113,24.082,24.09,24.075,24.067,24.067,24.059,24.067,24.044,24.052,24.052,24.059,24.029,24.037,24.037,24.037,24.037,24.029,24.014,24.021,24.014,24.029,24.021,24.037,24.014,24.021,24.006,23.983,23.991,23.983,23.976,23.983,23.983,23.983,24.006,23.968,23.998,23.983,23.983,23.991,23.976,23.953,23.96,23.968,23.968,23.976,23.968,23.983,23.968,23.922,23.93,23.915,23.922,23.907,23.945,23.93,23.938,23.93,23.93,23.93,23.922,23.915,23.915,23.899,23.884,23.884,23.892,23.861,23.869,23.877,23.869,23.884,23.899,23.861,23.915,23.892,23.869,23.877,23.869,23.861,23.869,23.869,23.854,23.838,23.831,23.823,23.8,23.823,23.838,23.861,23.838,23.838,23.838,23.8,23.793,23.808,23.793,23.808,23.808,23.823,23.823,23.808,23.808,23.808,23.808,23.823,23.8,23.785,23.793,23.808,23.816,23.8,23.8,23.777,23.8,23.762,23.747,23.724,23.716,23.732,23.716,23.716,23.724,23.755,23.762,23.762,23.762,23.755,23.747,23.739,23.739,23.739,23.739,23.709,23.709,23.724,23.693,23.693,23.709,23.709,23.709,23.732,23.701,23.678,23.686,23.678,23.655,23.701,23.678,23.686,23.655,23.671,23.678,23.686,23.678,23.671,23.678,23.678,23.686,23.693,23.663,23.693,23.716,23.693,23.709,23.709,23.709,23.693,23.693,23.686,23.686,23.686,23.678,23.663,23.648,23.655,23.625,23.609,23.609
,23.594,23.617,23.64,23.594,23.579,23.586,23.571,23.571,23.571,23.579,23.594,23.609,23.602,23.625,23.625,23.625,23.602,23.609,23.648,23.64,23.663,23.671,23.655,23.678,23.663,23.663,23.663,23.663,23.686,23.709,23.693,23.617,23.663,23.648,23.678,23.693,23.724,23.732,23.724,23.724,23.716,23.709,23.716,23.724,23.724,23.724,23.747,23.747,23.732,23.755,23.77,23.777,23.777,23.793,23.777,23.785,23.762,23.777,23.77,23.793,23.793,23.8,23.793,23.793,23.793,23.808,23.777,23.8,23.816,23.8,23.793,23.808,23.816,23.831,23.831,23.823,23.816,23.808,23.831,23.838,23.854,23.854,23.869,23.861,23.907,23.899,23.892,23.922,23.938,23.922,23.915,23.899,23.877,23.869,23.884,23.861,23.899,23.922,23.938,23.915,23.922,23.922,23.899,23.884,23.892,23.892,23.899,23.907,23.915,23.907,23.907,23.899,23.945,23.938,23.93,23.968,23.93,23.93,23.938,23.945,23.96,23.96,23.976,23.991,23.983,23.991,23.998,24.006,24.021,24.021,24.021,24.029,24.014,24.021,24.037,24.021,24.029,24.029,24.029,24.029,24.029,24.029,24.052,24.059,24.067,24.067,24.059,24.052,24.075,24.075,24.082,24.09,24.082,24.09,24.09,24.113,24.105,24.128,24.12,24.113,24.128,24.113,24.128,24.151,24.158,24.166,24.166,24.166,24.166,24.158,24.151,24.143,24.143,24.158,24.166,24.173,24.173,24.173,24.189,24.173,24.181,24.204,24.211,24.219,24.234,24.242,24.242,24.265,24.265,24.227,24.257,24.249,24.249,24.249,24.272,24.265,24.272,24.265,24.272,24.287,24.295,24.303,24.333,24.356,24.325,24.394,24.386,24.416,24.401,24.424,24.439,24.439,24.492,24.439,24.462,24.507,24.507,24.53,24.553,24.56,24.591,24.629,24.651,24.682,24.704,24.742,24.735,24.757,24.78,24.818,24.848,24.901,24.901,24.946,24.984,25.021,25.074,25.112,25.18,25.262,25.345,25.66,26.273,27.517,30.235,31.519,32.085,32.865,33.257,33.424,33.766,34.057,34.154,34.133,34.237,34.41,34.541,34.444,34.216,34.078,34.154,34.382,34.368,33.786,33.55,33.946,34.195,34.444,34.486,34.507,34.527,34.624,34.775,35.051,35.071,35.174,35.236,35.236,35.222,35.215,35.202,35.174,35.154,35.14,35.174,35.202,35.243,35.298,35.592,35.838,35.892,35.933,35.981,35.988,36.049,36.097,36.131,36.138,36.158,36.212,36.24,36.294,36.321,36.355,36.362,36.321,36.267,36.226,36.178,36.151,36.131,36.097,36.056,36.056,35.981,35.913,35.899,35.831,35.831,35.858,35.858,35.92,36.008,36.022,36.069,36.11,36.144,36.219,36.246,36.28,36.274,36.28,36.28,36.253,36.253,36.226,36.246,36.178,36.151,36.165,36.199,36.185,36.178,36.192,36.192,36.165,36.151,36.192,36.185,36.206,36.212,36.212,36.226,36.219,36.206,36.206,36.151,36.029,35.926,35.858,35.817,35.749,35.722,35.742,35.756,35.865,35.892,35.967,35.995,35.981,35.981,35.967,35.947,35.96,35.926,35.892,35.872,35.838,35.851,35.872,35.899,35.906,35.92,35.926,35.906,35.872,35.701,35.606,35.592,35.578,35.578,35.571,35.565,35.51,35.435,35.359,35.291,35.311,35.181,35.078,34.989,34.789,34.748,34.734,34.707,34.762,34.209,33.877,33.807,33.703,33.71,33.689,33.995,34.396,34.824,35.085,35.126,35.167,35.078,34.844,34.451,34.022,32.893,29.616,26.912,25.96,25.443,25.36,25.059,25.029,24.946,24.893,24.863,24.795,24.757,24.697,24.682,24.636,24.613,24.583,24.576,24.515,24.523,24.492,24.485,24.462,24.424,24.401,24.371,24.333,24.31,24.257,24.227,24.204,24.196,24.181,24.151,24.128,24.12,24.12,24.105,24.105,24.075,24.075,24.075,24.082,24.075,24.052,24.052,24.052,24.059,24.052,24.044,24.037,24.044,24.044,24.044,24.037,24.029,24.006,24.006,24.014,24.021,24.029,24.021,24.044,23.998,24.014,23.991,23.983,23.976,23.983,23.968,23.976,23.96,23.983,23.976,23.991,23.983,23.983,23.968,23.968,23.968,23.96,23.96,23.945,23.968,23.953,23.983,23.968,23.938,23.915,23.907,23.899,23.899,23.922,23.922,23.915,23.938,23.938,23.938,23.938,23.922,23.915,23.907,23.884,23.877,23.869,23.869,23.861,23.861,23.846,23.861,23.884,23.915,23.915,23.884,23.861,23.869,23.861,23.854,23.854,23.861,23.854,23.838,23.823,23.816,23.8,23.808,23.823,23.838,23.854,23.823,23.816,23.793,23.8,23.816,23.8,23.8,23.785,23.808,23.8,23.816,23.831,23.831,23.8,23.793,23.8,23.8,23.785,23.777,23.823,23.777,23.808,23.793,23.785,23.77,23.755,23.724,23.693,23.663,23.739,23.724,23.77,23.762,23.793,23.755,23.747,23.747,23.747,23.747,23.747,23.724,23.732,23.724,23.709,23.693,23.686,23.693,23.663,23.686,23.671,23.663,23.671,23.671,23.693,23.671,23.671,23.663,23.655,23.663,23.686,23.686,23.686,23.701,23.663,23.663,23.678,23.678,23.678,23.686,23.686,23.686,23.709,23.678,23.724,23.701,23.686,23.686,23.686,23.686,23.678,23.678,23.678,23.686,23.678,23.648,23.64,23.609,23.625
,23.579,23.594,23.594,23.617,23.602,23.586,23.579,23.571,23.579,23.586,23.586,23.586,23.602,23.609,23.609,23.617,23.648,23.64,23.648,23.648,23.648,23.678,23.655,23.663,23.663,23.655,23.655,23.655,23.609,23.64,23.64,23.671,23.686,23.663,23.655,23.678,23.709,23.724,23.724,23.724,23.732,23.709,23.716,23.732,23.739,23.732,23.739,23.724,23.732,23.732,23.755,23.77,23.8,23.785,23.777,23.762,23.755,23.755,23.77,23.785,23.793,23.8,23.785,23.8,23.8,23.816,23.8,23.8,23.793,23.777,23.793,23.823,23.823,23.823,23.846,23.831,23.823,23.823,23.831,23.831,23.831,23.861,23.838,23.869,23.877,23.869,23.907,23.915,23.93,23.915,23.899,23.899,23.869,23.877,23.877,23.869,23.907,23.884,23.892,23.899,23.907,23.922,23.899,23.884,23.877,23.892,23.892,23.899,23.915,23.915,23.915,23.899,23.953,23.938,23.96,23.953,23.938,23.945,23.945,23.938,23.953,23.953,23.96,23.983,23.983,23.998,24.006,24.006,24.006,24.014,24.006,24.014,24.014,24.029,24.029,24.037,24.044,24.021,24.014,24.014,24.021,24.029,24.037,24.052,24.059,24.075,24.075,24.052,24.067,24.075,24.075,24.09,24.105,24.075,24.09,24.105,24.12,24.128,24.12,24.113,24.09,24.113,24.135,24.135,24.143,24.143,24.158,24.166,24.151,24.151,24.143,24.128,24.143,24.158,24.166,24.166,24.173,24.158,24.173,24.181,24.189,24.204,24.219,24.211,24.242,24.249,24.249,24.265,24.265,24.242,24.242,24.257,24.265,24.272,24.265,24.28,24.272,24.272,24.272,24.287,24.287,24.325,24.303,24.333,24.348,24.371,24.394,24.409,24.424,24.432,24.439,24.447,24.447,24.439,24.462,24.492,24.515,24.56,24.56,24.56,24.591,24.621,24.636,24.697,24.712,24.742,24.75,24.78,24.787,24.803,24.855,24.863,24.931,24.969,24.991,25.021,25.052,25.097,25.165,25.27,25.36,25.668,26.251,27.745,30.407,31.859,32.311,32.914,33.452,33.8,33.891,34.119,34.195,34.375,34.396,34.582,34.665,34.651,34.596,34.189,34.244,34.458,34.527,34.251,33.626,34.036,34.202,34.451,34.417,34.389,34.465,34.541,34.741,34.941,35.009,35.14,35.215,35.215,35.222,35.222,35.202,35.188,35.167,35.154,35.167,35.181,35.243,35.38,35.626,35.81,35.886,35.92,35.974,36.035,36.056,36.117,36.11,36.158,36.192,36.219,36.24,36.307,36.348,36.355,36.355,36.355,36.301,36.253,36.206,36.151,36.124,36.104,36.069,36.008,35.967,35.879,35.824,35.79,35.783,35.804,35.845,35.94,36.008,36.022,36.063,36.11,36.151,36.178,36.219,36.26,36.246,36.253,36.26,36.219,36.212,36.165,36.151,36.124,36.117,36.063,36.104,36.144,36.151,36.104,36.104,36.124,36.104,36.131,36.138,36.158,36.199,36.206,36.212,36.226,36.226,36.206,36.178,36.069,36.069,35.947,35.838,35.79,35.763,35.749,35.77,35.824,35.913,35.94,35.988,35.988,35.974,35.974,35.933,35.92,35.886,35.845,35.81,35.776,35.797,35.845,35.858,35.906,35.926,35.947,35.926,35.926,35.804,35.592,35.599,35.551,35.544,35.537,35.51,35.482,35.455,35.435,35.4,35.311,35.229,35.071,34.906,34.831,34.789,34.713,34.748,34.582,34.223,33.8,33.772,33.675,33.682,33.654,33.8,33.863,33.995,35.037,35.16,35.174,35.215,34.879,34.707,34.32,33.348,30.929,27.532,26.333,25.743,25.285,25.18,25.104,24.961,24.908,24.863,24.795,24.75,24.704,24.659,24.629,24.613,24.591,24.553,24.53,24.515,24.507,24.462,24.47,24.454,24.409,24.371,24.333,24.295,24.272,24.249,24.242,24.204,24.189,24.189,24.143,24.135,24.113,24.113,24.105,24.082,24.075,24.082,24.059,24.082,24.059,24.052,24.052,24.044,24.052,24.037,24.059,24.044,24.037,24.044,24.029,23.998,24.006,24.006,24.006,24.037,24.037,24.037,24.021,24.006,24.006,23.983,23.976,23.983,23.96,23.968,23.96,23.983,23.998,23.968,23.983,23.976,23.991,23.983,23.945,23.983,23.968,23.968,23.968,23.945,23.953,23.945,23.945,23.938,23.915,23.93,23.915,23.899,23.93,23.922,23.93,23.93,23.938,23.938,23.93,23.93,23.922,23.907,23.884,23.884,23.877,23.877,23.877,23.877,23.854,23.877,23.884,23.869,23.884,23.877,23.892,23.869,23.861,23.861,23.869,23.846,23.838,23.846,23.823,23.816,23.793,23.816,23.838,23.846,23.838,23.838,23.823,23.785,23.777,23.777,23.777,23.793,23.777,23.8,23.785,23.823,23.838,23.854,23.816,23.854,23.785,23.808,23.777,23.777,23.762,23.785,23.793,23.777,23.755,23.77,23.739,23.724,23.686,23.709,23.701,23.724,23.732,23.739,23.739,23.762,23.755,23.755,23.739,23.724,23.716,23.724,23.724,23.724,23.724,23.709,23.678,23.678,23.678,23.64,23.655,23.693,23.693,23.655,23.686,23.655,23.648,23.663,23.648,23.678,23.686,23.686,23.693,23.693,23.663,23.663,23.663,23.693,23.671,23.686,23.663,23.678,23.709,23.716,23.693,23.686,23.678,23.686,23.686,23.678,23.678,23.678,23.701,23.693,23.671,23.655,23.648,23.609,23.602
,23.579,23.602,23.625,23.64,23.609,23.602,23.579,23.586,23.579,23.609,23.579,23.586,23.602,23.602,23.625,23.632,23.655,23.648,23.648,23.663,23.686,23.678,23.663,23.655,23.663,23.648,23.678,23.678,23.648,23.686,23.701,23.701,23.686,23.663,23.678,23.701,23.724,23.732,23.709,23.732,23.716,23.732,23.732,23.732,23.755,23.762,23.755,23.724,23.732,23.739,23.739,23.762,23.77,23.793,23.785,23.77,23.755,23.77,23.793,23.793,23.793,23.816,23.808,23.8,23.808,23.808,23.808,23.785,23.793,23.816,23.831,23.823,23.854,23.838,23.831,23.831,23.838,23.831,23.831,23.823,23.831,23.854,23.846,23.877,23.877,23.877,23.899,23.899,23.922,23.922,23.907,23.892,23.877,23.884,23.892,23.899,23.884,23.892,23.899,23.899,23.892,23.907,23.915,23.892,23.877,23.884,23.899,23.907,23.922,23.907,23.915,23.922,23.93,23.953,23.945,23.953,23.945,23.945,23.945,23.945,23.953,23.968,23.976,23.983,24.006,23.991,23.991,23.998,24.006,24.021,24.014,24.014,24.014,24.029,24.037,24.029,24.029,24.029,24.021,24.014,24.029,24.052,24.052,24.075,24.067,24.075,24.09,24.067,24.075,24.082,24.082,24.075,24.075,24.075,24.097,24.113,24.105,24.12,24.12,24.113,24.128,24.105,24.12,24.135,24.135,24.158,24.158,24.166,24.158,24.143,24.135,24.143,24.135,24.151,24.143,24.158,24.181,24.173,24.189,24.181,24.189,24.196,24.211,24.219,24.249,24.242,24.265,24.272,24.249,24.265,24.234,24.249,24.257,24.28,24.272,24.287,24.265,24.265,24.287,24.295,24.31,24.333,24.363,24.363,24.371,24.379,24.386,24.401,24.424,24.439,24.454,24.454,24.462,24.485,24.485,24.507,24.56,24.553,24.576,24.598,24.568,24.606,24.651,24.674,24.712,24.727,24.765,24.772,24.787,24.825,24.825,24.878,24.938,24.969,25.006,25.021,25.059,25.112,25.18,25.225,25.443,25.758,26.154,27.701,30.529,32.036,32.627,33.047,33.536,33.779,34.154,34.272,34.355,34.403,34.548,34.651,34.858,34.824,34.775,34.686,34.555,34.541,34.651,34.541,33.932,33.946,34.209,34.465,34.396,34.396,34.424,34.479,34.548,34.81,35.078,35.16,35.208,35.222,35.202,35.215,35.188,35.174,35.174,35.14,35.154,35.208,35.27,35.359,35.592,35.783,35.92,35.926,35.974,36.015,36.063,36.09,36.117,36.165,36.192,36.219,36.26,36.301,36.335,36.362,36.369,36.328,36.335,36.233,36.172,36.158,36.138,36.117,36.069,36.035,35.995,35.94,35.858,35.783,35.735,35.749,35.797,35.865,35.974,36.008,36.069,36.117,36.144,36.172,36.212,36.246,36.212,36.219,36.226,36.199,36.144,36.083,36.008,36.022,35.92,35.913,35.954,35.947,35.974,36.035,36.001,35.981,36.029,36.001,36.076,36.09,36.158,36.158,36.185,36.206,36.199,36.212,36.192,36.178,36.117,36.063,35.92,35.831,35.783,35.763,35.77,35.845,35.933,35.94,35.974,35.988,35.995,35.96,35.933,35.879,35.858,35.824,35.77,35.735,35.776,35.797,35.831,35.892,35.926,35.933,35.947,35.92,35.804,35.619,35.544,35.544,35.524,35.517,35.503,35.489,35.462,35.476,35.469,35.435,35.243,34.996,34.954,34.782,34.755,34.672,34.651,34.569,34.306,33.835,33.675,33.647,33.661,33.71,33.71,33.752,33.578,33.891,35.112,35.229,35.222,34.941,34.741,34.396,33.96,31.668,28.229,26.66,25.713,25.3,25.149,25.059,24.938,24.931,24.886,24.84,24.78,24.697,24.651,24.644,24.613,24.576,24.568,24.538,24.507,24.5,24.485,24.477,24.439,24.401,24.386,24.318,24.303,24.28,24.257,24.234,24.211,24.196,24.173,24.166,24.158,24.128,24.12,24.12,24.082,24.082,24.082,24.082,24.075,24.09,24.044,24.067,24.067,24.059,24.044,24.052,24.059,24.052,24.037,24.037,24.014,24.006,24.006,23.998,24.021,24.029,24.044,24.014,24.006,23.991,23.991,23.976,23.953,23.96,23.96,23.968,23.976,23.983,23.968,23.983,23.968,23.96,23.968,23.983,23.983,23.976,23.976,23.945,23.976,23.953,23.968,23.96,23.938,23.922,23.922,23.922,23.93,23.93,23.93,23.922,23.915,23.938,23.945,23.899,23.922,23.899,23.907,23.884,23.892,23.861,23.884,23.877,23.869,23.861,23.877,23.861,23.869,23.884,23.892,23.869,23.869,23.861,23.854,23.831,23.846,23.861,23.838,23.823,23.793,23.816,23.785,23.831,23.869,23.823,23.838,23.823,23.77,23.8,23.77,23.77,23.785,23.785,23.77,23.8,23.777,23.808,23.808,23.823,23.816,23.816,23.777,23.77,23.77,23.762,23.77,23.785,23.785,23.77,23.747,23.724,23.724,23.701,23.747,23.724,23.739,23.755,23.724,23.724,23.762,23.755,23.755,23.747,23.724,23.739,23.724,23.732,23.724,23.732,23.709,23.693,23.678,23.686,23.671,23.716,23.709,23.678,23.671,23.663,23.648,23.655,23.655,23.648,23.663,23.686,23.693,23.678,23.693,23.693,23.686,23.701,23.671,23.663,23.663,23.686,23.693,23.678,23.732,23.693,23.686,23.678,23.678,23.671,23.686,23.686,23.709,23.716,23.693,23.686,23.663,23.632,23.617,23.594
,23.586,23.617,23.609,23.609,23.609,23.602,23.594,23.586,23.579,23.579,23.594,23.586,23.602,23.609,23.648,23.648,23.64,23.655,23.663,23.671,23.671,23.671,23.663,23.678,23.655,23.678,23.678,23.686,23.678,23.693,23.701,23.701,23.693,23.693,23.671,23.678,23.693,23.716,23.716,23.724,23.709,23.724,23.747,23.762,23.77,23.755,23.762,23.724,23.732,23.732,23.739,23.762,23.793,23.816,23.793,23.785,23.8,23.77,23.785,23.785,23.785,23.8,23.785,23.8,23.808,23.831,23.823,23.823,23.808,23.816,23.808,23.831,23.838,23.838,23.846,23.838,23.831,23.823,23.823,23.831,23.831,23.846,23.854,23.884,23.892,23.869,23.907,23.907,23.922,23.922,23.907,23.899,23.892,23.892,23.892,23.899,23.907,23.892,23.892,23.899,23.884,23.899,23.907,23.884,23.892,23.884,23.899,23.899,23.907,23.922,23.93,23.93,23.938,23.938,23.938,23.945,23.953,23.953,23.953,23.945,23.953,23.968,23.983,23.998,23.998,23.998,24.006,24.006,23.998,23.991,23.991,24.014,24.029,24.037,24.029,24.029,24.037,24.014,24.021,24.014,24.037,24.044,24.059,24.067,24.067,24.075,24.075,24.075,24.09,24.082,24.082,24.09,24.075,24.09,24.105,24.113,24.113,24.12,24.113,24.113,24.113,24.113,24.105,24.135,24.151,24.166,24.173,24.166,24.151,24.151,24.135,24.135,24.135,24.12,24.151,24.166,24.181,24.204,24.196,24.204,24.189,24.204,24.234,24.234,24.234,24.242,24.257,24.265,24.249,24.265,24.257,24.265,24.257,24.272,24.265,24.28,24.257,24.272,24.295,24.303,24.318,24.341,24.356,24.371,24.363,24.371,24.394,24.409,24.409,24.432,24.447,24.477,24.462,24.462,24.5,24.545,24.545,24.583,24.598,24.583,24.591,24.644,24.659,24.659,24.697,24.727,24.772,24.787,24.795,24.81,24.84,24.916,24.916,24.991,24.991,25.021,25.074,25.142,25.21,25.323,25.458,25.683,26.191,27.708,30.565,32.015,32.592,33.306,33.835,34.195,34.251,34.32,34.603,34.534,34.734,34.837,35.064,35.112,35.071,34.941,34.755,34.686,34.693,34.313,34.092,34.036,34.237,34.375,34.403,34.417,34.41,34.451,34.513,34.686,34.975,35.112,35.14,35.16,35.16,35.202,35.181,35.14,35.16,35.133,35.147,35.188,35.222,35.229,35.448,35.66,35.872,35.913,35.947,36.008,36.001,36.076,36.11,36.11,36.144,36.199,36.246,36.314,36.348,36.355,36.348,36.335,36.301,36.24,36.212,36.158,36.138,36.117,36.076,36.029,35.981,35.954,35.872,35.804,35.722,35.729,35.756,35.879,35.933,36.015,36.083,36.11,36.158,36.151,36.165,36.172,36.158,36.158,36.151,36.097,36.022,36.015,35.913,35.906,35.824,35.79,35.81,35.783,35.92,35.886,35.879,35.899,35.879,35.967,36.008,36.042,36.022,36.063,36.131,36.178,36.185,36.185,36.172,36.158,36.117,36.131,36.008,35.926,35.831,35.817,35.79,35.817,35.879,35.954,35.974,35.995,35.988,35.967,35.92,35.872,35.851,35.783,35.749,35.708,35.722,35.722,35.804,35.838,35.886,35.92,35.926,35.947,35.865,35.715,35.626,35.496,35.489,35.496,35.482,35.482,35.476,35.503,35.489,35.482,35.441,35.167,34.982,34.858,34.81,34.707,34.727,34.651,34.182,33.738,33.647,33.619,33.626,33.599,33.863,33.849,33.64,33.529,33.925,35.215,35.119,35.037,34.892,34.451,34.036,32.487,28.71,26.66,25.788,25.615,25.187,25.127,24.999,24.916,24.855,24.81,24.75,24.704,24.674,24.636,24.629,24.598,24.576,24.553,24.523,24.485,24.462,24.462,24.416,24.386,24.371,24.333,24.303,24.272,24.242,24.227,24.211,24.204,24.181,24.173,24.173,24.135,24.135,24.09,24.097,24.09,24.075,24.067,24.075,24.09,24.067,24.075,24.067,24.075,24.067,24.052,24.059,24.052,24.037,24.029,24.014,24.014,24.021,24.021,24.021,24.037,24.044,24.014,24.006,23.983,23.983,23.976,23.96,23.953,23.968,23.96,23.968,23.991,23.991,24.006,23.976,23.983,23.968,23.96,23.96,23.976,23.953,23.953,23.991,23.945,23.953,23.953,23.93,23.938,23.938,23.945,23.93,23.93,23.915,23.93,23.922,23.915,23.922,23.899,23.899,23.907,23.907,23.907,23.854,23.877,23.869,23.869,23.846,23.869,23.861,23.861,23.861,23.877,23.892,23.877,23.854,23.854,23.816,23.831,23.861,23.838,23.831,23.861,23.816,23.831,23.793,23.793,23.823,23.838,23.831,23.808,23.808,23.8,23.793,23.777,23.755,23.762,23.762,23.793,23.808,23.838,23.793,23.8,23.838,23.8,23.777,23.762,23.77,23.77,23.785,23.777,23.77,23.77,23.755,23.724,23.732,23.716,23.762,23.709,23.739,23.777,23.739,23.732,23.755,23.762,23.739,23.747,23.716,23.724,23.716,23.732,23.724,23.732,23.716,23.724,23.655,23.671,23.663,23.663,23.663,23.693,23.64,23.655,23.671,23.663,23.655,23.655,23.671,23.686,23.701,23.693,23.648,23.693,23.709,23.693,23.671,23.655,23.655,23.678,23.663,23.709,23.724,23.686,23.678,23.686,23.671,23.686,23.701,23.701,23.709,23.701,23.701,23.686,23.663,23.655,23.648,23.617
,23.579,23.586,23.609,23.602,23.594,23.594,23.594,23.586,23.586,23.594,23.586,23.594,23.602,23.609,23.625,23.64,23.648,23.655,23.663,23.678,23.671,23.693,23.678,23.678,23.678,23.686,23.678,23.686,23.686,23.701,23.709,23.701,23.701,23.701,23.686,23.686,23.686,23.686,23.716,23.716,23.724,23.709,23.724,23.793,23.739,23.747,23.747,23.732,23.732,23.724,23.739,23.762,23.785,23.808,23.785,23.808,23.777,23.755,23.762,23.762,23.77,23.785,23.777,23.8,23.838,23.816,23.831,23.838,23.831,23.823,23.831,23.823,23.854,23.846,23.831,23.838,23.823,23.823,23.838,23.838,23.838,23.854,23.838,23.854,23.854,23.884,23.915,23.915,23.938,23.915,23.899,23.907,23.892,23.899,23.892,23.899,23.892,23.884,23.877,23.884,23.892,23.892,23.884,23.899,23.892,23.892,23.899,23.922,23.915,23.922,23.922,23.93,23.93,23.938,23.945,23.953,23.96,23.96,23.96,23.953,23.953,23.968,23.976,23.983,23.998,24.006,24.006,24.006,23.998,24.006,24.014,24.006,24.037,24.029,24.029,24.029,24.029,24.021,24.029,24.021,24.044,24.044,24.067,24.075,24.082,24.09,24.097,24.09,24.105,24.097,24.075,24.075,24.082,24.09,24.097,24.113,24.113,24.135,24.128,24.12,24.113,24.097,24.12,24.128,24.143,24.151,24.166,24.166,24.173,24.151,24.151,24.128,24.143,24.143,24.189,24.181,24.181,24.204,24.196,24.204,24.196,24.196,24.219,24.249,24.265,24.257,24.257,24.265,24.249,24.249,24.257,24.242,24.265,24.272,24.272,24.272,24.28,24.287,24.295,24.31,24.341,24.348,24.363,24.371,24.379,24.379,24.371,24.394,24.409,24.439,24.454,24.454,24.477,24.5,24.523,24.507,24.568,24.568,24.591,24.591,24.598,24.598,24.629,24.689,24.704,24.75,24.765,24.803,24.818,24.833,24.848,24.893,24.916,24.954,25.006,25.014,25.059,25.104,25.195,25.292,25.443,25.862,26.116,27.679,30.629,32.142,32.823,33.466,34.112,34.327,34.479,34.72,34.665,34.851,35.002,35.092,35.14,35.277,35.181,35.277,35.174,34.831,34.741,34.389,34.057,33.974,34.223,34.299,34.334,34.348,34.382,34.424,34.493,34.686,34.927,35.051,35.099,35.181,35.126,35.14,35.126,35.099,35.119,35.119,35.119,35.14,35.174,35.359,35.544,35.667,35.763,35.872,35.899,35.96,35.981,36.042,36.022,36.069,36.09,36.158,36.206,36.246,36.287,36.307,36.335,36.307,36.301,36.274,36.178,36.158,36.144,36.097,36.076,36.042,35.974,35.94,35.913,35.729,35.708,35.708,35.715,35.763,35.892,35.96,36.049,36.104,36.117,36.138,36.138,36.138,36.117,36.138,36.056,36.008,35.94,35.872,35.865,35.81,35.763,35.735,35.708,35.708,35.694,35.653,35.749,35.776,35.804,35.831,35.872,35.899,35.899,36.015,36.11,36.124,36.131,36.151,36.138,36.158,36.138,36.076,36.069,35.933,35.913,35.851,35.817,35.838,35.872,35.933,35.981,35.995,35.988,35.954,35.933,35.879,35.865,35.79,35.715,35.64,35.606,35.606,35.688,35.783,35.817,35.899,35.933,35.913,35.879,35.694,35.496,35.462,35.448,35.482,35.462,35.469,35.469,35.489,35.489,35.476,35.455,35.092,35.044,34.941,34.865,34.782,34.707,34.458,34.168,34.078,33.64,33.626,33.626,33.668,33.877,33.766,33.779,33.424,33.487,34.52,34.954,34.872,34.879,34.665,34.092,33.061,29.37,26.682,25.975,25.488,25.21,25.097,25.036,24.931,24.863,24.84,24.772,24.712,24.697,24.644,24.629,24.591,24.591,24.553,24.523,24.507,24.5,24.424,24.394,24.379,24.363,24.325,24.31,24.287,24.265,24.242,24.219,24.181,24.204,24.166,24.151,24.143,24.113,24.128,24.105,24.097,24.09,24.105,24.09,24.097,24.082,24.067,24.059,24.075,24.059,24.059,24.059,24.052,24.029,24.037,24.029,24.014,24.021,24.021,24.021,24.014,24.006,23.991,24.006,23.991,23.976,23.976,23.968,23.96,23.96,23.968,23.976,23.991,24.006,24.014,23.991,23.96,23.983,23.968,23.96,23.96,23.945,23.983,23.991,23.96,23.938,23.945,23.96,23.945,23.96,23.953,23.953,23.93,23.93,23.922,23.915,23.907,23.907,23.892,23.899,23.907,23.892,23.892,23.892,23.877,23.854,23.846,23.846,23.854,23.846,23.861,23.869,23.877,23.877,23.892,23.884,23.846,23.823,23.831,23.816,23.831,23.846,23.838,23.831,23.8,23.77,23.808,23.831,23.846,23.838,23.823,23.777,23.793,23.793,23.777,23.77,23.777,23.77,23.785,23.8,23.785,23.8,23.816,23.793,23.785,23.808,23.808,23.793,23.785,23.793,23.785,23.785,23.762,23.762,23.739,23.709,23.709,23.716,23.693,23.732,23.732,23.732,23.739,23.747,23.747,23.777,23.732,23.732,23.709,23.701,23.762,23.739,23.747,23.701,23.693,23.709,23.701,23.663,23.686,23.663,23.671,23.678,23.686,23.663,23.648,23.655,23.671,23.686,23.686,23.693,23.693,23.701,23.663,23.663,23.686,23.655,23.663,23.678,23.671,23.678,23.693,23.678,23.671,23.655,23.678,23.671,23.678,23.701,23.709,23.724,23.693,23.709,23.655,23.693,23.671,23.655,23.64
,23.586,23.586,23.594,23.602,23.617,23.594,23.586,23.571,23.571,23.594,23.609,23.609,23.609,23.602,23.625,23.625,23.632,23.655,23.663,23.686,23.701,23.686,23.693,23.686,23.678,23.678,23.701,23.701,23.716,23.716,23.747,23.716,23.716,23.709,23.693,23.678,23.709,23.709,23.709,23.724,23.732,23.739,23.755,23.709,23.762,23.762,23.755,23.747,23.732,23.747,23.762,23.77,23.785,23.808,23.8,23.808,23.793,23.793,23.793,23.793,23.777,23.793,23.854,23.8,23.861,23.838,23.823,23.816,23.823,23.823,23.838,23.838,23.846,23.861,23.846,23.831,23.838,23.846,23.846,23.838,23.846,23.846,23.846,23.846,23.869,23.877,23.899,23.907,23.922,23.907,23.907,23.922,23.899,23.899,23.899,23.884,23.884,23.884,23.869,23.877,23.877,23.892,23.892,23.892,23.899,23.899,23.907,23.922,23.93,23.938,23.93,23.93,23.93,23.938,23.945,23.96,23.968,23.96,23.953,23.96,23.968,23.968,23.976,23.991,24.006,23.991,24.014,24.006,24.006,24.021,23.998,24.029,24.037,24.029,24.037,24.021,24.021,24.014,24.044,24.044,24.029,24.059,24.059,24.075,24.082,24.09,24.09,24.09,24.09,24.09,24.09,24.09,24.082,24.09,24.105,24.113,24.12,24.143,24.128,24.12,24.135,24.113,24.128,24.151,24.158,24.166,24.173,24.166,24.173,24.158,24.158,24.128,24.128,24.143,24.143,24.196,24.211,24.211,24.211,24.196,24.211,24.211,24.219,24.265,24.272,24.265,24.265,24.257,24.265,24.257,24.257,24.272,24.265,24.287,24.295,24.295,24.295,24.265,24.295,24.31,24.333,24.348,24.363,24.371,24.379,24.386,24.379,24.394,24.409,24.439,24.447,24.462,24.515,24.507,24.53,24.523,24.553,24.583,24.591,24.591,24.598,24.629,24.666,24.697,24.704,24.75,24.742,24.78,24.81,24.81,24.863,24.878,24.916,24.938,24.991,25.029,25.067,25.119,25.202,25.3,25.473,25.78,26.087,27.524,30.679,32.282,32.788,33.466,34.23,34.562,34.672,34.858,34.947,35.167,35.174,35.27,35.373,35.318,35.311,35.236,35.174,35.071,34.817,34.403,34.029,33.988,34.05,34.299,34.313,34.341,34.375,34.389,34.513,34.52,34.803,34.982,35.071,35.112,35.071,35.057,35.085,35.099,35.078,35.085,35.14,35.181,35.229,35.346,35.585,35.653,35.756,35.804,35.838,35.865,35.926,35.94,35.94,35.967,36.001,36.09,36.131,36.185,36.26,36.246,36.219,36.233,36.178,36.172,36.11,36.117,36.11,36.104,36.069,36.042,35.995,35.94,35.838,35.763,35.722,35.701,35.715,35.763,35.845,35.879,35.988,36.063,36.124,36.124,36.117,36.124,36.11,36.09,36.042,35.974,35.899,35.872,35.804,35.776,35.681,35.667,35.626,35.626,35.619,35.66,35.66,35.715,35.708,35.776,35.824,35.879,35.92,35.899,36.008,35.974,36.063,36.09,36.124,36.138,36.09,36.083,36.076,36.029,35.933,35.872,35.845,35.851,35.892,35.926,35.981,36.001,36.001,35.988,35.94,35.899,35.872,35.831,35.653,35.647,35.599,35.571,35.64,35.722,35.783,35.797,35.879,35.865,35.776,35.776,35.51,35.455,35.435,35.441,35.448,35.476,35.469,35.496,35.482,35.407,35.325,35.085,35.03,34.954,34.899,34.892,34.686,34.479,34.002,33.703,33.599,33.571,33.626,33.689,33.877,33.779,33.606,33.466,33.327,33.654,34.741,34.755,34.658,34.541,34.147,33.089,30.07,27.222,26.131,25.698,25.247,25.112,25.029,24.969,24.886,24.833,24.757,24.727,24.689,24.682,24.659,24.598,24.576,24.56,24.53,24.515,24.454,24.447,24.409,24.394,24.348,24.348,24.325,24.28,24.257,24.219,24.204,24.196,24.189,24.181,24.166,24.151,24.135,24.12,24.097,24.097,24.113,24.105,24.105,24.105,24.082,24.082,24.075,24.067,24.075,24.059,24.044,24.052,24.037,24.044,24.044,24.029,24.014,24.021,24.014,24.037,24.021,24.006,23.998,23.983,23.991,23.991,23.976,23.968,23.968,23.953,23.991,24.014,24.014,24.014,24.006,23.991,23.968,23.953,23.96,23.953,23.945,23.938,23.938,23.915,23.96,23.945,23.953,23.976,23.953,23.96,23.945,23.93,23.945,23.93,23.922,23.907,23.892,23.877,23.884,23.892,23.899,23.899,23.884,23.877,23.861,23.869,23.846,23.854,23.854,23.869,23.892,23.899,23.892,23.884,23.838,23.869,23.808,23.808,23.838,23.838,23.831,23.831,23.838,23.846,23.816,23.823,23.808,23.823,23.8,23.785,23.823,23.823,23.816,23.793,23.793,23.777,23.793,23.793,23.777,23.77,23.777,23.785,23.793,23.808,23.831,23.808,23.816,23.8,23.808,23.777,23.777,23.755,23.747,23.732,23.724,23.724,23.716,23.747,23.716,23.716,23.739,23.732,23.747,23.747,23.755,23.709,23.747,23.732,23.709,23.739,23.716,23.716,23.732,23.678,23.678,23.678,23.632,23.663,23.64,23.648,23.663,23.671,23.655,23.655,23.655,23.678,23.678,23.709,23.686,23.701,23.716,23.663,23.686,23.709,23.64,23.648,23.632,23.671,23.663,23.655,23.693,23.655,23.655,23.671,23.686,23.693,23.701,23.701,23.732,23.663,23.663,23.678,23.678,23.709,23.671,23.671
,23.586,23.602,23.609,23.579,23.586,23.586,23.571,23.586,23.564,23.579,23.586,23.586,23.617,23.594,23.602,23.625,23.64,23.686,23.671,23.701,23.693,23.693,23.693,23.686,23.693,23.693,23.701,23.709,23.724,23.747,23.747,23.732,23.724,23.724,23.693,23.701,23.693,23.693,23.701,23.709,23.732,23.739,23.739,23.762,23.724,23.732,23.747,23.739,23.747,23.739,23.777,23.785,23.777,23.8,23.793,23.762,23.747,23.755,23.77,23.777,23.777,23.816,23.762,23.823,23.823,23.808,23.816,23.823,23.816,23.823,23.838,23.838,23.838,23.838,23.846,23.831,23.831,23.838,23.846,23.838,23.838,23.846,23.838,23.854,23.861,23.884,23.907,23.907,23.907,23.922,23.899,23.915,23.907,23.915,23.915,23.877,23.892,23.892,23.877,23.869,23.861,23.877,23.892,23.892,23.892,23.899,23.907,23.907,23.93,23.93,23.953,23.938,23.945,23.938,23.953,23.96,23.968,23.968,23.968,23.96,23.96,23.96,23.976,23.991,23.991,24.014,24.006,24.014,24.021,24.006,24.006,24.021,24.037,24.021,24.021,24.037,24.006,24.029,24.037,24.014,24.067,24.067,24.075,24.067,24.082,24.082,24.09,24.105,24.105,24.09,24.09,24.082,24.09,24.082,24.097,24.12,24.12,24.135,24.135,24.12,24.135,24.135,24.143,24.143,24.158,24.166,24.166,24.166,24.151,24.158,24.128,24.143,24.143,24.135,24.158,24.181,24.204,24.219,24.211,24.196,24.211,24.265,24.249,24.265,24.265,24.272,24.28,24.265,24.257,24.257,24.272,24.272,24.28,24.28,24.272,24.295,24.287,24.287,24.295,24.318,24.333,24.341,24.363,24.356,24.379,24.394,24.401,24.386,24.416,24.447,24.47,24.485,24.485,24.485,24.523,24.56,24.576,24.598,24.591,24.606,24.629,24.629,24.659,24.682,24.719,24.742,24.772,24.803,24.825,24.833,24.848,24.863,24.886,24.938,24.969,25.036,25.082,25.157,25.195,25.338,25.36,25.698,26.049,27.488,30.586,32.282,33.026,33.522,34.112,34.396,34.596,34.803,35.064,35.119,35.352,35.407,35.366,35.373,35.366,35.291,35.208,35.105,34.734,34.244,33.967,33.974,34.14,34.23,34.244,34.313,34.348,34.355,34.403,34.431,34.576,34.906,34.996,35.044,35.071,35.057,35.057,35.051,35.078,35.071,35.071,35.126,35.188,35.373,35.462,35.599,35.667,35.701,35.77,35.797,35.858,35.858,35.899,35.926,35.947,35.988,35.995,36.056,36.09,36.124,36.138,36.178,36.178,36.049,36.035,36.09,36.09,36.063,36.035,36.029,35.974,35.892,35.81,35.77,35.708,35.735,35.729,35.783,35.817,35.858,35.954,36.022,36.076,36.11,36.117,36.131,36.117,36.09,36.049,36.008,35.933,35.858,35.749,35.701,35.674,35.64,35.606,35.592,35.585,35.606,35.599,35.681,35.674,35.742,35.783,35.77,35.831,35.851,35.845,35.886,35.974,35.954,36.042,36.042,36.042,36.063,36.029,35.981,35.92,35.858,35.838,35.845,35.879,35.92,35.954,35.981,35.981,35.988,35.974,35.96,35.94,35.94,35.735,35.551,35.544,35.537,35.551,35.606,35.633,35.742,35.81,35.804,35.715,35.599,35.469,35.407,35.393,35.407,35.435,35.455,35.469,35.489,35.476,35.435,35.284,35.085,35.009,34.982,34.954,34.899,34.844,34.548,34.05,33.772,33.578,33.515,33.578,33.682,33.904,33.932,33.613,33.494,33.306,33.166,34.209,34.686,34.686,34.472,34.133,33.376,31.143,27.266,26.198,25.66,25.27,25.195,25.021,24.946,24.886,24.825,24.772,24.742,24.712,24.682,24.651,24.606,24.576,24.538,24.507,24.5,24.47,24.439,24.394,24.371,24.363,24.341,24.318,24.295,24.234,24.234,24.211,24.181,24.181,24.173,24.158,24.135,24.113,24.12,24.128,24.128,24.097,24.105,24.097,24.09,24.082,24.067,24.067,24.059,24.059,24.059,24.044,24.037,24.021,24.021,24.014,24.029,24.029,24.014,24.006,23.991,23.998,24.006,24.006,23.991,23.991,23.991,23.983,23.983,23.983,23.983,24.006,23.998,24.014,24.029,24.021,24.006,23.998,23.983,23.96,23.96,23.953,23.968,23.968,23.96,23.96,23.968,23.96,23.976,23.96,23.968,23.945,23.953,23.938,23.93,23.907,23.907,23.884,23.884,23.899,23.899,23.899,23.884,23.869,23.869,23.861,23.846,23.838,23.861,23.877,23.869,23.907,23.899,23.892,23.899,23.861,23.846,23.816,23.846,23.823,23.846,23.861,23.838,23.846,23.869,23.823,23.823,23.808,23.808,23.808,23.831,23.816,23.838,23.777,23.831,23.823,23.808,23.8,23.793,23.793,23.777,23.777,23.793,23.8,23.823,23.823,23.831,23.846,23.808,23.816,23.816,23.77,23.762,23.739,23.716,23.739,23.709,23.709,23.709,23.732,23.739,23.747,23.732,23.77,23.77,23.747,23.724,23.724,23.716,23.693,23.709,23.739,23.724,23.716,23.693,23.678,23.686,23.671,23.625,23.671,23.671,23.693,23.671,23.678,23.648,23.686,23.609,23.686,23.686,23.686,23.693,23.732,23.709,23.678,23.678,23.648,23.648,23.655,23.64,23.663,23.655,23.632,23.64,23.625,23.648,23.663,23.716,23.701,23.709,23.709,23.671,23.701,23.655,23.655,23.678,23.648,23.617
,23.594,23.609,23.609,23.609,23.602,23.594,23.579,23.594,23.586,23.594,23.586,23.594,23.609,23.609,23.617,23.625,23.625,23.632,23.709,23.678,23.709,23.693,23.693,23.686,23.693,23.686,23.686,23.709,23.724,23.739,23.739,23.739,23.732,23.724,23.709,23.709,23.701,23.701,23.709,23.724,23.716,23.693,23.701,23.739,23.716,23.724,23.732,23.747,23.755,23.755,23.785,23.77,23.777,23.785,23.777,23.739,23.747,23.747,23.739,23.747,23.762,23.777,23.793,23.823,23.808,23.816,23.816,23.8,23.831,23.823,23.831,23.846,23.846,23.846,23.831,23.838,23.838,23.846,23.846,23.838,23.854,23.838,23.838,23.854,23.869,23.877,23.915,23.915,23.899,23.892,23.877,23.922,23.892,23.915,23.899,23.884,23.884,23.884,23.869,23.869,23.869,23.869,23.877,23.899,23.884,23.899,23.907,23.922,23.922,23.945,23.93,23.93,23.938,23.945,23.938,23.96,23.968,23.968,23.953,23.968,23.96,23.968,23.976,23.976,23.968,23.983,24.006,24.014,23.998,24.006,24.014,24.014,23.998,24.006,24.014,24.006,24.021,24.021,24.052,24.052,24.052,24.067,24.075,24.059,24.067,24.067,24.075,24.097,24.105,24.09,24.09,24.082,24.09,24.09,24.097,24.12,24.12,24.135,24.113,24.143,24.143,24.135,24.151,24.158,24.166,24.151,24.173,24.166,24.143,24.158,24.151,24.135,24.135,24.143,24.173,24.173,24.196,24.204,24.211,24.196,24.204,24.234,24.249,24.28,24.249,24.272,24.265,24.265,24.265,24.265,24.249,24.295,24.287,24.295,24.295,24.287,24.295,24.28,24.295,24.318,24.318,24.341,24.348,24.363,24.371,24.394,24.401,24.416,24.439,24.462,24.462,24.485,24.477,24.5,24.53,24.576,24.583,24.598,24.606,24.613,24.636,24.644,24.674,24.697,24.735,24.727,24.765,24.795,24.818,24.848,24.848,24.855,24.908,24.931,24.991,25.021,25.082,25.112,25.225,25.353,25.375,25.93,25.997,27.318,30.593,32.254,32.957,33.564,34.015,34.375,34.651,34.892,35.037,35.14,35.298,35.414,35.414,35.393,35.346,35.277,35.099,34.982,34.52,34.237,33.974,33.974,33.96,34.085,34.216,34.258,34.306,34.368,34.368,34.438,34.527,34.81,34.927,34.975,35.044,35.051,35.044,35.044,35.037,35.044,35.064,35.154,35.202,35.359,35.448,35.537,35.578,35.674,35.647,35.694,35.749,35.756,35.756,35.824,35.886,35.886,35.94,35.988,36.042,36.049,36.049,36.008,35.995,35.96,35.981,36.015,36.015,36.029,36.022,35.974,35.96,35.858,35.749,35.749,35.729,35.708,35.749,35.77,35.838,35.926,36.001,35.995,36.09,36.11,36.131,36.138,36.131,36.124,36.069,35.981,35.967,35.879,35.742,35.701,35.667,35.647,35.612,35.578,35.558,35.551,35.571,35.633,35.64,35.681,35.749,35.722,35.77,35.79,35.81,35.804,35.886,35.851,35.926,35.995,36.029,36.008,35.981,35.947,35.899,35.886,35.851,35.838,35.858,35.886,35.94,35.96,35.981,35.988,36.001,35.967,35.967,35.974,35.681,35.626,35.517,35.51,35.53,35.537,35.619,35.688,35.701,35.722,35.599,35.503,35.435,35.366,35.38,35.393,35.421,35.455,35.462,35.476,35.482,35.421,35.188,35.105,35.044,34.989,34.927,34.941,34.782,34.5,34.126,33.654,33.543,33.452,33.487,33.633,33.939,33.981,33.814,33.508,33.138,33.089,34.008,34.513,34.576,34.444,34.147,33.494,31.42,27.98,26.362,25.638,25.323,25.202,25.082,24.976,24.863,24.833,24.787,24.735,24.719,24.674,24.621,24.583,24.583,24.507,24.507,24.5,24.454,24.432,24.409,24.371,24.371,24.348,24.31,24.272,24.265,24.219,24.196,24.204,24.181,24.166,24.143,24.143,24.128,24.128,24.128,24.113,24.113,24.097,24.09,24.09,24.082,24.075,24.075,24.075,24.067,24.052,24.037,24.052,24.029,24.014,24.021,24.014,24.029,24.037,24.014,23.991,23.998,24.006,24.006,23.998,23.998,23.991,23.983,23.991,23.976,23.983,23.998,23.991,24.006,23.998,23.998,24.029,24.006,23.953,23.968,23.953,23.945,23.968,23.96,23.96,23.953,23.968,23.968,23.953,23.968,23.938,23.945,23.96,23.953,23.922,23.915,23.899,23.892,23.899,23.907,23.892,23.899,23.884,23.869,23.877,23.854,23.861,23.869,23.861,23.877,23.884,23.907,23.892,23.899,23.892,23.838,23.846,23.816,23.831,23.831,23.861,23.861,23.854,23.861,23.846,23.816,23.816,23.8,23.8,23.816,23.816,23.808,23.816,23.8,23.831,23.838,23.816,23.823,23.793,23.785,23.777,23.777,23.808,23.808,23.831,23.831,23.816,23.793,23.823,23.808,23.777,23.777,23.747,23.762,23.724,23.732,23.709,23.709,23.709,23.716,23.724,23.724,23.747,23.739,23.724,23.747,23.747,23.747,23.716,23.716,23.716,23.716,23.709,23.693,23.709,23.693,23.655,23.663,23.671,23.686,23.663,23.671,23.693,23.655,23.671,23.648,23.632,23.693,23.678,23.709,23.724,23.701,23.701,23.709,23.709,23.678,23.655,23.632,23.648,23.655,23.64,23.609,23.632,23.617,23.632,23.648,23.678,23.701,23.716,23.724,23.686,23.648,23.663,23.655,23.655,23.648,23.686
,23.609,23.609,23.609,23.602,23.617,23.602,23.602,23.579,23.579,23.602,23.602,23.586,23.602,23.617,23.617,23.617,23.655,23.632,23.663,23.686,23.709,23.693,23.686,23.678,23.663,23.678,23.686,23.701,23.724,23.732,23.747,23.747,23.732,23.724,23.716,23.709,23.716,23.693,23.709,23.693,23.709,23.709,23.747,23.716,23.716,23.724,23.724,23.747,23.77,23.755,23.777,23.777,23.762,23.77,23.755,23.755,23.732,23.747,23.747,23.755,23.793,23.8,23.77,23.831,23.8,23.816,23.793,23.808,23.816,23.831,23.846,23.861,23.861,23.861,23.854,23.854,23.846,23.854,23.838,23.838,23.838,23.846,23.846,23.861,23.877,23.884,23.907,23.884,23.892,23.861,23.861,23.892,23.892,23.884,23.877,23.869,23.877,23.892,23.884,23.884,23.884,23.869,23.884,23.892,23.899,23.892,23.892,23.915,23.915,23.93,23.945,23.922,23.953,23.938,23.96,23.953,23.953,23.96,23.968,23.976,23.96,23.96,23.96,23.968,23.991,23.968,23.998,24.006,23.998,24.029,24.006,23.976,23.983,24.014,23.998,24.029,24.014,24.021,24.044,24.044,24.044,24.059,24.052,24.067,24.059,24.059,24.082,24.097,24.105,24.09,24.082,24.082,24.09,24.09,24.105,24.113,24.12,24.12,24.128,24.135,24.151,24.151,24.166,24.166,24.173,24.181,24.173,24.166,24.151,24.151,24.143,24.143,24.158,24.158,24.181,24.196,24.189,24.204,24.204,24.211,24.219,24.242,24.249,24.257,24.257,24.272,24.257,24.272,24.272,24.272,24.265,24.287,24.295,24.303,24.295,24.265,24.287,24.287,24.303,24.31,24.318,24.341,24.348,24.363,24.379,24.394,24.409,24.432,24.447,24.47,24.47,24.47,24.485,24.485,24.545,24.568,24.583,24.606,24.621,24.629,24.644,24.666,24.689,24.712,24.727,24.75,24.765,24.787,24.818,24.84,24.848,24.871,24.908,24.961,24.991,25.044,25.089,25.134,25.232,25.345,25.368,25.615,26.049,27.222,30.457,32.247,33.096,33.508,34.112,34.389,34.72,34.982,35.092,35.256,35.421,35.551,35.476,35.421,35.304,35.215,35.105,34.541,34.279,34.216,33.981,33.911,33.918,33.981,34.05,34.133,34.216,34.32,34.355,34.348,34.486,34.817,34.947,35.002,35.016,35.037,35.044,35.057,35.044,35.078,35.057,35.195,35.229,35.284,35.359,35.448,35.503,35.571,35.619,35.64,35.674,35.681,35.729,35.763,35.838,35.845,35.892,35.933,35.995,36.035,35.981,35.947,35.933,35.913,35.913,35.947,35.974,35.974,35.96,35.947,35.92,35.851,35.831,35.729,35.763,35.735,35.77,35.81,35.838,35.872,35.926,36.056,36.049,36.185,36.185,36.172,36.172,36.172,36.076,36.015,35.981,35.899,35.79,35.729,35.729,35.653,35.633,35.592,35.565,35.524,35.544,35.517,35.599,35.647,35.674,35.708,35.722,35.729,35.749,35.735,35.763,35.79,35.817,35.851,35.96,35.96,35.926,35.926,35.886,35.851,35.831,35.81,35.831,35.886,35.899,35.94,35.94,35.947,35.995,36.015,36.001,35.933,35.715,35.626,35.551,35.462,35.469,35.482,35.53,35.558,35.599,35.626,35.585,35.496,35.421,35.4,35.366,35.373,35.407,35.441,35.469,35.469,35.462,35.373,35.092,34.954,34.92,34.886,34.934,34.865,34.72,34.534,34.105,33.64,33.445,33.404,33.543,33.647,33.981,33.995,33.661,33.536,33.173,33.152,34.008,34.52,34.5,34.223,34.008,33.689,32.043,28.608,26.504,25.645,25.33,25.195,25.127,25.006,24.871,24.84,24.787,24.727,24.689,24.651,24.636,24.598,24.576,24.53,24.538,24.485,24.439,24.439,24.409,24.386,24.363,24.348,24.31,24.265,24.242,24.219,24.189,24.189,24.158,24.158,24.128,24.135,24.128,24.12,24.12,24.12,24.105,24.105,24.09,24.082,24.09,24.082,24.09,24.075,24.067,24.059,24.037,24.044,24.029,24.021,24.029,24.014,23.998,23.983,24.014,23.998,24.006,24.006,24.006,23.998,23.991,23.991,23.976,23.991,23.983,23.976,23.968,23.991,23.96,24.029,23.983,23.991,24.006,23.991,23.983,23.976,23.968,23.945,23.968,23.96,23.96,23.953,23.96,23.96,23.968,23.93,23.976,23.915,23.93,23.915,23.915,23.892,23.892,23.899,23.907,23.907,23.899,23.877,23.877,23.884,23.877,23.854,23.869,23.877,23.869,23.892,23.892,23.899,23.899,23.877,23.846,23.8,23.816,23.838,23.816,23.846,23.854,23.854,23.854,23.854,23.831,23.793,23.808,23.808,23.816,23.831,23.808,23.823,23.816,23.816,23.793,23.793,23.8,23.793,23.785,23.785,23.785,23.8,23.823,23.831,23.808,23.808,23.823,23.808,23.8,23.8,23.755,23.747,23.739,23.732,23.732,23.709,23.709,23.716,23.739,23.739,23.732,23.785,23.739,23.755,23.739,23.739,23.732,23.709,23.693,23.747,23.716,23.716,23.701,23.709,23.709,23.686,23.732,23.678,23.686,23.663,23.655,23.678,23.655,23.64,23.663,23.678,23.671,23.701,23.678,23.701,23.693,23.724,23.716,23.732,23.671,23.663,23.655,23.64,23.648,23.648,23.617,23.632,23.632,23.632,23.686,23.655,23.686,23.648,23.716,23.686,23.655,23.648,23.64,23.625,23.648,23.701
,23.648,23.625,23.625,23.602,23.617,23.594,23.617,23.602,23.602,23.586,23.609,23.586,23.586,23.609,23.625,23.64,23.663,23.648,23.632,23.671,23.663,23.693,23.686,23.671,23.678,23.686,23.678,23.686,23.709,23.724,23.739,23.739,23.739,23.732,23.716,23.709,23.693,23.686,23.709,23.693,23.686,23.732,23.716,23.716,23.716,23.724,23.747,23.739,23.762,23.77,23.762,23.762,23.77,23.777,23.762,23.755,23.739,23.739,23.755,23.755,23.77,23.785,23.777,23.808,23.8,23.816,23.808,23.808,23.816,23.823,23.831,23.854,23.854,23.846,23.846,23.846,23.846,23.838,23.831,23.869,23.854,23.838,23.854,23.877,23.884,23.892,23.899,23.884,23.877,23.877,23.861,23.869,23.854,23.861,23.877,23.869,23.892,23.884,23.899,23.884,23.892,23.892,23.884,23.884,23.892,23.892,23.899,23.899,23.907,23.922,23.907,23.915,23.922,23.953,23.938,23.938,23.953,23.953,23.968,23.945,23.96,23.968,23.968,23.953,23.976,23.968,23.983,23.998,23.998,24.006,23.991,23.983,23.983,23.991,24.006,24.006,24.014,24.014,24.021,24.044,24.059,24.044,24.052,24.059,24.037,24.075,24.052,24.09,24.082,24.09,24.09,24.082,24.097,24.105,24.097,24.105,24.105,24.12,24.12,24.128,24.151,24.151,24.173,24.166,24.166,24.173,24.173,24.181,24.166,24.151,24.151,24.143,24.166,24.173,24.189,24.189,24.196,24.204,24.196,24.219,24.227,24.234,24.242,24.249,24.257,24.272,24.257,24.265,24.272,24.257,24.257,24.287,24.287,24.295,24.295,24.287,24.295,24.295,24.303,24.31,24.333,24.341,24.356,24.371,24.379,24.386,24.416,24.424,24.462,24.454,24.462,24.47,24.485,24.507,24.53,24.553,24.583,24.613,24.621,24.629,24.651,24.689,24.697,24.735,24.75,24.735,24.78,24.81,24.833,24.84,24.863,24.886,24.923,24.954,25.014,25.044,25.104,25.127,25.232,25.315,25.42,25.645,25.915,26.697,29.659,32.191,33.012,33.682,33.953,34.375,34.713,35.03,35.167,35.393,35.653,35.571,35.51,35.393,35.229,35.229,34.527,34.299,34.251,34.036,33.904,33.87,33.87,33.946,34.064,34.133,34.168,34.195,34.251,34.389,34.541,34.679,34.803,34.941,35.051,35.057,35.064,35.078,35.085,35.064,35.119,35.16,35.222,35.298,35.325,35.428,35.503,35.524,35.578,35.592,35.633,35.66,35.694,35.735,35.722,35.783,35.858,35.899,35.892,35.926,35.933,35.926,35.817,35.838,35.845,35.899,35.933,35.947,35.926,35.94,35.879,35.838,35.831,35.763,35.756,35.776,35.804,35.817,35.817,35.858,35.926,36.022,36.083,36.233,36.24,36.253,36.219,36.212,36.138,36.097,36.029,35.926,35.872,35.824,35.742,35.694,35.667,35.612,35.558,35.524,35.53,35.524,35.571,35.585,35.619,35.66,35.681,35.708,35.715,35.729,35.722,35.708,35.735,35.79,35.783,35.858,35.892,35.858,35.858,35.824,35.776,35.77,35.79,35.783,35.824,35.879,35.879,35.906,35.92,35.94,35.92,35.838,35.831,35.688,35.503,35.441,35.441,35.428,35.482,35.469,35.537,35.558,35.599,35.537,35.441,35.387,35.346,35.346,35.4,35.455,35.462,35.448,35.4,35.263,34.989,35.009,34.913,34.844,34.817,34.851,34.727,34.265,33.897,33.668,33.404,33.418,33.452,33.849,33.988,34.015,33.626,33.494,33.152,33.473,34.424,34.603,34.396,34.175,33.904,33.606,32.304,28.739,26.645,25.623,25.473,25.127,25.089,25.044,24.893,24.81,24.765,24.727,24.689,24.644,24.613,24.576,24.576,24.53,24.523,24.477,24.462,24.432,24.424,24.371,24.356,24.356,24.303,24.272,24.257,24.227,24.204,24.196,24.158,24.151,24.135,24.128,24.135,24.12,24.12,24.128,24.105,24.113,24.082,24.082,24.097,24.09,24.097,24.082,24.059,24.059,24.044,24.052,24.037,24.029,24.029,24.014,24.014,24.014,23.991,24.014,24.014,24.014,24.006,23.998,23.983,23.976,23.976,23.991,23.983,23.96,23.991,24.006,23.983,23.998,23.991,23.998,24.006,23.991,23.983,23.976,23.976,23.968,23.968,23.96,23.938,23.953,23.945,23.96,23.96,23.93,23.915,23.907,23.915,23.907,23.907,23.899,23.907,23.907,23.915,23.907,23.899,23.877,23.869,23.846,23.869,23.861,23.884,23.838,23.869,23.877,23.861,23.869,23.899,23.854,23.838,23.831,23.816,23.823,23.831,23.831,23.838,23.831,23.854,23.861,23.831,23.816,23.808,23.808,23.823,23.823,23.823,23.846,23.823,23.808,23.838,23.816,23.808,23.793,23.793,23.793,23.808,23.816,23.823,23.823,23.823,23.816,23.8,23.8,23.762,23.793,23.755,23.762,23.747,23.739,23.724,23.724,23.716,23.716,23.724,23.732,23.777,23.762,23.732,23.739,23.755,23.747,23.724,23.709,23.716,23.693,23.709,23.716,23.693,23.709,23.701,23.724,23.701,23.709,23.678,23.671,23.663,23.655,23.678,23.671,23.671,23.671,23.686,23.686,23.655,23.678,23.678,23.739,23.686,23.701,23.693,23.671,23.648,23.64,23.655,23.648,23.617,23.617,23.64,23.64,23.632,23.632,23.701,23.686,23.663,23.678,23.678,23.655,23.671,23.609,23.632,23.617
,23.617,23.625,23.617,23.617,23.609,23.617,23.586,23.594,23.586,23.609,23.602,23.602,23.594,23.625,23.648,23.632,23.648,23.609,23.632,23.663,23.663,23.678,23.678,23.671,23.671,23.671,23.701,23.686,23.716,23.732,23.732,23.747,23.732,23.724,23.724,23.716,23.701,23.693,23.701,23.709,23.701,23.716,23.724,23.716,23.716,23.724,23.747,23.747,23.747,23.755,23.755,23.77,23.762,23.77,23.77,23.77,23.77,23.747,23.762,23.762,23.777,23.8,23.8,23.808,23.808,23.808,23.816,23.816,23.831,23.838,23.831,23.846,23.869,23.854,23.854,23.877,23.846,23.831,23.861,23.869,23.861,23.869,23.869,23.877,23.884,23.907,23.892,23.892,23.884,23.869,23.854,23.861,23.854,23.854,23.869,23.869,23.869,23.884,23.884,23.899,23.892,23.884,23.877,23.884,23.884,23.884,23.899,23.899,23.892,23.907,23.899,23.899,23.922,23.915,23.915,23.96,23.953,23.938,23.96,23.96,23.953,23.983,23.96,23.96,23.96,23.96,23.983,23.983,23.991,23.991,23.991,23.983,23.976,23.998,23.983,23.991,24.014,24.029,24.037,24.037,24.044,24.044,24.037,24.044,24.044,24.044,24.067,24.059,24.059,24.075,24.097,24.105,24.113,24.097,24.105,24.09,24.105,24.105,24.097,24.135,24.151,24.166,24.166,24.173,24.181,24.181,24.181,24.166,24.166,24.151,24.151,24.166,24.173,24.189,24.204,24.204,24.196,24.196,24.196,24.211,24.234,24.242,24.234,24.234,24.227,24.242,24.265,24.272,24.272,24.265,24.28,24.295,24.28,24.272,24.287,24.295,24.295,24.287,24.303,24.318,24.318,24.341,24.356,24.363,24.386,24.386,24.416,24.432,24.447,24.47,24.462,24.462,24.492,24.523,24.523,24.56,24.553,24.591,24.606,24.621,24.644,24.674,24.712,24.735,24.742,24.765,24.78,24.795,24.81,24.848,24.863,24.901,24.931,24.984,25.021,25.059,25.089,25.134,25.195,25.315,25.465,25.653,25.877,26.593,28.652,32.007,32.964,33.71,34.237,34.403,34.775,35.215,35.27,35.537,35.647,35.653,35.715,35.585,35.304,34.803,34.23,34.195,34.285,34.272,33.904,33.835,33.821,33.842,33.856,34.043,34.057,34.126,34.182,34.375,34.417,34.645,34.679,34.947,35.064,35.071,35.105,35.105,35.099,35.119,35.092,35.188,35.263,35.291,35.352,35.4,35.455,35.51,35.544,35.578,35.619,35.653,35.694,35.701,35.708,35.763,35.783,35.831,35.845,35.831,35.749,35.79,35.749,35.749,35.851,35.865,35.879,35.906,35.899,35.892,35.858,35.851,35.81,35.804,35.79,35.783,35.79,35.783,35.817,35.865,35.872,36.015,36.083,36.11,36.246,36.246,36.226,36.165,36.138,36.117,35.988,35.988,35.933,35.892,35.838,35.708,35.701,35.633,35.544,35.537,35.517,35.524,35.551,35.578,35.592,35.647,35.647,35.66,35.688,35.674,35.688,35.708,35.688,35.708,35.742,35.763,35.756,35.749,35.79,35.749,35.749,35.722,35.729,35.749,35.763,35.824,35.81,35.872,35.858,35.865,35.872,35.804,35.694,35.688,35.51,35.469,35.393,35.407,35.428,35.482,35.53,35.558,35.537,35.503,35.482,35.387,35.346,35.339,35.366,35.4,35.428,35.421,35.318,35.181,35.078,34.941,34.796,34.803,34.755,34.624,34.61,34.237,33.946,33.626,33.459,33.397,33.606,33.939,34.05,33.967,33.925,33.599,33.766,34.5,34.81,34.831,34.707,34.327,34.064,33.599,32.543,29.197,26.726,25.78,25.495,25.187,25.112,25.074,24.901,24.81,24.795,24.697,24.689,24.651,24.629,24.621,24.568,24.545,24.53,24.507,24.454,24.454,24.409,24.401,24.363,24.333,24.31,24.287,24.265,24.242,24.219,24.189,24.158,24.158,24.143,24.128,24.135,24.143,24.128,24.113,24.135,24.075,24.09,24.097,24.097,24.09,24.097,24.097,24.067,24.067,24.059,24.052,24.044,24.037,24.037,24.021,24.029,24.021,24.021,24.021,24.029,24.021,24.014,23.991,23.983,23.976,23.968,23.96,23.968,23.938,23.983,24.021,24.021,24.029,23.991,23.998,23.998,23.983,23.976,23.968,23.983,23.968,23.968,23.96,23.945,23.945,23.938,23.907,23.976,23.915,23.945,23.877,23.884,23.907,23.899,23.907,23.899,23.922,23.922,23.915,23.892,23.877,23.854,23.861,23.854,23.854,23.884,23.884,23.861,23.838,23.846,23.846,23.846,23.838,23.846,23.831,23.831,23.823,23.831,23.816,23.854,23.831,23.838,23.838,23.808,23.831,23.816,23.823,23.831,23.823,23.823,23.838,23.808,23.816,23.816,23.816,23.8,23.793,23.793,23.816,23.793,23.816,23.816,23.816,23.823,23.785,23.785,23.785,23.732,23.747,23.762,23.755,23.747,23.732,23.732,23.732,23.716,23.724,23.747,23.77,23.739,23.755,23.747,23.755,23.732,23.739,23.724,23.739,23.716,23.716,23.709,23.701,23.709,23.686,23.724,23.709,23.724,23.693,23.671,23.663,23.663,23.648,23.663,23.671,23.663,23.671,23.701,23.701,23.686,23.686,23.655,23.686,23.693,23.709,23.686,23.663,23.678,23.648,23.64,23.64,23.64,23.655,23.64,23.655,23.64,23.663,23.671,23.655,23.678,23.686,23.678,23.663,23.678,23.625,23.632,23.625
,23.617,23.625,23.594,23.609,23.617,23.586,23.586,23.602,23.586,23.602,23.579,23.594,23.594,23.609,23.64,23.602,23.617,23.655,23.64,23.671,23.671,23.671,23.678,23.678,23.686,23.678,23.686,23.709,23.701,23.724,23.732,23.732,23.709,23.709,23.701,23.678,23.693,23.693,23.701,23.693,23.724,23.709,23.716,23.709,23.724,23.724,23.724,23.732,23.724,23.747,23.762,23.77,23.777,23.785,23.777,23.777,23.777,23.762,23.777,23.77,23.793,23.785,23.793,23.816,23.808,23.808,23.823,23.831,23.838,23.854,23.838,23.838,23.831,23.854,23.884,23.861,23.884,23.877,23.869,23.854,23.846,23.869,23.892,23.892,23.899,23.899,23.884,23.907,23.892,23.877,23.854,23.854,23.854,23.846,23.869,23.854,23.877,23.884,23.892,23.892,23.907,23.892,23.884,23.884,23.884,23.884,23.907,23.915,23.884,23.899,23.892,23.892,23.884,23.922,23.938,23.96,23.953,23.953,23.976,23.968,23.968,23.976,23.968,23.976,23.96,23.983,23.998,23.998,24.014,23.998,23.976,23.998,23.983,24.006,24.014,24.006,24.014,23.998,24.021,24.037,24.044,24.037,24.037,24.037,24.052,24.037,24.052,24.113,24.059,24.09,24.097,24.12,24.113,24.113,24.105,24.097,24.082,24.12,24.128,24.135,24.158,24.158,24.166,24.166,24.166,24.181,24.173,24.181,24.181,24.166,24.158,24.181,24.189,24.196,24.211,24.196,24.204,24.196,24.211,24.227,24.219,24.242,24.242,24.234,24.242,24.234,24.249,24.265,24.28,24.265,24.272,24.28,24.28,24.295,24.287,24.31,24.303,24.31,24.318,24.325,24.341,24.348,24.371,24.371,24.371,24.409,24.409,24.439,24.439,24.462,24.47,24.485,24.5,24.507,24.523,24.553,24.553,24.583,24.591,24.613,24.666,24.674,24.704,24.735,24.742,24.75,24.78,24.78,24.803,24.818,24.878,24.938,24.954,24.946,25.014,25.052,25.089,25.142,25.165,25.33,25.375,25.525,25.855,26.593,28.199,31.675,32.95,33.661,34.216,34.417,35.112,35.284,35.517,35.565,35.77,35.804,35.749,35.544,35.147,34.216,34.119,34.154,34.237,34.168,34.071,33.8,33.821,33.766,33.835,33.897,33.939,33.946,34.105,34.265,34.438,34.562,34.713,35.037,35.078,35.14,35.147,35.147,35.154,35.14,35.16,35.16,35.291,35.339,35.38,35.414,35.441,35.503,35.544,35.578,35.599,35.633,35.66,35.653,35.701,35.708,35.742,35.776,35.81,35.783,35.742,35.708,35.715,35.729,35.783,35.831,35.851,35.872,35.879,35.879,35.851,35.838,35.824,35.817,35.797,35.783,35.783,35.776,35.79,35.817,35.865,36.001,36.035,36.138,36.172,36.192,36.144,36.165,36.138,36.09,36.049,35.974,35.954,35.892,35.872,35.763,35.694,35.653,35.571,35.524,35.517,35.53,35.53,35.571,35.592,35.626,35.633,35.653,35.653,35.66,35.66,35.667,35.66,35.681,35.688,35.667,35.715,35.715,35.735,35.715,35.701,35.694,35.612,35.653,35.667,35.79,35.776,35.824,35.845,35.804,35.804,35.763,35.701,35.612,35.489,35.435,35.393,35.387,35.428,35.462,35.489,35.537,35.503,35.517,35.414,35.393,35.393,35.373,35.407,35.448,35.407,35.325,35.236,35.002,34.975,34.886,34.782,34.741,34.7,34.624,34.417,34.119,33.946,33.661,33.376,33.369,33.473,33.981,34.119,34.154,34.078,34.817,34.844,35.009,34.996,34.906,34.645,34.368,34.043,33.452,32.599,29.522,27.133,26.131,25.315,25.255,25.089,24.969,24.991,24.84,24.757,24.735,24.682,24.644,24.613,24.598,24.568,24.523,24.5,24.492,24.477,24.454,24.409,24.379,24.356,24.325,24.325,24.303,24.272,24.242,24.227,24.204,24.158,24.135,24.143,24.128,24.128,24.135,24.12,24.135,24.128,24.113,24.082,24.105,24.105,24.105,24.097,24.075,24.075,24.082,24.067,24.059,24.044,24.037,24.029,24.037,24.037,24.044,24.037,24.037,24.044,24.029,24.021,23.998,23.968,23.976,23.96,23.968,23.976,23.991,24.006,24.037,24.021,23.976,23.991,23.991,23.983,23.998,23.991,23.976,23.976,23.983,23.968,23.96,23.938,23.953,23.93,23.953,23.96,23.938,23.907,23.907,23.892,23.899,23.907,23.922,23.93,23.938,23.915,23.907,23.892,23.869,23.846,23.846,23.831,23.854,23.854,23.861,23.816,23.808,23.808,23.831,23.869,23.838,23.831,23.854,23.838,23.831,23.831,23.808,23.831,23.823,23.831,23.831,23.823,23.831,23.831,23.816,23.831,23.846,23.831,23.846,23.831,23.823,23.869,23.8,23.808,23.793,23.793,23.816,23.793,23.8,23.793,23.8,23.785,23.762,23.785,23.755,23.755,23.755,23.777,23.739,23.747,23.739,23.732,23.732,23.732,23.724,23.724,23.777,23.777,23.762,23.777,23.755,23.732,23.747,23.739,23.747,23.732,23.724,23.716,23.709,23.686,23.732,23.709,23.709,23.693,23.709,23.671,23.625,23.655,23.663,23.655,23.671,23.678,23.686,23.693,23.686,23.678,23.655,23.686,23.655,23.663,23.701,23.693,23.693,23.686,23.655,23.671,23.655,23.671,23.671,23.678,23.678,23.663,23.671,23.655,23.648,23.655,23.693,23.716,23.655,23.678,23.686,23.609,23.716
,23.632,23.609,23.617,23.609,23.609,23.602,23.602,23.579,23.594,23.586,23.586,23.602,23.602,23.602,23.609,23.632,23.648,23.632,23.632,23.663,23.693,23.678,23.663,23.693,23.678,23.686,23.686,23.678,23.709,23.716,23.732,23.724,23.724,23.709,23.693,23.686,23.686,23.716,23.701,23.716,23.732,23.724,23.716,23.716,23.724,23.724,23.732,23.732,23.739,23.747,23.739,23.762,23.777,23.777,23.785,23.793,23.777,23.77,23.785,23.762,23.793,23.8,23.8,23.793,23.8,23.808,23.831,23.838,23.846,23.838,23.816,23.831,23.823,23.823,23.838,23.861,23.846,23.869,23.869,23.846,23.861,23.869,23.869,23.877,23.884,23.892,23.884,23.899,23.899,23.884,23.869,23.861,23.861,23.861,23.884,23.869,23.861,23.869,23.869,23.877,23.892,23.899,23.884,23.892,23.892,23.884,23.892,23.884,23.907,23.899,23.892,23.907,23.899,23.899,23.915,23.953,23.953,23.968,23.968,23.96,23.976,23.968,23.983,23.976,23.983,23.998,24.006,24.006,24.014,24.006,24.006,23.991,23.998,23.998,24.006,24.006,24.006,24.006,24.006,24.014,24.037,24.044,24.044,24.044,24.044,24.059,24.059,24.052,24.105,24.097,24.105,24.105,24.12,24.105,24.097,24.105,24.097,24.113,24.128,24.151,24.151,24.135,24.151,24.166,24.173,24.158,24.196,24.196,24.166,24.181,24.181,24.189,24.181,24.196,24.189,24.196,24.196,24.196,24.211,24.219,24.227,24.242,24.227,24.227,24.219,24.234,24.249,24.257,24.28,24.272,24.265,24.28,24.28,24.265,24.295,24.295,24.31,24.318,24.325,24.333,24.333,24.356,24.379,24.394,24.371,24.416,24.401,24.439,24.447,24.454,24.47,24.47,24.507,24.515,24.523,24.538,24.553,24.568,24.598,24.613,24.644,24.666,24.697,24.727,24.75,24.757,24.765,24.78,24.825,24.848,24.871,24.908,24.923,24.961,25.014,25.067,25.089,25.134,25.18,25.285,25.353,25.443,25.75,26.28,27.591,31.143,32.971,33.842,34.361,34.968,35.25,35.325,35.647,35.763,35.845,35.851,35.838,35.715,35.037,33.981,33.967,34.147,34.223,34.223,34.022,33.766,33.71,33.752,33.772,33.786,33.925,34.008,34.119,34.099,34.361,34.562,34.879,34.975,35.126,35.14,35.222,35.188,35.167,35.202,35.181,35.208,35.298,35.346,35.38,35.421,35.462,35.503,35.551,35.571,35.619,35.653,35.647,35.674,35.66,35.681,35.729,35.749,35.756,35.749,35.701,35.681,35.701,35.742,35.763,35.804,35.824,35.838,35.831,35.845,35.838,35.845,35.824,35.81,35.797,35.776,35.763,35.742,35.749,35.783,35.77,35.838,35.879,36.029,36.063,36.029,36.069,36.097,36.117,36.063,36.063,36.015,35.967,35.926,35.831,35.701,35.633,35.599,35.571,35.524,35.524,35.524,35.544,35.578,35.585,35.606,35.633,35.647,35.653,35.66,35.647,35.653,35.647,35.66,35.647,35.64,35.647,35.667,35.667,35.681,35.647,35.633,35.633,35.633,35.626,35.681,35.742,35.701,35.722,35.708,35.708,35.688,35.626,35.619,35.482,35.435,35.407,35.387,35.393,35.455,35.455,35.503,35.496,35.469,35.448,35.435,35.387,35.373,35.393,35.4,35.387,35.387,35.236,34.989,34.899,34.831,34.686,34.645,34.658,34.603,34.548,34.036,33.925,33.543,33.334,33.306,33.661,34.126,34.258,34.458,34.913,35.154,35.14,35.14,35.016,34.831,34.603,34.092,34.002,33.431,32.599,29.796,27.185,26.094,25.338,25.134,25.112,24.938,24.916,24.848,24.787,24.735,24.689,24.651,24.644,24.621,24.545,24.545,24.515,24.485,24.462,24.432,24.401,24.386,24.363,24.341,24.31,24.31,24.272,24.257,24.219,24.211,24.166,24.151,24.143,24.135,24.128,24.135,24.128,24.128,24.12,24.128,24.097,24.105,24.105,24.097,24.097,24.082,24.082,24.052,24.059,24.052,24.044,24.037,24.029,24.029,24.037,24.044,24.044,24.052,24.044,24.037,24.014,24.006,23.983,23.968,23.976,23.976,23.968,23.983,24.006,23.991,23.998,23.998,23.968,23.968,23.968,23.968,23.983,23.983,23.968,23.983,23.96,23.953,23.915,23.938,23.945,23.915,23.93,23.953,23.922,23.899,23.884,23.899,23.915,23.93,23.938,23.938,23.93,23.93,23.884,23.861,23.854,23.846,23.831,23.838,23.846,23.823,23.816,23.838,23.816,23.823,23.831,23.831,23.823,23.846,23.915,23.846,23.823,23.816,23.816,23.816,23.823,23.816,23.816,23.831,23.846,23.823,23.861,23.838,23.823,23.846,23.823,23.816,23.816,23.8,23.8,23.793,23.808,23.8,23.793,23.8,23.8,23.808,23.77,23.77,23.732,23.747,23.739,23.739,23.77,23.777,23.785,23.739,23.732,23.716,23.747,23.701,23.739,23.747,23.747,23.732,23.755,23.732,23.755,23.732,23.724,23.709,23.716,23.709,23.732,23.709,23.678,23.716,23.724,23.701,23.671,23.678,23.678,23.655,23.655,23.663,23.671,23.678,23.663,23.678,23.701,23.709,23.671,23.686,23.686,23.686,23.655,23.686,23.693,23.686,23.678,23.663,23.648,23.678,23.663,23.686,23.693,23.678,23.632,23.64,23.648,23.64,23.648,23.701,23.701,23.693,23.648,23.632,23.609,23.609
,23.586,23.564,23.609,23.617,23.617,23.609,23.617,23.625,23.594,23.594,23.586,23.609,23.579,23.625,23.632,23.625,23.655,23.632,23.671,23.671,23.701,23.686,23.671,23.709,23.693,23.686,23.678,23.686,23.701,23.701,23.732,23.732,23.686,23.693,23.709,23.701,23.716,23.724,23.716,23.747,23.739,23.739,23.739,23.739,23.732,23.732,23.747,23.739,23.739,23.747,23.747,23.739,23.785,23.793,23.793,23.8,23.785,23.777,23.785,23.785,23.77,23.808,23.808,23.808,23.8,23.816,23.838,23.823,23.831,23.838,23.846,23.823,23.831,23.846,23.869,23.854,23.869,23.846,23.869,23.869,23.854,23.861,23.869,23.877,23.884,23.892,23.899,23.884,23.884,23.877,23.899,23.884,23.892,23.884,23.892,23.877,23.861,23.877,23.861,23.877,23.899,23.899,23.899,23.892,23.884,23.907,23.915,23.884,23.899,23.915,23.892,23.899,23.907,23.907,23.922,23.953,23.945,23.953,23.968,23.968,23.976,23.976,23.968,23.998,23.998,24.021,24.014,24.021,24.014,24.014,23.998,23.991,24.006,24.006,24.014,23.998,24.006,23.998,24.006,24.029,24.029,24.044,24.052,24.052,24.052,24.067,24.075,24.075,24.075,24.113,24.113,24.105,24.113,24.12,24.105,24.12,24.097,24.12,24.143,24.151,24.151,24.128,24.135,24.158,24.151,24.181,24.173,24.189,24.173,24.189,24.181,24.196,24.196,24.196,24.189,24.181,24.189,24.204,24.211,24.211,24.227,24.234,24.227,24.234,24.234,24.234,24.242,24.265,24.272,24.272,24.28,24.28,24.272,24.287,24.287,24.318,24.325,24.325,24.333,24.333,24.341,24.341,24.379,24.386,24.401,24.409,24.416,24.424,24.447,24.447,24.477,24.485,24.5,24.515,24.53,24.545,24.553,24.576,24.598,24.613,24.651,24.666,24.697,24.712,24.735,24.735,24.727,24.742,24.787,24.848,24.878,24.908,24.916,24.976,25.006,25.052,25.074,25.127,25.187,25.255,25.39,25.563,25.698,26.288,27.141,30.558,32.943,33.766,34.458,34.961,35.195,35.462,35.653,35.79,35.933,35.96,35.974,35.783,34.824,33.724,33.918,34.105,34.251,34.292,34.223,33.807,33.696,33.64,33.696,33.759,33.884,33.946,34.064,34.202,34.424,34.5,34.831,35.078,35.188,35.277,35.256,35.318,35.27,35.229,35.256,35.236,35.318,35.387,35.393,35.448,35.496,35.524,35.551,35.578,35.633,35.64,35.647,35.66,35.647,35.667,35.688,35.735,35.735,35.715,35.701,35.688,35.701,35.729,35.742,35.776,35.804,35.804,35.824,35.817,35.824,35.831,35.817,35.81,35.797,35.763,35.735,35.715,35.715,35.735,35.742,35.783,35.858,35.988,36.001,36.001,36.035,36.056,36.09,36.029,36.042,35.995,35.933,35.865,35.913,35.729,35.681,35.578,35.537,35.517,35.503,35.524,35.524,35.558,35.585,35.626,35.64,35.66,35.66,35.667,35.66,35.647,35.633,35.626,35.606,35.606,35.606,35.619,35.633,35.64,35.626,35.626,35.592,35.599,35.626,35.599,35.647,35.688,35.688,35.626,35.64,35.626,35.585,35.551,35.496,35.4,35.407,35.387,35.393,35.435,35.476,35.496,35.503,35.482,35.469,35.407,35.407,35.393,35.4,35.393,35.346,35.215,35.078,35.002,34.886,34.831,34.713,34.651,34.61,34.569,34.513,34.119,33.939,33.515,33.299,33.341,33.71,33.953,34.396,34.534,35.236,35.181,35.181,34.975,34.851,34.555,34.299,33.911,33.571,33.369,32.634,29.847,27.207,26.087,25.42,25.18,25.067,24.976,24.878,24.855,24.787,24.75,24.719,24.659,24.613,24.598,24.568,24.553,24.515,24.492,24.485,24.447,24.416,24.394,24.371,24.333,24.318,24.287,24.287,24.265,24.234,24.219,24.173,24.151,24.128,24.143,24.135,24.128,24.143,24.113,24.12,24.113,24.105,24.113,24.113,24.12,24.113,24.082,24.075,24.067,24.059,24.029,24.037,24.021,24.029,24.021,24.037,24.044,24.037,24.052,24.052,24.044,24.037,24.037,24.021,23.976,23.953,23.968,23.968,23.983,23.976,24.006,24.021,24.006,23.976,23.96,23.953,23.991,23.96,23.991,23.983,23.976,23.976,23.96,23.93,23.915,23.922,23.945,23.907,23.922,23.922,23.915,23.922,23.922,23.915,23.922,23.922,23.953,23.915,23.915,23.877,23.861,23.861,23.846,23.846,23.846,23.899,23.846,23.838,23.846,23.838,23.831,23.831,23.831,23.838,23.846,23.854,23.831,23.838,23.831,23.831,23.816,23.816,23.831,23.831,23.823,23.838,23.846,23.877,23.838,23.838,23.831,23.823,23.816,23.808,23.793,23.816,23.785,23.77,23.793,23.777,23.8,23.808,23.793,23.8,23.793,23.777,23.709,23.762,23.785,23.762,23.777,23.77,23.732,23.732,23.716,23.693,23.663,23.709,23.747,23.755,23.762,23.755,23.739,23.77,23.739,23.732,23.724,23.732,23.732,23.732,23.747,23.701,23.724,23.709,23.686,23.701,23.671,23.671,23.671,23.663,23.663,23.686,23.693,23.693,23.701,23.709,23.709,23.716,23.716,23.716,23.701,23.693,23.701,23.693,23.686,23.709,23.678,23.671,23.671,23.678,23.709,23.671,23.671,23.663,23.64,23.64,23.625,23.64,23.693,23.709,23.678,23.655,23.686,23.64,23.602
,23.579,23.594,23.617,23.602,23.617,23.632,23.617,23.617,23.602,23.617,23.579,23.579,23.602,23.609,23.625,23.663,23.64,23.632,23.64,23.648,23.701,23.716,23.709,23.724,23.709,23.701,23.686,23.678,23.686,23.701,23.701,23.678,23.678,23.678,23.701,23.716,23.716,23.716,23.732,23.747,23.755,23.732,23.747,23.732,23.739,23.755,23.747,23.747,23.739,23.762,23.732,23.747,23.8,23.8,23.8,23.8,23.785,23.77,23.755,23.755,23.808,23.816,23.8,23.808,23.831,23.816,23.816,23.838,23.823,23.838,23.816,23.838,23.846,23.823,23.831,23.854,23.854,23.884,23.869,23.861,23.861,23.869,23.861,23.869,23.877,23.884,23.884,23.884,23.877,23.884,23.877,23.907,23.892,23.884,23.915,23.892,23.869,23.861,23.877,23.884,23.892,23.892,23.915,23.915,23.899,23.892,23.892,23.915,23.922,23.907,23.915,23.907,23.899,23.907,23.899,23.915,23.938,23.96,23.96,23.968,23.976,23.976,23.991,23.991,24.006,23.998,24.014,24.037,24.021,24.006,24.021,24.006,24.014,24.014,24.014,24.021,24.014,23.991,24.014,24.021,24.037,24.052,24.052,24.059,24.067,24.067,24.059,24.075,24.075,24.097,24.128,24.09,24.113,24.097,24.113,24.128,24.12,24.12,24.143,24.12,24.143,24.151,24.166,24.151,24.166,24.166,24.166,24.158,24.189,24.189,24.189,24.189,24.189,24.181,24.189,24.181,24.181,24.196,24.211,24.227,24.227,24.234,24.219,24.219,24.227,24.227,24.249,24.28,24.265,24.287,24.272,24.28,24.287,24.303,24.31,24.325,24.325,24.333,24.341,24.341,24.341,24.356,24.363,24.394,24.386,24.416,24.424,24.416,24.447,24.47,24.477,24.492,24.515,24.523,24.53,24.545,24.56,24.576,24.598,24.613,24.644,24.666,24.689,24.704,24.727,24.742,24.757,24.78,24.825,24.833,24.855,24.893,24.946,24.961,24.999,25.021,25.097,25.134,25.225,25.24,25.345,25.48,25.728,26.019,26.838,29.587,32.865,33.724,34.368,34.879,35.037,35.263,35.496,35.708,35.913,35.974,35.967,35.879,34.341,33.619,33.946,34.119,34.189,34.279,34.168,33.772,33.654,33.571,33.619,33.661,33.835,33.911,33.946,34.099,34.348,34.479,34.789,34.782,35.16,35.25,35.284,35.346,35.332,35.284,35.25,35.256,35.346,35.414,35.435,35.482,35.482,35.51,35.578,35.606,35.64,35.64,35.64,35.64,35.64,35.667,35.694,35.708,35.735,35.735,35.742,35.708,35.729,35.715,35.735,35.776,35.776,35.79,35.783,35.79,35.797,35.81,35.817,35.79,35.763,35.722,35.729,35.694,35.681,35.688,35.715,35.735,35.763,35.831,35.906,35.906,35.92,35.981,36.015,36.015,36.015,35.981,35.94,35.899,35.763,35.694,35.626,35.578,35.537,35.51,35.503,35.496,35.524,35.544,35.612,35.64,35.653,35.667,35.694,35.674,35.66,35.647,35.633,35.626,35.578,35.565,35.551,35.571,35.578,35.606,35.633,35.592,35.578,35.571,35.606,35.606,35.626,35.619,35.633,35.606,35.606,35.558,35.53,35.51,35.448,35.441,35.387,35.407,35.393,35.441,35.455,35.469,35.482,35.469,35.462,35.428,35.421,35.407,35.414,35.373,35.332,35.202,35.016,34.968,34.782,34.81,34.713,34.645,34.631,34.589,34.382,34.036,33.863,33.459,33.278,33.257,33.696,34.23,34.479,34.824,35.236,35.105,35.002,34.61,34.306,34.258,34.071,33.613,33.452,33.194,32.479,29.897,27.229,25.96,25.42,25.24,25.052,25.006,24.938,24.81,24.765,24.735,24.697,24.629,24.598,24.613,24.568,24.523,24.507,24.462,24.454,24.462,24.424,24.432,24.401,24.31,24.333,24.295,24.265,24.265,24.242,24.211,24.173,24.151,24.151,24.12,24.097,24.113,24.105,24.105,24.113,24.113,24.09,24.113,24.113,24.097,24.09,24.082,24.059,24.052,24.037,24.029,24.021,24.037,24.029,24.029,24.044,24.044,24.052,24.059,24.052,24.052,24.052,24.044,23.976,23.983,24.006,23.976,23.968,23.976,23.983,24.006,23.991,23.998,23.983,23.976,23.96,23.968,23.983,23.983,23.976,23.976,23.968,23.953,23.938,23.922,23.899,23.915,23.915,23.93,23.915,23.93,23.938,23.93,23.922,23.93,23.93,23.915,23.922,23.884,23.877,23.861,23.861,23.869,23.861,23.861,23.846,23.831,23.854,23.854,23.838,23.846,23.838,23.831,23.846,23.846,23.869,23.838,23.854,23.838,23.831,23.823,23.823,23.823,23.816,23.816,23.823,23.846,23.838,23.831,23.838,23.823,23.816,23.816,23.816,23.793,23.793,23.785,23.785,23.777,23.793,23.793,23.793,23.8,23.808,23.77,23.8,23.77,23.77,23.755,23.77,23.762,23.785,23.724,23.732,23.724,23.686,23.686,23.732,23.739,23.755,23.747,23.724,23.732,23.739,23.739,23.739,23.709,23.693,23.739,23.739,23.739,23.755,23.747,23.724,23.732,23.709,23.686,23.678,23.678,23.671,23.671,23.693,23.678,23.701,23.701,23.693,23.709,23.709,23.724,23.716,23.709,23.701,23.686,23.686,23.693,23.686,23.678,23.686,23.671,23.686,23.686,23.678,23.632,23.678,23.655,23.625,23.648,23.663,23.663,23.655,23.625,23.678,23.64,23.64,23.594
,23.579,23.594,23.602,23.609,23.625,23.617,23.617,23.625,23.602,23.617,23.625,23.594,23.602,23.632,23.625,23.632,23.648,23.625,23.655,23.693,23.678,23.693,23.724,23.701,23.701,23.701,23.678,23.678,23.686,23.701,23.709,23.709,23.709,23.701,23.716,23.724,23.739,23.724,23.747,23.747,23.739,23.755,23.739,23.747,23.755,23.747,23.755,23.747,23.77,23.793,23.747,23.762,23.777,23.793,23.8,23.785,23.777,23.762,23.77,23.793,23.77,23.838,23.838,23.823,23.8,23.793,23.793,23.816,23.808,23.823,23.816,23.846,23.846,23.823,23.838,23.861,23.854,23.861,23.861,23.854,23.854,23.854,23.861,23.861,23.869,23.877,23.869,23.877,23.884,23.884,23.892,23.915,23.93,23.907,23.907,23.899,23.884,23.884,23.877,23.884,23.907,23.899,23.915,23.899,23.907,23.915,23.907,23.922,23.93,23.922,23.93,23.922,23.922,23.907,23.915,23.899,23.938,23.938,23.96,23.983,23.983,23.991,24.006,23.991,24.006,24.006,23.991,24.006,23.998,24.021,24.006,24.014,24.014,24.014,24.014,24.014,24.014,24.014,24.037,24.006,24.037,24.044,24.059,24.059,24.059,24.059,24.067,24.09,24.075,24.075,24.082,24.097,24.09,24.105,24.105,24.143,24.143,24.135,24.151,24.128,24.143,24.135,24.151,24.135,24.143,24.158,24.158,24.173,24.196,24.166,24.196,24.181,24.173,24.181,24.173,24.181,24.181,24.196,24.211,24.219,24.242,24.227,24.227,24.219,24.219,24.227,24.234,24.272,24.272,24.303,24.303,24.295,24.295,24.303,24.31,24.325,24.341,24.333,24.348,24.348,24.348,24.356,24.363,24.386,24.409,24.409,24.416,24.424,24.439,24.462,24.492,24.507,24.515,24.53,24.538,24.568,24.576,24.591,24.606,24.629,24.644,24.666,24.689,24.712,24.719,24.75,24.765,24.787,24.803,24.833,24.848,24.893,24.916,24.961,24.984,25.014,25.112,25.134,25.187,25.277,25.383,25.548,25.705,25.84,26.63,29.428,32.662,33.508,34.14,34.775,34.996,35.222,35.38,35.701,35.742,35.92,35.94,35.831,34.022,33.501,33.731,34.036,34.279,34.223,34.202,33.786,33.585,33.585,33.585,33.585,33.828,33.856,34.002,34.105,34.202,34.403,34.686,34.879,35.208,35.346,35.387,35.435,35.414,35.339,35.277,35.318,35.366,35.387,35.441,35.503,35.524,35.565,35.578,35.633,35.64,35.647,35.626,35.612,35.592,35.626,35.681,35.715,35.756,35.749,35.756,35.729,35.742,35.749,35.749,35.763,35.749,35.763,35.763,35.776,35.79,35.817,35.81,35.81,35.763,35.729,35.694,35.674,35.653,35.674,35.681,35.688,35.729,35.729,35.783,35.851,35.858,35.926,35.947,36.022,35.974,35.947,35.92,35.858,35.756,35.653,35.612,35.551,35.517,35.503,35.489,35.496,35.503,35.558,35.619,35.633,35.667,35.667,35.701,35.681,35.674,35.66,35.619,35.571,35.551,35.53,35.537,35.51,35.558,35.585,35.592,35.599,35.592,35.619,35.592,35.606,35.571,35.64,35.612,35.585,35.578,35.551,35.51,35.489,35.455,35.414,35.414,35.414,35.421,35.462,35.489,35.503,35.503,35.476,35.455,35.428,35.414,35.407,35.4,35.4,35.359,35.325,35.092,34.941,34.858,34.81,34.7,34.645,34.596,34.576,34.154,34.099,33.897,33.501,33.334,33.236,33.759,34.327,34.589,34.906,34.872,34.81,34.596,34.306,33.766,33.418,33.445,33.473,33.194,33.04,32.395,29.926,27.215,26.072,25.473,25.225,25.044,24.946,24.893,24.825,24.772,24.742,24.674,24.659,24.598,24.583,24.56,24.545,24.507,24.485,24.462,24.447,24.401,24.401,24.371,24.356,24.318,24.287,24.265,24.265,24.242,24.204,24.189,24.151,24.135,24.143,24.113,24.128,24.105,24.12,24.082,24.128,24.105,24.113,24.12,24.113,24.105,24.097,24.075,24.044,24.021,24.029,24.021,24.044,24.037,24.044,24.029,24.059,24.052,24.059,24.059,24.052,24.052,24.052,24.037,24.014,23.976,23.983,23.96,23.991,23.998,23.983,23.991,23.976,23.991,23.983,23.983,23.983,23.983,23.976,23.968,23.976,23.96,23.938,23.93,23.915,23.907,23.907,23.93,23.915,23.93,23.945,23.938,23.93,23.922,23.915,23.915,23.884,23.877,23.884,23.869,23.869,23.884,23.877,23.877,23.869,23.846,23.846,23.861,23.861,23.877,23.854,23.854,23.838,23.838,23.846,23.861,23.846,23.869,23.846,23.838,23.831,23.838,23.838,23.816,23.808,23.823,23.816,23.838,23.838,23.831,23.823,23.816,23.816,23.8,23.793,23.816,23.793,23.777,23.793,23.777,23.808,23.793,23.823,23.816,23.816,23.77,23.785,23.762,23.762,23.777,23.77,23.762,23.747,23.747,23.716,23.709,23.709,23.762,23.732,23.739,23.747,23.739,23.739,23.716,23.716,23.716,23.709,23.716,23.724,23.755,23.762,23.762,23.755,23.747,23.739,23.724,23.716,23.686,23.686,23.671,23.686,23.716,23.686,23.709,23.678,23.709,23.724,23.732,23.732,23.724,23.709,23.693,23.709,23.671,23.678,23.686,23.678,23.678,23.693,23.693,23.663,23.701,23.663,23.617,23.648,23.648,23.655,23.648,23.671,23.663,23.655,23.671,23.632,23.663,23.648
,23.579,23.586,23.602,23.602,23.632,23.625,23.625,23.617,23.617,23.625,23.625,23.617,23.609,23.632,23.632,23.632,23.64,23.648,23.64,23.709,23.709,23.709,23.693,23.693,23.686,23.693,23.671,23.693,23.693,23.709,23.693,23.709,23.701,23.716,23.716,23.732,23.747,23.732,23.755,23.739,23.755,23.747,23.747,23.747,23.747,23.747,23.762,23.762,23.747,23.755,23.762,23.77,23.77,23.785,23.777,23.777,23.777,23.755,23.77,23.77,23.831,23.793,23.831,23.8,23.823,23.808,23.793,23.808,23.8,23.816,23.816,23.838,23.861,23.808,23.861,23.838,23.869,23.877,23.877,23.861,23.877,23.877,23.869,23.884,23.869,23.869,23.861,23.877,23.869,23.884,23.907,23.915,23.907,23.915,23.907,23.907,23.899,23.869,23.854,23.884,23.877,23.899,23.899,23.907,23.907,23.907,23.915,23.915,23.922,23.922,23.922,23.922,23.922,23.907,23.915,23.922,23.93,23.945,23.991,23.983,23.998,24.006,23.998,24.006,24.014,23.991,23.983,23.983,23.983,23.998,24.021,23.983,23.991,24.006,23.998,24.014,24.014,24.014,24.037,24.021,24.044,24.09,24.052,24.044,24.052,24.059,24.067,24.067,24.067,24.082,24.075,24.09,24.097,24.113,24.113,24.12,24.128,24.135,24.135,24.128,24.135,24.135,24.143,24.143,24.143,24.151,24.173,24.181,24.181,24.181,24.181,24.196,24.173,24.173,24.181,24.181,24.196,24.211,24.234,24.242,24.234,24.219,24.211,24.204,24.227,24.234,24.242,24.272,24.295,24.31,24.295,24.287,24.295,24.303,24.303,24.325,24.348,24.356,24.363,24.363,24.363,24.356,24.371,24.386,24.401,24.409,24.416,24.447,24.439,24.462,24.485,24.515,24.523,24.538,24.553,24.553,24.576,24.598,24.606,24.636,24.644,24.666,24.682,24.697,24.719,24.742,24.78,24.787,24.81,24.833,24.855,24.878,24.908,24.954,24.969,25.021,25.059,25.149,25.165,25.262,25.353,25.473,25.735,25.915,26.645,28.805,32.346,33.452,34.126,34.52,34.968,35.057,35.263,35.565,35.804,35.851,35.96,35.926,34.638,33.696,33.682,34.119,34.251,34.279,34.334,33.891,33.55,33.536,33.557,33.592,33.703,33.807,33.904,34.105,34.306,34.272,34.41,34.837,35.195,35.27,35.414,35.462,35.414,35.38,35.359,35.332,35.387,35.435,35.482,35.544,35.578,35.612,35.626,35.653,35.626,35.626,35.64,35.633,35.578,35.599,35.626,35.688,35.735,35.749,35.763,35.749,35.729,35.729,35.729,35.729,35.722,35.742,35.756,35.763,35.776,35.783,35.81,35.776,35.749,35.715,35.694,35.674,35.653,35.653,35.647,35.667,35.681,35.681,35.715,35.817,35.824,35.906,35.913,35.954,35.974,35.954,35.899,35.804,35.715,35.653,35.599,35.571,35.517,35.476,35.462,35.482,35.51,35.544,35.592,35.647,35.694,35.694,35.701,35.708,35.701,35.653,35.606,35.517,35.482,35.482,35.462,35.496,35.524,35.571,35.578,35.612,35.599,35.599,35.592,35.633,35.633,35.633,35.633,35.599,35.578,35.53,35.489,35.482,35.462,35.435,35.428,35.441,35.469,35.51,35.53,35.53,35.517,35.489,35.462,35.448,35.428,35.414,35.407,35.352,35.304,35.229,35.078,34.968,34.899,34.775,34.707,34.631,34.631,34.617,34.458,34.258,33.786,33.647,33.285,33.25,33.8,34.52,34.679,34.755,34.865,34.782,34.444,34.085,33.592,33.271,33.166,33.229,33.054,33.033,32.578,29.94,27.207,25.997,25.488,25.172,25.044,24.908,24.855,24.795,24.765,24.712,24.666,24.644,24.621,24.598,24.553,24.523,24.515,24.492,24.47,24.432,24.432,24.379,24.416,24.325,24.333,24.28,24.257,24.257,24.242,24.211,24.181,24.143,24.128,24.128,24.097,24.105,24.113,24.105,24.128,24.128,24.113,24.135,24.128,24.128,24.105,24.09,24.059,24.044,24.029,24.029,24.029,24.052,24.052,24.052,24.059,24.052,24.052,24.059,24.052,24.052,24.037,24.037,24.037,23.991,23.991,23.983,23.998,23.976,23.976,23.976,23.983,23.991,23.991,23.998,23.998,23.998,23.991,23.983,23.968,23.968,23.96,23.938,23.938,23.922,23.899,23.899,23.922,23.938,23.922,23.945,23.945,23.945,23.922,23.922,23.907,23.899,23.861,23.854,23.877,23.869,23.884,23.884,23.869,23.854,23.838,23.831,23.854,23.884,23.884,23.854,23.869,23.831,23.831,23.838,23.846,23.854,23.869,23.884,23.854,23.838,23.831,23.831,23.816,23.816,23.823,23.831,23.823,23.838,23.823,23.831,23.808,23.816,23.8,23.793,23.8,23.808,23.808,23.816,23.785,23.777,23.8,23.831,23.838,23.823,23.808,23.777,23.762,23.762,23.762,23.747,23.747,23.747,23.724,23.747,23.724,23.747,23.732,23.724,23.747,23.732,23.732,23.739,23.739,23.724,23.724,23.732,23.709,23.732,23.755,23.755,23.762,23.777,23.77,23.755,23.747,23.701,23.709,23.678,23.686,23.724,23.693,23.686,23.693,23.701,23.709,23.724,23.732,23.716,23.732,23.716,23.701,23.693,23.701,23.693,23.686,23.693,23.678,23.693,23.678,23.671,23.693,23.625,23.64,23.648,23.686,23.655,23.655,23.648,23.663,23.663,23.655,23.663,23.671,23.648
,23.602,23.609,23.609,23.625,23.609,23.617,23.625,23.617,23.617,23.632,23.632,23.64,23.632,23.625,23.625,23.625,23.678,23.671,23.671,23.693,23.693,23.709,23.701,23.678,23.693,23.686,23.678,23.693,23.693,23.693,23.693,23.701,23.716,23.716,23.739,23.739,23.732,23.747,23.732,23.762,23.747,23.755,23.732,23.732,23.732,23.739,23.747,23.747,23.762,23.8,23.777,23.747,23.762,23.77,23.777,23.777,23.777,23.77,23.77,23.762,23.762,23.785,23.808,23.816,23.816,23.793,23.793,23.8,23.8,23.808,23.831,23.831,23.823,23.861,23.854,23.877,23.877,23.854,23.892,23.861,23.846,23.861,23.854,23.861,23.861,23.861,23.869,23.869,23.877,23.892,23.907,23.907,23.907,23.938,23.915,23.899,23.907,23.884,23.877,23.899,23.884,23.907,23.892,23.899,23.907,23.915,23.915,23.922,23.915,23.922,23.907,23.922,23.907,23.915,23.922,23.922,23.915,23.945,23.96,23.998,23.998,24.006,23.998,24.029,24.006,23.983,23.983,23.968,23.968,24.006,24.006,23.991,23.998,23.998,23.991,24.006,24.014,24.021,24.029,24.044,24.037,24.044,24.044,24.044,24.052,24.059,24.052,24.059,24.075,24.067,24.082,24.075,24.09,24.09,24.097,24.12,24.128,24.113,24.128,24.128,24.128,24.135,24.143,24.151,24.158,24.158,24.173,24.173,24.204,24.196,24.196,24.181,24.181,24.189,24.173,24.189,24.204,24.227,24.234,24.257,24.219,24.234,24.211,24.204,24.219,24.219,24.265,24.28,24.287,24.31,24.303,24.287,24.303,24.303,24.303,24.318,24.348,24.348,24.363,24.363,24.371,24.356,24.371,24.401,24.424,24.409,24.432,24.439,24.477,24.492,24.5,24.507,24.515,24.53,24.56,24.553,24.591,24.613,24.613,24.636,24.651,24.659,24.674,24.689,24.704,24.727,24.78,24.787,24.825,24.833,24.848,24.886,24.893,24.923,24.961,25.006,25.052,25.119,25.247,25.255,25.338,25.435,25.563,25.758,26.556,28.177,31.958,33.362,34.008,34.534,34.713,34.879,35.346,35.482,35.804,35.804,35.906,35.892,35.886,34.596,34.099,34.147,34.327,34.299,34.251,33.87,33.585,33.55,33.55,33.557,33.633,33.779,34.015,34.029,34.133,34.306,34.7,34.865,35.112,35.298,35.4,35.482,35.421,35.38,35.373,35.373,35.393,35.455,35.51,35.544,35.599,35.64,35.66,35.653,35.66,35.674,35.626,35.599,35.599,35.571,35.606,35.66,35.729,35.722,35.756,35.742,35.722,35.722,35.715,35.729,35.715,35.722,35.742,35.763,35.797,35.817,35.804,35.783,35.749,35.722,35.701,35.688,35.694,35.688,35.66,35.66,35.688,35.694,35.722,35.79,35.81,35.872,35.926,35.947,35.94,35.926,35.879,35.797,35.708,35.674,35.606,35.571,35.524,35.476,35.482,35.476,35.489,35.53,35.565,35.633,35.681,35.701,35.701,35.701,35.681,35.64,35.565,35.524,35.476,35.476,35.462,35.476,35.524,35.51,35.551,35.599,35.612,35.626,35.626,35.653,35.647,35.653,35.653,35.64,35.619,35.592,35.53,35.496,35.455,35.448,35.448,35.455,35.503,35.537,35.578,35.571,35.558,35.503,35.476,35.462,35.441,35.421,35.4,35.352,35.27,35.188,35.112,34.975,34.941,34.858,34.796,34.658,34.527,34.589,34.458,34.126,33.821,33.578,33.313,33.278,33.814,34.651,34.713,34.769,34.748,34.582,34.313,34.251,33.814,33.271,33.005,33.11,33.054,32.964,32.395,29.876,27.185,26.019,25.668,25.292,25.067,24.916,24.886,24.803,24.757,24.712,24.666,24.644,24.613,24.583,24.545,24.53,24.5,24.485,24.47,24.447,24.394,24.371,24.348,24.318,24.295,24.295,24.265,24.249,24.234,24.196,24.196,24.158,24.143,24.128,24.105,24.113,24.113,24.105,24.097,24.128,24.113,24.128,24.128,24.12,24.105,24.067,24.067,24.037,24.037,24.029,24.052,24.067,24.067,24.052,24.037,24.059,24.067,24.052,24.044,24.044,24.021,24.021,24.021,23.998,23.983,24.014,23.991,23.976,23.968,23.976,23.983,23.991,23.991,23.998,23.998,23.998,23.991,23.976,23.968,23.96,23.953,23.945,23.93,23.915,23.915,23.884,23.899,23.96,23.938,23.938,23.93,23.953,23.922,23.922,23.93,23.877,23.877,23.877,23.877,23.877,23.877,23.877,23.861,23.846,23.854,23.854,23.869,23.877,23.877,23.861,23.854,23.838,23.831,23.861,23.861,23.861,23.877,23.861,23.846,23.838,23.823,23.823,23.816,23.816,23.823,23.823,23.823,23.831,23.823,23.831,23.816,23.808,23.808,23.808,23.816,23.808,23.823,23.831,23.816,23.823,23.816,23.823,23.808,23.777,23.793,23.785,23.762,23.77,23.77,23.785,23.777,23.785,23.724,23.732,23.747,23.747,23.755,23.785,23.747,23.747,23.732,23.739,23.739,23.724,23.716,23.732,23.732,23.732,23.747,23.77,23.777,23.77,23.77,23.747,23.739,23.739,23.671,23.701,23.701,23.709,23.724,23.686,23.678,23.686,23.693,23.716,23.724,23.732,23.747,23.701,23.701,23.678,23.671,23.686,23.693,23.701,23.693,23.701,23.678,23.678,23.648,23.648,23.663,23.648,23.671,23.686,23.678,23.632,23.648,23.671,23.64,23.686,23.663,23.678
,23.625,23.594,23.586,23.594,23.586,23.602,23.602,23.609,23.632,23.632,23.64,23.632,23.625,23.632,23.648,23.648,23.663,23.678,23.701,23.716,23.709,23.693,23.686,23.655,23.686,23.686,23.686,23.678,23.693,23.701,23.686,23.709,23.709,23.724,23.732,23.739,23.732,23.755,23.716,23.755,23.739,23.732,23.724,23.724,23.732,23.716,23.739,23.732,23.755,23.732,23.755,23.755,23.747,23.762,23.77,23.777,23.777,23.762,23.777,23.77,23.77,23.785,23.8,23.8,23.808,23.8,23.785,23.785,23.793,23.808,23.808,23.823,23.823,23.846,23.861,23.854,23.861,23.854,23.861,23.854,23.846,23.861,23.846,23.869,23.869,23.861,23.861,23.869,23.869,23.892,23.907,23.899,23.915,23.915,23.907,23.899,23.907,23.884,23.884,23.877,23.884,23.884,23.884,23.892,23.892,23.907,23.907,23.907,23.915,23.907,23.915,23.915,23.93,23.922,23.922,23.922,23.93,23.96,23.983,23.976,23.991,23.991,24.006,24.014,23.983,23.983,23.968,23.976,23.976,23.991,23.998,24.006,23.998,23.991,23.998,23.998,24.014,24.029,24.044,24.037,24.052,24.029,24.029,24.044,24.037,24.052,24.059,24.059,24.075,24.082,24.09,24.082,24.082,24.09,24.105,24.105,24.097,24.113,24.128,24.143,24.151,24.128,24.12,24.143,24.158,24.173,24.173,24.189,24.196,24.204,24.181,24.143,24.211,24.181,24.196,24.211,24.234,24.234,24.234,24.242,24.227,24.219,24.227,24.211,24.219,24.242,24.257,24.287,24.303,24.295,24.295,24.28,24.287,24.295,24.303,24.318,24.341,24.363,24.363,24.371,24.371,24.371,24.394,24.394,24.409,24.432,24.432,24.454,24.447,24.477,24.5,24.538,24.523,24.545,24.56,24.56,24.583,24.621,24.636,24.636,24.651,24.659,24.666,24.682,24.704,24.735,24.75,24.765,24.825,24.825,24.855,24.863,24.901,24.923,24.961,24.999,25.029,25.142,25.149,25.187,25.277,25.48,25.698,25.892,26.362,27.833,31.441,33.159,33.807,34.355,34.665,34.892,35.16,35.366,35.633,35.783,35.776,35.926,35.906,35.886,35.735,34.638,34.465,34.417,34.334,33.96,33.661,33.578,33.564,33.578,33.661,33.759,33.946,33.981,34.036,34.306,34.458,34.824,35.126,35.332,35.414,35.407,35.387,35.359,35.38,35.346,35.387,35.435,35.496,35.578,35.612,35.674,35.674,35.688,35.674,35.647,35.647,35.585,35.558,35.571,35.592,35.626,35.688,35.715,35.715,35.708,35.681,35.681,35.667,35.715,35.708,35.722,35.763,35.797,35.831,35.817,35.838,35.804,35.79,35.749,35.729,35.708,35.729,35.735,35.722,35.708,35.688,35.708,35.729,35.756,35.79,35.858,35.92,35.954,35.947,35.926,35.845,35.81,35.701,35.66,35.599,35.53,35.51,35.469,35.469,35.441,35.476,35.482,35.53,35.612,35.647,35.681,35.701,35.688,35.681,35.66,35.565,35.524,35.469,35.469,35.469,35.476,35.503,35.51,35.53,35.571,35.599,35.619,35.653,35.681,35.667,35.688,35.701,35.653,35.619,35.592,35.558,35.496,35.469,35.455,35.462,35.496,35.544,35.592,35.667,35.626,35.585,35.537,35.51,35.462,35.448,35.428,35.387,35.339,35.256,35.208,35.154,35.03,34.975,34.975,34.824,34.672,34.589,34.465,34.389,34.195,33.793,33.745,33.362,33.271,33.842,34.665,34.7,34.7,34.658,34.582,34.451,34.341,34.147,33.369,33.117,33.054,33.075,33.026,32.318,29.782,27.045,25.997,25.368,25.157,25.089,24.886,24.878,24.803,24.772,24.719,24.674,24.636,24.613,24.591,24.553,24.5,24.485,24.47,24.477,24.439,24.379,24.348,24.333,24.325,24.295,24.287,24.272,24.249,24.211,24.204,24.173,24.158,24.143,24.128,24.158,24.143,24.151,24.097,24.12,24.097,24.113,24.12,24.12,24.105,24.097,24.075,24.059,24.052,24.029,24.037,24.044,24.037,24.037,24.052,24.059,24.052,24.052,24.059,24.052,24.029,24.037,24.021,24.014,24.014,24.014,24.006,24.006,23.983,23.96,23.968,23.968,23.976,23.976,23.991,23.983,23.998,23.976,23.983,23.96,23.96,23.945,23.953,23.938,23.922,23.907,23.892,23.915,23.968,23.93,23.945,23.945,23.938,23.922,23.907,23.899,23.907,23.884,23.892,23.854,23.877,23.877,23.869,23.861,23.854,23.854,23.846,23.861,23.869,23.869,23.854,23.846,23.838,23.854,23.823,23.861,23.861,23.877,23.861,23.854,23.861,23.823,23.823,23.831,23.823,23.823,23.831,23.808,23.823,23.823,23.823,23.816,23.808,23.808,23.808,23.816,23.823,23.823,23.823,23.808,23.831,23.823,23.816,23.8,23.777,23.785,23.762,23.755,23.785,23.777,23.777,23.762,23.777,23.77,23.693,23.716,23.724,23.762,23.732,23.747,23.755,23.747,23.732,23.716,23.732,23.732,23.739,23.739,23.724,23.747,23.755,23.762,23.747,23.755,23.716,23.701,23.701,23.701,23.678,23.671,23.671,23.655,23.671,23.686,23.663,23.693,23.701,23.716,23.716,23.709,23.693,23.686,23.671,23.671,23.701,23.648,23.663,23.701,23.693,23.693,23.671,23.648,23.632,23.64,23.617,23.617,23.632,23.648,23.64,23.686,23.678,23.693,23.686,23.693,23.709
,23.625,23.617,23.586,23.594,23.586,23.602,23.609,23.617,23.64,23.64,23.648,23.632,23.64,23.609,23.655,23.671,23.655,23.701,23.701,23.709,23.701,23.693,23.663,23.655,23.655,23.663,23.678,23.686,23.693,23.693,23.693,23.678,23.671,23.693,23.709,23.732,23.732,23.709,23.724,23.724,23.732,23.724,23.739,23.724,23.709,23.724,23.724,23.739,23.732,23.755,23.747,23.724,23.747,23.747,23.755,23.777,23.762,23.777,23.77,23.762,23.77,23.785,23.777,23.808,23.8,23.8,23.8,23.8,23.816,23.808,23.831,23.808,23.823,23.846,23.854,23.854,23.861,23.846,23.869,23.861,23.846,23.861,23.869,23.884,23.884,23.861,23.861,23.861,23.877,23.884,23.899,23.907,23.899,23.907,23.899,23.892,23.884,23.877,23.877,23.877,23.877,23.861,23.892,23.877,23.884,23.884,23.884,23.899,23.884,23.899,23.899,23.899,23.922,23.922,23.922,23.93,23.938,23.953,23.968,23.976,23.983,24.014,23.998,23.968,23.983,23.953,23.96,23.976,23.983,23.998,23.991,24.006,23.991,23.983,23.976,23.983,24.014,24.014,24.014,24.029,24.021,24.044,24.052,24.037,24.044,24.044,24.044,24.067,24.082,24.075,24.082,24.082,24.09,24.09,24.09,24.067,24.09,24.097,24.113,24.128,24.12,24.151,24.158,24.135,24.158,24.181,24.181,24.189,24.196,24.181,24.181,24.173,24.189,24.196,24.196,24.211,24.234,24.242,24.242,24.227,24.219,24.204,24.219,24.211,24.234,24.249,24.272,24.287,24.287,24.295,24.287,24.287,24.272,24.287,24.287,24.31,24.333,24.348,24.363,24.356,24.371,24.371,24.379,24.401,24.401,24.424,24.424,24.447,24.462,24.5,24.492,24.515,24.53,24.507,24.553,24.56,24.568,24.583,24.621,24.651,24.659,24.666,24.666,24.666,24.719,24.719,24.75,24.742,24.787,24.833,24.84,24.878,24.893,24.931,24.976,25.014,25.036,25.067,25.149,25.217,25.277,25.473,25.518,25.855,26.258,27.318,30.572,33.026,33.779,34.223,34.534,34.81,35.112,35.291,35.496,35.619,35.865,35.913,36.008,35.947,35.954,35.824,35.606,34.672,34.306,34.071,33.654,33.606,33.578,33.592,33.689,33.786,33.863,33.974,34.085,34.313,34.576,34.831,35.064,35.243,35.38,35.393,35.373,35.332,35.325,35.339,35.366,35.407,35.496,35.578,35.66,35.688,35.701,35.701,35.681,35.681,35.612,35.565,35.551,35.565,35.585,35.633,35.674,35.688,35.674,35.64,35.667,35.64,35.667,35.681,35.735,35.749,35.797,35.81,35.831,35.858,35.865,35.886,35.79,35.776,35.756,35.804,35.776,35.783,35.729,35.742,35.749,35.729,35.715,35.756,35.783,35.831,35.872,35.96,35.974,35.94,35.845,35.783,35.708,35.653,35.599,35.558,35.476,35.448,35.448,35.435,35.435,35.462,35.496,35.592,35.64,35.674,35.701,35.688,35.653,35.626,35.571,35.565,35.51,35.476,35.462,35.476,35.476,35.482,35.517,35.53,35.578,35.612,35.667,35.688,35.708,35.701,35.722,35.66,35.64,35.606,35.551,35.51,35.482,35.462,35.482,35.524,35.592,35.647,35.701,35.694,35.653,35.585,35.517,35.482,35.455,35.421,35.4,35.318,35.311,35.263,35.202,35.119,35.03,34.934,34.796,34.762,34.603,34.479,34.417,34.361,34.057,33.752,33.355,33.327,33.807,34.693,34.693,34.693,34.651,34.603,34.513,34.493,34.244,33.661,33.208,33.159,33.11,33.096,32.304,29.753,27.008,25.788,25.45,25.18,25.067,24.916,24.878,24.81,24.757,24.697,24.666,24.636,24.598,24.56,24.53,24.507,24.485,24.454,24.454,24.424,24.379,24.341,24.333,24.295,24.295,24.287,24.265,24.227,24.204,24.189,24.166,24.151,24.143,24.128,24.128,24.135,24.128,24.113,24.105,24.105,24.097,24.105,24.113,24.097,24.09,24.075,24.052,24.037,24.037,24.044,24.014,24.021,24.029,24.029,24.037,24.052,24.059,24.037,24.021,24.021,24.037,24.021,24.014,23.998,24.006,23.983,23.991,23.983,23.976,23.976,23.976,23.983,23.968,23.991,23.983,23.976,23.983,23.953,23.968,23.96,23.96,23.945,23.938,23.922,23.915,23.907,23.907,23.93,23.899,23.915,23.922,23.93,23.922,23.93,23.93,23.892,23.892,23.884,23.877,23.877,23.877,23.869,23.861,23.854,23.846,23.846,23.854,23.861,23.861,23.861,23.846,23.831,23.838,23.854,23.838,23.846,23.861,23.861,23.846,23.838,23.831,23.816,23.808,23.808,23.808,23.816,23.831,23.816,23.8,23.8,23.816,23.8,23.8,23.808,23.808,23.816,23.831,23.816,23.816,23.77,23.762,23.777,23.777,23.77,23.739,23.755,23.777,23.77,23.747,23.785,23.77,23.739,23.762,23.755,23.739,23.732,23.755,23.732,23.724,23.732,23.716,23.747,23.709,23.732,23.716,23.686,23.747,23.678,23.747,23.755,23.732,23.747,23.732,23.701,23.663,23.709,23.693,23.693,23.671,23.663,23.686,23.732,23.64,23.671,23.701,23.701,23.709,23.678,23.709,23.716,23.785,23.693,23.655,23.663,23.655,23.671,23.686,23.693,23.678,23.632,23.663,23.632,23.625,23.632,23.617,23.602,23.625,23.663,23.686,23.693,23.709,23.716,23.663,23.663
,23.609,23.594,23.602,23.586,23.586,23.579,23.602,23.632,23.632,23.663,23.64,23.625,23.617,23.617,23.609,23.64,23.663,23.686,23.693,23.709,23.701,23.693,23.693,23.693,23.671,23.663,23.678,23.671,23.678,23.671,23.678,23.678,23.678,23.709,23.724,23.732,23.716,23.724,23.701,23.716,23.709,23.709,23.724,23.701,23.724,23.724,23.724,23.724,23.739,23.755,23.739,23.732,23.747,23.739,23.755,23.777,23.777,23.785,23.785,23.755,23.762,23.777,23.785,23.8,23.785,23.808,23.793,23.831,23.808,23.831,23.808,23.831,23.808,23.831,23.831,23.854,23.854,23.831,23.861,23.854,23.869,23.884,23.869,23.869,23.869,23.861,23.861,23.861,23.869,23.892,23.884,23.892,23.899,23.877,23.892,23.877,23.877,23.861,23.877,23.869,23.877,23.877,23.869,23.877,23.854,23.877,23.861,23.884,23.899,23.884,23.877,23.907,23.915,23.93,23.93,23.93,23.93,23.945,23.96,23.976,23.983,23.983,23.991,23.968,23.96,23.968,23.96,23.991,23.976,23.983,24.006,23.983,23.976,23.983,23.976,23.991,23.991,24.006,24.029,24.029,24.021,24.037,24.037,24.044,24.044,24.052,24.052,24.059,24.059,24.082,24.082,24.09,24.082,24.082,24.082,24.09,24.09,24.105,24.105,24.12,24.105,24.12,24.135,24.151,24.173,24.189,24.181,24.196,24.173,24.181,24.181,24.181,24.158,24.196,24.211,24.219,24.234,24.227,24.219,24.227,24.211,24.211,24.227,24.227,24.249,24.257,24.28,24.28,24.287,24.287,24.295,24.295,24.295,24.303,24.303,24.31,24.325,24.333,24.356,24.356,24.371,24.386,24.386,24.394,24.409,24.416,24.439,24.439,24.507,24.5,24.492,24.5,24.515,24.515,24.545,24.545,24.591,24.621,24.613,24.659,24.651,24.666,24.674,24.682,24.704,24.727,24.735,24.757,24.787,24.81,24.855,24.848,24.886,24.916,24.938,25.014,25.059,25.112,25.127,25.24,25.308,25.443,25.578,25.795,26.183,27.133,29.984,32.837,33.55,34.285,34.472,34.617,34.865,34.954,35.277,35.482,35.729,35.851,36.022,35.995,36.178,36.097,36.185,35.496,34.513,34.258,33.842,33.654,33.626,33.599,33.633,33.814,33.891,34.002,34.119,34.292,34.507,34.658,34.886,35.325,35.346,35.332,35.332,35.304,35.284,35.304,35.373,35.421,35.455,35.571,35.653,35.688,35.701,35.694,35.674,35.633,35.599,35.571,35.551,35.565,35.606,35.626,35.633,35.647,35.64,35.612,35.592,35.619,35.653,35.715,35.722,35.79,35.831,35.865,35.872,35.879,35.947,35.933,35.899,35.879,35.851,35.845,35.858,35.845,35.817,35.81,35.756,35.735,35.742,35.735,35.763,35.797,35.865,35.926,35.981,35.933,35.872,35.749,35.722,35.66,35.606,35.551,35.469,35.476,35.428,35.421,35.421,35.448,35.476,35.551,35.626,35.674,35.694,35.674,35.633,35.606,35.551,35.544,35.517,35.503,35.482,35.482,35.482,35.496,35.51,35.537,35.578,35.619,35.694,35.715,35.735,35.749,35.742,35.715,35.667,35.606,35.53,35.517,35.503,35.476,35.517,35.551,35.626,35.667,35.715,35.715,35.66,35.578,35.53,35.489,35.462,35.448,35.414,35.373,35.366,35.325,35.195,35.147,35.023,35.002,34.803,34.651,34.548,34.41,34.41,34.396,34.168,33.828,33.397,33.292,33.849,34.658,34.672,34.672,34.645,34.603,34.534,34.451,34.368,33.981,33.222,33.271,33.264,33.096,32.423,29.551,26.949,26.004,25.428,25.262,25.014,24.931,24.893,24.795,24.742,24.704,24.659,24.613,24.591,24.553,24.5,24.5,24.477,24.454,24.439,24.409,24.371,24.363,24.356,24.318,24.287,24.272,24.257,24.242,24.211,24.189,24.158,24.151,24.151,24.135,24.135,24.113,24.097,24.075,24.082,24.09,24.097,24.09,24.082,24.09,24.09,24.075,24.052,24.037,24.014,24.021,24.021,24.014,24.021,24.014,24.037,24.029,24.021,24.037,24.029,24.021,24.029,24.029,24.029,24.006,23.998,24.014,23.991,24.014,23.968,23.998,23.968,23.991,23.976,23.983,23.983,23.983,23.968,23.945,23.93,23.96,23.96,23.945,23.938,23.922,23.915,23.899,23.93,23.907,23.884,23.899,23.945,23.945,23.938,23.953,23.915,23.915,23.892,23.892,23.877,23.877,23.869,23.869,23.869,23.846,23.869,23.838,23.854,23.854,23.838,23.854,23.846,23.846,23.869,23.861,23.854,23.869,23.861,23.854,23.854,23.854,23.823,23.823,23.8,23.816,23.8,23.793,23.8,23.8,23.816,23.793,23.793,23.793,23.793,23.8,23.816,23.816,23.838,23.816,23.831,23.793,23.8,23.777,23.793,23.762,23.762,23.747,23.77,23.77,23.777,23.77,23.785,23.686,23.732,23.747,23.747,23.739,23.739,23.724,23.732,23.747,23.739,23.716,23.724,23.693,23.732,23.739,23.724,23.739,23.77,23.747,23.732,23.716,23.709,23.693,23.701,23.671,23.678,23.678,23.663,23.701,23.693,23.709,23.64,23.724,23.701,23.701,23.693,23.709,23.686,23.686,23.671,23.655,23.655,23.678,23.671,23.655,23.678,23.655,23.671,23.686,23.663,23.655,23.625,23.64,23.609,23.632,23.632,23.648,23.701,23.709,23.732,23.701,23.732,23.701
,23.625,23.602,23.594,23.586,23.609,23.602,23.617,23.64,23.625,23.64,23.64,23.663,23.632,23.64,23.609,23.64,23.655,23.663,23.701,23.709,23.693,23.678,23.678,23.671,23.655,23.678,23.655,23.655,23.663,23.671,23.678,23.686,23.693,23.686,23.678,23.686,23.686,23.724,23.701,23.693,23.709,23.701,23.724,23.732,23.724,23.724,23.739,23.739,23.732,23.732,23.747,23.739,23.747,23.747,23.747,23.762,23.777,23.762,23.77,23.739,23.77,23.762,23.785,23.8,23.808,23.816,23.808,23.816,23.831,23.823,23.823,23.808,23.823,23.823,23.831,23.831,23.831,23.831,23.861,23.854,23.869,23.877,23.884,23.877,23.869,23.861,23.861,23.861,23.869,23.877,23.884,23.884,23.884,23.884,23.884,23.877,23.869,23.884,23.861,23.861,23.861,23.854,23.846,23.854,23.846,23.869,23.877,23.892,23.884,23.892,23.892,23.899,23.907,23.922,23.93,23.938,23.938,23.938,23.953,23.96,23.953,23.96,23.976,23.96,23.945,23.953,23.945,23.96,24.006,23.998,23.998,23.983,23.968,23.976,23.976,23.983,23.998,24.014,24.006,24.037,24.029,24.044,24.052,24.037,24.052,24.044,24.052,24.067,24.052,24.075,24.09,24.097,24.09,24.09,24.082,24.113,24.12,24.128,24.128,24.12,24.12,24.12,24.143,24.158,24.158,24.173,24.173,24.189,24.189,24.189,24.189,24.181,24.166,24.189,24.196,24.211,24.219,24.219,24.211,24.211,24.219,24.219,24.234,24.242,24.234,24.265,24.272,24.28,24.287,24.287,24.295,24.272,24.287,24.295,24.295,24.318,24.325,24.333,24.348,24.363,24.363,24.371,24.379,24.394,24.401,24.416,24.432,24.462,24.454,24.492,24.485,24.515,24.523,24.515,24.538,24.545,24.576,24.613,24.629,24.651,24.659,24.674,24.697,24.697,24.712,24.75,24.75,24.772,24.795,24.803,24.855,24.863,24.886,24.923,24.969,25.014,25.029,25.067,25.142,25.172,25.262,25.338,25.48,25.66,25.892,26.392,28.994,32.149,33.418,34.14,34.299,34.396,34.686,34.872,35.064,35.462,35.701,35.77,36.11,36.11,36.124,36.151,36.192,35.544,34.582,34.092,33.849,33.668,33.633,33.654,33.696,33.828,33.918,34.008,34.105,34.313,34.5,34.707,34.92,35.133,35.284,35.291,35.284,35.291,35.277,35.311,35.332,35.428,35.435,35.482,35.612,35.688,35.694,35.681,35.681,35.612,35.592,35.571,35.544,35.558,35.592,35.612,35.633,35.647,35.626,35.592,35.571,35.606,35.606,35.688,35.783,35.845,35.892,35.926,35.926,35.96,35.974,35.967,35.954,35.933,35.933,35.92,35.906,35.933,35.872,35.831,35.77,35.742,35.729,35.742,35.742,35.776,35.797,35.899,35.913,35.851,35.79,35.735,35.701,35.647,35.619,35.53,35.469,35.462,35.448,35.414,35.441,35.462,35.462,35.551,35.599,35.667,35.688,35.688,35.647,35.633,35.585,35.578,35.544,35.517,35.482,35.496,35.482,35.496,35.51,35.53,35.571,35.647,35.653,35.729,35.783,35.783,35.749,35.749,35.653,35.612,35.544,35.482,35.482,35.489,35.51,35.585,35.633,35.729,35.742,35.701,35.681,35.612,35.571,35.524,35.469,35.441,35.421,35.407,35.387,35.332,35.304,35.16,35.202,35.044,34.831,34.741,34.513,34.472,34.41,34.348,34.279,33.835,33.508,33.278,33.828,34.658,34.658,34.672,34.672,34.61,34.527,34.41,34.348,34.029,33.334,33.306,33.355,33.075,32.191,29.443,26.934,25.758,25.488,25.195,25.014,24.886,24.855,24.765,24.727,24.682,24.636,24.629,24.56,24.56,24.515,24.485,24.47,24.454,24.416,24.416,24.379,24.363,24.348,24.318,24.318,24.28,24.265,24.227,24.211,24.181,24.151,24.135,24.143,24.135,24.128,24.097,24.09,24.082,24.082,24.113,24.075,24.082,24.09,24.082,24.082,24.059,24.052,24.044,24.021,24.029,23.998,24.014,24.006,24.014,24.006,24.021,24.014,24.021,24.021,24.029,24.037,24.021,24.014,24.029,24.021,24.006,24.029,23.968,23.991,23.983,23.983,23.976,23.976,23.976,23.968,23.953,23.968,23.953,23.96,23.945,23.945,23.922,23.93,23.922,23.907,23.884,23.915,23.93,23.93,23.953,23.938,23.96,23.938,23.938,23.93,23.915,23.899,23.907,23.899,23.877,23.877,23.884,23.869,23.846,23.869,23.838,23.838,23.838,23.831,23.854,23.854,23.861,23.861,23.861,23.861,23.869,23.861,23.838,23.861,23.861,23.838,23.831,23.8,23.793,23.793,23.808,23.808,23.8,23.823,23.793,23.785,23.785,23.793,23.808,23.823,23.808,23.831,23.823,23.785,23.816,23.785,23.755,23.762,23.77,23.762,23.755,23.755,23.755,23.739,23.732,23.762,23.732,23.724,23.724,23.732,23.716,23.724,23.724,23.724,23.739,23.747,23.732,23.739,23.724,23.709,23.709,23.739,23.709,23.716,23.724,23.701,23.701,23.693,23.693,23.693,23.671,23.686,23.671,23.671,23.686,23.655,23.678,23.701,23.686,23.678,23.701,23.701,23.686,23.686,23.648,23.678,23.678,23.648,23.686,23.663,23.663,23.671,23.678,23.678,23.693,23.671,23.655,23.625,23.625,23.617,23.648,23.625,23.648,23.693,23.747,23.663,23.747,23.747,23.762
,23.602,23.594,23.602,23.609,23.602,23.625,23.632,23.632,23.64,23.648,23.648,23.617,23.648,23.625,23.632,23.625,23.663,23.655,23.693,23.693,23.693,23.686,23.678,23.678,23.655,23.678,23.671,23.64,23.671,23.678,23.686,23.686,23.693,23.693,23.724,23.655,23.686,23.716,23.686,23.693,23.693,23.709,23.724,23.739,23.739,23.724,23.716,23.732,23.739,23.747,23.755,23.755,23.747,23.747,23.762,23.77,23.77,23.785,23.747,23.762,23.762,23.777,23.777,23.808,23.808,23.816,23.823,23.838,23.831,23.846,23.823,23.846,23.854,23.846,23.846,23.831,23.823,23.823,23.846,23.846,23.869,23.884,23.877,23.869,23.861,23.861,23.861,23.869,23.869,23.877,23.877,23.884,23.877,23.869,23.884,23.854,23.877,23.846,23.869,23.861,23.861,23.869,23.861,23.854,23.884,23.884,23.877,23.869,23.899,23.899,23.899,23.899,23.922,23.938,23.938,23.945,23.938,23.93,23.945,23.945,23.96,23.968,23.976,23.96,23.96,23.96,23.953,23.968,23.983,23.983,23.976,23.983,23.968,23.968,23.968,23.983,23.998,24.006,24.014,24.021,24.014,24.021,24.037,24.044,24.059,24.052,24.075,24.059,24.067,24.075,24.09,24.09,24.097,24.113,24.113,24.09,24.143,24.143,24.135,24.128,24.135,24.143,24.151,24.143,24.158,24.181,24.196,24.196,24.204,24.196,24.173,24.189,24.189,24.196,24.204,24.204,24.211,24.219,24.219,24.227,24.219,24.219,24.249,24.234,24.28,24.265,24.272,24.287,24.287,24.287,24.295,24.295,24.287,24.31,24.303,24.303,24.318,24.333,24.356,24.363,24.371,24.379,24.386,24.386,24.394,24.401,24.424,24.447,24.47,24.492,24.5,24.492,24.523,24.523,24.538,24.553,24.576,24.591,24.606,24.644,24.674,24.674,24.682,24.697,24.712,24.757,24.765,24.772,24.795,24.81,24.84,24.855,24.901,24.938,24.946,25.014,25.052,25.089,25.127,25.157,25.165,25.345,25.495,25.54,25.825,26.385,27.642,31.618,33.299,34.064,34.195,34.334,34.451,34.762,35.105,35.229,35.544,35.66,35.79,35.913,35.872,35.817,35.776,35.023,34.679,34.223,33.981,33.759,33.661,33.668,33.64,33.71,33.96,34.085,34.119,34.285,34.431,34.7,34.769,34.982,35.188,35.256,35.25,35.256,35.277,35.277,35.325,35.407,35.462,35.537,35.592,35.626,35.681,35.674,35.667,35.633,35.592,35.585,35.578,35.571,35.599,35.626,35.653,35.64,35.585,35.578,35.558,35.578,35.633,35.667,35.81,35.858,35.926,35.947,35.988,35.995,35.995,36.001,35.995,36.001,36.022,36.029,36.015,35.988,35.913,35.899,35.81,35.729,35.715,35.708,35.715,35.749,35.77,35.783,35.872,35.892,35.763,35.715,35.722,35.647,35.619,35.524,35.476,35.448,35.428,35.428,35.435,35.448,35.482,35.517,35.599,35.653,35.674,35.653,35.66,35.64,35.606,35.571,35.551,35.537,35.51,35.489,35.489,35.496,35.517,35.565,35.606,35.66,35.742,35.804,35.817,35.804,35.804,35.742,35.633,35.606,35.496,35.469,35.455,35.469,35.517,35.571,35.606,35.701,35.742,35.735,35.688,35.551,35.544,35.482,35.469,35.448,35.455,35.428,35.4,35.4,35.407,35.332,35.222,34.934,34.858,34.679,34.507,34.451,34.396,34.403,34.251,33.974,33.55,33.341,33.779,34.541,34.617,34.693,34.562,34.534,34.424,34.382,34.258,34.133,33.779,33.229,33.257,33.103,32.029,29.407,26.897,25.818,25.48,25.292,25.059,24.863,24.803,24.742,24.704,24.682,24.629,24.576,24.553,24.538,24.507,24.477,24.485,24.454,24.424,24.409,24.379,24.363,24.348,24.333,24.31,24.28,24.257,24.249,24.204,24.173,24.166,24.151,24.143,24.135,24.128,24.105,24.105,24.105,24.097,24.097,24.082,24.082,24.09,24.067,24.075,24.075,24.052,24.037,24.037,24.029,24.014,24.014,23.998,24.014,24.014,24.021,24.006,24.006,24.021,24.029,24.029,24.029,24.014,24.014,23.998,23.983,23.976,23.976,23.983,23.998,23.991,23.998,23.998,23.991,23.991,23.968,23.96,23.953,23.945,23.93,23.93,23.938,23.915,23.922,23.899,23.899,23.915,23.899,23.945,23.93,23.945,23.953,23.922,23.938,23.945,23.907,23.907,23.884,23.892,23.884,23.892,23.877,23.861,23.884,23.869,23.831,23.846,23.838,23.838,23.854,23.854,23.861,23.854,23.861,23.861,23.861,23.846,23.838,23.854,23.838,23.838,23.838,23.816,23.808,23.8,23.808,23.808,23.831,23.8,23.793,23.785,23.793,23.777,23.8,23.777,23.793,23.777,23.854,23.831,23.8,23.793,23.8,23.77,23.77,23.777,23.755,23.747,23.762,23.755,23.755,23.77,23.693,23.709,23.747,23.747,23.724,23.732,23.724,23.747,23.762,23.762,23.732,23.747,23.724,23.716,23.709,23.701,23.755,23.716,23.724,23.701,23.701,23.701,23.693,23.693,23.686,23.693,23.693,23.686,23.686,23.678,23.678,23.709,23.686,23.709,23.724,23.724,23.716,23.716,23.678,23.701,23.716,23.709,23.693,23.678,23.663,23.686,23.663,23.678,23.648,23.678,23.671,23.671,23.609,23.625,23.625,23.625,23.701,23.724,23.709,23.693,23.693,23.709,23.716
,23.594,23.609,23.609,23.609,23.617,23.625,23.609,23.625,23.64,23.655,23.632,23.64,23.648,23.625,23.64,23.64,23.64,23.655,23.678,23.678,23.693,23.686,23.678,23.709,23.671,23.671,23.671,23.655,23.663,23.678,23.693,23.701,23.716,23.693,23.709,23.701,23.686,23.724,23.686,23.701,23.701,23.709,23.716,23.724,23.732,23.716,23.716,23.755,23.762,23.755,23.762,23.762,23.755,23.747,23.762,23.762,23.777,23.777,23.77,23.77,23.755,23.77,23.808,23.808,23.823,23.816,23.823,23.838,23.838,23.846,23.838,23.838,23.838,23.846,23.831,23.816,23.823,23.823,23.838,23.846,23.884,23.892,23.884,23.877,23.877,23.869,23.861,23.861,23.869,23.869,23.869,23.877,23.877,23.861,23.869,23.861,23.854,23.854,23.861,23.869,23.861,23.854,23.846,23.854,23.861,23.877,23.884,23.892,23.907,23.907,23.907,23.922,23.945,23.976,23.96,23.953,23.938,23.93,23.93,23.945,23.938,23.953,23.953,23.953,23.968,23.976,23.953,23.96,23.953,23.976,23.96,23.953,23.953,23.976,23.976,23.976,23.998,24.006,24.014,24.021,24.037,24.021,24.052,24.052,24.067,24.067,24.059,24.075,24.059,24.067,24.09,24.097,24.105,24.105,24.097,24.097,24.12,24.135,24.105,24.143,24.151,24.143,24.151,24.151,24.173,24.181,24.204,24.204,24.211,24.204,24.158,24.196,24.166,24.204,24.211,24.204,24.211,24.219,24.219,24.219,24.219,24.234,24.211,24.227,24.272,24.287,24.28,24.28,24.295,24.295,24.287,24.295,24.303,24.31,24.318,24.303,24.325,24.341,24.363,24.371,24.386,24.386,24.386,24.394,24.401,24.409,24.401,24.454,24.477,24.492,24.5,24.515,24.515,24.5,24.523,24.545,24.56,24.591,24.598,24.629,24.659,24.659,24.704,24.712,24.719,24.735,24.757,24.78,24.78,24.818,24.855,24.878,24.878,24.946,24.969,25.006,25.021,25.036,25.134,25.149,25.232,25.383,25.375,25.555,25.818,25.997,27.037,29.84,32.928,33.731,33.974,34.112,34.237,34.465,34.72,34.872,35.071,35.002,34.782,34.7,34.803,34.851,34.844,34.679,34.548,34.327,34.182,33.849,33.647,33.724,33.724,33.856,33.932,34.022,34.182,34.285,34.458,34.631,34.727,34.824,35.064,35.174,35.188,35.202,35.263,35.277,35.332,35.38,35.428,35.524,35.592,35.619,35.647,35.647,35.667,35.653,35.606,35.585,35.565,35.619,35.633,35.633,35.647,35.626,35.599,35.578,35.558,35.571,35.606,35.701,35.77,35.892,35.926,35.995,36.076,36.069,36.124,36.09,36.124,36.09,36.069,36.09,36.076,36.069,35.954,35.851,35.735,35.722,35.715,35.715,35.708,35.715,35.735,35.77,35.77,35.81,35.763,35.735,35.667,35.681,35.612,35.558,35.496,35.441,35.448,35.421,35.435,35.469,35.496,35.571,35.612,35.64,35.694,35.688,35.694,35.647,35.599,35.592,35.551,35.524,35.53,35.517,35.496,35.558,35.571,35.599,35.667,35.749,35.749,35.845,35.851,35.817,35.817,35.742,35.667,35.544,35.455,35.428,35.441,35.441,35.517,35.592,35.64,35.667,35.729,35.708,35.688,35.612,35.503,35.482,35.455,35.476,35.428,35.448,35.455,35.455,35.407,35.414,35.346,35.202,34.934,34.679,34.458,34.444,34.368,34.341,34.223,33.911,33.494,33.355,33.828,34.41,34.513,34.486,34.458,34.361,34.368,34.202,33.953,33.613,33.508,33.285,32.95,32.746,31.859,28.928,26.734,25.862,25.292,25.074,25.006,24.886,24.795,24.772,24.712,24.659,24.621,24.583,24.576,24.523,24.5,24.477,24.462,24.432,24.424,24.401,24.371,24.363,24.348,24.333,24.295,24.265,24.257,24.249,24.219,24.196,24.173,24.158,24.151,24.12,24.12,24.113,24.105,24.097,24.097,24.113,24.128,24.09,24.082,24.09,24.075,24.067,24.059,24.037,24.044,24.037,24.006,24.014,24.006,24.006,23.998,24.006,24.014,24.021,24.006,24.029,24.014,24.021,24.029,23.998,24.029,23.998,23.96,23.991,23.938,23.945,23.96,24.029,24.029,23.983,23.998,23.983,23.96,23.96,23.945,23.953,23.945,23.938,23.922,23.922,23.915,23.922,23.93,23.922,23.953,23.96,23.953,23.968,23.96,23.953,23.93,23.915,23.915,23.93,23.892,23.884,23.892,23.907,23.892,23.899,23.854,23.877,23.846,23.838,23.838,23.861,23.854,23.877,23.861,23.854,23.869,23.861,23.861,23.854,23.846,23.854,23.831,23.854,23.838,23.831,23.838,23.823,23.823,23.816,23.808,23.808,23.8,23.793,23.793,23.808,23.762,23.838,23.861,23.854,23.846,23.808,23.793,23.808,23.785,23.793,23.785,23.77,23.77,23.77,23.762,23.762,23.777,23.755,23.739,23.755,23.739,23.747,23.762,23.739,23.732,23.739,23.716,23.739,23.709,23.701,23.693,23.709,23.724,23.724,23.724,23.709,23.701,23.701,23.693,23.678,23.686,23.716,23.701,23.686,23.655,23.671,23.671,23.686,23.693,23.701,23.701,23.709,23.693,23.701,23.701,23.709,23.724,23.732,23.693,23.724,23.693,23.693,23.678,23.671,23.678,23.655,23.671,23.678,23.671,23.663,23.648,23.655,23.64,23.671,23.671,23.655,23.632,23.663,23.732,23.77
,23.625,23.617,23.625,23.625,23.625,23.617,23.632,23.64,23.632,23.648,23.648,23.648,23.655,23.64,23.663,23.648,23.655,23.64,23.671,23.678,23.678,23.678,23.671,23.678,23.655,23.686,23.663,23.648,23.655,23.671,23.701,23.693,23.701,23.701,23.724,23.663,23.686,23.701,23.693,23.701,23.709,23.716,23.724,23.747,23.739,23.709,23.747,23.739,23.777,23.77,23.777,23.785,23.77,23.77,23.77,23.762,23.77,23.785,23.785,23.8,23.785,23.8,23.808,23.816,23.831,23.831,23.838,23.846,23.846,23.854,23.854,23.869,23.869,23.854,23.846,23.838,23.831,23.823,23.846,23.869,23.877,23.884,23.884,23.884,23.877,23.869,23.869,23.869,23.861,23.869,23.869,23.877,23.884,23.869,23.869,23.884,23.846,23.869,23.861,23.854,23.869,23.846,23.846,23.861,23.869,23.877,23.907,23.899,23.915,23.922,23.922,23.945,23.938,23.953,23.96,23.953,23.945,23.938,23.93,23.93,23.938,23.945,23.945,23.953,23.953,23.96,23.968,23.953,23.953,23.945,23.968,23.945,23.96,23.968,23.983,23.998,23.991,24.014,24.029,24.021,24.029,24.037,24.044,24.059,24.067,24.067,24.067,24.075,24.067,24.09,24.082,24.082,24.113,24.12,24.105,24.113,24.097,24.113,24.135,24.158,24.151,24.158,24.158,24.166,24.143,24.181,24.204,24.204,24.204,24.234,24.181,24.204,24.196,24.204,24.211,24.219,24.219,24.211,24.219,24.227,24.227,24.242,24.265,24.272,24.272,24.272,24.28,24.28,24.287,24.31,24.295,24.28,24.31,24.295,24.303,24.333,24.318,24.363,24.356,24.379,24.386,24.394,24.401,24.401,24.401,24.401,24.439,24.454,24.485,24.492,24.507,24.523,24.53,24.523,24.538,24.56,24.553,24.576,24.598,24.621,24.644,24.651,24.689,24.712,24.712,24.735,24.765,24.772,24.795,24.803,24.833,24.871,24.901,24.893,24.938,24.991,25.014,25.044,25.104,25.127,25.112,25.187,25.308,25.593,25.735,26.012,26.645,28.294,31.93,33.369,33.891,33.918,34.078,34.5,34.679,34.589,34.589,34.327,34.348,34.348,34.645,34.748,34.775,34.803,34.61,34.472,34.216,33.932,33.793,33.717,33.772,33.835,33.87,34.029,34.154,34.361,34.527,34.569,34.672,34.844,34.831,35.105,35.154,35.202,35.236,35.304,35.359,35.469,35.476,35.551,35.571,35.619,35.633,35.653,35.667,35.66,35.647,35.64,35.592,35.633,35.64,35.647,35.667,35.653,35.619,35.592,35.578,35.585,35.612,35.722,35.783,35.947,35.954,36.035,36.138,36.151,36.206,36.172,36.165,36.144,36.11,36.11,36.076,36.097,35.967,35.838,35.783,35.708,35.694,35.688,35.694,35.708,35.735,35.756,35.77,35.77,35.763,35.756,35.715,35.681,35.64,35.578,35.496,35.455,35.435,35.448,35.462,35.469,35.524,35.565,35.612,35.674,35.715,35.694,35.681,35.674,35.66,35.612,35.578,35.565,35.551,35.537,35.544,35.565,35.565,35.722,35.763,35.831,35.845,35.865,35.865,35.845,35.831,35.783,35.647,35.489,35.469,35.421,35.407,35.414,35.524,35.558,35.619,35.715,35.722,35.729,35.681,35.592,35.571,35.482,35.496,35.476,35.469,35.469,35.455,35.476,35.462,35.435,35.407,35.16,34.872,34.541,34.486,34.403,34.355,34.285,34.306,34.202,33.626,33.424,33.779,34.216,34.417,34.41,34.479,34.306,34.085,34.015,33.814,33.529,33.515,33.445,32.9,32.332,31.292,28.397,26.474,25.75,25.277,25.014,24.984,24.818,24.765,24.727,24.682,24.644,24.613,24.583,24.553,24.53,24.507,24.5,24.462,24.432,24.416,24.401,24.386,24.363,24.341,24.31,24.295,24.265,24.257,24.234,24.204,24.204,24.189,24.151,24.143,24.135,24.128,24.12,24.12,24.113,24.105,24.128,24.097,24.082,24.113,24.082,24.082,24.075,24.059,24.059,24.052,24.044,24.021,24.006,23.998,24.006,24.014,24.014,24.021,24.021,24.044,24.037,24.029,24.014,24.021,24.006,24.014,24.021,23.998,23.953,23.953,23.938,23.968,23.991,23.998,24.021,23.991,23.983,23.983,23.96,23.945,23.96,23.945,23.93,23.938,23.922,23.922,23.915,23.938,23.96,23.953,23.953,23.96,23.968,23.96,23.953,23.945,23.915,23.907,23.899,23.93,23.93,23.907,23.877,23.899,23.915,23.884,23.869,23.861,23.854,23.861,23.854,23.869,23.854,23.854,23.854,23.854,23.861,23.861,23.846,23.854,23.838,23.861,23.899,23.831,23.846,23.861,23.846,23.831,23.838,23.838,23.816,23.831,23.808,23.808,23.823,23.785,23.762,23.838,23.854,23.838,23.838,23.838,23.823,23.8,23.785,23.816,23.8,23.77,23.777,23.77,23.77,23.77,23.755,23.755,23.732,23.724,23.732,23.755,23.762,23.747,23.724,23.77,23.709,23.732,23.716,23.693,23.716,23.732,23.716,23.732,23.732,23.716,23.686,23.693,23.693,23.693,23.693,23.701,23.693,23.686,23.671,23.663,23.678,23.678,23.701,23.693,23.686,23.678,23.701,23.701,23.716,23.724,23.724,23.716,23.716,23.686,23.663,23.693,23.686,23.663,23.663,23.663,23.678,23.678,23.678,23.655,23.625,23.671,23.686,23.663,23.686,23.686,23.716,23.693,23.732
,23.663,23.632,23.625,23.617,23.64,23.64,23.632,23.617,23.64,23.648,23.632,23.64,23.671,23.648,23.663,23.709,23.655,23.678,23.655,23.671,23.686,23.701,23.693,23.701,23.693,23.686,23.686,23.663,23.671,23.686,23.716,23.701,23.693,23.709,23.693,23.701,23.701,23.709,23.709,23.709,23.716,23.716,23.732,23.739,23.747,23.762,23.747,23.762,23.77,23.777,23.777,23.777,23.777,23.777,23.77,23.77,23.777,23.793,23.793,23.808,23.793,23.8,23.823,23.823,23.823,23.831,23.823,23.838,23.854,23.854,23.846,23.854,23.877,23.854,23.861,23.846,23.838,23.846,23.869,23.877,23.884,23.884,23.884,23.899,23.915,23.884,23.869,23.861,23.861,23.861,23.869,23.877,23.877,23.877,23.877,23.869,23.877,23.869,23.884,23.861,23.869,23.861,23.861,23.869,23.869,23.877,23.915,23.915,23.922,23.907,23.922,23.976,23.953,23.976,23.968,23.968,23.968,23.938,23.938,23.93,23.938,23.945,23.953,23.953,23.96,23.945,23.953,23.968,23.953,23.96,23.945,23.945,23.96,23.96,23.976,23.998,23.998,24.014,24.029,24.037,24.037,24.044,24.059,24.067,24.075,24.067,24.067,24.09,24.082,24.075,24.082,24.09,24.105,24.097,24.105,24.097,24.105,24.09,24.12,24.143,24.151,24.151,24.166,24.166,24.173,24.181,24.196,24.211,24.219,24.219,24.219,24.204,24.211,24.219,24.219,24.219,24.219,24.227,24.227,24.227,24.242,24.227,24.249,24.272,24.272,24.272,24.272,24.28,24.287,24.287,24.272,24.295,24.318,24.303,24.318,24.325,24.318,24.379,24.348,24.401,24.386,24.394,24.409,24.401,24.394,24.424,24.447,24.439,24.485,24.507,24.515,24.53,24.545,24.538,24.538,24.56,24.568,24.568,24.591,24.621,24.629,24.651,24.666,24.682,24.712,24.727,24.742,24.765,24.81,24.795,24.803,24.878,24.893,24.908,24.946,24.984,25.006,25.036,25.067,25.142,25.255,25.21,25.398,25.488,25.54,25.892,26.273,27.119,30.579,33.061,33.626,33.779,34.008,34.147,34.576,34.465,34.202,34.05,34.327,34.534,34.686,34.789,34.796,34.686,34.541,34.389,34.251,33.995,33.8,33.766,33.772,33.891,33.849,34.022,34.209,34.417,34.5,34.555,34.679,34.72,34.892,35.016,35.119,35.16,35.229,35.243,35.366,35.4,35.489,35.53,35.578,35.606,35.626,35.653,35.667,35.66,35.674,35.694,35.674,35.674,35.667,35.681,35.674,35.667,35.64,35.592,35.585,35.592,35.626,35.674,35.81,35.865,36.063,36.069,36.144,36.185,36.192,36.206,36.185,36.151,36.138,36.11,36.076,36.022,35.96,35.851,35.749,35.722,35.701,35.688,35.688,35.708,35.722,35.735,35.756,35.735,35.749,35.722,35.674,35.647,35.606,35.544,35.496,35.476,35.441,35.441,35.455,35.482,35.53,35.592,35.612,35.715,35.715,35.708,35.688,35.688,35.667,35.66,35.633,35.606,35.592,35.565,35.612,35.64,35.708,35.783,35.838,35.899,35.92,35.906,35.899,35.858,35.817,35.715,35.647,35.551,35.428,35.359,35.393,35.38,35.455,35.571,35.599,35.674,35.688,35.701,35.688,35.558,35.53,35.51,35.482,35.476,35.489,35.469,35.496,35.489,35.51,35.482,35.455,35.195,34.872,34.658,34.534,34.458,34.403,34.334,34.299,34.057,33.431,33.383,33.884,34.251,34.202,34.223,34.23,34.105,34.071,33.988,33.779,33.64,33.445,33.376,32.865,32.163,30.371,27.613,26.221,25.675,25.202,25.044,24.946,24.878,24.803,24.735,24.666,24.636,24.613,24.568,24.568,24.53,24.523,24.5,24.454,24.432,24.432,24.401,24.386,24.363,24.341,24.325,24.28,24.265,24.242,24.219,24.204,24.189,24.173,24.151,24.143,24.135,24.128,24.12,24.12,24.113,24.113,24.105,24.09,24.082,24.113,24.09,24.067,24.059,24.052,24.052,24.052,24.059,24.014,24.037,24.029,24.029,24.014,24.014,24.029,24.044,24.029,24.052,24.021,24.021,24.006,24.014,24.014,24.006,24.014,24.006,23.953,23.945,23.976,23.998,24.014,23.998,23.991,23.983,23.968,23.968,23.945,23.953,23.93,23.93,23.945,23.945,23.938,23.945,23.953,23.945,23.953,23.96,23.96,23.96,23.96,23.953,23.953,23.93,23.915,23.945,23.922,23.915,23.892,23.892,23.915,23.899,23.877,23.869,23.854,23.846,23.877,23.854,23.861,23.854,23.854,23.854,23.861,23.861,23.899,23.869,23.877,23.884,23.846,23.846,23.854,23.854,23.869,23.861,23.838,23.831,23.816,23.823,23.831,23.816,23.816,23.808,23.8,23.831,23.854,23.823,23.854,23.869,23.838,23.838,23.816,23.8,23.808,23.808,23.777,23.8,23.77,23.777,23.785,23.755,23.762,23.755,23.739,23.762,23.762,23.77,23.762,23.785,23.709,23.747,23.732,23.716,23.701,23.716,23.724,23.724,23.739,23.739,23.739,23.716,23.709,23.724,23.709,23.693,23.693,23.686,23.678,23.671,23.671,23.686,23.701,23.678,23.693,23.678,23.686,23.693,23.709,23.716,23.724,23.724,23.716,23.716,23.709,23.701,23.693,23.686,23.686,23.671,23.686,23.686,23.663,23.655,23.671,23.671,23.648,23.648,23.655,23.686,23.64,23.732,23.686,23.724
,23.648,23.632,23.655,23.632,23.648,23.625,23.655,23.625,23.632,23.655,23.648,23.64,23.655,23.64,23.655,23.709,23.678,23.671,23.671,23.671,23.693,23.709,23.716,23.693,23.709,23.671,23.671,23.671,23.693,23.724,23.724,23.709,23.693,23.693,23.693,23.701,23.701,23.701,23.716,23.716,23.732,23.739,23.739,23.747,23.739,23.739,23.739,23.747,23.777,23.785,23.793,23.785,23.785,23.785,23.777,23.777,23.777,23.785,23.8,23.831,23.823,23.808,23.823,23.816,23.831,23.861,23.846,23.861,23.838,23.854,23.846,23.854,23.869,23.854,23.816,23.846,23.846,23.854,23.869,23.869,23.884,23.892,23.892,23.899,23.915,23.892,23.877,23.877,23.854,23.861,23.854,23.861,23.877,23.854,23.869,23.877,23.869,23.877,23.884,23.869,23.861,23.861,23.861,23.869,23.854,23.884,23.899,23.907,23.922,23.93,23.915,23.96,23.945,23.976,23.96,23.968,23.953,23.945,23.938,23.938,23.945,23.938,23.945,23.953,23.953,23.953,23.968,23.96,23.968,23.953,23.953,23.945,23.96,23.968,23.976,23.991,23.998,24.006,24.021,24.029,24.044,24.052,24.075,24.059,24.067,24.067,24.059,24.067,24.059,24.059,24.097,24.082,24.09,24.12,24.082,24.082,24.097,24.097,24.128,24.151,24.151,24.151,24.151,24.158,24.211,24.204,24.211,24.211,24.211,24.204,24.173,24.204,24.211,24.227,24.219,24.219,24.219,24.211,24.219,24.227,24.234,24.257,24.257,24.257,24.257,24.272,24.272,24.265,24.295,24.272,24.295,24.318,24.318,24.31,24.325,24.325,24.379,24.363,24.363,24.371,24.379,24.394,24.424,24.394,24.424,24.424,24.454,24.485,24.5,24.53,24.515,24.53,24.523,24.538,24.538,24.553,24.568,24.583,24.606,24.621,24.644,24.659,24.666,24.682,24.697,24.719,24.75,24.765,24.765,24.818,24.803,24.871,24.893,24.931,24.961,24.976,24.969,25.067,25.104,25.149,25.225,25.27,25.338,25.488,25.615,25.78,25.989,26.697,29.11,32.268,33.327,33.675,33.821,34.202,34.112,34.23,33.911,33.981,34.348,34.527,34.803,34.824,34.762,34.72,34.624,34.327,34.251,33.967,33.918,33.828,33.8,33.939,34.008,34.161,34.341,34.403,34.513,34.562,34.631,34.707,34.851,34.934,35.057,35.119,35.181,35.277,35.352,35.428,35.435,35.517,35.571,35.592,35.619,35.647,35.681,35.681,35.694,35.708,35.722,35.708,35.715,35.701,35.694,35.66,35.633,35.606,35.592,35.592,35.626,35.667,35.77,35.94,35.954,36.076,36.151,36.178,36.185,36.185,36.172,36.151,36.144,36.097,36.063,36.035,35.954,35.831,35.763,35.722,35.694,35.694,35.688,35.708,35.729,35.715,35.735,35.735,35.729,35.715,35.694,35.64,35.585,35.537,35.489,35.455,35.448,35.435,35.455,35.503,35.585,35.599,35.701,35.694,35.729,35.694,35.688,35.715,35.667,35.66,35.64,35.626,35.606,35.606,35.633,35.681,35.763,35.838,35.899,35.954,35.96,35.947,35.913,35.838,35.81,35.681,35.647,35.482,35.421,35.346,35.332,35.339,35.4,35.565,35.565,35.667,35.688,35.681,35.674,35.633,35.544,35.496,35.469,35.469,35.469,35.482,35.496,35.51,35.537,35.537,35.496,35.167,34.755,34.645,34.562,34.479,34.431,34.382,34.32,34.161,33.613,33.487,34.008,34.189,34.168,34.168,34.092,33.995,33.967,33.884,33.745,33.585,33.494,33.411,32.991,31.59,30.063,27.37,26.236,25.465,25.172,24.984,24.946,24.855,24.825,24.742,24.651,24.629,24.606,24.576,24.568,24.538,24.523,24.492,24.477,24.432,24.432,24.394,24.356,24.356,24.303,24.303,24.272,24.242,24.234,24.204,24.181,24.189,24.189,24.158,24.151,24.143,24.135,24.135,24.12,24.128,24.097,24.097,24.09,24.113,24.105,24.075,24.075,24.052,24.067,24.052,24.059,24.044,24.044,24.029,24.021,24.029,24.029,24.029,24.044,24.044,24.044,24.044,24.044,24.021,24.021,24.021,24.029,24.014,23.998,23.991,23.976,23.968,23.968,23.96,23.983,23.983,23.998,23.983,23.983,23.953,23.968,23.953,23.953,23.945,23.938,23.953,23.953,23.945,23.953,23.96,23.945,23.945,23.953,23.953,23.953,23.93,23.938,23.93,23.922,23.93,23.922,23.915,23.922,23.922,23.899,23.907,23.884,23.899,23.854,23.846,23.861,23.854,23.877,23.861,23.861,23.869,23.884,23.892,23.884,23.877,23.869,23.869,23.869,23.854,23.861,23.899,23.892,23.846,23.846,23.831,23.816,23.831,23.823,23.823,23.823,23.823,23.823,23.831,23.831,23.869,23.854,23.869,23.846,23.816,23.808,23.808,23.8,23.8,23.8,23.785,23.785,23.793,23.793,23.785,23.747,23.747,23.732,23.762,23.77,23.777,23.747,23.724,23.724,23.693,23.716,23.732,23.693,23.701,23.709,23.755,23.77,23.755,23.732,23.709,23.693,23.693,23.701,23.716,23.709,23.693,23.678,23.671,23.671,23.678,23.701,23.701,23.671,23.686,23.686,23.686,23.709,23.701,23.709,23.724,23.716,23.716,23.686,23.663,23.686,23.655,23.663,23.686,23.671,23.678,23.686,23.686,23.701,23.686,23.686,23.663,23.655,23.671,23.755,23.716,23.709,23.747
,23.64,23.632,23.655,23.64,23.632,23.625,23.632,23.632,23.609,23.64,23.671,23.648,23.655,23.663,23.671,23.671,23.678,23.678,23.686,23.678,23.693,23.739,23.724,23.732,23.693,23.701,23.678,23.701,23.716,23.739,23.709,23.693,23.686,23.701,23.686,23.701,23.701,23.709,23.724,23.732,23.755,23.747,23.747,23.755,23.747,23.747,23.747,23.762,23.77,23.777,23.785,23.777,23.785,23.785,23.777,23.77,23.785,23.785,23.8,23.816,23.793,23.808,23.838,23.846,23.838,23.854,23.861,23.846,23.838,23.861,23.869,23.854,23.846,23.808,23.838,23.846,23.846,23.846,23.869,23.877,23.877,23.877,23.884,23.869,23.892,23.884,23.877,23.854,23.854,23.854,23.861,23.869,23.861,23.861,23.869,23.869,23.877,23.869,23.861,23.869,23.884,23.877,23.869,23.877,23.861,23.884,23.877,23.899,23.915,23.907,23.915,23.938,23.938,23.953,23.983,23.96,23.96,23.945,23.945,23.945,23.945,23.953,23.953,23.953,23.953,23.96,23.953,23.953,23.96,23.968,23.968,23.96,23.96,23.976,23.968,23.991,23.998,24.021,24.021,24.029,24.044,24.044,24.044,24.059,24.044,24.059,24.037,24.037,24.044,24.075,24.09,24.09,24.113,24.09,24.105,24.12,24.09,24.128,24.128,24.151,24.151,24.158,24.166,24.173,24.181,24.204,24.211,24.181,24.211,24.196,24.196,24.196,24.196,24.211,24.219,24.227,24.219,24.219,24.219,24.227,24.227,24.257,24.257,24.257,24.257,24.257,24.265,24.257,24.28,24.295,24.28,24.31,24.31,24.31,24.341,24.333,24.341,24.356,24.348,24.379,24.371,24.394,24.386,24.401,24.409,24.416,24.424,24.47,24.507,24.523,24.53,24.523,24.53,24.538,24.553,24.56,24.568,24.583,24.598,24.621,24.636,24.659,24.666,24.682,24.712,24.735,24.75,24.765,24.772,24.803,24.81,24.871,24.871,24.938,24.938,24.984,25.006,25.006,25.089,25.134,25.18,25.277,25.383,25.443,25.495,25.81,25.892,26.459,27.965,31.299,33.187,33.494,33.703,33.814,33.911,34.022,33.877,33.911,34.41,34.603,34.892,34.899,34.865,34.755,34.555,34.306,34.237,34.202,33.995,33.786,33.835,33.87,33.939,34.175,34.202,34.417,34.507,34.576,34.645,34.713,34.769,34.927,35.023,35.14,35.195,35.318,35.387,35.428,35.496,35.551,35.592,35.612,35.626,35.653,35.667,35.701,35.729,35.742,35.735,35.749,35.729,35.722,35.708,35.681,35.626,35.592,35.592,35.612,35.653,35.681,35.681,35.79,35.899,36.063,36.144,36.172,36.178,36.185,36.172,36.138,36.104,36.063,36.056,35.995,35.926,35.851,35.77,35.722,35.694,35.688,35.688,35.708,35.701,35.729,35.722,35.708,35.701,35.66,35.653,35.606,35.599,35.544,35.489,35.455,35.448,35.435,35.428,35.476,35.53,35.619,35.66,35.701,35.729,35.735,35.715,35.701,35.694,35.667,35.667,35.647,35.66,35.681,35.681,35.742,35.81,35.886,35.947,35.967,35.967,35.974,35.92,35.845,35.831,35.735,35.551,35.476,35.366,35.304,35.263,35.291,35.346,35.455,35.592,35.606,35.653,35.688,35.674,35.64,35.571,35.53,35.482,35.469,35.455,35.455,35.469,35.517,35.537,35.503,35.496,35.078,34.707,34.645,34.603,34.555,34.41,34.444,34.417,34.244,33.606,33.466,34.008,34.154,34.126,34.071,34.015,33.939,33.904,33.835,33.759,33.522,33.599,33.138,32.458,31.391,29.255,27.281,25.847,25.21,25.097,24.938,24.931,24.855,24.78,24.742,24.636,24.636,24.644,24.583,24.576,24.53,24.53,24.492,24.485,24.447,24.424,24.409,24.371,24.371,24.318,24.303,24.28,24.257,24.219,24.211,24.196,24.189,24.166,24.173,24.158,24.143,24.151,24.128,24.128,24.128,24.105,24.097,24.075,24.059,24.075,24.067,24.082,24.044,24.052,24.075,24.052,24.044,24.029,24.037,24.021,24.029,24.037,24.044,24.037,24.044,24.029,24.044,24.029,24.029,24.006,24.006,24.006,24.014,24.006,23.983,23.983,23.976,23.968,23.976,23.983,23.976,23.983,23.983,23.976,23.983,23.953,23.96,23.945,23.945,23.953,23.953,23.953,23.953,23.96,23.938,23.93,23.938,23.945,23.945,23.953,23.945,23.938,23.93,23.938,23.93,23.915,23.907,23.907,23.907,23.899,23.907,23.892,23.892,23.877,23.846,23.854,23.846,23.869,23.892,23.854,23.869,23.869,23.869,23.899,23.877,23.869,23.884,23.884,23.884,23.861,23.838,23.884,23.854,23.831,23.831,23.823,23.831,23.838,23.831,23.831,23.823,23.831,23.831,23.846,23.846,23.869,23.861,23.861,23.816,23.816,23.808,23.808,23.816,23.777,23.8,23.808,23.793,23.785,23.77,23.747,23.739,23.747,23.739,23.747,23.732,23.755,23.785,23.739,23.739,23.755,23.709,23.724,23.732,23.747,23.77,23.755,23.77,23.755,23.739,23.709,23.716,23.716,23.724,23.716,23.686,23.678,23.678,23.693,23.678,23.716,23.693,23.678,23.732,23.693,23.701,23.716,23.709,23.709,23.716,23.724,23.709,23.716,23.671,23.686,23.671,23.671,23.671,23.671,23.678,23.693,23.693,23.693,23.701,23.693,23.686,23.693,23.693,23.701,23.686,23.732,23.747
,23.609,23.602,23.64,23.632,23.64,23.648,23.632,23.625,23.632,23.648,23.678,23.648,23.655,23.655,23.663,23.686,23.686,23.686,23.686,23.709,23.709,23.693,23.747,23.732,23.724,23.716,23.693,23.693,23.724,23.709,23.732,23.724,23.693,23.701,23.686,23.693,23.709,23.701,23.724,23.762,23.747,23.724,23.77,23.724,23.747,23.755,23.739,23.77,23.762,23.755,23.77,23.777,23.777,23.777,23.77,23.785,23.785,23.8,23.8,23.8,23.808,23.793,23.831,23.823,23.831,23.854,23.823,23.831,23.831,23.854,23.846,23.831,23.846,23.831,23.831,23.846,23.854,23.854,23.854,23.869,23.861,23.869,23.861,23.861,23.899,23.892,23.877,23.899,23.838,23.846,23.861,23.861,23.869,23.899,23.877,23.846,23.869,23.854,23.869,23.877,23.877,23.884,23.877,23.877,23.877,23.869,23.877,23.892,23.907,23.899,23.899,23.915,23.938,23.96,23.953,23.96,23.968,23.953,23.968,23.953,23.96,23.976,23.968,23.96,23.953,23.968,23.968,23.968,23.976,23.968,23.968,23.968,23.96,23.976,23.968,23.976,23.998,24.006,24.014,24.029,24.037,24.059,24.044,24.052,24.044,24.052,24.014,24.037,24.059,24.09,24.09,24.09,24.105,24.105,24.113,24.09,24.113,24.135,24.151,24.166,24.166,24.158,24.173,24.173,24.181,24.211,24.227,24.204,24.189,24.204,24.196,24.189,24.204,24.211,24.219,24.211,24.227,24.234,24.227,24.234,24.242,24.234,24.242,24.249,24.242,24.249,24.265,24.287,24.287,24.303,24.28,24.31,24.303,24.325,24.333,24.325,24.333,24.348,24.363,24.371,24.394,24.394,24.416,24.416,24.416,24.424,24.424,24.454,24.485,24.485,24.515,24.507,24.515,24.523,24.538,24.553,24.576,24.583,24.591,24.621,24.621,24.651,24.674,24.704,24.719,24.727,24.742,24.757,24.787,24.803,24.81,24.84,24.893,24.931,24.954,24.984,25.014,25.059,25.104,25.119,25.149,25.262,25.33,25.375,25.458,25.653,25.84,26.333,26.971,29.832,32.325,33.362,33.626,33.779,33.884,33.849,33.779,33.87,34.375,34.741,34.831,34.851,34.803,34.645,34.23,34.285,34.272,34.202,33.988,33.904,33.849,33.87,33.932,34.05,34.403,34.527,34.582,34.617,34.686,34.734,34.762,34.906,35.023,35.167,35.236,35.304,35.38,35.448,35.53,35.571,35.592,35.619,35.619,35.619,35.701,35.729,35.763,35.756,35.77,35.763,35.756,35.749,35.729,35.681,35.626,35.626,35.571,35.612,35.647,35.667,35.722,35.81,35.872,36.008,36.056,36.117,36.144,36.158,36.144,36.131,36.069,36.049,36.015,35.995,35.947,35.858,35.797,35.749,35.708,35.715,35.715,35.722,35.715,35.701,35.694,35.681,35.667,35.633,35.612,35.606,35.544,35.517,35.496,35.455,35.435,35.448,35.421,35.517,35.599,35.653,35.694,35.708,35.729,35.735,35.715,35.708,35.701,35.694,35.681,35.694,35.708,35.729,35.77,35.824,35.845,35.954,35.988,35.995,35.995,35.94,35.892,35.892,35.763,35.674,35.565,35.462,35.304,35.243,35.263,35.243,35.236,35.469,35.565,35.585,35.64,35.66,35.64,35.647,35.599,35.537,35.524,35.455,35.441,35.455,35.462,35.476,35.496,35.517,35.428,34.954,34.796,34.734,34.693,34.603,34.651,34.472,34.444,34.015,33.522,33.494,34.071,34.085,34.022,34.008,33.918,33.863,33.863,33.807,33.661,33.724,33.703,33.25,32.233,30.163,27.95,26.273,25.6,25.3,25.104,24.954,24.901,24.878,24.757,24.689,24.666,24.644,24.621,24.598,24.568,24.53,24.492,24.485,24.47,24.447,24.439,24.379,24.379,24.348,24.333,24.287,24.257,24.265,24.234,24.211,24.211,24.173,24.166,24.158,24.158,24.173,24.135,24.128,24.135,24.12,24.105,24.105,24.075,24.097,24.09,24.067,24.09,24.059,24.082,24.059,24.052,24.044,24.037,24.037,24.021,24.029,24.037,24.029,24.044,24.044,24.029,24.037,24.044,24.021,24.006,24.006,23.998,23.991,23.991,23.998,23.991,23.991,23.983,23.976,23.983,23.968,23.976,23.968,23.968,23.968,23.968,23.953,23.953,23.945,23.945,23.96,23.96,23.96,23.96,23.938,23.938,23.93,23.93,23.922,23.93,23.945,23.938,23.938,23.938,23.922,23.915,23.907,23.899,23.877,23.922,23.892,23.854,23.877,23.884,23.861,23.861,23.869,23.869,23.884,23.877,23.892,23.877,23.854,23.899,23.869,23.869,23.846,23.846,23.884,23.861,23.846,23.869,23.869,23.846,23.823,23.816,23.846,23.838,23.838,23.838,23.831,23.838,23.838,23.838,23.846,23.838,23.838,23.854,23.8,23.793,23.808,23.762,23.793,23.823,23.808,23.808,23.8,23.785,23.762,23.77,23.755,23.747,23.747,23.77,23.762,23.732,23.732,23.755,23.762,23.716,23.747,23.732,23.716,23.762,23.77,23.785,23.762,23.755,23.739,23.724,23.724,23.716,23.709,23.716,23.716,23.686,23.693,23.693,23.671,23.693,23.686,23.686,23.709,23.701,23.701,23.716,23.701,23.709,23.724,23.724,23.716,23.701,23.709,23.686,23.678,23.678,23.671,23.678,23.678,23.693,23.693,23.693,23.709,23.709,23.693,23.724,23.724,23.693,23.686,23.709,23.716
,23.617,23.625,23.632,23.648,23.617,23.609,23.632,23.632,23.632,23.655,23.678,23.655,23.671,23.686,23.678,23.686,23.686,23.671,23.678,23.678,23.709,23.724,23.716,23.732,23.732,23.709,23.732,23.716,23.732,23.724,23.701,23.732,23.701,23.701,23.693,23.686,23.724,23.732,23.724,23.716,23.739,23.747,23.732,23.739,23.739,23.762,23.755,23.755,23.747,23.755,23.777,23.77,23.785,23.777,23.785,23.777,23.77,23.8,23.8,23.785,23.8,23.816,23.823,23.838,23.831,23.838,23.838,23.846,23.838,23.846,23.854,23.831,23.838,23.838,23.831,23.838,23.838,23.846,23.869,23.861,23.854,23.861,23.846,23.846,23.877,23.907,23.869,23.869,23.846,23.869,23.869,23.861,23.869,23.869,23.869,23.861,23.861,23.877,23.877,23.877,23.892,23.884,23.884,23.884,23.877,23.884,23.892,23.892,23.892,23.907,23.915,23.93,23.93,23.938,23.96,23.976,23.953,23.945,23.96,23.96,23.968,23.96,23.998,23.953,23.96,23.968,23.96,23.968,23.968,23.96,23.983,23.968,23.968,23.968,23.998,23.991,23.998,23.998,24.014,24.021,24.029,24.052,24.044,24.021,24.044,24.021,24.029,24.052,24.044,24.052,24.082,24.082,24.105,24.09,24.105,24.105,24.12,24.128,24.135,24.158,24.166,24.166,24.181,24.189,24.196,24.211,24.219,24.211,24.196,24.204,24.189,24.204,24.189,24.196,24.219,24.204,24.234,24.227,24.242,24.234,24.242,24.249,24.234,24.227,24.234,24.249,24.28,24.257,24.31,24.318,24.325,24.333,24.348,24.333,24.325,24.325,24.333,24.348,24.371,24.379,24.409,24.401,24.401,24.416,24.409,24.416,24.432,24.447,24.462,24.492,24.492,24.507,24.5,24.523,24.53,24.553,24.56,24.576,24.591,24.598,24.621,24.644,24.659,24.697,24.712,24.735,24.75,24.772,24.78,24.803,24.825,24.848,24.886,24.931,24.946,24.969,25.014,25.044,25.082,25.127,25.134,25.187,25.292,25.323,25.458,25.435,25.81,25.892,26.347,28.535,31.611,33.201,33.55,33.745,33.828,33.842,33.814,34.14,34.465,34.582,34.762,34.679,34.679,34.361,34.223,34.23,34.223,34.223,34.161,33.932,33.842,33.891,33.925,34.043,34.472,34.555,34.645,34.679,34.707,34.755,34.824,34.899,35.023,35.147,35.202,35.339,35.387,35.441,35.606,35.606,35.619,35.647,35.66,35.653,35.701,35.742,35.756,35.79,35.776,35.783,35.797,35.729,35.729,35.688,35.667,35.592,35.585,35.606,35.633,35.667,35.715,35.81,35.886,36.008,36.022,36.076,36.144,36.124,36.131,36.104,36.076,36.069,36.022,35.981,35.967,35.865,35.817,35.763,35.729,35.729,35.722,35.715,35.708,35.701,35.674,35.66,35.64,35.565,35.578,35.558,35.51,35.476,35.489,35.455,35.448,35.455,35.469,35.558,35.585,35.694,35.708,35.729,35.749,35.763,35.756,35.749,35.708,35.708,35.701,35.701,35.722,35.81,35.838,35.879,35.906,36.001,36.008,36.008,35.995,35.988,35.886,35.804,35.756,35.592,35.496,35.435,35.256,35.202,35.188,35.236,35.27,35.4,35.387,35.612,35.647,35.667,35.647,35.633,35.599,35.537,35.476,35.476,35.441,35.441,35.462,35.482,35.455,35.469,35.366,34.996,34.734,34.762,34.741,34.624,34.7,34.465,34.451,33.939,33.578,33.473,34.008,33.96,33.932,33.821,33.849,33.814,33.772,33.835,33.814,33.717,33.411,32.219,30.185,27.994,26.392,25.765,25.42,25.172,25.044,24.946,24.855,24.795,24.78,24.719,24.682,24.651,24.629,24.591,24.568,24.545,24.515,24.492,24.462,24.454,24.447,24.401,24.379,24.333,24.31,24.28,24.265,24.265,24.249,24.227,24.211,24.189,24.173,24.181,24.166,24.158,24.135,24.151,24.105,24.135,24.113,24.09,24.113,24.082,24.082,24.037,24.097,24.09,24.067,24.059,24.059,24.029,24.029,24.029,24.029,24.029,24.029,24.037,24.044,24.037,24.044,24.021,24.021,24.021,24.021,23.998,23.991,23.991,23.991,23.983,23.983,23.976,23.96,23.976,23.968,23.968,23.976,23.983,23.983,23.976,23.96,23.96,23.945,23.945,23.96,23.945,23.938,23.968,23.945,23.945,23.938,23.899,23.907,23.907,23.922,23.922,23.93,23.938,23.922,23.922,23.907,23.907,23.907,23.899,23.945,23.899,23.892,23.892,23.877,23.861,23.854,23.884,23.877,23.884,23.884,23.892,23.869,23.854,23.869,23.854,23.831,23.816,23.831,23.846,23.846,23.846,23.892,23.854,23.831,23.838,23.846,23.861,23.846,23.854,23.861,23.838,23.854,23.854,23.846,23.861,23.869,23.816,23.808,23.8,23.8,23.831,23.8,23.808,23.808,23.816,23.823,23.816,23.793,23.777,23.755,23.755,23.747,23.747,23.77,23.755,23.755,23.777,23.777,23.77,23.747,23.739,23.732,23.739,23.747,23.77,23.77,23.777,23.747,23.732,23.724,23.747,23.747,23.732,23.755,23.716,23.693,23.678,23.686,23.716,23.724,23.678,23.716,23.693,23.709,23.716,23.709,23.709,23.724,23.716,23.701,23.724,23.709,23.732,23.709,23.686,23.671,23.663,23.663,23.693,23.693,23.709,23.701,23.709,23.701,23.739,23.732,23.701,23.686,23.686,23.709,23.739
,23.609,23.617,23.632,23.609,23.632,23.617,23.625,23.625,23.632,23.632,23.64,23.64,23.678,23.671,23.686,23.686,23.663,23.671,23.693,23.686,23.724,23.709,23.724,23.716,23.709,23.709,23.709,23.732,23.693,23.716,23.716,23.701,23.693,23.701,23.693,23.693,23.724,23.716,23.739,23.716,23.755,23.732,23.732,23.709,23.716,23.755,23.755,23.739,23.762,23.762,23.77,23.77,23.777,23.785,23.785,23.739,23.777,23.777,23.785,23.793,23.793,23.785,23.785,23.831,23.823,23.816,23.831,23.838,23.838,23.838,23.838,23.838,23.838,23.838,23.838,23.846,23.846,23.854,23.846,23.846,23.861,23.846,23.831,23.846,23.854,23.869,23.861,23.846,23.854,23.861,23.861,23.869,23.877,23.877,23.877,23.869,23.861,23.884,23.884,23.884,23.884,23.884,23.884,23.915,23.892,23.884,23.892,23.899,23.892,23.892,23.915,23.915,23.945,23.945,23.96,23.968,23.953,23.96,23.938,23.953,23.968,23.968,23.96,23.976,23.968,23.976,23.968,23.976,23.96,23.968,23.983,23.968,23.968,23.976,23.991,23.991,23.991,23.998,24.014,24.021,24.029,24.029,24.044,24.029,24.021,24.021,24.021,24.044,24.044,24.059,24.059,24.082,24.075,24.09,24.113,24.113,24.12,24.143,24.151,24.158,24.158,24.158,24.173,24.181,24.196,24.204,24.219,24.211,24.204,24.189,24.196,24.181,24.196,24.181,24.219,24.227,24.227,24.242,24.242,24.242,24.234,24.234,24.234,24.234,24.242,24.249,24.257,24.295,24.318,24.333,24.318,24.333,24.341,24.318,24.325,24.325,24.341,24.356,24.356,24.379,24.394,24.386,24.409,24.401,24.401,24.409,24.424,24.432,24.447,24.462,24.485,24.5,24.492,24.515,24.53,24.538,24.553,24.568,24.576,24.598,24.613,24.636,24.659,24.682,24.719,24.727,24.75,24.765,24.772,24.803,24.818,24.855,24.878,24.908,24.946,24.961,24.999,25.006,25.067,25.119,25.127,25.165,25.217,25.308,25.345,25.533,25.713,25.982,26.28,27.524,30.293,32.374,33.515,33.793,33.821,33.849,33.87,33.946,34.119,34.306,34.458,34.417,34.195,34.14,34.195,34.216,34.209,34.209,34.133,33.953,33.884,33.897,33.842,33.981,34.41,34.5,34.672,34.727,34.755,34.817,34.851,34.961,35.03,35.126,35.243,35.318,35.366,35.448,35.612,35.681,35.694,35.688,35.694,35.694,35.715,35.756,35.776,35.783,35.79,35.783,35.763,35.756,35.729,35.688,35.66,35.599,35.578,35.606,35.619,35.674,35.701,35.783,35.81,35.974,36.029,36.076,36.131,36.138,36.131,36.104,36.083,36.049,36.035,36.001,35.926,35.865,35.851,35.776,35.756,35.735,35.742,35.708,35.715,35.674,35.653,35.606,35.592,35.53,35.51,35.51,35.476,35.455,35.455,35.441,35.455,35.489,35.53,35.585,35.633,35.681,35.729,35.763,35.776,35.77,35.776,35.756,35.729,35.735,35.742,35.742,35.776,35.817,35.858,35.926,35.967,36.008,36.042,36.022,36.001,35.906,35.756,35.681,35.688,35.612,35.482,35.311,35.25,35.154,35.188,35.195,35.236,35.277,35.407,35.517,35.578,35.64,35.674,35.64,35.606,35.571,35.524,35.476,35.448,35.476,35.448,35.421,35.448,35.407,35.195,34.975,34.913,34.831,34.831,34.782,34.762,34.624,34.534,33.932,33.418,33.32,33.821,33.759,33.835,33.786,33.675,33.696,33.689,33.717,33.71,33.452,32.205,30.142,27.987,26.444,25.84,25.473,25.315,25.097,24.991,24.954,24.84,24.825,24.742,24.697,24.674,24.629,24.613,24.583,24.583,24.538,24.515,24.477,24.439,24.439,24.432,24.394,24.371,24.341,24.325,24.295,24.272,24.28,24.257,24.227,24.211,24.189,24.181,24.181,24.173,24.158,24.143,24.151,24.12,24.097,24.09,24.113,24.09,24.09,24.075,24.082,24.09,24.067,24.067,24.059,24.052,24.021,24.037,24.029,24.029,24.029,24.029,24.029,24.029,24.029,24.014,24.006,24.014,24.006,23.998,23.991,23.983,23.976,23.983,23.991,23.968,23.991,23.976,23.983,23.983,23.976,23.976,23.983,23.976,23.976,23.968,23.96,23.968,23.938,23.945,23.96,23.976,23.96,23.953,23.938,23.922,23.907,23.899,23.907,23.907,23.93,23.922,23.938,23.922,23.922,23.915,23.899,23.884,23.907,23.899,23.899,23.884,23.861,23.854,23.869,23.877,23.861,23.877,23.869,23.869,23.869,23.877,23.854,23.846,23.816,23.838,23.831,23.816,23.838,23.838,23.854,23.838,23.816,23.838,23.846,23.846,23.854,23.869,23.869,23.861,23.861,23.854,23.869,23.854,23.854,23.838,23.793,23.8,23.8,23.838,23.823,23.808,23.8,23.793,23.8,23.793,23.785,23.793,23.755,23.747,23.747,23.739,23.747,23.747,23.724,23.724,23.777,23.755,23.747,23.762,23.77,23.762,23.732,23.747,23.755,23.755,23.755,23.739,23.732,23.739,23.755,23.739,23.732,23.724,23.686,23.686,23.693,23.686,23.709,23.693,23.686,23.709,23.716,23.716,23.724,23.724,23.716,23.701,23.716,23.739,23.716,23.755,23.739,23.732,23.693,23.701,23.655,23.678,23.678,23.701,23.701,23.709,23.701,23.716,23.716,23.693,23.739,23.701,23.693,23.709,23.716
,23.617,23.632,23.64,23.632,23.632,23.609,23.625,23.617,23.617,23.617,23.632,23.64,23.671,23.663,23.671,23.663,23.663,23.671,23.678,23.678,23.693,23.709,23.709,23.701,23.709,23.716,23.716,23.732,23.709,23.716,23.716,23.716,23.701,23.709,23.701,23.701,23.732,23.724,23.724,23.732,23.732,23.739,23.739,23.724,23.732,23.732,23.747,23.77,23.77,23.77,23.755,23.77,23.777,23.793,23.785,23.793,23.8,23.8,23.8,23.793,23.793,23.785,23.793,23.816,23.823,23.831,23.831,23.831,23.831,23.838,23.831,23.838,23.846,23.846,23.846,23.846,23.838,23.846,23.861,23.861,23.846,23.861,23.831,23.846,23.861,23.854,23.838,23.884,23.846,23.869,23.869,23.869,23.877,23.884,23.877,23.892,23.861,23.869,23.892,23.877,23.884,23.877,23.899,23.899,23.892,23.899,23.899,23.899,23.899,23.907,23.93,23.938,23.938,23.945,23.96,23.96,23.953,23.96,23.983,23.968,23.991,23.968,23.968,23.983,23.976,23.983,23.976,23.976,23.968,23.976,23.983,23.976,23.968,23.968,23.983,23.991,23.991,23.998,24.006,24.014,24.021,24.021,24.021,24.029,24.037,24.037,24.052,24.044,24.044,24.059,24.052,24.082,24.082,24.097,24.082,24.113,24.12,24.143,24.151,24.151,24.173,24.166,24.173,24.189,24.189,24.204,24.204,24.211,24.211,24.211,24.204,24.211,24.211,24.219,24.211,24.227,24.219,24.257,24.257,24.257,24.265,24.257,24.249,24.242,24.257,24.249,24.303,24.303,24.333,24.325,24.333,24.341,24.318,24.325,24.333,24.325,24.325,24.348,24.348,24.379,24.371,24.386,24.386,24.401,24.401,24.432,24.424,24.432,24.447,24.462,24.485,24.507,24.5,24.5,24.523,24.523,24.538,24.568,24.568,24.591,24.598,24.621,24.644,24.674,24.689,24.712,24.75,24.772,24.78,24.795,24.84,24.855,24.878,24.908,24.931,24.969,25.014,25.029,25.059,25.089,25.119,25.187,25.277,25.285,25.36,25.42,25.488,25.825,26.101,27.133,28.921,32.367,33.452,33.8,33.835,33.884,33.96,33.863,33.96,34.147,34.064,34.071,34.008,34.057,34.147,34.092,34.189,34.175,34.168,34.147,33.828,33.856,33.835,34.022,34.444,34.651,34.782,34.796,34.81,34.844,34.968,34.982,35.064,35.147,35.291,35.366,35.441,35.448,35.783,35.804,35.763,35.715,35.722,35.722,35.735,35.756,35.756,35.81,35.817,35.804,35.77,35.776,35.701,35.688,35.667,35.626,35.619,35.599,35.647,35.681,35.722,35.783,35.851,35.954,36.029,36.117,36.11,36.117,36.124,36.117,36.083,36.056,36.035,36.029,35.995,35.926,35.858,35.824,35.783,35.763,35.742,35.715,35.688,35.66,35.64,35.606,35.585,35.51,35.517,35.441,35.455,35.428,35.421,35.441,35.462,35.503,35.53,35.592,35.674,35.735,35.749,35.776,35.783,35.763,35.79,35.776,35.763,35.756,35.79,35.79,35.872,35.92,35.988,35.988,36.042,36.063,36.049,36.008,35.995,35.906,35.701,35.66,35.606,35.448,35.325,35.263,35.243,35.16,35.167,35.202,35.236,35.352,35.407,35.524,35.612,35.626,35.633,35.626,35.626,35.578,35.606,35.482,35.476,35.455,35.441,35.455,35.441,35.284,35.16,35.016,34.982,34.831,34.989,34.947,34.886,34.707,34.603,33.995,33.348,32.134,30.879,32.697,33.285,33.508,33.487,33.452,33.487,33.32,33.222,31.555,29.189,27.532,26.422,26.139,25.563,25.323,25.225,25.029,25.014,24.916,24.855,24.84,24.735,24.674,24.651,24.651,24.613,24.583,24.56,24.53,24.492,24.5,24.439,24.432,24.409,24.401,24.371,24.318,24.31,24.28,24.28,24.272,24.257,24.204,24.204,24.204,24.189,24.166,24.204,24.189,24.151,24.151,24.113,24.105,24.105,24.09,24.097,24.097,24.09,24.09,24.097,24.075,24.067,24.059,24.059,24.044,24.044,24.037,24.029,24.029,24.044,24.037,24.014,24.014,24.021,24.021,24.006,24.006,24.006,23.998,23.991,23.983,23.96,23.976,23.976,23.976,23.976,23.983,23.983,23.983,23.991,23.991,23.976,23.976,23.968,23.953,23.96,23.953,23.968,23.968,23.96,23.968,24.029,23.93,23.907,23.915,23.899,23.892,23.93,23.922,23.922,23.922,23.922,23.922,23.915,23.899,23.907,23.915,23.899,23.915,23.899,23.877,23.869,23.869,23.884,23.884,23.899,23.899,23.869,23.877,23.861,23.846,23.838,23.838,23.838,23.793,23.8,23.877,23.846,23.846,23.823,23.838,23.846,23.838,23.861,23.869,23.877,23.854,23.869,23.854,23.861,23.869,23.854,23.861,23.793,23.831,23.785,23.793,23.793,23.785,23.838,23.793,23.8,23.808,23.77,23.77,23.808,23.747,23.747,23.747,23.755,23.732,23.739,23.747,23.732,23.739,23.747,23.732,23.77,23.762,23.777,23.762,23.747,23.755,23.755,23.732,23.701,23.724,23.747,23.732,23.762,23.747,23.77,23.747,23.709,23.693,23.701,23.701,23.701,23.732,23.716,23.701,23.716,23.724,23.732,23.716,23.724,23.716,23.739,23.747,23.732,23.762,23.724,23.716,23.671,23.648,23.671,23.701,23.701,23.701,23.709,23.732,23.732,23.739,23.724,23.716,23.701,23.693,23.693,23.693
,23.632,23.648,23.648,23.625,23.625,23.617,23.617,23.625,23.609,23.617,23.625,23.64,23.655,23.655,23.655,23.655,23.663,23.655,23.655,23.693,23.678,23.693,23.701,23.701,23.709,23.716,23.732,23.724,23.724,23.724,23.724,23.701,23.701,23.716,23.709,23.716,23.732,23.716,23.732,23.739,23.739,23.724,23.747,23.739,23.739,23.755,23.755,23.762,23.762,23.777,23.77,23.777,23.785,23.793,23.8,23.808,23.8,23.8,23.808,23.8,23.793,23.793,23.77,23.808,23.785,23.808,23.838,23.831,23.838,23.838,23.838,23.846,23.831,23.854,23.854,23.854,23.846,23.861,23.846,23.846,23.861,23.838,23.854,23.861,23.861,23.854,23.869,23.861,23.861,23.861,23.869,23.869,23.854,23.854,23.861,23.899,23.899,23.907,23.899,23.899,23.884,23.884,23.877,23.892,23.907,23.899,23.907,23.907,23.922,23.93,23.938,23.93,23.938,23.945,23.945,23.945,23.953,23.953,23.96,23.991,23.991,23.976,23.968,23.968,23.991,23.983,23.968,23.96,23.968,23.96,23.983,23.976,23.998,24.021,24.006,23.983,24.006,24.006,24.006,24.006,24.021,24.029,24.029,24.029,24.037,24.044,24.052,24.044,24.052,24.044,24.052,24.059,24.075,24.067,24.09,24.113,24.151,24.128,24.181,24.143,24.158,24.204,24.166,24.196,24.189,24.204,24.204,24.219,24.211,24.211,24.211,24.219,24.204,24.204,24.219,24.211,24.234,24.234,24.265,24.257,24.272,24.265,24.249,24.257,24.257,24.257,24.295,24.31,24.325,24.31,24.333,24.325,24.333,24.333,24.341,24.333,24.341,24.348,24.356,24.371,24.371,24.363,24.386,24.401,24.386,24.409,24.447,24.454,24.447,24.47,24.492,24.515,24.538,24.523,24.538,24.53,24.545,24.56,24.583,24.583,24.598,24.613,24.621,24.644,24.682,24.704,24.735,24.757,24.795,24.78,24.803,24.848,24.871,24.908,24.923,24.954,24.999,25.014,25.044,25.082,25.104,25.149,25.202,25.277,25.33,25.473,25.48,25.69,26.012,26.474,28.075,31.391,33.243,33.807,33.863,33.891,33.8,33.8,34.064,34.071,34.05,33.967,33.918,33.891,34.002,34.126,34.195,34.189,34.189,34.168,33.856,33.821,33.96,34.043,34.52,34.803,34.837,34.872,34.865,34.927,34.961,35.002,35.092,35.167,35.222,35.277,35.455,35.476,35.77,35.838,35.824,35.776,35.763,35.756,35.756,35.77,35.81,35.824,35.838,35.804,35.756,35.715,35.701,35.667,35.653,35.633,35.626,35.626,35.653,35.681,35.729,35.797,35.845,35.913,35.988,36.083,36.097,36.117,36.11,36.097,36.069,36.069,36.056,36.042,36.022,35.988,35.967,35.892,35.804,35.756,35.749,35.694,35.694,35.667,35.619,35.592,35.544,35.503,35.462,35.441,35.414,35.414,35.435,35.435,35.448,35.496,35.551,35.64,35.653,35.735,35.735,35.756,35.763,35.77,35.79,35.79,35.783,35.81,35.81,35.872,35.926,35.995,36.015,36.022,36.029,36.035,36.035,36.035,35.967,35.879,35.729,35.66,35.489,35.4,35.304,35.25,35.188,35.167,35.167,35.174,35.208,35.366,35.366,35.428,35.551,35.565,35.606,35.592,35.612,35.606,35.612,35.53,35.489,35.476,35.482,35.455,35.373,35.311,35.167,35.071,35.044,35.078,35.188,35.222,34.954,34.789,34.672,33.96,33.194,30.865,28.031,28.688,30.829,32.078,32.332,32.318,32.015,30.786,29.595,27.862,26.763,26.221,25.87,25.353,25.345,25.127,25.104,25.036,24.969,24.931,24.863,24.825,24.727,24.666,24.636,24.629,24.591,24.591,24.553,24.523,24.5,24.477,24.447,24.424,24.409,24.394,24.363,24.333,24.31,24.31,24.295,24.287,24.227,24.211,24.219,24.196,24.211,24.196,24.181,24.173,24.166,24.135,24.12,24.097,24.082,24.075,24.082,24.105,24.09,24.097,24.082,24.082,24.075,24.067,24.059,24.052,24.059,24.037,24.052,24.021,24.037,24.029,24.037,24.037,24.029,24.021,24.014,24.021,24.006,24.006,23.991,23.991,23.976,23.96,23.983,23.991,23.968,23.998,23.998,24.006,24.006,23.991,24.014,23.968,23.953,23.953,23.968,23.968,23.96,23.968,23.968,23.945,23.945,23.96,23.915,23.907,23.915,23.907,23.915,23.915,23.922,23.922,23.907,23.915,23.907,23.884,23.899,23.907,23.915,23.915,23.907,23.892,23.869,23.877,23.877,23.899,23.899,23.869,23.884,23.869,23.877,23.846,23.846,23.861,23.831,23.846,23.823,23.816,23.838,23.861,23.846,23.831,23.823,23.846,23.861,23.869,23.869,23.854,23.846,23.854,23.869,23.838,23.884,23.861,23.831,23.777,23.762,23.8,23.823,23.816,23.777,23.831,23.8,23.793,23.785,23.762,23.747,23.747,23.755,23.724,23.732,23.755,23.785,23.755,23.755,23.747,23.762,23.77,23.762,23.77,23.762,23.762,23.747,23.739,23.739,23.732,23.739,23.755,23.755,23.755,23.755,23.762,23.755,23.747,23.709,23.747,23.716,23.724,23.732,23.739,23.701,23.701,23.716,23.724,23.724,23.701,23.716,23.709,23.77,23.739,23.762,23.777,23.755,23.701,23.701,23.693,23.716,23.693,23.678,23.716,23.755,23.732,23.709,23.724,23.716,23.716,23.709,23.716,23.724,23.671
,23.625,23.64,23.648,23.64,23.625,23.625,23.617,23.617,23.602,23.617,23.617,23.625,23.64,23.648,23.64,23.64,23.632,23.64,23.671,23.671,23.686,23.678,23.693,23.693,23.709,23.709,23.701,23.709,23.716,23.716,23.724,23.716,23.724,23.709,23.716,23.716,23.724,23.739,23.732,23.747,23.739,23.747,23.747,23.732,23.739,23.739,23.755,23.762,23.762,23.785,23.785,23.762,23.777,23.793,23.793,23.808,23.823,23.8,23.823,23.808,23.793,23.785,23.762,23.739,23.816,23.831,23.838,23.838,23.838,23.838,23.831,23.838,23.838,23.846,23.854,23.854,23.854,23.846,23.846,23.899,23.869,23.877,23.846,23.861,23.861,23.854,23.869,23.861,23.861,23.861,23.869,23.861,23.877,23.877,23.861,23.892,23.907,23.938,23.93,23.892,23.884,23.884,23.869,23.892,23.892,23.907,23.907,23.915,23.907,23.93,23.938,23.945,23.938,23.938,23.945,23.938,23.953,23.945,23.945,23.983,23.96,23.968,23.991,23.96,23.968,23.991,23.976,23.976,23.96,23.96,23.976,23.983,23.991,24.014,23.998,23.998,23.998,23.998,24.014,24.014,24.029,24.037,24.029,24.044,24.044,24.044,24.044,24.044,24.044,24.052,24.059,24.075,24.082,24.059,24.082,24.082,24.12,24.135,24.173,24.151,24.158,24.173,24.173,24.189,24.189,24.196,24.204,24.211,24.211,24.204,24.211,24.211,24.196,24.219,24.211,24.211,24.227,24.242,24.257,24.272,24.287,24.265,24.272,24.28,24.28,24.31,24.318,24.303,24.31,24.325,24.325,24.348,24.348,24.333,24.341,24.341,24.341,24.356,24.356,24.371,24.371,24.363,24.379,24.394,24.409,24.401,24.432,24.477,24.462,24.47,24.47,24.485,24.53,24.515,24.523,24.53,24.553,24.576,24.583,24.583,24.591,24.606,24.621,24.651,24.682,24.689,24.719,24.75,24.78,24.78,24.803,24.833,24.855,24.886,24.901,24.938,24.976,25.006,25.059,25.074,25.112,25.127,25.18,25.247,25.353,25.375,25.48,25.66,25.698,26.169,27.259,30.034,33.075,33.759,33.849,33.772,33.613,33.779,33.891,33.988,33.939,33.766,33.863,33.891,33.939,34.105,34.133,34.195,34.182,34.237,33.877,33.821,33.786,33.995,34.32,34.741,34.927,34.975,34.947,34.954,35.016,35.085,35.092,35.188,35.236,35.291,35.393,35.742,35.749,35.851,35.824,35.824,35.817,35.783,35.783,35.81,35.851,35.831,35.851,35.797,35.763,35.694,35.681,35.653,35.653,35.64,35.647,35.64,35.653,35.694,35.729,35.79,35.831,35.913,35.967,36.049,36.022,36.076,36.063,36.069,36.022,36.029,36.042,36.029,36.022,36.022,36.001,35.926,35.892,35.756,35.735,35.694,35.701,35.66,35.619,35.599,35.558,35.51,35.496,35.448,35.421,35.414,35.421,35.421,35.455,35.482,35.524,35.619,35.633,35.701,35.722,35.729,35.735,35.763,35.756,35.783,35.804,35.851,35.872,35.892,35.96,35.96,35.988,36.022,36.029,36.035,35.988,35.926,35.817,35.715,35.612,35.517,35.496,35.407,35.311,35.256,35.215,35.154,35.167,35.16,35.174,35.236,35.346,35.339,35.448,35.435,35.53,35.537,35.599,35.64,35.619,35.626,35.53,35.537,35.476,35.496,35.393,35.352,35.147,35.078,35.078,35.092,35.202,35.243,35.14,34.989,34.596,33.967,32.914,29.948,27.185,27.045,27.06,27.818,28.148,27.994,27.774,26.934,26.786,26.407,25.989,25.683,25.728,25.255,25.172,25.119,25.059,25.014,24.954,24.871,24.787,24.772,24.674,24.636,24.621,24.606,24.591,24.56,24.53,24.53,24.515,24.47,24.432,24.424,24.401,24.379,24.363,24.333,24.303,24.295,24.242,24.257,24.242,24.234,24.219,24.219,24.219,24.204,24.189,24.173,24.158,24.143,24.143,24.097,24.09,24.075,24.09,24.097,24.09,24.09,24.082,24.075,24.075,24.067,24.067,24.059,24.052,24.052,24.067,24.044,24.059,24.037,24.067,24.029,24.029,24.021,24.014,24.006,24.006,23.998,23.991,23.983,23.968,23.96,23.96,23.968,24.006,24.006,24.014,24.021,24.006,23.983,23.976,23.983,23.96,23.976,23.96,23.968,23.96,23.96,23.953,23.938,23.945,23.93,23.953,23.93,23.922,23.922,23.922,23.93,23.922,23.93,23.922,23.907,23.899,23.907,23.892,23.899,23.899,23.877,23.861,23.861,23.869,23.877,23.884,23.899,23.915,23.892,23.877,23.877,23.861,23.869,23.877,23.877,23.869,23.838,23.854,23.846,23.838,23.838,23.838,23.823,23.838,23.838,23.854,23.846,23.846,23.808,23.869,23.846,23.861,23.869,23.846,23.846,23.838,23.823,23.785,23.762,23.816,23.755,23.808,23.8,23.8,23.785,23.77,23.777,23.755,23.755,23.755,23.739,23.739,23.762,23.709,23.724,23.755,23.732,23.739,23.732,23.793,23.724,23.77,23.755,23.739,23.747,23.732,23.739,23.732,23.732,23.747,23.739,23.732,23.747,23.732,23.724,23.716,23.739,23.739,23.693,23.732,23.701,23.724,23.732,23.732,23.709,23.724,23.693,23.739,23.709,23.747,23.739,23.77,23.762,23.747,23.739,23.716,23.663,23.648,23.686,23.716,23.732,23.739,23.747,23.724,23.709,23.701,23.693,23.693,23.716,23.663,23.709
,23.632,23.632,23.64,23.625,23.64,23.625,23.617,23.625,23.609,23.594,23.632,23.617,23.632,23.625,23.625,23.64,23.632,23.663,23.671,23.655,23.671,23.671,23.701,23.709,23.716,23.724,23.732,23.716,23.709,23.716,23.716,23.724,23.732,23.739,23.716,23.732,23.724,23.716,23.724,23.755,23.747,23.755,23.755,23.739,23.747,23.747,23.755,23.755,23.762,23.762,23.762,23.77,23.777,23.785,23.793,23.808,23.823,23.8,23.816,23.8,23.785,23.777,23.777,23.793,23.816,23.816,23.838,23.854,23.846,23.846,23.838,23.831,23.838,23.831,23.846,23.854,23.854,23.846,23.869,23.877,23.854,23.861,23.854,23.861,23.846,23.854,23.877,23.877,23.884,23.877,23.861,23.854,23.861,23.854,23.899,23.892,23.899,23.915,23.907,23.892,23.877,23.892,23.915,23.892,23.899,23.899,23.907,23.907,23.915,23.93,23.922,23.938,23.922,23.922,23.93,23.945,23.945,23.945,23.953,23.953,23.968,23.968,23.968,23.976,23.983,23.96,23.96,23.968,23.96,23.991,23.976,23.998,23.991,24.014,24.006,24.006,24.029,24.006,24.006,24.021,24.029,24.044,24.037,24.052,24.059,24.059,24.067,24.059,24.052,24.059,24.082,24.075,24.067,24.075,24.097,24.097,24.128,24.143,24.166,24.173,24.181,24.181,24.181,24.181,24.189,24.189,24.204,24.204,24.211,24.211,24.204,24.211,24.204,24.219,24.234,24.227,24.211,24.249,24.265,24.295,24.28,24.272,24.272,24.287,24.295,24.31,24.295,24.31,24.325,24.325,24.333,24.333,24.356,24.341,24.371,24.348,24.356,24.371,24.363,24.379,24.379,24.371,24.386,24.394,24.401,24.439,24.432,24.462,24.47,24.477,24.507,24.515,24.523,24.515,24.523,24.56,24.576,24.583,24.591,24.576,24.598,24.598,24.629,24.636,24.659,24.682,24.697,24.735,24.757,24.803,24.803,24.818,24.833,24.863,24.878,24.923,24.969,24.999,25.021,25.052,25.104,25.149,25.217,25.27,25.3,25.353,25.443,25.503,25.915,26.183,26.652,28.899,32.402,33.452,33.654,33.424,33.39,33.752,33.828,33.87,33.745,33.745,33.745,33.814,33.807,34.008,34.092,34.189,34.14,34.14,33.863,33.8,33.835,34.008,34.527,34.858,35.037,34.975,35.03,35.023,35.092,35.119,35.167,35.202,35.256,35.304,35.373,35.524,35.783,35.865,35.858,35.851,35.824,35.824,35.831,35.845,35.899,35.892,35.879,35.817,35.735,35.667,35.647,35.633,35.647,35.653,35.647,35.66,35.694,35.694,35.735,35.77,35.824,35.858,35.92,35.967,35.974,36.001,36.015,36.022,36.001,36.029,36.015,36.008,36.001,36.008,36.001,35.974,35.906,35.838,35.749,35.701,35.722,35.674,35.64,35.599,35.565,35.524,35.476,35.462,35.441,35.428,35.421,35.428,35.441,35.482,35.524,35.578,35.619,35.688,35.688,35.694,35.715,35.715,35.729,35.77,35.81,35.858,35.906,35.94,35.947,35.96,35.988,35.967,35.974,35.981,35.94,35.858,35.735,35.742,35.688,35.592,35.496,35.359,35.277,35.25,35.215,35.188,35.147,35.14,35.14,35.174,35.277,35.291,35.387,35.448,35.455,35.517,35.551,35.619,35.612,35.585,35.551,35.565,35.558,35.448,35.393,35.215,35.174,35.133,35.181,35.243,35.27,35.311,35.25,34.906,34.555,33.995,32.739,28.863,26.867,26.452,26.429,26.429,26.474,26.444,26.444,26.333,25.855,25.773,25.57,25.323,25.24,25.247,25.127,25.097,25.029,24.991,24.954,24.923,24.863,24.757,24.697,24.636,24.636,24.591,24.583,24.553,24.553,24.538,24.507,24.47,24.432,24.409,24.386,24.379,24.371,24.333,24.325,24.287,24.265,24.265,24.257,24.242,24.211,24.227,24.189,24.196,24.189,24.173,24.158,24.135,24.135,24.097,24.09,24.105,24.105,24.097,24.097,24.082,24.082,24.075,24.067,24.067,24.075,24.075,24.059,24.059,24.09,24.075,24.075,24.067,24.044,24.037,24.067,24.037,24.021,24.014,24.014,24.006,23.998,23.998,23.976,23.991,23.976,23.976,23.998,24.014,24.014,24.021,23.998,23.983,24.006,23.968,23.938,23.938,23.945,23.968,23.953,23.953,23.953,23.945,23.968,23.96,23.968,23.953,23.938,23.938,23.945,23.938,23.93,23.93,23.915,23.899,23.892,23.899,23.899,23.899,23.907,23.899,23.884,23.884,23.884,23.907,23.899,23.907,23.915,23.915,23.892,23.884,23.869,23.892,23.892,23.861,23.869,23.823,23.823,23.854,23.838,23.846,23.846,23.854,23.854,23.846,23.854,23.846,23.831,23.808,23.823,23.854,23.823,23.823,23.838,23.808,23.808,23.823,23.785,23.816,23.8,23.777,23.785,23.785,23.793,23.793,23.793,23.785,23.747,23.77,23.77,23.724,23.77,23.739,23.732,23.755,23.747,23.724,23.732,23.747,23.8,23.777,23.724,23.747,23.732,23.747,23.747,23.739,23.762,23.732,23.747,23.747,23.747,23.724,23.747,23.777,23.762,23.77,23.755,23.739,23.739,23.716,23.693,23.716,23.724,23.701,23.678,23.671,23.739,23.701,23.701,23.762,23.762,23.747,23.755,23.732,23.716,23.671,23.701,23.693,23.678,23.724,23.747,23.724,23.709,23.709,23.678,23.686,23.709,23.716,23.693,23.709
,23.625,23.632,23.64,23.632,23.625,23.625,23.648,23.625,23.625,23.648,23.625,23.625,23.609,23.625,23.632,23.648,23.655,23.663,23.663,23.663,23.686,23.701,23.709,23.693,23.701,23.709,23.709,23.709,23.732,23.716,23.716,23.716,23.724,23.747,23.732,23.739,23.732,23.716,23.739,23.762,23.755,23.755,23.747,23.747,23.739,23.747,23.739,23.762,23.755,23.747,23.747,23.762,23.77,23.793,23.777,23.777,23.808,23.808,23.8,23.8,23.793,23.77,23.777,23.8,23.823,23.816,23.838,23.838,23.846,23.854,23.846,23.838,23.831,23.838,23.838,23.838,23.854,23.838,23.869,23.869,23.846,23.869,23.846,23.846,23.823,23.854,23.854,23.892,23.884,23.884,23.884,23.869,23.869,23.877,23.884,23.899,23.922,23.915,23.922,23.915,23.899,23.899,23.899,23.907,23.899,23.899,23.907,23.907,23.915,23.907,23.922,23.93,23.915,23.938,23.922,23.93,23.938,23.96,23.96,23.96,23.96,23.968,23.96,23.96,23.953,23.968,23.96,23.968,23.96,23.991,23.976,23.998,24.006,24.014,24.014,24.014,24.021,24.021,24.029,24.037,24.037,24.037,24.037,24.052,24.059,24.052,24.075,24.059,24.067,24.082,24.082,24.082,24.075,24.082,24.097,24.143,24.128,24.151,24.181,24.173,24.173,24.173,24.173,24.173,24.181,24.189,24.196,24.204,24.211,24.211,24.204,24.204,24.196,24.211,24.219,24.204,24.227,24.242,24.257,24.272,24.28,24.272,24.272,24.28,24.287,24.303,24.31,24.318,24.325,24.318,24.325,24.333,24.348,24.363,24.363,24.348,24.379,24.379,24.379,24.386,24.379,24.386,24.409,24.401,24.409,24.432,24.416,24.462,24.47,24.5,24.485,24.5,24.523,24.538,24.545,24.56,24.576,24.591,24.591,24.598,24.591,24.598,24.636,24.644,24.666,24.689,24.712,24.719,24.757,24.78,24.795,24.818,24.848,24.84,24.901,24.908,24.954,24.976,25.006,25.052,25.089,25.112,25.172,25.217,25.27,25.375,25.435,25.54,25.578,25.825,26.355,27.517,31.264,33.124,33.278,33.215,33.096,33.696,33.752,33.745,33.654,33.633,33.647,33.668,33.745,33.877,34.057,34.071,34.099,34.216,33.814,33.766,33.772,33.925,34.237,34.831,35.016,35.051,35.092,35.099,35.126,35.14,35.202,35.222,35.25,35.311,35.428,35.503,35.756,35.845,35.879,35.851,35.858,35.845,35.865,35.899,35.92,35.94,35.858,35.831,35.708,35.66,35.606,35.606,35.612,35.619,35.66,35.681,35.688,35.729,35.729,35.756,35.804,35.845,35.892,35.913,35.947,35.94,35.947,35.947,35.974,35.981,35.981,35.988,35.995,35.988,36.001,35.981,35.933,35.858,35.845,35.79,35.729,35.701,35.681,35.612,35.571,35.537,35.496,35.482,35.441,35.435,35.441,35.421,35.421,35.455,35.482,35.551,35.578,35.612,35.626,35.626,35.64,35.681,35.722,35.79,35.824,35.851,35.886,35.913,35.926,35.92,35.947,35.933,35.926,35.913,35.886,35.81,35.817,35.708,35.626,35.565,35.496,35.332,35.298,35.256,35.229,35.188,35.147,35.147,35.154,35.195,35.208,35.263,35.318,35.373,35.441,35.51,35.551,35.585,35.633,35.633,35.612,35.606,35.571,35.482,35.346,35.236,35.222,35.208,35.298,35.311,35.332,35.311,35.256,34.961,34.596,33.877,32.064,28.199,26.533,26.183,25.885,25.93,25.773,25.818,25.713,25.72,25.57,25.495,25.323,25.262,25.225,25.142,25.067,25.014,25.021,24.976,24.923,24.84,24.886,24.795,24.712,24.644,24.606,24.576,24.56,24.545,24.538,24.515,24.477,24.462,24.432,24.409,24.386,24.371,24.356,24.341,24.318,24.31,24.287,24.227,24.234,24.204,24.219,24.211,24.196,24.196,24.181,24.189,24.158,24.151,24.143,24.204,24.12,24.113,24.105,24.09,24.097,24.09,24.075,24.075,24.059,24.044,24.059,24.059,24.082,24.082,24.097,24.105,24.09,24.082,24.075,24.075,24.052,24.037,24.029,24.014,24.014,24.014,24.006,23.998,23.998,23.998,23.991,23.991,23.983,24.037,24.021,23.998,23.991,23.976,23.968,23.953,23.938,23.945,23.96,23.96,23.953,23.945,23.938,23.96,23.976,23.968,23.983,23.968,23.953,23.953,23.945,23.953,23.938,23.922,23.938,23.93,23.907,23.907,23.884,23.884,23.899,23.892,23.892,23.884,23.899,23.915,23.915,23.915,23.915,23.907,23.915,23.899,23.899,23.899,23.899,23.877,23.869,23.854,23.861,23.861,23.861,23.831,23.854,23.846,23.838,23.854,23.861,23.846,23.838,23.831,23.854,23.838,23.846,23.854,23.823,23.8,23.793,23.808,23.8,23.808,23.823,23.8,23.808,23.808,23.793,23.785,23.785,23.77,23.755,23.777,23.724,23.732,23.716,23.732,23.77,23.77,23.739,23.739,23.724,23.739,23.732,23.709,23.739,23.732,23.732,23.724,23.739,23.755,23.747,23.739,23.747,23.747,23.755,23.739,23.755,23.762,23.755,23.747,23.755,23.747,23.739,23.709,23.724,23.732,23.709,23.716,23.739,23.671,23.693,23.732,23.739,23.762,23.739,23.762,23.755,23.724,23.709,23.709,23.686,23.709,23.732,23.716,23.724,23.709,23.693,23.693,23.671,23.663,23.686,23.693,23.739,23.678
,23.625,23.655,23.648,23.632,23.64,23.655,23.648,23.655,23.632,23.625,23.609,23.617,23.609,23.617,23.625,23.64,23.648,23.655,23.663,23.709,23.709,23.701,23.709,23.709,23.701,23.716,23.709,23.701,23.686,23.724,23.709,23.709,23.701,23.716,23.732,23.701,23.747,23.755,23.755,23.77,23.747,23.747,23.747,23.739,23.739,23.739,23.747,23.755,23.724,23.739,23.747,23.755,23.777,23.762,23.77,23.785,23.823,23.793,23.785,23.785,23.793,23.785,23.785,23.785,23.8,23.816,23.823,23.816,23.838,23.823,23.823,23.831,23.838,23.831,23.838,23.838,23.838,23.831,23.877,23.877,23.869,23.854,23.831,23.831,23.838,23.831,23.884,23.884,23.877,23.907,23.877,23.846,23.877,23.877,23.892,23.907,23.907,23.915,23.922,23.907,23.907,23.899,23.899,23.899,23.907,23.899,23.907,23.899,23.892,23.899,23.892,23.899,23.945,23.938,23.938,23.93,23.93,23.938,23.938,23.968,23.938,23.953,23.953,23.953,23.976,23.991,23.96,23.953,23.976,23.976,23.976,23.991,24.006,24.006,24.021,24.021,24.029,24.014,24.037,24.029,24.044,24.044,24.044,24.052,24.059,24.075,24.082,24.075,24.075,24.105,24.075,24.113,24.067,24.09,24.097,24.105,24.128,24.151,24.151,24.173,24.173,24.181,24.173,24.173,24.189,24.196,24.204,24.211,24.219,24.211,24.219,24.204,24.211,24.204,24.227,24.211,24.234,24.249,24.249,24.265,24.242,24.272,24.28,24.28,24.28,24.303,24.295,24.318,24.318,24.325,24.333,24.333,24.333,24.356,24.363,24.356,24.379,24.379,24.386,24.394,24.394,24.394,24.401,24.409,24.424,24.462,24.447,24.477,24.5,24.485,24.485,24.507,24.5,24.53,24.545,24.568,24.576,24.583,24.606,24.591,24.591,24.621,24.636,24.651,24.674,24.697,24.712,24.719,24.735,24.772,24.787,24.803,24.825,24.855,24.886,24.923,24.954,24.991,25.014,25.052,25.082,25.134,25.18,25.247,25.285,25.398,25.45,25.435,25.458,25.78,25.87,26.778,29.609,32.381,33.103,33.082,33.061,33.522,33.599,33.592,33.55,33.571,33.445,33.599,33.703,33.689,33.71,32.977,32.977,34.057,33.981,33.48,33.592,33.828,34.265,34.589,35.078,35.202,35.229,35.222,35.202,35.236,35.263,35.27,35.284,35.311,35.387,35.551,35.729,35.763,35.81,35.845,35.845,35.851,35.906,35.94,35.988,35.96,35.892,35.804,35.722,35.674,35.578,35.565,35.578,35.592,35.647,35.64,35.66,35.756,35.749,35.81,35.81,35.879,35.899,35.906,35.92,35.926,35.947,35.954,35.954,35.96,35.954,35.96,35.967,35.967,35.967,35.954,35.92,35.886,35.831,35.824,35.776,35.776,35.694,35.667,35.599,35.544,35.53,35.503,35.469,35.428,35.428,35.414,35.421,35.435,35.469,35.503,35.517,35.544,35.585,35.578,35.606,35.653,35.681,35.722,35.797,35.831,35.851,35.892,35.892,35.926,35.92,35.913,35.899,35.872,35.858,35.831,35.756,35.715,35.647,35.585,35.455,35.346,35.277,35.27,35.222,35.174,35.147,35.133,35.126,35.154,35.202,35.25,35.339,35.359,35.455,35.489,35.565,35.599,35.633,35.64,35.619,35.606,35.585,35.544,35.482,35.352,35.339,35.25,35.38,35.373,35.346,35.352,35.051,34.555,34.202,33.313,30.986,27.392,26.385,25.952,25.84,25.69,25.66,25.638,25.57,25.435,25.413,25.39,25.27,25.232,25.187,25.119,25.082,24.999,24.976,24.954,24.923,24.863,24.818,24.719,24.697,24.697,24.613,24.583,24.56,24.53,24.538,24.515,24.485,24.454,24.432,24.401,24.371,24.371,24.356,24.341,24.318,24.287,24.265,24.265,24.257,24.234,24.242,24.196,24.196,24.204,24.166,24.166,24.173,24.158,24.135,24.143,24.158,24.128,24.12,24.09,24.097,24.097,24.09,24.059,24.059,24.067,24.044,24.075,24.067,24.067,24.09,24.09,24.09,24.082,24.075,24.044,24.037,24.029,24.021,24.029,24.021,24.014,24.014,24.006,23.998,23.983,23.998,23.976,23.998,24.029,24.052,24.014,23.991,23.976,23.96,23.945,23.945,23.93,23.938,23.93,23.945,23.953,23.96,23.983,23.983,23.998,23.991,23.983,23.976,23.976,23.953,23.953,23.945,23.945,23.93,23.93,23.915,23.907,23.892,23.899,23.892,23.892,23.915,23.892,23.884,23.915,23.907,23.922,23.915,23.915,23.922,23.899,23.922,23.907,23.892,23.892,23.869,23.877,23.877,23.869,23.861,23.846,23.869,23.869,23.854,23.861,23.854,23.861,23.823,23.823,23.823,23.823,23.816,23.846,23.816,23.808,23.823,23.808,23.8,23.747,23.8,23.808,23.785,23.77,23.8,23.8,23.777,23.785,23.77,23.755,23.755,23.732,23.785,23.77,23.785,23.755,23.739,23.732,23.724,23.739,23.732,23.77,23.716,23.747,23.732,23.732,23.732,23.724,23.747,23.793,23.739,23.747,23.739,23.747,23.762,23.755,23.777,23.739,23.747,23.724,23.724,23.701,23.724,23.724,23.716,23.747,23.716,23.709,23.739,23.724,23.739,23.755,23.716,23.732,23.739,23.716,23.732,23.709,23.693,23.709,23.709,23.693,23.686,23.693,23.693,23.693,23.671,23.678,23.701,23.686,23.678,23.709
,23.64,23.663,23.632,23.632,23.648,23.648,23.64,23.609,23.594,23.602,23.609,23.609,23.609,23.617,23.64,23.655,23.663,23.671,23.648,23.693,23.709,23.701,23.716,23.709,23.701,23.701,23.701,23.716,23.709,23.701,23.678,23.709,23.732,23.709,23.732,23.709,23.739,23.716,23.724,23.739,23.755,23.739,23.747,23.739,23.739,23.732,23.732,23.739,23.762,23.724,23.739,23.747,23.755,23.777,23.777,23.785,23.762,23.77,23.777,23.777,23.777,23.77,23.793,23.808,23.793,23.816,23.823,23.854,23.823,23.808,23.808,23.816,23.823,23.816,23.816,23.808,23.823,23.838,23.854,23.861,23.861,23.846,23.838,23.838,23.838,23.846,23.892,23.892,23.899,23.899,23.861,23.854,23.861,23.854,23.877,23.907,23.907,23.907,23.907,23.899,23.899,23.899,23.892,23.907,23.907,23.915,23.907,23.892,23.892,23.869,23.884,23.907,23.907,23.907,23.938,23.93,23.93,23.938,23.938,23.938,23.938,23.96,23.938,23.96,23.968,23.96,23.983,23.96,23.976,23.983,23.983,23.983,23.998,24.006,24.014,24.029,24.021,24.029,24.029,24.037,24.037,24.044,24.052,24.037,24.052,24.09,24.082,24.09,24.09,24.09,24.09,24.082,24.075,24.075,24.082,24.12,24.128,24.151,24.143,24.158,24.173,24.158,24.196,24.181,24.196,24.204,24.211,24.234,24.234,24.227,24.211,24.219,24.219,24.219,24.227,24.234,24.227,24.249,24.257,24.257,24.257,24.242,24.242,24.257,24.272,24.272,24.318,24.31,24.325,24.318,24.333,24.325,24.341,24.348,24.341,24.363,24.371,24.379,24.379,24.386,24.394,24.409,24.424,24.416,24.432,24.439,24.447,24.5,24.5,24.485,24.485,24.492,24.515,24.53,24.545,24.568,24.568,24.591,24.591,24.591,24.606,24.621,24.613,24.644,24.674,24.689,24.719,24.727,24.742,24.772,24.772,24.803,24.825,24.848,24.878,24.916,24.954,25.006,25.006,25.036,25.074,25.112,25.165,25.202,25.225,25.277,25.36,25.398,25.465,25.555,25.915,26.452,27.133,29.919,32.275,32.501,32.571,33.019,33.096,33.257,33.222,33.257,33.222,33.243,33.068,32.704,31.562,30.586,31.505,33.473,34.036,33.557,33.285,33.745,34.168,34.569,35.03,35.112,35.215,35.27,35.352,35.311,35.311,35.304,35.325,35.311,35.387,35.551,35.578,35.776,35.817,35.79,35.81,35.858,35.892,35.947,35.981,35.954,35.933,35.81,35.742,35.647,35.544,35.482,35.496,35.489,35.606,35.626,35.701,35.708,35.722,35.783,35.831,35.858,35.892,35.913,35.92,35.92,35.933,35.967,35.974,35.967,35.96,35.96,35.954,35.954,35.967,35.933,35.967,35.92,35.886,35.838,35.81,35.79,35.735,35.674,35.619,35.599,35.537,35.51,35.476,35.428,35.414,35.4,35.4,35.421,35.441,35.469,35.503,35.517,35.53,35.53,35.585,35.606,35.674,35.749,35.749,35.838,35.865,35.872,35.892,35.906,35.872,35.892,35.886,35.845,35.838,35.817,35.797,35.742,35.626,35.633,35.544,35.373,35.332,35.284,35.229,35.181,35.14,35.119,35.105,35.14,35.154,35.256,35.291,35.414,35.455,35.51,35.53,35.599,35.647,35.633,35.606,35.64,35.578,35.551,35.51,35.373,35.352,35.373,35.373,35.325,35.284,35.16,34.858,34.272,34.057,32.753,29.775,27.06,26.213,25.773,25.728,25.615,25.518,25.45,25.42,25.383,25.33,25.262,25.232,25.165,25.149,25.097,25.067,24.999,24.954,24.908,24.825,24.848,24.795,24.75,24.727,24.666,24.613,24.583,24.568,24.53,24.515,24.492,24.462,24.454,24.424,24.401,24.371,24.379,24.356,24.341,24.325,24.272,24.265,24.257,24.242,24.242,24.219,24.196,24.181,24.173,24.173,24.151,24.181,24.151,24.158,24.166,24.128,24.135,24.113,24.105,24.097,24.097,24.082,24.082,24.075,24.021,24.037,24.067,24.067,24.075,24.075,24.09,24.09,24.082,24.059,24.052,24.059,24.037,24.037,24.037,24.021,24.014,24.021,24.006,24.021,23.991,23.968,24.006,24.006,24.021,23.998,23.998,23.983,23.976,23.976,23.953,23.93,23.915,23.915,23.922,23.938,23.945,23.96,23.998,23.983,24.006,23.998,23.976,23.983,23.976,23.968,23.96,23.96,23.96,23.953,23.93,23.915,23.907,23.899,23.899,23.899,23.899,23.907,23.915,23.907,23.907,23.907,23.907,23.922,23.915,23.922,23.915,23.907,23.899,23.884,23.892,23.861,23.869,23.861,23.861,23.877,23.869,23.861,23.877,23.884,23.869,23.838,23.861,23.846,23.838,23.823,23.808,23.808,23.816,23.808,23.793,23.808,23.808,23.8,23.816,23.816,23.816,23.816,23.808,23.739,23.777,23.777,23.762,23.777,23.739,23.732,23.739,23.739,23.724,23.724,23.739,23.739,23.701,23.732,23.747,23.732,23.747,23.724,23.732,23.732,23.732,23.747,23.724,23.762,23.77,23.747,23.762,23.732,23.747,23.785,23.755,23.785,23.762,23.739,23.724,23.716,23.701,23.732,23.709,23.709,23.716,23.716,23.701,23.739,23.747,23.739,23.747,23.747,23.724,23.709,23.709,23.716,23.716,23.693,23.701,23.709,23.701,23.686,23.663,23.671,23.655,23.648,23.678,23.724,23.678,23.701,23.686
,23.632,23.64,23.64,23.663,23.663,23.663,23.663,23.663,23.663,23.632,23.609,23.594,23.602,23.609,23.632,23.648,23.671,23.671,23.678,23.678,23.693,23.701,23.701,23.701,23.701,23.686,23.693,23.693,23.701,23.701,23.709,23.709,23.724,23.709,23.739,23.739,23.739,23.739,23.747,23.747,23.739,23.732,23.732,23.732,23.732,23.732,23.716,23.709,23.709,23.716,23.732,23.739,23.755,23.747,23.762,23.777,23.77,23.77,23.777,23.8,23.777,23.8,23.777,23.77,23.785,23.816,23.8,23.823,23.816,23.808,23.8,23.8,23.8,23.808,23.8,23.808,23.816,23.823,23.854,23.846,23.861,23.846,23.838,23.838,23.854,23.884,23.884,23.899,23.907,23.892,23.884,23.877,23.877,23.869,23.877,23.899,23.892,23.907,23.907,23.899,23.915,23.907,23.899,23.907,23.892,23.907,23.907,23.892,23.877,23.884,23.892,23.915,23.922,23.945,23.93,23.953,23.938,23.915,23.938,23.93,23.968,23.945,23.938,23.968,23.976,23.983,23.991,23.991,23.968,23.96,23.976,23.991,23.983,24.006,24.006,24.014,24.037,24.021,24.037,24.044,24.044,24.052,24.052,24.067,24.09,24.082,24.097,24.09,24.097,24.097,24.09,24.09,24.09,24.105,24.097,24.097,24.128,24.151,24.151,24.143,24.151,24.143,24.173,24.181,24.189,24.204,24.219,24.242,24.242,24.234,24.211,24.219,24.211,24.219,24.234,24.234,24.234,24.249,24.234,24.242,24.227,24.242,24.249,24.272,24.265,24.287,24.287,24.318,24.303,24.318,24.341,24.333,24.341,24.348,24.348,24.356,24.363,24.371,24.379,24.386,24.386,24.401,24.416,24.424,24.447,24.447,24.454,24.47,24.47,24.5,24.515,24.507,24.492,24.515,24.53,24.553,24.568,24.568,24.576,24.583,24.606,24.606,24.629,24.651,24.666,24.674,24.712,24.742,24.757,24.765,24.795,24.803,24.825,24.848,24.878,24.916,24.954,24.991,25.021,25.044,25.082,25.104,25.142,25.165,25.202,25.225,25.308,25.345,25.51,25.63,25.6,25.735,26.422,27.789,29.976,31.633,31.76,32.501,32.557,32.711,32.543,32.297,31.965,31.157,29.905,29.197,28.674,29.197,30.572,32.914,34.036,34.022,33.257,33.445,34.092,34.486,34.831,35.167,35.332,35.352,35.393,35.4,35.352,35.373,35.291,35.339,35.38,35.496,35.64,35.681,35.694,35.756,35.797,35.81,35.858,35.92,35.947,35.954,35.926,35.872,35.735,35.667,35.599,35.51,35.482,35.503,35.51,35.524,35.612,35.612,35.674,35.735,35.824,35.865,35.886,35.913,35.933,35.94,35.995,35.995,35.995,36.001,35.988,35.981,35.988,35.974,35.988,35.995,35.933,35.967,35.886,35.865,35.851,35.79,35.763,35.688,35.653,35.612,35.571,35.489,35.469,35.435,35.393,35.393,35.387,35.407,35.407,35.435,35.476,35.503,35.537,35.551,35.606,35.647,35.688,35.742,35.783,35.845,35.872,35.872,35.892,35.892,35.872,35.886,35.858,35.851,35.838,35.838,35.804,35.701,35.715,35.64,35.51,35.414,35.393,35.311,35.236,35.154,35.126,35.126,35.119,35.147,35.174,35.27,35.366,35.4,35.455,35.503,35.537,35.606,35.64,35.674,35.674,35.653,35.592,35.544,35.51,35.517,35.469,35.414,35.441,35.38,35.023,34.947,34.5,34.348,33.828,32.388,28.404,27.03,25.937,25.683,25.585,25.578,25.51,25.45,25.405,25.36,25.285,25.24,25.195,25.119,25.134,25.074,25.036,24.991,24.954,24.878,24.84,24.795,24.78,24.757,24.719,24.682,24.621,24.598,24.545,24.538,24.507,24.477,24.47,24.439,24.416,24.394,24.371,24.363,24.356,24.341,24.325,24.28,24.265,24.257,24.249,24.249,24.227,24.227,24.181,24.173,24.173,24.181,24.166,24.181,24.173,24.173,24.173,24.128,24.097,24.097,24.09,24.097,24.09,24.105,24.067,24.029,24.105,24.044,24.075,24.067,24.075,24.082,24.082,24.075,24.075,24.044,24.037,24.044,24.029,24.037,24.021,24.029,24.021,24.014,24.014,24.014,23.991,24.029,24.021,24.014,24.014,24.006,24.006,23.998,23.968,24.006,23.976,23.968,23.953,23.938,23.938,23.953,23.968,23.983,23.998,23.983,23.998,23.983,23.976,23.968,23.968,23.953,23.976,23.953,23.953,23.945,23.915,23.915,23.907,23.907,23.892,23.899,23.892,23.915,23.892,23.922,23.907,23.907,23.922,23.922,23.915,23.915,23.922,23.915,23.907,23.869,23.899,23.877,23.884,23.892,23.877,23.892,23.877,23.861,23.869,23.892,23.869,23.892,23.861,23.846,23.823,23.8,23.808,23.8,23.8,23.793,23.8,23.808,23.831,23.816,23.8,23.823,23.793,23.808,23.777,23.8,23.77,23.762,23.762,23.747,23.755,23.724,23.739,23.762,23.793,23.724,23.732,23.739,23.747,23.724,23.732,23.739,23.724,23.747,23.732,23.724,23.724,23.732,23.755,23.732,23.747,23.755,23.755,23.755,23.739,23.747,23.762,23.739,23.739,23.709,23.724,23.716,23.686,23.724,23.701,23.716,23.709,23.701,23.732,23.732,23.747,23.739,23.8,23.724,23.724,23.678,23.701,23.693,23.678,23.701,23.693,23.671,23.678,23.663,23.678,23.686,23.716,23.716,23.663,23.663,23.671,23.678
,23.655,23.64,23.663,23.655,23.655,23.663,23.648,23.648,23.632,23.625,23.617,23.602,23.602,23.617,23.64,23.655,23.671,23.686,23.671,23.671,23.686,23.686,23.693,23.693,23.686,23.678,23.678,23.693,23.693,23.701,23.732,23.724,23.716,23.724,23.686,23.739,23.739,23.755,23.732,23.724,23.732,23.701,23.732,23.724,23.724,23.724,23.709,23.709,23.732,23.724,23.739,23.724,23.732,23.755,23.762,23.777,23.777,23.77,23.77,23.785,23.785,23.793,23.785,23.77,23.777,23.777,23.816,23.8,23.831,23.793,23.8,23.785,23.785,23.777,23.785,23.785,23.8,23.808,23.831,23.846,23.846,23.838,23.846,23.861,23.861,23.884,23.892,23.907,23.93,23.877,23.877,23.892,23.869,23.861,23.877,23.892,23.892,23.899,23.899,23.892,23.907,23.884,23.899,23.877,23.907,23.884,23.915,23.869,23.892,23.877,23.877,23.915,23.899,23.93,23.945,23.93,23.93,23.922,23.93,23.953,23.945,23.968,23.945,23.953,24.006,23.976,23.976,23.96,23.96,23.983,23.976,23.976,23.991,24.006,24.037,24.021,24.006,24.021,24.044,24.052,24.044,24.059,24.052,24.059,24.075,24.067,24.113,24.097,24.105,24.105,24.097,24.075,24.09,24.082,24.097,24.128,24.113,24.135,24.173,24.135,24.189,24.166,24.189,24.211,24.219,24.204,24.242,24.234,24.249,24.242,24.219,24.211,24.227,24.234,24.242,24.249,24.234,24.242,24.234,24.234,24.227,24.234,24.257,24.265,24.272,24.295,24.295,24.31,24.318,24.333,24.341,24.341,24.348,24.341,24.348,24.356,24.363,24.356,24.363,24.371,24.386,24.394,24.424,24.432,24.454,24.447,24.462,24.454,24.47,24.5,24.5,24.492,24.5,24.515,24.515,24.538,24.56,24.553,24.568,24.568,24.591,24.606,24.621,24.629,24.651,24.689,24.704,24.719,24.742,24.772,24.787,24.803,24.825,24.855,24.871,24.931,24.938,24.999,25.014,25.044,25.074,25.112,25.119,25.142,25.187,25.202,25.247,25.323,25.383,25.563,25.623,25.758,26.034,26.362,27.318,28.761,30.221,31.171,31.15,30.636,29.753,28.761,28.163,27.362,27.163,27.318,27.789,28.674,29.515,31.725,33.64,34.195,33.424,33.383,33.939,34.52,34.941,35.215,35.332,35.407,35.435,35.421,35.38,35.325,35.325,35.339,35.366,35.51,35.64,35.612,35.647,35.715,35.715,35.776,35.831,35.858,35.879,35.906,35.892,35.879,35.845,35.674,35.612,35.537,35.496,35.503,35.496,35.517,35.558,35.558,35.667,35.735,35.81,35.865,35.899,35.913,35.933,35.974,36.022,36.029,36.029,36.056,36.049,36.042,36.035,36.015,35.988,36.008,35.967,35.954,35.899,35.872,35.851,35.749,35.722,35.681,35.626,35.612,35.558,35.496,35.455,35.421,35.407,35.4,35.387,35.4,35.414,35.421,35.448,35.455,35.496,35.551,35.565,35.599,35.688,35.715,35.756,35.817,35.804,35.879,35.872,35.892,35.892,35.892,35.879,35.851,35.879,35.872,35.824,35.824,35.749,35.715,35.592,35.489,35.4,35.298,35.27,35.195,35.16,35.133,35.126,35.174,35.236,35.284,35.387,35.414,35.476,35.571,35.551,35.647,35.688,35.701,35.688,35.694,35.626,35.578,35.565,35.517,35.496,35.544,35.496,35.325,35.044,34.713,34.223,34.105,33.355,30.993,27.443,26.176,25.788,25.623,25.533,25.503,25.473,25.405,25.368,25.308,25.27,25.134,25.134,25.089,25.082,25.059,25.029,24.984,24.931,24.901,24.84,24.803,24.78,24.742,24.719,24.674,24.629,24.598,24.568,24.515,24.492,24.485,24.454,24.432,24.409,24.401,24.379,24.371,24.356,24.348,24.341,24.272,24.28,24.249,24.265,24.257,24.242,24.211,24.211,24.211,24.204,24.173,24.173,24.181,24.151,24.158,24.143,24.135,24.128,24.105,24.082,24.105,24.105,24.097,24.097,24.105,24.082,24.075,24.059,24.059,24.067,24.067,24.067,24.067,24.052,24.044,24.052,24.044,24.037,24.021,24.029,24.021,24.006,24.029,23.998,23.991,24.006,23.976,23.998,24.006,24.006,24.006,23.998,23.998,23.991,24.006,23.991,23.96,23.983,23.945,23.953,23.96,23.968,23.976,23.976,23.968,23.983,23.968,23.968,23.96,23.968,23.968,23.976,23.976,23.953,23.945,23.93,23.922,23.899,23.899,23.907,23.899,23.922,23.899,23.907,23.884,23.899,23.922,23.892,23.907,23.938,23.915,23.915,23.915,23.899,23.899,23.892,23.892,23.869,23.884,23.877,23.884,23.869,23.877,23.892,23.869,23.869,23.892,23.869,23.838,23.808,23.816,23.808,23.785,23.793,23.808,23.808,23.823,23.854,23.823,23.831,23.793,23.777,23.793,23.785,23.777,23.77,23.762,23.77,23.755,23.755,23.755,23.739,23.755,23.693,23.709,23.709,23.724,23.739,23.747,23.739,23.716,23.739,23.747,23.732,23.724,23.732,23.732,23.747,23.777,23.747,23.755,23.724,23.724,23.77,23.709,23.709,23.755,23.709,23.732,23.716,23.693,23.709,23.693,23.701,23.701,23.709,23.716,23.716,23.739,23.724,23.777,23.793,23.709,23.693,23.663,23.686,23.762,23.709,23.693,23.686,23.678,23.655,23.686,23.686,23.709,23.671,23.671,23.701,23.709,23.678,23.678
,23.648,23.64,23.648,23.663,23.655,23.648,23.648,23.632,23.625,23.625,23.625,23.586,23.609,23.617,23.64,23.663,23.663,23.671,23.663,23.678,23.678,23.701,23.693,23.686,23.671,23.663,23.663,23.693,23.686,23.739,23.709,23.701,23.724,23.693,23.716,23.716,23.709,23.724,23.724,23.716,23.716,23.716,23.701,23.709,23.686,23.709,23.716,23.716,23.709,23.716,23.716,23.709,23.739,23.755,23.755,23.777,23.77,23.77,23.755,23.77,23.785,23.793,23.777,23.777,23.793,23.777,23.762,23.793,23.793,23.808,23.785,23.77,23.77,23.77,23.77,23.777,23.777,23.8,23.816,23.831,23.838,23.823,23.846,23.854,23.869,23.884,23.892,23.899,23.915,23.877,23.869,23.846,23.861,23.877,23.884,23.892,23.877,23.892,23.884,23.892,23.884,23.907,23.884,23.877,23.884,23.877,23.861,23.869,23.877,23.884,23.892,23.922,23.899,23.922,23.93,23.945,23.953,23.93,23.953,23.938,23.953,23.96,23.976,23.983,23.998,23.976,23.976,23.983,23.968,23.96,23.976,23.976,23.983,23.991,23.991,24.006,24.014,24.014,24.021,24.021,24.052,24.059,24.067,24.067,24.075,24.09,24.082,24.082,24.113,24.097,24.105,24.105,24.097,24.09,24.09,24.113,24.113,24.12,24.12,24.113,24.143,24.204,24.219,24.196,24.204,24.204,24.211,24.219,24.234,24.227,24.219,24.219,24.227,24.234,24.234,24.234,24.234,24.227,24.234,24.219,24.242,24.234,24.234,24.265,24.265,24.272,24.295,24.303,24.325,24.325,24.363,24.341,24.341,24.333,24.348,24.356,24.363,24.371,24.363,24.371,24.379,24.394,24.394,24.416,24.432,24.439,24.462,24.477,24.485,24.462,24.462,24.47,24.477,24.515,24.507,24.515,24.545,24.523,24.568,24.576,24.583,24.598,24.606,24.621,24.636,24.666,24.682,24.719,24.75,24.765,24.787,24.795,24.818,24.848,24.863,24.923,24.954,24.984,24.999,25.014,25.021,25.074,25.074,25.134,25.157,25.195,25.232,25.27,25.428,25.48,25.555,25.578,25.78,25.967,26.131,26.347,27.289,27.804,27.818,27.488,26.704,26.548,26.474,26.362,26.452,26.771,26.86,27.994,28.79,30.536,33.082,34.161,33.856,33.306,33.946,34.272,34.72,35.215,35.352,35.387,35.428,35.448,35.435,35.359,35.332,35.352,35.38,35.51,35.578,35.606,35.633,35.674,35.708,35.701,35.77,35.804,35.865,35.865,35.851,35.838,35.783,35.708,35.612,35.551,35.524,35.503,35.469,35.496,35.482,35.544,35.578,35.66,35.735,35.831,35.858,35.892,35.954,35.988,36.035,36.063,36.09,36.11,36.158,36.117,36.131,36.069,36.049,36.001,35.981,35.947,35.933,35.886,35.845,35.783,35.694,35.667,35.619,35.585,35.517,35.53,35.462,35.4,35.421,35.4,35.393,35.407,35.421,35.421,35.455,35.455,35.489,35.537,35.578,35.64,35.667,35.722,35.735,35.79,35.831,35.831,35.872,35.865,35.879,35.879,35.886,35.858,35.879,35.865,35.851,35.838,35.817,35.783,35.633,35.462,35.352,35.318,35.277,35.236,35.167,35.154,35.174,35.202,35.202,35.27,35.318,35.482,35.53,35.633,35.708,35.708,35.756,35.735,35.729,35.722,35.674,35.647,35.599,35.585,35.544,35.489,35.346,35.229,34.941,34.486,34.244,33.814,32.767,29.53,27.03,26.228,25.982,25.578,25.473,25.465,25.45,25.375,25.338,25.247,25.195,25.142,25.089,25.059,25.044,25.029,25.006,24.969,24.908,24.871,24.855,24.795,24.757,24.735,24.689,24.644,24.636,24.576,24.553,24.507,24.477,24.462,24.447,24.432,24.409,24.401,24.379,24.371,24.348,24.325,24.303,24.272,24.257,24.265,24.234,24.242,24.242,24.242,24.211,24.189,24.173,24.181,24.196,24.173,24.166,24.173,24.143,24.113,24.105,24.082,24.09,24.082,24.082,24.097,24.082,24.082,24.082,24.052,24.029,24.059,24.052,24.052,24.059,24.059,24.052,24.052,24.037,24.052,24.014,24.029,24.029,24.014,24.006,24.006,24.029,24.014,24.014,24.006,23.998,23.998,24.006,23.991,23.991,24.014,24.014,24.014,24.006,23.976,23.968,23.968,23.976,23.976,23.976,23.976,23.968,23.976,23.96,23.976,23.96,23.976,23.953,23.968,23.953,23.953,23.938,23.945,23.922,23.93,23.915,23.907,23.892,23.899,23.899,23.884,23.899,23.884,23.899,23.907,23.899,23.915,23.953,23.899,23.907,23.915,23.892,23.907,23.892,23.869,23.869,23.869,23.884,23.861,23.846,23.838,23.877,23.877,23.892,23.831,23.861,23.846,23.854,23.823,23.8,23.793,23.785,23.777,23.777,23.793,23.785,23.785,23.808,23.793,23.762,23.777,23.77,23.785,23.77,23.762,23.755,23.747,23.716,23.747,23.701,23.709,23.716,23.709,23.701,23.709,23.724,23.732,23.739,23.716,23.724,23.724,23.739,23.709,23.732,23.747,23.747,23.739,23.747,23.747,23.686,23.701,23.693,23.709,23.724,23.693,23.709,23.716,23.709,23.701,23.701,23.709,23.701,23.693,23.693,23.701,23.693,23.716,23.716,23.732,23.755,23.716,23.701,23.701,23.693,23.671,23.701,23.671,23.693,23.655,23.678,23.693,23.701,23.693,23.716,23.663,23.655,23.663,23.678,23.678
,23.625,23.625,23.655,23.648,23.655,23.64,23.632,23.64,23.632,23.632,23.602,23.609,23.609,23.64,23.64,23.655,23.655,23.663,23.678,23.693,23.678,23.686,23.686,23.686,23.686,23.686,23.663,23.64,23.701,23.732,23.747,23.739,23.709,23.701,23.686,23.701,23.709,23.716,23.732,23.709,23.701,23.701,23.701,23.709,23.686,23.693,23.709,23.709,23.678,23.716,23.724,23.716,23.732,23.739,23.739,23.762,23.762,23.77,23.777,23.762,23.793,23.77,23.762,23.777,23.777,23.785,23.785,23.777,23.785,23.793,23.823,23.777,23.77,23.77,23.777,23.77,23.785,23.8,23.808,23.816,23.823,23.831,23.861,23.838,23.869,23.869,23.877,23.892,23.892,23.877,23.915,23.892,23.884,23.877,23.884,23.877,23.877,23.869,23.877,23.892,23.877,23.884,23.922,23.877,23.846,23.884,23.861,23.861,23.907,23.877,23.877,23.892,23.907,23.922,23.93,23.953,23.938,23.938,23.922,23.953,23.953,23.968,23.968,23.991,23.991,23.945,23.983,23.976,23.953,23.983,23.983,23.983,23.991,23.983,23.983,23.983,23.998,23.983,24.029,24.067,24.059,24.075,24.044,24.029,24.059,24.082,24.09,24.09,24.128,24.105,24.113,24.113,24.097,24.097,24.105,24.113,24.12,24.128,24.135,24.143,24.181,24.211,24.189,24.211,24.234,24.211,24.219,24.227,24.204,24.227,24.227,24.219,24.227,24.234,24.227,24.249,24.242,24.227,24.227,24.234,24.234,24.257,24.257,24.28,24.272,24.295,24.303,24.318,24.341,24.341,24.356,24.341,24.333,24.341,24.341,24.348,24.356,24.363,24.371,24.379,24.386,24.386,24.401,24.409,24.416,24.439,24.454,24.447,24.447,24.432,24.47,24.477,24.477,24.492,24.507,24.515,24.523,24.553,24.545,24.56,24.583,24.598,24.606,24.629,24.636,24.659,24.697,24.727,24.735,24.757,24.78,24.787,24.833,24.848,24.886,24.901,24.946,24.969,25.006,24.991,25.021,25.067,25.097,25.134,25.149,25.217,25.24,25.315,25.338,25.398,25.473,25.563,25.66,25.713,25.818,26.094,26.154,26.161,26.161,26.139,26.034,26.094,26.109,26.183,26.101,26.392,26.637,27.333,28.06,29.522,32.522,33.856,34.223,33.522,33.745,34.389,34.837,35.112,35.284,35.4,35.407,35.414,35.435,35.393,35.339,35.325,35.393,35.462,35.558,35.626,35.64,35.674,35.688,35.715,35.742,35.749,35.831,35.845,35.851,35.838,35.79,35.729,35.681,35.592,35.578,35.482,35.489,35.482,35.51,35.537,35.571,35.674,35.708,35.797,35.851,35.906,35.94,36.022,36.035,36.104,36.165,36.233,36.24,36.226,36.158,36.11,36.063,36.042,35.981,35.96,35.926,35.872,35.838,35.79,35.688,35.647,35.626,35.585,35.544,35.53,35.503,35.469,35.441,35.428,35.435,35.421,35.435,35.448,35.469,35.476,35.53,35.53,35.551,35.585,35.688,35.708,35.763,35.79,35.817,35.79,35.824,35.845,35.865,35.838,35.865,35.879,35.872,35.872,35.851,35.817,35.79,35.735,35.681,35.599,35.537,35.4,35.325,35.298,35.243,35.243,35.243,35.263,35.263,35.366,35.448,35.558,35.653,35.749,35.756,35.77,35.763,35.715,35.749,35.81,35.715,35.626,35.592,35.53,35.489,35.441,35.339,35.03,34.534,34.444,34.036,33.285,31.718,28.17,26.578,25.982,25.743,25.533,25.48,25.45,25.443,25.323,25.323,25.262,25.195,25.172,25.089,25.044,25.036,25.014,24.969,24.946,24.901,24.886,24.81,24.787,24.757,24.712,24.697,24.636,24.598,24.568,24.545,24.507,24.492,24.462,24.439,24.439,24.424,24.401,24.386,24.363,24.341,24.333,24.325,24.28,24.249,24.249,24.227,24.242,24.227,24.227,24.219,24.219,24.211,24.196,24.181,24.166,24.158,24.143,24.12,24.097,24.082,24.09,24.09,24.082,24.128,24.082,24.113,24.082,24.067,24.059,24.052,24.044,24.052,24.052,24.067,24.059,24.052,24.037,24.044,24.029,24.021,24.037,24.021,24.006,24.006,24.014,24.014,23.991,24.006,24.006,23.998,23.991,23.998,23.991,24.006,24.014,24.014,23.998,24.014,23.983,23.998,24.006,23.998,23.983,23.976,23.96,23.976,23.968,23.96,23.96,23.96,23.968,23.976,23.96,23.968,23.953,23.945,23.93,23.93,23.915,23.892,23.93,23.915,23.892,23.892,23.892,23.899,23.892,23.892,23.907,23.915,23.93,23.915,23.93,23.907,23.899,23.899,23.892,23.892,23.877,23.869,23.869,23.861,23.861,23.861,23.861,23.884,23.877,23.884,23.854,23.854,23.861,23.831,23.808,23.816,23.785,23.777,23.785,23.793,23.816,23.8,23.8,23.755,23.777,23.77,23.77,23.785,23.77,23.77,23.747,23.755,23.739,23.724,23.709,23.724,23.693,23.701,23.724,23.716,23.701,23.747,23.762,23.747,23.716,23.724,23.739,23.701,23.724,23.732,23.739,23.739,23.739,23.693,23.686,23.693,23.701,23.693,23.686,23.693,23.701,23.701,23.716,23.709,23.701,23.693,23.701,23.693,23.693,23.701,23.693,23.709,23.701,23.724,23.716,23.716,23.716,23.709,23.716,23.678,23.693,23.678,23.648,23.686,23.701,23.663,23.709,23.724,23.701,23.701,23.693,23.671,23.671,23.655,23.671
,23.625,23.617,23.632,23.632,23.64,23.617,23.64,23.625,23.632,23.609,23.602,23.594,23.632,23.625,23.655,23.64,23.648,23.648,23.655,23.693,23.663,23.701,23.686,23.671,23.686,23.655,23.64,23.671,23.686,23.716,23.716,23.732,23.709,23.678,23.678,23.663,23.709,23.701,23.716,23.716,23.701,23.693,23.686,23.693,23.686,23.693,23.709,23.701,23.732,23.716,23.716,23.732,23.724,23.739,23.747,23.755,23.755,23.724,23.762,23.755,23.77,23.762,23.77,23.77,23.777,23.785,23.755,23.77,23.785,23.755,23.785,23.77,23.77,23.77,23.77,23.785,23.793,23.793,23.793,23.808,23.823,23.831,23.831,23.838,23.846,23.861,23.877,23.877,23.877,23.877,23.877,23.869,23.877,23.899,23.892,23.877,23.884,23.884,23.838,23.838,23.838,23.854,23.869,23.854,23.861,23.838,23.854,23.854,23.861,23.884,23.861,23.884,23.892,23.915,23.93,23.922,23.938,23.899,23.93,23.938,23.945,23.945,23.938,23.976,23.96,23.96,23.953,23.953,23.968,23.983,23.96,23.983,23.983,23.983,23.976,23.976,23.983,23.968,24.014,24.029,24.014,24.029,24.052,24.014,24.037,24.059,24.075,24.113,24.09,24.113,24.105,24.097,24.09,24.097,24.105,24.113,24.12,24.143,24.135,24.135,24.158,24.211,24.211,24.189,24.204,24.204,24.227,24.219,24.219,24.227,24.219,24.219,24.211,24.227,24.219,24.211,24.227,24.234,24.242,24.249,24.242,24.272,24.257,24.249,24.287,24.303,24.31,24.325,24.333,24.348,24.348,24.348,24.341,24.348,24.341,24.348,24.356,24.363,24.379,24.379,24.379,24.386,24.386,24.401,24.409,24.409,24.432,24.439,24.409,24.432,24.462,24.454,24.462,24.492,24.5,24.507,24.545,24.545,24.553,24.583,24.583,24.591,24.606,24.621,24.644,24.682,24.689,24.727,24.735,24.719,24.772,24.81,24.818,24.855,24.855,24.946,24.946,24.961,24.999,25.014,25.021,25.029,25.059,25.104,25.157,25.172,25.232,25.277,25.315,25.375,25.435,25.533,25.645,25.6,25.638,25.683,25.773,25.78,25.87,25.818,25.885,25.832,25.847,26.004,25.989,26.146,26.444,26.585,27.421,28.877,31.668,33.759,34.237,33.828,33.689,34.202,34.672,34.906,35.133,35.4,35.448,35.476,35.448,35.441,35.352,35.366,35.407,35.441,35.53,35.592,35.66,35.667,35.688,35.708,35.735,35.756,35.817,35.851,35.858,35.838,35.77,35.715,35.674,35.619,35.578,35.524,35.503,35.544,35.551,35.565,35.599,35.681,35.742,35.79,35.838,35.906,35.926,35.967,36.069,36.158,36.199,36.267,36.294,36.267,36.226,36.172,36.083,36.056,35.974,35.947,35.886,35.872,35.783,35.756,35.688,35.633,35.612,35.578,35.571,35.53,35.524,35.482,35.503,35.489,35.469,35.455,35.462,35.462,35.476,35.476,35.524,35.524,35.558,35.585,35.626,35.66,35.681,35.722,35.735,35.756,35.742,35.77,35.79,35.783,35.804,35.797,35.797,35.79,35.797,35.804,35.783,35.722,35.667,35.66,35.681,35.551,35.441,35.4,35.462,35.366,35.359,35.325,35.38,35.489,35.722,35.715,35.797,35.879,35.824,35.783,35.763,35.756,35.763,35.708,35.701,35.633,35.599,35.558,35.496,35.428,35.222,34.941,34.527,34.41,33.661,33.124,29.876,27.06,26.213,25.788,25.66,25.48,25.443,25.405,25.368,25.308,25.247,25.18,25.157,25.104,25.074,25.036,25.006,24.999,24.969,24.923,24.893,24.833,24.818,24.765,24.742,24.697,24.666,24.621,24.598,24.56,24.553,24.545,24.47,24.462,24.454,24.432,24.416,24.386,24.371,24.363,24.356,24.333,24.31,24.272,24.265,24.249,24.227,24.227,24.227,24.211,24.227,24.211,24.211,24.211,24.189,24.158,24.143,24.143,24.113,24.105,24.113,24.097,24.075,24.075,24.09,24.082,24.067,24.059,24.059,24.075,24.052,24.044,24.052,24.037,24.044,24.059,24.044,24.059,24.059,24.044,24.052,24.014,24.029,24.014,24.006,24.014,23.998,24.006,24.006,24.021,23.998,23.998,23.991,23.998,23.991,23.998,24.006,24.006,24.006,23.998,24.021,24.021,24.006,23.998,23.983,23.976,23.968,23.96,23.968,23.983,23.96,23.96,23.968,23.968,23.96,23.953,23.945,23.93,23.938,23.922,23.892,23.907,23.892,23.892,23.877,23.877,23.877,23.884,23.899,23.899,23.907,23.93,23.899,23.899,23.907,23.907,23.892,23.884,23.884,23.884,23.877,23.861,23.838,23.838,23.854,23.861,23.861,23.869,23.838,23.838,23.831,23.831,23.816,23.808,23.8,23.785,23.785,23.785,23.777,23.777,23.8,23.793,23.77,23.762,23.762,23.762,23.77,23.77,23.762,23.755,23.739,23.724,23.724,23.709,23.701,23.709,23.716,23.724,23.709,23.747,23.724,23.724,23.732,23.732,23.747,23.732,23.724,23.724,23.747,23.724,23.739,23.724,23.709,23.701,23.671,23.686,23.693,23.686,23.678,23.693,23.709,23.709,23.716,23.663,23.701,23.686,23.686,23.693,23.709,23.716,23.716,23.709,23.716,23.709,23.709,23.716,23.693,23.724,23.686,23.709,23.701,23.671,23.693,23.701,23.686,23.686,23.693,23.686,23.701,23.693,23.686,23.678,23.678,23.671
,23.609,23.609,23.617,23.632,23.632,23.625,23.648,23.632,23.625,23.602,23.625,23.602,23.625,23.617,23.617,23.648,23.617,23.655,23.671,23.663,23.693,23.709,23.716,23.686,23.709,23.716,23.678,23.693,23.693,23.709,23.709,23.693,23.701,23.678,23.663,23.686,23.693,23.701,23.716,23.716,23.701,23.739,23.678,23.693,23.686,23.701,23.709,23.709,23.732,23.716,23.732,23.724,23.724,23.739,23.747,23.808,23.8,23.747,23.77,23.747,23.755,23.762,23.77,23.777,23.785,23.77,23.77,23.777,23.755,23.77,23.793,23.793,23.793,23.785,23.785,23.8,23.808,23.8,23.808,23.808,23.816,23.816,23.823,23.846,23.846,23.846,23.854,23.861,23.869,23.877,23.869,23.892,23.907,23.884,23.899,23.892,23.877,23.877,23.854,23.854,23.838,23.838,23.869,23.861,23.854,23.861,23.846,23.861,23.884,23.884,23.892,23.877,23.899,23.899,23.922,23.938,23.922,23.938,23.915,23.915,23.945,23.96,23.945,23.953,23.953,23.945,23.968,23.953,23.96,23.976,23.976,23.976,23.976,23.976,23.976,23.976,23.968,23.983,23.998,24.044,24.067,24.052,24.044,24.006,24.052,24.067,24.067,24.075,24.082,24.097,24.105,24.09,24.09,24.113,24.113,24.128,24.128,24.143,24.143,24.151,24.158,24.158,24.181,24.211,24.219,24.204,24.219,24.219,24.227,24.234,24.219,24.227,24.219,24.211,24.227,24.204,24.242,24.234,24.257,24.242,24.265,24.265,24.265,24.272,24.287,24.295,24.318,24.333,24.341,24.348,24.371,24.356,24.348,24.341,24.341,24.356,24.363,24.371,24.379,24.386,24.379,24.394,24.394,24.401,24.401,24.401,24.409,24.424,24.416,24.424,24.447,24.47,24.462,24.5,24.5,24.515,24.523,24.56,24.568,24.576,24.598,24.613,24.621,24.636,24.659,24.689,24.697,24.735,24.727,24.742,24.787,24.803,24.825,24.848,24.871,24.893,24.938,24.923,24.991,24.991,24.999,25.029,25.059,25.127,25.149,25.18,25.225,25.255,25.315,25.353,25.405,25.435,25.503,25.593,25.608,25.69,25.69,25.705,25.75,25.765,25.75,25.795,25.803,25.847,26.012,26.087,26.236,26.392,27.104,28.141,30.479,33.236,34.064,34.327,33.752,33.995,34.472,34.734,34.954,35.133,35.441,35.462,35.496,35.448,35.441,35.421,35.448,35.524,35.599,35.633,35.674,35.694,35.701,35.729,35.756,35.749,35.783,35.81,35.831,35.831,35.831,35.817,35.749,35.674,35.626,35.585,35.551,35.585,35.612,35.619,35.674,35.715,35.742,35.804,35.845,35.879,35.92,35.995,36.063,36.117,36.185,36.226,36.321,36.274,36.274,36.206,36.097,36.097,35.988,35.94,35.886,35.831,35.81,35.749,35.681,35.653,35.612,35.599,35.592,35.565,35.592,35.585,35.606,35.599,35.517,35.544,35.551,35.551,35.537,35.544,35.544,35.558,35.565,35.592,35.626,35.64,35.681,35.681,35.688,35.715,35.722,35.715,35.735,35.715,35.77,35.776,35.77,35.783,35.776,35.77,35.77,35.749,35.763,35.715,35.742,35.735,35.742,35.824,35.797,35.831,35.865,35.851,35.96,35.954,36.029,35.913,35.926,35.899,35.892,35.858,35.81,35.804,35.749,35.804,35.729,35.674,35.551,35.435,35.298,35.222,35.188,34.693,34.513,34.161,33.508,31.887,28.141,26.741,26.049,25.818,25.6,25.48,25.42,25.375,25.36,25.277,25.202,25.187,25.142,25.112,25.074,25.036,25.021,24.984,24.969,24.908,24.855,24.84,24.787,24.772,24.727,24.712,24.674,24.606,24.591,24.545,24.553,24.507,24.485,24.477,24.462,24.432,24.424,24.401,24.386,24.363,24.348,24.325,24.318,24.28,24.257,24.227,24.227,24.249,24.257,24.242,24.234,24.204,24.211,24.189,24.204,24.166,24.158,24.135,24.143,24.135,24.105,24.082,24.12,24.082,24.067,24.09,24.067,24.067,24.075,24.052,24.059,24.059,24.052,24.059,24.075,24.075,24.067,24.059,24.075,24.067,24.052,24.044,24.029,24.029,24.014,23.998,24.006,24.014,24.006,24.006,24.021,23.991,23.998,23.998,23.998,24.014,24.014,23.998,24.014,24.006,24.006,24.006,23.998,23.998,23.976,23.976,23.968,23.968,23.983,23.991,23.976,23.983,23.976,23.953,23.968,23.938,23.945,23.945,23.922,23.938,23.899,23.953,23.877,23.869,23.877,23.877,23.892,23.899,23.907,23.907,23.915,23.907,23.922,23.899,23.899,23.907,23.892,23.899,23.884,23.884,23.884,23.854,23.846,23.846,23.861,23.861,23.877,23.869,23.861,23.831,23.838,23.831,23.816,23.808,23.785,23.785,23.777,23.777,23.8,23.8,23.793,23.8,23.8,23.777,23.77,23.77,23.77,23.762,23.739,23.739,23.732,23.709,23.709,23.701,23.716,23.709,23.724,23.716,23.739,23.739,23.716,23.739,23.739,23.755,23.747,23.739,23.755,23.732,23.732,23.747,23.724,23.724,23.693,23.678,23.739,23.693,23.716,23.701,23.701,23.709,23.716,23.709,23.716,23.709,23.693,23.701,23.693,23.724,23.686,23.716,23.724,23.709,23.716,23.693,23.693,23.693,23.693,23.701,23.671,23.693,23.693,23.701,23.678,23.709,23.716,23.686,23.686,23.693,23.671,23.671,23.686,23.678,23.655,23.693
,23.594,23.602,23.602,23.594,23.64,23.609,23.64,23.64,23.625,23.632,23.617,23.586,23.602,23.625,23.609,23.64,23.648,23.617,23.655,23.663,23.686,23.693,23.709,23.693,23.732,23.686,23.701,23.686,23.716,23.716,23.716,23.693,23.709,23.709,23.686,23.671,23.693,23.709,23.724,23.716,23.716,23.716,23.693,23.709,23.701,23.701,23.709,23.701,23.732,23.732,23.732,23.724,23.724,23.732,23.739,23.762,23.816,23.777,23.724,23.762,23.762,23.762,23.777,23.77,23.777,23.777,23.785,23.77,23.777,23.785,23.8,23.793,23.793,23.785,23.8,23.8,23.808,23.808,23.808,23.8,23.8,23.808,23.831,23.846,23.838,23.846,23.846,23.854,23.861,23.869,23.861,23.899,23.899,23.899,23.899,23.892,23.861,23.846,23.838,23.831,23.846,23.861,23.869,23.869,23.861,23.854,23.854,23.854,23.854,23.861,23.869,23.884,23.877,23.899,23.899,23.907,23.915,23.93,23.915,23.892,23.922,23.922,23.938,23.938,23.953,23.938,23.938,23.945,23.945,23.953,23.976,23.968,23.976,23.991,23.976,23.976,23.983,23.998,24.021,24.006,24.029,24.044,24.044,24.044,24.052,24.075,24.059,24.082,24.097,24.082,24.097,24.105,24.105,24.113,24.128,24.128,24.135,24.151,24.158,24.158,24.166,24.166,24.189,24.196,24.204,24.211,24.219,24.219,24.234,24.234,24.227,24.227,24.219,24.196,24.211,24.211,24.227,24.242,24.28,24.257,24.257,24.287,24.28,24.272,24.295,24.31,24.31,24.333,24.348,24.356,24.363,24.348,24.363,24.341,24.341,24.348,24.356,24.363,24.379,24.371,24.386,24.386,24.401,24.401,24.386,24.409,24.416,24.409,24.432,24.447,24.454,24.47,24.47,24.485,24.5,24.515,24.538,24.538,24.568,24.583,24.606,24.613,24.629,24.644,24.666,24.689,24.712,24.719,24.75,24.75,24.795,24.81,24.848,24.855,24.878,24.916,24.916,24.984,24.991,25.014,25.044,25.044,25.074,25.112,25.165,25.217,25.202,25.255,25.3,25.323,25.345,25.42,25.458,25.503,25.555,25.593,25.63,25.675,25.713,25.705,25.713,25.765,25.75,25.862,25.87,26.057,26.146,26.362,26.667,27.399,29.508,32.76,34.043,34.403,33.904,33.779,34.279,34.686,34.713,35.016,35.387,35.441,35.489,35.489,35.482,35.469,35.469,35.551,35.551,35.674,35.688,35.735,35.742,35.776,35.783,35.804,35.804,35.872,35.886,35.96,35.892,35.96,35.81,35.776,35.735,35.667,35.653,35.66,35.694,35.674,35.701,35.729,35.776,35.81,35.845,35.913,35.913,36.015,36.097,36.158,36.206,36.274,36.28,36.267,36.287,36.24,36.165,36.09,36.035,35.933,35.872,35.851,35.79,35.749,35.674,35.674,35.64,35.626,35.606,35.633,35.626,35.66,35.633,35.619,35.633,35.592,35.619,35.633,35.571,35.565,35.571,35.571,35.571,35.578,35.612,35.626,35.64,35.64,35.688,35.681,35.688,35.66,35.708,35.722,35.729,35.742,35.776,35.783,35.756,35.776,35.756,35.77,35.776,35.776,35.831,35.865,35.94,35.974,35.954,36.192,36.069,36.369,36.172,36.192,36.165,36.097,36.029,35.947,35.926,35.906,35.865,35.81,35.783,35.756,35.681,35.537,35.551,35.318,35.119,35.099,34.927,34.541,34.202,33.877,32.921,30.07,27.156,26.258,25.907,25.72,25.563,25.503,25.398,25.383,25.33,25.262,25.27,25.187,25.149,25.127,25.089,25.044,25.021,24.961,24.946,24.908,24.855,24.833,24.787,24.757,24.727,24.704,24.682,24.613,24.576,24.568,24.538,24.538,24.507,24.5,24.462,24.447,24.424,24.401,24.394,24.379,24.333,24.341,24.303,24.287,24.257,24.242,24.234,24.249,24.249,24.242,24.242,24.204,24.196,24.196,24.181,24.166,24.166,24.166,24.151,24.151,24.12,24.12,24.097,24.075,24.09,24.075,24.082,24.075,24.075,24.075,24.075,24.067,24.075,24.082,24.052,24.075,24.075,24.075,24.075,24.075,24.075,24.059,24.037,24.029,24.021,24.014,24.006,24.006,23.998,24.006,24.006,24.014,24.014,24.021,24.014,24.014,24.014,24.014,24.014,24.006,24.014,24.021,23.991,23.991,23.976,23.968,23.976,23.976,23.991,23.983,23.983,23.998,23.991,23.976,23.968,23.96,23.938,23.945,23.953,23.922,23.915,23.899,23.884,23.877,23.877,23.877,23.892,23.899,23.907,23.907,23.899,23.899,23.892,23.899,23.892,23.892,23.884,23.892,23.884,23.884,23.884,23.831,23.854,23.861,23.854,23.861,23.877,23.854,23.816,23.816,23.831,23.823,23.831,23.808,23.8,23.785,23.785,23.793,23.8,23.816,23.808,23.808,23.8,23.785,23.793,23.793,23.77,23.777,23.732,23.739,23.724,23.701,23.716,23.716,23.709,23.716,23.732,23.732,23.747,23.709,23.755,23.77,23.747,23.755,23.762,23.755,23.755,23.755,23.739,23.747,23.709,23.709,23.693,23.709,23.709,23.709,23.701,23.709,23.709,23.716,23.716,23.701,23.693,23.678,23.693,23.724,23.709,23.724,23.709,23.709,23.709,23.724,23.716,23.701,23.716,23.686,23.739,23.709,23.693,23.686,23.678,23.701,23.678,23.693,23.701,23.671,23.693,23.686,23.678,23.678,23.671,23.671,23.686,23.671
,23.586,23.602,23.602,23.609,23.617,23.632,23.617,23.64,23.625,23.602,23.625,23.602,23.609,23.602,23.602,23.632,23.648,23.632,23.648,23.663,23.678,23.678,23.663,23.701,23.724,23.686,23.693,23.709,23.701,23.701,23.716,23.716,23.716,23.709,23.693,23.724,23.671,23.701,23.709,23.716,23.709,23.701,23.709,23.701,23.709,23.716,23.716,23.724,23.724,23.739,23.739,23.732,23.732,23.808,23.739,23.777,23.793,23.77,23.762,23.747,23.77,23.762,23.777,23.785,23.777,23.777,23.793,23.785,23.777,23.793,23.793,23.785,23.793,23.793,23.8,23.808,23.816,23.808,23.808,23.808,23.808,23.816,23.808,23.831,23.846,23.846,23.854,23.854,23.854,23.869,23.854,23.884,23.884,23.884,23.884,23.877,23.877,23.838,23.846,23.861,23.846,23.861,23.869,23.877,23.861,23.877,23.861,23.846,23.846,23.854,23.884,23.877,23.869,23.892,23.899,23.915,23.915,23.922,23.93,23.899,23.922,23.93,23.93,23.938,23.938,23.938,23.93,23.93,23.945,23.938,23.96,23.945,23.976,23.983,23.983,23.991,24.006,23.998,24.006,24.014,24.006,24.029,24.014,24.044,24.059,24.059,24.067,24.075,24.059,24.075,24.09,24.097,24.105,24.113,24.12,24.158,24.151,24.158,24.173,24.151,24.151,24.158,24.158,24.173,24.181,24.189,24.219,24.234,24.227,24.234,24.227,24.227,24.211,24.204,24.211,24.204,24.234,24.227,24.227,24.242,24.257,24.249,24.272,24.28,24.28,24.31,24.303,24.325,24.333,24.341,24.363,24.356,24.348,24.348,24.333,24.348,24.348,24.348,24.348,24.363,24.363,24.379,24.379,24.401,24.401,24.409,24.409,24.424,24.432,24.439,24.462,24.454,24.47,24.477,24.485,24.507,24.515,24.553,24.568,24.583,24.613,24.629,24.636,24.659,24.674,24.682,24.712,24.719,24.735,24.772,24.787,24.818,24.833,24.863,24.871,24.916,24.931,24.954,24.991,24.961,25.036,25.052,25.067,25.097,25.149,25.21,25.225,25.225,25.262,25.277,25.33,25.383,25.428,25.48,25.51,25.533,25.615,25.623,25.66,25.668,25.675,25.713,25.728,25.795,25.922,25.945,26.064,26.154,26.541,27.362,29.226,32.233,33.891,34.396,34.417,33.925,34.078,34.348,34.789,34.879,35.256,35.339,35.524,35.496,35.53,35.578,35.537,35.585,35.619,35.674,35.701,35.831,35.817,35.858,35.838,35.824,35.831,35.879,35.913,36.029,35.981,35.988,35.933,35.886,35.906,35.838,35.749,35.715,35.804,35.77,35.77,35.79,35.776,35.817,35.831,35.872,35.879,35.913,35.988,36.069,36.144,36.172,36.206,36.206,36.233,36.192,36.178,36.138,36.035,35.906,35.879,35.838,35.804,35.749,35.701,35.701,35.681,35.66,35.647,35.667,35.708,35.708,35.715,35.763,35.722,35.715,35.688,35.681,35.667,35.606,35.599,35.592,35.599,35.599,35.592,35.612,35.606,35.606,35.612,35.619,35.626,35.681,35.66,35.701,35.735,35.735,35.756,35.742,35.749,35.749,35.749,35.783,35.804,35.817,35.886,35.845,36.015,36.029,36.294,36.436,36.504,36.498,36.511,36.362,36.233,36.199,36.042,36.008,35.995,35.906,35.886,35.851,35.81,35.735,35.674,35.626,35.14,35.037,35.085,34.927,34.645,34.7,34.078,33.633,31.626,27.826,26.622,26.191,25.855,25.653,25.578,25.45,25.42,25.36,25.277,25.255,25.217,25.165,25.142,25.097,25.082,25.029,25.006,24.976,24.931,24.908,24.871,24.833,24.787,24.75,24.735,24.689,24.629,24.613,24.606,24.568,24.538,24.515,24.515,24.492,24.47,24.439,24.439,24.409,24.386,24.371,24.333,24.318,24.31,24.265,24.257,24.257,24.249,24.257,24.242,24.242,24.204,24.196,24.173,24.158,24.181,24.211,24.181,24.173,24.166,24.135,24.135,24.12,24.12,24.113,24.09,24.097,24.097,24.09,24.075,24.067,24.067,24.067,24.082,24.082,24.09,24.09,24.082,24.09,24.082,24.075,24.059,24.052,24.037,24.044,24.021,24.006,24.006,23.991,23.998,24.006,24.014,24.021,24.029,24.037,24.029,24.021,24.029,24.006,23.991,24.014,23.998,23.998,23.998,23.976,23.983,23.968,23.983,23.976,23.998,23.991,24.014,24.021,23.976,23.968,23.968,23.953,23.953,23.96,23.938,23.938,23.915,23.93,23.892,23.884,23.884,23.884,23.892,23.892,23.907,23.915,23.915,23.915,23.892,23.899,23.899,23.892,23.892,23.915,23.877,23.869,23.884,23.877,23.861,23.869,23.861,23.854,23.884,23.808,23.846,23.831,23.846,23.831,23.838,23.816,23.808,23.793,23.785,23.808,23.8,23.831,23.816,23.823,23.823,23.785,23.785,23.77,23.77,23.777,23.762,23.755,23.732,23.709,23.716,23.716,23.709,23.724,23.724,23.724,23.732,23.747,23.747,23.724,23.739,23.77,23.762,23.762,23.755,23.755,23.77,23.739,23.739,23.724,23.709,23.709,23.709,23.709,23.739,23.724,23.739,23.739,23.701,23.693,23.678,23.686,23.709,23.724,23.732,23.709,23.716,23.709,23.724,23.716,23.663,23.686,23.701,23.686,23.693,23.716,23.693,23.686,23.693,23.671,23.663,23.648,23.701,23.663,23.678,23.686,23.671,23.678,23.678,23.678,23.693,23.709
,23.594,23.625,23.625,23.617,23.64,23.648,23.632,23.632,23.64,23.64,23.625,23.625,23.617,23.609,23.586,23.609,23.632,23.632,23.648,23.663,23.701,23.655,23.709,23.724,23.701,23.716,23.693,23.693,23.693,23.701,23.709,23.693,23.716,23.686,23.716,23.709,23.709,23.716,23.724,23.747,23.724,23.709,23.709,23.701,23.701,23.716,23.716,23.732,23.724,23.724,23.739,23.732,23.739,23.777,23.77,23.808,23.793,23.762,23.785,23.747,23.762,23.77,23.777,23.777,23.785,23.777,23.785,23.793,23.785,23.8,23.793,23.8,23.8,23.8,23.8,23.808,23.816,23.816,23.8,23.8,23.8,23.808,23.838,23.838,23.846,23.846,23.846,23.846,23.861,23.869,23.861,23.854,23.877,23.861,23.861,23.877,23.869,23.869,23.861,23.869,23.869,23.869,23.884,23.869,23.854,23.869,23.877,23.861,23.861,23.877,23.861,23.877,23.877,23.884,23.899,23.907,23.915,23.907,23.938,23.899,23.93,23.93,23.93,23.938,23.945,23.945,23.953,23.938,23.938,23.93,23.938,23.953,23.945,23.968,23.976,23.991,24.014,24.014,24.014,24.021,24.006,24.014,24.006,24.014,24.044,24.059,24.075,24.067,24.067,24.075,24.09,24.097,24.105,24.12,24.12,24.135,24.151,24.166,24.158,24.151,24.143,24.151,24.151,24.151,24.189,24.189,24.219,24.219,24.249,24.227,24.234,24.219,24.219,24.219,24.219,24.227,24.227,24.234,24.234,24.249,24.257,24.272,24.272,24.28,24.295,24.303,24.287,24.325,24.333,24.348,24.341,24.356,24.341,24.348,24.341,24.333,24.341,24.348,24.348,24.348,24.356,24.386,24.386,24.401,24.409,24.401,24.409,24.416,24.416,24.439,24.447,24.47,24.477,24.485,24.462,24.47,24.507,24.553,24.576,24.598,24.606,24.613,24.644,24.659,24.697,24.697,24.704,24.719,24.735,24.772,24.803,24.81,24.818,24.84,24.871,24.893,24.901,24.946,24.961,24.991,25.029,25.059,25.089,25.112,25.157,25.172,25.202,25.217,25.255,25.27,25.292,25.353,25.39,25.413,25.473,25.503,25.503,25.548,25.615,25.615,25.645,25.675,25.713,25.765,25.84,25.915,25.982,26.087,26.251,26.763,28.535,32.184,33.752,34.396,34.465,34.015,33.96,34.078,34.693,34.782,35.037,35.229,35.462,35.606,35.626,35.619,35.612,35.667,35.667,35.742,35.804,35.926,35.892,35.892,35.981,35.954,35.96,36.015,36.008,36.001,36.104,36.11,36.165,36.11,35.995,36.008,35.981,35.899,35.838,35.763,35.804,35.776,35.79,35.81,35.831,35.831,35.872,35.926,35.954,35.974,36.083,36.151,36.144,36.172,36.192,36.192,36.172,36.09,36.029,35.96,35.886,35.831,35.783,35.776,35.763,35.722,35.708,35.722,35.735,35.742,35.749,35.77,35.797,35.804,35.763,35.776,35.722,35.715,35.688,35.653,35.606,35.599,35.619,35.599,35.606,35.612,35.599,35.592,35.592,35.599,35.619,35.633,35.681,35.715,35.729,35.749,35.742,35.729,35.742,35.756,35.756,35.783,35.817,35.879,35.886,36.035,36.172,36.24,36.436,36.484,36.538,36.538,36.531,36.436,36.335,36.131,36.09,36.008,35.974,35.967,35.92,35.81,35.824,35.77,35.674,35.476,35.119,34.941,34.844,34.782,34.527,34.14,33.606,32.683,29.32,27.111,26.37,25.907,25.788,25.645,25.518,25.42,25.405,25.33,25.285,25.247,25.21,25.172,25.157,25.104,25.067,25.029,24.999,24.961,24.923,24.908,24.855,24.818,24.78,24.787,24.719,24.697,24.674,24.613,24.598,24.576,24.538,24.523,24.507,24.5,24.47,24.439,24.439,24.409,24.386,24.379,24.348,24.325,24.341,24.287,24.265,24.265,24.242,24.234,24.257,24.219,24.242,24.151,24.158,24.158,24.204,24.196,24.189,24.204,24.173,24.166,24.143,24.135,24.12,24.135,24.12,24.105,24.097,24.097,24.097,24.082,24.082,24.075,24.082,24.09,24.097,24.09,24.082,24.09,24.082,24.075,24.075,24.052,24.037,24.037,24.029,24.014,24.006,23.998,24.006,24.021,24.044,24.037,24.044,24.044,24.052,24.052,24.037,24.014,24.006,23.998,23.998,23.991,23.991,23.976,23.983,23.983,23.983,23.976,23.976,23.968,23.991,23.998,23.991,23.983,23.968,23.96,23.96,23.968,23.968,23.96,23.93,23.915,23.907,23.892,23.892,23.892,23.892,23.907,23.907,23.915,23.899,23.899,23.899,23.892,23.915,23.93,23.892,23.899,23.884,23.892,23.854,23.869,23.823,23.869,23.892,23.869,23.869,23.884,23.854,23.816,23.823,23.846,23.831,23.8,23.808,23.793,23.777,23.816,23.808,23.823,23.831,23.823,23.838,23.8,23.8,23.777,23.777,23.777,23.762,23.747,23.732,23.716,23.709,23.701,23.709,23.716,23.724,23.755,23.724,23.755,23.785,23.724,23.77,23.8,23.762,23.747,23.755,23.77,23.777,23.762,23.739,23.724,23.724,23.716,23.709,23.732,23.747,23.732,23.739,23.724,23.709,23.686,23.701,23.693,23.701,23.716,23.732,23.693,23.716,23.724,23.701,23.724,23.724,23.732,23.686,23.678,23.686,23.671,23.747,23.739,23.732,23.678,23.693,23.671,23.693,23.671,23.678,23.678,23.655,23.655,23.663,23.663,23.678,23.693
,23.602,23.602,23.625,23.625,23.625,23.625,23.609,23.625,23.625,23.625,23.632,23.609,23.602,23.64,23.625,23.625,23.617,23.632,23.648,23.632,23.663,23.716,23.678,23.671,23.678,23.686,23.686,23.693,23.701,23.701,23.716,23.716,23.709,23.716,23.701,23.686,23.701,23.709,23.724,23.724,23.701,23.693,23.709,23.693,23.716,23.716,23.732,23.732,23.732,23.732,23.739,23.747,23.739,23.755,23.739,23.762,23.77,23.77,23.762,23.755,23.755,23.762,23.77,23.77,23.785,23.77,23.77,23.785,23.785,23.793,23.793,23.793,23.8,23.793,23.793,23.8,23.816,23.816,23.8,23.8,23.8,23.831,23.838,23.831,23.838,23.854,23.846,23.854,23.869,23.869,23.877,23.846,23.846,23.861,23.846,23.877,23.861,23.869,23.861,23.869,23.869,23.861,23.884,23.877,23.884,23.877,23.892,23.884,23.877,23.869,23.861,23.869,23.877,23.884,23.899,23.915,23.907,23.922,23.907,23.899,23.907,23.922,23.93,23.93,23.945,23.945,23.938,23.953,23.938,23.945,23.945,23.945,23.953,23.945,23.983,23.991,24.021,24.021,24.014,24.006,23.983,24.006,23.998,24.021,24.037,24.052,24.059,24.113,24.075,24.075,24.09,24.097,24.113,24.113,24.135,24.135,24.135,24.143,24.143,24.158,24.151,24.143,24.151,24.151,24.166,24.219,24.211,24.234,24.227,24.227,24.211,24.211,24.219,24.227,24.219,24.219,24.219,24.227,24.227,24.242,24.265,24.265,24.272,24.287,24.272,24.287,24.303,24.31,24.318,24.341,24.341,24.333,24.318,24.325,24.318,24.318,24.318,24.325,24.325,24.348,24.363,24.371,24.394,24.409,24.409,24.409,24.409,24.409,24.416,24.439,24.462,24.47,24.477,24.47,24.47,24.477,24.485,24.523,24.56,24.568,24.598,24.606,24.629,24.636,24.666,24.689,24.697,24.719,24.735,24.765,24.772,24.787,24.818,24.84,24.848,24.886,24.893,24.901,24.969,24.976,25.014,25.052,25.067,25.104,25.149,25.149,25.18,25.217,25.217,25.255,25.277,25.3,25.345,25.383,25.428,25.45,25.48,25.54,25.57,25.6,25.615,25.653,25.72,25.728,25.862,25.915,25.997,26.116,26.288,26.719,28.155,31.349,33.515,34.444,34.444,34.272,33.932,34.105,34.486,34.775,34.989,35.222,35.407,35.544,35.722,35.715,35.735,35.749,35.729,35.763,35.886,35.94,35.995,36.035,36.049,36.069,36.063,36.042,36.049,36.117,36.131,36.192,36.151,36.172,36.165,36.124,36.042,36.015,35.981,35.92,35.81,35.783,35.79,35.804,35.79,35.831,35.831,35.892,35.94,35.988,36.029,36.09,36.138,36.165,36.151,36.144,36.124,36.09,36.022,36.008,35.886,35.838,35.81,35.776,35.749,35.749,35.763,35.763,35.763,35.79,35.804,35.824,35.824,35.831,35.831,35.81,35.742,35.742,35.715,35.681,35.688,35.64,35.633,35.633,35.619,35.606,35.599,35.585,35.578,35.585,35.606,35.653,35.694,35.701,35.729,35.715,35.722,35.722,35.742,35.763,35.804,35.851,35.926,35.92,35.974,36.09,36.274,36.403,36.436,36.511,36.47,36.531,36.477,36.321,36.246,36.178,36.124,36.049,36.008,35.988,35.954,35.879,35.817,35.626,35.571,35.188,35.14,34.934,34.844,34.72,34.258,33.946,33.348,30.651,27.686,26.459,26.131,25.862,25.72,25.675,25.443,25.458,25.353,25.315,25.255,25.255,25.217,25.195,25.134,25.097,25.044,24.999,24.976,24.946,24.931,24.893,24.863,24.84,24.787,24.757,24.735,24.689,24.682,24.621,24.598,24.576,24.538,24.53,24.507,24.477,24.47,24.439,24.432,24.416,24.371,24.356,24.379,24.303,24.28,24.265,24.265,24.272,24.257,24.242,24.234,24.227,24.196,24.181,24.166,24.166,24.181,24.204,24.196,24.173,24.173,24.158,24.151,24.143,24.12,24.135,24.113,24.113,24.113,24.105,24.097,24.082,24.082,24.082,24.075,24.09,24.09,24.09,24.09,24.082,24.075,24.075,24.067,24.052,24.052,24.044,24.029,24.021,24.006,23.998,24.006,24.006,24.037,24.044,24.044,24.052,24.044,24.044,24.029,24.014,23.998,23.998,23.983,23.991,23.983,23.991,23.991,23.991,23.983,23.96,23.991,23.96,23.953,23.991,24.006,23.96,23.96,23.953,23.953,23.976,23.968,23.945,23.945,23.915,23.907,23.907,23.892,23.899,23.892,23.907,23.907,23.907,23.93,23.922,23.915,23.899,23.915,23.892,23.915,23.915,23.869,23.892,23.846,23.846,23.884,23.884,23.892,23.892,23.869,23.831,23.823,23.831,23.854,23.854,23.816,23.823,23.793,23.823,23.8,23.816,23.808,23.823,23.823,23.823,23.838,23.793,23.793,23.785,23.785,23.793,23.785,23.755,23.732,23.716,23.709,23.709,23.701,23.709,23.724,23.762,23.77,23.739,23.732,23.747,23.747,23.777,23.762,23.785,23.785,23.739,23.762,23.762,23.739,23.732,23.709,23.716,23.709,23.732,23.739,23.739,23.732,23.724,23.709,23.678,23.671,23.686,23.701,23.755,23.701,23.732,23.701,23.709,23.724,23.693,23.709,23.716,23.709,23.709,23.701,23.693,23.701,23.732,23.701,23.693,23.709,23.678,23.678,23.671,23.678,23.686,23.671,23.663,23.655,23.678,23.648,23.678
,23.602,23.579,23.64,23.617,23.648,23.625,23.617,23.625,23.625,23.625,23.64,23.609,23.617,23.609,23.594,23.602,23.632,23.632,23.632,23.617,23.701,23.648,23.724,23.716,23.671,23.686,23.693,23.678,23.701,23.709,23.709,23.709,23.701,23.701,23.716,23.716,23.716,23.724,23.709,23.724,23.709,23.701,23.693,23.701,23.709,23.739,23.739,23.747,23.747,23.739,23.739,23.747,23.755,23.77,23.747,23.739,23.777,23.755,23.755,23.739,23.739,23.762,23.755,23.762,23.793,23.8,23.762,23.777,23.785,23.785,23.793,23.785,23.785,23.793,23.808,23.808,23.823,23.823,23.823,23.816,23.808,23.831,23.831,23.838,23.846,23.854,23.854,23.861,23.869,23.861,23.846,23.846,23.838,23.854,23.846,23.846,23.869,23.877,23.861,23.861,23.861,23.861,23.869,23.884,23.892,23.899,23.892,23.884,23.877,23.877,23.861,23.869,23.877,23.899,23.93,23.922,23.93,23.93,23.93,23.907,23.915,23.907,23.922,23.938,23.945,23.945,23.945,23.945,23.93,23.953,23.93,23.968,23.938,23.96,23.976,23.998,24.014,24.006,23.991,23.991,23.983,23.998,24.006,23.998,24.029,24.052,24.067,24.075,24.075,24.082,24.09,24.097,24.113,24.12,24.135,24.12,24.151,24.135,24.143,24.151,24.135,24.143,24.143,24.143,24.181,24.189,24.227,24.234,24.219,24.211,24.219,24.234,24.204,24.219,24.227,24.219,24.219,24.227,24.234,24.242,24.249,24.257,24.28,24.287,24.287,24.287,24.303,24.318,24.318,24.325,24.325,24.325,24.333,24.325,24.325,24.325,24.318,24.318,24.318,24.325,24.348,24.371,24.386,24.401,24.409,24.409,24.401,24.394,24.424,24.424,24.447,24.462,24.485,24.477,24.477,24.477,24.47,24.507,24.538,24.591,24.591,24.598,24.636,24.644,24.659,24.674,24.689,24.704,24.742,24.742,24.772,24.803,24.795,24.84,24.818,24.871,24.901,24.923,24.961,24.976,24.999,25.029,25.067,25.097,25.127,25.134,25.149,25.187,25.202,25.225,25.262,25.292,25.345,25.375,25.39,25.428,25.458,25.495,25.54,25.578,25.623,25.63,25.675,25.72,25.773,25.847,25.9,26.124,26.251,26.622,28.024,31.114,33.515,34.334,34.541,34.451,33.988,33.96,34.195,34.727,34.996,35.284,35.428,35.715,35.804,35.817,35.797,35.817,35.824,35.824,35.886,36.049,36.056,36.172,36.206,36.165,36.185,36.158,36.212,36.206,36.226,36.226,36.226,36.212,36.199,36.185,36.117,36.076,36.029,35.92,35.879,35.831,35.804,35.783,35.783,35.797,35.79,35.838,35.94,35.954,36.022,36.097,36.117,36.124,36.144,36.124,36.083,36.056,36.049,35.995,35.906,35.851,35.851,35.804,35.79,35.79,35.783,35.763,35.797,35.804,35.824,35.851,35.858,35.845,35.824,35.81,35.77,35.742,35.729,35.681,35.688,35.667,35.653,35.647,35.633,35.612,35.599,35.578,35.571,35.585,35.606,35.647,35.694,35.708,35.735,35.715,35.722,35.701,35.749,35.756,35.851,35.899,36.001,36.104,36.124,36.246,36.362,36.443,36.443,36.389,36.436,36.409,36.348,36.301,36.233,36.199,36.131,36.042,36.035,35.988,35.954,35.79,35.524,35.462,35.208,35.181,34.913,34.741,34.603,34.251,34.133,33.48,31.484,28.141,26.756,26.131,25.892,25.795,25.69,25.548,25.458,25.375,25.368,25.308,25.277,25.195,25.165,25.149,25.127,25.074,25.044,25.006,24.969,24.946,24.916,24.908,24.855,24.818,24.78,24.765,24.735,24.704,24.689,24.629,24.629,24.583,24.545,24.53,24.507,24.477,24.47,24.439,24.424,24.409,24.379,24.371,24.341,24.295,24.303,24.295,24.28,24.265,24.249,24.257,24.227,24.219,24.196,24.196,24.181,24.189,24.189,24.204,24.189,24.196,24.173,24.143,24.151,24.151,24.135,24.128,24.128,24.128,24.113,24.097,24.105,24.097,24.082,24.082,24.082,24.082,24.097,24.09,24.09,24.09,24.09,24.097,24.082,24.067,24.044,24.037,24.037,24.029,24.014,24.014,24.021,24.021,24.037,24.052,24.059,24.052,24.052,24.037,24.029,24.014,24.006,24.006,24.006,23.983,23.991,23.991,23.998,24.006,24.006,23.991,23.96,23.953,23.991,23.976,23.968,23.945,23.96,23.953,23.96,23.953,23.968,23.953,23.945,23.93,23.93,23.907,23.907,23.892,23.907,23.915,23.915,23.945,23.93,23.945,23.93,23.93,23.945,23.899,23.922,23.884,23.899,23.884,23.877,23.877,23.884,23.884,23.884,23.877,23.899,23.838,23.823,23.838,23.816,23.823,23.808,23.793,23.793,23.8,23.808,23.747,23.831,23.823,23.816,23.831,23.823,23.838,23.854,23.785,23.77,23.785,23.8,23.77,23.732,23.701,23.716,23.709,23.701,23.701,23.724,23.724,23.755,23.747,23.732,23.709,23.739,23.716,23.777,23.747,23.793,23.755,23.77,23.747,23.739,23.716,23.701,23.701,23.701,23.716,23.739,23.755,23.739,23.724,23.693,23.678,23.686,23.686,23.739,23.732,23.739,23.739,23.724,23.693,23.709,23.701,23.686,23.716,23.671,23.701,23.693,23.701,23.701,23.709,23.701,23.716,23.693,23.693,23.693,23.686,23.686,23.693,23.671,23.693,23.693,23.678,23.693,23.686
,23.602,23.609,23.625,23.663,23.617,23.632,23.625,23.625,23.625,23.609,23.617,23.602,23.602,23.609,23.602,23.617,23.617,23.609,23.625,23.625,23.663,23.648,23.693,23.663,23.671,23.671,23.655,23.686,23.709,23.709,23.693,23.693,23.701,23.686,23.671,23.686,23.716,23.678,23.716,23.716,23.716,23.701,23.716,23.716,23.709,23.732,23.747,23.739,23.747,23.732,23.739,23.739,23.755,23.762,23.716,23.762,23.732,23.739,23.755,23.732,23.747,23.755,23.755,23.755,23.747,23.755,23.77,23.785,23.785,23.785,23.793,23.793,23.777,23.785,23.8,23.808,23.823,23.816,23.823,23.816,23.838,23.854,23.846,23.861,23.854,23.846,23.846,23.869,23.884,23.884,23.869,23.854,23.846,23.838,23.861,23.869,23.877,23.877,23.869,23.861,23.877,23.861,23.869,23.877,23.869,23.892,23.892,23.892,23.892,23.884,23.877,23.877,23.899,23.877,23.899,23.922,23.93,23.938,23.922,23.899,23.922,23.899,23.922,23.938,23.93,23.945,23.938,23.938,23.938,23.938,23.93,23.93,23.938,23.953,23.968,24.006,23.998,24.014,23.991,23.991,23.998,23.983,23.976,23.998,24.014,24.044,24.075,24.082,24.097,24.075,24.082,24.097,24.105,24.113,24.135,24.113,24.128,24.128,24.128,24.128,24.135,24.135,24.151,24.151,24.173,24.196,24.181,24.227,24.227,24.211,24.219,24.211,24.204,24.219,24.227,24.219,24.219,24.227,24.234,24.249,24.265,24.28,24.28,24.295,24.295,24.295,24.303,24.303,24.325,24.318,24.318,24.325,24.325,24.333,24.325,24.318,24.31,24.303,24.325,24.341,24.341,24.363,24.386,24.401,24.401,24.401,24.401,24.401,24.401,24.424,24.439,24.447,24.462,24.47,24.47,24.485,24.485,24.523,24.523,24.583,24.583,24.606,24.629,24.629,24.651,24.666,24.666,24.697,24.712,24.742,24.757,24.78,24.78,24.803,24.81,24.855,24.893,24.908,24.954,24.969,25.006,25.021,25.029,25.059,25.082,25.119,25.119,25.142,25.157,25.21,25.247,25.3,25.323,25.345,25.375,25.39,25.428,25.48,25.503,25.533,25.555,25.593,25.63,25.675,25.735,25.915,25.922,25.989,26.139,26.466,27.84,31,33.306,34.334,34.52,34.513,34.251,34.078,34.168,34.603,34.837,35.25,35.462,35.708,35.817,35.892,35.92,35.988,36.022,35.988,36.069,36.144,36.151,36.226,36.233,36.267,36.246,36.28,36.226,36.253,36.246,36.233,36.24,36.212,36.219,36.192,36.172,36.144,36.063,35.947,35.872,35.845,35.804,35.79,35.763,35.756,35.77,35.804,35.817,35.926,36.029,36.069,36.09,36.117,36.124,36.097,36.076,36.056,36.022,36.008,35.906,35.892,35.81,35.804,35.797,35.79,35.79,35.797,35.797,35.817,35.824,35.851,35.879,35.851,35.858,35.783,35.756,35.735,35.708,35.667,35.653,35.66,35.64,35.633,35.626,35.606,35.606,35.592,35.592,35.592,35.619,35.64,35.681,35.674,35.667,35.694,35.688,35.688,35.749,35.845,35.92,35.926,36.056,36.131,36.233,36.301,36.416,36.396,36.382,36.369,36.307,36.294,36.253,36.199,36.138,36.104,36.076,36.008,35.981,35.913,35.858,35.633,35.346,35.236,35.092,34.941,34.803,34.486,34.41,34.265,33.522,32.732,30.693,27.546,26.444,26.124,25.862,25.735,25.57,25.57,25.413,25.398,25.323,25.3,25.247,25.225,25.165,25.134,25.112,25.067,25.044,24.984,24.969,24.946,24.901,24.886,24.855,24.81,24.787,24.772,24.735,24.697,24.666,24.629,24.606,24.553,24.523,24.523,24.492,24.447,24.439,24.401,24.394,24.401,24.379,24.371,24.333,24.333,24.325,24.31,24.295,24.272,24.265,24.242,24.227,24.227,24.204,24.196,24.204,24.189,24.196,24.204,24.189,24.181,24.143,24.135,24.143,24.143,24.113,24.128,24.12,24.12,24.113,24.113,24.105,24.105,24.097,24.097,24.09,24.075,24.09,24.082,24.075,24.097,24.082,24.097,24.082,24.067,24.052,24.044,24.037,24.029,24.021,24.029,24.029,24.037,24.044,24.052,24.044,24.059,24.044,24.014,23.983,24.006,23.991,23.983,23.983,23.976,23.991,23.998,23.998,23.998,23.998,23.983,23.976,23.96,23.953,23.945,23.976,23.96,23.938,23.953,23.953,23.953,23.968,23.938,23.953,23.96,23.93,23.915,23.915,23.899,23.915,23.922,23.93,23.938,23.945,23.922,23.93,23.938,23.915,23.899,23.907,23.884,23.869,23.861,23.846,23.869,23.861,23.869,23.869,23.892,23.861,23.831,23.823,23.831,23.823,23.838,23.823,23.823,23.8,23.777,23.793,23.793,23.808,23.816,23.793,23.816,23.838,23.808,23.816,23.816,23.808,23.793,23.777,23.77,23.747,23.724,23.724,23.701,23.716,23.709,23.701,23.755,23.777,23.739,23.762,23.739,23.739,23.732,23.739,23.77,23.762,23.732,23.755,23.755,23.724,23.716,23.709,23.724,23.701,23.724,23.732,23.716,23.716,23.701,23.693,23.686,23.678,23.709,23.732,23.724,23.739,23.755,23.739,23.701,23.716,23.663,23.709,23.701,23.709,23.732,23.693,23.709,23.716,23.693,23.709,23.693,23.709,23.701,23.724,23.716,23.716,23.701,23.671,23.671,23.686,23.701,23.693,23.724
,23.625,23.617,23.625,23.632,23.632,23.617,23.617,23.617,23.617,23.602,23.617,23.586,23.617,23.632,23.594,23.609,23.632,23.625,23.648,23.678,23.648,23.625,23.762,23.693,23.678,23.693,23.678,23.686,23.709,23.701,23.724,23.724,23.709,23.709,23.671,23.701,23.678,23.701,23.709,23.724,23.724,23.747,23.716,23.709,23.716,23.739,23.739,23.739,23.747,23.732,23.724,23.739,23.716,23.77,23.785,23.77,23.716,23.732,23.724,23.739,23.755,23.755,23.755,23.755,23.747,23.77,23.755,23.77,23.785,23.777,23.785,23.777,23.785,23.777,23.8,23.823,23.838,23.846,23.831,23.846,23.854,23.861,23.861,23.869,23.861,23.854,23.869,23.877,23.884,23.877,23.877,23.877,23.846,23.877,23.854,23.854,23.854,23.869,23.869,23.869,23.877,23.869,23.877,23.877,23.907,23.869,23.899,23.899,23.884,23.892,23.892,23.884,23.899,23.892,23.953,23.907,23.922,23.93,23.922,23.922,23.945,23.915,23.922,23.945,23.945,23.938,23.945,23.945,23.953,23.945,23.96,23.945,23.945,23.96,23.991,23.983,23.998,23.991,24.014,24.014,23.991,23.998,24.006,24.029,24.029,24.052,24.052,24.067,24.082,24.09,24.082,24.097,24.105,24.113,24.12,24.113,24.113,24.135,24.143,24.128,24.12,24.173,24.166,24.143,24.166,24.173,24.189,24.211,24.211,24.211,24.211,24.196,24.219,24.204,24.196,24.211,24.234,24.227,24.234,24.249,24.272,24.295,24.295,24.295,24.303,24.295,24.287,24.318,24.318,24.318,24.318,24.325,24.325,24.325,24.325,24.325,24.318,24.325,24.341,24.348,24.363,24.386,24.386,24.401,24.409,24.401,24.394,24.401,24.409,24.424,24.447,24.454,24.47,24.454,24.462,24.47,24.485,24.515,24.56,24.545,24.583,24.598,24.613,24.636,24.651,24.659,24.674,24.697,24.719,24.75,24.757,24.765,24.78,24.818,24.871,24.886,24.901,24.916,24.961,24.961,24.991,25.014,25.021,25.052,25.082,25.097,25.112,25.142,25.149,25.21,25.247,25.247,25.308,25.345,25.368,25.413,25.435,25.465,25.495,25.54,25.548,25.57,25.578,25.66,25.78,25.877,25.922,26.012,26.094,26.422,27.598,30.293,33.082,34.334,34.541,34.513,34.341,34.258,34.265,34.5,34.748,35.105,35.325,35.763,35.858,36.008,36.063,36.035,36.131,36.131,36.158,36.24,36.26,36.274,36.307,36.294,36.301,36.274,36.26,36.287,36.26,36.26,36.246,36.219,36.206,36.185,36.172,36.131,36.097,36.029,35.92,35.892,35.824,35.797,35.756,35.749,35.763,35.783,35.838,35.92,36.049,36.056,36.11,36.117,36.124,36.104,36.097,36.069,36.042,36.015,35.92,35.92,35.831,35.838,35.831,35.81,35.804,35.79,35.804,35.804,35.824,35.831,35.858,35.845,35.824,35.797,35.742,35.722,35.681,35.66,35.674,35.667,35.626,35.633,35.612,35.599,35.612,35.599,35.612,35.606,35.64,35.64,35.66,35.66,35.694,35.694,35.674,35.749,35.776,35.926,36.083,36.069,36.199,36.219,36.287,36.416,36.45,36.355,36.321,36.206,36.192,36.124,36.151,36.172,36.097,36.063,35.974,35.988,35.974,35.865,35.633,35.729,35.352,35.25,35.147,34.975,34.645,34.424,34.064,33.703,33.522,32.725,30.171,27.244,26.333,25.989,25.81,25.765,25.66,25.495,25.435,25.383,25.338,25.292,25.255,25.21,25.149,25.127,25.089,25.082,25.059,24.991,24.946,24.931,24.908,24.893,24.84,24.81,24.795,24.75,24.742,24.704,24.674,24.674,24.576,24.576,24.545,24.507,24.477,24.462,24.462,24.439,24.394,24.379,24.356,24.333,24.348,24.333,24.333,24.341,24.295,24.28,24.272,24.257,24.242,24.227,24.211,24.196,24.204,24.204,24.204,24.211,24.189,24.173,24.151,24.143,24.143,24.128,24.12,24.12,24.128,24.113,24.128,24.105,24.128,24.105,24.113,24.105,24.097,24.082,24.09,24.097,24.075,24.097,24.09,24.097,24.082,24.067,24.059,24.059,24.044,24.037,24.021,24.029,24.037,24.044,24.044,24.059,24.044,24.037,24.029,24.021,23.991,24.014,23.983,23.976,23.991,23.998,23.991,24.006,23.991,24.006,23.998,23.998,23.976,23.96,23.945,23.953,23.938,23.953,23.945,23.968,23.953,23.976,23.96,23.953,23.96,23.96,23.953,23.945,23.93,23.922,23.922,23.93,23.945,23.938,23.968,23.96,23.96,23.93,23.907,23.892,23.892,23.869,23.854,23.892,23.854,23.877,23.861,23.877,23.877,23.861,23.854,23.854,23.823,23.823,23.831,23.838,23.846,23.816,23.808,23.8,23.785,23.777,23.816,23.808,23.8,23.816,23.831,23.854,23.793,23.823,23.8,23.77,23.755,23.77,23.755,23.777,23.747,23.732,23.724,23.724,23.716,23.709,23.709,23.739,23.724,23.732,23.747,23.755,23.724,23.732,23.716,23.777,23.747,23.77,23.739,23.732,23.709,23.701,23.686,23.709,23.709,23.739,23.724,23.709,23.693,23.693,23.701,23.693,23.732,23.739,23.739,23.747,23.732,23.732,23.724,23.701,23.701,23.701,23.701,23.709,23.678,23.678,23.693,23.686,23.701,23.701,23.693,23.716,23.709,23.701,23.709,23.693,23.686,23.709,23.686,23.701,23.701,23.709
,23.632,23.648,23.648,23.64,23.625,23.625,23.632,23.617,23.602,23.617,23.625,23.609,23.617,23.609,23.594,23.625,23.617,23.617,23.632,23.663,23.701,23.678,23.716,23.732,23.671,23.678,23.671,23.693,23.693,23.693,23.724,23.701,23.709,23.671,23.701,23.678,23.678,23.724,23.709,23.732,23.732,23.739,23.724,23.732,23.701,23.709,23.716,23.724,23.732,23.724,23.732,23.747,23.747,23.77,23.793,23.747,23.77,23.732,23.747,23.747,23.747,23.755,23.755,23.755,23.762,23.77,23.762,23.77,23.777,23.777,23.777,23.777,23.762,23.785,23.785,23.831,23.816,23.838,23.838,23.854,23.854,23.877,23.877,23.846,23.854,23.861,23.869,23.877,23.877,23.877,23.869,23.861,23.861,23.846,23.869,23.854,23.854,23.869,23.869,23.877,23.892,23.884,23.892,23.869,23.869,23.877,23.892,23.899,23.877,23.884,23.899,23.884,23.892,23.869,23.922,23.93,23.922,23.93,23.93,23.945,23.93,23.938,23.938,23.953,23.93,23.938,23.96,23.968,23.945,23.96,23.983,23.945,23.96,23.991,23.998,23.998,23.976,23.983,23.998,24.014,24.014,24.029,24.044,24.044,24.052,24.059,24.067,24.075,24.067,24.09,24.075,24.082,24.097,24.113,24.135,24.151,24.135,24.113,24.128,24.128,24.113,24.166,24.151,24.151,24.158,24.173,24.181,24.196,24.196,24.196,24.204,24.189,24.211,24.189,24.219,24.219,24.227,24.227,24.234,24.257,24.257,24.287,24.303,24.303,24.303,24.295,24.295,24.303,24.318,24.318,24.325,24.325,24.333,24.333,24.333,24.341,24.325,24.325,24.341,24.348,24.356,24.371,24.363,24.386,24.394,24.386,24.394,24.401,24.409,24.424,24.432,24.447,24.447,24.5,24.485,24.492,24.5,24.507,24.53,24.56,24.576,24.598,24.613,24.621,24.644,24.666,24.666,24.697,24.719,24.742,24.757,24.772,24.772,24.803,24.833,24.893,24.908,24.938,24.954,24.991,25.006,25.014,25.029,25.044,25.067,25.089,25.097,25.119,25.157,25.195,25.21,25.27,25.315,25.345,25.353,25.39,25.42,25.458,25.495,25.518,25.533,25.563,25.585,25.623,25.698,25.818,25.945,25.975,26.101,26.407,27.502,30.328,33.047,34.334,34.541,34.576,34.582,34.507,34.32,34.451,34.672,35.174,35.236,35.715,35.783,36.063,36.192,36.28,36.24,36.389,36.294,36.274,36.301,36.328,36.321,36.314,36.307,36.314,36.301,36.294,36.28,36.253,36.226,36.219,36.206,36.192,36.178,36.151,36.104,36.035,35.954,35.899,35.831,35.831,35.756,35.756,35.756,35.77,35.79,35.899,35.988,36.069,36.117,36.158,36.124,36.131,36.104,36.076,36.042,35.995,35.926,35.879,35.838,35.845,35.838,35.817,35.81,35.797,35.797,35.804,35.817,35.831,35.817,35.817,35.797,35.77,35.708,35.694,35.653,35.653,35.647,35.653,35.647,35.633,35.647,35.599,35.619,35.612,35.612,35.606,35.647,35.64,35.681,35.688,35.674,35.708,35.715,35.701,35.81,35.947,36.09,36.158,36.253,36.314,36.328,36.369,36.314,36.253,36.26,36.165,36.076,36.056,36.008,35.974,35.967,35.96,35.94,35.954,35.92,35.742,35.804,35.633,35.462,35.154,35.071,34.748,34.438,34.154,33.863,33.842,33.619,32.704,29.667,27.414,26.749,25.937,25.832,25.653,25.66,25.503,25.435,25.383,25.353,25.308,25.24,25.195,25.142,25.112,25.097,25.074,25.082,25.014,24.961,24.916,24.893,24.855,24.848,24.825,24.803,24.78,24.735,24.689,24.651,24.636,24.613,24.576,24.545,24.515,24.492,24.454,24.424,24.416,24.386,24.386,24.356,24.348,24.348,24.348,24.341,24.333,24.318,24.28,24.272,24.265,24.242,24.234,24.219,24.204,24.219,24.219,24.211,24.204,24.196,24.173,24.166,24.151,24.143,24.143,24.166,24.128,24.12,24.135,24.12,24.12,24.12,24.105,24.12,24.12,24.12,24.097,24.09,24.09,24.082,24.105,24.082,24.082,24.09,24.082,24.067,24.044,24.037,24.037,24.029,24.029,24.044,24.044,24.052,24.059,24.044,24.044,24.006,23.991,24.014,23.983,23.991,23.983,23.983,23.976,24.006,23.976,24.006,23.983,23.976,23.976,23.983,23.96,23.953,23.968,23.968,23.96,23.968,23.968,23.96,23.983,23.968,23.968,23.983,23.93,23.953,23.953,23.938,23.945,23.938,23.938,23.93,23.945,23.938,23.953,23.953,23.96,23.93,23.899,23.907,23.877,23.899,23.877,23.869,23.854,23.861,23.861,23.877,23.869,23.838,23.861,23.838,23.831,23.838,23.838,23.831,23.831,23.808,23.8,23.816,23.808,23.793,23.808,23.785,23.777,23.831,23.808,23.793,23.8,23.785,23.777,23.777,23.777,23.755,23.77,23.755,23.739,23.732,23.716,23.724,23.716,23.724,23.724,23.747,23.755,23.716,23.724,23.716,23.77,23.762,23.77,23.777,23.755,23.747,23.732,23.716,23.686,23.701,23.693,23.709,23.739,23.724,23.709,23.701,23.701,23.701,23.732,23.716,23.716,23.732,23.739,23.732,23.724,23.709,23.716,23.693,23.701,23.709,23.686,23.701,23.709,23.701,23.709,23.709,23.709,23.709,23.716,23.724,23.716,23.686,23.739,23.716,23.709,23.709,23.686,23.709,23.701
,23.648,23.655,23.648,23.64,23.64,23.617,23.625,23.625,23.632,23.632,23.602,23.602,23.632,23.617,23.632,23.632,23.617,23.625,23.663,23.678,23.648,23.686,23.686,23.686,23.663,23.671,23.663,23.678,23.678,23.709,23.693,23.655,23.686,23.701,23.693,23.686,23.701,23.686,23.701,23.709,23.732,23.732,23.716,23.716,23.709,23.701,23.709,23.716,23.724,23.716,23.732,23.709,23.732,23.777,23.785,23.793,23.777,23.755,23.739,23.755,23.747,23.762,23.762,23.755,23.762,23.762,23.77,23.777,23.777,23.747,23.793,23.785,23.8,23.838,23.816,23.838,23.838,23.831,23.838,23.854,23.838,23.869,23.854,23.846,23.838,23.854,23.869,23.869,23.877,23.877,23.877,23.869,23.877,23.877,23.861,23.892,23.877,23.884,23.877,23.877,23.884,23.884,23.877,23.892,23.877,23.877,23.884,23.915,23.899,23.907,23.907,23.869,23.884,23.892,23.945,23.938,23.915,23.938,23.945,23.93,23.922,23.938,23.938,23.96,23.953,23.945,23.953,23.976,23.968,23.991,23.968,23.968,23.983,24.006,24.006,23.998,24.021,23.991,23.991,24.021,24.029,24.044,24.044,24.037,24.059,24.059,24.082,24.09,24.082,24.075,24.09,24.097,24.097,24.113,24.113,24.151,24.128,24.128,24.143,24.12,24.135,24.151,24.166,24.166,24.166,24.151,24.173,24.181,24.189,24.196,24.219,24.227,24.227,24.204,24.211,24.234,24.234,24.234,24.242,24.265,24.28,24.287,24.303,24.295,24.287,24.287,24.295,24.287,24.295,24.318,24.325,24.325,24.341,24.341,24.341,24.325,24.333,24.333,24.356,24.371,24.371,24.371,24.379,24.371,24.386,24.386,24.401,24.416,24.416,24.432,24.432,24.447,24.462,24.485,24.492,24.492,24.492,24.507,24.515,24.553,24.568,24.591,24.613,24.621,24.651,24.651,24.682,24.704,24.712,24.735,24.75,24.757,24.78,24.795,24.818,24.886,24.901,24.916,24.938,25.006,25.006,25.006,25.029,25.044,25.067,25.089,25.112,25.119,25.157,25.172,25.202,25.247,25.277,25.315,25.345,25.39,25.435,25.465,25.495,25.518,25.54,25.555,25.585,25.638,25.66,25.795,25.885,25.952,26.101,26.489,27.414,30.199,32.977,33.953,34.541,34.582,34.631,34.651,34.603,34.686,34.658,34.975,35.195,35.352,35.838,36.029,36.11,36.185,36.246,36.355,36.436,36.45,36.396,36.341,36.328,36.314,36.294,36.307,36.287,36.274,36.274,36.246,36.24,36.206,36.199,36.192,36.178,36.158,36.11,36.083,35.988,35.974,35.899,35.81,35.756,35.763,35.756,35.783,35.79,35.851,35.96,36.001,36.104,36.192,36.138,36.124,36.11,36.035,36.022,35.995,35.926,35.872,35.851,35.851,35.831,35.81,35.81,35.783,35.79,35.79,35.797,35.79,35.804,35.797,35.763,35.749,35.681,35.667,35.66,35.653,35.64,35.647,35.64,35.647,35.633,35.612,35.619,35.626,35.633,35.64,35.647,35.66,35.64,35.708,35.681,35.742,35.735,35.845,36.008,36.056,36.192,36.219,36.274,36.294,36.321,36.253,36.28,36.172,36.144,36.035,36.069,35.954,35.974,35.879,35.892,35.886,35.817,35.824,35.633,35.612,35.462,35.304,35.202,34.982,34.892,34.451,34.285,34.258,34.251,34.189,33.703,32.339,29.226,26.978,26.034,25.877,25.72,25.653,25.578,25.495,25.435,25.383,25.308,25.292,25.187,25.165,25.134,25.112,25.089,25.067,25.036,25.014,24.976,24.946,24.916,24.871,24.848,24.818,24.795,24.75,24.712,24.682,24.636,24.613,24.598,24.583,24.53,24.515,24.5,24.447,24.462,24.47,24.386,24.371,24.379,24.348,24.356,24.348,24.333,24.318,24.318,24.287,24.272,24.257,24.242,24.234,24.227,24.219,24.234,24.227,24.219,24.234,24.204,24.189,24.166,24.166,24.151,24.128,24.151,24.128,24.128,24.12,24.128,24.113,24.12,24.113,24.105,24.12,24.12,24.105,24.097,24.082,24.09,24.075,24.09,24.09,24.09,24.059,24.067,24.044,24.037,24.037,24.037,24.037,24.037,24.052,24.052,24.067,24.037,24.044,24.006,24.014,23.991,23.991,23.976,23.983,23.983,23.991,23.976,23.991,24.029,23.976,23.991,23.968,23.96,23.96,23.968,23.96,23.938,23.976,23.96,23.991,23.96,23.991,23.968,23.968,23.922,23.945,23.945,23.945,23.945,23.953,23.945,23.945,23.938,23.93,23.922,23.945,23.953,23.93,23.93,23.899,23.899,23.877,23.892,23.877,23.869,23.877,23.869,23.869,23.884,23.877,23.877,23.846,23.846,23.846,23.838,23.854,23.846,23.854,23.831,23.823,23.816,23.785,23.8,23.785,23.777,23.808,23.793,23.793,23.777,23.793,23.777,23.777,23.777,23.777,23.777,23.77,23.762,23.724,23.732,23.716,23.755,23.724,23.732,23.739,23.739,23.755,23.739,23.739,23.747,23.739,23.77,23.77,23.77,23.747,23.755,23.747,23.724,23.701,23.686,23.693,23.701,23.709,23.724,23.716,23.724,23.716,23.709,23.716,23.724,23.724,23.747,23.716,23.724,23.724,23.724,23.716,23.724,23.709,23.693,23.709,23.716,23.701,23.724,23.701,23.701,23.701,23.709,23.724,23.716,23.724,23.724,23.724,23.671,23.686,23.701,23.701,23.701,23.693
,23.655,23.655,23.655,23.64,23.632,23.625,23.617,23.625,23.609,23.655,23.625,23.632,23.632,23.64,23.625,23.625,23.632,23.625,23.632,23.671,23.671,23.655,23.648,23.663,23.671,23.671,23.671,23.648,23.678,23.663,23.678,23.693,23.686,23.693,23.693,23.693,23.701,23.693,23.709,23.701,23.724,23.701,23.724,23.709,23.709,23.686,23.686,23.701,23.709,23.716,23.724,23.732,23.762,23.77,23.777,23.785,23.762,23.762,23.747,23.747,23.762,23.755,23.762,23.762,23.762,23.762,23.77,23.77,23.755,23.762,23.77,23.77,23.838,23.816,23.785,23.823,23.816,23.823,23.838,23.823,23.854,23.838,23.831,23.838,23.846,23.846,23.861,23.877,23.869,23.877,23.877,23.869,23.877,23.869,23.884,23.877,23.892,23.869,23.884,23.884,23.884,23.877,23.884,23.884,23.884,23.899,23.884,23.892,23.907,23.877,23.892,23.899,23.884,23.869,23.938,23.899,23.938,23.945,23.922,23.93,23.953,23.93,23.922,23.96,23.96,23.968,23.953,23.968,23.976,23.976,23.991,23.991,23.998,24.006,24.014,24.014,24.014,24.006,24.021,24.006,24.044,24.052,24.067,24.059,24.044,24.059,24.09,24.082,24.105,24.105,24.082,24.097,24.097,24.105,24.135,24.151,24.151,24.128,24.143,24.128,24.135,24.143,24.143,24.173,24.166,24.158,24.158,24.173,24.181,24.196,24.219,24.211,24.219,24.234,24.234,24.219,24.234,24.242,24.249,24.265,24.28,24.303,24.287,24.287,24.287,24.272,24.28,24.28,24.295,24.31,24.318,24.348,24.348,24.356,24.341,24.325,24.325,24.341,24.348,24.386,24.363,24.371,24.379,24.379,24.379,24.386,24.409,24.409,24.424,24.447,24.454,24.462,24.47,24.485,24.485,24.5,24.5,24.515,24.523,24.523,24.568,24.576,24.613,24.621,24.644,24.674,24.666,24.689,24.719,24.735,24.735,24.735,24.765,24.81,24.84,24.863,24.901,24.946,24.938,24.976,24.984,25.021,25.021,25.036,25.067,25.089,25.119,25.149,25.172,25.187,25.225,25.27,25.27,25.292,25.338,25.375,25.42,25.458,25.473,25.495,25.555,25.593,25.6,25.638,25.705,25.743,25.885,25.989,26.087,26.206,27.377,30.242,32.936,33.897,34.596,34.693,34.844,34.879,34.762,34.775,34.796,34.872,35.119,35.565,35.729,35.81,36.042,36.076,36.185,36.26,36.328,36.423,36.396,36.436,36.355,36.335,36.307,36.307,36.253,36.246,36.226,36.253,36.206,36.219,36.212,36.178,36.178,36.144,36.117,36.076,36.035,35.954,35.892,35.886,35.79,35.77,35.756,35.749,35.776,35.858,35.92,36.029,36.097,36.117,36.124,36.104,36.104,36.042,36.035,35.954,35.906,35.892,35.851,35.845,35.824,35.817,35.79,35.77,35.77,35.776,35.783,35.77,35.763,35.756,35.729,35.722,35.715,35.681,35.681,35.667,35.653,35.674,35.66,35.653,35.647,35.619,35.64,35.647,35.647,35.66,35.66,35.667,35.688,35.688,35.729,35.749,35.797,35.954,35.981,36.117,36.144,36.206,36.267,36.287,36.307,36.26,36.212,36.192,36.069,36.001,35.995,35.933,35.892,35.845,35.763,35.701,35.469,35.448,35.277,35.243,35.105,34.961,34.865,34.796,34.693,34.417,34.375,34.341,34.355,34.105,33.766,32.254,28.732,26.778,26.049,25.862,25.795,25.69,25.563,25.48,25.405,25.383,25.315,25.27,25.217,25.187,25.157,25.112,25.089,25.067,25.044,25.006,24.991,24.946,24.908,24.878,24.84,24.825,24.78,24.75,24.704,24.674,24.636,24.613,24.598,24.56,24.545,24.523,24.5,24.492,24.424,24.454,24.401,24.401,24.371,24.348,24.341,24.333,24.325,24.318,24.303,24.287,24.265,24.265,24.257,24.242,24.242,24.227,24.219,24.249,24.242,24.219,24.204,24.196,24.173,24.158,24.158,24.143,24.135,24.158,24.135,24.12,24.135,24.105,24.128,24.128,24.105,24.135,24.113,24.105,24.105,24.09,24.075,24.075,24.082,24.082,24.082,24.075,24.052,24.052,24.044,24.037,24.037,24.037,24.037,24.037,24.052,24.059,24.067,24.037,24.029,24.006,24.014,23.983,23.983,23.991,23.976,23.991,23.991,23.968,24.014,23.983,23.991,23.991,23.968,23.991,23.945,23.976,23.96,23.96,23.968,23.991,23.983,23.983,23.983,23.968,23.953,23.945,23.945,23.938,23.953,23.945,23.953,23.945,23.945,23.938,23.93,23.945,23.922,23.945,23.93,23.899,23.892,23.869,23.892,23.892,23.892,23.892,23.884,23.884,23.884,23.892,23.877,23.869,23.869,23.846,23.838,23.831,23.861,23.846,23.823,23.831,23.808,23.8,23.785,23.77,23.755,23.762,23.785,23.8,23.785,23.785,23.793,23.77,23.77,23.777,23.762,23.762,23.747,23.747,23.739,23.739,23.724,23.724,23.732,23.739,23.747,23.739,23.724,23.716,23.724,23.724,23.755,23.762,23.762,23.755,23.724,23.777,23.755,23.693,23.693,23.678,23.671,23.693,23.716,23.724,23.709,23.716,23.709,23.716,23.724,23.724,23.724,23.724,23.732,23.739,23.732,23.724,23.716,23.716,23.709,23.716,23.693,23.724,23.693,23.701,23.693,23.693,23.709,23.716,23.724,23.716,23.678,23.671,23.693,23.701,23.716,23.709,23.671,23.678
,23.625,23.64,23.648,23.632,23.625,23.625,23.625,23.625,23.632,23.625,23.617,23.625,23.632,23.64,23.632,23.632,23.617,23.625,23.617,23.632,23.617,23.648,23.648,23.648,23.655,23.663,23.663,23.686,23.655,23.671,23.671,23.671,23.678,23.693,23.693,23.686,23.686,23.686,23.678,23.686,23.716,23.709,23.709,23.693,23.686,23.686,23.678,23.701,23.693,23.716,23.716,23.724,23.724,23.755,23.77,23.777,23.762,23.739,23.732,23.747,23.747,23.747,23.755,23.762,23.777,23.77,23.777,23.785,23.755,23.739,23.732,23.793,23.793,23.877,23.823,23.808,23.808,23.8,23.808,23.816,23.816,23.823,23.816,23.831,23.831,23.838,23.854,23.869,23.861,23.869,23.861,23.877,23.877,23.884,23.877,23.892,23.877,23.892,23.877,23.899,23.892,23.884,23.877,23.892,23.892,23.892,23.907,23.884,23.899,23.892,23.884,23.884,23.884,23.892,23.899,23.915,23.953,23.953,23.945,23.938,23.93,23.93,23.945,23.945,23.968,23.976,23.96,23.976,23.953,23.968,23.976,23.983,24.021,24.029,24.021,24.021,24.021,24.021,24.021,24.021,24.052,24.067,24.082,24.09,24.067,24.067,24.09,24.097,24.105,24.105,24.075,24.09,24.113,24.105,24.128,24.143,24.158,24.158,24.113,24.113,24.135,24.135,24.143,24.158,24.151,24.158,24.158,24.173,24.189,24.196,24.211,24.211,24.211,24.211,24.219,24.227,24.249,24.242,24.242,24.265,24.272,24.28,24.272,24.28,24.272,24.272,24.272,24.28,24.295,24.295,24.325,24.333,24.333,24.333,24.325,24.318,24.325,24.333,24.325,24.363,24.295,24.371,24.379,24.356,24.379,24.394,24.401,24.424,24.432,24.432,24.439,24.454,24.454,24.47,24.485,24.507,24.507,24.515,24.538,24.53,24.576,24.576,24.598,24.621,24.651,24.651,24.674,24.697,24.682,24.727,24.75,24.757,24.772,24.795,24.803,24.848,24.871,24.908,24.946,24.976,24.976,25.006,25.014,25.036,25.052,25.074,25.104,25.149,25.172,25.195,25.232,25.232,25.27,25.3,25.33,25.338,25.375,25.45,25.465,25.495,25.518,25.563,25.615,25.638,25.645,25.788,25.825,26.049,26.004,26.206,27.362,30.249,32.936,33.842,34.589,34.7,34.803,34.92,34.975,34.906,34.775,34.913,34.954,35.16,35.489,35.77,35.872,35.954,36.063,36.138,36.192,36.355,36.409,36.355,36.382,36.335,36.301,36.26,36.233,36.212,36.219,36.172,36.151,36.172,36.172,36.185,36.178,36.158,36.124,36.104,36.049,36.035,35.954,35.892,35.81,35.756,35.763,35.749,35.776,35.831,35.845,35.967,36.056,36.09,36.11,36.11,36.049,35.995,35.947,35.96,35.913,35.865,35.858,35.838,35.824,35.804,35.756,35.77,35.77,35.756,35.763,35.756,35.756,35.735,35.729,35.688,35.681,35.729,35.708,35.701,35.681,35.674,35.674,35.674,35.681,35.653,35.681,35.674,35.667,35.681,35.674,35.681,35.681,35.701,35.742,35.77,35.858,35.879,36.076,36.063,36.206,36.233,36.253,36.294,36.28,36.24,36.206,36.144,36.063,35.967,35.954,35.913,35.899,35.756,35.612,35.441,35.407,35.167,35.112,34.982,34.934,34.892,34.755,34.734,34.672,34.562,34.465,34.513,34.32,34.209,33.647,32.036,28.47,26.763,26.63,25.922,25.788,25.608,25.525,25.458,25.45,25.39,25.277,25.24,25.217,25.172,25.134,25.119,25.082,25.059,25.036,24.991,24.999,24.969,24.938,24.893,24.855,24.818,24.772,24.712,24.689,24.659,24.629,24.598,24.606,24.576,24.545,24.53,24.5,24.462,24.454,24.454,24.401,24.401,24.379,24.348,24.325,24.325,24.318,24.31,24.303,24.287,24.272,24.272,24.257,24.249,24.242,24.242,24.242,24.249,24.227,24.219,24.219,24.204,24.181,24.173,24.173,24.173,24.158,24.143,24.128,24.128,24.128,24.113,24.113,24.113,24.105,24.113,24.105,24.097,24.09,24.082,24.075,24.082,24.09,24.097,24.075,24.067,24.059,24.052,24.052,24.052,24.052,24.052,24.037,24.029,24.044,24.044,24.044,24.029,24.059,24.006,23.991,23.976,23.991,23.991,23.998,24.006,24.014,24.037,23.998,23.991,23.976,23.96,23.983,23.968,23.998,23.968,23.991,23.968,23.976,23.983,23.983,23.991,23.983,23.976,23.953,23.938,23.915,23.93,23.938,23.945,23.945,23.953,23.93,23.93,23.922,23.93,23.93,23.93,23.93,23.915,23.892,23.884,23.899,23.899,23.884,23.892,23.854,23.869,23.892,23.907,23.899,23.877,23.884,23.846,23.823,23.808,23.831,23.831,23.831,23.823,23.816,23.793,23.808,23.793,23.762,23.762,23.816,23.785,23.77,23.777,23.777,23.777,23.777,23.77,23.762,23.747,23.755,23.747,23.739,23.724,23.716,23.732,23.755,23.755,23.739,23.724,23.716,23.716,23.709,23.755,23.724,23.739,23.724,23.762,23.732,23.724,23.709,23.686,23.678,23.678,23.686,23.709,23.716,23.716,23.724,23.724,23.716,23.724,23.732,23.732,23.724,23.732,23.724,23.724,23.724,23.716,23.716,23.709,23.709,23.693,23.716,23.716,23.693,23.686,23.693,23.693,23.709,23.701,23.716,23.709,23.724,23.686,23.686,23.671,23.686,23.686,23.678,23.671
,23.617,23.617,23.609,23.625,23.632,23.625,23.64,23.625,23.617,23.617,23.625,23.64,23.64,23.64,23.632,23.625,23.594,23.617,23.64,23.617,23.655,23.64,23.648,23.655,23.655,23.648,23.671,23.648,23.686,23.663,23.686,23.671,23.686,23.686,23.686,23.693,23.686,23.693,23.693,23.693,23.693,23.701,23.693,23.678,23.678,23.678,23.686,23.693,23.709,23.709,23.739,23.732,23.724,23.739,23.762,23.755,23.762,23.739,23.747,23.724,23.762,23.762,23.77,23.785,23.785,23.77,23.77,23.739,23.762,23.762,23.747,23.785,23.816,23.838,23.823,23.816,23.816,23.808,23.808,23.816,23.793,23.831,23.808,23.816,23.823,23.838,23.846,23.854,23.869,23.877,23.877,23.869,23.884,23.884,23.899,23.892,23.892,23.884,23.884,23.884,23.899,23.892,23.884,23.884,23.884,23.884,23.899,23.899,23.907,23.899,23.892,23.884,23.892,23.922,23.922,23.953,23.953,23.96,23.93,23.945,23.922,23.907,23.922,23.953,23.953,23.953,23.96,23.96,23.953,23.96,23.983,23.976,24.006,24.014,24.021,24.021,24.021,24.014,24.029,24.037,24.052,24.067,24.059,24.082,24.067,24.082,24.105,24.097,24.113,24.097,24.113,24.082,24.09,24.097,24.12,24.135,24.143,24.151,24.128,24.12,24.105,24.113,24.143,24.143,24.158,24.166,24.166,24.181,24.196,24.204,24.211,24.211,24.211,24.219,24.234,24.227,24.234,24.265,24.257,24.265,24.265,24.265,24.272,24.272,24.257,24.28,24.272,24.28,24.28,24.303,24.318,24.348,24.371,24.341,24.325,24.325,24.318,24.348,24.371,24.356,24.356,24.371,24.371,24.371,24.379,24.401,24.409,24.416,24.432,24.432,24.447,24.447,24.477,24.477,24.5,24.507,24.515,24.523,24.53,24.545,24.568,24.591,24.621,24.636,24.651,24.666,24.682,24.697,24.697,24.735,24.727,24.757,24.765,24.795,24.81,24.855,24.886,24.923,24.946,24.969,24.984,25.006,25.014,25.021,25.059,25.067,25.119,25.149,25.165,25.202,25.232,25.232,25.27,25.285,25.315,25.353,25.36,25.39,25.465,25.48,25.525,25.533,25.608,25.66,25.705,25.795,25.81,25.982,26.012,26.347,27.377,30.264,32.928,33.897,34.438,34.603,34.975,35.051,35.119,35.03,35.051,35.051,35.044,35.057,35.099,35.496,35.81,35.96,35.913,36.063,36.144,36.131,36.314,36.328,36.294,36.294,36.294,36.253,36.212,36.165,36.172,36.151,36.117,36.144,36.144,36.172,36.178,36.172,36.158,36.138,36.144,36.097,35.988,35.933,35.845,35.804,35.783,35.756,35.776,35.77,35.858,35.96,36.049,36.063,36.076,36.063,36.008,35.974,35.94,35.906,35.892,35.872,35.865,35.845,35.817,35.783,35.77,35.763,35.749,35.749,35.742,35.742,35.729,35.708,35.722,35.715,35.722,35.722,35.722,35.715,35.708,35.701,35.701,35.688,35.688,35.694,35.688,35.688,35.694,35.694,35.701,35.708,35.694,35.715,35.763,35.804,35.858,35.967,36.049,36.138,36.24,36.24,36.287,36.301,36.301,36.226,36.192,36.144,36.056,35.967,35.94,35.838,35.701,35.633,35.414,35.311,35.167,35.092,35.009,34.934,34.892,34.865,34.796,34.713,34.713,34.638,34.707,34.617,34.417,34.251,33.717,32.036,28.404,26.756,25.967,25.803,25.668,25.593,25.585,25.45,25.45,25.398,25.285,25.262,25.195,25.172,25.149,25.119,25.089,25.067,25.044,25.021,24.999,24.961,24.961,24.908,24.848,24.803,24.78,24.719,24.712,24.644,24.636,24.621,24.598,24.568,24.538,24.507,24.515,24.454,24.454,24.454,24.424,24.424,24.386,24.363,24.333,24.325,24.318,24.31,24.303,24.287,24.28,24.265,24.242,24.257,24.257,24.257,24.242,24.249,24.234,24.234,24.234,24.204,24.211,24.211,24.189,24.166,24.158,24.135,24.128,24.128,24.128,24.135,24.12,24.113,24.12,24.113,24.105,24.09,24.09,24.09,24.082,24.09,24.097,24.09,24.09,24.082,24.067,24.059,24.059,24.075,24.067,24.059,24.059,24.044,24.029,24.037,24.044,24.014,23.998,23.983,24.014,24.006,23.998,24.006,24.014,24.014,24.021,24.006,24.006,24.014,24.021,23.991,23.96,23.998,23.968,23.968,23.991,23.998,23.991,23.983,23.983,23.991,23.991,23.96,23.938,23.938,23.922,23.915,23.938,23.93,23.945,23.922,23.938,23.945,23.93,23.922,23.922,23.915,23.899,23.899,23.922,23.884,23.892,23.915,23.899,23.915,23.93,23.899,23.899,23.892,23.899,23.915,23.869,23.838,23.838,23.831,23.831,23.831,23.831,23.831,23.823,23.8,23.838,23.8,23.838,23.785,23.823,23.816,23.793,23.8,23.8,23.785,23.785,23.755,23.755,23.747,23.755,23.747,23.739,23.732,23.732,23.747,23.739,23.747,23.739,23.739,23.739,23.709,23.701,23.693,23.739,23.693,23.739,23.739,23.747,23.747,23.716,23.701,23.671,23.678,23.693,23.709,23.724,23.724,23.732,23.732,23.732,23.755,23.732,23.747,23.732,23.755,23.732,23.762,23.739,23.724,23.724,23.716,23.709,23.724,23.716,23.732,23.678,23.693,23.686,23.686,23.693,23.701,23.693,23.693,23.716,23.693,23.701,23.686,23.671,23.686,23.678,23.686
,23.602,23.602,23.609,23.609,23.625,23.625,23.632,23.617,23.617,23.602,23.625,23.625,23.632,23.617,23.625,23.609,23.609,23.609,23.648,23.64,23.701,23.632,23.655,23.648,23.632,23.663,23.64,23.663,23.678,23.678,23.693,23.678,23.686,23.686,23.678,23.686,23.693,23.693,23.701,23.709,23.709,23.693,23.693,23.678,23.678,23.671,23.678,23.686,23.693,23.747,23.716,23.709,23.747,23.739,23.755,23.747,23.755,23.77,23.732,23.739,23.747,23.77,23.777,23.793,23.793,23.777,23.793,23.777,23.762,23.762,23.785,23.777,23.793,23.8,23.793,23.8,23.8,23.8,23.793,23.808,23.8,23.816,23.823,23.823,23.838,23.831,23.846,23.854,23.861,23.877,23.877,23.877,23.899,23.892,23.892,23.861,23.884,23.884,23.869,23.884,23.907,23.899,23.884,23.877,23.884,23.892,23.899,23.899,23.899,23.899,23.877,23.869,23.869,23.884,23.922,23.96,23.93,23.922,23.915,23.922,23.915,23.907,23.915,23.922,23.953,23.96,23.953,23.953,23.945,23.945,23.945,23.976,23.983,24.006,23.998,24.014,24.014,24.014,24.029,24.044,24.052,24.059,24.067,24.082,24.067,24.097,24.082,24.09,24.097,24.113,24.075,24.097,24.09,24.105,24.128,24.135,24.135,24.143,24.128,24.097,24.105,24.113,24.12,24.151,24.166,24.173,24.181,24.196,24.196,24.204,24.211,24.204,24.204,24.211,24.219,24.227,24.242,24.242,24.242,24.265,24.272,24.265,24.265,24.28,24.28,24.272,24.287,24.272,24.272,24.295,24.303,24.295,24.318,24.325,24.318,24.325,24.333,24.325,24.341,24.363,24.356,24.363,24.379,24.379,24.386,24.394,24.401,24.416,24.447,24.432,24.454,24.454,24.447,24.5,24.5,24.492,24.515,24.523,24.538,24.56,24.568,24.598,24.644,24.636,24.651,24.674,24.689,24.682,24.735,24.712,24.75,24.772,24.78,24.795,24.81,24.833,24.871,24.923,24.931,24.969,24.984,24.991,25.006,25.021,25.036,25.059,25.119,25.134,25.157,25.18,25.202,25.232,25.247,25.285,25.308,25.338,25.383,25.405,25.435,25.45,25.503,25.533,25.578,25.615,25.69,25.78,25.78,25.915,26.049,26.325,27.48,30.379,33.096,33.863,34.451,34.748,35.126,35.181,35.202,35.147,35.105,35.16,35.016,35.078,35.023,35.057,35.332,35.489,35.817,35.879,35.954,36.049,36.158,36.144,36.274,36.246,36.165,36.131,36.11,36.083,36.097,36.09,36.09,36.09,36.144,36.144,36.144,36.165,36.172,36.172,36.158,36.151,36.056,36.008,35.913,35.824,35.79,35.783,35.783,35.783,35.838,35.933,35.981,36.042,36.049,36.029,35.988,35.954,35.926,35.913,35.899,35.879,35.865,35.838,35.81,35.776,35.763,35.756,35.756,35.756,35.749,35.742,35.729,35.715,35.722,35.722,35.735,35.756,35.749,35.749,35.749,35.756,35.742,35.729,35.715,35.735,35.722,35.722,35.715,35.708,35.715,35.708,35.735,35.776,35.77,35.872,35.899,36.022,36.063,36.165,36.212,36.294,36.321,36.301,36.294,36.253,36.192,36.124,36.09,35.981,35.92,35.865,35.633,35.476,35.4,35.181,35.16,35.099,34.934,34.947,34.892,34.872,34.831,34.762,34.727,34.7,34.61,34.562,34.541,34.341,33.87,32.177,28.426,26.66,25.997,25.788,25.698,25.615,25.54,25.488,25.443,25.39,25.315,25.27,25.202,25.18,25.149,25.119,25.097,25.074,25.029,25.014,24.999,24.946,24.916,24.886,24.833,24.81,24.78,24.742,24.697,24.659,24.636,24.621,24.591,24.568,24.545,24.538,24.515,24.462,24.432,24.416,24.416,24.401,24.371,24.363,24.356,24.333,24.325,24.318,24.31,24.295,24.287,24.265,24.257,24.249,24.257,24.249,24.272,24.249,24.234,24.219,24.227,24.219,24.219,24.211,24.204,24.181,24.158,24.151,24.135,24.135,24.143,24.097,24.143,24.135,24.128,24.12,24.12,24.09,24.097,24.09,24.09,24.12,24.097,24.097,24.097,24.067,24.059,24.067,24.075,24.067,24.067,24.059,24.052,24.021,24.037,24.029,24.021,24.029,23.998,23.983,23.998,23.998,24.014,24.021,24.014,24.014,24.021,24.006,24.029,24.021,24.006,24.021,24.006,23.998,23.991,23.991,23.998,23.983,23.983,23.991,23.991,23.991,23.983,23.968,23.945,23.938,23.93,23.938,23.93,23.938,23.93,23.945,23.93,23.93,23.922,23.93,23.922,23.915,23.907,23.907,23.907,23.907,23.899,23.877,23.877,23.907,23.892,23.869,23.915,23.922,23.907,23.922,23.877,23.861,23.846,23.823,23.823,23.831,23.823,23.838,23.831,23.838,23.785,23.816,23.846,23.816,23.785,23.846,23.838,23.808,23.793,23.777,23.747,23.747,23.747,23.739,23.755,23.747,23.747,23.732,23.755,23.739,23.732,23.747,23.739,23.732,23.709,23.701,23.739,23.724,23.701,23.716,23.716,23.716,23.732,23.732,23.709,23.701,23.686,23.686,23.701,23.724,23.739,23.739,23.739,23.739,23.732,23.755,23.716,23.724,23.755,23.755,23.755,23.762,23.747,23.724,23.724,23.709,23.701,23.709,23.724,23.709,23.716,23.678,23.693,23.693,23.686,23.693,23.686,23.701,23.693,23.693,23.693,23.678,23.693,23.693,23.701,23.693
,23.602,23.602,23.602,23.625,23.632,23.632,23.632,23.609,23.617,23.594,23.625,23.617,23.617,23.617,23.579,23.64,23.632,23.617,23.632,23.678,23.655,23.663,23.671,23.709,23.648,23.64,23.64,23.655,23.663,23.671,23.693,23.701,23.693,23.686,23.671,23.678,23.678,23.701,23.701,23.716,23.709,23.693,23.693,23.678,23.671,23.671,23.671,23.709,23.709,23.716,23.724,23.739,23.724,23.724,23.762,23.747,23.77,23.716,23.755,23.739,23.747,23.777,23.8,23.816,23.816,23.777,23.8,23.777,23.77,23.77,23.793,23.777,23.777,23.808,23.8,23.793,23.793,23.777,23.8,23.8,23.808,23.816,23.808,23.831,23.823,23.823,23.838,23.838,23.854,23.854,23.877,23.899,23.899,23.899,23.892,23.884,23.869,23.869,23.892,23.915,23.899,23.899,23.877,23.892,23.877,23.884,23.892,23.899,23.892,23.884,23.877,23.869,23.869,23.877,23.899,23.938,23.93,23.915,23.922,23.907,23.899,23.899,23.915,23.922,23.945,23.968,23.945,23.945,23.953,23.96,23.953,23.953,23.991,24.006,23.991,24.006,24.014,24.006,24.021,24.037,24.052,24.067,24.067,24.075,24.075,24.105,24.097,24.097,24.097,24.082,24.082,24.09,24.082,24.097,24.097,24.128,24.128,24.12,24.105,24.12,24.097,24.12,24.135,24.158,24.166,24.173,24.189,24.196,24.196,24.204,24.211,24.196,24.196,24.211,24.219,24.227,24.249,24.242,24.249,24.272,24.272,24.242,24.28,24.272,24.28,24.295,24.272,24.28,24.303,24.325,24.318,24.31,24.318,24.31,24.303,24.333,24.318,24.348,24.348,24.371,24.379,24.379,24.363,24.371,24.379,24.394,24.409,24.432,24.432,24.424,24.432,24.447,24.454,24.492,24.485,24.507,24.515,24.53,24.538,24.568,24.591,24.613,24.636,24.651,24.659,24.666,24.682,24.719,24.689,24.727,24.772,24.78,24.787,24.803,24.81,24.833,24.878,24.901,24.931,24.946,24.969,24.976,24.991,25.006,25.021,25.052,25.104,25.104,25.142,25.149,25.195,25.21,25.255,25.277,25.285,25.33,25.353,25.405,25.428,25.48,25.503,25.525,25.578,25.623,25.69,25.773,25.735,25.922,26.049,26.392,27.716,30.636,33.061,33.911,34.562,35.009,35.16,35.195,35.208,35.256,35.215,35.25,35.222,35.133,35.099,35.154,35.195,35.256,35.318,35.469,35.53,35.858,35.872,35.94,35.947,36.076,36.035,36.069,36.083,36.069,36.056,36.035,36.056,36.063,36.097,36.11,36.138,36.151,36.178,36.185,36.172,36.165,36.09,36.029,35.995,35.879,35.838,35.817,35.79,35.817,35.831,35.913,35.954,36.008,36.001,36.008,35.988,35.981,35.933,35.906,35.886,35.879,35.865,35.845,35.817,35.797,35.776,35.763,35.763,35.77,35.756,35.756,35.77,35.749,35.735,35.763,35.749,35.776,35.797,35.783,35.804,35.763,35.763,35.783,35.763,35.756,35.742,35.735,35.729,35.729,35.735,35.742,35.776,35.797,35.817,35.92,35.94,36.022,36.097,36.178,36.26,36.321,36.328,36.314,36.301,36.246,36.199,36.138,36.001,35.913,35.838,35.708,35.592,35.38,35.366,35.4,35.147,35.03,34.968,34.982,34.954,34.886,34.837,34.775,34.748,34.727,34.665,34.624,34.534,34.403,33.745,32.268,28.521,26.741,26.042,25.765,25.66,25.548,25.548,25.473,25.428,25.345,25.33,25.262,25.21,25.18,25.149,25.127,25.097,25.059,25.044,25.006,24.999,24.954,24.938,24.878,24.84,24.795,24.772,24.757,24.682,24.666,24.636,24.621,24.591,24.568,24.56,24.523,24.507,24.47,24.447,24.447,24.409,24.401,24.394,24.394,24.348,24.341,24.333,24.325,24.318,24.31,24.303,24.28,24.242,24.265,24.265,24.265,24.272,24.257,24.227,24.234,24.234,24.219,24.227,24.234,24.219,24.204,24.181,24.158,24.158,24.12,24.166,24.143,24.151,24.143,24.12,24.12,24.105,24.113,24.113,24.113,24.097,24.113,24.12,24.097,24.09,24.082,24.067,24.067,24.075,24.075,24.059,24.059,24.044,24.052,24.052,24.037,24.044,23.998,23.991,23.998,24.014,24.014,24.014,24.029,24.021,24.021,24.014,24.021,24.014,24.021,24.029,24.014,24.021,23.998,23.983,24.021,23.998,23.976,24.029,23.998,23.991,23.983,23.991,23.96,23.953,23.93,23.938,23.93,23.938,23.922,23.907,23.945,23.93,23.93,23.922,23.922,23.899,23.93,23.922,23.93,23.922,23.93,23.907,23.907,23.899,23.899,23.892,23.877,23.892,23.907,23.899,23.907,23.884,23.854,23.838,23.838,23.838,23.838,23.831,23.846,23.838,23.846,23.846,23.831,23.816,23.823,23.816,23.816,23.8,23.808,23.793,23.785,23.755,23.739,23.755,23.755,23.732,23.747,23.724,23.724,23.739,23.739,23.755,23.755,23.755,23.739,23.739,23.716,23.747,23.732,23.732,23.678,23.701,23.716,23.732,23.732,23.693,23.693,23.693,23.709,23.716,23.739,23.747,23.755,23.762,23.755,23.755,23.724,23.747,23.693,23.693,23.77,23.785,23.755,23.755,23.739,23.716,23.716,23.709,23.716,23.716,23.724,23.724,23.709,23.671,23.671,23.686,23.686,23.678,23.701,23.693,23.686,23.716,23.716,23.701,23.709,23.701,23.716
,23.609,23.617,23.609,23.617,23.625,23.632,23.609,23.625,23.617,23.602,23.609,23.625,23.602,23.609,23.632,23.632,23.663,23.671,23.663,23.64,23.663,23.709,23.709,23.716,23.625,23.648,23.655,23.655,23.655,23.671,23.678,23.693,23.671,23.671,23.655,23.663,23.686,23.678,23.701,23.709,23.701,23.693,23.678,23.678,23.671,23.686,23.678,23.693,23.716,23.709,23.709,23.739,23.732,23.755,23.755,23.762,23.762,23.747,23.747,23.747,23.747,23.777,23.785,23.808,23.793,23.777,23.816,23.793,23.793,23.785,23.777,23.777,23.777,23.777,23.785,23.785,23.808,23.8,23.785,23.808,23.8,23.823,23.823,23.823,23.838,23.838,23.831,23.846,23.854,23.869,23.884,23.907,23.899,23.884,23.899,23.869,23.884,23.884,23.869,23.892,23.892,23.877,23.884,23.861,23.877,23.884,23.884,23.892,23.892,23.884,23.877,23.861,23.861,23.877,23.892,23.922,23.93,23.915,23.922,23.892,23.899,23.907,23.915,23.922,23.922,23.953,23.945,23.945,23.945,23.938,23.96,23.968,23.96,23.976,23.998,23.998,24.006,24.006,24.021,24.044,24.052,24.059,24.067,24.067,24.105,24.067,24.09,24.09,24.105,24.09,24.09,24.082,24.075,24.105,24.113,24.151,24.128,24.12,24.12,24.105,24.113,24.128,24.135,24.166,24.158,24.181,24.196,24.196,24.211,24.204,24.219,24.196,24.196,24.211,24.219,24.234,24.249,24.242,24.265,24.265,24.257,24.272,24.272,24.28,24.28,24.28,24.272,24.28,24.287,24.295,24.31,24.28,24.325,24.333,24.325,24.348,24.348,24.356,24.363,24.371,24.356,24.371,24.356,24.363,24.379,24.386,24.424,24.432,24.432,24.416,24.432,24.447,24.462,24.439,24.492,24.492,24.515,24.53,24.553,24.583,24.606,24.629,24.651,24.651,24.659,24.666,24.666,24.689,24.712,24.742,24.772,24.772,24.787,24.803,24.818,24.84,24.871,24.871,24.908,24.931,24.938,24.969,24.976,24.991,25.036,25.044,25.074,25.089,25.112,25.142,25.149,25.21,25.232,25.247,25.277,25.323,25.345,25.398,25.435,25.473,25.488,25.518,25.6,25.615,25.675,25.72,25.728,25.907,26.131,26.392,27.686,31.107,33.173,33.946,34.41,35.078,35.188,35.236,35.277,35.27,35.332,35.304,35.263,35.188,35.195,35.174,35.25,35.236,35.27,35.393,35.537,35.66,35.735,35.838,36.001,35.96,35.981,35.988,36.022,36.001,36.008,36.022,36.001,36.035,36.029,36.069,36.097,36.158,36.165,36.192,36.192,36.172,36.144,36.138,36.042,35.974,35.913,35.865,35.838,35.824,35.851,35.851,35.926,35.981,35.995,35.981,35.974,35.96,35.933,35.906,35.899,35.879,35.872,35.845,35.817,35.797,35.783,35.776,35.776,35.783,35.776,35.79,35.79,35.77,35.79,35.77,35.776,35.797,35.851,35.858,35.858,35.851,35.858,35.838,35.824,35.804,35.742,35.742,35.735,35.749,35.749,35.763,35.79,35.838,35.879,35.967,36.001,36.076,36.158,36.26,36.267,36.294,36.335,36.301,36.287,36.233,36.24,36.172,36.015,35.899,35.81,35.81,35.578,35.373,35.202,35.181,35.112,35.071,34.989,34.975,34.989,34.927,34.858,34.81,34.769,34.748,34.713,34.707,34.603,34.431,34.119,32.564,29.044,26.904,26.072,25.788,25.63,25.57,25.54,25.503,25.428,25.383,25.323,25.277,25.232,25.172,25.134,25.119,25.074,25.052,25.029,25.021,24.969,24.938,24.916,24.863,24.84,24.825,24.787,24.772,24.735,24.682,24.644,24.606,24.583,24.568,24.538,24.515,24.492,24.47,24.454,24.424,24.409,24.409,24.401,24.371,24.371,24.356,24.348,24.341,24.333,24.303,24.287,24.295,24.249,24.249,24.265,24.295,24.265,24.242,24.249,24.227,24.242,24.234,24.234,24.234,24.211,24.196,24.181,24.166,24.173,24.173,24.166,24.173,24.143,24.166,24.128,24.143,24.135,24.128,24.135,24.143,24.143,24.097,24.151,24.097,24.075,24.097,24.075,24.067,24.067,24.067,24.059,24.044,24.059,24.059,24.067,24.044,24.037,24.067,24.021,24.014,24.021,24.029,24.021,24.021,24.021,24.006,24.021,24.006,24.014,24.029,24.021,24.006,24.006,24.021,24.006,24.006,24.021,23.991,23.998,24.006,23.998,23.998,24.014,23.976,23.976,23.976,23.945,23.938,23.945,23.945,23.938,23.953,23.945,23.945,23.93,23.93,23.922,23.93,23.945,23.953,23.907,23.907,23.892,23.915,23.899,23.907,23.93,23.907,23.907,23.945,23.877,23.938,23.877,23.861,23.869,23.854,23.846,23.846,23.846,23.831,23.831,23.846,23.846,23.838,23.823,23.838,23.816,23.823,23.793,23.793,23.8,23.816,23.77,23.747,23.762,23.747,23.747,23.739,23.732,23.747,23.747,23.747,23.755,23.77,23.739,23.732,23.724,23.716,23.739,23.732,23.724,23.709,23.724,23.724,23.709,23.747,23.724,23.709,23.709,23.709,23.724,23.732,23.762,23.777,23.762,23.762,23.747,23.739,23.709,23.77,23.739,23.762,23.732,23.777,23.762,23.739,23.716,23.716,23.724,23.709,23.739,23.724,23.724,23.724,23.686,23.671,23.671,23.671,23.686,23.693,23.701,23.709,23.732,23.716,23.732,23.709,23.724,23.747
,23.617,23.617,23.617,23.617,23.586,23.625,23.594,23.586,23.594,23.594,23.594,23.556,23.609,23.617,23.632,23.594,23.648,23.678,23.671,23.655,23.701,23.693,23.709,23.709,23.648,23.64,23.64,23.632,23.655,23.671,23.686,23.686,23.663,23.648,23.663,23.663,23.648,23.648,23.693,23.686,23.693,23.693,23.671,23.686,23.671,23.693,23.678,23.686,23.693,23.709,23.739,23.732,23.724,23.762,23.732,23.755,23.739,23.739,23.747,23.747,23.755,23.762,23.762,23.747,23.793,23.785,23.777,23.808,23.8,23.793,23.785,23.762,23.77,23.77,23.785,23.785,23.816,23.793,23.785,23.816,23.808,23.808,23.808,23.823,23.816,23.823,23.838,23.854,23.831,23.854,23.877,23.884,23.892,23.907,23.884,23.877,23.869,23.861,23.861,23.838,23.884,23.877,23.884,23.861,23.861,23.877,23.877,23.884,23.877,23.861,23.861,23.854,23.861,23.869,23.884,23.899,23.915,23.907,23.899,23.884,23.892,23.884,23.915,23.938,23.938,23.938,23.938,23.938,23.945,23.938,23.96,23.953,23.96,23.968,23.991,23.998,24.006,24.006,24.037,24.052,24.052,24.052,24.052,24.075,24.029,24.059,24.067,24.082,24.09,24.097,24.082,24.082,24.082,24.105,24.082,24.135,24.128,24.113,24.12,24.128,24.128,24.128,24.158,24.158,24.173,24.196,24.196,24.204,24.204,24.204,24.219,24.204,24.211,24.219,24.204,24.227,24.249,24.249,24.257,24.257,24.249,24.265,24.257,24.28,24.265,24.265,24.265,24.272,24.28,24.28,24.31,24.28,24.325,24.318,24.325,24.333,24.318,24.356,24.348,24.348,24.348,24.348,24.348,24.356,24.386,24.401,24.409,24.409,24.409,24.439,24.432,24.447,24.454,24.454,24.47,24.485,24.477,24.507,24.538,24.568,24.591,24.606,24.629,24.644,24.651,24.651,24.659,24.674,24.719,24.727,24.765,24.78,24.787,24.803,24.803,24.818,24.84,24.863,24.886,24.916,24.931,24.954,24.961,24.999,25.014,25.036,25.059,25.082,25.104,25.119,25.142,25.195,25.21,25.247,25.27,25.308,25.353,25.383,25.428,25.458,25.503,25.503,25.563,25.6,25.66,25.69,25.758,25.825,26.012,26.593,27.818,31.207,33.264,34.112,34.748,34.975,35.174,35.256,35.291,35.339,35.346,35.366,35.346,35.263,35.284,35.188,35.291,35.25,35.304,35.359,35.4,35.551,35.571,35.729,35.838,35.906,35.92,35.96,35.96,35.96,35.967,35.988,36.001,36.015,36.022,36.042,36.069,36.097,36.144,36.199,36.199,36.192,36.165,36.144,36.131,36.001,35.913,35.858,35.838,35.831,35.851,35.872,35.892,35.954,35.954,35.988,35.981,35.947,35.933,35.913,35.899,35.886,35.865,35.858,35.831,35.817,35.817,35.797,35.81,35.817,35.817,35.831,35.81,35.776,35.804,35.804,35.81,35.831,35.872,35.858,35.906,35.886,35.926,35.872,35.851,35.797,35.783,35.763,35.749,35.763,35.77,35.79,35.824,35.872,35.879,35.96,36.069,36.069,36.212,36.233,36.253,36.287,36.26,36.219,36.26,36.246,36.11,36.138,35.995,35.858,35.722,35.633,35.373,35.243,35.202,35.154,35.112,35.078,35.044,35.023,34.996,34.92,34.947,34.831,34.817,34.755,34.748,34.72,34.589,34.334,33.807,32.669,29.45,26.941,26.161,25.818,25.645,25.57,25.518,25.458,25.428,25.413,25.33,25.262,25.217,25.18,25.142,25.089,25.082,25.059,25.029,25.014,24.954,24.946,24.908,24.863,24.833,24.81,24.78,24.75,24.704,24.689,24.666,24.598,24.598,24.545,24.553,24.523,24.477,24.485,24.454,24.409,24.409,24.386,24.401,24.379,24.371,24.371,24.363,24.348,24.341,24.333,24.287,24.28,24.272,24.249,24.249,24.249,24.265,24.257,24.242,24.234,24.227,24.234,24.234,24.219,24.196,24.196,24.189,24.173,24.181,24.181,24.173,24.173,24.166,24.166,24.135,24.128,24.135,24.128,24.135,24.135,24.128,24.135,24.113,24.097,24.09,24.067,24.075,24.075,24.059,24.059,24.044,24.059,24.052,24.059,24.052,24.052,24.052,24.044,24.037,24.021,24.029,24.021,24.021,24.021,24.021,24.006,23.991,24.014,24.014,24.014,24.014,24.021,24.021,24.006,24.014,23.998,23.998,23.991,24.021,24.029,24.006,23.998,23.998,23.983,23.998,23.953,23.968,23.945,23.953,23.938,23.953,23.938,23.968,23.945,23.922,23.907,23.922,23.922,23.953,23.93,23.922,23.922,23.899,23.884,23.892,23.899,23.907,23.892,23.915,23.884,23.877,23.869,23.869,23.861,23.869,23.854,23.854,23.846,23.861,23.861,23.831,23.823,23.838,23.816,23.808,23.823,23.793,23.793,23.8,23.793,23.808,23.777,23.785,23.762,23.755,23.747,23.755,23.747,23.732,23.716,23.762,23.793,23.777,23.747,23.739,23.739,23.732,23.762,23.747,23.716,23.732,23.724,23.701,23.701,23.693,23.716,23.709,23.693,23.709,23.709,23.701,23.739,23.77,23.77,23.77,23.755,23.716,23.724,23.701,23.709,23.693,23.747,23.777,23.747,23.716,23.739,23.724,23.732,23.709,23.709,23.709,23.732,23.693,23.701,23.671,23.686,23.671,23.686,23.686,23.693,23.709,23.724,23.732,23.732,23.739,23.732,23.693,23.755
,23.617,23.617,23.617,23.632,23.609,23.625,23.602,23.602,23.579,23.594,23.609,23.617,23.625,23.625,23.663,23.648,23.655,23.678,23.671,23.663,23.648,23.663,23.663,23.671,23.64,23.648,23.64,23.64,23.625,23.663,23.686,23.678,23.678,23.648,23.64,23.648,23.663,23.671,23.701,23.671,23.678,23.671,23.686,23.678,23.686,23.678,23.671,23.671,23.693,23.686,23.701,23.716,23.686,23.724,23.716,23.732,23.739,23.755,23.732,23.755,23.739,23.77,23.755,23.77,23.777,23.755,23.77,23.793,23.793,23.777,23.785,23.77,23.77,23.793,23.785,23.808,23.793,23.808,23.816,23.816,23.831,23.823,23.816,23.808,23.823,23.831,23.831,23.831,23.838,23.838,23.877,23.877,23.884,23.892,23.884,23.869,23.892,23.869,23.877,23.861,23.869,23.861,23.877,23.869,23.869,23.869,23.861,23.869,23.869,23.861,23.854,23.861,23.861,23.869,23.877,23.922,23.899,23.907,23.93,23.915,23.907,23.922,23.93,23.93,23.96,23.96,23.953,23.945,23.938,23.953,23.96,23.968,23.968,23.968,23.983,23.998,24.006,24.029,24.044,24.052,24.044,24.037,24.037,24.052,24.052,24.059,24.059,24.067,24.082,24.09,24.105,24.09,24.097,24.105,24.128,24.113,24.113,24.128,24.113,24.12,24.128,24.158,24.173,24.143,24.189,24.196,24.211,24.204,24.196,24.204,24.196,24.211,24.196,24.227,24.219,24.242,24.257,24.257,24.257,24.257,24.257,24.257,24.265,24.257,24.257,24.249,24.257,24.265,24.265,24.303,24.295,24.325,24.318,24.303,24.333,24.341,24.333,24.341,24.348,24.379,24.356,24.356,24.363,24.363,24.379,24.386,24.394,24.432,24.432,24.432,24.439,24.454,24.439,24.462,24.462,24.485,24.492,24.492,24.523,24.56,24.598,24.629,24.636,24.636,24.636,24.644,24.644,24.666,24.697,24.735,24.757,24.765,24.772,24.795,24.795,24.818,24.825,24.848,24.878,24.901,24.931,24.938,24.961,24.984,25.014,25.044,25.044,25.074,25.089,25.112,25.127,25.18,25.217,25.24,25.27,25.308,25.338,25.375,25.398,25.465,25.51,25.51,25.548,25.6,25.623,25.713,25.743,26.012,26.124,26.466,27.833,31.228,33.376,34.32,34.693,34.913,35.208,35.256,35.332,35.352,35.38,35.407,35.414,35.407,35.393,35.346,35.311,35.332,35.352,35.407,35.476,35.551,35.585,35.612,35.783,35.858,35.865,35.906,35.933,35.96,35.954,35.981,36.001,36.001,36.008,36.042,36.063,36.069,36.178,36.185,36.212,36.206,36.178,36.144,36.056,36.022,35.967,35.892,35.899,35.865,35.858,35.872,35.906,35.933,35.967,35.954,35.96,35.947,35.933,35.926,35.913,35.899,35.879,35.858,35.851,35.845,35.845,35.824,35.838,35.838,35.851,35.851,35.851,35.831,35.851,35.851,35.858,35.858,35.872,35.96,35.974,35.967,35.974,35.913,35.92,35.845,35.783,35.783,35.77,35.77,35.79,35.804,35.838,35.879,35.92,35.96,36.069,36.158,36.178,36.233,36.267,36.219,36.212,36.206,36.185,36.178,36.199,36.11,35.865,35.838,35.735,35.647,35.428,35.298,35.291,35.188,35.14,35.099,35.085,35.051,35.016,35.016,34.941,34.886,34.872,34.824,34.782,34.755,34.548,34.451,34.015,32.921,29.933,27.089,26.615,25.952,25.638,25.563,25.495,25.473,25.42,25.375,25.345,25.247,25.232,25.18,25.165,25.089,25.074,25.052,25.006,24.984,24.961,24.923,24.901,24.863,24.825,24.818,24.795,24.765,24.689,24.651,24.629,24.621,24.621,24.613,24.538,24.53,24.485,24.485,24.432,24.424,24.401,24.416,24.394,24.386,24.386,24.363,24.371,24.348,24.356,24.333,24.318,24.257,24.265,24.265,24.257,24.257,24.249,24.249,24.242,24.234,24.234,24.234,24.227,24.227,24.204,24.189,24.181,24.173,24.181,24.173,24.173,24.166,24.158,24.143,24.143,24.113,24.12,24.113,24.128,24.128,24.128,24.135,24.113,24.105,24.09,24.097,24.067,24.059,24.059,24.052,24.059,24.067,24.09,24.09,24.09,24.09,24.044,24.059,24.059,24.037,24.021,24.037,24.014,24.006,24.014,23.998,24.006,23.991,24.006,24.014,24.021,23.998,24.021,24.006,24.006,24.014,23.991,24.006,23.991,23.998,24.006,24.006,24.021,23.976,23.938,23.976,23.976,23.953,23.953,23.945,23.96,23.938,23.945,23.93,23.938,23.915,23.922,23.938,23.922,23.968,23.938,23.938,23.899,23.899,23.892,23.907,23.922,23.907,23.915,23.892,23.877,23.861,23.854,23.854,23.846,23.854,23.854,23.854,23.861,23.854,23.838,23.838,23.816,23.838,23.831,23.838,23.793,23.777,23.793,23.785,23.793,23.8,23.777,23.77,23.762,23.762,23.755,23.732,23.747,23.762,23.8,23.755,23.724,23.716,23.732,23.739,23.716,23.709,23.739,23.716,23.732,23.747,23.724,23.739,23.716,23.709,23.709,23.716,23.693,23.709,23.732,23.739,23.77,23.785,23.762,23.777,23.701,23.724,23.716,23.686,23.762,23.724,23.747,23.739,23.747,23.693,23.732,23.732,23.724,23.701,23.724,23.693,23.701,23.693,23.701,23.693,23.663,23.678,23.671,23.686,23.709,23.739,23.739,23.755,23.747,23.709,23.709,23.724
,23.609,23.602,23.625,23.625,23.625,23.64,23.609,23.571,23.586,23.602,23.617,23.609,23.625,23.632,23.648,23.648,23.663,23.655,23.671,23.655,23.609,23.632,23.709,23.693,23.655,23.648,23.655,23.625,23.632,23.663,23.632,23.64,23.663,23.64,23.632,23.625,23.655,23.655,23.701,23.671,23.64,23.671,23.678,23.686,23.678,23.686,23.693,23.701,23.693,23.709,23.716,23.732,23.724,23.724,23.678,23.732,23.709,23.709,23.739,23.747,23.747,23.755,23.739,23.739,23.747,23.747,23.762,23.785,23.785,23.785,23.785,23.777,23.762,23.785,23.785,23.823,23.8,23.8,23.808,23.823,23.816,23.823,23.816,23.816,23.816,23.831,23.823,23.838,23.846,23.854,23.861,23.877,23.869,23.869,23.861,23.838,23.877,23.854,23.846,23.884,23.861,23.869,23.861,23.869,23.861,23.877,23.854,23.861,23.869,23.854,23.861,23.884,23.877,23.869,23.922,23.938,23.945,23.915,23.922,23.922,23.915,23.915,23.915,23.93,23.96,23.968,23.938,23.945,23.945,23.945,23.953,23.953,23.968,23.976,23.991,24.014,24.014,24.037,24.029,24.052,24.037,24.029,24.037,24.029,24.037,24.037,24.029,24.044,24.075,24.075,24.09,24.113,24.105,24.105,24.113,24.097,24.12,24.113,24.12,24.135,24.135,24.135,24.158,24.166,24.189,24.189,24.189,24.211,24.196,24.211,24.196,24.204,24.204,24.211,24.211,24.242,24.242,24.249,24.265,24.265,24.249,24.257,24.249,24.249,24.249,24.249,24.249,24.257,24.257,24.287,24.303,24.287,24.318,24.318,24.325,24.341,24.333,24.341,24.371,24.356,24.363,24.348,24.348,24.356,24.371,24.371,24.379,24.409,24.401,24.432,24.447,24.454,24.454,24.477,24.477,24.477,24.5,24.5,24.507,24.538,24.583,24.606,24.621,24.621,24.621,24.629,24.644,24.659,24.689,24.719,24.742,24.757,24.765,24.78,24.795,24.803,24.825,24.833,24.863,24.893,24.908,24.946,24.984,24.976,25.006,25.029,25.059,25.074,25.089,25.104,25.142,25.18,25.217,25.24,25.285,25.308,25.345,25.375,25.405,25.428,25.45,25.495,25.533,25.57,25.653,25.683,25.773,26.049,26.198,26.6,27.84,31.221,33.369,34.431,34.624,34.892,35.133,35.304,35.346,35.352,35.469,35.435,35.476,35.455,35.462,35.482,35.421,35.4,35.421,35.4,35.469,35.496,35.565,35.619,35.688,35.776,35.817,35.892,35.906,35.94,35.967,35.974,36.015,36.022,36.035,36.049,36.049,36.076,36.165,36.192,36.212,36.212,36.192,36.131,36.083,36.063,35.974,35.906,35.892,35.865,35.858,35.886,35.899,35.92,35.947,35.96,35.96,35.954,35.947,35.926,35.913,35.892,35.899,35.892,35.879,35.886,35.872,35.879,35.865,35.865,35.872,35.879,35.872,35.865,35.872,35.906,35.913,35.947,35.96,36.076,36.049,36.069,36.008,35.974,35.947,35.906,35.831,35.81,35.797,35.79,35.804,35.817,35.865,35.899,35.926,36.029,36.097,36.144,36.206,36.226,36.226,36.219,36.185,36.185,36.172,36.124,36.124,36.056,35.933,35.776,35.701,35.53,35.524,35.243,35.236,35.195,35.16,35.126,35.092,35.064,35.037,35.023,34.982,34.954,34.892,34.851,34.803,34.817,34.603,34.52,34.071,33.159,30.751,27.591,26.221,25.758,25.645,25.585,25.503,25.45,25.428,25.353,25.3,25.27,25.217,25.18,25.134,25.104,25.082,25.029,25.006,24.991,24.961,24.938,24.916,24.855,24.84,24.81,24.78,24.787,24.742,24.697,24.659,24.629,24.613,24.583,24.553,24.538,24.507,24.477,24.462,24.439,24.424,24.401,24.394,24.394,24.363,24.379,24.379,24.363,24.348,24.341,24.325,24.295,24.272,24.272,24.272,24.257,24.265,24.242,24.242,24.242,24.234,24.242,24.219,24.234,24.211,24.189,24.181,24.173,24.166,24.151,24.166,24.158,24.158,24.143,24.12,24.128,24.12,24.097,24.113,24.143,24.12,24.12,24.105,24.082,24.082,24.075,24.075,24.059,24.052,24.059,24.059,24.075,24.082,24.082,24.082,24.09,24.059,24.044,24.059,24.044,24.029,24.029,23.998,24.021,24.006,23.998,23.991,23.998,24.014,24.021,24.021,24.021,24.014,24.006,24.006,23.998,23.983,23.983,23.976,24.006,23.998,24.021,24.006,24.037,24.014,23.998,23.976,23.968,23.945,23.953,23.968,23.96,23.953,23.938,23.938,23.915,23.93,23.899,23.938,23.96,23.93,23.922,23.907,23.884,23.907,23.907,23.915,23.915,23.899,23.922,23.884,23.884,23.854,23.861,23.846,23.854,23.861,23.831,23.861,23.846,23.831,23.823,23.823,23.831,23.8,23.823,23.793,23.785,23.816,23.808,23.8,23.8,23.77,23.777,23.77,23.747,23.762,23.762,23.77,23.762,23.777,23.8,23.77,23.732,23.77,23.739,23.716,23.77,23.732,23.724,23.739,23.739,23.739,23.701,23.716,23.739,23.724,23.701,23.709,23.693,23.739,23.77,23.762,23.777,23.785,23.739,23.716,23.701,23.739,23.709,23.716,23.739,23.724,23.724,23.724,23.709,23.709,23.739,23.709,23.755,23.747,23.709,23.686,23.678,23.678,23.686,23.693,23.678,23.686,23.693,23.724,23.724,23.747,23.762,23.716,23.732,23.732,23.732
,23.594,23.602,23.625,23.609,23.625,23.609,23.617,23.609,23.617,23.586,23.586,23.609,23.617,23.632,23.632,23.617,23.64,23.632,23.663,23.686,23.655,23.648,23.625,23.648,23.655,23.632,23.632,23.625,23.625,23.655,23.64,23.663,23.671,23.64,23.671,23.663,23.678,23.686,23.701,23.693,23.678,23.678,23.671,23.686,23.686,23.678,23.671,23.671,23.693,23.686,23.709,23.716,23.701,23.709,23.716,23.693,23.709,23.709,23.739,23.755,23.747,23.747,23.739,23.732,23.716,23.739,23.755,23.77,23.777,23.785,23.777,23.777,23.793,23.77,23.838,23.823,23.823,23.8,23.823,23.838,23.816,23.816,23.823,23.8,23.816,23.823,23.823,23.846,23.831,23.861,23.869,23.869,23.869,23.854,23.861,23.884,23.854,23.892,23.892,23.884,23.869,23.846,23.861,23.884,23.869,23.869,23.861,23.846,23.854,23.854,23.861,23.869,23.884,23.915,23.922,23.922,23.915,23.93,23.922,23.922,23.93,23.922,23.953,23.976,23.96,23.983,23.938,23.938,23.938,23.945,23.953,23.945,23.968,23.976,23.998,24.014,24.037,24.037,24.044,24.044,24.021,24.021,24.021,24.029,24.021,24.021,24.029,24.044,24.059,24.082,24.09,24.12,24.113,24.12,24.097,24.113,24.12,24.113,24.151,24.143,24.151,24.158,24.166,24.158,24.173,24.173,24.196,24.196,24.204,24.219,24.204,24.196,24.196,24.211,24.227,24.227,24.234,24.249,24.242,24.249,24.265,24.257,24.249,24.242,24.242,24.242,24.249,24.265,24.28,24.28,24.272,24.303,24.295,24.295,24.325,24.325,24.333,24.348,24.348,24.348,24.348,24.363,24.348,24.363,24.356,24.371,24.409,24.394,24.439,24.424,24.447,24.454,24.454,24.454,24.477,24.485,24.5,24.5,24.523,24.523,24.545,24.56,24.598,24.598,24.606,24.613,24.651,24.682,24.697,24.727,24.719,24.75,24.765,24.772,24.795,24.81,24.818,24.84,24.855,24.893,24.923,24.954,24.969,24.991,25.006,25.021,25.052,25.074,25.097,25.119,25.149,25.18,25.21,25.24,25.285,25.323,25.353,25.368,25.383,25.428,25.435,25.48,25.51,25.563,25.638,25.735,25.743,25.93,26.146,26.556,27.862,31.185,33.362,34.008,34.61,34.796,35.099,35.298,35.387,35.428,35.503,35.503,35.53,35.537,35.551,35.612,35.489,35.551,35.51,35.503,35.544,35.565,35.585,35.64,35.674,35.763,35.817,35.899,35.906,35.94,35.974,36.001,36.042,36.056,36.09,36.097,36.076,36.117,36.144,36.178,36.206,36.212,36.151,36.158,36.076,36.042,35.967,35.954,35.913,35.92,35.899,35.913,35.913,35.933,35.954,35.967,35.96,35.954,35.954,35.94,35.92,35.913,35.899,35.899,35.913,35.913,35.906,35.913,35.913,35.92,35.913,35.906,35.926,35.926,35.913,35.926,35.94,36.029,36.063,36.124,36.117,36.104,36.056,35.995,35.974,35.899,35.879,35.838,35.817,35.81,35.824,35.845,35.879,35.94,35.981,36.056,36.158,36.178,36.199,36.212,36.212,36.178,36.178,36.165,36.131,36.117,36.049,35.981,35.892,35.858,35.647,35.524,35.387,35.291,35.263,35.208,35.188,35.14,35.119,35.099,35.071,35.037,34.954,34.961,34.954,34.892,34.831,34.789,34.61,34.216,34.265,33.187,31.007,27.627,26.437,25.907,25.683,25.585,25.48,25.45,25.413,25.345,25.292,25.247,25.195,25.187,25.142,25.142,25.097,25.029,25.021,24.984,24.961,24.938,24.916,24.871,24.848,24.795,24.772,24.75,24.735,24.697,24.666,24.591,24.591,24.56,24.56,24.538,24.507,24.507,24.447,24.454,24.416,24.401,24.401,24.394,24.379,24.371,24.363,24.363,24.371,24.341,24.31,24.295,24.28,24.272,24.265,24.265,24.257,24.234,24.242,24.227,24.219,24.219,24.227,24.211,24.196,24.196,24.189,24.173,24.173,24.181,24.166,24.151,24.151,24.135,24.151,24.12,24.12,24.113,24.105,24.135,24.12,24.113,24.12,24.09,24.082,24.082,24.075,24.059,24.067,24.059,24.059,24.075,24.082,24.09,24.09,24.09,24.075,24.052,24.067,24.037,24.029,24.029,24.006,24.006,24.006,23.998,24.014,24.006,24.029,24.014,24.037,24.014,24.006,24.014,23.991,23.998,23.968,23.991,23.976,23.983,23.991,23.998,24.014,24.029,24.006,23.983,23.983,23.968,23.945,23.968,23.953,23.953,23.96,23.938,23.953,23.93,23.945,23.96,23.93,23.915,23.922,23.938,23.907,23.899,23.892,23.877,23.915,23.884,23.899,23.899,23.907,23.884,23.854,23.861,23.846,23.838,23.854,23.838,23.861,23.846,23.838,23.838,23.846,23.816,23.808,23.793,23.785,23.785,23.793,23.8,23.8,23.793,23.793,23.777,23.777,23.777,23.793,23.732,23.8,23.808,23.762,23.755,23.777,23.701,23.777,23.724,23.686,23.709,23.701,23.755,23.739,23.747,23.732,23.739,23.686,23.709,23.724,23.693,23.732,23.724,23.732,23.762,23.762,23.739,23.739,23.747,23.701,23.747,23.716,23.724,23.716,23.709,23.724,23.724,23.693,23.732,23.747,23.739,23.747,23.709,23.693,23.693,23.671,23.686,23.671,23.671,23.701,23.686,23.678,23.663,23.724,23.716,23.747,23.747,23.755,23.747,23.701,23.655
,23.579,23.602,23.602,23.609,23.579,23.594,23.609,23.586,23.602,23.556,23.586,23.586,23.602,23.617,23.617,23.632,23.64,23.671,23.663,23.663,23.663,23.686,23.671,23.64,23.655,23.655,23.64,23.632,23.64,23.648,23.64,23.625,23.655,23.625,23.648,23.678,23.686,23.709,23.709,23.701,23.686,23.686,23.678,23.686,23.671,23.678,23.671,23.678,23.701,23.716,23.709,23.701,23.709,23.693,23.716,23.686,23.686,23.716,23.739,23.747,23.755,23.755,23.747,23.739,23.739,23.739,23.747,23.777,23.777,23.777,23.77,23.77,23.77,23.785,23.793,23.846,23.816,23.8,23.823,23.838,23.785,23.831,23.816,23.823,23.823,23.831,23.831,23.831,23.846,23.869,23.892,23.877,23.884,23.846,23.869,23.869,23.854,23.884,23.884,23.869,23.869,23.854,23.869,23.877,23.869,23.884,23.877,23.854,23.877,23.861,23.877,23.899,23.899,23.93,23.93,23.938,23.96,23.976,23.93,23.922,23.945,23.938,23.96,23.968,23.968,23.968,23.953,23.953,23.945,23.945,23.945,23.96,23.968,23.983,23.998,24.021,24.037,24.052,24.044,24.037,24.029,24.021,24.029,24.029,24.037,24.037,24.029,24.037,24.067,24.067,24.082,24.09,24.097,24.12,24.12,24.105,24.113,24.128,24.151,24.151,24.166,24.151,24.151,24.166,24.151,24.173,24.204,24.189,24.196,24.181,24.196,24.196,24.219,24.211,24.219,24.219,24.227,24.242,24.242,24.249,24.257,24.242,24.242,24.249,24.242,24.249,24.249,24.257,24.287,24.28,24.28,24.295,24.318,24.318,24.333,24.333,24.325,24.333,24.341,24.333,24.379,24.363,24.371,24.363,24.356,24.356,24.371,24.401,24.432,24.454,24.454,24.462,24.462,24.454,24.47,24.5,24.515,24.515,24.492,24.553,24.538,24.56,24.576,24.598,24.606,24.621,24.629,24.659,24.666,24.689,24.697,24.719,24.75,24.78,24.795,24.81,24.825,24.84,24.863,24.878,24.923,24.946,24.961,24.976,25.006,25.021,25.052,25.074,25.089,25.119,25.149,25.18,25.202,25.225,25.27,25.308,25.345,25.353,25.383,25.398,25.42,25.473,25.51,25.54,25.608,25.75,25.735,25.855,26.109,26.466,27.796,31.171,33.355,34.071,34.651,35.009,35.208,35.27,35.393,35.435,35.51,35.551,35.571,35.619,35.626,35.674,35.688,35.64,35.735,35.585,35.64,35.681,35.626,35.653,35.729,35.735,35.797,35.851,35.899,35.96,36.008,36.042,36.069,36.076,36.083,36.131,36.124,36.138,36.165,36.185,36.199,36.192,36.151,36.151,36.063,36.042,36.008,35.96,35.954,35.926,35.906,35.94,35.94,35.96,35.974,35.981,35.988,35.967,35.954,35.954,35.933,35.92,35.926,35.92,35.92,35.92,35.926,35.913,35.92,35.933,35.954,35.995,35.967,35.947,35.94,35.954,36.008,36.056,36.11,36.131,36.131,36.117,36.076,36.063,36.015,35.981,35.906,35.865,35.845,35.838,35.838,35.872,35.892,35.947,36.029,36.09,36.165,36.192,36.206,36.226,36.206,36.199,36.185,36.158,36.124,36.117,36.022,35.974,35.886,35.817,35.681,35.489,35.339,35.304,35.263,35.222,35.188,35.167,35.16,35.133,35.064,35.037,35.002,34.968,34.975,34.906,34.824,34.741,34.651,34.417,34.064,33.222,31.15,27.694,26.466,26.064,25.653,25.578,25.555,25.428,25.39,25.345,25.292,25.247,25.217,25.202,25.149,25.134,25.104,25.044,24.991,24.984,24.961,24.938,24.923,24.901,24.871,24.787,24.787,24.75,24.742,24.704,24.621,24.598,24.583,24.56,24.553,24.538,24.523,24.485,24.477,24.439,24.432,24.416,24.409,24.394,24.371,24.371,24.363,24.363,24.348,24.348,24.333,24.325,24.287,24.28,24.272,24.265,24.257,24.249,24.242,24.234,24.227,24.242,24.227,24.234,24.227,24.204,24.196,24.181,24.173,24.181,24.166,24.151,24.151,24.143,24.128,24.135,24.135,24.12,24.105,24.113,24.113,24.128,24.113,24.105,24.09,24.082,24.097,24.059,24.082,24.067,24.075,24.075,24.082,24.082,24.059,24.09,24.059,24.052,24.052,24.037,24.021,24.006,23.991,23.991,24.006,24.006,24.021,24.014,24.021,24.014,24.044,24.014,24.014,23.998,24.006,23.998,23.998,23.991,23.976,23.983,24.006,24.006,23.976,23.976,24.006,23.991,23.976,23.96,23.96,23.953,23.945,23.953,23.953,23.945,23.93,23.945,23.899,23.915,23.953,23.907,23.922,23.922,23.915,23.899,23.899,23.915,23.907,23.915,23.899,23.907,23.884,23.892,23.884,23.877,23.869,23.846,23.838,23.823,23.831,23.831,23.846,23.831,23.808,23.877,23.808,23.8,23.777,23.8,23.793,23.8,23.8,23.77,23.777,23.77,23.77,23.77,23.762,23.831,23.747,23.77,23.77,23.755,23.762,23.709,23.716,23.755,23.755,23.732,23.724,23.739,23.747,23.739,23.732,23.739,23.747,23.732,23.716,23.739,23.724,23.732,23.716,23.747,23.739,23.747,23.747,23.755,23.724,23.709,23.693,23.701,23.716,23.739,23.732,23.724,23.732,23.732,23.739,23.732,23.732,23.701,23.701,23.693,23.686,23.686,23.701,23.709,23.701,23.693,23.701,23.678,23.686,23.686,23.747,23.755,23.77,23.739,23.739,23.716
,23.564,23.579,23.556,23.548,23.571,23.594,23.602,23.564,23.586,23.564,23.579,23.586,23.586,23.594,23.617,23.617,23.625,23.648,23.632,23.671,23.632,23.663,23.617,23.648,23.648,23.655,23.655,23.632,23.632,23.625,23.64,23.655,23.655,23.648,23.655,23.663,23.678,23.701,23.724,23.693,23.693,23.671,23.671,23.671,23.678,23.671,23.686,23.693,23.709,23.701,23.732,23.716,23.724,23.716,23.716,23.739,23.709,23.747,23.732,23.747,23.747,23.747,23.747,23.739,23.77,23.747,23.762,23.77,23.777,23.777,23.777,23.793,23.777,23.793,23.793,23.816,23.823,23.785,23.831,23.838,23.816,23.831,23.823,23.846,23.854,23.838,23.831,23.831,23.846,23.861,23.869,23.854,23.877,23.861,23.869,23.861,23.877,23.892,23.877,23.869,23.869,23.861,23.854,23.877,23.869,23.877,23.877,23.877,23.861,23.869,23.877,23.907,23.915,23.922,23.93,23.922,23.93,23.93,23.953,23.922,23.938,23.938,23.945,23.96,23.945,23.96,23.938,23.945,23.953,23.938,23.953,23.953,23.938,23.998,23.998,24.021,24.044,24.044,24.044,24.044,24.029,24.029,24.029,24.059,24.052,24.059,24.044,24.044,24.052,24.059,24.067,24.082,24.082,24.097,24.12,24.128,24.128,24.135,24.158,24.151,24.158,24.158,24.143,24.158,24.173,24.173,24.196,24.196,24.196,24.211,24.219,24.196,24.196,24.196,24.211,24.219,24.227,24.234,24.234,24.234,24.257,24.265,24.242,24.249,24.242,24.234,24.257,24.28,24.265,24.28,24.295,24.287,24.303,24.318,24.325,24.348,24.341,24.341,24.341,24.348,24.363,24.348,24.371,24.356,24.379,24.356,24.379,24.409,24.409,24.447,24.439,24.462,24.447,24.47,24.47,24.492,24.492,24.523,24.515,24.53,24.523,24.56,24.576,24.598,24.591,24.613,24.636,24.636,24.666,24.697,24.704,24.712,24.765,24.757,24.795,24.803,24.833,24.848,24.863,24.886,24.908,24.931,24.961,24.976,24.999,25.014,25.036,25.059,25.097,25.119,25.149,25.165,25.195,25.217,25.255,25.277,25.323,25.338,25.383,25.39,25.413,25.45,25.488,25.555,25.623,25.638,25.75,25.877,25.982,26.318,27.635,31.022,33.306,33.953,34.403,34.707,35.202,35.325,35.428,35.462,35.558,35.606,35.647,35.688,35.715,35.776,35.776,35.81,35.77,35.838,35.845,35.715,35.722,35.681,35.722,35.783,35.838,35.879,35.92,35.967,36.035,36.063,36.11,36.124,36.158,36.151,36.178,36.172,36.172,36.185,36.185,36.192,36.165,36.124,36.083,36.056,36.008,35.988,35.974,35.94,35.96,35.974,35.974,35.981,35.988,35.988,36.015,35.995,35.967,35.974,35.954,35.933,35.926,35.926,35.933,35.94,35.94,35.954,35.94,35.974,35.995,36.022,36.008,36.001,35.995,35.995,36.076,36.104,36.124,36.144,36.144,36.138,36.117,36.09,36.035,35.974,35.947,35.913,35.872,35.865,35.858,35.892,35.92,35.96,36.022,36.104,36.172,36.185,36.212,36.206,36.206,36.206,36.192,36.151,36.124,36.104,36.029,35.947,35.92,35.756,35.735,35.565,35.435,35.298,35.236,35.236,35.215,35.202,35.188,35.133,35.112,35.057,35.057,34.989,34.982,34.927,34.824,34.775,34.665,34.341,34.112,33.194,31.2,27.826,26.429,26.236,25.615,25.57,25.525,25.398,25.383,25.323,25.292,25.247,25.217,25.18,25.157,25.119,25.119,25.052,24.976,24.991,24.961,24.954,24.946,24.901,24.871,24.818,24.803,24.742,24.712,24.644,24.636,24.621,24.576,24.56,24.538,24.53,24.5,24.485,24.454,24.439,24.447,24.447,24.432,24.394,24.379,24.363,24.371,24.363,24.363,24.348,24.333,24.318,24.287,24.28,24.28,24.257,24.265,24.227,24.272,24.257,24.257,24.234,24.242,24.242,24.219,24.234,24.211,24.204,24.204,24.189,24.166,24.151,24.158,24.158,24.158,24.151,24.143,24.135,24.135,24.12,24.113,24.12,24.128,24.12,24.105,24.097,24.09,24.082,24.075,24.075,24.075,24.082,24.082,24.075,24.075,24.082,24.075,24.052,24.052,24.037,23.998,23.991,24.021,23.991,24.006,24.037,24.044,24.037,24.044,24.044,24.037,23.998,24.006,24.006,23.991,24.006,23.976,23.998,23.983,23.983,23.976,23.976,23.983,23.991,24.006,23.983,23.976,23.968,23.93,23.96,23.953,23.953,23.96,23.953,23.953,23.945,23.945,23.892,23.899,23.922,23.922,23.922,23.907,23.93,23.899,23.899,23.899,23.899,23.907,23.899,23.907,23.884,23.877,23.892,23.877,23.869,23.854,23.846,23.838,23.816,23.854,23.854,23.831,23.838,23.808,23.793,23.8,23.793,23.823,23.777,23.777,23.785,23.793,23.777,23.785,23.785,23.762,23.816,23.762,23.77,23.747,23.739,23.785,23.739,23.716,23.709,23.701,23.747,23.739,23.762,23.755,23.716,23.755,23.747,23.716,23.709,23.739,23.709,23.724,23.716,23.716,23.716,23.686,23.724,23.732,23.724,23.724,23.724,23.747,23.716,23.709,23.709,23.739,23.724,23.709,23.716,23.724,23.724,23.716,23.724,23.693,23.686,23.709,23.678,23.724,23.678,23.693,23.732,23.686,23.686,23.663,23.739,23.77,23.747,23.755,23.739,23.693,23.671
,23.541,23.586,23.564,23.571,23.556,23.564,23.571,23.571,23.571,23.556,23.556,23.564,23.571,23.602,23.602,23.609,23.632,23.617,23.663,23.655,23.648,23.655,23.671,23.648,23.632,23.64,23.632,23.625,23.632,23.655,23.678,23.663,23.602,23.655,23.663,23.671,23.663,23.693,23.716,23.693,23.693,23.671,23.671,23.671,23.693,23.678,23.671,23.678,23.693,23.686,23.701,23.709,23.709,23.739,23.732,23.724,23.747,23.724,23.739,23.747,23.747,23.747,23.755,23.755,23.755,23.755,23.777,23.777,23.785,23.793,23.777,23.755,23.777,23.793,23.808,23.785,23.816,23.816,23.785,23.808,23.793,23.831,23.846,23.846,23.854,23.831,23.831,23.861,23.846,23.861,23.861,23.877,23.877,23.861,23.861,23.854,23.869,23.877,23.869,23.892,23.899,23.861,23.869,23.877,23.869,23.877,23.861,23.861,23.869,23.892,23.907,23.892,23.915,23.915,23.915,23.93,23.93,23.938,23.96,23.93,23.922,23.953,23.945,23.945,23.953,23.96,23.968,23.922,23.938,23.945,23.938,23.945,23.953,23.983,23.998,24.029,24.037,24.052,24.052,24.044,24.044,24.037,24.029,24.044,24.052,24.067,24.052,24.037,24.052,24.044,24.067,24.082,24.09,24.105,24.12,24.135,24.135,24.151,24.151,24.158,24.158,24.158,24.143,24.151,24.166,24.173,24.189,24.196,24.196,24.204,24.189,24.158,24.181,24.189,24.211,24.227,24.227,24.227,24.242,24.234,24.249,24.242,24.265,24.234,24.234,24.249,24.257,24.28,24.257,24.295,24.295,24.28,24.295,24.31,24.325,24.348,24.348,24.348,24.333,24.341,24.356,24.348,24.363,24.371,24.371,24.379,24.379,24.416,24.424,24.447,24.447,24.454,24.462,24.454,24.47,24.485,24.507,24.515,24.515,24.545,24.538,24.515,24.553,24.598,24.598,24.613,24.636,24.636,24.659,24.697,24.704,24.75,24.757,24.75,24.772,24.803,24.81,24.833,24.848,24.878,24.908,24.931,24.961,24.984,24.999,25.014,25.036,25.059,25.074,25.104,25.127,25.165,25.172,25.195,25.225,25.255,25.33,25.323,25.383,25.39,25.42,25.48,25.518,25.555,25.6,25.638,25.728,25.84,26.064,26.533,27.716,31,33.278,34.043,34.548,34.899,35.188,35.25,35.428,35.517,35.585,35.64,35.694,35.797,35.79,35.886,35.838,35.92,35.906,35.879,35.906,35.804,35.858,35.77,35.776,35.831,35.851,35.886,35.94,35.995,36.056,36.124,36.151,36.178,36.185,36.178,36.178,36.185,36.192,36.192,36.192,36.185,36.158,36.131,36.097,36.069,36.035,36.001,35.974,35.967,35.974,35.974,35.981,36.001,36.008,36.015,36.029,36.015,36.015,35.995,35.96,35.954,35.94,35.94,35.947,35.954,35.96,35.974,35.988,35.995,36.029,36.022,36.035,36.035,36.035,36.069,36.069,36.11,36.144,36.144,36.158,36.158,36.131,36.117,36.063,36.029,35.974,35.92,35.892,35.892,35.892,35.906,35.926,35.96,36.042,36.138,36.178,36.199,36.212,36.219,36.212,36.212,36.192,36.178,36.117,36.09,36.001,35.96,35.94,35.81,35.674,35.517,35.503,35.325,35.277,35.243,35.243,35.215,35.243,35.174,35.133,35.092,35.057,35.078,35.016,34.961,34.872,34.775,34.569,34.444,34.265,33.397,31.753,28.331,26.682,25.975,25.69,25.6,25.578,25.488,25.383,25.338,25.292,25.27,25.24,25.232,25.21,25.119,25.097,25.021,24.984,24.976,24.961,24.961,24.938,24.916,24.871,24.84,24.78,24.75,24.735,24.704,24.644,24.598,24.568,24.553,24.538,24.53,24.515,24.47,24.485,24.47,24.462,24.447,24.416,24.409,24.386,24.371,24.379,24.363,24.371,24.356,24.348,24.333,24.287,24.28,24.272,24.272,24.272,24.272,24.265,24.265,24.257,24.257,24.249,24.242,24.242,24.242,24.242,24.219,24.196,24.181,24.181,24.166,24.166,24.173,24.158,24.173,24.166,24.143,24.135,24.135,24.135,24.12,24.128,24.12,24.12,24.128,24.113,24.082,24.09,24.082,24.075,24.082,24.09,24.09,24.082,24.09,24.082,24.075,24.059,24.037,24.014,24.006,23.998,24.014,24.006,24.029,24.021,24.037,24.037,24.021,24.059,24.029,24.014,24.021,24.006,24.014,24.014,24.021,23.976,23.991,23.983,23.983,23.991,23.976,23.976,23.991,23.968,23.968,23.945,23.953,23.945,23.945,23.96,23.953,23.953,23.953,23.968,23.938,23.93,23.922,23.915,23.915,23.907,23.907,23.907,23.899,23.899,23.899,23.892,23.892,23.892,23.892,23.892,23.899,23.869,23.846,23.869,23.854,23.846,23.831,23.831,23.846,23.831,23.816,23.808,23.8,23.816,23.785,23.808,23.808,23.793,23.793,23.777,23.777,23.793,23.8,23.808,23.77,23.816,23.785,23.8,23.755,23.808,23.747,23.747,23.739,23.739,23.755,23.77,23.77,23.747,23.762,23.747,23.747,23.755,23.777,23.709,23.686,23.732,23.716,23.716,23.732,23.701,23.709,23.739,23.747,23.739,23.739,23.732,23.732,23.747,23.724,23.709,23.755,23.739,23.716,23.701,23.732,23.693,23.693,23.678,23.693,23.678,23.678,23.701,23.693,23.701,23.686,23.724,23.671,23.678,23.701,23.755,23.716,23.739,23.709,23.693,23.732
,23.556,23.556,23.556,23.541,23.571,23.564,23.548,23.571,23.548,23.556,23.548,23.556,23.571,23.609,23.602,23.625,23.625,23.632,23.648,23.663,23.663,23.671,23.655,23.648,23.625,23.625,23.617,23.655,23.609,23.655,23.64,23.655,23.655,23.655,23.648,23.655,23.655,23.693,23.701,23.693,23.701,23.693,23.663,23.686,23.671,23.671,23.686,23.709,23.701,23.693,23.686,23.724,23.716,23.732,23.724,23.716,23.732,23.747,23.747,23.747,23.755,23.755,23.755,23.762,23.777,23.77,23.785,23.793,23.793,23.777,23.762,23.777,23.777,23.777,23.793,23.793,23.8,23.777,23.823,23.816,23.777,23.869,23.861,23.831,23.861,23.846,23.846,23.838,23.854,23.854,23.877,23.877,23.877,23.861,23.877,23.846,23.854,23.861,23.846,23.854,23.899,23.877,23.869,23.854,23.861,23.861,23.877,23.869,23.892,23.884,23.907,23.922,23.93,23.922,23.922,23.922,23.915,23.938,23.945,23.915,23.938,23.922,23.922,23.938,23.945,23.953,23.96,23.96,23.945,23.96,23.953,23.945,23.976,23.983,24.006,24.029,24.044,24.044,24.052,24.052,24.037,24.037,24.044,24.052,24.059,24.082,24.067,24.052,24.037,24.044,24.059,24.075,24.075,24.113,24.12,24.135,24.143,24.173,24.173,24.143,24.151,24.135,24.135,24.151,24.158,24.158,24.189,24.196,24.196,24.189,24.181,24.166,24.158,24.204,24.211,24.227,24.234,24.234,24.242,24.242,24.242,24.257,24.242,24.242,24.249,24.249,24.257,24.257,24.272,24.28,24.295,24.295,24.265,24.303,24.318,24.348,24.348,24.348,24.356,24.341,24.341,24.371,24.356,24.379,24.386,24.386,24.394,24.424,24.409,24.432,24.462,24.462,24.47,24.47,24.477,24.485,24.53,24.5,24.523,24.523,24.538,24.576,24.576,24.591,24.598,24.613,24.621,24.651,24.666,24.674,24.682,24.719,24.742,24.757,24.78,24.787,24.81,24.825,24.84,24.855,24.871,24.923,24.961,24.954,24.984,25.006,25.021,25.052,25.059,25.104,25.134,25.142,25.165,25.18,25.202,25.247,25.27,25.308,25.345,25.398,25.435,25.48,25.503,25.555,25.555,25.638,25.713,25.9,25.989,26.489,27.539,30.979,33.278,34.099,34.361,34.817,35.154,35.27,35.462,35.571,35.592,35.653,35.756,35.81,35.865,35.947,35.947,35.981,35.988,35.995,35.954,35.913,35.865,35.838,35.838,35.831,35.865,35.899,35.926,35.96,36.042,36.104,36.144,36.172,36.199,36.226,36.212,36.206,36.206,36.206,36.192,36.178,36.158,36.138,36.104,36.076,36.042,36.015,35.995,35.981,35.974,35.988,35.995,36.008,36.015,36.022,36.029,36.015,36.015,36.015,35.981,35.981,35.967,35.947,35.954,35.967,35.974,35.995,36.022,36.035,36.035,36.042,36.076,36.069,36.097,36.131,36.124,36.144,36.144,36.158,36.172,36.178,36.144,36.131,36.083,36.042,36.008,35.947,35.94,35.913,35.92,35.926,35.947,35.988,36.029,36.117,36.144,36.185,36.199,36.212,36.219,36.206,36.199,36.192,36.138,36.049,36.022,35.974,35.886,35.715,35.578,35.414,35.38,35.332,35.298,35.277,35.25,35.25,35.229,35.188,35.133,35.112,35.099,35.071,35.071,34.954,34.851,34.81,34.562,34.327,34.244,33.585,32.043,28.382,26.622,26.004,25.645,25.585,25.465,25.45,25.428,25.33,25.308,25.262,25.217,25.202,25.157,25.142,25.074,25.021,24.991,24.969,24.961,24.961,24.946,24.886,24.863,24.833,24.787,24.735,24.682,24.689,24.666,24.644,24.568,24.553,24.538,24.523,24.515,24.485,24.477,24.477,24.462,24.454,24.432,24.416,24.401,24.394,24.379,24.356,24.371,24.356,24.325,24.348,24.31,24.303,24.295,24.287,24.28,24.303,24.242,24.265,24.272,24.249,24.257,24.257,24.242,24.234,24.227,24.219,24.204,24.196,24.196,24.181,24.166,24.181,24.173,24.166,24.166,24.151,24.151,24.151,24.151,24.143,24.135,24.135,24.097,24.128,24.12,24.105,24.075,24.075,24.09,24.082,24.09,24.082,24.075,24.082,24.075,24.082,24.052,24.044,24.037,24.006,23.998,24.014,24.014,24.029,24.044,24.021,24.006,24.021,24.037,23.998,24.006,24.014,24.006,24.029,24.006,23.998,24.014,24.006,23.998,23.998,23.991,23.983,23.968,23.968,23.976,23.945,23.953,23.938,23.96,23.945,23.938,23.938,23.915,23.96,23.953,23.938,23.938,23.915,23.922,23.922,23.907,23.915,23.915,23.899,23.899,23.892,23.884,23.884,23.884,23.877,23.884,23.884,23.877,23.846,23.846,23.838,23.854,23.854,23.823,23.823,23.823,23.823,23.831,23.8,23.816,23.793,23.8,23.793,23.777,23.793,23.793,23.777,23.785,23.785,23.785,23.77,23.816,23.739,23.724,23.777,23.755,23.755,23.747,23.732,23.739,23.747,23.77,23.77,23.755,23.747,23.747,23.732,23.739,23.724,23.701,23.693,23.678,23.701,23.709,23.724,23.716,23.716,23.732,23.732,23.716,23.739,23.732,23.732,23.732,23.709,23.724,23.716,23.724,23.693,23.709,23.693,23.693,23.678,23.686,23.693,23.686,23.678,23.693,23.724,23.716,23.709,23.686,23.693,23.739,23.77,23.701,23.732,23.693,23.716,23.693,23.701
,23.556,23.556,23.541,23.548,23.564,23.541,23.533,23.556,23.564,23.548,23.556,23.579,23.609,23.609,23.602,23.594,23.602,23.625,23.64,23.663,23.671,23.655,23.655,23.625,23.632,23.609,23.625,23.632,23.655,23.617,23.671,23.655,23.678,23.655,23.655,23.648,23.648,23.678,23.686,23.693,23.701,23.693,23.678,23.678,23.709,23.686,23.701,23.693,23.678,23.701,23.709,23.701,23.732,23.747,23.747,23.747,23.747,23.755,23.747,23.755,23.755,23.755,23.762,23.762,23.77,23.77,23.777,23.785,23.8,23.77,23.762,23.77,23.793,23.8,23.8,23.793,23.8,23.8,23.808,23.823,23.823,23.861,23.861,23.854,23.877,23.838,23.846,23.838,23.838,23.854,23.869,23.877,23.877,23.869,23.869,23.861,23.846,23.846,23.869,23.892,23.892,23.892,23.869,23.854,23.854,23.861,23.861,23.869,23.869,23.899,23.915,23.922,23.93,23.922,23.915,23.93,23.93,23.93,23.93,23.93,23.915,23.93,23.93,23.93,23.938,23.953,23.953,23.953,23.945,23.953,23.968,23.968,23.968,23.991,23.991,24.006,24.029,24.021,24.037,24.044,24.052,24.044,24.059,24.052,24.059,24.067,24.044,24.044,24.037,24.037,24.059,24.067,24.09,24.105,24.105,24.12,24.135,24.151,24.135,24.143,24.143,24.128,24.135,24.143,24.143,24.173,24.181,24.204,24.196,24.204,24.189,24.189,24.173,24.196,24.211,24.227,24.234,24.242,24.249,24.257,24.265,24.249,24.242,24.227,24.219,24.242,24.227,24.249,24.287,24.295,24.295,24.295,24.287,24.287,24.31,24.333,24.348,24.348,24.356,24.348,24.356,24.379,24.379,24.409,24.394,24.386,24.394,24.416,24.439,24.447,24.447,24.439,24.454,24.462,24.462,24.485,24.5,24.53,24.523,24.576,24.591,24.56,24.576,24.576,24.591,24.613,24.629,24.651,24.666,24.689,24.689,24.719,24.735,24.742,24.757,24.78,24.795,24.825,24.825,24.878,24.871,24.908,24.923,24.969,24.991,25.006,25.014,25.036,25.067,25.097,25.104,25.142,25.157,25.187,25.202,25.232,25.285,25.285,25.353,25.405,25.443,25.473,25.525,25.548,25.638,25.698,25.743,25.892,26.236,26.526,27.561,31.057,33.278,34.126,34.424,34.851,35.037,35.229,35.435,35.476,35.619,35.694,35.858,35.947,35.954,36.001,36.042,36.076,36.104,36.09,36.063,36.049,36.008,35.988,35.906,35.92,35.933,35.954,35.974,36.029,36.063,36.097,36.206,36.206,36.24,36.267,36.246,36.24,36.226,36.212,36.199,36.185,36.165,36.138,36.117,36.083,36.042,36.008,36.001,35.988,35.974,35.995,36.008,36.015,36.022,36.029,36.049,36.022,36.029,36.022,36.008,35.995,35.974,35.967,35.974,35.981,35.988,36.022,36.035,36.063,36.097,36.076,36.097,36.117,36.131,36.131,36.172,36.158,36.172,36.172,36.185,36.192,36.165,36.144,36.11,36.083,36.035,35.967,35.947,35.926,35.926,35.94,35.954,35.981,36.076,36.11,36.158,36.172,36.206,36.212,36.212,36.192,36.192,36.165,36.117,36.104,36.008,35.954,35.79,35.708,35.599,35.462,35.441,35.366,35.318,35.311,35.284,35.263,35.243,35.243,35.202,35.16,35.105,35.078,35.057,34.941,34.858,34.762,34.596,34.438,34.265,33.654,32.247,28.477,26.452,25.915,25.705,25.593,25.495,25.533,25.42,25.36,25.315,25.277,25.232,25.195,25.157,25.112,25.074,25.044,24.999,24.984,24.969,24.961,24.931,24.908,24.863,24.833,24.78,24.735,24.704,24.674,24.629,24.598,24.576,24.553,24.53,24.523,24.523,24.477,24.462,24.47,24.454,24.447,24.439,24.416,24.409,24.394,24.386,24.379,24.371,24.371,24.348,24.318,24.31,24.295,24.318,24.287,24.303,24.28,24.303,24.272,24.265,24.272,24.272,24.272,24.265,24.249,24.257,24.234,24.234,24.211,24.211,24.181,24.204,24.189,24.189,24.189,24.181,24.158,24.166,24.173,24.158,24.151,24.151,24.105,24.105,24.113,24.113,24.105,24.105,24.082,24.082,24.082,24.075,24.09,24.082,24.097,24.09,24.082,24.09,24.021,24.052,24.044,24.037,24.021,24.014,24.006,24.021,24.029,24.029,24.014,23.998,24.006,23.998,24.014,24.021,24.014,24.029,24.029,23.998,24.029,24.014,23.983,23.983,23.976,23.976,23.976,23.976,23.945,23.945,23.945,23.938,23.96,23.938,23.899,23.93,23.953,23.93,23.945,23.922,23.922,23.922,23.922,23.93,23.93,23.907,23.884,23.884,23.877,23.884,23.877,23.877,23.884,23.884,23.869,23.892,23.846,23.846,23.838,23.854,23.854,23.838,23.838,23.838,23.838,23.838,23.831,23.8,23.8,23.823,23.808,23.808,23.793,23.793,23.793,23.8,23.77,23.8,23.808,23.793,23.755,23.739,23.762,23.755,23.747,23.762,23.739,23.747,23.762,23.762,23.785,23.747,23.724,23.747,23.762,23.747,23.716,23.739,23.686,23.701,23.701,23.716,23.732,23.732,23.716,23.739,23.724,23.732,23.732,23.739,23.747,23.755,23.724,23.686,23.716,23.663,23.693,23.709,23.709,23.693,23.693,23.709,23.678,23.716,23.671,23.693,23.678,23.671,23.724,23.716,23.709,23.724,23.716,23.739,23.732,23.709,23.709,23.678,23.724
,23.564,23.564,23.564,23.525,23.564,23.571,23.579,23.579,23.548,23.564,23.541,23.541,23.602,23.617,23.602,23.602,23.594,23.625,23.632,23.648,23.655,23.663,23.655,23.632,23.617,23.609,23.632,23.625,23.648,23.663,23.663,23.678,23.678,23.648,23.64,23.64,23.655,23.678,23.701,23.701,23.678,23.701,23.686,23.716,23.686,23.693,23.709,23.693,23.686,23.693,23.693,23.701,23.724,23.747,23.739,23.739,23.732,23.755,23.747,23.77,23.762,23.762,23.762,23.762,23.77,23.77,23.793,23.793,23.777,23.785,23.808,23.762,23.777,23.8,23.808,23.8,23.816,23.793,23.816,23.838,23.831,23.838,23.846,23.861,23.854,23.854,23.854,23.877,23.869,23.861,23.869,23.877,23.869,23.869,23.869,23.854,23.854,23.846,23.861,23.884,23.884,23.899,23.884,23.854,23.838,23.838,23.854,23.861,23.877,23.899,23.922,23.93,23.945,23.915,23.93,23.938,23.93,23.938,23.945,23.93,23.93,23.93,23.915,23.938,23.938,23.953,23.938,23.953,23.953,23.96,23.96,23.968,23.976,24.006,23.998,24.014,24.029,24.037,24.044,24.037,24.044,24.044,24.044,24.052,24.059,24.052,24.029,24.044,24.037,24.029,24.052,24.067,24.082,24.09,24.09,24.113,24.113,24.12,24.151,24.151,24.135,24.135,24.143,24.135,24.143,24.166,24.181,24.181,24.204,24.211,24.189,24.181,24.173,24.189,24.234,24.234,24.242,24.234,24.257,24.249,24.257,24.249,24.234,24.242,24.227,24.227,24.234,24.265,24.295,24.272,24.287,24.265,24.265,24.295,24.303,24.318,24.341,24.341,24.348,24.348,24.348,24.371,24.386,24.371,24.394,24.401,24.401,24.424,24.439,24.432,24.447,24.462,24.462,24.5,24.485,24.5,24.515,24.507,24.538,24.583,24.56,24.576,24.576,24.568,24.598,24.613,24.629,24.636,24.659,24.674,24.682,24.704,24.719,24.75,24.765,24.78,24.787,24.825,24.825,24.855,24.878,24.901,24.908,24.954,24.976,24.999,25.006,25.021,25.044,25.082,25.104,25.142,25.157,25.18,25.21,25.232,25.27,25.3,25.345,25.435,25.45,25.495,25.518,25.54,25.63,25.683,25.735,25.862,25.96,26.303,27.928,31.448,33.32,34.015,34.299,34.734,35.044,35.284,35.407,35.435,35.537,35.674,35.851,35.851,36.015,36.063,36.097,36.138,36.144,36.165,36.151,36.11,36.117,36.11,36.022,35.988,36.035,35.995,35.967,36.029,36.076,36.165,36.199,36.253,36.294,36.287,36.28,36.267,36.246,36.226,36.212,36.192,36.172,36.138,36.117,36.069,36.035,36.029,36.001,35.995,35.988,35.995,36.008,36.015,36.029,36.029,36.022,36.035,36.029,36.029,36.015,36.008,35.988,35.988,35.988,35.995,36.015,36.015,36.042,36.069,36.09,36.097,36.117,36.158,36.165,36.206,36.199,36.185,36.199,36.206,36.192,36.178,36.172,36.151,36.117,36.083,36.035,36.001,35.988,35.954,35.947,35.947,35.967,35.967,36.056,36.097,36.124,36.178,36.178,36.199,36.199,36.192,36.172,36.158,36.104,36.069,35.96,35.94,35.735,35.667,35.592,35.428,35.38,35.359,35.346,35.346,35.304,35.298,35.277,35.291,35.222,35.188,35.181,35.078,35.051,34.934,34.817,34.672,34.582,34.5,34.223,33.654,32.388,28.907,26.838,25.975,25.803,25.63,25.563,25.488,25.405,25.368,25.323,25.285,25.232,25.187,25.149,25.119,25.074,25.044,25.021,24.984,24.976,24.938,24.938,24.886,24.848,24.825,24.787,24.75,24.719,24.689,24.666,24.613,24.576,24.56,24.538,24.545,24.515,24.492,24.47,24.462,24.447,24.454,24.439,24.439,24.416,24.394,24.386,24.379,24.371,24.356,24.356,24.356,24.341,24.325,24.303,24.31,24.295,24.295,24.272,24.272,24.287,24.287,24.265,24.272,24.257,24.257,24.242,24.242,24.211,24.211,24.227,24.211,24.196,24.211,24.211,24.181,24.196,24.181,24.181,24.181,24.181,24.181,24.181,24.113,24.113,24.113,24.113,24.105,24.097,24.09,24.075,24.067,24.082,24.075,24.09,24.097,24.09,24.09,24.067,24.082,24.044,24.037,24.029,24.037,24.029,24.021,23.998,24.014,24.014,24.029,23.998,24.006,24.006,24.029,24.006,24.014,24.021,24.021,24.006,24.006,23.991,23.998,23.983,23.968,23.945,23.968,23.96,23.976,23.968,23.96,23.96,23.938,23.953,23.938,23.915,23.953,23.953,23.938,23.938,23.922,23.93,23.922,23.922,23.922,23.907,23.899,23.884,23.877,23.877,23.884,23.884,23.884,23.877,23.869,23.861,23.861,23.854,23.838,23.846,23.838,23.838,23.854,23.846,23.846,23.846,23.823,23.823,23.808,23.808,23.808,23.808,23.823,23.8,23.793,23.785,23.8,23.77,23.785,23.793,23.732,23.755,23.77,23.777,23.785,23.777,23.77,23.747,23.77,23.777,23.755,23.777,23.785,23.785,23.785,23.747,23.732,23.716,23.693,23.678,23.739,23.747,23.747,23.678,23.732,23.709,23.724,23.716,23.732,23.739,23.755,23.724,23.701,23.709,23.709,23.716,23.716,23.716,23.701,23.701,23.678,23.709,23.671,23.678,23.678,23.655,23.701,23.678,23.709,23.716,23.724,23.701,23.739,23.709,23.663,23.701,23.678,23.671,23.732
,23.586,23.579,23.548,23.548,23.556,23.525,23.602,23.602,23.571,23.586,23.602,23.602,23.571,23.617,23.602,23.586,23.602,23.617,23.625,23.64,23.648,23.64,23.663,23.632,23.617,23.625,23.64,23.632,23.655,23.648,23.671,23.655,23.686,23.663,23.632,23.64,23.648,23.678,23.686,23.693,23.686,23.724,23.686,23.693,23.671,23.671,23.686,23.678,23.693,23.693,23.716,23.716,23.739,23.747,23.739,23.755,23.747,23.755,23.762,23.755,23.755,23.747,23.747,23.762,23.755,23.77,23.777,23.793,23.785,23.823,23.762,23.823,23.785,23.808,23.793,23.808,23.808,23.816,23.793,23.846,23.838,23.846,23.846,23.854,23.854,23.823,23.854,23.831,23.854,23.861,23.861,23.861,23.861,23.869,23.877,23.854,23.854,23.854,23.877,23.899,23.907,23.877,23.854,23.838,23.846,23.846,23.846,23.861,23.861,23.884,23.899,23.93,23.96,23.938,23.938,23.96,23.945,23.945,23.945,23.945,23.938,23.922,23.938,23.953,23.96,23.96,23.968,23.96,23.96,23.968,23.976,23.976,23.991,23.998,23.998,23.998,24.006,24.037,24.021,24.029,24.037,24.052,24.059,24.052,24.067,24.044,24.021,24.029,24.029,24.044,24.044,24.059,24.082,24.09,24.09,24.105,24.097,24.12,24.135,24.173,24.135,24.135,24.135,24.143,24.158,24.181,24.173,24.189,24.189,24.211,24.204,24.196,24.211,24.227,24.219,24.234,24.234,24.234,24.242,24.257,24.257,24.242,24.257,24.219,24.227,24.219,24.234,24.257,24.272,24.287,24.28,24.287,24.303,24.303,24.318,24.31,24.333,24.333,24.356,24.348,24.363,24.394,24.386,24.409,24.394,24.401,24.409,24.432,24.432,24.439,24.462,24.454,24.477,24.485,24.5,24.492,24.515,24.507,24.568,24.56,24.56,24.553,24.576,24.576,24.591,24.606,24.629,24.644,24.659,24.666,24.682,24.682,24.719,24.735,24.765,24.78,24.81,24.825,24.833,24.818,24.855,24.878,24.916,24.938,24.969,24.984,24.999,25.021,25.067,25.089,25.127,25.165,25.172,25.195,25.21,25.232,25.255,25.323,25.398,25.42,25.458,25.51,25.525,25.57,25.63,25.765,25.795,25.989,26.094,26.548,28.221,31.703,33.397,34.265,34.527,34.693,35.064,35.195,35.304,35.476,35.647,35.804,35.913,35.988,36.022,36.117,36.165,36.185,36.212,36.226,36.199,36.178,36.212,36.165,36.172,36.131,36.11,36.035,36.035,36.104,36.151,36.158,36.24,36.267,36.307,36.321,36.307,36.287,36.26,36.24,36.212,36.192,36.172,36.144,36.104,36.083,36.029,36.015,36.008,35.988,35.995,35.981,36.001,36.029,36.035,36.029,36.015,36.029,36.029,36.029,36.029,36.015,36.008,36.008,36.015,36.029,36.042,36.035,36.069,36.097,36.09,36.131,36.151,36.165,36.206,36.233,36.219,36.219,36.233,36.219,36.219,36.178,36.151,36.144,36.104,36.076,36.042,36.001,35.981,35.954,35.94,35.947,35.954,35.96,36.001,36.083,36.09,36.131,36.172,36.185,36.192,36.178,36.165,36.131,36.083,36.049,35.954,35.926,35.872,35.667,35.565,35.462,35.428,35.387,35.393,35.325,35.339,35.304,35.318,35.27,35.243,35.215,35.147,35.071,34.996,34.927,34.831,34.748,34.548,34.361,34.105,33.675,32.43,29.081,26.786,26.154,25.765,25.623,25.533,25.51,25.458,25.375,25.315,25.277,25.225,25.18,25.142,25.097,25.074,25.052,25.021,24.984,24.976,24.976,24.923,24.893,24.848,24.803,24.78,24.727,24.704,24.689,24.644,24.598,24.591,24.553,24.553,24.53,24.507,24.492,24.47,24.447,24.439,24.439,24.439,24.432,24.409,24.409,24.386,24.379,24.356,24.356,24.363,24.341,24.348,24.333,24.31,24.303,24.303,24.287,24.303,24.287,24.265,24.28,24.272,24.272,24.265,24.242,24.242,24.227,24.242,24.249,24.227,24.219,24.219,24.204,24.204,24.189,24.196,24.204,24.189,24.204,24.189,24.166,24.173,24.128,24.113,24.12,24.113,24.12,24.097,24.097,24.082,24.067,24.075,24.075,24.082,24.097,24.105,24.082,24.082,24.059,24.044,24.029,24.029,24.037,24.044,24.014,24.006,24.037,24.014,24.006,23.998,24.014,24.006,24.014,24.029,24.029,24.014,24.029,24.029,24.006,24.014,24.006,23.983,23.976,23.96,23.953,23.968,23.968,23.953,23.915,23.915,23.945,23.945,23.953,23.96,23.945,23.945,23.945,23.938,23.938,23.93,23.93,23.93,23.915,23.899,23.892,23.884,23.884,23.884,23.884,23.892,23.899,23.877,23.861,23.861,23.838,23.838,23.861,23.854,23.838,23.846,23.869,23.838,23.846,23.838,23.831,23.861,23.808,23.785,23.816,23.793,23.8,23.816,23.785,23.816,23.8,23.8,23.755,23.793,23.755,23.747,23.77,23.77,23.762,23.785,23.777,23.762,23.777,23.77,23.77,23.777,23.747,23.77,23.762,23.762,23.755,23.716,23.724,23.724,23.716,23.732,23.739,23.732,23.732,23.709,23.709,23.709,23.709,23.732,23.739,23.739,23.724,23.709,23.709,23.686,23.732,23.716,23.701,23.686,23.686,23.671,23.671,23.686,23.693,23.693,23.701,23.739,23.686,23.716,23.716,23.709,23.716,23.678,23.701,23.686,23.693,23.686,23.709
,23.625,23.602,23.564,23.556,23.579,23.579,23.548,23.594,23.594,23.564,23.564,23.594,23.594,23.586,23.586,23.594,23.602,23.617,23.625,23.632,23.648,23.632,23.617,23.625,23.648,23.64,23.648,23.648,23.655,23.663,23.671,23.663,23.693,23.686,23.678,23.648,23.64,23.655,23.678,23.678,23.686,23.701,23.701,23.693,23.686,23.671,23.648,23.655,23.671,23.693,23.716,23.724,23.739,23.739,23.762,23.755,23.77,23.777,23.762,23.755,23.755,23.739,23.732,23.747,23.747,23.777,23.785,23.8,23.816,23.8,23.823,23.793,23.793,23.823,23.816,23.831,23.831,23.831,23.831,23.838,23.846,23.846,23.846,23.831,23.846,23.823,23.838,23.823,23.838,23.838,23.854,23.854,23.854,23.854,23.861,23.838,23.854,23.892,23.861,23.884,23.869,23.838,23.861,23.846,23.831,23.831,23.846,23.854,23.869,23.884,23.899,23.922,23.938,23.93,23.945,23.96,23.945,23.953,23.96,23.945,23.93,23.945,23.938,23.96,23.953,23.96,23.945,23.953,23.953,23.968,23.968,23.983,23.983,23.983,23.998,23.991,23.998,23.998,24.014,24.021,24.021,24.044,24.044,24.044,24.044,24.037,24.052,24.044,24.029,24.044,24.052,24.059,24.082,24.082,24.075,24.075,24.067,24.128,24.097,24.09,24.135,24.135,24.143,24.151,24.151,24.166,24.189,24.196,24.211,24.196,24.219,24.219,24.204,24.219,24.227,24.227,24.227,24.227,24.234,24.249,24.272,24.249,24.257,24.234,24.242,24.242,24.219,24.272,24.272,24.28,24.295,24.257,24.303,24.31,24.318,24.318,24.303,24.341,24.356,24.356,24.371,24.379,24.401,24.394,24.424,24.394,24.439,24.432,24.424,24.439,24.462,24.485,24.477,24.5,24.485,24.492,24.507,24.538,24.538,24.56,24.583,24.56,24.553,24.568,24.583,24.606,24.621,24.636,24.644,24.666,24.697,24.644,24.712,24.742,24.75,24.795,24.803,24.81,24.825,24.848,24.855,24.855,24.908,24.931,24.954,24.976,24.991,25.006,25.052,25.112,25.112,25.157,25.187,25.202,25.232,25.255,25.3,25.338,25.353,25.405,25.488,25.518,25.563,25.593,25.66,25.735,25.773,25.96,26.004,26.347,28.134,31.803,33.418,34.189,34.582,34.844,34.899,35.14,35.256,35.421,35.428,35.619,35.858,36.008,36.076,36.172,36.172,36.226,36.246,36.26,36.301,36.294,36.26,36.246,36.219,36.178,36.192,36.178,36.138,36.185,36.151,36.178,36.219,36.267,36.314,36.321,36.321,36.301,36.287,36.253,36.226,36.206,36.178,36.144,36.11,36.09,36.049,36.001,36.001,35.981,35.974,35.995,35.995,36.001,36.015,36.015,36.029,36.015,36.029,36.022,36.022,36.015,36.015,36.022,36.029,36.029,36.042,36.056,36.056,36.063,36.138,36.151,36.172,36.226,36.226,36.246,36.253,36.246,36.24,36.226,36.199,36.199,36.165,36.124,36.11,36.083,36.049,36.001,35.988,35.954,35.94,35.92,35.933,35.954,35.995,36.015,36.049,36.11,36.144,36.158,36.172,36.165,36.158,36.138,36.076,36.042,35.913,35.851,35.797,35.599,35.544,35.482,35.462,35.441,35.393,35.38,35.359,35.318,35.325,35.304,35.25,35.229,35.126,35.154,34.989,34.892,34.775,34.693,34.651,34.292,34.092,33.613,32.508,29.175,26.867,26.042,25.78,25.608,25.548,25.48,25.443,25.353,25.36,25.285,25.262,25.195,25.134,25.097,25.074,25.052,25.029,25.006,24.961,24.923,24.893,24.893,24.871,24.825,24.765,24.735,24.712,24.682,24.636,24.621,24.583,24.56,24.53,24.523,24.507,24.5,24.47,24.454,24.447,24.432,24.439,24.432,24.424,24.416,24.401,24.379,24.371,24.356,24.348,24.356,24.348,24.341,24.325,24.31,24.318,24.28,24.28,24.295,24.272,24.287,24.28,24.28,24.249,24.249,24.234,24.249,24.242,24.227,24.249,24.242,24.234,24.227,24.204,24.204,24.173,24.189,24.181,24.196,24.189,24.158,24.151,24.151,24.143,24.128,24.12,24.105,24.105,24.082,24.075,24.075,24.067,24.067,24.082,24.097,24.09,24.09,24.067,24.059,24.052,24.037,24.044,24.029,24.037,24.021,24.029,24.006,23.998,24.006,24.006,23.998,24.014,24.014,24.037,24.044,24.014,24.006,24.037,23.991,24.021,23.991,23.976,23.976,23.96,23.938,23.953,23.938,23.93,23.938,23.953,23.96,23.922,23.945,23.945,23.945,23.953,23.953,23.96,23.953,23.938,23.938,23.915,23.915,23.892,23.899,23.884,23.884,23.892,23.899,23.907,23.892,23.869,23.861,23.854,23.854,23.831,23.861,23.869,23.884,23.884,23.846,23.8,23.823,23.838,23.877,23.831,23.823,23.816,23.808,23.816,23.808,23.831,23.823,23.823,23.808,23.808,23.777,23.777,23.77,23.785,23.777,23.777,23.777,23.77,23.77,23.762,23.777,23.732,23.77,23.755,23.762,23.755,23.755,23.77,23.755,23.732,23.724,23.709,23.701,23.724,23.716,23.732,23.724,23.701,23.716,23.701,23.701,23.724,23.732,23.732,23.724,23.701,23.701,23.709,23.716,23.709,23.716,23.693,23.663,23.701,23.693,23.686,23.701,23.724,23.709,23.701,23.678,23.693,23.701,23.716,23.701,23.747,23.701,23.732,23.693,23.701,23.709
,23.625,23.602,23.571,23.564,23.594,23.586,23.602,23.617,23.571,23.586,23.617,23.625,23.571,23.579,23.579,23.579,23.602,23.609,23.617,23.632,23.648,23.671,23.64,23.602,23.625,23.64,23.632,23.632,23.648,23.648,23.686,23.686,23.678,23.686,23.655,23.663,23.655,23.663,23.678,23.686,23.701,23.693,23.686,23.686,23.686,23.655,23.648,23.678,23.678,23.693,23.716,23.724,23.709,23.732,23.747,23.762,23.77,23.77,23.762,23.755,23.747,23.732,23.732,23.747,23.762,23.785,23.793,23.8,23.793,23.823,23.816,23.793,23.831,23.831,23.823,23.823,23.808,23.831,23.808,23.831,23.831,23.838,23.838,23.816,23.823,23.808,23.808,23.823,23.823,23.831,23.838,23.846,23.831,23.831,23.838,23.838,23.838,23.884,23.869,23.869,23.877,23.823,23.816,23.823,23.823,23.823,23.838,23.854,23.861,23.892,23.877,23.922,23.922,23.968,23.953,23.938,23.968,23.96,23.945,23.968,23.968,23.968,23.953,23.96,23.96,23.968,23.968,23.953,23.96,23.953,23.983,23.976,23.983,23.983,24.006,23.998,23.998,23.998,23.991,24.014,24.029,24.029,24.044,24.029,24.029,24.037,24.044,24.037,24.037,24.052,24.059,24.067,24.075,24.059,24.067,24.097,24.097,24.128,24.12,24.135,24.12,24.135,24.143,24.166,24.158,24.166,24.173,24.173,24.196,24.196,24.227,24.219,24.204,24.204,24.219,24.227,24.219,24.219,24.242,24.249,24.257,24.265,24.242,24.249,24.242,24.249,24.249,24.265,24.272,24.272,24.28,24.287,24.303,24.318,24.318,24.318,24.318,24.325,24.333,24.348,24.371,24.363,24.363,24.394,24.424,24.409,24.409,24.424,24.447,24.462,24.47,24.492,24.477,24.492,24.507,24.507,24.5,24.523,24.53,24.545,24.56,24.553,24.568,24.576,24.591,24.613,24.621,24.644,24.651,24.644,24.682,24.689,24.719,24.742,24.78,24.78,24.795,24.818,24.84,24.833,24.871,24.878,24.886,24.923,24.946,24.961,24.984,25.006,25.029,25.089,25.142,25.172,25.195,25.225,25.232,25.277,25.277,25.33,25.36,25.42,25.488,25.525,25.555,25.608,25.66,25.765,25.825,25.818,26.072,26.615,28.082,31.887,33.438,34.209,34.624,34.645,34.996,35.215,35.311,35.387,35.503,35.688,35.886,36.056,36.097,36.151,36.199,36.246,36.26,36.28,36.294,36.287,36.253,36.328,36.267,36.267,36.253,36.212,36.199,36.185,36.151,36.185,36.226,36.274,36.301,36.335,36.341,36.321,36.321,36.274,36.24,36.212,36.185,36.151,36.117,36.097,36.056,36.008,35.995,35.974,35.981,35.967,35.981,35.995,35.995,36.008,36.015,36.001,36.015,36.008,36.015,36.015,36.015,36.022,36.035,36.069,36.076,36.076,36.083,36.097,36.144,36.185,36.199,36.219,36.246,36.287,36.287,36.253,36.267,36.212,36.199,36.178,36.144,36.11,36.097,36.076,36.042,35.995,35.988,35.94,35.926,35.913,35.913,35.94,35.967,36.022,36.063,36.117,36.131,36.151,36.165,36.165,36.151,36.11,36.069,36.029,35.947,35.865,35.681,35.558,35.503,35.482,35.448,35.421,35.421,35.407,35.393,35.352,35.352,35.339,35.27,35.195,35.154,35.085,34.968,34.886,34.769,34.727,34.486,34.327,34.189,33.626,32.536,29.269,26.919,25.915,25.78,25.615,25.585,25.458,25.435,25.36,25.315,25.285,25.225,25.18,25.112,25.097,25.067,25.044,25.052,25.044,24.991,24.946,24.886,24.886,24.848,24.825,24.795,24.735,24.704,24.674,24.644,24.613,24.583,24.553,24.553,24.53,24.515,24.477,24.47,24.462,24.447,24.447,24.439,24.447,24.432,24.424,24.394,24.394,24.379,24.371,24.363,24.356,24.333,24.348,24.333,24.318,24.325,24.318,24.287,24.295,24.28,24.287,24.295,24.265,24.257,24.242,24.234,24.219,24.234,24.242,24.257,24.257,24.234,24.219,24.196,24.189,24.166,24.181,24.189,24.196,24.196,24.189,24.196,24.181,24.173,24.158,24.143,24.12,24.12,24.097,24.075,24.075,24.075,24.09,24.082,24.082,24.09,24.09,24.075,24.059,24.037,24.029,24.029,24.037,24.044,24.021,24.037,24.037,24.021,24.006,23.991,23.983,24.021,24.029,24.052,24.021,24.006,24.006,23.991,23.991,24.021,24.021,24.014,23.991,23.945,23.938,23.922,23.945,23.945,23.96,23.945,23.945,23.938,23.938,23.945,23.945,23.953,23.96,23.953,23.96,23.953,23.93,23.915,23.899,23.899,23.892,23.892,23.899,23.884,23.907,23.899,23.877,23.861,23.854,23.846,23.846,23.869,23.861,23.877,23.884,23.892,23.884,23.846,23.808,23.816,23.816,23.869,23.854,23.8,23.823,23.8,23.785,23.816,23.831,23.846,23.816,23.785,23.793,23.785,23.793,23.785,23.777,23.762,23.762,23.762,23.762,23.762,23.747,23.755,23.739,23.747,23.755,23.755,23.762,23.739,23.739,23.755,23.716,23.709,23.716,23.701,23.663,23.724,23.693,23.716,23.709,23.709,23.724,23.724,23.709,23.716,23.709,23.716,23.716,23.701,23.701,23.701,23.709,23.686,23.701,23.686,23.678,23.678,23.678,23.678,23.701,23.709,23.655,23.701,23.693,23.671,23.709,23.678,23.709,23.693,23.693,23.701,23.724
,23.602,23.586,23.579,23.571,23.586,23.586,23.602,23.602,23.586,23.609,23.586,23.586,23.548,23.548,23.571,23.586,23.586,23.602,23.609,23.609,23.64,23.609,23.671,23.671,23.625,23.64,23.632,23.632,23.663,23.663,23.655,23.678,23.663,23.671,23.671,23.663,23.663,23.648,23.686,23.693,23.686,23.693,23.693,23.686,23.678,23.671,23.648,23.678,23.678,23.686,23.709,23.724,23.732,23.739,23.747,23.777,23.777,23.777,23.762,23.747,23.739,23.716,23.716,23.739,23.762,23.785,23.785,23.808,23.808,23.8,23.808,23.808,23.816,23.823,23.823,23.793,23.8,23.8,23.823,23.838,23.823,23.846,23.838,23.823,23.823,23.823,23.8,23.816,23.816,23.823,23.831,23.838,23.831,23.838,23.846,23.831,23.838,23.877,23.861,23.838,23.861,23.838,23.846,23.838,23.838,23.838,23.846,23.846,23.854,23.869,23.884,23.877,23.884,23.892,23.899,23.93,23.945,23.93,23.922,23.945,23.945,23.938,23.968,23.945,23.945,23.953,23.953,23.953,23.945,23.976,23.96,23.968,23.983,23.991,23.991,23.983,23.976,23.976,23.998,24.006,24.006,24.021,24.021,24.021,24.029,24.044,24.037,24.044,24.052,24.059,24.044,24.052,24.052,24.052,24.067,24.082,24.113,24.113,24.113,24.128,24.113,24.143,24.158,24.143,24.158,24.158,24.166,24.173,24.211,24.211,24.211,24.189,24.196,24.204,24.211,24.227,24.219,24.227,24.242,24.242,24.257,24.249,24.234,24.242,24.242,24.257,24.265,24.265,24.287,24.28,24.295,24.31,24.318,24.303,24.31,24.325,24.325,24.341,24.348,24.356,24.371,24.363,24.416,24.409,24.409,24.416,24.424,24.432,24.447,24.462,24.462,24.47,24.485,24.492,24.485,24.5,24.507,24.5,24.538,24.53,24.553,24.56,24.56,24.576,24.576,24.613,24.613,24.629,24.659,24.644,24.682,24.689,24.719,24.727,24.757,24.772,24.787,24.81,24.81,24.833,24.855,24.878,24.893,24.916,24.946,24.969,24.999,25.006,25.044,25.067,25.127,25.165,25.195,25.217,25.247,25.255,25.292,25.353,25.375,25.428,25.465,25.518,25.578,25.615,25.645,25.743,25.795,25.945,26.094,26.637,28.148,32,33.445,34.223,34.569,34.817,35.112,35.14,35.318,35.441,35.565,35.694,35.954,36.056,36.11,36.158,36.233,36.253,36.267,36.294,36.307,36.314,36.328,36.294,36.307,36.294,36.294,36.267,36.24,36.233,36.192,36.212,36.246,36.28,36.301,36.328,36.341,36.341,36.307,36.294,36.24,36.219,36.185,36.172,36.131,36.097,36.049,36.029,35.981,35.981,35.967,35.954,35.954,35.967,35.974,35.988,35.995,35.995,36.001,36.015,36.001,36.015,36.015,36.029,36.049,36.076,36.069,36.104,36.09,36.104,36.199,36.199,36.206,36.267,36.287,36.294,36.28,36.26,36.253,36.206,36.212,36.144,36.138,36.11,36.09,36.076,36.022,36.008,35.96,35.906,35.879,35.906,35.906,35.92,35.954,36.008,36.056,36.083,36.124,36.138,36.165,36.158,36.151,36.124,36.069,36.001,35.947,35.783,35.674,35.599,35.517,35.489,35.489,35.441,35.435,35.448,35.373,35.435,35.318,35.346,35.304,35.188,35.188,35.078,34.913,34.865,34.748,34.727,34.603,34.375,34.237,33.682,32.641,29.537,27.037,26.049,25.773,25.668,25.578,25.48,25.383,25.368,25.315,25.27,25.255,25.165,25.119,25.074,25.067,25.029,25.029,25.029,24.976,24.976,24.878,24.878,24.84,24.833,24.787,24.75,24.689,24.682,24.644,24.621,24.583,24.576,24.545,24.53,24.523,24.523,24.447,24.447,24.454,24.432,24.447,24.447,24.439,24.432,24.416,24.401,24.386,24.386,24.348,24.341,24.348,24.356,24.325,24.325,24.318,24.31,24.303,24.31,24.287,24.295,24.287,24.257,24.257,24.242,24.234,24.227,24.249,24.242,24.257,24.249,24.249,24.242,24.211,24.204,24.181,24.173,24.181,24.204,24.211,24.211,24.196,24.189,24.143,24.143,24.158,24.128,24.12,24.113,24.075,24.12,24.082,24.075,24.067,24.075,24.09,24.075,24.067,24.067,24.052,24.044,24.029,24.037,24.037,24.044,24.052,24.044,24.014,24.006,24.006,24.006,24.014,24.006,24.021,24.014,24.006,24.014,24.006,24.029,24.037,24.021,24.014,23.991,23.96,23.945,23.945,23.93,23.945,23.93,23.96,23.953,23.945,23.938,23.938,23.953,23.96,23.968,23.968,23.953,23.945,23.922,23.915,23.915,23.884,23.899,23.892,23.884,23.907,23.899,23.899,23.892,23.854,23.854,23.846,23.861,23.861,23.869,23.884,23.892,23.899,23.869,23.861,23.793,23.785,23.854,23.831,23.838,23.846,23.808,23.808,23.816,23.838,23.838,23.808,23.808,23.793,23.785,23.8,23.777,23.777,23.762,23.755,23.755,23.755,23.732,23.747,23.747,23.739,23.739,23.732,23.747,23.739,23.747,23.747,23.732,23.724,23.732,23.724,23.716,23.686,23.693,23.732,23.716,23.701,23.747,23.732,23.716,23.701,23.701,23.701,23.701,23.701,23.709,23.709,23.716,23.709,23.701,23.693,23.693,23.686,23.678,23.686,23.701,23.716,23.701,23.693,23.693,23.671,23.686,23.709,23.739,23.739,23.686,23.762,23.686,23.686,23.678
,23.495,23.571,23.564,23.571,23.586,23.556,23.586,23.571,23.594,23.625,23.579,23.548,23.556,23.518,23.571,23.556,23.571,23.602,23.617,23.609,23.625,23.625,23.609,23.655,23.617,23.648,23.648,23.648,23.632,23.625,23.625,23.655,23.655,23.648,23.678,23.678,23.648,23.655,23.671,23.678,23.693,23.678,23.686,23.678,23.671,23.663,23.671,23.671,23.671,23.686,23.709,23.693,23.724,23.739,23.755,23.762,23.777,23.77,23.762,23.77,23.739,23.739,23.732,23.762,23.755,23.785,23.793,23.808,23.793,23.808,23.8,23.808,23.8,23.8,23.8,23.808,23.8,23.793,23.816,23.838,23.823,23.846,23.823,23.816,23.816,23.8,23.808,23.808,23.816,23.823,23.816,23.838,23.831,23.831,23.831,23.838,23.861,23.877,23.838,23.861,23.854,23.854,23.846,23.8,23.831,23.846,23.846,23.861,23.861,23.869,23.892,23.877,23.884,23.907,23.899,23.922,23.93,23.93,23.953,23.93,23.976,23.968,23.938,23.953,23.953,23.945,23.953,23.945,23.953,23.953,23.945,23.968,23.96,23.983,23.991,23.983,23.983,23.968,23.991,24.006,24.014,24.006,24.014,24.021,24.021,24.037,24.044,24.059,24.052,24.052,24.059,24.052,24.052,24.052,24.075,24.097,24.097,24.113,24.128,24.105,24.135,24.12,24.135,24.189,24.151,24.151,24.173,24.189,24.196,24.204,24.227,24.204,24.189,24.204,24.189,24.204,24.219,24.234,24.242,24.234,24.242,24.242,24.242,24.234,24.234,24.242,24.249,24.257,24.28,24.295,24.272,24.318,24.325,24.295,24.303,24.303,24.295,24.333,24.341,24.341,24.363,24.386,24.379,24.409,24.401,24.432,24.477,24.416,24.462,24.439,24.432,24.454,24.485,24.485,24.485,24.507,24.507,24.515,24.538,24.553,24.56,24.576,24.576,24.568,24.583,24.591,24.613,24.621,24.636,24.674,24.689,24.719,24.735,24.735,24.75,24.757,24.765,24.795,24.81,24.825,24.848,24.886,24.886,24.908,24.946,24.969,24.999,25.021,25.036,25.082,25.097,25.157,25.18,25.217,25.24,25.262,25.315,25.345,25.383,25.435,25.465,25.54,25.548,25.585,25.698,25.78,25.862,25.967,26.019,26.852,28.287,32.085,33.48,34.209,34.638,34.927,34.941,35.236,35.332,35.448,35.626,35.845,35.94,36.042,36.097,36.138,36.226,36.233,36.274,36.28,36.314,36.321,36.335,36.335,36.328,36.321,36.301,36.28,36.246,36.199,36.185,36.192,36.212,36.274,36.294,36.321,36.328,36.321,36.335,36.307,36.26,36.226,36.206,36.185,36.138,36.09,36.063,36.015,35.981,35.96,35.947,35.933,35.926,35.94,35.96,35.974,35.988,35.988,36.001,36.001,36.001,36.008,36.008,36.029,36.049,36.063,36.097,36.11,36.158,36.192,36.226,36.24,36.253,36.274,36.274,36.301,36.267,36.26,36.246,36.219,36.185,36.151,36.117,36.117,36.076,36.063,36.022,35.967,35.954,35.906,35.886,35.872,35.886,35.899,35.926,36.001,36.042,36.097,36.117,36.138,36.158,36.158,36.151,36.117,36.069,35.967,35.933,35.735,35.626,35.592,35.551,35.51,35.482,35.435,35.441,35.455,35.462,35.4,35.373,35.332,35.332,35.222,35.181,35.16,34.927,34.913,34.748,34.707,34.562,34.341,34.299,33.599,32.599,29.32,27.104,26.243,25.758,25.63,25.585,25.48,25.405,25.36,25.323,25.3,25.24,25.202,25.149,25.104,25.097,25.044,25.036,24.999,24.961,24.916,24.908,24.878,24.848,24.825,24.81,24.75,24.704,24.682,24.636,24.613,24.591,24.568,24.56,24.53,24.515,24.47,24.47,24.462,24.47,24.462,24.47,24.462,24.447,24.439,24.424,24.416,24.401,24.409,24.394,24.371,24.348,24.341,24.356,24.325,24.325,24.31,24.318,24.31,24.295,24.295,24.272,24.265,24.257,24.242,24.242,24.227,24.227,24.227,24.257,24.234,24.234,24.219,24.204,24.204,24.204,24.189,24.196,24.211,24.219,24.219,24.211,24.196,24.196,24.158,24.151,24.143,24.135,24.12,24.12,24.135,24.12,24.082,24.082,24.082,24.082,24.082,24.09,24.052,24.082,24.044,24.037,24.044,24.052,24.037,24.044,24.044,24.029,24.029,24.021,24.037,24.021,23.991,24.014,23.991,24.006,24.021,24.014,24.029,24.021,24.029,24.014,23.998,23.991,23.968,23.945,23.96,23.953,23.945,23.953,23.96,23.945,23.938,23.953,23.945,23.953,23.953,23.953,23.953,23.93,23.93,23.915,23.915,23.907,23.869,23.877,23.884,23.884,23.884,23.892,23.877,23.884,23.861,23.884,23.869,23.884,23.907,23.899,23.899,23.892,23.854,23.884,23.838,23.8,23.838,23.823,23.831,23.831,23.831,23.816,23.816,23.831,23.808,23.793,23.793,23.793,23.793,23.777,23.785,23.77,23.762,23.755,23.747,23.739,23.732,23.739,23.739,23.747,23.762,23.762,23.739,23.747,23.747,23.732,23.732,23.716,23.732,23.716,23.701,23.724,23.732,23.716,23.755,23.716,23.739,23.709,23.709,23.709,23.693,23.693,23.686,23.724,23.716,23.709,23.724,23.701,23.693,23.709,23.701,23.701,23.709,23.701,23.701,23.724,23.709,23.709,23.686,23.663,23.686,23.693,23.732,23.747,23.732,23.701,23.686,23.671,23.686
,23.502,23.533,23.556,23.571,23.579,23.586,23.579,23.586,23.571,23.586,23.556,23.564,23.51,23.533,23.541,23.556,23.564,23.609,23.625,23.632,23.648,23.655,23.655,23.663,23.632,23.663,23.655,23.632,23.632,23.64,23.648,23.663,23.671,23.671,23.655,23.686,23.693,23.64,23.663,23.686,23.686,23.686,23.678,23.671,23.655,23.648,23.663,23.655,23.671,23.686,23.701,23.701,23.693,23.732,23.747,23.755,23.77,23.77,23.762,23.747,23.732,23.732,23.755,23.77,23.77,23.777,23.785,23.793,23.8,23.8,23.808,23.785,23.793,23.793,23.8,23.793,23.8,23.8,23.8,23.831,23.831,23.831,23.823,23.823,23.816,23.8,23.823,23.808,23.838,23.838,23.831,23.838,23.831,23.831,23.846,23.846,23.838,23.869,23.846,23.869,23.846,23.838,23.854,23.838,23.884,23.877,23.854,23.854,23.854,23.877,23.861,23.869,23.884,23.892,23.915,23.922,23.922,23.922,23.922,23.953,23.96,23.96,23.983,23.96,23.976,23.953,23.945,23.945,23.945,23.953,23.96,23.968,23.983,23.976,23.991,23.991,23.983,23.991,23.976,23.991,24.021,24.014,24.014,24.006,24.021,24.029,24.044,24.052,24.052,24.052,24.059,24.037,24.044,24.059,24.09,24.09,24.082,24.128,24.12,24.12,24.113,24.12,24.128,24.166,24.158,24.158,24.166,24.181,24.196,24.189,24.196,24.189,24.189,24.204,24.219,24.211,24.234,24.242,24.242,24.234,24.227,24.227,24.227,24.227,24.234,24.234,24.265,24.265,24.272,24.28,24.295,24.295,24.31,24.303,24.31,24.31,24.303,24.325,24.333,24.348,24.356,24.371,24.401,24.447,24.454,24.439,24.447,24.462,24.432,24.439,24.439,24.454,24.462,24.47,24.485,24.507,24.5,24.53,24.538,24.5,24.545,24.56,24.576,24.598,24.583,24.591,24.613,24.629,24.636,24.651,24.689,24.727,24.712,24.727,24.742,24.75,24.757,24.78,24.795,24.855,24.848,24.878,24.908,24.908,24.961,24.969,25.006,25.036,25.059,25.104,25.134,25.149,25.18,25.225,25.225,25.277,25.308,25.33,25.398,25.435,25.495,25.54,25.563,25.653,25.653,25.832,25.885,25.96,26.385,27.015,28.739,32.346,33.501,34.355,34.645,34.865,35.154,35.256,35.4,35.51,35.688,35.722,35.954,36.022,36.083,36.11,36.172,36.219,36.246,36.287,36.301,36.314,36.328,36.328,36.335,36.341,36.321,36.294,36.294,36.226,36.212,36.219,36.172,36.26,36.301,36.314,36.314,36.321,36.301,36.28,36.246,36.233,36.219,36.178,36.172,36.11,36.076,36.035,35.995,35.96,35.947,35.926,35.926,35.94,35.954,35.967,35.981,35.988,35.995,35.995,35.995,36.001,36.022,36.015,36.049,36.076,36.117,36.131,36.185,36.212,36.24,36.253,36.274,36.287,36.307,36.294,36.294,36.26,36.246,36.206,36.172,36.144,36.11,36.09,36.042,36.015,35.981,35.947,35.906,35.892,35.851,35.865,35.851,35.865,35.94,35.981,36.001,36.076,36.104,36.131,36.151,36.158,36.138,36.117,36.063,36.029,35.865,35.763,35.694,35.585,35.565,35.524,35.496,35.482,35.455,35.469,35.4,35.38,35.373,35.346,35.311,35.298,35.16,35.105,35.002,34.92,34.789,34.7,34.624,34.382,34.396,33.814,32.683,29.732,27.193,26.206,25.795,25.69,25.585,25.51,25.443,25.353,25.338,25.292,25.262,25.21,25.157,25.119,25.067,25.044,25.029,24.999,24.954,24.984,24.923,24.848,24.871,24.81,24.795,24.75,24.727,24.682,24.659,24.621,24.591,24.576,24.553,24.545,24.538,24.492,24.477,24.47,24.462,24.462,24.477,24.454,24.454,24.447,24.447,24.432,24.424,24.416,24.432,24.394,24.371,24.371,24.356,24.341,24.318,24.318,24.31,24.31,24.303,24.318,24.28,24.28,24.257,24.249,24.249,24.242,24.242,24.249,24.227,24.249,24.211,24.189,24.196,24.196,24.189,24.189,24.204,24.219,24.219,24.227,24.211,24.219,24.204,24.204,24.166,24.181,24.105,24.151,24.105,24.09,24.151,24.12,24.097,24.097,24.09,24.097,24.097,24.059,24.044,24.037,24.037,24.059,24.052,24.044,24.052,24.029,24.037,24.037,24.059,24.059,24.037,24.021,24.006,24.006,24.006,24.006,24.029,24.037,24.037,24.029,24.044,23.998,24.006,23.991,23.96,23.953,23.945,23.945,23.945,23.96,23.938,23.953,23.96,23.945,23.953,23.953,23.945,23.945,23.945,23.938,23.915,23.922,23.884,23.884,23.877,23.877,23.884,23.884,23.884,23.884,23.899,23.899,23.892,23.892,23.892,23.915,23.907,23.884,23.884,23.861,23.861,23.846,23.846,23.869,23.854,23.869,23.838,23.838,23.823,23.831,23.823,23.816,23.808,23.785,23.785,23.777,23.777,23.77,23.77,23.747,23.747,23.739,23.739,23.755,23.747,23.755,23.755,23.755,23.77,23.755,23.755,23.755,23.747,23.747,23.747,23.724,23.716,23.747,23.701,23.732,23.724,23.755,23.716,23.732,23.755,23.732,23.709,23.701,23.693,23.716,23.701,23.724,23.709,23.724,23.716,23.701,23.716,23.716,23.701,23.716,23.709,23.732,23.724,23.739,23.709,23.709,23.701,23.701,23.716,23.716,23.724,23.701,23.701,23.671,23.693,23.686
,23.533,23.556,23.564,23.556,23.579,23.533,23.571,23.571,23.579,23.571,23.579,23.556,23.541,23.525,23.571,23.556,23.594,23.594,23.586,23.648,23.632,23.648,23.648,23.648,23.663,23.655,23.64,23.655,23.671,23.64,23.648,23.678,23.648,23.701,23.671,23.671,23.64,23.655,23.671,23.663,23.671,23.671,23.655,23.648,23.655,23.648,23.655,23.686,23.663,23.693,23.693,23.701,23.716,23.724,23.739,23.762,23.762,23.77,23.77,23.747,23.747,23.747,23.762,23.777,23.747,23.77,23.77,23.793,23.8,23.8,23.793,23.785,23.793,23.785,23.785,23.793,23.8,23.8,23.808,23.808,23.823,23.823,23.823,23.823,23.816,23.816,23.823,23.838,23.846,23.838,23.846,23.846,23.846,23.846,23.854,23.854,23.854,23.861,23.861,23.823,23.846,23.838,23.884,23.869,23.892,23.869,23.861,23.869,23.861,23.854,23.854,23.861,23.884,23.899,23.907,23.915,23.922,23.938,23.915,23.93,23.96,23.96,23.93,23.938,23.953,23.938,23.93,23.953,23.945,23.945,23.953,23.96,23.968,23.976,23.983,23.976,23.983,23.983,23.991,24.014,24.014,24.021,24.029,24.029,24.021,24.044,24.052,24.052,24.052,24.052,24.044,24.052,24.037,24.059,24.067,24.097,24.12,24.113,24.105,24.12,24.135,24.12,24.135,24.12,24.158,24.151,24.181,24.181,24.181,24.196,24.196,24.181,24.189,24.204,24.211,24.211,24.234,24.242,24.234,24.234,24.234,24.219,24.211,24.227,24.219,24.234,24.242,24.257,24.28,24.265,24.287,24.295,24.325,24.303,24.303,24.31,24.318,24.325,24.348,24.348,24.363,24.379,24.401,24.432,24.424,24.454,24.432,24.439,24.439,24.439,24.432,24.432,24.454,24.462,24.477,24.5,24.507,24.5,24.5,24.523,24.538,24.553,24.568,24.583,24.591,24.591,24.606,24.629,24.644,24.651,24.666,24.697,24.704,24.712,24.719,24.735,24.75,24.757,24.787,24.825,24.855,24.848,24.886,24.938,24.923,24.991,24.991,25.014,25.067,25.089,25.127,25.149,25.18,25.202,25.232,25.285,25.323,25.353,25.405,25.458,25.473,25.578,25.563,25.668,25.683,25.907,25.945,26.265,27.148,28.28,29.262,32.416,33.529,34.368,34.617,34.913,35.099,35.208,35.441,35.551,35.667,35.756,35.926,36.029,36.022,36.104,36.124,36.199,36.212,36.274,36.267,36.294,36.321,36.321,36.328,36.335,36.335,36.335,36.287,36.24,36.233,36.219,36.206,36.233,36.26,36.294,36.307,36.301,36.294,36.267,36.246,36.233,36.206,36.226,36.151,36.104,36.042,36.035,36.001,35.967,35.954,35.906,35.913,35.926,35.947,35.96,35.974,35.988,35.988,36.001,36.008,35.995,36.008,36.001,36.022,36.069,36.131,36.185,36.199,36.233,36.253,36.274,36.274,36.321,36.307,36.28,36.274,36.274,36.233,36.212,36.158,36.131,36.11,36.097,36.049,36.008,35.96,35.926,35.906,35.879,35.838,35.845,35.851,35.851,35.892,35.92,35.96,36.049,36.083,36.117,36.131,36.138,36.124,36.11,36.063,35.947,35.831,35.749,35.626,35.599,35.565,35.53,35.503,35.496,35.455,35.476,35.448,35.435,35.352,35.325,35.304,35.229,35.188,35.057,35.037,34.961,34.741,34.679,34.569,34.479,34.41,33.779,33.019,29.753,27.2,26.318,25.84,25.668,25.593,25.533,25.443,25.353,25.345,25.292,25.262,25.217,25.195,25.119,25.074,25.067,25.021,24.991,24.969,24.931,24.901,24.886,24.855,24.803,24.803,24.742,24.719,24.704,24.666,24.636,24.598,24.598,24.56,24.538,24.515,24.492,24.485,24.47,24.47,24.477,24.477,24.477,24.477,24.462,24.447,24.432,24.416,24.416,24.409,24.386,24.371,24.363,24.356,24.325,24.325,24.318,24.325,24.295,24.318,24.295,24.28,24.28,24.265,24.257,24.249,24.249,24.249,24.242,24.257,24.265,24.219,24.265,24.211,24.211,24.204,24.204,24.219,24.211,24.227,24.219,24.219,24.211,24.211,24.181,24.196,24.166,24.12,24.113,24.12,24.097,24.135,24.128,24.113,24.113,24.105,24.105,24.097,24.067,24.059,24.052,24.052,24.059,24.044,24.052,24.037,24.044,24.059,24.037,24.052,24.021,24.037,24.014,23.991,23.991,24.014,24.021,24.037,24.037,24.044,24.029,24.006,24.006,24.021,23.991,23.968,23.968,23.945,23.945,23.945,23.953,23.945,23.953,23.953,23.96,23.96,23.953,23.938,23.938,23.938,23.938,23.93,23.915,23.907,23.892,23.846,23.869,23.884,23.892,23.884,23.884,23.884,23.892,23.899,23.899,23.907,23.907,23.899,23.892,23.869,23.869,23.846,23.816,23.877,23.869,23.869,23.846,23.846,23.846,23.838,23.831,23.823,23.808,23.8,23.793,23.777,23.785,23.8,23.77,23.747,23.747,23.755,23.747,23.755,23.762,23.762,23.77,23.816,23.777,23.777,23.762,23.777,23.755,23.739,23.724,23.716,23.724,23.732,23.709,23.732,23.747,23.732,23.747,23.739,23.755,23.739,23.724,23.724,23.716,23.701,23.663,23.701,23.724,23.701,23.709,23.709,23.716,23.724,23.716,23.709,23.716,23.724,23.716,23.755,23.709,23.701,23.716,23.686,23.686,23.724,23.724,23.755,23.732,23.709,23.686,23.678,23.686
,23.586,23.564,23.556,23.564,23.556,23.571,23.556,23.579,23.579,23.586,23.571,23.579,23.579,23.564,23.571,23.579,23.571,23.602,23.632,23.617,23.648,23.648,23.648,23.648,23.64,23.64,23.648,23.64,23.632,23.632,23.648,23.663,23.671,23.686,23.678,23.671,23.617,23.678,23.663,23.671,23.671,23.663,23.655,23.648,23.655,23.655,23.671,23.678,23.701,23.693,23.716,23.709,23.739,23.739,23.732,23.747,23.755,23.747,23.747,23.747,23.77,23.739,23.732,23.747,23.762,23.777,23.777,23.793,23.8,23.793,23.793,23.777,23.777,23.785,23.8,23.8,23.808,23.808,23.808,23.8,23.816,23.816,23.823,23.823,23.816,23.816,23.808,23.831,23.854,23.838,23.838,23.838,23.838,23.846,23.861,23.854,23.861,23.854,23.838,23.869,23.816,23.861,23.854,23.877,23.884,23.877,23.892,23.877,23.854,23.854,23.854,23.877,23.899,23.907,23.922,23.93,23.93,23.93,23.93,23.922,23.945,23.938,23.953,23.96,23.96,23.968,23.968,23.96,23.953,23.945,23.945,23.96,23.968,23.991,23.991,23.991,23.991,24.014,24.014,24.006,24.021,24.029,24.021,24.021,24.037,24.021,24.044,24.067,24.067,24.067,24.067,24.075,24.067,24.09,24.09,24.105,24.105,24.113,24.113,24.113,24.105,24.12,24.09,24.12,24.158,24.166,24.173,24.189,24.196,24.173,24.189,24.173,24.181,24.189,24.211,24.219,24.227,24.219,24.227,24.227,24.227,24.211,24.219,24.227,24.211,24.227,24.234,24.257,24.265,24.249,24.272,24.28,24.287,24.31,24.303,24.303,24.31,24.325,24.333,24.341,24.356,24.371,24.394,24.416,24.454,24.432,24.447,24.439,24.424,24.432,24.424,24.447,24.447,24.477,24.47,24.492,24.523,24.5,24.5,24.515,24.545,24.568,24.576,24.583,24.583,24.598,24.606,24.629,24.636,24.659,24.674,24.666,24.689,24.704,24.727,24.727,24.75,24.772,24.78,24.818,24.855,24.863,24.863,24.908,24.961,24.991,25.014,25.052,25.044,25.104,25.119,25.149,25.187,25.217,25.255,25.277,25.345,25.36,25.39,25.435,25.525,25.585,25.608,25.735,25.84,26.101,26.763,27.443,28.28,28.688,30.178,32.704,33.835,34.265,34.624,34.892,35.085,35.469,35.53,35.612,35.729,35.776,35.926,35.974,36.056,36.083,36.131,36.158,36.178,36.26,36.274,36.28,36.307,36.341,36.348,36.341,36.328,36.321,36.28,36.253,36.24,36.226,36.226,36.233,36.26,36.274,36.28,36.307,36.287,36.26,36.253,36.226,36.24,36.212,36.233,36.097,36.056,36.022,35.988,35.967,35.926,35.913,35.92,35.92,35.94,35.967,35.974,35.988,35.981,35.995,35.995,35.981,35.995,35.988,36.029,36.069,36.138,36.165,36.212,36.24,36.267,36.294,36.294,36.301,36.294,36.307,36.294,36.287,36.206,36.178,36.158,36.131,36.104,36.069,36.008,35.988,35.947,35.913,35.892,35.858,35.831,35.81,35.824,35.831,35.865,35.899,35.906,36.001,36.069,36.09,36.097,36.117,36.117,36.097,36.056,35.926,35.858,35.735,35.626,35.599,35.592,35.524,35.51,35.482,35.476,35.455,35.435,35.373,35.373,35.346,35.304,35.236,35.154,35.092,35.044,34.913,34.782,34.727,34.61,34.589,34.14,33.863,33.124,29.991,27.355,26.288,25.818,25.675,25.615,25.54,25.473,25.405,25.36,25.315,25.285,25.255,25.18,25.142,25.112,25.074,25.014,24.991,24.976,24.954,24.923,24.901,24.855,24.825,24.795,24.78,24.727,24.712,24.704,24.659,24.598,24.583,24.545,24.568,24.515,24.507,24.5,24.477,24.485,24.485,24.47,24.477,24.454,24.447,24.439,24.424,24.416,24.424,24.416,24.401,24.409,24.379,24.356,24.348,24.333,24.318,24.318,24.318,24.318,24.31,24.28,24.287,24.28,24.265,24.265,24.257,24.265,24.272,24.318,24.242,24.242,24.227,24.196,24.204,24.204,24.196,24.219,24.211,24.227,24.227,24.219,24.219,24.227,24.219,24.158,24.143,24.113,24.105,24.105,24.082,24.12,24.143,24.135,24.12,24.113,24.097,24.105,24.097,24.097,24.067,24.075,24.059,24.044,24.044,24.044,24.029,24.044,24.037,24.044,24.037,24.052,24.021,23.998,23.998,23.991,24.014,24.044,24.037,24.014,24.006,24.021,23.991,24.021,24.021,23.991,23.968,23.96,23.922,23.945,23.96,23.953,23.976,23.945,23.938,23.938,23.938,23.93,23.938,23.938,23.93,23.93,23.907,23.899,23.899,23.877,23.861,23.884,23.899,23.899,23.899,23.899,23.892,23.892,23.907,23.907,23.899,23.899,23.869,23.869,23.869,23.854,23.861,23.846,23.892,23.892,23.884,23.854,23.846,23.838,23.831,23.816,23.793,23.8,23.793,23.785,23.808,23.755,23.77,23.755,23.77,23.755,23.77,23.762,23.77,23.762,23.762,23.816,23.823,23.762,23.77,23.755,23.739,23.755,23.732,23.732,23.716,23.732,23.724,23.724,23.755,23.732,23.77,23.732,23.716,23.732,23.716,23.739,23.732,23.739,23.716,23.716,23.724,23.693,23.724,23.739,23.716,23.716,23.716,23.716,23.709,23.716,23.709,23.724,23.701,23.701,23.724,23.693,23.701,23.716,23.739,23.739,23.747,23.739,23.693,23.686,23.686
,23.571,23.571,23.586,23.571,23.579,23.586,23.571,23.594,23.586,23.579,23.579,23.579,23.564,23.579,23.564,23.609,23.586,23.602,23.579,23.625,23.663,23.663,23.64,23.648,23.64,23.632,23.64,23.64,23.64,23.64,23.663,23.648,23.663,23.663,23.648,23.648,23.678,23.655,23.678,23.671,23.663,23.663,23.663,23.663,23.655,23.663,23.693,23.686,23.686,23.709,23.701,23.716,23.716,23.739,23.716,23.747,23.739,23.739,23.762,23.739,23.739,23.755,23.732,23.762,23.732,23.762,23.77,23.785,23.793,23.785,23.785,23.777,23.793,23.785,23.793,23.808,23.808,23.808,23.8,23.808,23.808,23.823,23.823,23.823,23.823,23.816,23.854,23.861,23.846,23.846,23.838,23.838,23.846,23.846,23.854,23.854,23.838,23.846,23.838,23.838,23.861,23.854,23.877,23.884,23.877,23.884,23.884,23.884,23.869,23.869,23.877,23.899,23.915,23.915,23.915,23.922,23.915,23.915,23.938,23.93,23.953,23.93,23.945,23.953,23.96,23.96,23.96,23.96,23.953,23.945,23.945,23.93,23.983,23.968,23.976,23.991,23.968,23.983,24.006,24.006,24.014,24.037,24.037,24.029,24.044,24.044,24.059,24.067,24.082,24.067,24.067,24.075,24.075,24.075,24.097,24.097,24.12,24.12,24.12,24.12,24.113,24.113,24.12,24.128,24.158,24.158,24.181,24.181,24.181,24.189,24.158,24.173,24.181,24.189,24.204,24.219,24.211,24.219,24.234,24.219,24.219,24.219,24.227,24.211,24.211,24.227,24.234,24.234,24.272,24.257,24.272,24.295,24.295,24.31,24.295,24.303,24.325,24.333,24.348,24.356,24.356,24.371,24.386,24.409,24.424,24.432,24.439,24.432,24.439,24.439,24.439,24.439,24.447,24.454,24.47,24.492,24.5,24.492,24.5,24.515,24.545,24.553,24.568,24.583,24.591,24.606,24.606,24.613,24.606,24.651,24.651,24.666,24.674,24.674,24.727,24.735,24.75,24.787,24.81,24.818,24.833,24.863,24.893,24.931,24.969,24.976,24.999,25.029,25.052,25.082,25.112,25.142,25.18,25.217,25.292,25.33,25.353,25.383,25.443,25.458,25.533,25.653,25.683,25.967,26.556,27.348,27.627,28.177,28.674,29.095,30.4,32.851,33.877,34.596,34.665,34.941,35.174,35.215,35.571,35.647,35.729,35.824,35.892,35.967,36.049,36.09,36.117,36.151,36.192,36.219,36.28,36.301,36.307,36.335,36.341,36.335,36.328,36.314,36.294,36.274,36.26,36.246,36.233,36.246,36.246,36.26,36.287,36.267,36.253,36.24,36.233,36.212,36.206,36.219,36.138,36.117,36.09,36.035,36.001,35.974,35.94,35.926,35.926,35.926,35.954,35.974,35.981,35.988,36.001,36.001,35.995,35.981,36.001,35.995,36.035,36.097,36.117,36.172,36.212,36.233,36.274,36.294,36.301,36.307,36.301,36.28,36.274,36.246,36.219,36.158,36.158,36.138,36.09,36.049,36.008,35.96,35.947,35.906,35.892,35.845,35.81,35.804,35.797,35.81,35.838,35.851,35.899,35.995,36.022,36.069,36.097,36.069,36.076,36.069,36.015,35.995,35.804,35.715,35.694,35.653,35.64,35.544,35.524,35.476,35.462,35.448,35.421,35.38,35.38,35.339,35.284,35.27,35.195,35.112,35.044,34.968,34.858,34.782,34.665,34.589,34.472,34.071,33.376,30.615,27.465,26.422,25.84,25.735,25.6,25.548,25.45,25.405,25.368,25.308,25.27,25.247,25.157,25.119,25.104,25.059,25.044,24.999,24.991,24.938,24.901,24.893,24.855,24.825,24.795,24.765,24.742,24.727,24.682,24.651,24.598,24.576,24.553,24.583,24.545,24.507,24.492,24.485,24.492,24.492,24.477,24.47,24.454,24.447,24.439,24.424,24.409,24.447,24.409,24.409,24.394,24.386,24.371,24.371,24.341,24.325,24.325,24.318,24.333,24.318,24.318,24.318,24.287,24.28,24.28,24.272,24.272,24.287,24.28,24.265,24.265,24.234,24.227,24.219,24.211,24.204,24.219,24.204,24.219,24.204,24.196,24.219,24.211,24.219,24.189,24.151,24.143,24.128,24.128,24.135,24.113,24.135,24.12,24.12,24.128,24.12,24.113,24.105,24.09,24.075,24.067,24.059,24.052,24.052,24.044,24.044,24.037,24.037,24.052,24.052,24.037,24.044,24.029,24.021,24.029,24.006,24.029,24.021,24.029,24.029,24.037,24.006,24.021,24.006,23.968,23.968,23.953,23.938,23.968,23.96,23.96,23.983,23.976,23.968,23.945,23.938,23.938,23.938,23.938,23.93,23.93,23.93,23.938,23.907,23.907,23.915,23.907,23.915,23.915,23.907,23.892,23.884,23.884,23.884,23.884,23.884,23.877,23.877,23.838,23.861,23.838,23.846,23.861,23.884,23.892,23.877,23.854,23.831,23.831,23.831,23.831,23.816,23.808,23.831,23.816,23.755,23.762,23.762,23.762,23.739,23.777,23.77,23.777,23.793,23.777,23.793,23.785,23.777,23.777,23.77,23.762,23.762,23.755,23.739,23.724,23.709,23.716,23.755,23.709,23.739,23.739,23.77,23.755,23.755,23.785,23.732,23.747,23.724,23.739,23.739,23.724,23.693,23.709,23.701,23.724,23.724,23.724,23.701,23.701,23.709,23.693,23.716,23.732,23.709,23.709,23.716,23.709,23.732,23.747,23.724,23.755,23.709,23.732,23.716,23.686,23.678
,23.602,23.571,23.579,23.586,23.579,23.571,23.586,23.571,23.571,23.579,23.579,23.564,23.571,23.571,23.579,23.609,23.594,23.579,23.625,23.609,23.617,23.663,23.609,23.625,23.617,23.617,23.625,23.617,23.632,23.648,23.648,23.64,23.648,23.663,23.617,23.655,23.625,23.632,23.663,23.663,23.671,23.671,23.655,23.663,23.648,23.686,23.701,23.686,23.716,23.724,23.709,23.724,23.732,23.739,23.724,23.732,23.747,23.747,23.747,23.724,23.724,23.747,23.732,23.747,23.762,23.747,23.777,23.777,23.777,23.777,23.77,23.762,23.762,23.77,23.793,23.8,23.808,23.808,23.8,23.808,23.77,23.808,23.831,23.816,23.823,23.823,23.816,23.854,23.808,23.831,23.831,23.838,23.838,23.846,23.877,23.854,23.854,23.861,23.861,23.838,23.846,23.877,23.877,23.861,23.884,23.854,23.869,23.869,23.884,23.884,23.877,23.884,23.907,23.907,23.915,23.907,23.915,23.922,23.922,23.93,23.915,23.922,23.93,23.953,23.945,23.938,23.968,23.968,23.938,23.945,23.945,23.938,23.945,23.96,23.96,23.953,23.976,23.983,23.983,24.006,24.021,24.014,24.029,24.059,24.059,24.067,24.059,24.075,24.082,24.082,24.09,24.067,24.059,24.082,24.082,24.097,24.105,24.12,24.12,24.128,24.097,24.12,24.128,24.135,24.143,24.173,24.181,24.181,24.173,24.166,24.158,24.158,24.196,24.189,24.196,24.204,24.211,24.219,24.219,24.227,24.227,24.211,24.227,24.211,24.189,24.219,24.227,24.242,24.272,24.295,24.272,24.31,24.28,24.295,24.295,24.295,24.303,24.333,24.341,24.356,24.371,24.363,24.379,24.401,24.409,24.424,24.432,24.424,24.439,24.432,24.439,24.447,24.447,24.462,24.485,24.492,24.492,24.5,24.507,24.515,24.538,24.553,24.568,24.576,24.591,24.598,24.613,24.613,24.606,24.651,24.666,24.674,24.666,24.674,24.666,24.765,24.757,24.772,24.795,24.825,24.825,24.871,24.855,24.893,24.923,24.961,25.006,25.029,25.029,25.112,25.112,25.157,25.18,25.255,25.292,25.323,25.383,25.428,25.473,25.488,25.578,25.675,26.191,26.763,27.465,27.708,28.302,28.615,28.848,29.284,30.586,32.795,33.904,34.555,34.996,35.023,35.133,35.243,35.619,35.633,35.729,35.906,35.933,36.029,36.035,36.069,36.11,36.144,36.178,36.206,36.253,36.274,36.307,36.314,36.321,36.321,36.314,36.314,36.307,36.294,36.28,36.253,36.253,36.253,36.246,36.246,36.267,36.246,36.246,36.226,36.219,36.206,36.199,36.192,36.158,36.144,36.076,36.022,36.001,35.974,35.94,35.926,35.913,35.94,35.96,35.974,35.988,35.995,36.001,35.988,35.974,35.967,35.988,36.008,36.049,36.11,36.144,36.178,36.192,36.226,36.233,36.28,36.301,36.301,36.294,36.287,36.28,36.219,36.246,36.178,36.144,36.104,36.083,36.029,36.001,35.954,35.926,35.899,35.851,35.817,35.804,35.797,35.77,35.756,35.79,35.838,35.886,35.933,36.008,36.029,36.049,36.063,36.035,35.974,35.981,35.831,35.776,35.742,35.681,35.633,35.571,35.544,35.51,35.476,35.448,35.421,35.4,35.373,35.359,35.325,35.298,35.291,35.208,35.133,35.078,35.03,34.803,34.796,34.672,34.617,34.596,34.029,33.334,30.851,27.546,26.459,25.9,25.773,25.638,25.525,25.495,25.42,25.39,25.3,25.262,25.24,25.202,25.149,25.134,25.067,25.059,25.006,24.984,24.938,24.893,24.863,24.871,24.825,24.81,24.765,24.75,24.704,24.666,24.651,24.621,24.583,24.583,24.598,24.553,24.53,24.507,24.492,24.492,24.492,24.47,24.485,24.454,24.454,24.454,24.424,24.424,24.409,24.409,24.386,24.371,24.401,24.371,24.363,24.356,24.341,24.318,24.318,24.325,24.348,24.325,24.31,24.295,24.287,24.28,24.28,24.28,24.28,24.287,24.28,24.272,24.257,24.249,24.234,24.234,24.196,24.227,24.211,24.219,24.211,24.227,24.219,24.211,24.196,24.196,24.158,24.143,24.143,24.135,24.113,24.128,24.12,24.135,24.135,24.12,24.128,24.128,24.12,24.105,24.09,24.075,24.059,24.067,24.059,24.052,24.052,24.059,24.014,24.044,24.044,24.029,24.014,24.006,24.021,24.037,24.029,24.037,24.059,24.067,24.037,24.029,24.029,24.006,23.983,23.96,23.96,23.96,23.938,23.93,23.976,23.96,23.96,23.968,23.953,23.938,23.953,23.93,23.922,23.93,23.922,23.938,23.922,23.93,23.922,23.907,23.907,23.884,23.915,23.907,23.892,23.877,23.884,23.869,23.877,23.884,23.869,23.877,23.838,23.854,23.846,23.846,23.869,23.854,23.884,23.877,23.854,23.861,23.838,23.816,23.823,23.816,23.816,23.793,23.831,23.777,23.808,23.755,23.77,23.755,23.762,23.777,23.785,23.793,23.793,23.785,23.8,23.785,23.77,23.762,23.755,23.755,23.77,23.77,23.755,23.724,23.732,23.716,23.716,23.77,23.732,23.739,23.739,23.755,23.709,23.747,23.716,23.724,23.716,23.739,23.732,23.739,23.716,23.709,23.701,23.701,23.716,23.724,23.716,23.701,23.693,23.671,23.686,23.709,23.693,23.709,23.716,23.701,23.724,23.716,23.716,23.755,23.701,23.716,23.693,23.693,23.671
,23.571,23.586,23.586,23.602,23.602,23.617,23.594,23.594,23.579,23.586,23.586,23.564,23.571,23.556,23.594,23.594,23.632,23.609,23.655,23.663,23.602,23.617,23.632,23.64,23.602,23.609,23.617,23.625,23.617,23.632,23.632,23.64,23.632,23.617,23.609,23.655,23.655,23.632,23.655,23.671,23.693,23.671,23.671,23.655,23.693,23.678,23.686,23.709,23.724,23.709,23.724,23.724,23.732,23.724,23.716,23.724,23.724,23.732,23.732,23.77,23.709,23.739,23.739,23.762,23.747,23.762,23.777,23.777,23.77,23.77,23.755,23.755,23.762,23.777,23.793,23.793,23.8,23.8,23.816,23.816,23.816,23.838,23.823,23.808,23.816,23.816,23.808,23.808,23.793,23.823,23.823,23.838,23.846,23.838,23.838,23.846,23.854,23.854,23.854,23.854,23.854,23.861,23.861,23.861,23.869,23.854,23.892,23.861,23.869,23.884,23.899,23.907,23.93,23.922,23.899,23.915,23.915,23.915,23.93,23.915,23.922,23.922,23.922,23.93,23.945,23.945,23.93,23.96,23.96,23.968,23.953,23.938,23.953,23.96,23.968,23.991,23.968,23.991,24.006,24.014,24.006,24.014,24.029,24.029,24.029,24.059,24.052,24.075,24.097,24.097,24.082,24.075,24.075,24.067,24.082,24.09,24.105,24.12,24.135,24.113,24.105,24.105,24.128,24.143,24.166,24.166,24.173,24.173,24.166,24.166,24.158,24.173,24.181,24.189,24.204,24.196,24.196,24.204,24.204,24.219,24.227,24.227,24.227,24.219,24.211,24.219,24.242,24.234,24.28,24.295,24.287,24.303,24.287,24.295,24.303,24.295,24.333,24.348,24.341,24.356,24.341,24.363,24.371,24.386,24.409,24.424,24.424,24.432,24.439,24.439,24.454,24.447,24.462,24.47,24.462,24.485,24.485,24.492,24.515,24.523,24.538,24.56,24.576,24.591,24.583,24.591,24.591,24.613,24.606,24.644,24.651,24.674,24.674,24.682,24.697,24.772,24.787,24.795,24.81,24.818,24.825,24.863,24.878,24.908,24.923,24.969,24.976,25.036,25.067,25.089,25.134,25.165,25.195,25.285,25.323,25.338,25.353,25.518,25.6,25.675,26.206,26.682,27.185,27.649,27.958,28.309,28.637,28.856,29.066,29.775,30.958,32.95,33.939,34.486,34.803,35.208,35.311,35.387,35.565,35.735,35.851,35.865,35.947,36.022,36.083,36.097,36.11,36.151,36.185,36.226,36.226,36.267,36.307,36.314,36.314,36.307,36.314,36.294,36.294,36.287,36.28,36.28,36.28,36.274,36.253,36.267,36.24,36.24,36.253,36.233,36.212,36.219,36.192,36.178,36.144,36.117,36.09,36.029,35.981,35.967,35.947,35.933,35.947,35.954,35.954,35.974,35.988,35.995,35.988,35.995,35.988,35.981,35.995,36.015,36.063,36.11,36.131,36.165,36.192,36.212,36.26,36.28,36.294,36.301,36.287,36.28,36.253,36.226,36.24,36.144,36.104,36.076,36.069,36.029,35.974,35.92,35.886,35.858,35.845,35.804,35.742,35.735,35.715,35.749,35.776,35.804,35.817,35.899,35.967,36.008,36.015,36.008,35.981,35.96,35.906,35.838,35.749,35.701,35.681,35.606,35.558,35.517,35.476,35.462,35.421,35.4,35.387,35.366,35.346,35.318,35.284,35.27,35.229,35.202,35.057,35.016,34.913,34.775,34.727,34.631,34.327,34.105,33.376,31.292,28.411,27.045,25.952,25.713,25.6,25.548,25.495,25.428,25.405,25.36,25.3,25.24,25.202,25.119,25.089,25.036,25.006,25.021,24.969,24.961,24.916,24.878,24.863,24.84,24.81,24.787,24.75,24.727,24.704,24.659,24.613,24.613,24.606,24.583,24.606,24.553,24.523,24.523,24.523,24.507,24.492,24.485,24.47,24.454,24.447,24.439,24.424,24.424,24.409,24.401,24.394,24.386,24.379,24.363,24.341,24.333,24.333,24.333,24.348,24.356,24.31,24.31,24.295,24.303,24.303,24.295,24.287,24.28,24.287,24.28,24.265,24.265,24.249,24.234,24.242,24.227,24.219,24.234,24.211,24.219,24.219,24.227,24.204,24.189,24.181,24.143,24.143,24.135,24.143,24.113,24.12,24.12,24.105,24.113,24.135,24.128,24.12,24.128,24.105,24.105,24.09,24.067,24.075,24.075,24.075,24.059,24.052,24.059,24.044,24.037,24.037,24.037,24.037,24.037,24.014,24.021,24.021,24.014,24.059,24.029,24.021,24.006,23.998,23.991,23.938,23.953,23.938,23.93,23.945,23.96,23.998,23.976,23.968,23.953,23.953,23.953,23.945,23.93,23.93,23.93,23.938,23.945,23.938,23.922,23.907,23.899,23.899,23.922,23.899,23.884,23.884,23.877,23.869,23.861,23.869,23.877,23.861,23.861,23.846,23.831,23.854,23.869,23.861,23.861,23.861,23.854,23.854,23.823,23.808,23.831,23.816,23.808,23.831,23.831,23.793,23.785,23.755,23.8,23.777,23.777,23.785,23.785,23.793,23.793,23.793,23.777,23.777,23.747,23.762,23.747,23.762,23.777,23.762,23.762,23.724,23.724,23.732,23.732,23.77,23.732,23.739,23.724,23.755,23.732,23.732,23.747,23.709,23.732,23.724,23.732,23.732,23.693,23.716,23.716,23.709,23.716,23.709,23.709,23.693,23.701,23.663,23.701,23.701,23.701,23.701,23.724,23.739,23.732,23.716,23.701,23.693,23.693,23.701,23.686,23.671,23.671
,23.564,23.586,23.594,23.609,23.625,23.609,23.617,23.594,23.594,23.579,23.579,23.564,23.564,23.548,23.548,23.571,23.609,23.632,23.632,23.632,23.64,23.625,23.625,23.617,23.602,23.609,23.602,23.602,23.632,23.617,23.64,23.632,23.64,23.617,23.64,23.625,23.655,23.64,23.671,23.678,23.693,23.709,23.655,23.724,23.671,23.663,23.709,23.686,23.701,23.716,23.709,23.716,23.709,23.739,23.724,23.755,23.755,23.739,23.762,23.732,23.709,23.747,23.77,23.77,23.762,23.755,23.762,23.755,23.762,23.762,23.747,23.755,23.755,23.762,23.777,23.777,23.785,23.793,23.8,23.816,23.816,23.831,23.816,23.816,23.816,23.808,23.816,23.816,23.816,23.831,23.838,23.831,23.846,23.831,23.838,23.846,23.854,23.861,23.854,23.861,23.869,23.846,23.846,23.877,23.838,23.854,23.884,23.877,23.877,23.892,23.899,23.899,23.915,23.915,23.907,23.907,23.899,23.907,23.922,23.93,23.907,23.922,23.922,23.93,23.938,23.93,23.953,23.96,23.96,23.96,23.96,23.953,23.96,23.953,23.968,23.991,23.998,23.998,24.006,24.006,24.029,24.006,24.037,24.037,24.052,24.037,24.052,24.075,24.067,24.097,24.082,24.059,24.052,24.067,24.082,24.097,24.135,24.143,24.105,24.143,24.128,24.128,24.143,24.158,24.173,24.173,24.181,24.166,24.166,24.158,24.166,24.181,24.181,24.196,24.196,24.196,24.189,24.211,24.204,24.211,24.227,24.227,24.227,24.227,24.219,24.234,24.249,24.272,24.295,24.303,24.303,24.303,24.333,24.28,24.265,24.325,24.303,24.333,24.341,24.325,24.363,24.356,24.371,24.386,24.394,24.409,24.424,24.424,24.432,24.432,24.454,24.454,24.462,24.462,24.477,24.477,24.485,24.492,24.515,24.515,24.538,24.553,24.56,24.576,24.591,24.598,24.591,24.613,24.636,24.644,24.651,24.674,24.666,24.697,24.719,24.719,24.772,24.795,24.803,24.818,24.818,24.863,24.863,24.893,24.923,24.969,25.006,25.014,25.052,25.112,25.157,25.202,25.24,25.277,25.33,25.45,25.495,25.548,26.124,26.541,26.852,27.546,27.679,28.17,28.324,28.499,28.972,29.124,29.652,30.135,31.349,33.047,33.981,34.451,35.03,35.092,35.352,35.496,35.647,35.701,35.831,35.954,35.988,36.042,36.076,36.104,36.138,36.158,36.178,36.219,36.246,36.267,36.294,36.294,36.307,36.294,36.301,36.294,36.301,36.294,36.307,36.314,36.307,36.294,36.28,36.267,36.253,36.24,36.219,36.212,36.199,36.192,36.178,36.178,36.138,36.104,36.049,36.022,35.988,35.96,35.954,35.947,35.954,35.96,35.96,35.967,35.988,35.981,35.988,35.988,35.981,36.001,36.015,36.049,36.083,36.104,36.151,36.158,36.178,36.206,36.24,36.274,36.294,36.287,36.287,36.287,36.26,36.233,36.206,36.165,36.11,36.056,36.049,36.008,35.954,35.899,35.899,35.851,35.817,35.763,35.701,35.694,35.681,35.667,35.688,35.729,35.824,35.906,35.967,35.947,35.981,35.954,35.967,35.967,35.838,35.804,35.715,35.688,35.674,35.585,35.571,35.489,35.482,35.428,35.38,35.387,35.373,35.352,35.318,35.318,35.27,35.263,35.236,35.188,35.188,35.064,34.913,34.851,34.707,34.555,34.458,34.015,33.703,31.88,29.168,27.635,26.734,25.788,25.653,25.555,25.495,25.443,25.383,25.323,25.24,25.202,25.187,25.157,25.089,25.104,25.036,24.969,24.961,24.961,24.908,24.893,24.84,24.825,24.833,24.803,24.78,24.742,24.712,24.666,24.644,24.644,24.613,24.621,24.591,24.576,24.553,24.545,24.53,24.523,24.507,24.492,24.477,24.47,24.462,24.439,24.424,24.416,24.401,24.401,24.401,24.379,24.371,24.371,24.348,24.356,24.333,24.348,24.356,24.333,24.333,24.333,24.31,24.31,24.295,24.303,24.303,24.287,24.28,24.287,24.28,24.28,24.272,24.249,24.257,24.234,24.249,24.227,24.211,24.211,24.211,24.234,24.189,24.196,24.173,24.151,24.158,24.151,24.128,24.135,24.105,24.113,24.113,24.105,24.113,24.135,24.135,24.128,24.12,24.113,24.097,24.082,24.075,24.075,24.075,24.097,24.075,24.052,24.037,24.052,24.037,24.037,24.044,24.037,24.037,24.037,24.052,24.021,24.021,24.044,24.052,24.014,23.998,23.983,23.938,23.998,23.915,23.953,23.938,23.976,23.976,23.96,23.968,23.976,23.976,23.968,23.938,23.953,23.915,23.915,23.93,23.938,23.922,23.93,23.93,23.93,23.899,23.915,23.907,23.877,23.884,23.861,23.861,23.877,23.877,23.877,23.838,23.861,23.831,23.846,23.846,23.838,23.854,23.846,23.854,23.838,23.838,23.831,23.816,23.816,23.831,23.808,23.808,23.808,23.77,23.808,23.793,23.785,23.793,23.77,23.8,23.777,23.785,23.8,23.777,23.8,23.77,23.777,23.739,23.739,23.777,23.762,23.762,23.77,23.739,23.777,23.716,23.755,23.732,23.739,23.732,23.724,23.724,23.732,23.716,23.716,23.732,23.686,23.701,23.739,23.716,23.701,23.693,23.716,23.724,23.716,23.716,23.716,23.709,23.709,23.693,23.709,23.709,23.716,23.701,23.709,23.716,23.716,23.709,23.716,23.686,23.693,23.709,23.716,23.709,23.701
,23.556,23.594,23.602,23.617,23.64,23.625,23.632,23.617,23.594,23.586,23.564,23.564,23.541,23.564,23.548,23.571,23.609,23.602,23.617,23.632,23.625,23.625,23.609,23.609,23.609,23.609,23.602,23.609,23.609,23.648,23.64,23.632,23.625,23.632,23.648,23.64,23.632,23.64,23.663,23.678,23.709,23.732,23.716,23.678,23.655,23.693,23.693,23.678,23.709,23.701,23.709,23.724,23.709,23.709,23.732,23.739,23.755,23.732,23.755,23.739,23.732,23.739,23.755,23.77,23.762,23.762,23.762,23.747,23.762,23.747,23.747,23.747,23.747,23.762,23.77,23.777,23.777,23.777,23.793,23.808,23.816,23.831,23.808,23.823,23.808,23.8,23.8,23.816,23.808,23.854,23.838,23.854,23.861,23.823,23.838,23.846,23.854,23.877,23.877,23.869,23.869,23.854,23.854,23.861,23.854,23.854,23.869,23.869,23.877,23.892,23.907,23.907,23.884,23.907,23.892,23.907,23.915,23.922,23.93,23.938,23.953,23.93,23.93,23.938,23.938,23.945,23.968,23.976,23.96,23.968,23.976,23.96,23.968,23.968,23.976,24.006,24.014,24.014,24.029,24.021,24.014,24.029,23.998,24.029,24.044,24.052,24.052,24.052,24.059,24.082,24.067,24.067,24.052,24.052,24.059,24.097,24.113,24.158,24.128,24.128,24.143,24.128,24.151,24.151,24.173,24.166,24.181,24.166,24.166,24.166,24.173,24.173,24.181,24.189,24.204,24.196,24.211,24.211,24.211,24.227,24.227,24.234,24.234,24.242,24.227,24.242,24.257,24.272,24.295,24.303,24.31,24.31,24.295,24.28,24.272,24.272,24.333,24.295,24.333,24.325,24.341,24.356,24.371,24.394,24.409,24.409,24.409,24.432,24.416,24.454,24.447,24.462,24.462,24.47,24.477,24.485,24.47,24.5,24.515,24.515,24.545,24.553,24.568,24.583,24.583,24.591,24.606,24.613,24.644,24.651,24.674,24.666,24.689,24.697,24.727,24.757,24.772,24.787,24.81,24.818,24.825,24.848,24.863,24.901,24.931,24.954,24.999,25.021,25.089,25.142,25.157,25.225,25.27,25.338,25.375,25.413,25.72,26.258,26.704,26.83,27.51,27.914,28.221,28.324,28.564,28.899,29.262,29.659,29.869,30.693,31.887,33.599,34.251,34.52,34.968,35.133,35.469,35.524,35.633,35.776,35.831,35.967,36.029,36.056,36.117,36.124,36.172,36.165,36.206,36.226,36.26,36.274,36.287,36.307,36.301,36.314,36.301,36.307,36.294,36.301,36.328,36.341,36.328,36.328,36.294,36.274,36.26,36.219,36.212,36.199,36.192,36.185,36.178,36.144,36.097,36.097,36.001,35.967,35.96,35.96,35.954,35.954,35.96,35.96,35.96,35.96,35.967,35.981,35.981,35.981,35.995,35.995,36.022,36.049,36.097,36.124,36.151,36.144,36.185,36.206,36.226,36.24,36.253,36.28,36.287,36.267,36.253,36.226,36.219,36.138,36.11,36.076,35.988,35.974,35.94,35.879,35.851,35.831,35.756,35.729,35.701,35.66,35.626,35.626,35.612,35.688,35.77,35.783,35.879,35.974,35.933,35.967,35.96,35.879,35.81,35.776,35.681,35.66,35.653,35.537,35.537,35.496,35.476,35.455,35.4,35.38,35.352,35.339,35.311,35.291,35.277,35.25,35.236,35.215,35.215,35.16,34.934,34.865,34.851,34.693,34.438,34.23,33.766,32.24,29.436,28.17,27.281,26.585,25.683,25.563,25.495,25.458,25.345,25.338,25.27,25.21,25.157,25.142,25.112,25.044,25.006,25.006,24.984,24.961,24.923,24.886,24.871,24.855,24.833,24.803,24.787,24.75,24.712,24.682,24.621,24.659,24.644,24.629,24.598,24.606,24.56,24.545,24.53,24.538,24.523,24.492,24.5,24.47,24.47,24.454,24.454,24.432,24.416,24.409,24.401,24.394,24.379,24.363,24.356,24.348,24.333,24.341,24.325,24.356,24.341,24.325,24.356,24.295,24.325,24.318,24.325,24.31,24.295,24.303,24.28,24.28,24.265,24.257,24.249,24.257,24.234,24.227,24.234,24.227,24.204,24.211,24.189,24.173,24.181,24.135,24.135,24.143,24.135,24.143,24.105,24.113,24.113,24.105,24.12,24.128,24.12,24.158,24.143,24.113,24.105,24.097,24.097,24.097,24.113,24.105,24.097,24.082,24.059,24.029,24.052,24.044,24.044,24.052,24.037,24.044,24.059,24.052,24.059,24.037,24.029,24.014,24.006,23.998,23.96,23.953,23.945,23.953,23.945,23.968,23.968,23.976,23.968,23.968,23.968,23.968,23.96,23.938,23.922,23.922,23.93,23.915,23.93,23.93,23.907,23.945,23.922,23.915,23.93,23.922,23.869,23.861,23.884,23.877,23.892,23.884,23.884,23.869,23.869,23.861,23.846,23.823,23.846,23.823,23.838,23.823,23.816,23.831,23.838,23.823,23.831,23.823,23.816,23.823,23.816,23.77,23.747,23.8,23.8,23.793,23.808,23.8,23.777,23.785,23.77,23.785,23.762,23.739,23.755,23.762,23.755,23.77,23.793,23.762,23.724,23.77,23.755,23.732,23.739,23.747,23.739,23.724,23.709,23.701,23.701,23.709,23.686,23.693,23.747,23.716,23.693,23.716,23.693,23.709,23.709,23.716,23.724,23.724,23.716,23.724,23.716,23.701,23.686,23.724,23.724,23.709,23.732,23.701,23.693,23.693,23.693,23.693,23.686,23.671,23.724,23.686
,23.564,23.586,23.579,23.594,23.609,23.579,23.617,23.594,23.586,23.579,23.564,23.548,23.548,23.564,23.548,23.602,23.625,23.625,23.632,23.648,23.632,23.632,23.632,23.625,23.625,23.602,23.609,23.609,23.617,23.655,23.648,23.64,23.655,23.625,23.663,23.64,23.655,23.663,23.686,23.686,23.693,23.732,23.732,23.716,23.655,23.648,23.693,23.709,23.701,23.701,23.709,23.678,23.693,23.678,23.716,23.732,23.739,23.739,23.732,23.716,23.716,23.724,23.747,23.77,23.77,23.77,23.755,23.755,23.77,23.747,23.755,23.747,23.747,23.755,23.755,23.77,23.762,23.777,23.793,23.8,23.8,23.816,23.816,23.808,23.816,23.8,23.808,23.823,23.831,23.861,23.861,23.854,23.861,23.838,23.846,23.838,23.854,23.869,23.869,23.869,23.846,23.861,23.854,23.877,23.869,23.869,23.861,23.884,23.884,23.884,23.884,23.899,23.884,23.907,23.907,23.922,23.938,23.953,23.945,23.938,23.968,23.945,23.93,23.945,23.945,23.953,23.945,23.976,23.96,23.983,23.983,23.976,23.983,23.998,24.021,24.029,24.021,24.037,24.037,24.029,24.014,24.014,23.998,24.037,24.037,24.037,24.059,24.052,24.067,24.052,24.082,24.075,24.059,24.067,24.059,24.105,24.135,24.151,24.12,24.128,24.12,24.166,24.173,24.189,24.181,24.173,24.173,24.173,24.189,24.196,24.158,24.173,24.173,24.196,24.196,24.196,24.196,24.196,24.211,24.227,24.242,24.249,24.242,24.242,24.242,24.249,24.265,24.287,24.295,24.303,24.295,24.303,24.295,24.287,24.318,24.325,24.28,24.325,24.31,24.341,24.348,24.356,24.386,24.401,24.409,24.416,24.401,24.409,24.416,24.447,24.47,24.462,24.47,24.462,24.462,24.477,24.485,24.492,24.523,24.538,24.545,24.538,24.568,24.576,24.583,24.598,24.613,24.629,24.651,24.651,24.674,24.682,24.689,24.704,24.727,24.765,24.772,24.803,24.825,24.818,24.84,24.855,24.878,24.908,24.961,24.961,24.991,25.036,25.067,25.172,25.195,25.255,25.323,25.405,25.555,25.9,26.251,26.541,27.185,27.51,27.708,28.155,28.331,28.703,28.768,29.066,29.53,29.825,30.3,31.015,32.12,33.585,34.451,34.831,35.002,35.298,35.421,35.448,35.66,35.79,35.913,35.933,36.076,36.076,36.124,36.144,36.185,36.199,36.206,36.24,36.24,36.287,36.294,36.307,36.314,36.314,36.307,36.307,36.301,36.328,36.314,36.341,36.335,36.335,36.307,36.28,36.246,36.233,36.219,36.192,36.199,36.172,36.165,36.138,36.056,36.035,35.995,35.988,35.96,35.954,35.954,35.96,35.954,35.96,35.947,35.947,35.954,35.954,35.96,35.981,35.981,35.995,36.015,36.008,36.069,36.097,36.104,36.158,36.185,36.192,36.199,36.233,36.246,36.26,36.26,36.246,36.24,36.212,36.206,36.138,36.104,36.035,36.001,35.954,35.947,35.872,35.831,35.783,35.742,35.688,35.674,35.653,35.585,35.592,35.571,35.599,35.674,35.783,35.824,35.865,35.892,35.913,35.899,35.879,35.783,35.722,35.681,35.633,35.612,35.578,35.558,35.503,35.462,35.441,35.414,35.4,35.352,35.346,35.311,35.27,35.256,35.236,35.222,35.202,35.188,35.112,35.016,34.879,34.748,34.617,34.534,34.195,33.877,32.458,30.127,28.768,27.723,27.104,26.511,25.653,25.51,25.42,25.375,25.345,25.277,25.202,25.165,25.165,25.119,25.082,25.014,24.999,24.984,24.954,24.916,24.908,24.871,24.863,24.848,24.825,24.803,24.765,24.735,24.712,24.689,24.651,24.659,24.629,24.613,24.576,24.568,24.568,24.545,24.545,24.523,24.515,24.492,24.492,24.477,24.447,24.447,24.432,24.424,24.416,24.394,24.386,24.379,24.371,24.371,24.356,24.363,24.348,24.371,24.325,24.333,24.333,24.325,24.356,24.348,24.341,24.325,24.318,24.318,24.295,24.287,24.287,24.265,24.265,24.265,24.28,24.257,24.242,24.242,24.242,24.227,24.227,24.189,24.181,24.173,24.158,24.151,24.151,24.128,24.12,24.113,24.113,24.128,24.105,24.09,24.12,24.135,24.158,24.143,24.12,24.105,24.09,24.097,24.105,24.113,24.097,24.082,24.067,24.044,24.044,24.044,24.052,24.044,24.059,24.052,24.052,24.044,24.044,24.037,24.021,24.037,24.021,23.991,23.991,23.983,23.968,23.93,23.968,23.938,23.96,23.96,23.953,23.976,23.976,23.968,23.968,23.96,23.945,23.938,23.93,23.922,23.93,23.915,23.922,23.922,23.93,23.93,23.922,23.884,23.877,23.884,23.869,23.884,23.899,23.884,23.877,23.884,23.869,23.854,23.846,23.831,23.877,23.823,23.823,23.823,23.823,23.831,23.816,23.846,23.854,23.838,23.831,23.808,23.808,23.846,23.793,23.777,23.793,23.785,23.785,23.808,23.777,23.785,23.808,23.777,23.762,23.77,23.762,23.739,23.762,23.77,23.739,23.755,23.777,23.732,23.709,23.755,23.739,23.724,23.724,23.739,23.724,23.709,23.709,23.716,23.693,23.739,23.709,23.663,23.747,23.716,23.739,23.693,23.709,23.709,23.701,23.724,23.732,23.724,23.732,23.724,23.732,23.663,23.693,23.709,23.724,23.732,23.693,23.709,23.671,23.709,23.732,23.724,23.724,23.693,23.686
,23.564,23.579,23.579,23.594,23.571,23.579,23.579,23.579,23.579,23.571,23.571,23.564,23.548,23.579,23.571,23.571,23.586,23.609,23.617,23.617,23.632,23.632,23.632,23.632,23.625,23.602,23.609,23.602,23.625,23.655,23.655,23.671,23.655,23.64,23.625,23.632,23.655,23.671,23.678,23.701,23.693,23.701,23.701,23.686,23.701,23.709,23.693,23.678,23.686,23.686,23.693,23.663,23.663,23.716,23.686,23.732,23.724,23.724,23.724,23.709,23.724,23.716,23.739,23.747,23.755,23.762,23.762,23.762,23.755,23.747,23.739,23.755,23.755,23.739,23.808,23.755,23.762,23.777,23.777,23.777,23.777,23.793,23.777,23.816,23.808,23.8,23.823,23.838,23.854,23.884,23.869,23.869,23.861,23.854,23.838,23.846,23.861,23.838,23.869,23.861,23.854,23.854,23.877,23.861,23.884,23.877,23.877,23.884,23.877,23.892,23.884,23.884,23.892,23.907,23.907,23.922,23.938,23.953,23.976,23.976,23.968,23.945,23.953,23.945,23.953,23.953,23.96,23.968,23.983,23.976,23.983,23.991,23.991,23.998,24.006,24.021,24.067,24.044,24.037,24.029,24.029,24.021,24.029,24.044,24.052,24.044,24.037,24.059,24.059,24.067,24.082,24.052,24.067,24.067,24.082,24.097,24.128,24.113,24.128,24.105,24.113,24.158,24.173,24.189,24.181,24.181,24.181,24.181,24.219,24.219,24.173,24.173,24.181,24.189,24.189,24.196,24.211,24.211,24.219,24.242,24.234,24.242,24.249,24.242,24.242,24.257,24.272,24.287,24.295,24.303,24.303,24.303,24.31,24.31,24.31,24.31,24.303,24.303,24.295,24.325,24.341,24.371,24.379,24.394,24.401,24.409,24.401,24.424,24.409,24.439,24.454,24.47,24.485,24.47,24.477,24.477,24.492,24.492,24.492,24.507,24.538,24.538,24.553,24.568,24.583,24.606,24.606,24.636,24.666,24.659,24.682,24.697,24.697,24.712,24.735,24.75,24.78,24.795,24.825,24.833,24.863,24.878,24.893,24.923,24.954,24.976,24.999,25.036,25.097,25.202,25.21,25.277,25.383,25.555,26.027,26.452,26.934,27.111,27.613,27.789,28.236,28.338,28.761,29.03,29.211,29.363,29.825,30.214,30.407,31.1,32.571,33.772,34.216,34.707,35.002,35.284,35.489,35.517,35.653,35.79,35.892,35.981,36.076,36.097,36.138,36.192,36.185,36.219,36.24,36.253,36.28,36.287,36.314,36.314,36.335,36.348,36.328,36.321,36.314,36.328,36.335,36.348,36.348,36.335,36.314,36.274,36.219,36.212,36.185,36.178,36.172,36.165,36.138,36.09,36.015,35.981,35.967,35.954,35.954,35.954,35.96,35.947,35.94,35.94,35.933,35.94,35.94,35.947,35.954,35.967,35.981,35.981,35.995,36.015,36.001,36.09,36.124,36.151,36.151,36.165,36.192,36.226,36.233,36.246,36.233,36.24,36.212,36.192,36.185,36.144,36.056,35.995,35.94,35.933,35.892,35.845,35.783,35.756,35.722,35.688,35.66,35.592,35.592,35.537,35.551,35.544,35.592,35.722,35.797,35.838,35.865,35.879,35.886,35.831,35.776,35.708,35.667,35.633,35.599,35.578,35.578,35.524,35.503,35.462,35.421,35.387,35.366,35.311,35.291,35.27,35.25,35.236,35.222,35.208,35.16,35.112,35.037,34.892,34.803,34.7,34.513,34.306,33.863,32.914,30.765,29.218,28.104,27.627,26.919,26.489,26.027,25.698,25.375,25.33,25.262,25.24,25.202,25.142,25.127,25.074,25.029,25.006,24.976,24.961,24.916,24.901,24.886,24.863,24.848,24.825,24.803,24.772,24.75,24.712,24.697,24.674,24.651,24.621,24.583,24.568,24.56,24.576,24.553,24.553,24.53,24.515,24.507,24.5,24.492,24.447,24.454,24.432,24.424,24.416,24.401,24.394,24.386,24.386,24.386,24.371,24.341,24.379,24.341,24.363,24.341,24.341,24.371,24.363,24.348,24.333,24.333,24.341,24.333,24.303,24.295,24.287,24.28,24.272,24.272,24.257,24.265,24.242,24.265,24.265,24.249,24.234,24.211,24.227,24.196,24.173,24.173,24.158,24.158,24.143,24.128,24.105,24.128,24.135,24.128,24.151,24.166,24.151,24.143,24.12,24.113,24.105,24.097,24.097,24.105,24.12,24.059,24.075,24.075,24.044,24.052,24.044,24.059,24.059,24.059,24.059,24.052,24.052,24.052,24.037,24.021,24.029,23.991,23.983,23.96,23.953,23.945,23.945,23.938,23.938,23.96,23.976,23.976,23.976,23.983,23.976,23.96,23.93,23.953,23.915,23.93,23.907,23.915,23.907,23.93,23.938,23.922,23.915,23.899,23.869,23.884,23.877,23.892,23.877,23.892,23.892,23.877,23.892,23.877,23.869,23.846,23.823,23.816,23.8,23.816,23.831,23.831,23.831,23.861,23.846,23.846,23.838,23.808,23.8,23.8,23.785,23.8,23.777,23.777,23.808,23.8,23.777,23.808,23.793,23.808,23.747,23.755,23.762,23.755,23.777,23.77,23.762,23.747,23.739,23.716,23.724,23.709,23.724,23.747,23.739,23.739,23.739,23.716,23.724,23.701,23.693,23.693,23.671,23.732,23.716,23.693,23.693,23.701,23.701,23.701,23.709,23.716,23.724,23.716,23.732,23.693,23.678,23.724,23.724,23.671,23.671,23.709,23.724,23.709,23.716,23.724,23.732,23.716,23.724,23.732,23.701
,23.579,23.579,23.602,23.594,23.632,23.617,23.586,23.579,23.579,23.564,23.564,23.564,23.564,23.586,23.594,23.586,23.594,23.594,23.602,23.617,23.609,23.625,23.625,23.632,23.648,23.625,23.632,23.625,23.617,23.671,23.678,23.663,23.625,23.617,23.609,23.625,23.632,23.663,23.671,23.655,23.678,23.716,23.709,23.732,23.724,23.732,23.739,23.701,23.709,23.724,23.724,23.678,23.678,23.678,23.678,23.716,23.709,23.732,23.724,23.716,23.709,23.709,23.716,23.739,23.724,23.762,23.762,23.77,23.755,23.755,23.762,23.762,23.755,23.755,23.8,23.755,23.755,23.777,23.777,23.77,23.77,23.785,23.793,23.808,23.816,23.838,23.831,23.877,23.854,23.869,23.884,23.869,23.869,23.861,23.854,23.861,23.869,23.838,23.854,23.854,23.838,23.854,23.861,23.869,23.884,23.884,23.869,23.877,23.877,23.884,23.884,23.877,23.899,23.899,23.915,23.938,23.96,23.976,23.968,23.976,23.96,23.96,23.953,23.945,23.953,23.96,23.968,23.968,23.976,23.976,23.991,23.991,23.998,24.014,24.006,24.029,24.09,24.075,24.037,24.021,24.021,24.037,24.052,24.059,24.052,24.052,24.067,24.075,24.075,24.09,24.082,24.082,24.067,24.067,24.075,24.097,24.12,24.128,24.105,24.105,24.12,24.143,24.173,24.189,24.189,24.189,24.181,24.166,24.189,24.166,24.204,24.196,24.196,24.196,24.196,24.211,24.219,24.234,24.219,24.234,24.249,24.249,24.242,24.242,24.249,24.257,24.265,24.287,24.287,24.287,24.295,24.303,24.303,24.303,24.318,24.303,24.318,24.325,24.333,24.341,24.371,24.386,24.386,24.409,24.409,24.409,24.409,24.409,24.439,24.454,24.462,24.454,24.47,24.477,24.47,24.477,24.485,24.485,24.515,24.538,24.538,24.545,24.568,24.591,24.583,24.606,24.606,24.621,24.651,24.659,24.674,24.697,24.719,24.719,24.742,24.765,24.787,24.81,24.833,24.848,24.871,24.893,24.916,24.931,24.954,24.991,25.021,25.052,25.134,25.21,25.315,25.39,26.072,26.303,26.466,26.889,27.266,27.62,27.884,28.258,28.586,28.79,28.928,29.095,29.327,29.652,29.991,30.321,30.715,31.363,32.753,33.821,34.389,34.631,34.913,35.188,35.352,35.482,35.674,35.735,35.858,35.974,36.008,36.104,36.144,36.192,36.226,36.24,36.26,36.274,36.294,36.314,36.321,36.335,36.341,36.348,36.341,36.335,36.341,36.335,36.335,36.348,36.348,36.341,36.341,36.28,36.246,36.199,36.192,36.178,36.165,36.158,36.131,36.083,35.988,35.96,35.94,35.933,35.947,35.947,35.947,35.933,35.913,35.906,35.892,35.899,35.926,35.892,35.94,35.947,35.967,35.967,35.967,35.995,36.035,36.056,36.097,36.131,36.131,36.172,36.192,36.192,36.219,36.226,36.212,36.206,36.192,36.178,36.138,36.131,36.069,35.995,35.954,35.906,35.886,35.838,35.776,35.742,35.681,35.66,35.619,35.578,35.524,35.496,35.517,35.524,35.592,35.688,35.77,35.824,35.831,35.845,35.838,35.824,35.77,35.715,35.66,35.64,35.626,35.619,35.558,35.53,35.51,35.476,35.435,35.393,35.366,35.332,35.304,35.256,35.236,35.229,35.222,35.202,35.195,35.16,35.064,35.023,34.947,34.775,34.582,34.292,34.133,33.145,31.079,29.291,28.594,27.884,27.399,26.897,26.243,25.758,25.638,25.353,25.308,25.27,25.187,25.149,25.149,25.059,25.052,25.029,25.006,24.984,24.946,24.916,24.886,24.878,24.855,24.825,24.787,24.772,24.765,24.735,24.697,24.651,24.651,24.629,24.598,24.583,24.576,24.576,24.568,24.56,24.553,24.53,24.523,24.507,24.47,24.477,24.447,24.439,24.432,24.424,24.424,24.409,24.401,24.401,24.401,24.409,24.363,24.379,24.379,24.356,24.371,24.341,24.386,24.371,24.363,24.363,24.341,24.333,24.333,24.318,24.303,24.295,24.28,24.318,24.28,24.28,24.28,24.272,24.272,24.28,24.242,24.257,24.265,24.257,24.204,24.189,24.181,24.173,24.151,24.158,24.135,24.12,24.151,24.151,24.151,24.166,24.12,24.135,24.143,24.151,24.135,24.09,24.097,24.097,24.105,24.082,24.105,24.075,24.059,24.052,24.052,24.059,24.075,24.075,24.075,24.075,24.059,24.082,24.059,24.052,24.021,24.021,24.006,23.991,23.968,23.953,23.938,23.938,23.945,23.953,23.968,23.976,23.991,23.991,23.991,23.991,23.96,23.968,23.968,23.945,23.93,23.907,23.907,23.938,23.922,23.93,23.938,23.922,23.899,23.892,23.861,23.899,23.892,23.892,23.899,23.884,23.884,23.869,23.869,23.869,23.838,23.861,23.846,23.816,23.808,23.8,23.816,23.838,23.846,23.846,23.823,23.823,23.808,23.808,23.808,23.793,23.77,23.8,23.777,23.77,23.777,23.793,23.793,23.808,23.793,23.793,23.777,23.755,23.747,23.777,23.755,23.762,23.709,23.747,23.701,23.762,23.709,23.739,23.747,23.762,23.747,23.755,23.739,23.732,23.716,23.716,23.709,23.693,23.701,23.693,23.701,23.693,23.693,23.693,23.701,23.724,23.724,23.755,23.755,23.709,23.724,23.701,23.716,23.724,23.686,23.701,23.732,23.724,23.709,23.724,23.747,23.716,23.716,23.77,23.724,23.716
,23.571,23.579,23.602,23.579,23.571,23.579,23.556,23.556,23.571,23.556,23.564,23.571,23.586,23.594,23.594,23.594,23.594,23.602,23.594,23.609,23.609,23.64,23.64,23.625,23.632,23.594,23.609,23.64,23.617,23.655,23.655,23.663,23.648,23.609,23.64,23.655,23.648,23.655,23.663,23.671,23.686,23.686,23.724,23.732,23.724,23.732,23.724,23.701,23.716,23.709,23.701,23.655,23.693,23.701,23.686,23.716,23.709,23.709,23.701,23.709,23.709,23.701,23.716,23.716,23.732,23.732,23.755,23.77,23.762,23.755,23.77,23.77,23.739,23.755,23.785,23.762,23.793,23.785,23.762,23.785,23.785,23.785,23.793,23.8,23.8,23.877,23.854,23.877,23.838,23.869,23.869,23.861,23.869,23.861,23.877,23.861,23.854,23.861,23.854,23.854,23.846,23.846,23.861,23.861,23.861,23.884,23.877,23.884,23.884,23.884,23.884,23.892,23.884,23.93,23.915,23.953,23.968,23.953,23.945,23.953,23.938,23.938,23.953,23.938,23.953,23.96,23.968,23.953,23.953,23.976,23.983,23.998,23.991,23.998,24.052,24.021,24.037,24.052,24.059,24.052,24.059,24.052,24.044,24.044,24.052,24.075,24.067,24.097,24.09,24.082,24.09,24.067,24.067,24.082,24.075,24.09,24.105,24.12,24.113,24.113,24.113,24.143,24.173,24.166,24.189,24.196,24.219,24.211,24.189,24.196,24.181,24.189,24.173,24.196,24.196,24.189,24.189,24.227,24.219,24.234,24.242,24.242,24.234,24.234,24.249,24.257,24.257,24.28,24.287,24.295,24.295,24.295,24.303,24.31,24.318,24.333,24.318,24.325,24.348,24.363,24.386,24.394,24.409,24.409,24.416,24.394,24.424,24.447,24.439,24.439,24.47,24.462,24.477,24.5,24.477,24.477,24.477,24.477,24.507,24.515,24.538,24.553,24.56,24.576,24.591,24.598,24.629,24.621,24.651,24.659,24.689,24.689,24.719,24.727,24.75,24.757,24.795,24.818,24.833,24.863,24.871,24.901,24.923,24.938,24.969,25.021,25.006,25.067,25.127,25.217,25.48,25.945,26.109,26.466,27.008,27.289,27.495,27.958,28.199,28.579,28.907,29.095,29.059,29.153,29.436,29.71,30.07,30.314,30.722,31.363,32.83,33.807,34.361,34.707,35.044,35.208,35.38,35.53,35.66,35.701,35.872,35.906,36.001,36.069,36.117,36.206,36.206,36.24,36.26,36.274,36.314,36.321,36.341,36.362,36.362,36.375,36.362,36.348,36.348,36.341,36.348,36.362,36.348,36.355,36.321,36.321,36.253,36.212,36.185,36.178,36.165,36.144,36.124,36.069,36.042,35.954,35.926,35.926,35.926,35.947,35.947,35.913,35.872,35.886,35.872,35.872,35.906,35.892,35.913,35.906,35.926,35.933,35.933,35.96,35.96,35.967,36.035,36.09,36.117,36.138,36.151,36.172,36.192,36.185,36.199,36.178,36.178,36.131,36.117,36.049,36.008,35.954,35.92,35.892,35.865,35.838,35.783,35.667,35.66,35.64,35.599,35.53,35.496,35.489,35.496,35.496,35.551,35.694,35.694,35.824,35.824,35.838,35.824,35.804,35.756,35.708,35.674,35.667,35.612,35.612,35.585,35.544,35.51,35.482,35.448,35.421,35.352,35.332,35.291,35.222,35.236,35.222,35.208,35.202,35.195,35.16,35.14,34.996,34.81,34.617,34.382,34.396,33.988,33.25,31.313,29.919,28.87,28.134,27.407,26.8,26.489,26.094,25.84,25.773,25.39,25.308,25.292,25.195,25.149,25.112,25.074,24.999,24.991,24.984,24.946,24.931,24.901,24.878,24.833,24.803,24.772,24.757,24.735,24.75,24.704,24.659,24.659,24.613,24.606,24.576,24.591,24.576,24.583,24.56,24.56,24.53,24.53,24.5,24.523,24.47,24.447,24.447,24.439,24.432,24.416,24.424,24.401,24.394,24.401,24.401,24.401,24.386,24.363,24.371,24.371,24.371,24.371,24.363,24.348,24.356,24.341,24.341,24.325,24.318,24.31,24.31,24.303,24.31,24.303,24.303,24.303,24.303,24.28,24.28,24.28,24.287,24.257,24.219,24.219,24.196,24.181,24.173,24.143,24.173,24.151,24.158,24.158,24.158,24.151,24.151,24.143,24.135,24.135,24.135,24.113,24.105,24.105,24.09,24.113,24.105,24.113,24.09,24.075,24.059,24.059,24.059,24.059,24.082,24.082,24.082,24.09,24.082,24.044,24.044,24.044,24.014,23.983,23.976,23.953,23.945,23.945,23.938,23.945,24.052,23.945,23.983,23.953,23.976,23.983,23.991,23.998,23.976,23.96,23.953,23.93,23.93,23.93,23.96,23.93,23.915,23.922,23.915,23.884,23.884,23.869,23.877,23.899,23.861,23.884,23.899,23.877,23.877,23.854,23.877,23.869,23.861,23.869,23.808,23.808,23.823,23.823,23.838,23.838,23.823,23.823,23.808,23.8,23.747,23.777,23.755,23.755,23.777,23.793,23.793,23.785,23.77,23.777,23.8,23.816,23.777,23.77,23.755,23.739,23.762,23.755,23.77,23.77,23.739,23.716,23.777,23.701,23.724,23.739,23.762,23.77,23.762,23.755,23.724,23.716,23.693,23.716,23.716,23.701,23.724,23.693,23.693,23.693,23.693,23.701,23.739,23.724,23.747,23.732,23.693,23.701,23.701,23.678,23.701,23.671,23.716,23.724,23.709,23.724,23.716,23.747,23.693,23.678,23.739,23.724,23.701
,23.564,23.594,23.602,23.571,23.594,23.594,23.571,23.564,23.579,23.564,23.564,23.586,23.602,23.602,23.594,23.594,23.571,23.556,23.548,23.579,23.579,23.602,23.632,23.632,23.64,23.617,23.625,23.64,23.64,23.625,23.663,23.64,23.617,23.609,23.602,23.625,23.64,23.648,23.655,23.678,23.686,23.701,23.701,23.724,23.709,23.678,23.701,23.701,23.701,23.716,23.716,23.686,23.739,23.709,23.693,23.709,23.724,23.693,23.716,23.701,23.693,23.701,23.701,23.709,23.724,23.739,23.755,23.77,23.77,23.777,23.762,23.77,23.77,23.755,23.762,23.762,23.777,23.739,23.739,23.777,23.785,23.808,23.823,23.8,23.823,23.808,23.861,23.846,23.869,23.861,23.854,23.854,23.869,23.854,23.861,23.861,23.877,23.854,23.846,23.846,23.838,23.846,23.846,23.869,23.884,23.884,23.877,23.869,23.877,23.892,23.899,23.884,23.884,23.915,23.915,23.93,23.93,23.938,23.938,23.938,23.93,23.922,23.953,23.953,23.945,23.953,23.983,23.93,23.96,23.983,23.976,23.991,23.998,24.014,24.044,24.021,24.044,24.067,24.006,24.075,24.059,24.044,24.059,24.052,24.037,24.052,24.059,24.082,24.097,24.082,24.09,24.075,24.067,24.067,24.09,24.105,24.097,24.105,24.12,24.113,24.113,24.12,24.151,24.166,24.173,24.181,24.189,24.204,24.204,24.189,24.166,24.189,24.189,24.181,24.189,24.189,24.211,24.211,24.219,24.249,24.234,24.227,24.242,24.234,24.249,24.242,24.272,24.28,24.272,24.28,24.28,24.28,24.287,24.295,24.318,24.333,24.341,24.348,24.356,24.371,24.386,24.394,24.401,24.401,24.401,24.409,24.401,24.401,24.409,24.47,24.432,24.462,24.47,24.47,24.477,24.485,24.47,24.507,24.5,24.507,24.507,24.56,24.568,24.591,24.598,24.598,24.613,24.621,24.651,24.651,24.682,24.689,24.719,24.742,24.75,24.765,24.787,24.81,24.833,24.848,24.863,24.901,24.931,24.961,24.969,24.984,25.112,25.112,25.308,25.548,25.922,26.101,26.682,26.963,27.325,27.752,28.024,28.104,28.47,28.834,28.921,29.066,29.073,29.182,29.45,29.984,30.12,30.4,30.679,31.441,32.907,34.057,34.403,34.589,35.099,35.188,35.311,35.448,35.647,35.701,35.845,35.858,35.96,36.035,36.09,36.172,36.24,36.24,36.253,36.307,36.314,36.341,36.355,36.369,36.375,36.382,36.375,36.375,36.362,36.369,36.355,36.362,36.355,36.348,36.321,36.307,36.233,36.212,36.192,36.165,36.151,36.124,36.117,36.035,36.029,35.954,35.906,35.926,35.906,35.94,35.906,35.892,35.872,35.872,35.858,35.858,35.872,35.879,35.886,35.899,35.92,35.913,35.933,35.933,35.947,35.981,36.008,36.049,36.063,36.104,36.11,36.117,36.151,36.158,36.165,36.138,36.11,36.097,36.056,36.001,35.967,35.926,35.879,35.831,35.804,35.749,35.688,35.681,35.667,35.578,35.565,35.524,35.469,35.469,35.476,35.482,35.503,35.585,35.667,35.804,35.831,35.838,35.81,35.79,35.763,35.722,35.688,35.626,35.612,35.599,35.585,35.537,35.517,35.489,35.462,35.428,35.373,35.311,35.298,35.25,35.208,35.208,35.195,35.208,35.167,35.154,35.071,35.002,34.941,34.665,34.507,34.396,34.348,33.355,31.944,30.063,29.095,28.126,27.51,27.399,26.875,26.303,26.064,26.012,25.698,25.563,25.338,25.217,25.18,25.119,25.089,25.059,25.006,24.999,24.976,24.908,24.908,24.871,24.833,24.803,24.765,24.75,24.727,24.727,24.719,24.674,24.636,24.606,24.613,24.591,24.576,24.591,24.583,24.576,24.568,24.545,24.515,24.5,24.477,24.454,24.439,24.447,24.439,24.439,24.439,24.439,24.424,24.416,24.416,24.394,24.416,24.394,24.379,24.386,24.371,24.371,24.363,24.363,24.341,24.333,24.333,24.333,24.325,24.318,24.318,24.31,24.295,24.303,24.28,24.303,24.287,24.287,24.287,24.287,24.272,24.242,24.257,24.234,24.219,24.204,24.189,24.189,24.166,24.189,24.181,24.158,24.166,24.158,24.166,24.166,24.151,24.143,24.151,24.143,24.143,24.105,24.113,24.105,24.105,24.113,24.113,24.075,24.082,24.082,24.059,24.09,24.082,24.075,24.09,24.067,24.097,24.105,24.075,24.044,24.029,24.006,24.006,23.991,23.96,23.953,23.945,23.945,23.953,23.945,23.96,23.953,23.983,23.991,23.991,24.006,23.983,23.991,23.976,23.953,23.945,23.938,23.93,23.945,23.915,23.915,23.93,23.884,23.899,23.892,23.877,23.877,23.892,23.892,23.854,23.899,23.861,23.877,23.907,23.869,23.869,23.846,23.869,23.846,23.838,23.831,23.838,23.831,23.816,23.816,23.793,23.785,23.816,23.785,23.816,23.785,23.8,23.808,23.793,23.777,23.777,23.777,23.785,23.808,23.808,23.777,23.755,23.77,23.747,23.716,23.724,23.762,23.762,23.739,23.739,23.732,23.716,23.732,23.747,23.77,23.762,23.777,23.77,23.724,23.716,23.724,23.709,23.755,23.686,23.693,23.686,23.678,23.686,23.693,23.701,23.732,23.747,23.755,23.732,23.693,23.716,23.693,23.701,23.709,23.678,23.701,23.686,23.747,23.777,23.724,23.747,23.724,23.716,23.709,23.648,23.625
,23.564,23.579,23.586,23.594,23.594,23.602,23.609,23.586,23.579,23.571,23.579,23.586,23.594,23.602,23.602,23.579,23.586,23.571,23.571,23.594,23.556,23.609,23.625,23.648,23.625,23.64,23.625,23.617,23.64,23.655,23.64,23.632,23.64,23.617,23.609,23.632,23.632,23.632,23.663,23.671,23.671,23.709,23.724,23.716,23.709,23.693,23.709,23.686,23.686,23.701,23.709,23.716,23.709,23.709,23.709,23.693,23.716,23.716,23.716,23.686,23.716,23.693,23.693,23.701,23.732,23.732,23.732,23.755,23.739,23.755,23.762,23.762,23.755,23.755,23.762,23.77,23.77,23.739,23.762,23.77,23.793,23.793,23.793,23.808,23.838,23.816,23.816,23.838,23.854,23.861,23.854,23.846,23.846,23.838,23.854,23.861,23.854,23.854,23.846,23.838,23.838,23.838,23.846,23.869,23.846,23.869,23.884,23.877,23.861,23.877,23.884,23.877,23.877,23.892,23.915,23.922,23.922,23.915,23.892,23.907,23.899,23.915,23.93,23.93,23.945,23.938,23.945,23.945,23.976,23.983,23.983,23.998,24.014,24.006,24.006,23.991,24.021,23.991,24.059,24.037,24.037,24.059,24.044,24.052,24.044,24.067,24.075,24.067,24.059,24.082,24.067,24.09,24.075,24.082,24.09,24.09,24.12,24.097,24.097,24.12,24.113,24.128,24.143,24.158,24.173,24.173,24.189,24.196,24.196,24.181,24.219,24.211,24.173,24.181,24.181,24.189,24.211,24.227,24.219,24.227,24.242,24.234,24.234,24.234,24.234,24.249,24.249,24.257,24.242,24.257,24.265,24.272,24.287,24.295,24.303,24.333,24.318,24.356,24.363,24.379,24.379,24.394,24.401,24.432,24.401,24.416,24.409,24.401,24.424,24.454,24.447,24.462,24.47,24.462,24.477,24.485,24.477,24.507,24.5,24.523,24.53,24.553,24.583,24.598,24.598,24.591,24.613,24.613,24.636,24.651,24.674,24.689,24.735,24.735,24.765,24.772,24.795,24.825,24.825,24.84,24.848,24.908,24.886,24.938,24.961,24.999,25.104,25.277,25.653,25.818,26.109,26.57,26.808,27.318,27.51,28.126,28.199,28.586,28.776,28.907,28.986,29.088,29.182,29.226,29.436,29.775,29.991,30.12,30.422,31.448,33.089,34.202,34.555,34.686,35.119,35.195,35.346,35.435,35.524,35.688,35.77,35.886,35.913,35.947,36.008,36.069,36.212,36.185,36.246,36.28,36.307,36.348,36.348,36.369,36.369,36.389,36.389,36.396,36.396,36.375,36.362,36.362,36.369,36.362,36.341,36.321,36.28,36.233,36.185,36.172,36.151,36.124,36.097,36.008,35.974,35.906,35.913,35.906,35.926,35.926,35.933,35.892,35.872,35.858,35.858,35.845,35.865,35.851,35.872,35.865,35.872,35.872,35.872,35.892,35.926,35.94,35.967,36.001,36.049,36.076,36.076,36.09,36.097,36.104,36.097,36.083,36.049,36.056,36.022,36.001,35.933,35.879,35.845,35.817,35.783,35.722,35.647,35.626,35.599,35.551,35.482,35.482,35.455,35.462,35.469,35.489,35.503,35.551,35.729,35.797,35.817,35.81,35.81,35.783,35.756,35.708,35.66,35.64,35.612,35.612,35.571,35.537,35.517,35.476,35.435,35.346,35.346,35.332,35.256,35.25,35.208,35.208,35.202,35.195,35.188,35.14,35.064,35.037,34.879,34.679,34.493,34.334,34.147,33.424,32.064,30.429,29.349,28.462,28.221,27.664,27.17,26.726,26.221,26.012,25.915,25.87,25.473,25.255,25.157,25.149,25.089,25.059,25.036,24.999,24.969,24.946,24.908,24.871,24.84,24.81,24.765,24.75,24.757,24.735,24.697,24.674,24.651,24.621,24.583,24.606,24.606,24.598,24.606,24.576,24.56,24.53,24.53,24.507,24.5,24.462,24.462,24.447,24.447,24.447,24.439,24.454,24.432,24.439,24.432,24.409,24.409,24.409,24.394,24.394,24.379,24.371,24.356,24.363,24.356,24.333,24.325,24.325,24.333,24.325,24.325,24.318,24.303,24.318,24.295,24.28,24.303,24.295,24.303,24.295,24.272,24.265,24.28,24.234,24.234,24.204,24.181,24.189,24.204,24.204,24.204,24.189,24.173,24.158,24.173,24.173,24.143,24.158,24.143,24.143,24.143,24.12,24.128,24.113,24.12,24.105,24.097,24.097,24.082,24.09,24.12,24.082,24.082,24.082,24.09,24.097,24.105,24.12,24.067,24.052,24.044,24.006,23.998,24.006,23.983,23.96,23.968,23.96,23.968,23.953,23.96,23.96,23.991,23.991,23.991,23.991,23.976,23.968,23.968,23.953,23.96,23.96,23.938,23.93,23.907,23.93,23.899,23.899,23.892,23.869,23.877,23.899,23.922,23.892,23.907,23.922,23.861,23.846,23.854,23.854,23.861,23.861,23.877,23.854,23.869,23.816,23.831,23.831,23.838,23.793,23.8,23.777,23.793,23.777,23.785,23.793,23.77,23.8,23.793,23.785,23.762,23.762,23.777,23.77,23.793,23.762,23.747,23.739,23.716,23.747,23.762,23.732,23.785,23.777,23.732,23.732,23.732,23.724,23.747,23.762,23.755,23.762,23.724,23.701,23.709,23.701,23.701,23.686,23.701,23.693,23.686,23.678,23.678,23.686,23.709,23.732,23.716,23.709,23.732,23.716,23.693,23.678,23.678,23.678,23.663,23.701,23.709,23.693,23.716,23.716,23.716,23.671,23.701,23.732,23.701,23.663
,23.564,23.556,23.556,23.564,23.571,23.579,23.586,23.579,23.571,23.564,23.564,23.571,23.594,23.609,23.602,23.586,23.594,23.579,23.579,23.556,23.556,23.609,23.594,23.617,23.617,23.64,23.632,23.648,23.64,23.632,23.625,23.617,23.625,23.625,23.632,23.625,23.64,23.64,23.648,23.671,23.701,23.709,23.686,23.693,23.678,23.663,23.678,23.671,23.648,23.693,23.693,23.709,23.716,23.709,23.716,23.732,23.724,23.709,23.701,23.709,23.678,23.701,23.709,23.701,23.724,23.755,23.747,23.747,23.739,23.739,23.747,23.747,23.732,23.732,23.739,23.732,23.732,23.739,23.747,23.8,23.777,23.816,23.793,23.8,23.808,23.808,23.816,23.808,23.838,23.846,23.854,23.846,23.854,23.846,23.838,23.846,23.854,23.846,23.846,23.831,23.846,23.838,23.846,23.861,23.869,23.877,23.869,23.884,23.884,23.854,23.869,23.861,23.869,23.877,23.884,23.899,23.899,23.892,23.892,23.884,23.892,23.899,23.922,23.93,23.93,23.938,23.93,23.938,23.953,23.96,23.991,23.991,23.991,24.006,23.998,23.998,23.976,24.021,24.021,24.029,24.029,24.029,24.044,24.037,24.044,24.082,24.044,24.059,24.059,24.059,24.059,24.052,24.075,24.082,24.105,24.113,24.105,24.135,24.12,24.135,24.12,24.135,24.143,24.151,24.158,24.173,24.166,24.189,24.189,24.189,24.173,24.211,24.181,24.189,24.189,24.196,24.211,24.204,24.219,24.234,24.227,24.227,24.227,24.227,24.234,24.227,24.242,24.272,24.227,24.249,24.257,24.257,24.287,24.303,24.31,24.325,24.325,24.348,24.363,24.363,24.379,24.386,24.394,24.401,24.409,24.416,24.416,24.401,24.424,24.424,24.462,24.462,24.47,24.477,24.477,24.485,24.485,24.507,24.507,24.523,24.545,24.553,24.568,24.606,24.591,24.606,24.621,24.598,24.613,24.629,24.659,24.689,24.719,24.742,24.735,24.757,24.795,24.81,24.818,24.84,24.84,24.863,24.893,24.938,25.014,25.149,25.57,25.585,25.803,26.176,26.712,27.052,27.34,27.443,27.921,28.112,28.732,28.79,28.834,28.87,28.928,28.986,29.081,29.218,29.291,29.436,29.667,30.171,30.558,31.633,33.222,34.299,34.534,34.541,35.112,35.202,35.298,35.366,35.524,35.558,35.626,35.729,35.81,35.899,35.947,35.988,36.063,36.131,36.144,36.226,36.28,36.328,36.341,36.375,36.382,36.396,36.403,36.396,36.375,36.382,36.382,36.369,36.355,36.348,36.369,36.335,36.301,36.246,36.199,36.165,36.144,36.11,36.049,35.995,35.974,35.913,35.906,35.913,35.94,35.933,35.926,35.892,35.879,35.858,35.845,35.851,35.831,35.817,35.817,35.845,35.851,35.845,35.865,35.872,35.886,35.926,35.954,35.981,35.988,36.022,36.035,36.022,36.049,36.069,36.042,36.042,36.008,35.974,35.92,35.92,35.906,35.851,35.797,35.817,35.715,35.653,35.647,35.585,35.578,35.51,35.489,35.448,35.441,35.414,35.448,35.489,35.517,35.565,35.667,35.722,35.79,35.79,35.783,35.729,35.722,35.694,35.647,35.619,35.606,35.592,35.585,35.551,35.517,35.482,35.428,35.393,35.346,35.298,35.277,35.222,35.215,35.195,35.188,35.181,35.147,35.112,35.078,35.002,34.954,34.817,34.479,34.265,34.105,33.494,32.304,30.536,29.508,29.197,28.353,27.804,27.325,26.875,26.429,26.057,25.975,25.773,25.638,25.488,25.33,25.165,25.119,25.097,25.067,24.999,24.954,24.923,24.923,24.871,24.833,24.795,24.78,24.742,24.727,24.727,24.704,24.689,24.651,24.621,24.613,24.606,24.591,24.606,24.598,24.591,24.56,24.523,24.5,24.507,24.492,24.47,24.454,24.462,24.454,24.454,24.454,24.447,24.439,24.424,24.424,24.409,24.409,24.401,24.394,24.401,24.386,24.394,24.356,24.318,24.341,24.318,24.31,24.333,24.333,24.318,24.325,24.318,24.325,24.318,24.31,24.318,24.303,24.303,24.303,24.287,24.287,24.28,24.257,24.257,24.234,24.196,24.204,24.189,24.196,24.219,24.211,24.189,24.189,24.173,24.173,24.166,24.158,24.158,24.151,24.143,24.135,24.128,24.128,24.128,24.12,24.105,24.105,24.09,24.105,24.097,24.113,24.09,24.067,24.09,24.097,24.105,24.09,24.09,24.075,24.067,24.029,24.014,23.998,24.006,23.998,23.998,23.983,23.968,23.96,23.953,24.037,23.93,23.96,23.968,23.998,23.998,23.968,23.96,23.968,23.968,23.93,23.93,23.922,23.915,23.899,23.899,23.884,23.869,23.884,23.877,23.884,23.907,23.907,23.922,23.915,23.861,23.816,23.884,23.877,23.8,23.861,23.861,23.861,23.854,23.838,23.816,23.823,23.823,23.8,23.854,23.8,23.808,23.777,23.793,23.785,23.785,23.785,23.793,23.785,23.777,23.77,23.77,23.8,23.785,23.77,23.747,23.747,23.732,23.724,23.739,23.739,23.693,23.732,23.716,23.724,23.732,23.739,23.732,23.732,23.755,23.739,23.724,23.709,23.709,23.693,23.716,23.709,23.716,23.663,23.663,23.678,23.671,23.693,23.693,23.693,23.716,23.716,23.709,23.686,23.701,23.701,23.663,23.663,23.663,23.686,23.655,23.678,23.701,23.701,23.701,23.701,23.709,23.701,23.678,23.716,23.617
,23.556,23.571,23.556,23.594,23.579,23.579,23.586,23.586,23.571,23.564,23.556,23.556,23.571,23.586,23.594,23.594,23.594,23.586,23.571,23.564,23.564,23.609,23.625,23.632,23.625,23.655,23.64,23.625,23.625,23.625,23.609,23.625,23.625,23.632,23.632,23.64,23.64,23.632,23.648,23.663,23.701,23.701,23.701,23.678,23.678,23.655,23.671,23.648,23.671,23.686,23.693,23.701,23.701,23.716,23.724,23.724,23.739,23.724,23.709,23.716,23.693,23.709,23.709,23.724,23.724,23.732,23.739,23.747,23.747,23.739,23.739,23.716,23.747,23.732,23.724,23.739,23.732,23.762,23.816,23.785,23.8,23.785,23.785,23.793,23.793,23.8,23.816,23.808,23.846,23.861,23.854,23.846,23.823,23.869,23.838,23.846,23.854,23.854,23.838,23.831,23.823,23.838,23.854,23.846,23.854,23.877,23.884,23.877,23.869,23.869,23.869,23.869,23.854,23.869,23.877,23.892,23.907,23.907,23.899,23.877,23.884,23.915,23.93,23.93,23.938,23.93,23.945,23.938,23.96,23.991,23.976,23.983,23.991,23.998,23.998,23.991,23.991,23.998,24.014,24.021,24.014,24.037,24.029,24.044,24.044,24.044,24.059,24.059,24.052,24.059,24.067,24.075,24.09,24.09,24.12,24.113,24.113,24.135,24.128,24.158,24.143,24.135,24.151,24.143,24.151,24.158,24.143,24.181,24.173,24.181,24.173,24.173,24.196,24.181,24.204,24.204,24.211,24.234,24.227,24.249,24.249,24.242,24.242,24.227,24.196,24.234,24.234,24.227,24.249,24.242,24.257,24.257,24.295,24.295,24.31,24.318,24.333,24.333,24.341,24.356,24.356,24.371,24.386,24.394,24.401,24.409,24.416,24.416,24.447,24.432,24.447,24.462,24.47,24.477,24.477,24.5,24.507,24.515,24.523,24.53,24.538,24.545,24.591,24.583,24.576,24.613,24.606,24.629,24.651,24.659,24.674,24.689,24.704,24.719,24.765,24.772,24.787,24.818,24.825,24.848,24.84,24.893,24.976,24.969,25.27,25.292,25.705,25.952,26.139,26.63,26.949,27.193,27.811,27.994,28.273,28.535,28.645,28.754,28.797,28.797,28.899,28.848,28.834,29.03,28.907,29.291,29.869,30.127,30.679,31.703,33.418,34.299,34.713,34.865,35.078,35.195,35.332,35.462,35.489,35.578,35.667,35.708,35.783,35.872,35.899,35.933,36.035,36.063,36.172,36.172,36.206,36.233,36.335,36.341,36.369,36.382,36.396,36.409,36.396,36.396,36.389,36.396,36.382,36.389,36.375,36.375,36.294,36.233,36.206,36.165,36.144,36.076,36.049,35.974,35.947,35.926,35.92,35.926,35.94,35.94,35.954,35.906,35.865,35.845,35.845,35.824,35.817,35.817,35.804,35.838,35.845,35.858,35.851,35.865,35.886,35.899,35.933,35.933,35.981,35.954,35.995,35.96,35.967,35.995,35.988,35.954,35.981,35.892,35.879,35.858,35.831,35.831,35.776,35.77,35.694,35.653,35.592,35.585,35.565,35.476,35.441,35.421,35.435,35.428,35.435,35.462,35.551,35.626,35.674,35.722,35.756,35.763,35.729,35.776,35.688,35.667,35.647,35.633,35.612,35.585,35.565,35.537,35.503,35.469,35.4,35.373,35.332,35.304,35.277,35.277,35.236,35.202,35.195,35.174,35.188,35.099,35.057,34.996,34.81,34.645,34.548,34.431,33.953,33.731,32.43,31.007,29.861,29.291,28.382,28.17,27.37,27.008,26.838,26.243,25.892,25.825,25.69,25.593,25.495,25.3,25.202,25.134,25.074,25.021,25.036,24.954,24.938,24.893,24.855,24.825,24.803,24.757,24.765,24.727,24.704,24.682,24.659,24.636,24.629,24.636,24.606,24.598,24.598,24.568,24.56,24.545,24.507,24.523,24.492,24.477,24.477,24.477,24.462,24.462,24.462,24.47,24.439,24.447,24.432,24.416,24.416,24.416,24.409,24.416,24.409,24.394,24.363,24.325,24.318,24.325,24.333,24.341,24.348,24.341,24.341,24.318,24.318,24.325,24.318,24.325,24.31,24.303,24.303,24.295,24.303,24.28,24.295,24.257,24.211,24.211,24.166,24.196,24.211,24.211,24.219,24.219,24.204,24.189,24.189,24.181,24.181,24.173,24.151,24.151,24.143,24.135,24.135,24.113,24.128,24.113,24.097,24.097,24.09,24.097,24.09,24.113,24.09,24.09,24.09,24.09,24.097,24.105,24.082,24.029,24.044,24.021,24.014,24.029,24.014,24.021,23.983,23.976,23.96,23.983,23.953,24.006,23.991,23.991,23.976,23.983,23.976,23.976,23.983,23.953,23.945,23.922,23.907,23.899,23.899,23.892,23.884,23.877,23.884,23.884,23.877,23.899,23.915,23.892,23.892,23.892,23.793,23.877,23.861,23.869,23.869,23.884,23.846,23.838,23.838,23.793,23.785,23.816,23.838,23.816,23.8,23.785,23.793,23.785,23.785,23.808,23.793,23.785,23.777,23.777,23.762,23.755,23.762,23.755,23.777,23.777,23.755,23.732,23.732,23.732,23.732,23.755,23.739,23.709,23.732,23.732,23.739,23.732,23.739,23.709,23.709,23.686,23.693,23.709,23.716,23.701,23.716,23.716,23.693,23.693,23.663,23.671,23.693,23.693,23.709,23.724,23.709,23.716,23.678,23.678,23.678,23.693,23.701,23.678,23.671,23.678,23.686,23.701,23.701,23.701,23.678,23.693,23.671,23.709,23.709,23.724
,23.556,23.564,23.556,23.564,23.579,23.594,23.586,23.571,23.579,23.556,23.548,23.51,23.548,23.579,23.594,23.602,23.586,23.579,23.579,23.571,23.617,23.609,23.625,23.64,23.64,23.625,23.617,23.648,23.617,23.609,23.602,23.64,23.625,23.655,23.648,23.64,23.64,23.648,23.655,23.663,23.686,23.693,23.686,23.678,23.671,23.678,23.678,23.678,23.663,23.678,23.678,23.693,23.693,23.701,23.709,23.716,23.716,23.716,23.739,23.686,23.693,23.693,23.732,23.709,23.739,23.739,23.732,23.747,23.739,23.739,23.747,23.739,23.732,23.732,23.732,23.755,23.732,23.777,23.777,23.777,23.785,23.785,23.793,23.785,23.8,23.808,23.816,23.816,23.838,23.854,23.854,23.854,23.869,23.854,23.831,23.869,23.869,23.846,23.838,23.838,23.838,23.838,23.846,23.846,23.846,23.846,23.869,23.869,23.884,23.854,23.823,23.854,23.854,23.861,23.884,23.915,23.907,23.922,23.892,23.892,23.884,23.93,23.945,23.945,23.945,23.922,23.938,23.938,23.938,23.976,23.96,23.983,23.991,23.991,23.991,24.006,24.014,24.006,23.998,24.021,24.014,24.029,24.037,24.044,24.052,24.059,24.052,24.037,24.037,24.059,24.067,24.082,24.097,24.09,24.113,24.097,24.105,24.12,24.135,24.135,24.166,24.158,24.158,24.135,24.158,24.166,24.166,24.181,24.189,24.158,24.181,24.173,24.189,24.204,24.196,24.234,24.219,24.234,24.242,24.257,24.242,24.257,24.234,24.227,24.219,24.219,24.211,24.227,24.242,24.242,24.242,24.28,24.295,24.31,24.325,24.325,24.325,24.333,24.333,24.333,24.348,24.371,24.379,24.394,24.401,24.432,24.432,24.432,24.454,24.462,24.462,24.477,24.454,24.477,24.5,24.507,24.5,24.515,24.53,24.545,24.56,24.576,24.598,24.576,24.598,24.598,24.591,24.644,24.659,24.659,24.697,24.712,24.689,24.727,24.757,24.78,24.818,24.81,24.818,24.84,24.871,24.908,25.165,25.39,25.555,25.72,25.877,26.288,26.496,26.912,27.133,27.539,27.994,28.207,28.513,28.696,28.732,28.717,28.666,28.776,28.768,28.739,28.71,28.79,29.023,29.58,29.998,30.565,31.221,32.085,33.543,34.382,34.707,34.989,34.947,35.154,35.339,35.407,35.421,35.558,35.599,35.722,35.763,35.817,35.838,35.933,36.029,36.049,36.097,36.138,36.165,36.212,36.294,36.328,36.362,36.362,36.375,36.396,36.403,36.396,36.389,36.389,36.389,36.403,36.416,36.382,36.362,36.294,36.206,36.172,36.158,36.097,36.056,36.015,35.947,35.933,35.92,35.933,35.954,35.967,35.96,35.899,35.865,35.851,35.838,35.817,35.81,35.824,35.81,35.81,35.824,35.838,35.851,35.858,35.879,35.886,35.879,35.899,35.926,35.92,35.933,35.974,35.94,35.933,35.92,35.899,35.892,35.851,35.845,35.845,35.804,35.763,35.756,35.708,35.694,35.647,35.599,35.524,35.51,35.469,35.428,35.428,35.421,35.435,35.482,35.51,35.578,35.606,35.653,35.722,35.742,35.756,35.735,35.77,35.715,35.688,35.626,35.633,35.612,35.599,35.578,35.551,35.517,35.469,35.428,35.359,35.366,35.311,35.263,35.27,35.236,35.215,35.167,35.167,35.105,35.037,35.064,35.002,34.886,34.672,34.672,34.507,34.189,33.835,32.515,31.029,30.522,29.659,29.059,28.367,27.87,27.163,26.793,26.541,26.049,25.945,25.803,25.735,25.548,25.375,25.308,25.247,25.172,25.067,25.006,24.991,24.931,24.908,24.848,24.825,24.81,24.787,24.78,24.727,24.719,24.704,24.666,24.666,24.629,24.613,24.591,24.606,24.583,24.576,24.56,24.523,24.545,24.523,24.507,24.507,24.485,24.485,24.485,24.47,24.477,24.477,24.47,24.454,24.447,24.432,24.424,24.424,24.416,24.416,24.416,24.401,24.386,24.341,24.325,24.348,24.356,24.348,24.341,24.333,24.341,24.333,24.341,24.333,24.341,24.325,24.318,24.31,24.303,24.303,24.303,24.295,24.265,24.249,24.227,24.196,24.196,24.189,24.219,24.234,24.227,24.211,24.219,24.181,24.189,24.196,24.204,24.196,24.173,24.143,24.143,24.143,24.128,24.128,24.12,24.113,24.097,24.097,24.105,24.128,24.12,24.105,24.113,24.09,24.097,24.097,24.09,24.09,24.075,24.052,24.029,24.021,24.021,24.044,24.044,24.044,24.037,23.998,23.998,24.052,23.968,24.014,23.991,23.983,23.991,23.976,23.968,23.953,23.953,23.922,23.938,23.938,23.907,23.899,23.922,23.884,23.915,23.861,23.869,23.892,23.884,23.899,23.899,23.907,23.907,23.884,23.869,23.823,23.861,23.854,23.869,23.93,23.831,23.831,23.816,23.8,23.793,23.831,23.831,23.823,23.793,23.793,23.77,23.8,23.793,23.793,23.793,23.777,23.785,23.77,23.777,23.77,23.77,23.785,23.77,23.785,23.755,23.747,23.739,23.739,23.747,23.755,23.755,23.747,23.755,23.739,23.755,23.747,23.739,23.747,23.693,23.671,23.678,23.678,23.709,23.709,23.724,23.716,23.701,23.701,23.686,23.663,23.686,23.671,23.678,23.724,23.678,23.701,23.701,23.678,23.686,23.701,23.663,23.701,23.678,23.671,23.701,23.716,23.701,23.709,23.686,23.686,23.724,23.701,23.724,23.655
,23.556,23.564,23.564,23.579,23.586,23.586,23.571,23.556,23.541,23.525,23.525,23.518,23.541,23.571,23.594,23.602,23.625,23.609,23.586,23.594,23.594,23.625,23.632,23.609,23.602,23.617,23.617,23.617,23.625,23.625,23.64,23.617,23.632,23.64,23.648,23.655,23.655,23.655,23.663,23.671,23.671,23.686,23.678,23.678,23.671,23.678,23.671,23.678,23.663,23.678,23.671,23.686,23.693,23.693,23.693,23.747,23.732,23.739,23.693,23.686,23.701,23.693,23.716,23.716,23.755,23.747,23.747,23.755,23.739,23.739,23.747,23.732,23.762,23.724,23.739,23.747,23.777,23.755,23.8,23.793,23.785,23.777,23.785,23.793,23.793,23.808,23.816,23.823,23.831,23.861,23.869,23.915,23.846,23.838,23.869,23.861,23.869,23.846,23.846,23.846,23.838,23.838,23.838,23.846,23.846,23.861,23.854,23.861,23.869,23.846,23.861,23.838,23.861,23.861,23.869,23.892,23.907,23.907,23.915,23.899,23.915,23.938,23.953,23.976,23.945,23.938,23.945,23.945,23.953,23.968,23.968,23.976,23.983,23.991,23.991,23.998,24.014,24.006,24.014,24.021,24.021,24.029,24.037,24.044,24.067,24.037,24.044,24.044,24.044,24.052,24.067,24.075,24.075,24.059,24.128,24.105,24.105,24.113,24.128,24.143,24.143,24.128,24.158,24.143,24.151,24.166,24.181,24.181,24.166,24.166,24.166,24.158,24.166,24.189,24.189,24.219,24.227,24.242,24.242,24.249,24.227,24.257,24.249,24.204,24.227,24.227,24.219,24.249,24.249,24.242,24.257,24.272,24.31,24.31,24.325,24.325,24.31,24.333,24.333,24.341,24.371,24.363,24.386,24.401,24.409,24.416,24.432,24.439,24.462,24.454,24.462,24.454,24.454,24.485,24.507,24.515,24.5,24.53,24.53,24.53,24.568,24.598,24.598,24.621,24.636,24.636,24.621,24.621,24.682,24.689,24.682,24.704,24.697,24.719,24.757,24.787,24.803,24.825,24.84,24.878,24.991,25.217,25.36,25.57,25.683,25.989,26.228,26.578,26.689,27.023,27.804,27.987,28.221,28.44,28.666,28.659,28.63,28.63,28.594,28.594,28.499,28.426,28.659,28.994,29.117,29.681,30.407,30.629,31.505,32.212,33.543,34.313,34.769,34.941,35.057,35.25,35.298,35.393,35.455,35.517,35.619,35.66,35.742,35.783,35.824,35.831,35.96,35.981,36.083,36.124,36.165,36.233,36.294,36.321,36.335,36.335,36.355,36.369,36.382,36.389,36.389,36.416,36.43,36.43,36.43,36.409,36.369,36.335,36.233,36.192,36.178,36.104,36.063,35.995,35.967,35.94,35.947,35.94,35.96,35.94,35.906,35.906,35.872,35.824,35.804,35.804,35.797,35.783,35.804,35.81,35.817,35.804,35.831,35.838,35.845,35.851,35.858,35.865,35.872,35.886,35.899,35.892,35.906,35.886,35.872,35.858,35.845,35.817,35.804,35.79,35.763,35.763,35.729,35.667,35.701,35.599,35.578,35.544,35.517,35.469,35.448,35.428,35.421,35.441,35.482,35.503,35.571,35.626,35.653,35.694,35.715,35.735,35.735,35.708,35.701,35.674,35.647,35.619,35.612,35.599,35.578,35.544,35.503,35.482,35.428,35.407,35.339,35.318,35.298,35.25,35.229,35.188,35.181,35.119,35.105,35.044,35.009,34.927,34.824,34.7,34.569,34.389,34.389,33.953,32.613,31.036,30.529,29.703,29.327,28.645,28.148,27.62,26.993,26.823,26.489,26.019,25.952,25.78,25.63,25.45,25.36,25.33,25.262,25.142,25.036,24.999,24.931,24.901,24.871,24.818,24.855,24.81,24.78,24.757,24.704,24.674,24.674,24.674,24.644,24.629,24.598,24.591,24.598,24.568,24.56,24.538,24.523,24.53,24.53,24.523,24.5,24.477,24.485,24.485,24.485,24.492,24.477,24.462,24.454,24.439,24.447,24.432,24.432,24.432,24.439,24.394,24.386,24.363,24.356,24.371,24.356,24.363,24.363,24.341,24.333,24.341,24.333,24.333,24.333,24.325,24.325,24.318,24.31,24.303,24.303,24.287,24.295,24.242,24.211,24.196,24.204,24.219,24.204,24.242,24.257,24.234,24.211,24.211,24.196,24.204,24.181,24.173,24.181,24.181,24.158,24.151,24.135,24.12,24.128,24.12,24.097,24.105,24.097,24.105,24.12,24.113,24.105,24.067,24.09,24.09,24.082,24.09,24.037,24.029,24.029,24.029,24.029,24.044,24.044,24.037,24.037,24.006,24.006,24.014,23.983,23.976,23.983,23.991,23.991,23.976,23.983,23.96,23.953,23.953,23.968,23.938,23.93,23.93,23.922,23.907,23.907,23.892,23.884,23.899,23.899,23.915,23.899,23.922,23.861,23.892,23.861,23.846,23.892,23.877,23.892,23.869,23.892,23.854,23.831,23.816,23.823,23.8,23.831,23.808,23.793,23.8,23.8,23.785,23.785,23.777,23.785,23.777,23.777,23.777,23.762,23.77,23.785,23.793,23.793,23.8,23.785,23.755,23.747,23.755,23.739,23.747,23.755,23.732,23.747,23.755,23.732,23.747,23.716,23.671,23.678,23.693,23.671,23.686,23.693,23.701,23.724,23.709,23.686,23.686,23.693,23.693,23.709,23.716,23.678,23.739,23.724,23.686,23.693,23.671,23.701,23.693,23.716,23.709,23.709,23.724,23.716,23.709,23.693,23.701,23.701,23.709,23.716,23.747,23.632,23.64
,23.564,23.548,23.541,23.594,23.579,23.564,23.586,23.548,23.541,23.518,23.518,23.51,23.51,23.548,23.579,23.594,23.586,23.586,23.579,23.609,23.617,23.625,23.602,23.625,23.625,23.602,23.625,23.617,23.617,23.625,23.64,23.625,23.617,23.648,23.648,23.663,23.655,23.655,23.663,23.663,23.678,23.663,23.678,23.663,23.686,23.663,23.663,23.663,23.686,23.648,23.678,23.693,23.663,23.671,23.693,23.686,23.701,23.701,23.724,23.709,23.686,23.686,23.701,23.709,23.739,23.747,23.732,23.747,23.739,23.755,23.747,23.739,23.755,23.755,23.755,23.755,23.762,23.777,23.777,23.777,23.777,23.785,23.785,23.793,23.8,23.816,23.823,23.823,23.838,23.838,23.861,23.846,23.884,23.861,23.861,23.854,23.861,23.861,23.823,23.854,23.831,23.854,23.838,23.823,23.846,23.854,23.846,23.846,23.838,23.854,23.854,23.861,23.877,23.892,23.877,23.907,23.922,23.907,23.922,23.915,23.945,23.96,23.96,23.968,23.976,23.938,23.922,23.945,23.96,23.976,23.96,23.968,23.983,23.991,23.991,24.006,23.998,24.014,24.006,24.021,24.006,24.014,24.029,24.059,24.037,24.052,24.044,24.029,24.052,24.059,24.075,24.067,24.075,24.082,24.059,24.09,24.097,24.12,24.113,24.135,24.128,24.12,24.128,24.143,24.143,24.173,24.166,24.173,24.173,24.173,24.181,24.158,24.173,24.181,24.196,24.196,24.204,24.219,24.234,24.257,24.249,24.242,24.242,24.234,24.219,24.204,24.249,24.257,24.257,24.249,24.249,24.28,24.303,24.31,24.318,24.318,24.325,24.333,24.356,24.363,24.341,24.371,24.386,24.401,24.409,24.416,24.432,24.454,24.462,24.462,24.47,24.485,24.477,24.485,24.492,24.523,24.523,24.523,24.538,24.56,24.576,24.606,24.621,24.636,24.636,24.629,24.644,24.636,24.682,24.682,24.697,24.704,24.697,24.727,24.757,24.803,24.833,24.863,24.878,25.036,25.39,25.54,25.563,25.66,25.915,26.042,26.228,26.704,27.207,27.421,27.87,28.09,28.411,28.586,28.608,28.528,28.535,28.426,28.397,28.367,28.273,28.448,28.725,29.037,29.522,29.869,30.579,31.349,32.078,32.282,33.585,34.417,34.789,34.982,35.085,35.229,35.304,35.263,35.421,35.496,35.626,35.66,35.647,35.763,35.824,35.831,35.967,35.96,36.015,36.083,36.104,36.158,36.219,36.267,36.287,36.314,36.341,36.355,36.382,36.396,36.416,36.423,36.423,36.443,36.443,36.423,36.396,36.328,36.26,36.206,36.172,36.11,36.035,36.042,35.981,35.981,35.967,35.96,35.974,35.967,35.926,35.886,35.858,35.804,35.797,35.797,35.763,35.776,35.776,35.783,35.79,35.783,35.797,35.831,35.831,35.824,35.838,35.838,35.838,35.858,35.851,35.858,35.872,35.858,35.845,35.838,35.817,35.804,35.804,35.783,35.749,35.735,35.701,35.667,35.64,35.599,35.544,35.517,35.489,35.469,35.448,35.435,35.428,35.428,35.476,35.51,35.544,35.612,35.681,35.708,35.729,35.715,35.722,35.715,35.701,35.694,35.667,35.633,35.626,35.606,35.571,35.558,35.496,35.469,35.448,35.373,35.352,35.311,35.284,35.25,35.222,35.174,35.154,35.099,35.057,35.016,34.968,34.947,34.851,34.658,34.569,34.285,34.348,33.849,32.767,31.406,30.579,29.94,29.501,28.827,28.47,27.738,27.133,26.838,26.459,26.183,25.952,25.795,25.795,25.63,25.503,25.465,25.405,25.149,25.044,25.006,24.991,24.931,24.893,24.848,24.84,24.818,24.765,24.727,24.727,24.682,24.666,24.682,24.651,24.666,24.606,24.606,24.583,24.583,24.553,24.568,24.553,24.53,24.553,24.538,24.507,24.492,24.492,24.477,24.492,24.492,24.492,24.5,24.47,24.47,24.454,24.454,24.439,24.454,24.439,24.424,24.386,24.379,24.371,24.379,24.401,24.386,24.386,24.363,24.348,24.348,24.325,24.341,24.333,24.333,24.325,24.325,24.318,24.318,24.31,24.295,24.28,24.257,24.204,24.204,24.189,24.227,24.234,24.249,24.211,24.249,24.242,24.211,24.219,24.227,24.211,24.181,24.173,24.181,24.173,24.151,24.143,24.12,24.135,24.113,24.113,24.105,24.105,24.105,24.113,24.113,24.097,24.113,24.09,24.097,24.097,24.067,24.044,24.044,24.021,24.014,24.014,24.021,24.037,24.029,24.014,24.014,23.991,24.021,23.983,23.968,23.998,23.998,23.976,23.991,23.953,23.938,23.953,23.968,23.938,23.938,23.945,23.938,23.93,23.915,23.922,23.907,23.915,23.899,23.915,23.915,23.93,23.93,23.915,23.869,23.861,23.884,23.877,23.899,23.884,23.892,23.877,23.846,23.846,23.838,23.846,23.861,23.823,23.808,23.816,23.793,23.8,23.793,23.793,23.793,23.8,23.793,23.777,23.77,23.77,23.793,23.785,23.8,23.816,23.793,23.793,23.777,23.762,23.77,23.755,23.77,23.777,23.755,23.77,23.755,23.724,23.724,23.709,23.693,23.686,23.686,23.655,23.693,23.709,23.693,23.724,23.724,23.693,23.693,23.686,23.663,23.678,23.671,23.732,23.724,23.724,23.716,23.663,23.693,23.64,23.693,23.709,23.716,23.724,23.709,23.724,23.686,23.663,23.724,23.701,23.709,23.686,23.716,23.693,23.701
,23.579,23.556,23.548,23.548,23.571,23.579,23.556,23.525,23.525,23.502,23.502,23.51,23.533,23.564,23.602,23.617,23.602,23.594,23.579,23.609,23.594,23.617,23.602,23.602,23.671,23.609,23.64,23.625,23.632,23.64,23.632,23.625,23.648,23.655,23.648,23.663,23.663,23.64,23.655,23.663,23.671,23.663,23.655,23.663,23.663,23.655,23.648,23.64,23.663,23.648,23.663,23.678,23.678,23.671,23.655,23.663,23.678,23.716,23.701,23.693,23.678,23.678,23.693,23.724,23.724,23.724,23.732,23.732,23.739,23.747,23.755,23.77,23.762,23.755,23.747,23.762,23.755,23.77,23.77,23.777,23.762,23.77,23.785,23.793,23.808,23.816,23.823,23.831,23.838,23.846,23.854,23.869,23.854,23.846,23.854,23.861,23.854,23.854,23.869,23.854,23.846,23.854,23.846,23.861,23.861,23.861,23.854,23.838,23.846,23.838,23.854,23.861,23.884,23.892,23.899,23.922,23.922,23.922,23.93,23.938,23.96,23.976,23.976,23.983,23.938,23.945,23.96,23.953,23.968,23.976,23.983,23.983,23.983,23.983,24.006,24.014,23.998,24.021,24.021,23.998,24.006,24.021,24.044,24.082,24.037,24.029,24.037,24.037,24.052,24.067,24.067,24.075,24.059,24.067,24.082,24.09,24.113,24.105,24.12,24.128,24.12,24.12,24.128,24.143,24.151,24.173,24.173,24.189,24.181,24.173,24.135,24.158,24.181,24.158,24.189,24.196,24.204,24.211,24.242,24.227,24.242,24.249,24.234,24.242,24.219,24.234,24.234,24.249,24.272,24.272,24.265,24.272,24.287,24.303,24.325,24.318,24.318,24.348,24.333,24.348,24.379,24.386,24.386,24.401,24.409,24.424,24.432,24.447,24.47,24.462,24.462,24.47,24.477,24.492,24.5,24.515,24.53,24.545,24.56,24.568,24.598,24.621,24.644,24.651,24.651,24.644,24.651,24.666,24.666,24.666,24.704,24.674,24.697,24.75,24.75,24.855,24.901,25.082,25.142,25.345,25.383,25.638,25.72,25.907,26.042,26.362,26.645,27.17,27.377,27.774,27.972,28.448,28.586,28.623,28.55,28.375,28.316,28.28,28.258,28.258,28.411,28.659,29.102,29.645,30.228,31.2,31.668,32.205,32.36,32.914,33.675,34.672,34.734,34.954,35.126,35.243,35.27,35.38,35.421,35.482,35.565,35.619,35.66,35.715,35.763,35.851,35.845,35.947,35.967,36.056,36.131,36.185,36.185,36.26,36.267,36.287,36.307,36.321,36.362,36.375,36.396,36.443,36.436,36.464,36.464,36.45,36.416,36.355,36.335,36.226,36.178,36.212,36.117,36.083,36.042,36.029,35.988,35.981,35.988,35.947,35.933,35.906,35.851,35.804,35.797,35.783,35.776,35.77,35.749,35.776,35.763,35.77,35.79,35.804,35.797,35.79,35.804,35.817,35.804,35.831,35.838,35.851,35.851,35.845,35.824,35.817,35.797,35.797,35.77,35.763,35.749,35.708,35.681,35.633,35.626,35.592,35.551,35.524,35.489,35.469,35.448,35.441,35.435,35.448,35.469,35.517,35.537,35.592,35.667,35.708,35.722,35.715,35.735,35.729,35.715,35.681,35.667,35.64,35.626,35.619,35.585,35.558,35.517,35.469,35.462,35.38,35.339,35.304,35.256,35.229,35.208,35.16,35.126,35.085,35.064,35.023,34.968,34.906,34.858,34.81,34.658,34.479,34.334,33.891,32.781,31.611,30.693,30.249,29.811,29.421,28.601,28.082,27.539,27.097,26.585,26.146,26.034,25.915,25.84,25.638,25.593,25.6,25.495,25.51,25.3,25.308,25.036,25.029,24.923,24.84,24.848,24.81,24.765,24.765,24.742,24.697,24.689,24.674,24.666,24.636,24.598,24.629,24.576,24.591,24.576,24.568,24.568,24.568,24.538,24.538,24.53,24.507,24.485,24.492,24.492,24.492,24.507,24.492,24.507,24.485,24.477,24.462,24.447,24.454,24.432,24.439,24.424,24.401,24.394,24.394,24.409,24.416,24.394,24.379,24.348,24.356,24.341,24.348,24.348,24.325,24.325,24.318,24.318,24.318,24.31,24.318,24.28,24.249,24.234,24.227,24.204,24.227,24.242,24.249,24.242,24.265,24.249,24.234,24.219,24.204,24.196,24.204,24.181,24.189,24.166,24.158,24.151,24.143,24.128,24.12,24.128,24.128,24.113,24.113,24.113,24.105,24.105,24.12,24.113,24.097,24.097,24.052,24.052,24.052,24.006,23.998,24.014,24.021,24.037,24.029,24.014,24.006,24.014,24.006,23.976,23.976,24.014,23.983,23.991,23.976,23.938,23.938,23.93,23.938,23.96,23.968,23.968,23.945,23.953,23.945,23.915,23.938,23.945,23.93,23.915,23.907,23.922,23.938,23.953,23.877,23.892,23.899,23.907,23.892,23.907,23.877,23.869,23.861,23.861,23.861,23.846,23.838,23.831,23.846,23.808,23.816,23.808,23.793,23.785,23.808,23.793,23.808,23.793,23.8,23.8,23.8,23.808,23.823,23.816,23.793,23.785,23.793,23.777,23.77,23.77,23.762,23.77,23.747,23.732,23.755,23.701,23.693,23.709,23.701,23.693,23.686,23.671,23.686,23.693,23.716,23.732,23.701,23.686,23.686,23.686,23.663,23.701,23.686,23.671,23.655,23.709,23.686,23.678,23.678,23.686,23.671,23.739,23.693,23.732,23.709,23.716,23.724,23.724,23.693,23.686,23.701,23.701,23.693,23.709,23.747
,23.556,23.548,23.571,23.564,23.556,23.571,23.525,23.518,23.495,23.487,23.502,23.502,23.51,23.556,23.564,23.579,23.586,23.586,23.586,23.579,23.594,23.617,23.609,23.632,23.617,23.594,23.609,23.625,23.625,23.632,23.632,23.648,23.648,23.648,23.64,23.663,23.671,23.678,23.671,23.678,23.671,23.655,23.655,23.655,23.655,23.663,23.663,23.671,23.64,23.671,23.686,23.678,23.671,23.663,23.663,23.693,23.709,23.693,23.701,23.693,23.663,23.686,23.693,23.739,23.732,23.709,23.716,23.709,23.716,23.732,23.755,23.747,23.739,23.739,23.747,23.747,23.762,23.755,23.755,23.762,23.785,23.755,23.785,23.8,23.808,23.823,23.823,23.831,23.831,23.831,23.823,23.823,23.877,23.838,23.846,23.854,23.846,23.846,23.846,23.854,23.877,23.869,23.854,23.854,23.861,23.854,23.846,23.854,23.846,23.861,23.854,23.877,23.884,23.899,23.907,23.907,23.915,23.922,23.93,23.938,23.953,23.953,23.96,23.953,23.93,23.93,23.907,23.96,23.968,23.968,23.976,23.983,23.991,23.998,23.991,24.006,23.998,23.983,23.998,23.983,23.991,24.006,23.998,24.052,24.044,24.044,24.021,24.044,24.037,24.052,24.052,24.067,24.059,24.075,24.082,24.097,24.12,24.12,24.12,24.113,24.113,24.12,24.143,24.143,24.166,24.166,24.173,24.173,24.173,24.158,24.173,24.151,24.166,24.173,24.166,24.181,24.196,24.219,24.204,24.234,24.249,24.219,24.249,24.249,24.234,24.242,24.249,24.249,24.265,24.257,24.249,24.28,24.272,24.28,24.303,24.303,24.318,24.333,24.333,24.348,24.379,24.371,24.394,24.394,24.409,24.424,24.432,24.447,24.462,24.485,24.485,24.462,24.485,24.507,24.507,24.515,24.538,24.545,24.553,24.591,24.591,24.613,24.613,24.636,24.651,24.659,24.659,24.666,24.674,24.689,24.689,24.735,24.719,24.818,24.954,25.059,25.157,25.338,25.36,25.51,25.593,25.758,25.84,26.146,26.325,26.741,26.963,27.289,27.694,27.782,28.265,28.601,28.594,28.608,28.499,28.258,28.258,28.229,28.199,28.331,28.739,29.146,29.32,30.214,30.908,31.42,32,32.219,32.353,32.907,33.194,34.265,34.762,35.023,35.154,35.263,35.27,35.339,35.441,35.482,35.551,35.599,35.64,35.701,35.776,35.831,35.858,35.886,35.947,36.035,36.035,36.158,36.185,36.24,36.233,36.246,36.28,36.294,36.328,36.335,36.348,36.423,36.43,36.443,36.457,36.443,36.416,36.389,36.328,36.294,36.287,36.206,36.185,36.076,36.035,36.042,36.001,36.022,35.988,35.947,35.947,35.906,35.858,35.81,35.776,35.742,35.742,35.749,35.742,35.749,35.756,35.763,35.783,35.783,35.79,35.79,35.797,35.79,35.797,35.804,35.804,35.831,35.81,35.817,35.817,35.804,35.783,35.77,35.742,35.742,35.701,35.701,35.66,35.64,35.612,35.551,35.517,35.503,35.469,35.455,35.441,35.448,35.441,35.455,35.482,35.51,35.571,35.606,35.688,35.722,35.708,35.688,35.694,35.722,35.688,35.681,35.653,35.64,35.633,35.612,35.599,35.551,35.489,35.455,35.387,35.352,35.311,35.27,35.256,35.215,35.167,35.133,35.099,35.078,35.044,35.002,34.961,34.872,34.851,34.748,34.638,34.431,34.258,33.828,32.578,31.902,31.072,30.679,30.113,29.45,29.124,28.346,27.826,27.583,26.815,26.34,26.191,25.937,25.81,25.668,25.645,25.585,25.57,25.525,25.51,25.465,25.277,25.119,24.931,24.878,24.855,24.833,24.795,24.757,24.735,24.689,24.689,24.682,24.659,24.674,24.629,24.629,24.613,24.591,24.591,24.576,24.583,24.568,24.568,24.545,24.507,24.492,24.492,24.477,24.485,24.492,24.485,24.485,24.5,24.515,24.507,24.477,24.462,24.454,24.447,24.439,24.424,24.409,24.401,24.409,24.409,24.424,24.416,24.394,24.356,24.371,24.333,24.325,24.363,24.333,24.333,24.341,24.348,24.325,24.348,24.325,24.31,24.287,24.242,24.234,24.242,24.234,24.242,24.257,24.242,24.234,24.249,24.242,24.227,24.227,24.204,24.189,24.196,24.181,24.158,24.158,24.143,24.143,24.143,24.135,24.128,24.113,24.12,24.105,24.105,24.113,24.113,24.113,24.12,24.067,24.09,24.082,24.082,24.044,24.021,24.029,24.044,24.037,24.037,24.029,24.037,24.006,23.998,23.991,23.976,23.991,23.983,23.983,23.991,23.968,23.96,23.96,23.938,23.945,23.968,23.938,23.976,23.945,23.953,23.945,23.922,23.938,23.953,23.922,23.915,23.915,23.915,23.922,23.915,23.915,23.907,23.899,23.892,23.915,23.899,23.892,23.892,23.861,23.861,23.877,23.861,23.861,23.846,23.816,23.816,23.816,23.808,23.8,23.8,23.785,23.777,23.8,23.8,23.808,23.816,23.816,23.816,23.808,23.808,23.785,23.8,23.793,23.8,23.777,23.8,23.793,23.747,23.739,23.709,23.701,23.709,23.693,23.693,23.693,23.686,23.686,23.693,23.701,23.663,23.732,23.724,23.701,23.678,23.686,23.678,23.663,23.686,23.671,23.678,23.678,23.709,23.693,23.671,23.663,23.617,23.693,23.701,23.701,23.701,23.701,23.739,23.686,23.724,23.686,23.693,23.709,23.693,23.724,23.732,23.663
,23.564,23.548,23.548,23.548,23.556,23.548,23.541,23.518,23.487,23.472,23.495,23.495,23.518,23.541,23.564,23.533,23.541,23.556,23.571,23.586,23.579,23.609,23.602,23.586,23.632,23.609,23.609,23.602,23.625,23.625,23.648,23.64,23.663,23.663,23.671,23.663,23.655,23.648,23.686,23.617,23.594,23.648,23.64,23.648,23.655,23.648,23.648,23.663,23.663,23.678,23.671,23.678,23.648,23.655,23.663,23.671,23.686,23.701,23.693,23.693,23.693,23.709,23.716,23.693,23.709,23.701,23.678,23.709,23.724,23.716,23.739,23.739,23.732,23.747,23.732,23.747,23.755,23.747,23.762,23.747,23.777,23.777,23.793,23.8,23.816,23.816,23.823,23.823,23.823,23.823,23.808,23.808,23.831,23.846,23.838,23.831,23.838,23.838,23.877,23.861,23.877,23.861,23.854,23.846,23.838,23.846,23.861,23.854,23.838,23.854,23.861,23.869,23.884,23.884,23.907,23.915,23.915,23.915,23.945,23.953,23.945,23.953,23.938,23.899,23.922,23.915,23.96,23.93,23.96,23.968,23.938,23.96,23.976,23.991,24.006,23.998,23.998,23.983,23.998,23.991,23.983,24.006,24.006,24.052,24.037,24.029,24.044,24.006,24.052,24.052,24.059,24.067,24.075,24.075,24.097,24.097,24.128,24.113,24.12,24.128,24.12,24.135,24.12,24.151,24.158,24.158,24.158,24.151,24.173,24.151,24.173,24.151,24.166,24.173,24.181,24.204,24.189,24.219,24.219,24.227,24.242,24.242,24.242,24.234,24.249,24.242,24.249,24.242,24.287,24.272,24.265,24.28,24.272,24.28,24.295,24.295,24.318,24.325,24.348,24.348,24.371,24.363,24.386,24.401,24.416,24.409,24.432,24.454,24.462,24.485,24.485,24.5,24.485,24.492,24.5,24.507,24.53,24.56,24.576,24.583,24.591,24.613,24.621,24.629,24.651,24.644,24.651,24.659,24.666,24.682,24.735,24.78,24.893,25.067,25.195,25.165,25.247,25.375,25.51,25.615,25.63,25.907,26.072,26.169,26.689,26.867,27.348,27.429,27.855,28.177,28.477,28.579,28.579,28.455,28.236,28.177,28.082,28.002,28.163,28.557,28.972,29.436,30.063,30.9,31.349,31.739,32.156,32.416,32.711,32.774,32.9,33.981,34.713,35.044,35.099,35.208,35.284,35.346,35.393,35.53,35.558,35.612,35.653,35.674,35.694,35.783,35.824,35.899,35.981,35.995,36.035,36.069,36.131,36.165,36.219,36.233,36.26,36.274,36.314,36.321,36.348,36.403,36.423,36.43,36.436,36.43,36.43,36.403,36.375,36.341,36.246,36.274,36.192,36.117,36.049,36.042,36.029,36.029,36.029,36.001,35.96,35.899,35.865,35.81,35.79,35.749,35.735,35.722,35.729,35.742,35.756,35.763,35.776,35.783,35.776,35.783,35.77,35.756,35.776,35.783,35.797,35.783,35.79,35.797,35.79,35.776,35.763,35.749,35.715,35.701,35.674,35.674,35.633,35.599,35.565,35.51,35.496,35.469,35.455,35.435,35.428,35.441,35.441,35.455,35.482,35.476,35.537,35.626,35.681,35.694,35.701,35.735,35.708,35.701,35.681,35.674,35.66,35.64,35.619,35.619,35.558,35.544,35.469,35.455,35.38,35.346,35.318,35.277,35.236,35.202,35.147,35.126,35.092,35.051,35.023,34.989,34.941,34.913,34.824,34.782,34.665,34.382,34.306,33.71,32.76,32.078,31.292,30.758,30.156,29.667,29.508,28.797,28.273,27.591,27.023,26.689,26.385,26.146,25.78,25.758,25.683,25.675,25.645,25.653,25.683,25.675,25.698,25.638,25.345,24.893,24.886,24.848,24.803,24.765,24.75,24.704,24.689,24.682,24.666,24.682,24.621,24.644,24.621,24.606,24.598,24.598,24.591,24.576,24.568,24.545,24.53,24.515,24.485,24.507,24.492,24.485,24.515,24.515,24.507,24.523,24.5,24.477,24.477,24.447,24.439,24.439,24.439,24.424,24.424,24.416,24.416,24.416,24.409,24.386,24.371,24.356,24.356,24.341,24.341,24.333,24.371,24.348,24.356,24.348,24.341,24.341,24.325,24.295,24.272,24.257,24.257,24.249,24.257,24.249,24.249,24.242,24.234,24.249,24.219,24.227,24.227,24.204,24.196,24.181,24.158,24.151,24.143,24.143,24.135,24.128,24.135,24.128,24.113,24.113,24.105,24.113,24.105,24.105,24.097,24.105,24.097,24.082,24.12,24.059,24.037,24.021,24.052,24.014,24.075,24.037,24.029,23.998,24.006,24.029,23.983,24.029,23.998,23.983,23.983,23.968,23.968,23.968,23.953,23.96,23.953,23.968,23.945,23.96,23.96,23.922,23.93,23.945,23.93,23.899,23.922,23.922,23.915,23.938,23.93,23.907,23.915,23.899,23.884,23.884,23.892,23.884,23.869,23.846,23.877,23.877,23.877,23.854,23.861,23.823,23.846,23.816,23.8,23.808,23.8,23.808,23.77,23.8,23.816,23.823,23.823,23.816,23.816,23.8,23.793,23.816,23.808,23.793,23.8,23.808,23.793,23.77,23.747,23.747,23.716,23.709,23.686,23.693,23.686,23.686,23.693,23.686,23.671,23.686,23.701,23.732,23.716,23.716,23.701,23.686,23.678,23.663,23.655,23.671,23.678,23.678,23.678,23.678,23.671,23.686,23.655,23.671,23.663,23.716,23.709,23.701,23.716,23.701,23.686,23.693,23.701,23.724,23.709,23.732,23.732,23.739
,23.541,23.548,23.548,23.548,23.525,23.548,23.525,23.518,23.51,23.479,23.479,23.502,23.487,23.518,23.533,23.564,23.579,23.564,23.579,23.571,23.556,23.602,23.594,23.625,23.594,23.586,23.617,23.602,23.609,23.625,23.625,23.648,23.648,23.663,23.655,23.671,23.655,23.64,23.671,23.625,23.693,23.617,23.64,23.648,23.655,23.663,23.648,23.678,23.648,23.678,23.663,23.663,23.671,23.655,23.671,23.671,23.678,23.701,23.686,23.686,23.693,23.701,23.709,23.701,23.701,23.701,23.701,23.701,23.709,23.724,23.732,23.732,23.732,23.739,23.739,23.739,23.747,23.747,23.762,23.747,23.747,23.777,23.785,23.808,23.808,23.816,23.823,23.808,23.831,23.816,23.793,23.808,23.808,23.823,23.846,23.846,23.854,23.846,23.854,23.854,23.892,23.861,23.869,23.854,23.854,23.846,23.838,23.846,23.854,23.854,23.861,23.869,23.877,23.884,23.899,23.915,23.922,23.953,23.938,23.945,23.938,23.93,23.915,23.907,23.892,23.922,23.915,23.93,23.953,23.96,23.96,23.96,23.983,23.983,23.983,23.998,23.991,23.991,23.991,23.998,24.006,24.014,24.029,24.037,24.029,24.044,24.044,24.006,24.044,24.044,24.067,24.075,24.075,24.075,24.075,24.082,24.09,24.128,24.12,24.128,24.12,24.12,24.12,24.143,24.135,24.151,24.151,24.173,24.143,24.166,24.158,24.166,24.173,24.166,24.173,24.196,24.189,24.219,24.204,24.204,24.227,24.234,24.234,24.249,24.242,24.249,24.227,24.265,24.249,24.28,24.287,24.28,24.28,24.287,24.287,24.295,24.303,24.325,24.356,24.363,24.371,24.371,24.379,24.394,24.401,24.424,24.424,24.447,24.447,24.47,24.477,24.492,24.477,24.492,24.507,24.515,24.538,24.545,24.568,24.583,24.591,24.613,24.621,24.651,24.666,24.674,24.682,24.674,24.666,24.75,24.803,24.931,24.984,25.172,25.277,25.308,25.3,25.428,25.45,25.578,25.728,25.87,26.258,26.726,26.875,26.897,27.384,27.591,28.104,28.499,28.543,28.521,28.44,28.243,27.987,28.038,27.98,28.148,28.302,28.834,29.305,30.185,30.836,31.157,31.484,31.944,32.233,32.55,32.704,32.641,32.69,33.988,34.755,34.989,35.14,35.195,35.284,35.325,35.455,35.469,35.537,35.585,35.626,35.674,35.749,35.783,35.817,35.879,35.94,35.981,36.035,36.083,36.117,36.172,36.172,36.206,36.24,36.267,36.287,36.321,36.335,36.355,36.396,36.416,36.416,36.436,36.423,36.375,36.375,36.348,36.314,36.294,36.267,36.212,36.192,36.117,36.069,36.056,36.069,36.022,36.008,35.906,35.892,35.858,35.79,35.783,35.729,35.715,35.749,35.756,35.756,35.763,35.783,35.776,35.77,35.783,35.763,35.729,35.776,35.749,35.742,35.77,35.783,35.79,35.763,35.756,35.742,35.729,35.715,35.694,35.66,35.66,35.606,35.558,35.53,35.476,35.462,35.441,35.428,35.435,35.421,35.448,35.448,35.462,35.482,35.558,35.565,35.64,35.66,35.674,35.694,35.708,35.708,35.701,35.688,35.674,35.653,35.633,35.619,35.585,35.53,35.489,35.421,35.373,35.339,35.304,35.284,35.25,35.25,35.174,35.14,35.078,35.064,35.057,35.016,34.975,34.947,34.886,34.824,34.803,34.686,34.438,34.237,33.48,32.36,32.064,31.781,31.022,30.822,30.027,29.688,29.284,28.177,27.708,27.539,26.919,26.511,26.318,25.96,25.728,25.735,25.75,25.72,25.75,25.832,25.885,25.825,25.81,25.877,25.443,25.112,24.855,24.855,24.795,24.757,24.727,24.712,24.666,24.659,24.659,24.636,24.666,24.629,24.621,24.606,24.606,24.576,24.576,24.583,24.568,24.53,24.5,24.492,24.5,24.5,24.477,24.515,24.507,24.515,24.515,24.5,24.485,24.47,24.462,24.447,24.447,24.432,24.432,24.432,24.416,24.409,24.409,24.401,24.386,24.379,24.348,24.363,24.356,24.348,24.348,24.363,24.348,24.363,24.341,24.341,24.341,24.325,24.295,24.287,24.272,24.257,24.257,24.265,24.249,24.249,24.249,24.242,24.242,24.242,24.219,24.219,24.211,24.204,24.196,24.189,24.166,24.151,24.143,24.135,24.128,24.128,24.113,24.105,24.113,24.105,24.113,24.113,24.143,24.097,24.067,24.143,24.097,24.105,24.12,24.052,24.067,24.059,24.059,24.044,24.059,24.014,24.014,24.021,24.029,23.991,24.014,23.991,23.991,24.006,23.976,23.983,23.968,23.998,23.96,23.953,23.96,23.953,23.953,23.945,23.938,23.945,23.938,23.892,23.96,23.915,23.915,23.922,23.922,23.922,23.915,23.907,23.907,23.899,23.915,23.899,23.869,23.892,23.861,23.877,23.877,23.869,23.846,23.846,23.831,23.808,23.823,23.808,23.8,23.793,23.793,23.785,23.777,23.793,23.823,23.816,23.823,23.816,23.808,23.808,23.77,23.831,23.816,23.823,23.831,23.8,23.77,23.755,23.724,23.701,23.701,23.678,23.686,23.678,23.678,23.693,23.678,23.686,23.701,23.709,23.732,23.701,23.716,23.663,23.693,23.648,23.686,23.655,23.663,23.663,23.671,23.671,23.678,23.655,23.686,23.671,23.671,23.663,23.678,23.693,23.693,23.709,23.701,23.716,23.686,23.686,23.686,23.739,23.739,23.724,23.709
,23.533,23.541,23.541,23.548,23.533,23.541,23.518,23.51,23.51,23.479,23.449,23.464,23.487,23.487,23.518,23.533,23.556,23.556,23.556,23.571,23.586,23.579,23.594,23.586,23.594,23.586,23.571,23.579,23.594,23.602,23.617,23.632,23.632,23.648,23.655,23.648,23.648,23.632,23.625,23.655,23.625,23.671,23.632,23.648,23.663,23.663,23.663,23.678,23.655,23.671,23.663,23.655,23.671,23.671,23.655,23.663,23.678,23.671,23.693,23.701,23.724,23.701,23.716,23.701,23.716,23.709,23.693,23.732,23.693,23.716,23.747,23.724,23.739,23.732,23.724,23.732,23.747,23.739,23.762,23.777,23.755,23.762,23.785,23.808,23.808,23.816,23.816,23.823,23.808,23.823,23.793,23.777,23.793,23.816,23.838,23.838,23.846,23.838,23.831,23.846,23.854,23.854,23.854,23.846,23.838,23.846,23.838,23.854,23.854,23.869,23.869,23.884,23.884,23.892,23.899,23.907,23.93,23.945,23.938,23.938,23.938,23.915,23.907,23.899,23.93,23.938,23.922,23.945,23.953,23.93,23.945,23.96,23.968,23.976,23.983,23.998,23.998,23.983,23.991,23.983,23.998,24.006,24.037,24.029,24.037,24.044,24.044,24.021,24.044,24.067,24.052,24.059,24.075,24.075,24.075,24.097,24.113,24.105,24.113,24.113,24.113,24.12,24.128,24.12,24.135,24.143,24.135,24.143,24.151,24.158,24.166,24.166,24.181,24.173,24.166,24.196,24.173,24.189,24.181,24.219,24.219,24.242,24.249,24.272,24.227,24.234,24.249,24.257,24.287,24.272,24.28,24.287,24.287,24.287,24.287,24.295,24.303,24.356,24.348,24.356,24.371,24.363,24.371,24.394,24.401,24.416,24.424,24.447,24.439,24.462,24.485,24.477,24.492,24.492,24.492,24.515,24.545,24.545,24.568,24.583,24.591,24.606,24.636,24.659,24.644,24.682,24.727,24.757,24.78,24.938,24.878,25.119,25.149,25.18,25.24,25.36,25.42,25.518,25.66,25.705,25.818,26.094,26.385,26.86,26.912,27.436,27.745,27.95,28.426,28.462,28.499,28.426,28.199,28.002,27.943,27.965,28.016,28.397,28.943,29.305,30.07,30.529,30.936,31.335,31.548,32.12,32.318,32.494,32.711,32.451,32.536,33.981,34.824,34.92,35.14,35.222,35.277,35.311,35.366,35.421,35.524,35.551,35.612,35.694,35.708,35.77,35.845,35.858,35.906,35.981,36.022,36.049,36.097,36.124,36.158,36.172,36.212,36.246,36.274,36.301,36.335,36.341,36.375,36.389,36.389,36.389,36.382,36.369,36.348,36.335,36.328,36.294,36.28,36.274,36.219,36.206,36.172,36.138,36.117,36.083,36.042,35.995,35.94,35.865,35.838,35.81,35.77,35.776,35.756,35.749,35.77,35.77,35.776,35.776,35.763,35.77,35.763,35.742,35.722,35.722,35.729,35.742,35.749,35.763,35.749,35.742,35.722,35.694,35.701,35.66,35.667,35.612,35.565,35.524,35.496,35.469,35.455,35.435,35.414,35.435,35.428,35.441,35.448,35.496,35.51,35.558,35.585,35.633,35.653,35.681,35.708,35.722,35.708,35.688,35.694,35.674,35.64,35.626,35.599,35.565,35.524,35.462,35.38,35.359,35.325,35.311,35.277,35.243,35.195,35.16,35.112,35.092,35.051,34.989,34.947,34.927,34.906,34.886,34.81,34.748,34.665,34.451,34.244,33.39,32.423,32.198,31.703,31.093,30.829,30.206,30.034,29.472,28.914,28.148,27.679,27.097,26.8,26.392,25.937,25.788,25.72,25.818,25.795,25.803,25.989,25.975,26.012,26.034,25.945,25.75,25.728,25.082,24.893,24.886,24.765,24.727,24.735,24.735,24.659,24.674,24.666,24.674,24.651,24.636,24.621,24.606,24.606,24.591,24.576,24.553,24.53,24.492,24.5,24.507,24.515,24.53,24.5,24.523,24.5,24.507,24.5,24.485,24.462,24.454,24.439,24.432,24.439,24.439,24.439,24.439,24.416,24.416,24.386,24.394,24.363,24.371,24.363,24.386,24.363,24.363,24.371,24.379,24.363,24.348,24.348,24.341,24.325,24.303,24.295,24.272,24.265,24.265,24.265,24.272,24.257,24.272,24.249,24.242,24.227,24.211,24.227,24.211,24.204,24.204,24.181,24.151,24.143,24.143,24.135,24.128,24.12,24.128,24.097,24.105,24.097,24.105,24.097,24.082,24.082,24.097,24.082,24.105,24.097,24.097,24.09,24.082,24.067,24.052,24.052,24.059,24.021,24.021,24.006,24.044,24.006,24.006,24.021,23.998,23.991,23.983,23.983,23.983,23.976,23.991,23.983,23.983,23.976,23.945,23.953,23.93,23.907,23.877,23.884,23.892,23.899,23.907,23.899,23.915,23.907,23.922,23.915,23.907,23.907,23.892,23.854,23.884,23.884,23.877,23.877,23.877,23.861,23.846,23.831,23.846,23.808,23.793,23.793,23.793,23.793,23.77,23.793,23.793,23.8,23.816,23.793,23.831,23.793,23.816,23.808,23.8,23.8,23.816,23.831,23.808,23.8,23.793,23.739,23.739,23.709,23.709,23.693,23.671,23.693,23.632,23.64,23.671,23.678,23.709,23.709,23.701,23.747,23.686,23.724,23.701,23.663,23.671,23.632,23.632,23.655,23.648,23.671,23.678,23.663,23.671,23.686,23.655,23.686,23.663,23.678,23.701,23.701,23.716,23.686,23.686,23.724,23.732,23.747,23.709,23.716,23.671
,23.556,23.564,23.556,23.541,23.541,23.533,23.541,23.533,23.502,23.464,23.487,23.487,23.518,23.533,23.556,23.533,23.564,23.602,23.571,23.579,23.571,23.579,23.586,23.594,23.586,23.602,23.586,23.594,23.594,23.602,23.625,23.632,23.632,23.655,23.648,23.648,23.64,23.64,23.625,23.609,23.609,23.625,23.655,23.663,23.678,23.663,23.678,23.663,23.671,23.655,23.655,23.655,23.648,23.648,23.671,23.671,23.671,23.678,23.686,23.701,23.724,23.762,23.732,23.724,23.716,23.709,23.732,23.739,23.732,23.732,23.732,23.716,23.732,23.739,23.739,23.739,23.724,23.747,23.777,23.785,23.823,23.785,23.785,23.793,23.8,23.831,23.808,23.8,23.8,23.793,23.785,23.793,23.8,23.808,23.831,23.831,23.838,23.846,23.831,23.831,23.823,23.823,23.838,23.846,23.838,23.831,23.838,23.831,23.846,23.877,23.877,23.884,23.899,23.892,23.915,23.922,23.93,23.953,23.953,23.945,23.922,23.915,23.907,23.907,23.922,23.938,23.938,23.945,23.945,23.938,23.938,23.938,23.96,23.968,23.983,23.998,24.006,23.998,24.006,23.991,23.998,24.021,24.021,24.052,24.037,24.052,24.052,24.052,24.059,24.09,24.067,24.059,24.059,24.067,24.067,24.097,24.097,24.097,24.105,24.12,24.105,24.113,24.113,24.128,24.143,24.135,24.151,24.143,24.158,24.166,24.173,24.166,24.173,24.181,24.181,24.151,24.181,24.196,24.189,24.204,24.234,24.234,24.257,24.249,24.242,24.227,24.265,24.272,24.28,24.28,24.287,24.295,24.303,24.295,24.295,24.303,24.318,24.363,24.356,24.356,24.371,24.379,24.379,24.386,24.401,24.416,24.424,24.432,24.462,24.47,24.485,24.485,24.492,24.507,24.515,24.53,24.538,24.545,24.598,24.591,24.629,24.644,24.629,24.666,24.666,24.863,24.893,24.976,24.984,24.938,25.195,25.225,25.292,25.308,25.338,25.45,25.51,25.69,25.78,25.922,25.937,26.295,26.667,26.956,27.252,27.679,27.811,28.199,28.455,28.477,28.375,28.367,27.972,27.906,27.877,28.024,28.411,28.754,29.24,30.041,30.407,30.851,31.093,31.271,31.441,32.149,32.29,32.564,32.599,31.682,32.613,34.022,34.796,34.906,35.071,35.202,35.263,35.346,35.359,35.414,35.53,35.565,35.619,35.653,35.735,35.783,35.838,35.858,35.892,35.967,35.995,36.035,36.076,36.117,36.144,36.172,36.206,36.226,36.28,36.294,36.314,36.328,36.341,36.369,36.369,36.369,36.355,36.335,36.328,36.335,36.321,36.301,36.274,36.28,36.28,36.28,36.178,36.219,36.158,36.104,36.131,36.042,35.981,35.892,35.858,35.824,35.831,35.81,35.776,35.783,35.81,35.763,35.783,35.783,35.783,35.756,35.742,35.722,35.722,35.715,35.722,35.735,35.729,35.729,35.742,35.722,35.701,35.688,35.667,35.653,35.619,35.599,35.571,35.53,35.503,35.462,35.476,35.435,35.421,35.428,35.435,35.448,35.462,35.476,35.51,35.524,35.544,35.606,35.694,35.708,35.722,35.735,35.715,35.708,35.701,35.681,35.653,35.626,35.592,35.544,35.51,35.428,35.4,35.339,35.298,35.27,35.263,35.229,35.202,35.16,35.119,35.051,35.009,34.996,34.961,34.913,34.886,34.837,34.796,34.748,34.665,34.355,34.265,33.299,32.275,32.402,31.887,31.597,30.822,30.293,29.962,29.407,29.11,28.338,27.987,27.642,27.052,26.481,26.087,25.877,25.758,25.735,25.773,25.967,25.96,26.004,26.034,26.101,26.094,26.012,25.945,25.735,24.946,24.984,24.901,24.81,24.772,24.735,24.697,24.697,24.666,24.659,24.666,24.636,24.651,24.613,24.613,24.606,24.591,24.583,24.545,24.553,24.553,24.53,24.538,24.515,24.523,24.5,24.523,24.5,24.515,24.485,24.485,24.47,24.485,24.447,24.447,24.462,24.432,24.439,24.432,24.416,24.424,24.401,24.386,24.386,24.386,24.371,24.379,24.386,24.371,24.371,24.341,24.348,24.348,24.333,24.333,24.31,24.295,24.28,24.272,24.272,24.272,24.257,24.272,24.257,24.242,24.234,24.242,24.219,24.227,24.227,24.211,24.204,24.189,24.166,24.143,24.135,24.143,24.12,24.143,24.113,24.105,24.113,24.097,24.09,24.09,24.082,24.097,24.097,24.113,24.143,24.12,24.097,24.075,24.067,24.052,24.059,24.067,24.029,24.037,24.037,24.037,24.037,24.067,24.052,24.037,24.014,24.014,24.006,23.983,23.983,23.976,23.998,23.983,23.991,23.976,23.96,23.938,23.938,23.907,23.899,23.953,23.915,23.907,23.899,23.899,23.907,23.915,23.922,23.907,23.899,23.907,23.899,23.899,23.869,23.854,23.892,23.877,23.877,23.854,23.846,23.823,23.816,23.831,23.816,23.793,23.785,23.793,23.793,23.8,23.823,23.77,23.793,23.8,23.785,23.808,23.808,23.831,23.808,23.785,23.808,23.8,23.808,23.777,23.777,23.77,23.747,23.732,23.732,23.709,23.663,23.693,23.678,23.693,23.678,23.701,23.732,23.655,23.709,23.716,23.693,23.709,23.693,23.655,23.655,23.648,23.655,23.655,23.632,23.655,23.632,23.678,23.678,23.678,23.655,23.678,23.663,23.701,23.709,23.709,23.716,23.709,23.724,23.693,23.747,23.716,23.747,23.671,23.732
,23.556,23.556,23.564,23.548,23.518,23.525,23.518,23.51,23.541,23.518,23.525,23.51,23.502,23.556,23.548,23.571,23.571,23.548,23.586,23.571,23.586,23.586,23.579,23.571,23.586,23.594,23.594,23.586,23.602,23.586,23.594,23.602,23.609,23.617,23.625,23.64,23.625,23.625,23.617,23.625,23.617,23.617,23.64,23.64,23.671,23.678,23.671,23.648,23.663,23.648,23.655,23.655,23.648,23.671,23.663,23.671,23.663,23.671,23.678,23.693,23.716,23.732,23.732,23.739,23.732,23.716,23.739,23.732,23.732,23.747,23.739,23.701,23.739,23.739,23.732,23.739,23.716,23.739,23.762,23.747,23.747,23.777,23.777,23.777,23.8,23.808,23.823,23.816,23.831,23.816,23.785,23.8,23.8,23.808,23.838,23.823,23.823,23.823,23.823,23.808,23.838,23.823,23.831,23.854,23.838,23.831,23.846,23.861,23.854,23.884,23.892,23.907,23.907,23.922,23.938,23.938,23.945,23.938,23.945,23.938,23.93,23.938,23.922,23.922,23.907,23.93,23.945,23.945,23.938,23.945,23.93,23.938,23.96,23.96,23.983,23.998,24.014,24.014,24.006,23.998,24.006,24.021,24.021,24.044,24.044,24.052,24.067,24.067,24.067,24.059,24.052,24.052,24.044,24.075,24.082,24.075,24.09,24.097,24.105,24.12,24.105,24.113,24.128,24.128,24.135,24.151,24.151,24.158,24.166,24.173,24.166,24.158,24.173,24.166,24.166,24.158,24.158,24.166,24.196,24.196,24.234,24.219,24.265,24.272,24.234,24.265,24.28,24.265,24.28,24.287,24.295,24.303,24.31,24.325,24.325,24.31,24.341,24.363,24.363,24.356,24.371,24.371,24.371,24.394,24.401,24.401,24.416,24.432,24.439,24.477,24.485,24.485,24.492,24.507,24.538,24.538,24.56,24.56,24.576,24.621,24.651,24.651,24.697,24.772,24.908,25.014,25.082,25.149,25.195,25.202,25.3,25.323,25.33,25.315,25.405,25.57,25.75,25.78,25.937,26.042,26.176,26.689,26.838,27.104,27.561,27.782,28.36,28.419,28.47,28.44,28.207,27.921,27.848,27.833,28.119,28.185,28.725,29.066,29.688,30.3,30.743,31.029,31.164,31.32,31.391,32.127,32.304,32.599,32.282,31.654,32.641,33.953,34.824,35.037,35.105,35.202,35.27,35.284,35.339,35.4,35.441,35.517,35.599,35.66,35.708,35.763,35.81,35.851,35.879,35.947,35.967,36.015,36.069,36.09,36.138,36.165,36.192,36.219,36.267,36.287,36.301,36.314,36.335,36.355,36.335,36.307,36.307,36.28,36.287,36.28,36.28,36.301,36.274,36.26,36.267,36.253,36.26,36.24,36.233,36.172,36.151,36.076,36.015,35.96,35.94,35.886,35.845,35.845,35.804,35.817,35.804,35.831,35.804,35.81,35.79,35.797,35.742,35.735,35.729,35.722,35.729,35.729,35.735,35.722,35.715,35.701,35.688,35.694,35.674,35.66,35.674,35.612,35.565,35.558,35.517,35.476,35.476,35.455,35.435,35.435,35.448,35.455,35.482,35.503,35.544,35.571,35.612,35.64,35.708,35.749,35.729,35.742,35.742,35.722,35.701,35.681,35.66,35.626,35.578,35.537,35.476,35.421,35.373,35.311,35.284,35.291,35.229,35.208,35.188,35.133,35.112,35.092,35.037,34.975,34.941,34.879,34.886,34.831,34.762,34.734,34.638,34.375,34.355,33.201,32.219,32.332,31.894,31.512,31.079,30.379,30.278,29.876,29.269,29.117,28.229,27.87,27.178,26.704,26.325,25.989,25.81,25.795,25.765,25.915,26.019,26.109,26.154,26.176,26.169,26.109,26.064,26.057,25.803,25.067,24.916,24.833,24.818,24.772,24.727,24.735,24.704,24.712,24.689,24.659,24.651,24.644,24.606,24.613,24.591,24.568,24.553,24.553,24.538,24.553,24.576,24.53,24.545,24.485,24.515,24.5,24.492,24.492,24.485,24.477,24.47,24.462,24.477,24.439,24.439,24.432,24.432,24.424,24.432,24.416,24.416,24.409,24.394,24.394,24.401,24.386,24.386,24.356,24.348,24.341,24.333,24.341,24.341,24.318,24.303,24.287,24.272,24.28,24.272,24.272,24.272,24.249,24.234,24.234,24.227,24.219,24.211,24.211,24.211,24.196,24.189,24.166,24.151,24.166,24.151,24.158,24.135,24.128,24.113,24.097,24.097,24.082,24.09,24.097,24.113,24.128,24.12,24.113,24.097,24.082,24.067,24.067,24.059,24.044,24.052,24.037,24.044,24.052,24.067,24.075,24.059,24.067,24.052,24.029,24.014,23.998,23.983,23.983,23.968,23.991,24.006,24.014,23.983,23.976,23.953,23.93,23.953,23.922,23.922,23.945,23.907,23.899,23.907,23.899,23.907,23.915,23.915,23.93,23.922,23.907,23.899,23.884,23.884,23.907,23.861,23.854,23.846,23.838,23.846,23.823,23.8,23.808,23.8,23.8,23.793,23.785,23.793,23.808,23.8,23.793,23.793,23.777,23.793,23.808,23.816,23.823,23.808,23.8,23.785,23.793,23.785,23.777,23.77,23.777,23.747,23.709,23.724,23.732,23.671,23.724,23.709,23.686,23.678,23.693,23.709,23.655,23.693,23.686,23.686,23.693,23.678,23.686,23.663,23.64,23.671,23.648,23.663,23.671,23.648,23.693,23.686,23.671,23.678,23.678,23.678,23.693,23.709,23.724,23.724,23.732,23.739,23.724,23.709,23.716,23.686,23.686
,23.556,23.556,23.556,23.556,23.541,23.525,23.518,23.502,23.502,23.487,23.487,23.518,23.541,23.525,23.571,23.564,23.541,23.564,23.571,23.571,23.602,23.579,23.579,23.571,23.571,23.586,23.594,23.602,23.602,23.594,23.609,23.625,23.579,23.617,23.625,23.602,23.632,23.617,23.632,23.609,23.617,23.617,23.625,23.648,23.678,23.678,23.678,23.655,23.671,23.671,23.663,23.655,23.671,23.671,23.671,23.678,23.686,23.686,23.686,23.701,23.709,23.709,23.701,23.716,23.747,23.716,23.716,23.716,23.724,23.739,23.732,23.739,23.732,23.724,23.732,23.739,23.739,23.762,23.762,23.755,23.808,23.755,23.793,23.8,23.793,23.816,23.816,23.816,23.823,23.793,23.808,23.8,23.8,23.793,23.793,23.808,23.823,23.823,23.816,23.831,23.838,23.808,23.8,23.823,23.816,23.823,23.869,23.869,23.869,23.877,23.884,23.915,23.907,23.922,23.93,23.938,23.953,23.953,23.953,23.93,23.945,23.93,23.915,23.938,23.915,23.945,23.96,23.953,23.938,23.938,23.938,23.945,23.953,23.976,23.976,23.998,24.014,24.029,24.014,24.014,23.998,24.014,24.029,24.037,24.052,24.059,24.052,24.067,24.059,24.059,24.059,24.059,24.059,24.059,24.075,24.09,24.082,24.097,24.105,24.105,24.105,24.12,24.105,24.128,24.158,24.128,24.181,24.173,24.173,24.173,24.158,24.158,24.166,24.166,24.173,24.166,24.189,24.166,24.189,24.204,24.227,24.265,24.272,24.28,24.257,24.257,24.265,24.265,24.287,24.295,24.287,24.295,24.318,24.318,24.333,24.341,24.356,24.348,24.363,24.363,24.371,24.379,24.356,24.401,24.424,24.424,24.432,24.454,24.462,24.485,24.492,24.5,24.507,24.53,24.53,24.545,24.591,24.659,24.666,24.629,24.666,24.795,24.938,25.104,25.119,25.149,25.119,25.27,25.277,25.353,25.292,25.368,25.42,25.405,25.465,25.548,25.698,25.989,26.027,26.295,26.37,26.808,27.037,27.407,27.862,28.082,28.411,28.477,28.411,28.426,27.899,27.811,27.789,28.053,28.185,28.535,29.218,29.522,30.113,30.515,30.751,30.851,31.242,31.264,31.427,32.071,32.36,32.536,31.725,31.626,32.613,33.995,34.617,34.961,35.092,35.154,35.256,35.298,35.352,35.387,35.407,35.537,35.585,35.626,35.688,35.742,35.776,35.81,35.892,35.933,35.967,36.008,36.049,36.083,36.11,36.138,36.165,36.185,36.246,36.26,36.287,36.287,36.307,36.314,36.287,36.274,36.26,36.233,36.226,36.226,36.24,36.246,36.267,36.287,36.274,36.294,36.287,36.26,36.253,36.226,36.212,36.158,36.11,36.063,35.974,35.92,35.899,35.865,35.845,35.845,35.851,35.858,35.858,35.831,35.804,35.797,35.79,35.749,35.749,35.735,35.742,35.742,35.742,35.735,35.715,35.722,35.701,35.694,35.701,35.688,35.667,35.64,35.592,35.558,35.53,35.496,35.476,35.469,35.469,35.448,35.441,35.462,35.482,35.496,35.558,35.571,35.585,35.64,35.729,35.742,35.749,35.756,35.749,35.715,35.701,35.694,35.66,35.633,35.585,35.496,35.469,35.393,35.38,35.311,35.263,35.263,35.236,35.222,35.188,35.154,35.105,35.064,35.03,34.954,34.913,34.899,34.858,34.837,34.824,34.762,34.672,34.52,34.265,33.012,31.902,32.226,32.05,31.838,31.47,30.822,30.264,29.76,29.652,29.168,28.557,28.075,27.862,27.17,26.63,26.422,25.81,25.78,25.75,25.847,26.034,26.101,26.176,26.243,26.228,26.161,26.191,26.064,25.907,25.773,25.338,25.036,24.863,24.803,24.765,24.765,24.719,24.712,24.727,24.697,24.682,24.674,24.644,24.636,24.613,24.598,24.568,24.591,24.568,24.576,24.545,24.553,24.568,24.538,24.485,24.485,24.477,24.5,24.492,24.5,24.477,24.485,24.477,24.454,24.454,24.439,24.447,24.432,24.447,24.432,24.424,24.416,24.401,24.409,24.401,24.386,24.379,24.386,24.363,24.341,24.348,24.356,24.348,24.333,24.31,24.303,24.287,24.287,24.28,24.28,24.272,24.242,24.219,24.234,24.242,24.234,24.234,24.204,24.204,24.189,24.196,24.173,24.173,24.166,24.173,24.196,24.181,24.158,24.143,24.105,24.097,24.097,24.097,24.09,24.097,24.12,24.135,24.12,24.097,24.105,24.082,24.059,24.044,24.052,24.052,24.059,24.067,24.075,24.044,24.097,24.082,24.067,24.052,24.029,24.021,23.991,23.991,23.983,23.991,23.991,24.006,23.983,23.991,23.976,23.968,23.953,23.945,23.945,23.938,23.93,23.93,23.922,23.907,23.899,23.907,23.907,23.945,23.945,23.945,23.915,23.869,23.884,23.869,23.899,23.899,23.823,23.831,23.838,23.838,23.831,23.823,23.861,23.808,23.785,23.808,23.808,23.816,23.816,23.838,23.793,23.777,23.777,23.793,23.793,23.816,23.808,23.808,23.8,23.793,23.785,23.777,23.793,23.8,23.747,23.747,23.755,23.693,23.739,23.755,23.701,23.709,23.671,23.701,23.701,23.64,23.732,23.716,23.693,23.716,23.716,23.678,23.678,23.671,23.663,23.686,23.663,23.648,23.655,23.671,23.686,23.648,23.686,23.686,23.655,23.693,23.693,23.693,23.724,23.739,23.747,23.739,23.716,23.762,23.732,23.686,23.671
,23.556,23.548,23.548,23.556,23.556,23.556,23.541,23.518,23.51,23.441,23.51,23.541,23.548,23.571,23.571,23.564,23.564,23.579,23.564,23.579,23.579,23.579,23.586,23.579,23.579,23.594,23.594,23.609,23.625,23.625,23.617,23.594,23.617,23.609,23.602,23.632,23.625,23.625,23.617,23.609,23.609,23.609,23.609,23.625,23.686,23.678,23.64,23.648,23.663,23.663,23.655,23.663,23.671,23.663,23.678,23.693,23.686,23.686,23.678,23.693,23.693,23.678,23.709,23.716,23.701,23.709,23.724,23.716,23.724,23.724,23.732,23.732,23.716,23.724,23.724,23.739,23.739,23.747,23.755,23.808,23.77,23.777,23.8,23.777,23.8,23.808,23.816,23.823,23.831,23.854,23.793,23.831,23.808,23.8,23.808,23.816,23.823,23.816,23.846,23.823,23.861,23.808,23.808,23.831,23.823,23.846,23.854,23.846,23.869,23.892,23.892,23.892,23.915,23.899,23.922,23.938,23.93,23.915,23.938,23.922,23.922,23.922,23.915,23.93,23.938,23.93,23.945,23.953,23.945,23.96,23.953,23.93,23.968,23.976,23.983,24.006,24.021,24.029,24.029,24.021,24.014,24.021,24.014,24.037,24.044,24.052,24.059,24.059,24.067,24.044,24.09,24.044,24.059,24.09,24.059,24.097,24.082,24.082,24.105,24.105,24.143,24.128,24.135,24.158,24.158,24.158,24.166,24.196,24.189,24.173,24.158,24.166,24.158,24.173,24.173,24.181,24.173,24.189,24.204,24.204,24.211,24.272,24.249,24.257,24.249,24.257,24.28,24.249,24.287,24.303,24.303,24.325,24.325,24.325,24.348,24.363,24.356,24.356,24.363,24.371,24.363,24.379,24.401,24.424,24.409,24.432,24.439,24.447,24.477,24.5,24.5,24.515,24.53,24.545,24.568,24.576,24.591,24.644,24.659,24.704,24.908,24.803,25.18,25.225,25.277,25.353,25.338,25.42,25.428,25.428,25.398,25.435,25.458,25.518,25.6,25.758,25.952,26.012,26.258,26.533,26.726,27.03,27.141,27.62,27.649,28.36,28.455,28.448,28.448,28.068,27.76,27.752,27.84,28.046,28.506,28.739,29.631,29.912,30.371,30.457,30.715,30.95,30.929,31.377,31.441,31.654,32.346,32.388,31.498,31.548,32.571,33.64,34.451,35.03,35.078,35.16,35.229,35.284,35.311,35.352,35.407,35.462,35.558,35.633,35.681,35.722,35.783,35.824,35.872,35.94,35.954,35.981,36.029,36.063,36.104,36.117,36.158,36.192,36.212,36.233,36.253,36.246,36.28,36.226,36.24,36.226,36.212,36.219,36.212,36.212,36.212,36.219,36.24,36.28,36.26,36.28,36.301,36.267,36.294,36.267,36.24,36.24,36.144,36.049,36.117,36.015,35.954,35.954,35.886,35.892,35.886,35.892,35.886,35.865,35.906,35.845,35.831,35.831,35.77,35.763,35.756,35.763,35.763,35.763,35.776,35.735,35.742,35.729,35.715,35.701,35.694,35.667,35.626,35.585,35.551,35.524,35.503,35.489,35.462,35.455,35.462,35.469,35.482,35.517,35.558,35.578,35.612,35.674,35.729,35.756,35.756,35.77,35.763,35.735,35.715,35.667,35.647,35.64,35.592,35.503,35.441,35.4,35.359,35.352,35.298,35.284,35.243,35.202,35.181,35.14,35.105,35.057,35.016,34.982,34.906,34.879,34.858,34.844,34.837,34.782,34.624,34.61,34.085,32.346,31.689,32.226,31.894,31.675,31.47,30.865,30.765,29.948,29.818,29.276,28.943,28.36,27.906,27.407,26.86,26.6,25.915,25.758,25.743,25.698,25.997,25.997,26.191,26.288,26.303,26.273,26.243,26.154,26.064,25.915,25.698,25.368,25.563,25.036,24.825,24.772,24.742,24.757,24.719,24.704,24.682,24.682,24.651,24.651,24.629,24.613,24.613,24.621,24.576,24.598,24.576,24.583,24.553,24.515,24.523,24.5,24.492,24.5,24.507,24.5,24.5,24.492,24.492,24.462,24.454,24.462,24.447,24.432,24.454,24.447,24.432,24.432,24.409,24.409,24.401,24.379,24.379,24.363,24.363,24.371,24.356,24.363,24.363,24.341,24.333,24.318,24.295,24.287,24.272,24.257,24.257,24.265,24.249,24.249,24.249,24.249,24.242,24.227,24.204,24.204,24.181,24.181,24.204,24.189,24.204,24.181,24.181,24.135,24.135,24.128,24.113,24.113,24.105,24.105,24.12,24.143,24.143,24.158,24.113,24.105,24.075,24.067,24.044,24.044,24.059,24.075,24.067,24.082,24.067,24.059,24.082,24.067,24.059,24.044,24.014,24.006,23.998,24.014,23.998,23.991,24.014,24.006,23.968,23.983,23.983,23.968,23.96,23.968,23.953,23.968,23.945,23.938,23.922,23.899,23.922,23.922,23.938,23.915,23.945,23.953,23.945,23.915,23.869,23.884,23.884,23.861,23.846,23.823,23.861,23.838,23.877,23.831,23.831,23.846,23.831,23.808,23.854,23.831,23.823,23.8,23.793,23.793,23.8,23.816,23.8,23.823,23.793,23.762,23.755,23.77,23.777,23.8,23.793,23.8,23.785,23.793,23.777,23.755,23.793,23.732,23.724,23.709,23.701,23.693,23.671,23.678,23.724,23.716,23.732,23.701,23.686,23.686,23.686,23.678,23.663,23.663,23.655,23.655,23.671,23.686,23.64,23.678,23.709,23.686,23.686,23.671,23.686,23.732,23.739,23.739,23.747,23.724,23.732,23.732,23.716,23.671
,23.525,23.533,23.533,23.525,23.541,23.525,23.525,23.541,23.502,23.502,23.487,23.487,23.525,23.541,23.556,23.571,23.541,23.586,23.579,23.571,23.579,23.579,23.579,23.564,23.556,23.586,23.602,23.617,23.632,23.617,23.617,23.594,23.617,23.632,23.609,23.617,23.617,23.617,23.617,23.625,23.617,23.617,23.617,23.617,23.648,23.655,23.648,23.655,23.663,23.663,23.655,23.655,23.671,23.671,23.701,23.701,23.709,23.671,23.693,23.686,23.655,23.671,23.678,23.686,23.701,23.709,23.716,23.709,23.716,23.716,23.716,23.709,23.724,23.716,23.716,23.724,23.732,23.739,23.739,23.762,23.777,23.762,23.777,23.77,23.8,23.8,23.808,23.816,23.831,23.823,23.831,23.808,23.808,23.823,23.831,23.831,23.816,23.831,23.831,23.831,23.831,23.808,23.816,23.831,23.823,23.838,23.854,23.877,23.877,23.869,23.892,23.892,23.907,23.892,23.93,23.915,23.938,23.884,23.915,23.907,23.915,23.915,23.899,23.907,23.93,23.915,23.938,23.945,23.953,23.96,23.953,23.953,23.968,23.968,23.991,23.998,24.021,24.014,24.037,24.029,24.006,24.021,24.021,24.052,24.044,24.044,24.052,24.059,24.037,24.052,24.082,24.067,24.059,24.075,24.09,24.082,24.075,24.097,24.082,24.105,24.158,24.181,24.143,24.151,24.128,24.173,24.166,24.166,24.181,24.166,24.158,24.151,24.158,24.166,24.173,24.189,24.189,24.196,24.204,24.227,24.257,24.234,24.242,24.257,24.249,24.234,24.257,24.265,24.265,24.303,24.303,24.325,24.333,24.333,24.348,24.341,24.356,24.363,24.363,24.371,24.386,24.386,24.409,24.409,24.439,24.432,24.447,24.462,24.477,24.492,24.515,24.523,24.53,24.538,24.56,24.598,24.629,24.795,24.954,24.855,25.097,25.187,25.353,25.345,25.435,25.375,25.465,25.443,25.465,25.458,25.458,25.48,25.495,25.653,25.668,25.803,26.057,26.183,26.407,26.622,26.912,27.229,27.561,27.701,28.294,28.448,28.404,28.338,28.075,27.752,27.73,27.789,27.943,28.521,28.717,29.182,29.681,29.876,30.343,30.457,30.629,30.736,31,31.285,31.377,31.845,32.388,32.339,30.672,31.278,32.62,33.529,34.417,34.954,35.078,35.133,35.229,35.291,35.325,35.352,35.387,35.435,35.476,35.558,35.64,35.667,35.742,35.79,35.886,35.892,35.933,35.974,35.981,36.022,36.063,36.076,36.124,36.131,36.144,36.185,36.192,36.199,36.178,36.165,36.185,36.172,36.172,36.178,36.172,36.158,36.165,36.199,36.206,36.253,36.253,36.294,36.287,36.28,36.287,36.28,36.253,36.24,36.219,36.144,36.097,36.069,36.042,36.008,36.001,35.94,35.933,35.913,35.906,35.899,35.892,35.892,35.858,35.851,35.79,35.804,35.776,35.804,35.79,35.77,35.817,35.79,35.77,35.763,35.735,35.722,35.701,35.688,35.653,35.612,35.565,35.53,35.496,35.51,35.469,35.455,35.462,35.455,35.482,35.524,35.544,35.599,35.633,35.681,35.715,35.742,35.763,35.749,35.742,35.708,35.688,35.681,35.64,35.592,35.517,35.517,35.455,35.393,35.38,35.332,35.291,35.27,35.222,35.208,35.154,35.126,35.105,35.057,34.989,34.961,34.92,34.879,34.872,34.858,34.858,34.837,34.686,34.582,33.696,31.993,31.427,32.268,31.979,31.718,31.427,31.029,30.929,30.357,29.883,29.298,29.168,28.615,28.177,27.642,27.097,26.734,26.094,25.78,25.66,25.705,25.743,26.087,26.198,26.251,26.243,26.303,26.273,26.236,26.146,26.019,25.87,25.803,25.773,25.315,25.134,24.855,24.81,24.765,24.75,24.727,24.712,24.666,24.674,24.659,24.644,24.644,24.621,24.606,24.606,24.598,24.583,24.576,24.598,24.485,24.523,24.515,24.5,24.492,24.5,24.515,24.5,24.492,24.5,24.485,24.47,24.454,24.439,24.447,24.439,24.439,24.439,24.439,24.424,24.394,24.394,24.379,24.371,24.371,24.371,24.371,24.379,24.386,24.379,24.363,24.348,24.325,24.31,24.303,24.272,24.272,24.28,24.249,24.272,24.265,24.257,24.265,24.242,24.219,24.227,24.211,24.196,24.196,24.189,24.204,24.196,24.204,24.181,24.143,24.12,24.128,24.113,24.12,24.128,24.135,24.143,24.143,24.143,24.128,24.113,24.113,24.082,24.075,24.075,24.059,24.067,24.09,24.075,24.075,24.082,24.075,24.067,24.059,24.044,24.029,24.021,24.014,24.006,23.998,23.983,24.014,23.991,24.021,23.96,23.968,23.976,23.976,23.96,23.976,23.976,23.968,23.96,23.953,23.93,23.922,23.93,23.922,23.915,23.93,23.96,23.968,23.899,23.938,23.899,23.846,23.907,23.877,23.846,23.846,23.846,23.846,23.831,23.884,23.823,23.838,23.816,23.838,23.816,23.838,23.854,23.816,23.793,23.8,23.808,23.808,23.808,23.793,23.77,23.777,23.747,23.747,23.808,23.762,23.785,23.8,23.793,23.816,23.785,23.747,23.747,23.732,23.724,23.716,23.709,23.709,23.671,23.701,23.716,23.701,23.693,23.709,23.693,23.686,23.693,23.693,23.678,23.686,23.663,23.648,23.701,23.671,23.671,23.678,23.671,23.686,23.693,23.686,23.701,23.709,23.732,23.724,23.732,23.732,23.724,23.724,23.709,23.648
,23.525,23.525,23.533,23.541,23.548,23.556,23.533,23.525,23.525,23.479,23.456,23.51,23.525,23.525,23.533,23.541,23.579,23.548,23.556,23.579,23.579,23.571,23.571,23.548,23.571,23.564,23.564,23.617,23.617,23.64,23.625,23.632,23.602,23.648,23.64,23.671,23.632,23.617,23.632,23.632,23.617,23.625,23.617,23.64,23.648,23.663,23.655,23.663,23.678,23.678,23.648,23.648,23.663,23.709,23.678,23.693,23.701,23.693,23.709,23.655,23.648,23.655,23.671,23.724,23.709,23.709,23.709,23.709,23.709,23.724,23.709,23.716,23.716,23.716,23.724,23.724,23.724,23.739,23.739,23.747,23.77,23.755,23.77,23.762,23.793,23.8,23.785,23.808,23.816,23.816,23.823,23.808,23.816,23.838,23.831,23.838,23.838,23.846,23.838,23.854,23.831,23.854,23.838,23.831,23.838,23.854,23.869,23.877,23.846,23.838,23.869,23.877,23.892,23.907,23.922,23.922,23.922,23.915,23.907,23.884,23.899,23.899,23.899,23.93,23.899,23.915,23.945,23.945,23.93,23.968,23.96,23.976,23.968,23.968,23.983,24.006,23.976,23.998,24.021,24.014,24.021,24.037,24.021,24.037,24.044,24.037,24.044,24.029,24.067,24.059,24.059,24.067,24.067,24.059,24.09,24.075,24.059,24.082,24.12,24.113,24.105,24.151,24.135,24.12,24.143,24.135,24.151,24.166,24.173,24.166,24.158,24.151,24.158,24.173,24.189,24.204,24.204,24.211,24.219,24.227,24.265,24.257,24.257,24.257,24.242,24.234,24.257,24.249,24.257,24.28,24.295,24.318,24.348,24.325,24.348,24.341,24.348,24.356,24.371,24.371,24.379,24.409,24.424,24.416,24.432,24.432,24.454,24.485,24.5,24.523,24.545,24.553,24.545,24.598,24.651,24.674,24.878,24.848,25.097,25.308,25.458,25.42,25.525,25.578,25.503,25.473,25.48,25.473,25.443,25.48,25.473,25.525,25.563,25.698,25.705,25.982,26.213,26.518,26.697,27.104,27.17,27.524,27.649,28.192,28.404,28.36,28.389,28.17,27.657,27.613,27.598,27.855,28.44,28.615,29.153,29.58,29.847,30.099,30.314,30.507,30.507,30.793,30.936,30.879,31.242,31.923,31.986,31.859,30.593,31.37,32.494,33.292,34.175,34.762,35.099,35.14,35.195,35.277,35.311,35.359,35.38,35.428,35.482,35.585,35.606,35.674,35.722,35.729,35.81,35.831,35.906,35.899,35.947,35.974,35.988,36.022,36.09,36.083,36.076,36.097,36.09,36.138,36.131,36.124,36.131,36.158,36.151,36.124,36.144,36.131,36.151,36.172,36.192,36.253,36.267,36.301,36.274,36.28,36.274,36.26,36.246,36.24,36.199,36.185,36.144,36.097,36.131,36.104,36.035,36.001,35.974,35.967,35.947,35.947,35.94,35.947,35.886,35.899,35.886,35.865,35.824,35.838,35.824,35.851,35.845,35.824,35.797,35.783,35.763,35.742,35.708,35.681,35.619,35.606,35.578,35.544,35.482,35.489,35.462,35.455,35.462,35.448,35.462,35.503,35.53,35.571,35.626,35.667,35.708,35.742,35.749,35.742,35.729,35.722,35.647,35.653,35.633,35.606,35.53,35.503,35.448,35.414,35.359,35.318,35.298,35.25,35.222,35.188,35.16,35.133,35.099,35.051,35.044,34.954,34.913,34.892,34.872,34.872,34.865,34.872,34.824,34.576,33.187,31.391,31.249,32.219,31.965,31.859,31.299,31,30.722,30.142,29.876,29.385,29.153,28.484,28.251,27.87,27.318,27.178,26.57,25.967,25.72,25.623,25.72,26.042,26.146,26.273,26.303,26.295,26.288,26.273,26.228,26.101,26.072,26.049,26.019,25.877,26.101,25.653,24.969,24.833,24.757,24.757,24.727,24.689,24.697,24.689,24.674,24.644,24.644,24.629,24.613,24.613,24.606,24.591,24.591,24.553,24.538,24.545,24.5,24.523,24.523,24.515,24.515,24.507,24.5,24.492,24.477,24.477,24.462,24.454,24.462,24.447,24.439,24.439,24.424,24.409,24.394,24.379,24.386,24.386,24.386,24.394,24.401,24.394,24.401,24.394,24.356,24.341,24.325,24.295,24.295,24.295,24.257,24.265,24.28,24.272,24.287,24.295,24.272,24.272,24.265,24.204,24.211,24.189,24.204,24.219,24.211,24.189,24.189,24.151,24.143,24.128,24.143,24.135,24.143,24.151,24.166,24.173,24.143,24.181,24.151,24.151,24.113,24.082,24.067,24.067,24.075,24.059,24.075,24.075,24.044,24.082,24.075,24.052,24.052,24.029,24.029,24.021,24.029,24.021,24.006,23.991,23.983,23.991,23.968,23.991,23.991,23.983,23.983,23.983,23.991,23.983,23.976,23.96,23.93,23.93,23.915,23.915,23.953,23.945,23.945,23.945,23.915,23.922,23.907,23.922,23.846,23.899,23.854,23.869,23.877,23.877,23.846,23.831,23.838,23.816,23.838,23.846,23.831,23.808,23.823,23.808,23.816,23.816,23.816,23.816,23.816,23.793,23.777,23.77,23.762,23.77,23.762,23.77,23.755,23.8,23.793,23.793,23.8,23.747,23.777,23.716,23.716,23.709,23.701,23.693,23.693,23.671,23.709,23.716,23.716,23.716,23.716,23.701,23.693,23.686,23.663,23.663,23.686,23.686,23.655,23.686,23.678,23.686,23.693,23.686,23.701,23.709,23.701,23.686,23.701,23.724,23.716,23.724,23.747,23.709,23.678,23.755
,23.541,23.518,23.525,23.548,23.541,23.548,23.533,23.518,23.495,23.441,23.441,23.533,23.495,23.525,23.548,23.533,23.541,23.571,23.579,23.564,23.579,23.571,23.579,23.548,23.564,23.556,23.579,23.586,23.617,23.617,23.632,23.617,23.617,23.648,23.64,23.64,23.655,23.648,23.64,23.64,23.632,23.617,23.632,23.625,23.655,23.663,23.663,23.655,23.648,23.686,23.663,23.64,23.64,23.671,23.663,23.678,23.678,23.663,23.671,23.655,23.663,23.663,23.693,23.716,23.709,23.709,23.709,23.693,23.716,23.709,23.693,23.709,23.701,23.709,23.724,23.716,23.716,23.739,23.732,23.739,23.739,23.747,23.762,23.755,23.785,23.762,23.816,23.816,23.793,23.808,23.808,23.816,23.823,23.831,23.831,23.854,23.823,23.823,23.846,23.816,23.823,23.838,23.831,23.838,23.831,23.823,23.808,23.838,23.846,23.877,23.846,23.892,23.877,23.907,23.907,23.899,23.93,23.899,23.915,23.884,23.892,23.907,23.899,23.892,23.922,23.892,23.899,23.922,23.922,23.938,23.968,23.968,23.976,23.968,23.976,23.991,23.983,24.006,23.998,23.991,24.014,24.029,24.021,24.052,24.029,24.037,24.059,24.037,24.037,24.052,24.052,24.052,24.052,24.044,24.067,24.067,24.075,24.082,24.097,24.097,24.135,24.105,24.097,24.105,24.113,24.128,24.143,24.158,24.158,24.151,24.143,24.143,24.158,24.173,24.196,24.204,24.219,24.234,24.227,24.227,24.265,24.242,24.242,24.257,24.242,24.234,24.249,24.249,24.257,24.28,24.287,24.31,24.325,24.333,24.325,24.348,24.341,24.371,24.363,24.394,24.394,24.379,24.416,24.432,24.432,24.454,24.462,24.477,24.47,24.538,24.598,24.568,24.598,24.629,24.629,24.991,25.119,25.315,25.383,25.413,25.615,25.645,25.638,25.623,25.563,25.518,25.48,25.45,25.465,25.48,25.503,25.518,25.705,25.735,26.034,26.183,26.333,26.697,26.741,27.097,27.222,27.591,28.06,28.294,28.397,28.382,28.236,28.016,27.591,27.546,27.716,27.928,28.499,28.732,29.255,29.24,29.876,30.048,30.293,30.249,30.364,30.457,30.615,30.929,31.114,31.831,31.986,31.107,30.321,31.171,32.374,32.753,33.564,34.913,35.099,35.14,35.202,35.263,35.325,35.359,35.38,35.428,35.455,35.524,35.578,35.647,35.688,35.715,35.729,35.77,35.851,35.851,35.892,35.899,35.933,35.96,35.967,35.967,36.008,36.042,36.049,36.035,36.069,36.076,36.104,36.09,36.097,36.104,36.124,36.124,36.131,36.178,36.185,36.267,36.28,36.267,36.274,36.253,36.24,36.246,36.233,36.199,36.199,36.158,36.144,36.144,36.104,36.097,36.049,36.022,36.015,35.995,36.001,35.995,35.954,35.988,35.988,35.981,35.967,35.886,35.879,35.865,35.886,35.872,35.899,35.858,35.831,35.797,35.776,35.735,35.701,35.681,35.626,35.606,35.544,35.503,35.51,35.482,35.476,35.435,35.421,35.407,35.469,35.476,35.53,35.585,35.612,35.667,35.715,35.729,35.735,35.742,35.735,35.694,35.667,35.64,35.585,35.558,35.537,35.482,35.407,35.407,35.339,35.291,35.284,35.243,35.215,35.188,35.16,35.119,35.057,35.071,34.996,34.947,34.941,34.913,34.892,34.899,34.865,34.899,34.789,34.355,32.627,31.072,30.565,31.993,32.085,31.93,31.064,30.993,30.701,30.422,30.041,29.739,29.189,29.03,28.375,28.229,27.708,27.237,27,26.064,25.668,25.668,25.593,25.533,25.967,26.101,26.288,26.303,26.318,26.265,26.303,26.243,26.228,26.169,26.176,26.027,25.952,25.862,25.405,25.518,24.901,24.787,24.795,24.75,24.704,24.697,24.666,24.666,24.644,24.636,24.613,24.606,24.598,24.591,24.576,24.583,24.553,24.538,24.538,24.545,24.523,24.523,24.538,24.515,24.507,24.485,24.485,24.47,24.462,24.424,24.454,24.447,24.432,24.424,24.424,24.409,24.394,24.394,24.394,24.379,24.394,24.394,24.401,24.401,24.386,24.386,24.356,24.325,24.303,24.318,24.31,24.287,24.287,24.28,24.325,24.348,24.242,24.295,24.272,24.265,24.234,24.219,24.219,24.196,24.204,24.219,24.204,24.189,24.173,24.166,24.166,24.135,24.135,24.143,24.128,24.181,24.166,24.143,24.173,24.151,24.151,24.128,24.12,24.09,24.082,24.052,24.067,24.067,24.044,24.067,24.052,24.052,24.044,24.037,24.029,24.037,24.037,24.037,24.037,24.029,24.021,24.021,23.998,23.991,23.983,23.983,23.991,23.96,23.983,23.991,23.991,23.976,23.983,23.976,23.945,23.938,23.945,23.945,23.953,23.953,23.945,23.915,23.93,23.922,23.922,23.915,23.907,23.854,23.892,23.884,23.869,23.884,23.861,23.823,23.8,23.854,23.838,23.838,23.846,23.838,23.823,23.823,23.816,23.816,23.816,23.808,23.816,23.793,23.77,23.777,23.77,23.755,23.762,23.77,23.762,23.755,23.8,23.793,23.8,23.777,23.747,23.724,23.701,23.709,23.701,23.709,23.716,23.686,23.693,23.739,23.686,23.693,23.716,23.716,23.709,23.693,23.701,23.693,23.716,23.678,23.686,23.678,23.678,23.686,23.693,23.686,23.671,23.686,23.701,23.693,23.709,23.724,23.716,23.724,23.747,23.701,23.686,23.678
,23.564,23.533,23.525,23.525,23.533,23.548,23.533,23.518,23.502,23.464,23.495,23.525,23.525,23.541,23.502,23.525,23.564,23.571,23.548,23.602,23.617,23.594,23.586,23.579,23.548,23.541,23.556,23.571,23.609,23.609,23.609,23.617,23.594,23.609,23.632,23.64,23.655,23.663,23.663,23.64,23.609,23.625,23.64,23.648,23.632,23.663,23.648,23.693,23.671,23.663,23.716,23.686,23.632,23.594,23.686,23.686,23.678,23.663,23.655,23.663,23.663,23.663,23.693,23.716,23.709,23.709,23.701,23.686,23.701,23.701,23.701,23.709,23.709,23.709,23.716,23.709,23.724,23.724,23.716,23.732,23.747,23.739,23.755,23.77,23.762,23.762,23.785,23.808,23.808,23.816,23.823,23.816,23.816,23.823,23.838,23.816,23.846,23.808,23.823,23.823,23.823,23.831,23.831,23.838,23.846,23.838,23.854,23.861,23.831,23.861,23.854,23.884,23.892,23.884,23.915,23.922,23.907,23.922,23.938,23.907,23.899,23.899,23.899,23.892,23.915,23.907,23.922,23.938,23.922,23.96,23.96,23.953,23.976,23.976,23.983,23.976,23.991,24.021,23.96,23.998,24.037,24.006,24.014,24.021,24.052,24.029,24.037,24.052,24.052,24.037,24.052,24.059,24.059,24.052,24.082,24.075,24.075,24.082,24.105,24.113,24.097,24.067,24.113,24.113,24.113,24.12,24.135,24.151,24.158,24.143,24.135,24.135,24.158,24.181,24.204,24.219,24.211,24.234,24.227,24.234,24.249,24.272,24.265,24.257,24.257,24.242,24.242,24.249,24.249,24.272,24.28,24.303,24.318,24.325,24.318,24.341,24.341,24.356,24.386,24.386,24.416,24.409,24.439,24.454,24.439,24.485,24.485,24.515,24.538,24.507,24.56,24.591,24.772,25.082,25.217,25.247,25.277,25.54,25.698,25.705,25.713,25.713,25.653,25.623,25.51,25.54,25.488,25.45,25.473,25.518,25.57,25.555,25.615,25.907,26.251,26.355,26.704,26.793,27.082,27.289,27.333,27.738,28.338,28.28,28.141,28.273,27.877,27.605,27.495,27.605,27.796,28.375,28.703,28.776,29.414,29.638,29.717,29.955,30.12,30.257,30.249,30.371,30.565,30.729,31.171,31.781,31.986,30.6,30.135,31.007,32.346,32.606,33.131,34.651,35.009,35.202,35.229,35.27,35.339,35.352,35.387,35.407,35.428,35.476,35.544,35.578,35.647,35.674,35.722,35.722,35.749,35.831,35.838,35.872,35.879,35.913,35.933,35.94,35.967,35.988,35.974,35.974,35.988,36.049,36.029,36.049,36.056,36.09,36.097,36.117,36.151,36.151,36.212,36.267,36.253,36.253,36.24,36.219,36.206,36.206,36.192,36.178,36.172,36.151,36.131,36.097,36.09,36.056,36.049,36.029,36.022,36.008,36.008,36.015,36.001,36.015,36.029,36.022,36.035,35.954,35.988,35.981,35.899,35.913,35.899,35.879,35.865,35.817,35.79,35.735,35.701,35.667,35.578,35.551,35.53,35.51,35.462,35.482,35.441,35.421,35.373,35.407,35.421,35.476,35.476,35.537,35.612,35.66,35.688,35.722,35.742,35.735,35.715,35.694,35.633,35.585,35.585,35.544,35.599,35.476,35.421,35.4,35.332,35.291,35.263,35.243,35.222,35.202,35.167,35.126,35.057,35.085,35.016,34.975,34.968,34.954,34.913,34.899,34.892,34.803,34.762,33.772,31.909,30.393,30.328,32.092,32.085,31.59,31.37,30.915,30.808,30.465,30.278,29.515,29.255,29.073,28.79,28.353,28.097,27.333,27.06,26.756,25.907,25.645,25.623,25.555,25.653,25.795,26.213,26.228,26.37,26.31,26.34,26.303,26.243,26.273,26.251,26.191,26.087,25.975,25.84,25.608,25.488,24.878,24.81,24.787,24.757,24.742,24.735,24.689,24.644,24.629,24.613,24.606,24.606,24.598,24.606,24.591,24.56,24.553,24.553,24.56,24.56,24.56,24.538,24.538,24.507,24.5,24.477,24.477,24.477,24.447,24.454,24.424,24.439,24.424,24.424,24.416,24.416,24.401,24.401,24.379,24.394,24.394,24.401,24.409,24.409,24.341,24.363,24.363,24.348,24.325,24.28,24.303,24.31,24.325,24.295,24.287,24.28,24.265,24.265,24.249,24.234,24.219,24.204,24.173,24.227,24.234,24.249,24.196,24.173,24.158,24.151,24.151,24.166,24.151,24.173,24.158,24.166,24.173,24.166,24.143,24.151,24.151,24.113,24.082,24.097,24.059,24.037,24.044,24.052,24.044,24.052,24.044,24.052,24.052,24.059,24.037,24.052,24.052,24.044,24.044,24.029,24.021,24.014,23.998,23.983,23.998,23.976,23.998,23.998,23.991,24.006,23.991,23.991,23.976,23.945,23.938,23.953,23.93,23.907,23.938,23.93,23.922,23.93,23.922,23.907,23.907,23.884,23.907,23.915,23.907,23.892,23.854,23.831,23.854,23.823,23.823,23.846,23.869,23.816,23.838,23.8,23.816,23.823,23.808,23.8,23.816,23.816,23.77,23.77,23.762,23.777,23.77,23.77,23.777,23.777,23.785,23.785,23.793,23.8,23.77,23.755,23.724,23.701,23.709,23.693,23.686,23.686,23.716,23.716,23.693,23.716,23.724,23.724,23.716,23.701,23.693,23.701,23.716,23.709,23.678,23.663,23.693,23.678,23.678,23.686,23.663,23.686,23.671,23.693,23.701,23.709,23.716,23.716,23.716,23.724,23.709,23.701,23.709
,23.564,23.571,23.594,23.556,23.533,23.525,23.518,23.518,23.495,23.51,23.525,23.51,23.495,23.533,23.533,23.533,23.541,23.556,23.586,23.594,23.609,23.586,23.617,23.564,23.548,23.541,23.541,23.579,23.571,23.632,23.632,23.617,23.617,23.625,23.625,23.655,23.632,23.655,23.632,23.625,23.609,23.64,23.648,23.655,23.648,23.693,23.663,23.671,23.678,23.693,23.716,23.686,23.655,23.655,23.663,23.678,23.663,23.663,23.648,23.663,23.663,23.686,23.747,23.709,23.732,23.724,23.709,23.655,23.678,23.686,23.686,23.701,23.709,23.724,23.732,23.724,23.762,23.732,23.724,23.739,23.747,23.77,23.777,23.77,23.777,23.777,23.8,23.816,23.793,23.808,23.8,23.816,23.823,23.823,23.816,23.823,23.823,23.823,23.823,23.831,23.808,23.831,23.831,23.831,23.831,23.838,23.831,23.831,23.861,23.838,23.861,23.838,23.869,23.877,23.907,23.907,23.915,23.922,23.892,23.899,23.907,23.899,23.899,23.915,23.915,23.915,23.922,23.922,23.945,23.96,23.968,23.968,23.96,23.976,23.976,24.014,23.991,24.029,24.021,23.998,24.021,24.006,24.037,24.044,24.037,24.037,24.044,24.059,24.075,24.059,24.059,24.067,24.075,24.09,24.067,24.059,24.059,24.075,24.082,24.097,24.12,24.12,24.09,24.097,24.113,24.128,24.135,24.143,24.151,24.143,24.158,24.143,24.158,24.173,24.211,24.211,24.211,24.219,24.227,24.227,24.242,24.265,24.257,24.265,24.265,24.242,24.249,24.242,24.242,24.249,24.265,24.287,24.31,24.318,24.325,24.333,24.341,24.363,24.401,24.409,24.416,24.432,24.447,24.454,24.485,24.515,24.515,24.576,24.598,24.598,24.886,24.825,25.165,25.405,25.48,25.518,25.69,25.698,25.75,25.735,25.728,25.735,25.675,25.615,25.585,25.503,25.488,25.488,25.495,25.563,25.788,25.735,25.862,25.967,26.236,26.667,26.808,27.015,27.104,27.355,27.701,28.141,28.221,28.163,28.126,28.082,27.517,27.318,27.495,27.73,27.848,28.535,28.71,29.313,29.479,29.609,29.811,29.897,30.012,30.113,30.271,30.257,30.242,30.622,31.114,31.753,31.654,30.12,30.005,30.786,31.555,32.311,32.781,34.355,35.002,35.154,35.291,35.291,35.318,35.352,35.366,35.393,35.441,35.469,35.517,35.599,35.647,35.653,35.694,35.701,35.708,35.749,35.79,35.817,35.886,35.872,35.892,35.926,35.92,35.96,35.967,35.974,35.967,35.988,35.995,36.035,36.049,36.076,36.11,36.138,36.165,36.178,36.233,36.253,36.267,36.274,36.246,36.206,36.192,36.185,36.165,36.144,36.131,36.11,36.097,36.09,36.069,36.049,36.022,36.001,36.008,36.015,36.022,36.029,36.035,36.049,36.063,36.049,36.042,36.008,36.035,36.029,35.981,35.96,35.926,35.892,35.858,35.831,35.797,35.722,35.694,35.64,35.612,35.489,35.496,35.469,35.435,35.455,35.38,35.352,35.352,35.359,35.4,35.462,35.524,35.565,35.599,35.681,35.701,35.708,35.735,35.735,35.722,35.694,35.585,35.626,35.571,35.565,35.544,35.53,35.387,35.352,35.304,35.284,35.27,35.243,35.222,35.202,35.174,35.126,35.14,35.085,35.044,35.009,34.982,34.961,34.92,34.92,34.872,34.886,34.817,33.033,31.207,30.336,30.379,31.993,32.043,31.384,31.157,30.801,30.715,30.379,30.077,29.876,29.363,29.276,29.015,28.265,28.024,27.95,27.296,26.867,26.042,25.93,25.57,25.548,25.593,25.975,26.034,26.183,26.318,26.355,26.34,26.31,26.325,26.31,26.31,26.362,26.303,26.213,26.191,26.094,25.907,25.6,24.984,24.878,24.757,24.742,24.719,24.666,24.666,24.621,24.621,24.613,24.598,24.606,24.598,24.591,24.583,24.568,24.56,24.568,24.576,24.568,24.553,24.53,24.515,24.5,24.492,24.485,24.462,24.47,24.454,24.439,24.416,24.424,24.424,24.424,24.432,24.424,24.424,24.432,24.424,24.379,24.401,24.401,24.401,24.401,24.363,24.363,24.348,24.348,24.348,24.325,24.333,24.318,24.333,24.287,24.287,24.325,24.265,24.257,24.249,24.219,24.227,24.234,24.234,24.227,24.204,24.204,24.181,24.173,24.166,24.173,24.166,24.181,24.189,24.166,24.158,24.143,24.181,24.151,24.135,24.151,24.113,24.105,24.097,24.052,24.075,24.067,24.059,24.052,24.044,24.037,24.037,24.044,24.037,24.052,24.059,24.059,24.059,24.059,24.037,24.037,24.021,23.998,24.014,23.998,24.006,24.006,24.006,24.014,24.006,24.014,23.96,23.998,23.96,23.96,23.945,23.953,23.93,23.93,23.922,23.922,23.915,23.907,23.869,23.869,23.945,23.93,23.938,23.915,23.877,23.869,23.838,23.869,23.831,23.838,23.823,23.861,23.884,23.816,23.816,23.823,23.8,23.816,23.831,23.808,23.8,23.8,23.785,23.793,23.793,23.777,23.793,23.785,23.762,23.762,23.777,23.762,23.808,23.762,23.755,23.709,23.716,23.701,23.686,23.693,23.724,23.678,23.732,23.701,23.709,23.716,23.716,23.716,23.739,23.732,23.693,23.709,23.693,23.678,23.671,23.678,23.678,23.686,23.671,23.678,23.678,23.678,23.693,23.701,23.716,23.724,23.732,23.724,23.732,23.724,23.716,23.709
,23.564,23.586,23.571,23.541,23.541,23.533,23.51,23.479,23.502,23.502,23.502,23.518,23.533,23.533,23.533,23.525,23.533,23.548,23.586,23.609,23.609,23.602,23.617,23.571,23.564,23.548,23.548,23.556,23.556,23.602,23.602,23.579,23.609,23.594,23.609,23.594,23.625,23.617,23.625,23.625,23.632,23.625,23.64,23.64,23.663,23.655,23.663,23.678,23.663,23.693,23.709,23.693,23.594,23.686,23.648,23.663,23.655,23.663,23.663,23.663,23.671,23.693,23.693,23.732,23.716,23.732,23.671,23.678,23.671,23.678,23.678,23.701,23.716,23.701,23.739,23.747,23.724,23.739,23.755,23.747,23.762,23.77,23.785,23.777,23.785,23.793,23.77,23.8,23.823,23.808,23.793,23.816,23.785,23.8,23.816,23.816,23.808,23.838,23.831,23.831,23.823,23.823,23.816,23.816,23.831,23.823,23.854,23.808,23.838,23.831,23.846,23.884,23.877,23.884,23.884,23.907,23.899,23.899,23.915,23.922,23.93,23.922,23.915,23.907,23.915,23.922,23.93,23.945,23.945,23.953,23.945,23.953,23.968,23.96,23.991,23.998,24.006,24.014,24.029,23.968,23.983,24.021,24.006,24.014,24.044,24.052,24.075,24.052,24.059,24.059,24.082,24.075,24.075,24.075,24.075,24.044,24.059,24.044,24.067,24.082,24.105,24.113,24.113,24.12,24.113,24.135,24.143,24.158,24.151,24.158,24.143,24.166,24.181,24.166,24.181,24.204,24.211,24.219,24.219,24.227,24.242,24.249,24.249,24.265,24.257,24.257,24.249,24.249,24.249,24.265,24.272,24.295,24.31,24.325,24.325,24.341,24.348,24.386,24.386,24.416,24.424,24.439,24.454,24.492,24.5,24.538,24.576,24.568,24.568,25.119,25.127,25.27,25.533,25.54,25.675,25.713,25.72,25.75,25.758,25.743,25.72,25.675,25.66,25.578,25.525,25.503,25.533,25.495,25.555,25.578,25.9,25.982,26.027,26.258,26.541,26.763,26.941,27.259,27.222,27.613,27.921,28.192,28.207,28.207,27.972,27.554,27.495,27.569,27.583,27.804,28.316,28.768,28.841,29.124,29.465,29.537,29.652,29.724,29.789,29.832,29.883,30.185,30.3,30.393,31,31.505,31.384,29.746,29.854,30.622,31.306,31.477,32.374,33.557,34.872,35.174,35.256,35.298,35.304,35.352,35.359,35.4,35.421,35.448,35.53,35.565,35.626,35.64,35.66,35.688,35.694,35.729,35.776,35.804,35.804,35.838,35.858,35.838,35.892,35.892,35.899,35.92,35.94,35.947,35.967,35.995,36.042,36.063,36.097,36.131,36.151,36.185,36.226,36.26,36.24,36.253,36.219,36.199,36.185,36.158,36.144,36.104,36.09,36.083,36.056,36.042,36.042,36.015,35.995,36.001,35.995,35.995,36.008,36.029,36.042,36.056,36.056,36.063,36.069,36.076,36.069,36.069,36.035,36.001,35.92,35.913,35.851,35.817,35.735,35.708,35.647,35.619,35.558,35.551,35.51,35.462,35.435,35.414,35.38,35.346,35.346,35.366,35.393,35.428,35.476,35.565,35.626,35.619,35.694,35.701,35.729,35.742,35.722,35.701,35.633,35.565,35.537,35.53,35.476,35.435,35.387,35.318,35.304,35.277,35.256,35.25,35.222,35.208,35.181,35.147,35.133,35.085,35.085,35.051,35.002,35.002,34.968,34.934,34.906,34.837,34.168,31.979,30.536,30.163,30.307,32.071,31.951,31.533,31.043,30.858,30.636,30.486,30.178,29.976,29.305,29.269,29.044,28.397,28.163,27.818,27.384,26.993,26.556,25.982,25.758,25.533,25.503,25.668,26.072,26.131,26.176,26.295,26.325,26.377,26.37,26.362,26.355,26.34,26.236,26.228,26.154,25.989,25.862,25.773,25.195,24.946,24.787,24.735,24.742,24.689,24.666,24.636,24.621,24.606,24.606,24.598,24.591,24.598,24.583,24.576,24.576,24.576,24.576,24.56,24.56,24.553,24.545,24.507,24.5,24.492,24.477,24.47,24.432,24.416,24.409,24.416,24.416,24.424,24.432,24.447,24.439,24.424,24.416,24.409,24.394,24.401,24.379,24.394,24.341,24.356,24.348,24.363,24.341,24.325,24.325,24.325,24.325,24.257,24.265,24.257,24.249,24.265,24.242,24.234,24.211,24.196,24.219,24.234,24.234,24.211,24.196,24.189,24.166,24.181,24.173,24.181,24.166,24.173,24.158,24.166,24.158,24.151,24.135,24.158,24.128,24.128,24.09,24.082,24.09,24.059,24.082,24.059,24.052,24.044,24.029,24.029,24.052,24.052,24.052,24.067,24.067,24.075,24.044,24.021,24.014,24.006,24.006,24.014,23.998,23.998,24.006,24.014,24.014,24.006,23.983,23.976,23.968,23.945,23.96,23.93,23.953,23.922,23.93,23.915,23.907,23.907,23.892,23.915,23.922,23.945,23.938,23.899,23.869,23.846,23.854,23.838,23.838,23.846,23.816,23.838,23.823,23.854,23.823,23.838,23.808,23.808,23.831,23.785,23.777,23.838,23.777,23.777,23.777,23.793,23.777,23.8,23.808,23.793,23.823,23.77,23.762,23.762,23.755,23.739,23.716,23.716,23.678,23.693,23.732,23.701,23.732,23.693,23.724,23.724,23.716,23.701,23.732,23.724,23.747,23.732,23.678,23.678,23.671,23.663,23.655,23.655,23.671,23.663,23.655,23.671,23.686,23.701,23.701,23.732,23.739,23.716,23.732,23.724,23.716,23.716
,23.594,23.586,23.571,23.548,23.548,23.533,23.564,23.502,23.495,23.51,23.51,23.502,23.525,23.51,23.518,23.541,23.533,23.533,23.541,23.556,23.625,23.594,23.609,23.579,23.609,23.556,23.556,23.571,23.571,23.586,23.617,23.586,23.602,23.586,23.609,23.617,23.632,23.617,23.632,23.625,23.617,23.617,23.617,23.617,23.663,23.632,23.663,23.655,23.671,23.671,23.678,23.693,23.709,23.693,23.663,23.671,23.663,23.671,23.678,23.678,23.709,23.701,23.732,23.739,23.724,23.709,23.678,23.678,23.671,23.678,23.701,23.709,23.724,23.724,23.732,23.739,23.755,23.739,23.755,23.755,23.762,23.777,23.777,23.777,23.777,23.785,23.808,23.808,23.816,23.816,23.816,23.816,23.785,23.793,23.808,23.823,23.831,23.831,23.846,23.838,23.831,23.823,23.816,23.823,23.823,23.838,23.831,23.838,23.846,23.846,23.854,23.861,23.892,23.884,23.884,23.899,23.922,23.945,23.922,23.915,23.938,23.915,23.922,23.922,23.922,23.93,23.922,23.96,23.976,23.968,23.968,23.991,23.976,23.983,23.998,24.021,24.021,24.014,23.991,23.983,24.044,24.029,24.044,24.044,24.044,24.044,24.044,24.052,24.059,24.059,24.097,24.09,24.067,24.067,24.044,24.059,24.044,24.037,24.075,24.067,24.097,24.097,24.113,24.12,24.143,24.128,24.158,24.166,24.158,24.166,24.166,24.151,24.173,24.181,24.173,24.189,24.204,24.204,24.219,24.227,24.227,24.242,24.249,24.257,24.257,24.257,24.265,24.257,24.257,24.28,24.28,24.295,24.318,24.333,24.341,24.356,24.379,24.394,24.409,24.416,24.424,24.447,24.485,24.507,24.56,24.576,24.583,25.052,25.104,25.277,25.375,25.578,25.623,25.69,25.735,25.75,25.75,25.743,25.735,25.728,25.72,25.638,25.608,25.548,25.533,25.533,25.57,25.525,25.615,25.885,25.93,26.154,26.101,26.496,26.808,26.882,27.03,27.141,27.598,27.796,28.148,28.163,28.126,28.002,27.664,27.458,27.296,27.561,27.848,28.112,28.324,28.797,28.957,29.356,29.45,29.508,29.544,29.652,29.76,29.659,29.847,29.984,30.206,30.343,31.015,31.37,31.192,29.566,29.638,30.364,31.072,31.271,31.746,32.571,34.32,35.181,35.27,35.298,35.311,35.325,35.359,35.387,35.448,35.448,35.524,35.524,35.599,35.653,35.647,35.667,35.674,35.688,35.749,35.77,35.797,35.824,35.838,35.838,35.845,35.824,35.865,35.886,35.906,35.926,35.954,35.988,36.022,36.063,36.104,36.131,36.185,36.185,36.219,36.246,36.253,36.233,36.226,36.199,36.172,36.158,36.131,36.097,36.069,36.049,36.029,36.029,36.015,35.995,35.967,35.96,35.96,35.967,35.988,36.015,36.029,36.049,36.063,36.076,36.083,36.083,36.076,36.076,36.049,36.029,35.96,35.879,35.879,35.831,35.756,35.653,35.619,35.585,35.565,35.462,35.435,35.448,35.414,35.4,35.352,35.346,35.346,35.352,35.38,35.448,35.496,35.537,35.578,35.647,35.701,35.708,35.735,35.729,35.715,35.66,35.599,35.565,35.544,35.496,35.462,35.448,35.339,35.332,35.318,35.284,35.27,35.256,35.243,35.215,35.195,35.174,35.154,35.126,35.112,35.085,35.037,34.982,34.975,34.934,34.927,34.844,33.103,31.214,30.235,29.515,30.407,31.661,31.746,31.47,30.836,30.579,30.407,30.3,29.991,29.89,29.645,29.233,29.081,28.637,28.36,28.126,27.723,27.06,26.756,26.236,25.982,25.525,25.533,25.525,25.623,26.094,26.169,26.236,26.273,26.295,26.34,26.362,26.377,26.37,26.333,26.28,26.183,25.997,25.795,25.78,25.795,25.285,24.976,24.84,24.833,24.689,24.666,24.651,24.621,24.629,24.629,24.629,24.613,24.591,24.591,24.583,24.576,24.576,24.576,24.576,24.568,24.568,24.553,24.53,24.515,24.5,24.492,24.454,24.462,24.432,24.409,24.409,24.439,24.454,24.432,24.439,24.447,24.416,24.432,24.424,24.409,24.401,24.401,24.379,24.371,24.401,24.379,24.348,24.341,24.325,24.325,24.318,24.287,24.295,24.295,24.318,24.249,24.242,24.242,24.242,24.211,24.227,24.249,24.211,24.242,24.219,24.211,24.189,24.189,24.189,24.181,24.181,24.196,24.173,24.166,24.166,24.173,24.158,24.113,24.189,24.12,24.105,24.135,24.09,24.09,24.075,24.082,24.082,24.067,24.059,24.044,24.029,24.059,24.044,24.075,24.082,24.075,24.075,24.059,24.029,24.021,24.021,24.014,24.006,24.006,24.006,24.029,24.021,24.014,24.006,24.014,23.968,23.953,23.93,23.953,23.93,23.976,23.938,23.945,23.915,23.907,23.899,23.907,23.945,23.93,23.907,23.907,23.915,23.861,23.861,23.877,23.861,23.892,23.869,23.854,23.846,23.838,23.846,23.823,23.838,23.816,23.816,23.823,23.816,23.755,23.793,23.8,23.793,23.755,23.793,23.77,23.808,23.793,23.823,23.823,23.777,23.724,23.739,23.77,23.755,23.716,23.755,23.709,23.701,23.716,23.716,23.724,23.709,23.716,23.693,23.701,23.709,23.693,23.693,23.709,23.739,23.739,23.671,23.648,23.663,23.663,23.671,23.648,23.655,23.655,23.663,23.678,23.686,23.709,23.724,23.732,23.724,23.724,23.724,23.709,23.701
,23.564,23.571,23.564,23.564,23.51,23.495,23.495,23.487,23.487,23.495,23.525,23.487,23.51,23.525,23.525,23.525,23.525,23.533,23.548,23.548,23.625,23.602,23.564,23.609,23.579,23.564,23.556,23.571,23.602,23.602,23.617,23.617,23.602,23.617,23.586,23.617,23.64,23.609,23.617,23.625,23.617,23.625,23.632,23.625,23.632,23.64,23.648,23.663,23.648,23.655,23.655,23.671,23.678,23.671,23.671,23.671,23.671,23.671,23.678,23.671,23.663,23.693,23.701,23.732,23.693,23.709,23.686,23.693,23.678,23.686,23.709,23.724,23.724,23.732,23.716,23.739,23.755,23.762,23.762,23.747,23.755,23.755,23.777,23.77,23.777,23.785,23.8,23.777,23.823,23.8,23.8,23.785,23.77,23.793,23.808,23.823,23.823,23.838,23.838,23.846,23.831,23.823,23.816,23.816,23.816,23.831,23.831,23.831,23.831,23.846,23.846,23.861,23.877,23.877,23.892,23.915,23.899,23.938,23.938,23.945,23.938,23.93,23.922,23.915,23.922,23.938,23.945,23.96,23.96,23.976,23.998,23.968,24.006,23.983,23.983,24.006,24.021,24.021,24.029,24.021,24.075,24.021,24.006,24.052,24.037,24.037,24.052,24.052,24.075,24.082,24.075,24.075,24.082,24.052,24.052,24.044,24.059,24.052,24.052,24.082,24.097,24.105,24.105,24.097,24.128,24.143,24.143,24.158,24.181,24.173,24.181,24.173,24.158,24.158,24.158,24.173,24.189,24.204,24.219,24.227,24.234,24.242,24.242,24.249,24.265,24.257,24.272,24.28,24.28,24.28,24.295,24.272,24.325,24.325,24.348,24.371,24.379,24.386,24.409,24.416,24.447,24.47,24.492,24.56,24.538,24.644,25.029,25.202,25.39,25.608,25.615,25.653,25.69,25.698,25.72,25.72,25.69,25.728,25.66,25.69,25.66,25.578,25.503,25.525,25.54,25.563,25.608,25.698,25.892,25.907,26.019,26.183,26.392,26.734,26.889,27.015,27.097,27.377,27.855,28.024,28.199,28.024,27.87,27.782,27.443,27.325,27.473,27.642,27.987,28.221,28.462,28.899,29.153,29.211,29.363,29.37,29.45,29.472,29.45,29.566,29.739,29.84,30.02,30.457,30.822,31.356,30.558,29.117,29.457,30.228,30.872,31.114,31.434,31.746,32.893,34.638,35.27,35.291,35.318,35.332,35.346,35.38,35.414,35.448,35.496,35.544,35.578,35.626,35.619,35.667,35.633,35.667,35.708,35.735,35.783,35.783,35.831,35.81,35.797,35.81,35.858,35.838,35.879,35.913,35.947,35.981,36.015,36.056,36.097,36.138,36.165,36.178,36.206,36.24,36.233,36.226,36.246,36.212,36.192,36.117,36.131,36.083,36.042,36.035,36.008,35.974,35.974,35.96,35.94,35.933,35.933,35.947,35.981,35.995,36.022,36.042,36.056,36.069,36.069,36.083,36.076,36.083,36.035,36.008,35.94,35.886,35.804,35.742,35.688,35.647,35.599,35.565,35.51,35.469,35.421,35.407,35.38,35.366,35.339,35.325,35.318,35.325,35.359,35.448,35.482,35.51,35.565,35.619,35.653,35.701,35.708,35.722,35.694,35.66,35.619,35.558,35.524,35.482,35.407,35.407,35.366,35.311,35.304,35.291,35.277,35.263,35.25,35.222,35.188,35.181,35.16,35.14,35.119,35.105,35.057,35.023,34.996,34.934,34.92,33.578,31.788,30.364,29.616,29.486,30.35,31.703,31.682,31.363,31.015,30.636,30.493,30.285,30.163,29.89,29.71,29.204,29.037,28.747,28.251,28.163,27.671,27.281,26.815,26.444,26.124,25.81,25.495,25.525,25.518,25.728,26.139,26.183,26.236,26.28,26.347,26.362,26.385,26.37,26.355,26.34,26.139,26.109,25.907,25.84,25.705,25.473,25.405,25.044,24.803,24.697,24.682,24.689,24.666,24.651,24.629,24.644,24.621,24.598,24.606,24.591,24.591,24.583,24.583,24.583,24.583,24.568,24.568,24.56,24.545,24.538,24.507,24.462,24.462,24.424,24.432,24.409,24.424,24.439,24.454,24.454,24.454,24.462,24.447,24.439,24.432,24.409,24.386,24.394,24.394,24.363,24.348,24.348,24.348,24.318,24.325,24.28,24.28,24.341,24.303,24.28,24.31,24.303,24.234,24.227,24.227,24.227,24.227,24.249,24.219,24.219,24.234,24.204,24.211,24.181,24.211,24.204,24.196,24.181,24.181,24.173,24.181,24.135,24.173,24.12,24.143,24.113,24.128,24.113,24.113,24.105,24.082,24.097,24.082,24.075,24.075,24.052,24.075,24.082,24.075,24.097,24.097,24.082,24.075,24.044,24.037,24.021,24.014,23.998,23.998,24.021,24.006,24.029,24.029,23.998,23.983,23.976,23.96,23.968,23.953,23.96,23.953,23.953,23.96,23.93,23.907,23.892,23.907,23.915,23.915,23.915,23.93,23.907,23.899,23.869,23.877,23.877,23.884,23.846,23.854,23.823,23.823,23.838,23.823,23.808,23.854,23.846,23.846,23.854,23.823,23.838,23.816,23.8,23.785,23.793,23.777,23.785,23.785,23.777,23.793,23.755,23.747,23.724,23.762,23.747,23.755,23.732,23.701,23.739,23.739,23.716,23.732,23.716,23.739,23.716,23.701,23.732,23.686,23.709,23.724,23.732,23.693,23.671,23.671,23.655,23.663,23.663,23.663,23.686,23.663,23.671,23.686,23.678,23.709,23.701,23.739,23.739,23.724,23.724,23.701,23.701
,23.541,23.541,23.548,23.525,23.518,23.495,23.51,23.525,23.495,23.502,23.518,23.495,23.525,23.525,23.502,23.525,23.541,23.533,23.548,23.556,23.617,23.609,23.579,23.594,23.586,23.586,23.579,23.579,23.571,23.586,23.609,23.617,23.586,23.617,23.571,23.625,23.586,23.594,23.625,23.632,23.625,23.602,23.609,23.625,23.64,23.625,23.648,23.655,23.655,23.648,23.663,23.663,23.678,23.663,23.671,23.678,23.671,23.671,23.671,23.663,23.671,23.686,23.693,23.693,23.701,23.693,23.693,23.693,23.693,23.701,23.693,23.709,23.701,23.732,23.709,23.732,23.755,23.762,23.755,23.747,23.755,23.739,23.762,23.762,23.777,23.793,23.793,23.823,23.823,23.816,23.793,23.8,23.793,23.785,23.793,23.816,23.846,23.846,23.854,23.838,23.823,23.816,23.808,23.8,23.823,23.838,23.854,23.831,23.846,23.831,23.869,23.861,23.877,23.892,23.899,23.915,23.915,23.945,23.953,23.938,23.953,23.922,23.93,23.93,23.922,23.945,23.945,23.976,23.968,24.021,23.991,23.968,23.983,23.968,23.998,24.014,24.014,24.029,24.029,24.021,24.052,24.052,24.044,24.014,24.021,24.029,24.037,24.044,24.052,24.067,24.075,24.075,24.075,24.067,24.052,24.044,24.059,24.052,24.052,24.067,24.082,24.105,24.105,24.113,24.12,24.12,24.151,24.151,24.204,24.181,24.189,24.181,24.158,24.151,24.211,24.204,24.181,24.219,24.219,24.227,24.242,24.249,24.242,24.242,24.257,24.265,24.287,24.295,24.295,24.318,24.325,24.333,24.341,24.356,24.371,24.371,24.394,24.416,24.439,24.454,24.477,24.523,24.5,24.644,24.682,25.029,25.45,25.495,25.615,25.645,25.63,25.72,25.645,25.69,25.743,25.69,25.698,25.683,25.66,25.63,25.593,25.563,25.54,25.525,25.57,25.578,25.713,25.803,25.832,26.087,26.116,26.585,26.667,26.734,26.956,27.185,27.244,27.774,27.958,28.053,28.126,28.134,27.818,27.583,27.355,27.473,27.539,27.605,28.09,28.338,28.739,28.994,29.204,29.226,29.356,29.37,29.378,29.421,29.45,29.558,29.71,29.905,30.257,30.386,30.708,31.356,30.185,29.066,29.558,30.07,30.693,30.815,30.865,31.519,32.092,33.779,34.989,35.291,35.318,35.346,35.373,35.373,35.414,35.455,35.517,35.558,35.585,35.633,35.626,35.667,35.66,35.66,35.701,35.715,35.756,35.776,35.776,35.776,35.79,35.804,35.797,35.817,35.851,35.913,35.926,35.967,36.001,36.056,36.09,36.131,36.151,36.199,36.206,36.219,36.206,36.219,36.212,36.246,36.165,36.117,36.104,36.069,36.029,36.001,35.974,35.96,35.947,35.947,35.933,35.913,35.913,35.92,35.94,35.954,35.995,36.008,36.042,36.042,36.056,36.069,36.063,36.056,36.015,36.022,35.906,35.858,35.845,35.688,35.626,35.606,35.578,35.517,35.496,35.455,35.414,35.387,35.366,35.359,35.332,35.318,35.318,35.311,35.352,35.393,35.496,35.53,35.571,35.612,35.647,35.674,35.701,35.694,35.653,35.647,35.606,35.571,35.496,35.482,35.448,35.393,35.373,35.346,35.332,35.298,35.291,35.277,35.229,35.222,35.202,35.181,35.174,35.16,35.147,35.133,35.071,35.057,35.037,35.03,34.036,31.852,30.886,29.732,29.37,29.443,30.529,31.746,31.569,31.32,30.979,30.572,30.285,30.221,30.07,30.02,29.45,29.334,28.957,28.666,28.287,28.221,27.994,27.451,27.296,26.697,26.265,25.78,25.518,25.54,25.593,25.645,25.765,26.116,26.228,26.258,26.295,26.34,26.347,26.333,26.325,26.213,26.004,25.945,25.847,25.87,25.675,25.608,25.495,25.217,24.969,24.984,24.697,24.727,24.697,24.659,24.674,24.644,24.636,24.636,24.606,24.598,24.598,24.591,24.598,24.591,24.576,24.583,24.568,24.591,24.553,24.53,24.53,24.515,24.5,24.485,24.447,24.454,24.454,24.462,24.454,24.447,24.462,24.439,24.462,24.439,24.447,24.424,24.439,24.401,24.394,24.371,24.386,24.325,24.341,24.333,24.295,24.303,24.31,24.31,24.318,24.341,24.272,24.348,24.234,24.242,24.211,24.242,24.272,24.257,24.272,24.265,24.234,24.227,24.211,24.234,24.211,24.204,24.181,24.196,24.204,24.181,24.181,24.181,24.151,24.219,24.128,24.128,24.135,24.128,24.143,24.105,24.113,24.105,24.09,24.097,24.082,24.097,24.09,24.082,24.128,24.105,24.097,24.09,24.09,24.052,24.021,24.006,24.006,24.014,24.006,24.014,23.998,24.029,24.021,23.983,23.983,23.968,23.953,23.968,23.953,23.93,23.976,23.968,23.96,23.945,23.922,23.93,23.922,23.922,23.907,23.915,23.922,23.915,23.899,23.899,23.892,23.884,23.869,23.869,23.846,23.846,23.831,23.838,23.831,23.831,23.846,23.831,23.869,23.861,23.854,23.838,23.808,23.785,23.77,23.808,23.785,23.823,23.838,23.785,23.755,23.762,23.747,23.755,23.747,23.739,23.762,23.762,23.77,23.747,23.755,23.739,23.732,23.732,23.716,23.709,23.732,23.693,23.693,23.701,23.701,23.686,23.709,23.693,23.671,23.663,23.678,23.686,23.671,23.678,23.693,23.671,23.693,23.701,23.747,23.724,23.762,23.732,23.724,23.716,23.709,23.693
,23.518,23.525,23.518,23.518,23.548,23.525,23.51,23.479,23.518,23.533,23.518,23.495,23.495,23.518,23.518,23.518,23.518,23.502,23.564,23.548,23.541,23.564,23.579,23.602,23.586,23.571,23.609,23.579,23.625,23.609,23.617,23.617,23.594,23.617,23.594,23.579,23.602,23.594,23.594,23.617,23.609,23.64,23.632,23.617,23.632,23.648,23.663,23.663,23.648,23.64,23.64,23.663,23.655,23.663,23.671,23.663,23.663,23.663,23.663,23.655,23.663,23.678,23.686,23.671,23.686,23.686,23.678,23.693,23.693,23.686,23.709,23.701,23.701,23.716,23.701,23.716,23.739,23.747,23.739,23.724,23.732,23.724,23.747,23.747,23.747,23.777,23.793,23.8,23.808,23.823,23.793,23.838,23.77,23.747,23.808,23.823,23.823,23.846,23.846,23.838,23.816,23.808,23.816,23.8,23.823,23.838,23.831,23.831,23.823,23.846,23.838,23.884,23.892,23.899,23.899,23.899,23.907,23.93,23.93,23.938,23.945,23.922,23.922,23.93,23.93,23.953,23.96,23.968,23.983,23.983,23.991,23.991,23.991,24.006,23.998,23.998,24.006,24.021,24.029,24.059,24.052,24.021,24.021,24.044,24.021,24.014,24.037,24.029,24.044,24.059,24.067,24.075,24.075,24.052,24.044,24.067,24.052,24.067,24.059,24.075,24.082,24.105,24.12,24.113,24.105,24.113,24.128,24.151,24.166,24.173,24.166,24.181,24.166,24.151,24.204,24.196,24.189,24.211,24.234,24.242,24.242,24.242,24.249,24.234,24.249,24.272,24.287,24.303,24.303,24.325,24.318,24.348,24.341,24.363,24.363,24.401,24.416,24.439,24.477,24.507,24.53,24.636,24.636,24.908,25.052,25.623,25.63,25.683,25.615,25.623,25.675,25.683,25.735,25.75,25.735,25.698,25.698,25.66,25.615,25.6,25.563,25.548,25.578,25.578,25.608,25.653,25.803,25.93,26.027,26.131,26.139,26.593,26.712,26.845,26.897,27.052,27.111,27.833,27.987,28.046,28.104,28.06,27.635,27.348,27.296,27.591,27.524,27.694,28.112,28.382,28.732,28.972,29.102,29.197,29.255,29.276,29.291,29.276,29.313,29.349,29.544,29.71,29.89,30.336,30.736,30.765,29.76,29.052,29.081,29.94,30.357,30.429,30.493,30.751,31.583,32.704,34.085,35.277,35.311,35.332,35.387,35.4,35.428,35.462,35.517,35.53,35.578,35.592,35.619,35.64,35.653,35.674,35.701,35.708,35.735,35.742,35.756,35.763,35.77,35.763,35.79,35.804,35.865,35.879,35.926,35.947,36.001,36.022,36.104,36.124,36.158,36.199,36.199,36.206,36.212,36.199,36.212,36.212,36.178,36.144,36.097,36.063,36.008,35.988,35.967,35.933,35.94,35.92,35.892,35.879,35.886,35.906,35.913,35.947,35.974,35.988,36.015,36.022,36.049,36.056,36.035,36.035,36.022,35.981,35.974,35.851,35.81,35.722,35.674,35.599,35.599,35.544,35.482,35.448,35.38,35.366,35.346,35.339,35.325,35.311,35.298,35.311,35.332,35.373,35.455,35.51,35.551,35.578,35.612,35.674,35.674,35.681,35.64,35.612,35.578,35.558,35.517,35.503,35.441,35.414,35.366,35.352,35.332,35.311,35.304,35.27,35.243,35.229,35.208,35.188,35.174,35.167,35.154,35.119,35.078,35.071,35.085,34.582,32.416,31.015,29.847,29.421,29.414,29.472,31.178,31.732,31.548,31.086,30.665,30.4,30.257,30.235,30.149,29.804,29.436,29.197,28.834,28.674,28.382,28.134,28.068,27.796,27.355,26.808,26.429,25.832,25.638,25.54,25.45,25.503,25.48,26.139,26.228,26.28,26.288,26.333,26.333,26.295,26.251,26.169,26.072,25.989,25.892,25.795,25.75,25.63,25.435,25.39,25.338,25.338,25.18,25.082,24.757,24.727,24.712,24.719,24.636,24.621,24.636,24.613,24.621,24.613,24.613,24.606,24.598,24.598,24.598,24.583,24.576,24.583,24.545,24.53,24.53,24.492,24.5,24.47,24.47,24.477,24.47,24.439,24.462,24.462,24.454,24.462,24.447,24.439,24.432,24.416,24.432,24.401,24.379,24.386,24.356,24.325,24.325,24.318,24.325,24.333,24.348,24.31,24.333,24.265,24.234,24.242,24.249,24.249,24.265,24.295,24.287,24.272,24.249,24.242,24.227,24.219,24.219,24.219,24.219,24.211,24.204,24.196,24.189,24.181,24.135,24.128,24.143,24.135,24.135,24.135,24.135,24.12,24.128,24.105,24.105,24.113,24.105,24.105,24.128,24.113,24.12,24.12,24.105,24.105,24.105,24.059,24.059,24.037,24.006,24.014,24.014,24.006,24.014,24.021,24.021,23.968,23.991,23.96,23.945,23.968,23.96,23.945,23.983,23.96,23.96,23.983,23.922,23.922,23.922,23.899,23.907,23.907,23.922,23.915,23.915,23.899,23.892,23.892,23.869,23.877,23.861,23.846,23.831,23.816,23.816,23.808,23.816,23.808,23.846,23.831,23.838,23.823,23.823,23.823,23.8,23.816,23.808,23.808,23.816,23.785,23.823,23.777,23.755,23.747,23.739,23.739,23.732,23.793,23.77,23.709,23.739,23.724,23.724,23.724,23.724,23.716,23.678,23.724,23.701,23.709,23.701,23.678,23.709,23.709,23.732,23.663,23.686,23.686,23.671,23.693,23.686,23.709,23.709,23.732,23.755,23.732,23.755,23.747,23.732,23.724,23.709,23.648
,23.502,23.518,23.518,23.533,23.525,23.525,23.533,23.518,23.479,23.495,23.502,23.502,23.502,23.518,23.518,23.533,23.533,23.541,23.502,23.518,23.541,23.579,23.571,23.579,23.579,23.579,23.571,23.579,23.617,23.617,23.617,23.586,23.594,23.594,23.579,23.571,23.594,23.571,23.609,23.609,23.609,23.64,23.625,23.625,23.632,23.64,23.655,23.655,23.648,23.632,23.617,23.625,23.64,23.655,23.663,23.671,23.663,23.648,23.663,23.64,23.64,23.648,23.648,23.663,23.678,23.678,23.686,23.693,23.693,23.686,23.709,23.693,23.678,23.693,23.701,23.716,23.732,23.739,23.732,23.732,23.724,23.724,23.732,23.747,23.762,23.785,23.777,23.8,23.823,23.8,23.777,23.785,23.785,23.762,23.8,23.816,23.823,23.838,23.823,23.816,23.808,23.785,23.793,23.816,23.846,23.854,23.831,23.846,23.854,23.846,23.861,23.884,23.884,23.877,23.892,23.907,23.892,23.922,23.938,23.922,23.938,23.907,23.922,23.93,23.938,23.953,23.976,23.991,23.968,23.968,23.976,23.976,23.983,23.998,23.991,24.006,24.014,24.029,24.044,24.044,24.037,24.044,24.037,24.014,24.014,24.006,23.998,24.021,24.044,24.059,24.044,24.059,24.052,24.052,24.044,24.037,24.052,24.059,24.082,24.105,24.113,24.105,24.105,24.113,24.097,24.113,24.128,24.143,24.151,24.166,24.181,24.181,24.196,24.211,24.219,24.181,24.211,24.234,24.242,24.249,24.257,24.249,24.242,24.234,24.234,24.265,24.28,24.31,24.318,24.341,24.333,24.363,24.394,24.379,24.409,24.424,24.424,24.454,24.477,24.613,24.613,24.689,24.893,25.495,25.698,25.72,25.758,25.728,25.638,25.72,25.75,25.735,25.75,25.735,25.705,25.713,25.645,25.63,25.6,25.57,25.533,25.548,25.548,25.623,25.675,25.728,25.81,25.87,26.064,26.273,26.407,26.667,26.845,26.852,27.163,27.502,27.884,28.024,28.046,28.038,27.943,27.576,27.266,27.185,27.325,27.546,27.767,28.053,28.002,28.397,28.739,28.972,29.015,29.015,29.124,29.139,29.197,29.269,29.24,29.356,29.443,29.645,30.056,30.321,30.679,30.615,29.11,29.044,29.081,30.027,30.199,30.242,30.336,30.422,31.192,31.774,32.9,34.424,35.291,35.304,35.38,35.407,35.435,35.462,35.462,35.517,35.558,35.571,35.599,35.626,35.647,35.667,35.688,35.688,35.715,35.735,35.735,35.749,35.763,35.77,35.797,35.783,35.865,35.872,35.913,35.947,35.981,36.042,36.069,36.144,36.165,36.212,36.212,36.199,36.206,36.185,36.185,36.165,36.138,36.117,36.083,36.056,35.988,35.967,35.954,35.926,35.913,35.892,35.892,35.872,35.892,35.899,35.926,35.933,35.954,35.967,35.988,36.001,36.015,36.015,36.035,35.995,36.008,35.913,35.892,35.858,35.77,35.77,35.64,35.626,35.571,35.53,35.435,35.428,35.387,35.359,35.332,35.318,35.304,35.284,35.284,35.311,35.325,35.4,35.435,35.476,35.53,35.565,35.599,35.626,35.653,35.64,35.64,35.612,35.599,35.565,35.524,35.482,35.462,35.407,35.393,35.346,35.325,35.304,35.291,35.263,35.243,35.222,35.195,35.188,35.181,35.167,35.154,35.105,35.112,35.119,34.879,33.033,31.064,30.249,29.493,29.334,29.399,30.142,31.164,31.682,31.47,30.958,30.743,30.35,30.178,30.135,30.063,29.724,29.493,29.305,29.044,28.914,28.448,28.236,28.046,27.833,27.414,27.097,26.622,26.019,25.675,25.383,25.428,25.525,25.593,25.87,26.206,26.273,26.347,26.31,26.295,26.273,26.243,26.169,26.049,25.982,25.885,25.743,25.705,25.615,25.615,25.473,25.33,25.458,25.338,25.345,25.067,25.119,24.901,24.735,24.636,24.659,24.674,24.629,24.644,24.636,24.621,24.621,24.606,24.606,24.56,24.568,24.568,24.538,24.553,24.545,24.53,24.53,24.507,24.492,24.485,24.485,24.477,24.47,24.462,24.454,24.454,24.454,24.447,24.462,24.416,24.432,24.394,24.401,24.394,24.386,24.371,24.318,24.333,24.341,24.333,24.333,24.356,24.333,24.325,24.295,24.257,24.234,24.211,24.249,24.265,24.265,24.295,24.272,24.28,24.242,24.227,24.219,24.234,24.204,24.204,24.219,24.204,24.196,24.189,24.189,24.166,24.143,24.151,24.135,24.143,24.151,24.143,24.143,24.12,24.113,24.113,24.113,24.097,24.12,24.12,24.113,24.113,24.09,24.113,24.097,24.082,24.075,24.037,24.044,24.014,24.021,24.014,24.006,24.014,23.991,23.983,23.983,24.021,23.976,23.96,23.96,23.96,23.953,23.968,23.96,23.96,23.96,23.938,23.945,23.922,23.907,23.915,23.915,23.922,23.922,23.915,23.907,23.899,23.869,23.877,23.861,23.854,23.838,23.831,23.823,23.816,23.816,23.846,23.838,23.838,23.854,23.838,23.831,23.808,23.808,23.808,23.808,23.823,23.816,23.793,23.77,23.816,23.762,23.739,23.716,23.709,23.724,23.762,23.747,23.777,23.739,23.724,23.732,23.732,23.724,23.709,23.709,23.709,23.655,23.686,23.663,23.678,23.678,23.686,23.693,23.678,23.686,23.678,23.686,23.686,23.716,23.701,23.724,23.747,23.747,23.739,23.755,23.755,23.747,23.732,23.739,23.724,23.678
,23.487,23.502,23.502,23.51,23.525,23.541,23.556,23.541,23.525,23.518,23.518,23.502,23.502,23.518,23.518,23.533,23.51,23.548,23.518,23.51,23.541,23.556,23.564,23.594,23.602,23.579,23.579,23.594,23.571,23.648,23.602,23.602,23.602,23.594,23.579,23.602,23.594,23.571,23.609,23.64,23.617,23.648,23.632,23.64,23.632,23.648,23.64,23.64,23.609,23.632,23.617,23.625,23.64,23.655,23.671,23.671,23.671,23.64,23.632,23.632,23.64,23.632,23.648,23.648,23.648,23.671,23.686,23.686,23.693,23.709,23.693,23.686,23.686,23.686,23.693,23.701,23.693,23.724,23.709,23.709,23.716,23.716,23.732,23.739,23.762,23.777,23.777,23.793,23.8,23.8,23.793,23.785,23.8,23.8,23.816,23.816,23.823,23.816,23.816,23.808,23.8,23.777,23.808,23.823,23.816,23.846,23.861,23.854,23.838,23.831,23.877,23.869,23.915,23.892,23.907,23.892,23.899,23.915,23.915,23.945,23.915,23.915,23.915,23.922,23.945,23.96,23.96,23.983,23.968,23.953,23.96,23.976,23.991,23.991,23.991,24.006,24.014,24.006,24.014,23.998,24.037,24.037,24.037,24.021,24.006,23.991,23.998,24.014,24.037,24.037,24.052,24.067,24.044,24.044,24.037,24.052,24.059,24.067,24.082,24.105,24.105,24.113,24.113,24.113,24.113,24.113,24.128,24.128,24.135,24.158,24.166,24.189,24.204,24.204,24.219,24.227,24.219,24.249,24.242,24.249,24.265,24.249,24.242,24.242,24.234,24.265,24.272,24.303,24.318,24.333,24.348,24.363,24.371,24.386,24.424,24.447,24.454,24.515,24.5,24.545,24.818,25.21,25.72,25.728,25.758,25.765,25.713,25.69,25.75,25.773,25.75,25.765,25.743,25.743,25.683,25.683,25.645,25.6,25.585,25.608,25.585,25.585,25.608,25.638,25.705,25.81,25.982,26.176,26.288,26.399,26.667,26.778,26.956,27.215,27.392,27.613,27.921,28.016,27.994,27.884,27.62,27.237,27.17,27.274,27.502,27.554,27.635,27.921,28.36,28.404,28.535,28.965,29.015,29.015,28.957,28.986,29.102,29.124,29.161,29.182,29.334,29.782,30.041,30.307,30.307,30.314,28.979,28.492,29.037,29.645,30.149,30.077,29.962,30.099,30.206,30.686,31.859,33.005,34.803,35.174,35.359,35.38,35.414,35.448,35.476,35.503,35.537,35.551,35.592,35.626,35.64,35.653,35.674,35.681,35.694,35.715,35.722,35.735,35.749,35.756,35.783,35.797,35.831,35.865,35.913,35.947,35.974,36.015,36.042,36.11,36.165,36.185,36.199,36.199,36.185,36.185,36.185,36.158,36.138,36.117,36.09,36.056,36.001,35.96,35.926,35.92,35.899,35.886,35.865,35.872,35.906,35.899,35.913,35.94,35.947,35.967,35.981,35.995,36.001,36.008,36.015,35.988,35.974,35.94,35.872,35.81,35.79,35.688,35.674,35.578,35.612,35.469,35.435,35.435,35.359,35.352,35.332,35.318,35.298,35.277,35.298,35.284,35.339,35.4,35.414,35.503,35.524,35.565,35.565,35.578,35.647,35.633,35.633,35.612,35.599,35.578,35.524,35.476,35.462,35.421,35.387,35.352,35.318,35.311,35.27,35.25,35.215,35.208,35.202,35.188,35.174,35.167,35.147,35.154,35.195,35.002,33.452,31.434,30.142,29.595,29.327,29.334,29.522,30.972,31.548,31.562,31.427,30.715,30.443,30.249,30.099,30.091,29.876,29.631,29.356,29.189,29.059,29.001,28.564,28.163,28.09,27.796,27.818,27.421,26.645,26.139,25.907,25.593,25.39,25.353,25.368,25.795,26.079,26.154,26.198,26.258,26.243,26.221,26.183,26.124,26.079,25.952,25.862,25.78,25.728,25.72,25.63,25.63,25.638,25.525,25.585,25.585,25.503,25.51,25.172,24.886,24.991,24.719,24.674,24.651,24.629,24.629,24.636,24.636,24.629,24.591,24.591,24.568,24.568,24.576,24.568,24.568,24.56,24.523,24.507,24.492,24.492,24.492,24.492,24.477,24.47,24.439,24.454,24.447,24.454,24.454,24.454,24.439,24.432,24.401,24.401,24.379,24.348,24.348,24.333,24.333,24.348,24.341,24.348,24.341,24.333,24.287,24.257,24.257,24.249,24.257,24.257,24.295,24.28,24.28,24.287,24.242,24.234,24.227,24.219,24.219,24.219,24.211,24.219,24.204,24.196,24.173,24.158,24.158,24.158,24.151,24.151,24.158,24.158,24.151,24.151,24.143,24.105,24.105,24.12,24.105,24.113,24.105,24.128,24.105,24.09,24.067,24.075,24.067,24.044,24.044,24.006,24.006,24.021,24.006,23.991,23.991,23.983,23.991,24.006,23.953,23.96,23.968,23.968,23.96,23.953,23.96,23.953,23.968,23.938,23.976,23.93,23.922,23.915,23.907,23.915,23.93,23.922,23.907,23.884,23.884,23.861,23.869,23.846,23.831,23.838,23.808,23.8,23.8,23.8,23.831,23.854,23.869,23.846,23.846,23.816,23.808,23.793,23.8,23.777,23.823,23.831,23.823,23.831,23.785,23.739,23.77,23.77,23.655,23.732,23.732,23.739,23.724,23.724,23.709,23.716,23.716,23.709,23.693,23.678,23.686,23.678,23.671,23.648,23.663,23.663,23.663,23.655,23.663,23.671,23.701,23.678,23.671,23.724,23.724,23.739,23.739,23.755,23.762,23.732,23.747,23.732,23.724,23.678,23.648
,23.441,23.487,23.51,23.51,23.533,23.51,23.564,23.571,23.525,23.502,23.495,23.51,23.51,23.51,23.518,23.548,23.533,23.525,23.502,23.51,23.556,23.541,23.556,23.594,23.602,23.579,23.586,23.556,23.571,23.586,23.571,23.586,23.609,23.602,23.586,23.594,23.586,23.579,23.594,23.625,23.625,23.64,23.632,23.625,23.632,23.632,23.632,23.632,23.632,23.625,23.602,23.594,23.625,23.64,23.648,23.632,23.648,23.625,23.632,23.632,23.609,23.655,23.632,23.632,23.632,23.663,23.678,23.709,23.686,23.709,23.686,23.678,23.701,23.686,23.693,23.693,23.701,23.693,23.716,23.701,23.716,23.716,23.732,23.747,23.762,23.785,23.785,23.793,23.793,23.8,23.808,23.793,23.831,23.808,23.816,23.816,23.808,23.816,23.8,23.808,23.808,23.808,23.831,23.838,23.861,23.877,23.869,23.877,23.854,23.869,23.861,23.884,23.884,23.907,23.915,23.892,23.892,23.892,23.915,23.915,23.899,23.915,23.899,23.915,23.938,23.945,23.953,23.953,23.953,23.968,23.953,23.96,23.96,23.991,23.991,23.991,23.991,24.006,23.983,24.006,24.037,24.029,24.021,24.021,23.991,24.006,23.991,24.021,24.029,24.052,24.044,24.044,24.044,24.044,24.037,24.052,24.052,24.09,24.09,24.105,24.113,24.105,24.097,24.09,24.105,24.12,24.135,24.135,24.143,24.173,24.181,24.189,24.204,24.211,24.219,24.234,24.249,24.257,24.257,24.257,24.257,24.249,24.249,24.242,24.249,24.272,24.28,24.318,24.341,24.333,24.356,24.379,24.386,24.432,24.454,24.5,24.462,24.53,24.712,25.119,25.525,25.78,25.877,25.982,25.862,25.743,25.683,25.698,25.75,25.758,25.788,25.773,25.765,25.728,25.683,25.675,25.608,25.623,25.608,25.593,25.615,25.623,25.675,25.743,25.877,25.945,26.109,26.116,26.37,26.518,26.682,26.823,27,27.281,27.657,27.818,28.002,27.95,27.855,27.635,27.34,27.2,27.266,27.451,27.546,27.76,27.994,28.002,28.338,28.623,28.834,28.877,28.921,28.877,28.921,28.907,28.914,29.066,29.189,29.066,29.161,29.544,29.919,30.07,30.321,30.127,28.623,28.506,28.972,29.688,30.271,30.02,29.861,29.955,29.998,30.171,30.879,31.873,33.229,34.906,35.277,35.359,35.38,35.421,35.455,35.503,35.524,35.558,35.565,35.606,35.633,35.64,35.66,35.667,35.674,35.701,35.708,35.729,35.742,35.756,35.77,35.797,35.838,35.858,35.926,35.947,35.974,36.008,36.056,36.124,36.165,36.165,36.212,36.206,36.185,36.178,36.185,36.165,36.172,36.138,36.076,36.056,36.008,35.988,35.954,35.926,35.899,35.892,35.872,35.872,35.872,35.92,35.926,35.933,35.947,35.967,35.981,35.988,36.001,36.022,36.022,36.001,35.995,35.96,35.886,35.797,35.783,35.742,35.688,35.647,35.53,35.503,35.448,35.38,35.346,35.332,35.311,35.311,35.304,35.298,35.304,35.277,35.366,35.387,35.428,35.503,35.517,35.551,35.558,35.571,35.612,35.612,35.619,35.619,35.592,35.558,35.544,35.51,35.462,35.421,35.38,35.339,35.332,35.291,35.256,35.229,35.229,35.202,35.208,35.188,35.174,35.154,35.133,35.14,35.016,33.578,31.696,30.507,29.609,29.392,29.313,29.53,30.034,31.121,31.257,31.562,31.164,30.95,30.156,30.171,30.041,29.861,29.724,29.551,29.493,29.291,29.168,28.914,28.623,28.207,28.046,27.782,27.694,27.237,26.86,26.474,26.019,25.623,25.593,25.405,25.345,25.375,25.743,26.079,26.161,26.161,26.243,26.206,26.139,26.109,25.989,25.93,25.855,25.803,25.773,25.728,25.72,25.735,25.72,25.69,25.705,25.675,25.728,25.645,25.705,25.63,25.495,25.18,24.78,24.697,24.697,24.689,24.674,24.644,24.644,24.629,24.583,24.56,24.568,24.56,24.56,24.56,24.545,24.53,24.523,24.5,24.5,24.5,24.492,24.492,24.47,24.462,24.454,24.454,24.447,24.454,24.439,24.447,24.432,24.401,24.401,24.386,24.363,24.363,24.348,24.363,24.363,24.356,24.356,24.348,24.348,24.31,24.295,24.295,24.227,24.257,24.272,24.28,24.295,24.303,24.28,24.249,24.242,24.219,24.234,24.211,24.211,24.219,24.234,24.219,24.196,24.196,24.158,24.158,24.143,24.143,24.158,24.143,24.151,24.151,24.128,24.135,24.158,24.105,24.113,24.128,24.105,24.12,24.105,24.113,24.082,24.067,24.067,24.067,24.059,24.059,24.021,24.006,23.983,24.014,24.014,24.014,24.021,24.006,23.991,23.983,23.991,23.983,23.968,23.968,23.953,23.96,23.96,23.968,23.968,23.96,23.938,23.93,23.93,23.915,23.915,23.915,23.922,23.899,23.892,23.877,23.861,23.846,23.838,23.808,23.838,23.793,23.808,23.816,23.831,23.831,23.838,23.831,23.854,23.838,23.816,23.816,23.793,23.8,23.816,23.793,23.838,23.831,23.816,23.8,23.716,23.739,23.732,23.732,23.732,23.709,23.701,23.716,23.709,23.709,23.732,23.716,23.693,23.693,23.678,23.678,23.678,23.663,23.663,23.655,23.64,23.655,23.648,23.64,23.655,23.693,23.663,23.709,23.701,23.716,23.693,23.732,23.739,23.724,23.739,23.716,23.739,23.663,23.678,23.632
,23.479,23.502,23.518,23.518,23.533,23.548,23.518,23.525,23.533,23.51,23.502,23.495,23.525,23.502,23.533,23.548,23.541,23.548,23.525,23.533,23.541,23.579,23.602,23.594,23.594,23.586,23.586,23.586,23.556,23.571,23.556,23.586,23.609,23.617,23.602,23.586,23.586,23.609,23.617,23.625,23.632,23.648,23.648,23.632,23.632,23.602,23.609,23.617,23.594,23.617,23.602,23.609,23.617,23.609,23.64,23.655,23.648,23.648,23.64,23.625,23.625,23.617,23.632,23.632,23.64,23.655,23.671,23.701,23.701,23.693,23.686,23.686,23.701,23.678,23.716,23.724,23.701,23.709,23.709,23.709,23.716,23.716,23.755,23.755,23.762,23.785,23.785,23.785,23.793,23.8,23.808,23.823,23.793,23.816,23.808,23.808,23.8,23.816,23.808,23.8,23.823,23.838,23.831,23.846,23.869,23.892,23.884,23.877,23.869,23.869,23.892,23.892,23.907,23.907,23.899,23.907,23.892,23.922,23.953,23.899,23.899,23.922,23.922,23.915,23.938,23.938,23.945,23.953,23.976,23.938,23.938,23.938,23.968,23.968,23.983,23.983,23.991,24.006,24.021,24.037,24.037,24.014,24.029,24.006,24.006,23.998,23.998,23.998,24.037,24.029,24.067,24.044,24.052,24.044,24.044,24.044,24.052,24.067,24.09,24.105,24.105,24.105,24.09,24.09,24.097,24.113,24.135,24.151,24.158,24.151,24.166,24.181,24.204,24.204,24.219,24.234,24.249,24.265,24.272,24.257,24.257,24.257,24.257,24.257,24.257,24.287,24.287,24.31,24.333,24.341,24.371,24.379,24.447,24.447,24.5,24.477,24.5,24.659,25.36,25.653,25.967,26.116,26.124,25.9,25.735,25.743,25.713,25.728,25.735,25.803,25.788,25.78,25.735,25.728,25.69,25.638,25.623,25.615,25.615,25.608,25.668,25.645,25.72,25.84,26.079,26.139,26.191,26.28,26.481,26.719,26.852,26.949,27.407,27.539,27.716,27.877,28.002,27.921,27.84,27.473,27.089,27.185,27.34,27.517,27.605,27.877,27.972,28.148,28.44,28.747,28.892,28.848,28.827,28.805,28.754,28.725,28.812,28.921,28.986,29.095,29.247,29.414,29.905,30.206,30.192,29.897,28.521,28.484,28.885,29.587,30.565,30.084,29.688,29.724,29.753,30.005,30.171,30.836,31.944,33.292,34.934,35.359,35.346,35.414,35.448,35.482,35.503,35.544,35.565,35.585,35.619,35.626,35.633,35.653,35.667,35.681,35.701,35.722,35.735,35.763,35.763,35.797,35.824,35.851,35.906,35.926,35.96,36.001,36.035,36.097,36.172,36.199,36.206,36.199,36.192,36.192,36.178,36.185,36.158,36.117,36.097,36.042,36.015,35.974,35.96,35.92,35.913,35.906,35.899,35.913,35.886,35.92,35.933,35.933,35.954,35.981,35.988,35.981,36.022,36.029,36.035,36.029,36.008,35.974,35.872,35.872,35.81,35.701,35.667,35.599,35.517,35.537,35.441,35.387,35.339,35.311,35.298,35.298,35.284,35.298,35.298,35.332,35.373,35.393,35.455,35.469,35.51,35.551,35.565,35.578,35.571,35.592,35.612,35.599,35.592,35.544,35.517,35.496,35.441,35.428,35.38,35.346,35.318,35.291,35.236,35.25,35.202,35.202,35.202,35.195,35.147,35.147,35.126,35.119,33.696,31.746,30.493,29.681,29.37,29.298,29.327,29.832,30.993,31.029,31.207,31.413,31.093,30.3,30.091,30.012,30.012,29.905,29.89,29.587,29.334,29.182,29.015,29.008,28.696,28.287,28.163,27.914,27.686,27.62,26.852,26.919,26.325,25.952,25.473,25.368,25.398,25.285,25.435,25.945,26.004,26.079,26.101,26.169,26.101,26.087,25.997,25.93,25.855,25.818,25.773,25.735,25.75,25.735,25.735,25.758,25.735,25.832,25.795,25.795,25.75,25.803,25.728,25.615,25.27,24.818,24.772,24.742,24.659,24.651,24.644,24.613,24.613,24.629,24.583,24.56,24.591,24.568,24.553,24.56,24.53,24.507,24.485,24.507,24.492,24.5,24.485,24.47,24.462,24.462,24.447,24.477,24.454,24.409,24.409,24.439,24.409,24.394,24.394,24.379,24.379,24.363,24.371,24.371,24.363,24.333,24.341,24.325,24.295,24.303,24.257,24.287,24.249,24.272,24.265,24.265,24.265,24.242,24.265,24.249,24.211,24.211,24.227,24.211,24.204,24.196,24.189,24.196,24.173,24.158,24.158,24.166,24.166,24.135,24.143,24.143,24.143,24.151,24.173,24.12,24.113,24.128,24.12,24.12,24.082,24.067,24.059,24.067,24.067,24.067,24.059,24.052,24.029,24.006,24.021,23.976,24.014,23.998,24.006,24.006,24.021,24.021,24.006,23.991,23.976,23.968,23.953,23.953,23.96,23.953,23.976,23.976,23.96,23.945,23.922,23.915,23.907,23.907,23.922,23.877,23.907,23.869,23.838,23.838,23.831,23.838,23.816,23.816,23.793,23.831,23.816,23.831,23.869,23.869,23.884,23.831,23.838,23.808,23.8,23.793,23.8,23.823,23.838,23.816,23.808,23.808,23.755,23.739,23.777,23.716,23.716,23.724,23.701,23.716,23.709,23.701,23.709,23.755,23.693,23.755,23.709,23.709,23.686,23.686,23.663,23.64,23.632,23.632,23.671,23.663,23.678,23.671,23.693,23.709,23.678,23.693,23.686,23.716,23.739,23.747,23.716,23.716,23.693,23.693,23.655,23.64
,23.472,23.487,23.518,23.518,23.495,23.51,23.518,23.518,23.51,23.502,23.479,23.487,23.487,23.502,23.525,23.518,23.518,23.533,23.533,23.548,23.556,23.571,23.609,23.586,23.64,23.586,23.586,23.579,23.579,23.571,23.579,23.579,23.571,23.594,23.602,23.602,23.579,23.579,23.609,23.617,23.648,23.64,23.64,23.648,23.64,23.617,23.594,23.602,23.602,23.602,23.594,23.64,23.617,23.632,23.655,23.64,23.655,23.64,23.648,23.632,23.625,23.617,23.625,23.64,23.64,23.663,23.678,23.678,23.686,23.678,23.686,23.686,23.709,23.678,23.709,23.709,23.716,23.693,23.693,23.693,23.709,23.732,23.724,23.739,23.762,23.77,23.785,23.785,23.8,23.8,23.8,23.831,23.831,23.808,23.823,23.793,23.8,23.793,23.816,23.808,23.823,23.861,23.854,23.846,23.846,23.861,23.861,23.869,23.861,23.861,23.869,23.884,23.915,23.915,23.922,23.93,23.899,23.915,23.93,23.915,23.907,23.922,23.922,23.907,23.945,23.93,23.96,23.945,23.938,23.945,23.938,23.938,23.96,23.953,23.976,23.953,23.998,23.998,24.052,24.029,24.014,24.014,24.006,24.006,24.014,24.014,24.014,24.029,24.014,24.044,24.044,24.059,24.059,24.052,24.059,24.052,24.067,24.067,24.082,24.09,24.097,24.097,24.082,24.082,24.097,24.113,24.143,24.158,24.158,24.173,24.166,24.173,24.196,24.204,24.219,24.234,24.249,24.265,24.265,24.28,24.265,24.265,24.265,24.295,24.287,24.287,24.303,24.325,24.371,24.348,24.356,24.386,24.462,24.5,24.47,24.727,24.908,25.345,25.922,26.198,26.087,26.101,25.81,25.735,25.743,25.72,25.72,25.743,25.735,25.788,25.765,25.765,25.75,25.668,25.638,25.63,25.615,25.615,25.623,25.653,25.698,25.69,25.855,25.96,26.109,26.213,26.258,26.459,26.838,26.749,27.074,27.259,27.392,27.649,27.855,27.95,27.928,27.84,27.789,27.274,27.089,27.111,27.237,27.429,27.605,27.84,28.155,28.273,28.397,28.688,28.674,28.747,28.754,28.688,28.696,28.703,28.645,28.805,28.899,29.066,29.204,29.414,29.659,29.883,30.048,29.616,28.309,28.499,28.805,29.493,30.636,30.379,29.724,29.58,29.537,29.652,29.717,30.171,30.772,31.817,33.131,34.769,35.339,35.373,35.421,35.441,35.476,35.496,35.551,35.558,35.585,35.585,35.619,35.626,35.64,35.653,35.688,35.708,35.729,35.729,35.756,35.776,35.817,35.845,35.886,35.926,35.974,36.001,35.995,36.09,36.165,36.206,36.219,36.206,36.219,36.185,36.199,36.185,36.185,36.158,36.076,36.063,36.029,35.981,35.947,35.92,35.926,35.899,35.899,35.906,35.899,35.92,35.933,35.92,35.954,35.981,35.988,36.001,36.029,36.042,36.042,36.035,36.022,35.947,35.892,35.865,35.776,35.701,35.667,35.653,35.571,35.53,35.414,35.373,35.332,35.304,35.298,35.284,35.298,35.291,35.298,35.332,35.393,35.435,35.462,35.496,35.53,35.537,35.571,35.571,35.585,35.592,35.592,35.578,35.565,35.524,35.496,35.482,35.407,35.387,35.373,35.346,35.332,35.284,35.229,35.222,35.202,35.188,35.188,35.174,35.167,35.181,35.126,33.703,31.732,30.586,29.472,29.291,29.276,29.269,29.414,30.836,31.015,31.036,31.164,31.242,30.565,30.185,30.084,29.969,29.876,29.84,29.659,29.399,29.262,29.095,29.052,28.856,28.455,28.177,28.163,27.884,27.591,27.576,27.502,26.815,26.34,26.206,25.675,25.585,25.345,25.277,25.33,25.668,25.997,26.027,26.042,26.101,26.042,26.019,25.982,25.885,25.847,25.825,25.788,25.765,25.743,25.735,25.765,25.75,25.832,25.87,25.847,25.922,25.945,26.012,25.915,25.705,25.825,25.533,25.338,24.833,24.727,24.75,24.704,24.659,24.636,24.621,24.576,24.591,24.583,24.553,24.591,24.553,24.523,24.5,24.507,24.5,24.507,24.5,24.485,24.485,24.47,24.47,24.477,24.485,24.454,24.439,24.416,24.401,24.416,24.401,24.386,24.394,24.386,24.379,24.371,24.386,24.356,24.348,24.341,24.348,24.325,24.318,24.31,24.272,24.272,24.28,24.265,24.265,24.257,24.272,24.272,24.234,24.242,24.227,24.219,24.242,24.219,24.211,24.204,24.181,24.166,24.158,24.151,24.158,24.158,24.166,24.128,24.105,24.143,24.135,24.105,24.143,24.135,24.128,24.113,24.082,24.113,24.09,24.075,24.059,24.067,24.075,24.067,24.082,24.014,24.021,24.014,24.021,24.021,24.021,23.998,24.021,24.014,24.021,24.014,24.006,23.968,23.96,23.945,23.945,23.945,23.96,23.938,23.953,23.938,23.938,23.938,23.93,23.915,23.907,23.877,23.892,23.877,23.846,23.846,23.831,23.808,23.816,23.823,23.777,23.831,23.831,23.823,23.831,23.831,23.838,23.838,23.861,23.854,23.823,23.816,23.785,23.8,23.823,23.823,23.823,23.823,23.808,23.777,23.77,23.77,23.709,23.732,23.701,23.678,23.686,23.701,23.693,23.693,23.693,23.678,23.693,23.709,23.701,23.701,23.693,23.663,23.663,23.648,23.625,23.625,23.632,23.64,23.686,23.678,23.671,23.693,23.701,23.693,23.686,23.701,23.724,23.701,23.678,23.655,23.632,23.64,23.64
,23.495,23.495,23.502,23.51,23.525,23.51,23.518,23.502,23.502,23.487,23.464,23.472,23.487,23.495,23.502,23.502,23.525,23.51,23.533,23.556,23.564,23.586,23.609,23.579,23.609,23.564,23.586,23.594,23.579,23.586,23.594,23.571,23.602,23.602,23.586,23.579,23.579,23.586,23.602,23.586,23.625,23.632,23.648,23.625,23.617,23.617,23.586,23.594,23.602,23.586,23.594,23.617,23.609,23.632,23.648,23.655,23.655,23.648,23.625,23.625,23.648,23.64,23.617,23.663,23.655,23.663,23.686,23.678,23.678,23.693,23.693,23.709,23.701,23.678,23.701,23.724,23.686,23.701,23.671,23.671,23.693,23.716,23.724,23.747,23.762,23.793,23.785,23.808,23.793,23.808,23.8,23.816,23.831,23.808,23.777,23.8,23.8,23.785,23.823,23.831,23.823,23.854,23.838,23.869,23.854,23.823,23.846,23.861,23.861,23.861,23.877,23.899,23.915,23.93,23.922,23.922,23.907,23.899,23.922,23.93,23.938,23.96,23.93,23.922,23.953,23.945,23.945,23.968,23.915,23.922,23.938,23.922,23.96,23.96,23.96,24.021,24.021,24.021,24.014,24.037,24.006,24.021,23.998,24.006,24.021,24.014,24.014,24.029,24.044,24.052,24.044,24.052,24.044,24.044,24.059,24.067,24.044,24.082,24.082,24.09,24.097,24.113,24.113,24.067,24.082,24.128,24.151,24.166,24.166,24.166,24.173,24.196,24.196,24.189,24.219,24.234,24.257,24.257,24.272,24.272,24.265,24.272,24.287,24.295,24.31,24.333,24.325,24.356,24.379,24.386,24.394,24.454,24.439,24.492,24.75,25.292,25.698,26.206,26.183,26.146,26.101,25.78,25.72,25.75,25.81,25.72,25.728,25.75,25.743,25.75,25.75,25.758,25.72,25.675,25.645,25.645,25.645,25.638,25.668,25.675,25.735,25.862,25.877,25.997,26.213,26.288,26.437,26.57,26.786,26.986,27.008,27.414,27.694,27.877,27.862,27.943,27.818,27.811,27.451,27.097,27.163,27.348,27.48,27.598,27.657,27.921,27.936,28.36,28.411,28.615,28.725,28.696,28.681,28.645,28.623,28.681,28.674,28.761,28.936,28.907,29.095,29.457,29.688,29.739,29.905,29.537,28.309,28.455,28.87,29.652,30.6,30.622,30.041,29.566,29.363,29.457,29.515,29.775,30.056,30.672,31.313,32.809,34.285,35.298,35.387,35.4,35.435,35.476,35.524,35.53,35.565,35.544,35.578,35.592,35.619,35.653,35.674,35.681,35.708,35.715,35.735,35.763,35.81,35.838,35.879,35.913,35.967,36.008,36.056,36.124,36.172,36.192,36.219,36.219,36.212,36.233,36.206,36.192,36.185,36.165,36.11,36.056,36.008,35.995,35.96,35.954,35.913,35.926,35.899,35.906,35.899,35.906,35.906,35.954,35.92,35.967,35.967,36.022,35.995,36.029,36.063,36.069,36.029,36.029,35.906,35.77,35.749,35.722,35.633,35.565,35.558,35.503,35.455,35.352,35.332,35.284,35.27,35.27,35.27,35.311,35.359,35.359,35.38,35.414,35.455,35.53,35.544,35.585,35.592,35.585,35.578,35.585,35.571,35.571,35.544,35.51,35.482,35.441,35.4,35.366,35.359,35.332,35.311,35.27,35.25,35.208,35.195,35.181,35.188,35.174,35.112,35.064,33.39,31.633,30.536,29.609,29.284,29.255,29.305,29.515,30.579,31.057,31.029,31.043,31.036,31.029,30.522,30.12,29.984,29.905,29.796,29.609,29.609,29.363,29.45,29.088,28.95,28.688,28.521,28.243,28.097,27.972,27.657,27.539,27.443,26.778,26.347,26.251,26.012,25.503,25.353,25.323,25.413,25.638,25.795,25.967,25.997,26.034,25.989,25.989,25.967,25.907,25.87,25.84,25.825,25.803,25.773,25.788,25.803,25.795,25.907,25.937,25.975,25.989,26.064,26.019,26.057,25.937,25.907,25.705,25.578,25.375,24.863,24.735,24.697,24.697,24.666,24.636,24.629,24.651,24.621,24.583,24.576,24.568,24.545,24.523,24.523,24.515,24.515,24.515,24.5,24.492,24.492,24.5,24.477,24.47,24.447,24.409,24.432,24.409,24.401,24.386,24.394,24.394,24.386,24.386,24.356,24.371,24.356,24.371,24.348,24.333,24.341,24.325,24.31,24.272,24.287,24.28,24.28,24.287,24.272,24.272,24.257,24.242,24.249,24.249,24.249,24.227,24.211,24.219,24.219,24.181,24.166,24.189,24.158,24.158,24.151,24.128,24.113,24.128,24.143,24.181,24.181,24.128,24.151,24.12,24.12,24.151,24.105,24.082,24.105,24.082,24.067,24.059,24.044,24.044,24.067,24.044,24.037,24.021,24.029,24.029,24.021,24.037,24.029,24.037,24.029,24.006,23.983,23.968,23.945,23.945,23.945,23.938,23.945,23.945,23.953,23.938,23.953,23.938,23.915,23.907,23.907,23.899,23.877,23.892,23.854,23.846,23.808,23.816,23.823,23.846,23.816,23.838,23.831,23.823,23.823,23.831,23.831,23.854,23.831,23.838,23.808,23.816,23.831,23.8,23.816,23.816,23.8,23.816,23.77,23.747,23.732,23.762,23.739,23.716,23.724,23.693,23.693,23.693,23.693,23.693,23.678,23.701,23.701,23.701,23.709,23.678,23.678,23.655,23.648,23.617,23.64,23.655,23.632,23.671,23.709,23.716,23.709,23.678,23.686,23.678,23.716,23.739,23.724,23.716,23.648,23.678,23.671,23.625
,23.495,23.502,23.525,23.495,23.51,23.502,23.502,23.51,23.502,23.487,23.464,23.456,23.464,23.479,23.487,23.495,23.518,23.548,23.541,23.548,23.533,23.571,23.564,23.594,23.571,23.579,23.586,23.586,23.594,23.586,23.594,23.594,23.571,23.602,23.564,23.571,23.579,23.556,23.594,23.564,23.625,23.617,23.617,23.617,23.617,23.602,23.594,23.594,23.594,23.609,23.609,23.625,23.648,23.64,23.64,23.655,23.671,23.655,23.632,23.64,23.632,23.655,23.64,23.655,23.655,23.655,23.686,23.678,23.678,23.678,23.693,23.701,23.701,23.709,23.716,23.693,23.701,23.701,23.678,23.693,23.709,23.693,23.739,23.747,23.77,23.785,23.785,23.8,23.8,23.816,23.816,23.831,23.823,23.808,23.808,23.777,23.777,23.785,23.808,23.838,23.831,23.823,23.831,23.838,23.831,23.846,23.846,23.838,23.838,23.846,23.869,23.907,23.884,23.907,23.938,23.907,23.899,23.922,23.884,23.945,23.93,23.968,23.938,23.96,23.976,23.945,23.945,23.93,23.922,23.922,23.93,23.938,23.945,23.976,24.006,23.976,24.014,23.991,24.014,24.021,24.014,24.014,24.014,24.006,24.014,24.029,24.037,24.014,24.029,24.037,24.021,24.044,24.037,24.029,24.052,24.067,24.059,24.075,24.082,24.105,24.097,24.105,24.059,24.075,24.097,24.105,24.158,24.158,24.173,24.181,24.189,24.173,24.173,24.196,24.204,24.249,24.234,24.249,24.272,24.265,24.28,24.287,24.295,24.31,24.325,24.371,24.363,24.356,24.386,24.386,24.401,24.447,24.576,24.984,25.435,25.818,26.198,26.228,26.221,26.057,25.818,25.795,25.765,25.728,25.75,25.728,25.735,25.75,25.743,25.75,25.72,25.698,25.675,25.638,25.63,25.638,25.653,25.668,25.72,25.713,25.758,25.892,26.019,26.049,26.191,26.236,26.489,26.719,26.867,26.956,27.17,27.627,27.796,27.906,27.811,27.826,27.833,27.649,27.222,27.119,27.289,27.34,27.465,27.642,27.598,27.833,28.199,28.331,28.44,28.572,28.659,28.594,28.615,28.557,28.55,28.586,28.615,28.652,28.776,28.841,28.979,29.146,29.479,29.681,29.667,28.768,28.214,28.462,28.513,29.342,30.593,30.593,30.293,29.616,29.399,29.269,29.334,29.276,29.407,29.876,30.593,31.342,32.17,33.759,34.92,35.38,35.407,35.421,35.448,35.476,35.53,35.53,35.551,35.592,35.578,35.626,35.626,35.647,35.667,35.674,35.694,35.756,35.81,35.79,35.845,35.899,35.974,36.022,36.056,36.097,36.158,36.172,36.226,36.219,36.212,36.226,36.206,36.185,36.178,36.158,36.117,36.056,36.008,35.974,35.954,35.954,35.94,35.92,35.906,35.892,35.879,35.886,35.886,35.899,35.92,35.947,35.967,36.008,36.035,36.015,36.076,36.076,36.022,36.015,35.954,35.845,35.756,35.694,35.606,35.544,35.503,35.476,35.428,35.366,35.298,35.27,35.256,35.256,35.27,35.277,35.304,35.346,35.428,35.4,35.503,35.537,35.565,35.585,35.592,35.592,35.578,35.571,35.558,35.544,35.537,35.496,35.421,35.428,35.4,35.366,35.352,35.325,35.325,35.325,35.229,35.202,35.181,35.174,35.188,35.099,33.891,32.325,31.292,30.45,29.414,29.334,29.247,29.305,29.349,30.178,31.107,31.043,31.015,30.643,30.858,30.929,30.457,30.07,29.919,29.768,29.645,29.58,29.349,29.305,29.095,29.059,28.819,28.652,28.411,28.309,28.134,27.928,27.686,27.377,27.613,26.934,26.422,26.236,26.012,25.48,25.375,25.368,25.353,25.39,25.383,25.668,25.87,25.982,25.915,25.945,25.93,25.892,25.892,25.877,25.87,25.855,25.84,25.818,25.81,25.855,25.87,25.922,26.004,26.049,26.049,26.057,26.094,26.109,26.072,26.019,25.967,25.877,25.51,24.991,24.81,24.704,24.674,24.682,24.644,24.636,24.598,24.621,24.553,24.545,24.553,24.53,24.53,24.538,24.523,24.53,24.523,24.5,24.515,24.507,24.485,24.485,24.47,24.447,24.424,24.409,24.386,24.394,24.394,24.401,24.386,24.401,24.363,24.379,24.386,24.371,24.356,24.348,24.325,24.31,24.31,24.287,24.295,24.287,24.295,24.287,24.295,24.265,24.242,24.234,24.257,24.257,24.242,24.242,24.234,24.211,24.211,24.219,24.158,24.189,24.173,24.151,24.166,24.158,24.166,24.151,24.151,24.128,24.173,24.151,24.128,24.113,24.113,24.12,24.128,24.12,24.12,24.082,24.075,24.067,24.052,24.037,24.029,24.037,24.029,23.998,24.021,24.021,24.029,24.029,24.014,24.029,24.029,24.021,23.983,23.96,23.953,23.938,23.945,23.93,23.93,23.938,23.93,23.93,23.93,23.938,23.945,23.915,23.899,23.915,23.907,23.877,23.838,23.823,23.831,23.808,23.846,23.831,23.838,23.831,23.846,23.823,23.823,23.838,23.831,23.838,23.846,23.793,23.816,23.808,23.808,23.8,23.831,23.8,23.816,23.8,23.785,23.777,23.77,23.747,23.732,23.716,23.709,23.693,23.693,23.686,23.693,23.709,23.701,23.739,23.709,23.716,23.724,23.709,23.671,23.64,23.648,23.609,23.671,23.655,23.686,23.709,23.693,23.732,23.716,23.671,23.686,23.678,23.716,23.678,23.709,23.762,23.625,23.64,23.655,23.663
,23.533,23.502,23.495,23.495,23.51,23.541,23.525,23.51,23.495,23.495,23.479,23.464,23.472,23.472,23.464,23.456,23.495,23.487,23.533,23.541,23.548,23.564,23.571,23.518,23.602,23.579,23.594,23.586,23.571,23.602,23.579,23.594,23.579,23.579,23.564,23.579,23.579,23.579,23.602,23.609,23.609,23.617,23.625,23.625,23.602,23.602,23.586,23.586,23.594,23.594,23.625,23.625,23.64,23.648,23.655,23.648,23.648,23.648,23.632,23.617,23.648,23.648,23.64,23.701,23.655,23.678,23.686,23.686,23.671,23.693,23.693,23.686,23.709,23.716,23.701,23.701,23.709,23.716,23.693,23.693,23.686,23.716,23.724,23.762,23.77,23.777,23.838,23.808,23.861,23.823,23.808,23.808,23.8,23.823,23.816,23.808,23.8,23.808,23.808,23.831,23.838,23.838,23.831,23.831,23.838,23.846,23.831,23.838,23.838,23.846,23.884,23.907,23.915,23.93,23.93,23.915,23.93,23.915,23.899,23.93,23.953,23.953,23.96,23.953,23.968,23.945,23.953,23.953,23.93,23.93,23.938,23.938,23.968,23.991,23.998,23.983,24.006,24.006,24.021,24.029,24.029,24.037,24.021,24.021,24.075,24.029,24.037,24.037,24.014,24.029,24.044,24.037,24.044,24.037,24.052,24.067,24.09,24.113,24.105,24.097,24.105,24.09,24.097,24.128,24.128,24.166,24.158,24.166,24.173,24.181,24.181,24.196,24.204,24.189,24.204,24.219,24.249,24.249,24.272,24.287,24.287,24.303,24.318,24.333,24.348,24.409,24.416,24.416,24.416,24.416,24.47,24.507,24.742,25.495,25.93,26.273,26.183,26.064,25.967,25.81,25.773,25.765,25.765,25.758,25.75,25.728,25.75,25.728,25.72,25.713,25.713,25.69,25.638,25.623,25.623,25.66,25.668,25.705,25.75,25.758,25.915,25.982,26.116,26.318,26.452,26.533,26.652,26.815,26.793,26.993,27.215,27.679,27.848,27.84,27.833,27.738,27.51,27.229,27.089,27.237,27.311,27.407,27.488,27.694,27.782,28.053,28.294,28.382,28.477,28.506,28.572,28.579,28.55,28.448,28.492,28.499,28.557,28.71,28.732,28.863,29.015,29.327,29.428,29.493,29.688,28.994,28.104,28.404,28.426,29.349,30.379,30.55,30.336,30.221,29.385,29.218,29.218,29.313,29.204,29.486,29.746,30.5,30.765,31.944,33.18,34.796,35.304,35.366,35.414,35.428,35.435,35.51,35.517,35.551,35.565,35.585,35.633,35.633,35.64,35.653,35.694,35.735,35.77,35.804,35.851,35.906,35.94,35.988,36.076,36.117,36.178,36.212,36.233,36.212,36.212,36.219,36.206,36.192,36.192,36.144,36.124,36.097,36.015,35.974,35.94,35.926,35.913,35.899,35.913,35.872,35.892,35.872,35.879,35.886,35.92,35.892,35.954,35.967,35.974,36.015,36.063,36.015,36.042,36.015,35.913,35.851,35.701,35.647,35.64,35.51,35.489,35.441,35.393,35.325,35.298,35.277,35.243,35.243,35.263,35.263,35.311,35.407,35.407,35.503,35.544,35.558,35.606,35.619,35.626,35.599,35.585,35.571,35.544,35.544,35.489,35.469,35.448,35.407,35.359,35.339,35.332,35.332,35.318,35.277,35.188,35.229,35.147,35.147,34.368,32.802,31.413,30.843,30.257,29.407,29.305,29.24,29.349,29.284,30.178,31.143,31.313,31.121,30.579,30.393,30.701,30.915,30.457,30.099,29.796,29.796,29.551,29.493,29.392,29.24,29.146,28.928,28.761,28.579,28.382,28.229,28.163,27.958,27.884,27.649,27.524,27.082,26.578,26.37,26.004,25.668,25.428,25.36,25.232,25.345,25.375,25.473,25.832,25.825,25.915,25.885,25.915,25.892,25.907,25.9,25.922,25.93,25.93,25.862,25.922,25.937,25.937,25.989,26.027,26.042,26.101,26.131,26.169,26.161,26.139,26.094,26.057,25.728,25.728,25.48,24.938,24.848,24.735,24.659,24.651,24.629,24.636,24.613,24.598,24.56,24.545,24.545,24.56,24.538,24.538,24.538,24.53,24.523,24.523,24.5,24.485,24.507,24.477,24.454,24.416,24.401,24.424,24.401,24.409,24.416,24.409,24.416,24.401,24.386,24.394,24.371,24.371,24.363,24.341,24.333,24.325,24.31,24.31,24.303,24.295,24.295,24.28,24.272,24.28,24.28,24.265,24.242,24.234,24.257,24.227,24.219,24.219,24.196,24.189,24.196,24.158,24.143,24.166,24.135,24.128,24.128,24.128,24.143,24.151,24.135,24.135,24.105,24.113,24.12,24.113,24.113,24.12,24.082,24.082,24.052,24.052,24.052,24.006,24.014,24.029,24.021,24.044,24.052,24.021,24.037,24.029,24.037,24.029,23.991,23.998,23.968,23.953,23.945,23.953,23.953,23.922,23.93,23.915,23.922,23.93,23.907,23.884,23.96,23.953,23.915,23.884,23.892,23.838,23.869,23.823,23.8,23.816,23.816,23.846,23.854,23.846,23.846,23.838,23.838,23.831,23.831,23.846,23.838,23.823,23.854,23.785,23.793,23.838,23.831,23.823,23.808,23.777,23.785,23.785,23.732,23.724,23.747,23.716,23.709,23.709,23.701,23.716,23.724,23.724,23.755,23.747,23.732,23.693,23.663,23.709,23.678,23.663,23.671,23.648,23.632,23.655,23.709,23.693,23.747,23.724,23.709,23.709,23.648,23.716,23.686,23.701,23.678,23.686,23.625,23.671,23.671
,23.479,23.479,23.518,23.495,23.533,23.548,23.548,23.533,23.51,23.51,23.487,23.472,23.472,23.464,23.464,23.502,23.495,23.525,23.541,23.541,23.548,23.556,23.571,23.586,23.586,23.579,23.556,23.548,23.602,23.602,23.602,23.594,23.594,23.586,23.571,23.571,23.586,23.556,23.586,23.617,23.579,23.602,23.609,23.609,23.602,23.602,23.579,23.594,23.602,23.625,23.609,23.632,23.671,23.64,23.671,23.693,23.671,23.686,23.655,23.671,23.648,23.64,23.663,23.655,23.678,23.663,23.663,23.671,23.693,23.709,23.709,23.709,23.716,23.709,23.724,23.709,23.701,23.716,23.709,23.693,23.716,23.732,23.777,23.762,23.77,23.831,23.831,23.823,23.816,23.808,23.823,23.816,23.816,23.816,23.831,23.816,23.808,23.823,23.823,23.846,23.838,23.831,23.838,23.823,23.838,23.861,23.838,23.823,23.838,23.854,23.861,23.93,23.915,23.922,23.915,23.915,23.907,23.884,23.922,23.915,23.93,23.953,23.945,23.938,23.953,23.938,23.968,23.96,23.93,23.953,23.938,23.938,23.96,23.953,23.983,23.991,24.006,24.021,24.014,24.029,24.029,24.029,24.021,24.037,24.021,24.037,24.029,24.021,24.021,24.029,24.037,24.037,24.037,24.044,24.052,24.044,24.075,24.097,24.12,24.12,24.113,24.105,24.135,24.113,24.143,24.135,24.166,24.181,24.173,24.204,24.173,24.181,24.189,24.204,24.211,24.249,24.242,24.257,24.272,24.295,24.31,24.318,24.341,24.371,24.394,24.462,24.409,24.462,24.485,24.485,24.697,24.674,25.683,26.079,26.295,26.079,25.937,25.862,25.788,25.81,25.78,25.743,25.765,25.743,25.743,25.743,25.713,25.705,25.713,25.698,25.69,25.668,25.645,25.623,25.675,25.66,25.698,25.765,25.847,25.84,25.87,25.945,26.139,26.318,26.481,26.622,26.719,26.786,27.178,27.318,27.649,27.826,27.855,27.855,27.782,27.76,27.318,27.111,27.17,27.229,27.362,27.429,27.532,27.708,27.782,27.914,28.229,28.331,28.419,28.477,28.499,28.462,28.47,28.426,28.419,28.44,28.528,28.666,28.739,28.848,28.928,29.146,29.276,29.508,29.501,28.492,28.068,28.134,28.433,29.226,30.436,30.429,30.336,30.336,30.048,29.37,29.124,29.102,29.153,29.356,29.378,29.595,29.948,30.6,31.42,32.55,34.022,34.941,35.332,35.393,35.407,35.455,35.489,35.524,35.571,35.578,35.599,35.606,35.619,35.612,35.647,35.701,35.722,35.763,35.845,35.879,35.967,36.035,36.083,36.151,36.192,36.212,36.206,36.206,36.199,36.206,36.192,36.185,36.192,36.165,36.138,36.049,35.995,35.96,35.947,35.92,35.899,35.872,35.845,35.858,35.831,35.838,35.851,35.872,35.879,35.899,35.926,35.926,35.954,36.022,36.029,36.001,36.029,36.001,35.995,35.886,35.729,35.633,35.537,35.537,35.448,35.393,35.366,35.318,35.284,35.243,35.243,35.243,35.263,35.277,35.325,35.373,35.441,35.482,35.551,35.606,35.612,35.612,35.619,35.606,35.571,35.585,35.558,35.517,35.503,35.435,35.421,35.4,35.352,35.332,35.311,35.318,35.27,35.298,35.188,35.229,35.023,33.613,31.902,30.793,30.321,30.041,29.349,29.334,29.32,29.37,29.479,30.156,31.178,31.413,31.121,30.729,30.4,30.271,30.479,30.808,30.278,30.027,29.818,29.566,29.566,29.443,29.342,29.117,28.928,28.914,28.594,28.579,28.324,28.207,28.104,27.855,27.635,27.465,27.436,27.281,27.03,26.6,26.333,25.855,25.638,25.338,25.277,25.3,25.3,25.435,25.728,25.75,25.847,25.877,25.885,25.9,25.915,25.937,25.93,25.989,25.945,25.945,25.989,25.967,25.982,26.034,26.049,26.087,26.116,26.146,26.169,26.161,26.183,26.183,26.004,25.9,25.63,25.728,25.292,24.908,24.712,24.689,24.674,24.644,24.606,24.629,24.591,24.568,24.568,24.553,24.545,24.545,24.545,24.538,24.545,24.538,24.538,24.507,24.538,24.5,24.507,24.5,24.432,24.424,24.439,24.409,24.409,24.416,24.394,24.394,24.394,24.379,24.394,24.394,24.379,24.379,24.356,24.341,24.318,24.318,24.303,24.303,24.303,24.287,24.257,24.295,24.287,24.257,24.249,24.265,24.234,24.242,24.242,24.219,24.227,24.211,24.196,24.181,24.173,24.158,24.151,24.143,24.166,24.128,24.143,24.158,24.135,24.113,24.12,24.105,24.113,24.113,24.12,24.128,24.113,24.12,24.082,24.067,24.044,24.044,24.014,24.044,24.029,24.014,24.037,24.021,24.037,24.044,24.029,24.021,24.021,24.006,23.991,23.991,23.976,23.968,23.953,23.953,23.93,23.93,23.938,23.915,23.899,23.907,23.938,23.945,23.899,23.907,23.899,23.899,23.869,23.838,23.861,23.816,23.823,23.831,23.838,23.877,23.854,23.854,23.831,23.869,23.861,23.808,23.816,23.831,23.831,23.816,23.8,23.8,23.823,23.8,23.808,23.8,23.77,23.777,23.777,23.785,23.762,23.747,23.716,23.716,23.724,23.724,23.732,23.724,23.747,23.755,23.739,23.732,23.716,23.701,23.701,23.709,23.632,23.632,23.655,23.663,23.678,23.655,23.716,23.724,23.716,23.716,23.686,23.693,23.732,23.686,23.739,23.716,23.693,23.678,23.678,23.663
,23.479,23.51,23.51,23.502,23.525,23.541,23.525,23.533,23.533,23.525,23.479,23.479,23.472,23.472,23.495,23.487,23.525,23.533,23.541,23.548,23.541,23.556,23.564,23.556,23.594,23.548,23.609,23.579,23.586,23.594,23.586,23.586,23.594,23.594,23.571,23.594,23.564,23.571,23.586,23.586,23.609,23.594,23.594,23.617,23.594,23.617,23.617,23.579,23.617,23.617,23.64,23.632,23.632,23.64,23.655,23.655,23.655,23.693,23.632,23.625,23.64,23.655,23.648,23.655,23.663,23.678,23.655,23.686,23.686,23.701,23.709,23.716,23.716,23.716,23.732,23.716,23.701,23.709,23.709,23.701,23.732,23.739,23.739,23.777,23.8,23.793,23.8,23.808,23.823,23.808,23.8,23.823,23.823,23.823,23.831,23.823,23.823,23.816,23.816,23.823,23.823,23.823,23.854,23.831,23.831,23.846,23.854,23.831,23.838,23.831,23.869,23.892,23.922,23.93,23.938,23.922,23.922,23.915,23.922,23.922,23.953,23.945,23.945,23.93,23.93,23.938,23.945,23.945,23.945,23.96,23.953,23.953,23.953,23.945,23.998,23.991,23.991,24.006,24.021,24.021,24.029,24.029,24.044,24.021,24.021,24.006,23.998,23.998,24.006,24.014,24.029,24.037,24.044,24.044,24.052,24.052,24.067,24.105,24.09,24.097,24.113,24.105,24.113,24.113,24.135,24.128,24.128,24.135,24.196,24.166,24.196,24.181,24.189,24.204,24.211,24.242,24.257,24.272,24.287,24.325,24.325,24.348,24.363,24.416,24.447,24.439,24.515,24.523,24.818,25.292,25.473,26.198,26.288,26.221,25.937,25.87,25.87,25.9,25.862,25.825,25.78,25.758,25.75,25.735,25.72,25.705,25.69,25.675,25.683,25.675,25.675,25.668,25.69,25.653,25.653,25.653,25.758,25.803,25.885,25.877,25.989,26.116,26.288,26.489,26.533,26.667,26.86,26.986,27.074,27.502,27.782,27.87,27.833,27.76,27.811,27.37,27.067,27.126,27.207,27.274,27.34,27.399,27.517,27.716,27.914,28.112,28.134,28.353,28.411,28.426,28.397,28.397,28.367,28.367,28.302,28.375,28.433,28.484,28.623,28.768,28.943,29.197,29.269,29.414,29.32,28.097,28.002,28.06,28.382,29.255,30.457,30.407,30.228,30.034,29.991,29.703,29.305,29.073,29.044,29.117,29.189,29.414,29.696,29.782,30.077,30.986,31.626,32.971,34.313,35.195,35.359,35.428,35.441,35.482,35.517,35.544,35.558,35.571,35.585,35.626,35.633,35.701,35.722,35.756,35.79,35.892,35.933,36.001,36.063,36.09,36.165,36.199,36.206,36.199,36.199,36.199,36.178,36.178,36.172,36.165,36.104,36.015,36.001,35.967,35.94,35.926,35.879,35.838,35.845,35.797,35.81,35.831,35.838,35.845,35.858,35.872,35.913,35.906,35.94,35.947,35.96,36.001,35.995,35.967,35.96,35.858,35.694,35.688,35.537,35.455,35.393,35.38,35.318,35.256,35.25,35.236,35.229,35.243,35.263,35.263,35.291,35.414,35.469,35.551,35.571,35.619,35.612,35.647,35.633,35.612,35.606,35.578,35.558,35.503,35.482,35.435,35.421,35.366,35.346,35.311,35.318,35.304,35.291,35.291,35.243,34.417,32.872,31.328,30.407,29.998,29.566,29.378,29.291,29.313,29.378,29.428,30.142,31.079,31.498,31.54,31.128,30.507,29.883,29.984,30.379,30.701,30.214,29.869,29.667,29.486,29.334,29.378,29.218,29.03,29.015,28.805,28.674,28.528,28.44,28.163,27.98,27.87,27.782,27.51,27.362,27.333,26.971,26.622,26.318,25.818,25.69,25.405,25.292,25.187,25.202,25.119,25.33,25.705,25.72,25.803,25.855,25.877,25.937,25.997,26.012,26.049,26.064,26.034,25.982,26.019,26.004,26.049,26.064,26.116,26.154,26.154,26.213,26.191,26.221,26.228,26.094,26.049,25.795,25.728,25.533,25.255,24.735,24.878,24.682,24.644,24.636,24.613,24.583,24.591,24.568,24.568,24.568,24.56,24.545,24.553,24.553,24.545,24.545,24.553,24.538,24.53,24.492,24.477,24.47,24.47,24.439,24.432,24.424,24.416,24.416,24.394,24.416,24.409,24.401,24.394,24.379,24.371,24.363,24.348,24.325,24.325,24.31,24.295,24.295,24.287,24.28,24.287,24.287,24.242,24.265,24.227,24.227,24.227,24.227,24.234,24.219,24.204,24.173,24.189,24.166,24.166,24.151,24.151,24.151,24.135,24.135,24.143,24.128,24.135,24.097,24.09,24.105,24.113,24.113,24.113,24.135,24.113,24.097,24.105,24.052,24.044,24.029,24.044,24.044,24.029,24.029,24.006,24.052,24.021,24.029,24.029,24.029,24.006,23.998,23.991,23.998,23.998,23.96,23.968,23.945,23.953,23.93,23.945,23.96,23.96,23.945,23.899,23.884,23.877,23.892,23.861,23.892,23.854,23.816,23.823,23.808,23.831,23.854,23.877,23.861,23.884,23.861,23.884,23.869,23.831,23.793,23.854,23.823,23.808,23.8,23.808,23.808,23.785,23.793,23.808,23.785,23.785,23.77,23.739,23.755,23.755,23.739,23.716,23.762,23.732,23.739,23.777,23.732,23.777,23.747,23.739,23.732,23.709,23.678,23.686,23.678,23.678,23.724,23.678,23.671,23.686,23.663,23.678,23.678,23.686,23.671,23.678,23.701,23.747,23.709,23.709,23.678,23.678,23.701,23.678
,23.472,23.518,23.502,23.533,23.541,23.541,23.533,23.533,23.525,23.502,23.495,23.479,23.472,23.487,23.495,23.502,23.533,23.518,23.533,23.548,23.548,23.579,23.541,23.579,23.533,23.594,23.579,23.571,23.594,23.564,23.586,23.564,23.571,23.579,23.586,23.594,23.594,23.586,23.579,23.571,23.625,23.579,23.617,23.609,23.609,23.617,23.625,23.625,23.602,23.594,23.594,23.632,23.632,23.64,23.625,23.663,23.693,23.686,23.617,23.648,23.678,23.64,23.671,23.678,23.671,23.678,23.663,23.671,23.678,23.693,23.701,23.709,23.724,23.724,23.716,23.716,23.716,23.709,23.709,23.732,23.732,23.762,23.747,23.785,23.816,23.808,23.793,23.8,23.8,23.808,23.816,23.8,23.823,23.838,23.846,23.823,23.823,23.831,23.823,23.854,23.838,23.838,23.846,23.838,23.838,23.877,23.838,23.838,23.838,23.831,23.854,23.892,23.907,23.907,23.915,23.922,23.93,23.922,23.953,23.953,23.938,23.938,23.922,23.922,23.938,23.938,23.945,23.96,23.983,23.945,23.953,23.983,23.953,23.945,23.96,23.983,24.006,23.991,24.006,24.037,24.037,24.021,24.029,24.021,24.006,23.991,23.968,23.998,23.991,24.021,24.029,24.037,24.052,24.044,24.052,24.052,24.067,24.105,24.105,24.097,24.105,24.113,24.12,24.12,24.113,24.12,24.135,24.166,24.196,24.204,24.196,24.196,24.204,24.204,24.227,24.242,24.333,24.295,24.363,24.318,24.318,24.409,24.485,24.447,24.507,24.598,25.074,25.473,26.183,26.303,26.392,26.6,26.318,26.042,25.937,25.945,25.915,25.862,25.855,25.832,25.788,25.765,25.743,25.735,25.728,25.728,25.683,25.66,25.668,25.668,25.675,25.675,25.69,25.705,25.713,25.765,25.765,25.877,25.877,25.982,26.109,26.318,26.452,26.608,26.66,26.904,27.052,27.2,27.348,27.752,27.84,27.833,27.752,27.767,27.649,27.067,27.052,27.089,27.163,27.266,27.355,27.443,27.605,27.833,27.95,28.17,28.199,28.309,28.324,28.389,28.331,28.28,28.273,28.251,28.273,28.273,28.36,28.455,28.652,28.747,28.965,29.037,29.132,29.189,29.095,27.994,27.965,28.075,28.338,29.139,30.314,30.314,30.249,30.02,29.984,29.912,29.696,29.638,29.132,29.11,29.066,29.081,29.32,29.436,29.717,29.955,30.507,31.036,31.852,33.306,34.5,35.352,35.4,35.393,35.489,35.489,35.53,35.53,35.544,35.633,35.633,35.674,35.708,35.722,35.838,35.838,35.926,35.988,36.056,36.083,36.158,36.185,36.192,36.199,36.199,36.185,36.172,36.178,36.138,36.124,36.076,36.063,36.022,35.981,35.94,35.913,35.872,35.838,35.817,35.81,35.81,35.817,35.824,35.838,35.865,35.879,35.872,35.886,35.906,35.92,35.96,35.954,35.96,35.92,35.92,35.865,35.66,35.66,35.565,35.428,35.407,35.318,35.277,35.236,35.202,35.222,35.215,35.229,35.263,35.304,35.366,35.4,35.551,35.585,35.599,35.64,35.64,35.64,35.626,35.606,35.585,35.571,35.551,35.51,35.469,35.448,35.4,35.359,35.339,35.298,35.27,35.277,35.263,34.576,33.564,31.916,30.908,30.221,29.566,29.465,29.284,29.24,29.262,29.233,29.436,30.357,31.278,31.611,31.519,31.597,30.958,30.12,29.616,29.595,30.486,30.414,30.084,29.746,29.602,29.378,29.218,29.334,29.182,28.957,28.739,28.652,28.623,28.331,28.294,28.192,27.884,27.738,27.716,27.576,27.414,27.281,27.015,26.756,26.474,25.93,25.825,25.54,25.285,25.225,25.172,25.082,25.405,25.488,25.72,25.788,25.788,25.87,25.945,26.004,26.064,26.087,26.087,26.094,26.072,26.049,26.057,26.087,26.079,26.124,26.161,26.161,26.213,26.258,26.228,26.273,26.176,26.198,25.922,25.743,25.51,25.398,25.104,24.772,24.689,24.689,24.674,24.629,24.621,24.629,24.598,24.598,24.576,24.56,24.56,24.56,24.568,24.576,24.56,24.56,24.545,24.523,24.492,24.507,24.507,24.454,24.462,24.454,24.447,24.439,24.432,24.432,24.432,24.416,24.394,24.379,24.386,24.379,24.363,24.363,24.348,24.325,24.333,24.303,24.295,24.295,24.272,24.287,24.287,24.242,24.257,24.234,24.227,24.211,24.211,24.227,24.219,24.204,24.189,24.173,24.166,24.166,24.151,24.143,24.143,24.135,24.128,24.128,24.113,24.128,24.105,24.09,24.105,24.105,24.12,24.128,24.12,24.12,24.128,24.113,24.113,24.059,24.052,24.052,24.044,24.044,24.014,24.014,24.037,24.082,24.021,24.067,24.021,24.006,24.006,24.014,23.991,24.006,24.037,23.968,23.96,23.945,23.945,23.96,23.968,23.976,23.922,23.922,23.922,23.899,23.892,23.907,23.846,23.831,23.846,23.838,23.831,23.838,23.846,23.861,23.869,23.854,23.861,23.816,23.823,23.816,23.869,23.808,23.816,23.8,23.808,23.816,23.8,23.808,23.808,23.8,23.785,23.762,23.755,23.77,23.762,23.739,23.739,23.755,23.732,23.762,23.762,23.755,23.739,23.732,23.732,23.747,23.716,23.686,23.716,23.701,23.693,23.678,23.686,23.686,23.701,23.686,23.625,23.709,23.701,23.716,23.678,23.686,23.693,23.709,23.709,23.716,23.663,23.693,23.655,23.663
,23.449,23.525,23.502,23.518,23.548,23.533,23.533,23.525,23.548,23.518,23.495,23.502,23.495,23.502,23.518,23.51,23.525,23.541,23.541,23.541,23.556,23.556,23.579,23.556,23.548,23.548,23.541,23.541,23.564,23.541,23.556,23.564,23.571,23.594,23.586,23.579,23.564,23.548,23.548,23.571,23.571,23.586,23.586,23.594,23.609,23.625,23.617,23.609,23.609,23.602,23.609,23.617,23.609,23.64,23.64,23.655,23.648,23.663,23.678,23.648,23.632,23.648,23.678,23.693,23.655,23.693,23.671,23.663,23.671,23.686,23.701,23.701,23.716,23.732,23.716,23.709,23.716,23.693,23.701,23.716,23.739,23.732,23.762,23.793,23.785,23.8,23.8,23.793,23.793,23.8,23.808,23.808,23.831,23.823,23.831,23.831,23.823,23.816,23.808,23.831,23.831,23.838,23.838,23.846,23.861,23.846,23.838,23.831,23.846,23.838,23.854,23.884,23.884,23.884,23.915,23.907,23.922,23.938,23.938,23.968,23.93,23.93,23.915,23.938,23.945,23.93,23.953,23.953,23.96,23.96,23.945,23.938,23.953,23.968,23.953,23.968,23.991,23.983,24.006,24.006,24.006,24.021,23.983,24.014,24.006,24.014,23.991,23.968,23.991,24.006,24.014,24.037,24.029,24.044,24.037,24.075,24.044,24.059,24.075,24.105,24.113,24.12,24.113,24.12,24.105,24.105,24.12,24.143,24.173,24.173,24.204,24.196,24.219,24.211,24.272,24.272,24.28,24.287,24.401,24.386,24.485,24.485,24.553,24.863,25.368,26.042,26.243,26.845,26.919,26.956,26.734,26.049,26.019,25.907,25.907,25.885,25.885,25.877,25.84,25.81,25.78,25.758,25.758,25.728,25.72,25.675,25.668,25.653,25.653,25.668,25.683,25.69,25.705,25.735,25.758,25.788,25.788,25.832,26.004,26.183,26.221,26.28,26.459,26.518,26.615,26.823,27.008,27.06,27.671,27.76,27.752,27.694,27.723,27.532,27.111,27.082,27.037,27.082,27.2,27.281,27.303,27.598,27.554,27.745,27.833,28.053,28.17,28.236,28.251,28.229,28.251,28.207,28.214,28.177,28.221,28.17,28.251,28.302,28.666,28.819,28.848,28.972,29.03,29.03,28.936,27.833,27.73,28.009,28.177,29.044,30.228,30.214,30.099,29.969,29.94,29.926,29.933,29.378,29.175,28.957,28.979,28.943,28.979,29.008,29.161,29.724,29.832,30.07,30.493,31.107,32.226,33.619,34.672,35.359,35.332,35.407,35.455,35.503,35.476,35.585,35.578,35.653,35.708,35.735,35.776,35.845,35.92,35.954,36.042,36.069,36.144,36.172,36.199,36.212,36.192,36.199,36.172,36.151,36.144,36.124,36.056,36.035,36.015,36.008,36.001,35.947,35.892,35.831,35.804,35.77,35.79,35.797,35.81,35.824,35.831,35.845,35.858,35.879,35.865,35.892,35.933,35.933,35.94,35.879,35.845,35.81,35.619,35.578,35.51,35.435,35.332,35.277,35.256,35.195,35.195,35.181,35.222,35.229,35.284,35.325,35.366,35.441,35.524,35.544,35.612,35.647,35.633,35.619,35.626,35.599,35.571,35.551,35.524,35.51,35.448,35.414,35.366,35.332,35.263,35.256,35.229,35.16,34.002,32.282,31.086,30.264,29.876,29.465,29.24,29.24,29.218,29.218,29.284,29.479,30.465,31.441,31.555,32.071,32.106,31.484,30.328,29.645,29.407,29.566,30.379,30.285,29.897,29.688,29.378,29.334,29.313,29.117,29.052,28.819,28.688,28.681,28.652,28.294,28.17,28.104,27.921,27.701,27.767,27.517,27.348,27.281,27.148,26.778,26.533,26.004,25.795,25.615,25.285,25.187,25.082,25.052,25.089,25.24,25.39,25.615,25.668,25.795,25.937,25.997,26.027,26.101,26.109,26.101,26.094,26.072,26.087,26.109,26.116,26.161,26.169,26.176,26.213,26.258,26.251,26.28,26.213,26.198,26.087,25.818,25.63,25.48,25.33,24.75,24.719,24.719,24.697,24.644,24.621,24.644,24.621,24.613,24.613,24.591,24.568,24.576,24.56,24.56,24.568,24.568,24.56,24.545,24.538,24.507,24.5,24.47,24.485,24.462,24.409,24.416,24.394,24.401,24.416,24.394,24.386,24.401,24.379,24.371,24.363,24.356,24.341,24.325,24.325,24.303,24.303,24.287,24.28,24.28,24.272,24.265,24.265,24.234,24.227,24.211,24.211,24.211,24.227,24.204,24.204,24.189,24.173,24.173,24.158,24.158,24.143,24.151,24.135,24.128,24.135,24.12,24.128,24.113,24.113,24.12,24.12,24.12,24.12,24.128,24.128,24.113,24.113,24.097,24.067,24.059,24.067,24.052,24.014,24.029,24.021,24.044,24.052,24.037,24.014,24.014,24.021,24.014,23.991,23.983,23.983,23.945,23.953,23.945,23.953,23.96,23.945,23.991,23.915,23.907,23.892,23.884,23.899,23.861,23.892,23.869,23.861,23.838,23.846,23.846,23.854,23.854,23.846,23.861,23.854,23.838,23.854,23.854,23.793,23.816,23.808,23.808,23.808,23.808,23.808,23.8,23.8,23.793,23.808,23.8,23.793,23.777,23.747,23.739,23.747,23.686,23.732,23.732,23.77,23.747,23.716,23.671,23.686,23.701,23.724,23.701,23.693,23.671,23.678,23.686,23.716,23.701,23.686,23.671,23.701,23.693,23.678,23.693,23.701,23.686,23.663,23.678,23.678,23.701,23.701,23.701,23.678,23.671
,23.464,23.479,23.51,23.541,23.533,23.525,23.525,23.51,23.518,23.495,23.487,23.487,23.502,23.525,23.525,23.525,23.541,23.525,23.548,23.541,23.541,23.564,23.556,23.571,23.541,23.564,23.541,23.556,23.533,23.564,23.579,23.564,23.564,23.564,23.571,23.579,23.579,23.586,23.579,23.586,23.594,23.586,23.602,23.594,23.625,23.632,23.609,23.602,23.625,23.609,23.617,23.602,23.625,23.632,23.617,23.632,23.648,23.64,23.655,23.64,23.648,23.648,23.678,23.686,23.701,23.686,23.686,23.663,23.671,23.671,23.686,23.693,23.709,23.716,23.701,23.716,23.693,23.693,23.709,23.701,23.716,23.755,23.777,23.762,23.785,23.8,23.831,23.793,23.793,23.8,23.816,23.808,23.823,23.823,23.823,23.823,23.823,23.816,23.816,23.823,23.816,23.846,23.854,23.869,23.854,23.854,23.846,23.831,23.838,23.854,23.854,23.861,23.877,23.884,23.915,23.922,23.945,23.953,23.968,23.968,23.93,23.938,23.938,23.93,23.945,23.968,23.968,23.953,23.953,23.96,23.945,23.953,23.953,23.976,23.953,23.998,23.96,23.976,23.983,24.014,23.991,23.983,24.006,24.006,24.014,23.991,24.006,23.968,23.983,24.029,24.014,24.029,24.029,24.029,24.044,24.067,24.044,24.082,24.075,24.09,24.105,24.097,24.113,24.12,24.09,24.097,24.151,24.158,24.181,24.189,24.204,24.219,24.227,24.257,24.28,24.325,24.394,24.409,24.416,24.47,24.674,24.984,25.758,26.518,26.719,26.867,26.926,26.867,26.941,26.808,26.101,26.012,25.952,25.952,25.952,25.937,25.915,25.877,25.818,25.81,25.788,25.773,25.75,25.713,25.698,25.698,25.66,25.66,25.66,25.675,25.69,25.713,25.728,25.758,25.773,25.788,25.945,25.982,26.146,26.183,26.362,26.429,26.504,26.749,26.912,26.904,27.126,27.708,27.686,27.694,27.738,27.649,27.679,27.207,26.986,27,27.104,27.126,27.193,27.303,27.303,27.48,27.591,27.826,27.921,28.097,28.119,28.214,28.185,28.155,28.104,28.075,28.06,28.119,28.104,28.17,28.251,28.367,28.55,28.688,28.848,28.928,28.957,29.11,28.645,27.671,27.811,27.921,28.082,28.805,29.969,30.077,30.056,30.027,29.883,29.883,29.847,29.832,29.153,29.052,29.03,28.972,28.972,28.994,29.073,29.399,29.811,29.789,29.768,30.163,30.693,31.342,32.402,33.911,34.989,35.318,35.435,35.482,35.482,35.524,35.612,35.653,35.674,35.729,35.797,35.858,35.879,35.954,36.022,36.056,36.124,36.165,36.185,36.206,36.199,36.192,36.178,36.151,36.11,36.097,36.056,36.029,36.029,36.029,35.981,35.947,35.879,35.824,35.797,35.776,35.783,35.79,35.81,35.804,35.838,35.804,35.824,35.824,35.831,35.879,35.872,35.892,35.892,35.865,35.817,35.77,35.633,35.544,35.462,35.4,35.318,35.291,35.229,35.167,35.174,35.181,35.215,35.243,35.291,35.339,35.366,35.469,35.524,35.592,35.626,35.64,35.647,35.633,35.606,35.599,35.571,35.517,35.496,35.482,35.407,35.352,35.332,35.304,35.263,35.078,34.071,32.816,31.114,30.622,29.94,29.522,29.124,29.081,29.117,29.146,29.189,29.269,29.472,30.5,31.342,32.029,32.268,32.212,31.732,31.391,30.07,29.37,29.218,29.587,30.371,30.293,29.832,29.696,29.428,29.32,29.168,28.986,28.921,28.754,28.688,28.681,28.499,28.221,28.134,28.09,27.95,27.774,27.679,27.605,27.465,27.318,27.17,26.86,26.726,26.474,25.795,25.66,25.33,25.134,25.142,25.067,25.059,25.157,25.18,25.63,25.698,25.788,25.75,25.937,26.042,26.116,26.131,26.131,26.124,26.101,26.109,26.116,26.139,26.154,26.183,26.206,26.236,26.236,26.273,26.265,26.228,26.258,26.049,25.982,25.713,25.54,25.39,25.368,25.398,24.863,24.75,24.704,24.689,24.659,24.629,24.629,24.629,24.606,24.598,24.591,24.591,24.598,24.583,24.576,24.553,24.545,24.545,24.545,24.507,24.5,24.477,24.454,24.447,24.416,24.401,24.416,24.432,24.409,24.416,24.401,24.394,24.379,24.394,24.363,24.325,24.333,24.318,24.318,24.303,24.295,24.28,24.287,24.272,24.265,24.28,24.265,24.234,24.234,24.219,24.234,24.227,24.227,24.219,24.204,24.196,24.181,24.158,24.158,24.151,24.143,24.135,24.12,24.12,24.12,24.105,24.12,24.113,24.105,24.12,24.113,24.12,24.135,24.135,24.135,24.09,24.09,24.09,24.082,24.082,24.082,24.037,24.067,24.037,24.037,24.029,24.021,24.021,24.014,24.021,23.998,23.991,23.998,23.968,23.945,23.96,23.953,23.953,23.968,23.968,23.945,23.953,23.953,23.899,23.899,23.884,23.846,23.854,23.861,23.854,23.846,23.846,23.838,23.846,23.861,23.854,23.854,23.861,23.861,23.846,23.838,23.838,23.808,23.808,23.8,23.823,23.823,23.816,23.808,23.793,23.777,23.793,23.785,23.808,23.747,23.77,23.755,23.77,23.8,23.777,23.716,23.732,23.716,23.701,23.716,23.732,23.716,23.701,23.686,23.693,23.701,23.663,23.655,23.709,23.678,23.716,23.701,23.716,23.701,23.693,23.663,23.655,23.678,23.678,23.671,23.693,23.686,23.709,23.701,23.701,23.693
,23.464,23.479,23.541,23.518,23.525,23.518,23.525,23.518,23.495,23.518,23.487,23.487,23.487,23.518,23.541,23.518,23.525,23.502,23.533,23.548,23.548,23.571,23.564,23.548,23.548,23.533,23.541,23.541,23.556,23.571,23.548,23.541,23.548,23.571,23.564,23.571,23.579,23.579,23.586,23.579,23.579,23.586,23.586,23.602,23.602,23.632,23.602,23.617,23.609,23.594,23.609,23.617,23.625,23.609,23.625,23.64,23.64,23.648,23.655,23.671,23.671,23.671,23.693,23.716,23.709,23.686,23.686,23.678,23.686,23.678,23.678,23.686,23.701,23.709,23.709,23.724,23.739,23.693,23.693,23.709,23.732,23.724,23.732,23.77,23.793,23.808,23.8,23.808,23.8,23.808,23.808,23.816,23.831,23.831,23.838,23.838,23.823,23.831,23.793,23.831,23.831,23.854,23.861,23.861,23.869,23.838,23.838,23.846,23.846,23.854,23.854,23.854,23.861,23.884,23.884,23.93,23.945,23.953,23.96,23.96,23.938,23.968,23.953,23.945,23.968,23.953,23.968,23.96,23.96,23.96,23.945,23.953,23.945,23.945,23.968,23.998,24.014,23.968,23.976,23.983,23.983,23.991,23.998,23.991,23.998,23.983,23.991,23.983,24.029,24.006,24.021,24.029,24.037,24.029,24.044,24.037,24.044,24.082,24.09,24.082,24.113,24.113,24.113,24.128,24.135,24.143,24.151,24.173,24.181,24.196,24.196,24.234,24.272,24.28,24.295,24.333,24.401,24.515,24.576,24.908,25.63,26.079,26.414,26.845,26.889,26.971,26.986,26.912,26.563,26.101,25.982,25.975,26.004,25.96,25.96,25.937,25.93,25.9,25.862,25.847,25.803,25.773,25.758,25.713,25.69,25.675,25.675,25.69,25.69,25.683,25.698,25.705,25.758,25.795,25.847,25.907,25.952,26.042,26.265,26.325,26.474,26.563,26.563,26.875,26.963,27.097,27.274,27.804,27.804,27.76,27.62,27.488,27.384,27.229,27.037,27,27.067,27.126,27.207,27.311,27.421,27.546,27.671,27.877,27.943,28.068,28.134,28.163,28.126,28.104,28.068,28.024,28.024,28.009,28.046,28.119,28.236,28.346,28.521,28.528,28.812,28.907,28.87,28.899,28.207,27.642,27.642,27.694,28.082,28.754,29.623,29.811,29.89,29.919,29.883,29.832,29.832,29.796,29.667,29.645,29.566,29.052,29.001,29.044,29.052,29.161,29.189,29.342,29.739,29.573,29.717,30.235,30.686,31.505,32.458,33.877,35.208,35.4,35.462,35.448,35.571,35.599,35.619,35.742,35.735,35.831,35.92,35.974,36.022,36.083,36.083,36.172,36.199,36.212,36.192,36.185,36.172,36.144,36.117,36.076,36.042,36.035,36.015,36.015,36.001,35.954,35.92,35.865,35.831,35.824,35.776,35.79,35.797,35.79,35.79,35.783,35.776,35.797,35.81,35.838,35.851,35.865,35.858,35.831,35.817,35.729,35.599,35.51,35.476,35.38,35.346,35.284,35.195,35.188,35.195,35.188,35.202,35.256,35.311,35.352,35.407,35.455,35.517,35.551,35.592,35.612,35.619,35.626,35.571,35.558,35.517,35.482,35.462,35.393,35.366,35.236,35.208,34.954,34.154,32.641,31.661,30.708,29.861,29.681,29.313,29.008,28.979,29.015,29.146,29.182,29.218,29.717,30.543,31.399,31.887,32.655,32.767,32.275,31.661,30.5,29.616,29.161,29.008,29.869,30.307,30.156,29.688,29.558,29.305,29.153,29.066,28.957,28.907,28.666,28.688,28.55,28.287,28.287,28.177,28.155,27.95,27.708,27.591,27.465,27.37,27.281,27.104,27.111,26.778,26.139,25.937,25.578,25.495,25.308,25.149,25.059,25.074,25.036,25.157,25.21,25.323,25.593,25.84,25.96,26.072,26.094,26.124,26.131,26.131,26.109,26.131,26.131,26.146,26.161,26.191,26.191,26.258,26.243,26.295,26.28,26.273,26.169,26.064,25.937,25.728,25.6,25.533,25.48,25.495,25.465,25.48,24.886,24.772,24.682,24.704,24.697,24.651,24.644,24.629,24.629,24.606,24.591,24.591,24.583,24.568,24.56,24.56,24.538,24.538,24.507,24.492,24.462,24.477,24.424,24.409,24.401,24.424,24.424,24.409,24.409,24.409,24.416,24.379,24.379,24.371,24.356,24.348,24.333,24.318,24.31,24.303,24.295,24.295,24.28,24.287,24.265,24.234,24.242,24.249,24.249,24.242,24.242,24.234,24.211,24.211,24.189,24.181,24.181,24.143,24.135,24.135,24.128,24.113,24.135,24.151,24.113,24.135,24.135,24.12,24.151,24.128,24.135,24.105,24.12,24.113,24.105,24.097,24.09,24.097,24.082,24.067,24.067,24.052,24.059,24.052,24.044,24.037,24.037,24.014,24.014,24.006,23.976,23.96,23.945,23.953,23.96,23.953,23.953,23.968,23.945,23.938,23.915,23.884,23.915,23.892,23.877,23.861,23.877,23.854,23.869,23.854,23.854,23.854,23.846,23.861,23.854,23.854,23.854,23.823,23.854,23.808,23.823,23.8,23.816,23.831,23.823,23.861,23.793,23.793,23.808,23.77,23.816,23.8,23.816,23.785,23.762,23.808,23.762,23.762,23.747,23.732,23.724,23.701,23.709,23.701,23.716,23.716,23.709,23.732,23.732,23.747,23.648,23.686,23.709,23.724,23.678,23.716,23.701,23.724,23.655,23.64,23.648,23.671,23.686,23.709,23.716,23.693,23.709,23.678,23.686
,23.51,23.495,23.502,23.525,23.51,23.502,23.51,23.502,23.525,23.518,23.51,23.518,23.502,23.502,23.518,23.525,23.518,23.525,23.518,23.548,23.556,23.579,23.548,23.541,23.533,23.548,23.533,23.541,23.548,23.564,23.586,23.586,23.594,23.564,23.564,23.579,23.571,23.571,23.609,23.571,23.594,23.586,23.586,23.594,23.609,23.632,23.602,23.594,23.602,23.609,23.609,23.64,23.617,23.625,23.617,23.625,23.632,23.648,23.655,23.648,23.655,23.678,23.678,23.701,23.701,23.709,23.693,23.686,23.686,23.663,23.671,23.693,23.701,23.716,23.716,23.724,23.701,23.701,23.678,23.716,23.724,23.732,23.755,23.785,23.8,23.808,23.8,23.8,23.793,23.8,23.808,23.823,23.823,23.816,23.838,23.846,23.846,23.808,23.831,23.823,23.831,23.861,23.884,23.877,23.869,23.884,23.854,23.854,23.854,23.846,23.861,23.869,23.884,23.877,23.907,23.938,23.945,23.96,23.953,23.968,23.968,23.953,23.96,23.968,23.983,23.983,23.976,23.976,23.96,23.945,23.938,23.938,23.938,23.945,23.93,23.998,23.998,24.006,24.021,23.991,23.991,23.991,23.991,23.991,23.991,24.006,23.991,24.006,23.998,24.029,24.006,24.037,24.037,24.037,24.059,24.052,24.044,24.082,24.097,24.097,24.12,24.128,24.128,24.143,24.151,24.173,24.173,24.173,24.181,24.196,24.219,24.265,24.295,24.356,24.341,24.447,24.598,24.682,25.51,26.355,26.452,26.756,26.86,26.963,26.912,27.015,26.963,26.578,26.139,26.019,26.019,26.019,26.004,25.967,25.967,25.952,25.907,25.915,25.9,25.87,25.81,25.773,25.758,25.72,25.683,25.668,25.668,25.675,25.66,25.683,25.728,25.758,25.81,25.84,25.877,26.027,25.989,26.146,26.295,26.518,26.518,26.734,26.993,27.045,27.104,27.458,27.877,28.265,27.774,27.694,27.48,27.532,27.193,27.104,26.963,27.082,27.104,27.178,27.229,27.318,27.51,27.635,27.73,27.892,27.98,28.068,28.031,28.097,28.068,28.031,28.038,27.987,27.95,27.892,27.98,28.046,28.082,28.309,28.462,28.659,28.776,28.863,28.885,28.856,28.17,27.62,27.716,27.84,28.155,28.579,29.609,29.688,29.681,29.732,29.847,29.832,29.818,29.832,29.825,29.76,29.825,29.124,29.132,29.095,29.081,29.11,29.081,29.117,29.247,29.385,29.486,29.696,29.876,30.027,30.722,31.505,32.29,33.786,34.899,35.476,35.421,35.476,35.599,35.633,35.763,35.79,35.886,35.92,36.022,36.035,36.11,36.144,36.206,36.192,36.199,36.185,36.165,36.144,36.124,36.076,36.049,36.022,36.001,35.995,35.974,35.96,35.92,35.872,35.838,35.817,35.804,35.79,35.776,35.776,35.776,35.763,35.756,35.756,35.77,35.804,35.824,35.845,35.831,35.817,35.763,35.681,35.647,35.551,35.455,35.373,35.332,35.25,35.215,35.195,35.195,35.195,35.215,35.243,35.291,35.373,35.414,35.462,35.496,35.551,35.571,35.571,35.578,35.571,35.537,35.503,35.455,35.407,35.38,35.346,35.277,34.693,33.654,32.268,31.512,30.543,29.962,29.789,29.132,28.87,28.805,28.921,28.957,29.059,29.03,29.175,29.854,30.643,31.086,31.986,32.858,32.746,32.543,32.05,31.462,30.192,29.472,28.994,29.001,30.027,30.171,29.976,29.53,29.399,29.284,29.226,28.986,28.841,28.703,28.55,28.484,28.389,28.302,28.126,28.06,27.972,27.87,27.826,27.657,27.384,27.333,27.215,27.074,27.067,26.919,26.444,26.034,25.743,25.405,25.323,25.127,25.082,25.029,25.052,25.036,25.104,25.082,25.262,25.623,25.87,25.892,26.094,26.109,26.109,26.131,26.124,26.124,26.139,26.146,26.169,26.176,26.206,26.221,26.265,26.288,26.265,26.258,26.198,26.064,25.945,25.825,25.63,25.6,25.54,25.525,25.51,25.503,25.495,25.435,25.157,24.742,24.704,24.682,24.682,24.636,24.636,24.598,24.583,24.591,24.576,24.576,24.568,24.538,24.568,24.538,24.515,24.5,24.47,24.454,24.424,24.416,24.439,24.439,24.432,24.432,24.432,24.424,24.409,24.401,24.386,24.371,24.363,24.356,24.333,24.325,24.31,24.303,24.295,24.303,24.295,24.28,24.28,24.272,24.257,24.257,24.257,24.257,24.242,24.242,24.234,24.219,24.219,24.204,24.196,24.181,24.151,24.143,24.143,24.12,24.12,24.143,24.166,24.113,24.128,24.143,24.143,24.143,24.113,24.105,24.12,24.113,24.113,24.105,24.097,24.09,24.082,24.097,24.067,24.059,24.044,24.044,24.044,24.037,24.037,24.037,24.006,24.006,23.976,23.991,23.976,23.976,23.96,23.96,23.968,23.968,23.976,23.976,23.93,23.907,23.907,23.884,23.884,23.884,23.869,23.869,23.884,23.861,23.846,23.854,23.846,23.846,23.861,23.861,23.823,23.854,23.831,23.808,23.808,23.793,23.823,23.831,23.831,23.854,23.831,23.816,23.831,23.785,23.816,23.808,23.846,23.77,23.701,23.701,23.755,23.762,23.747,23.732,23.739,23.709,23.701,23.709,23.701,23.724,23.671,23.739,23.709,23.671,23.732,23.724,23.709,23.693,23.716,23.709,23.701,23.686,23.671,23.663,23.686,23.678,23.693,23.709,23.693,23.724,23.686,23.686,23.648
,23.487,23.51,23.495,23.518,23.502,23.495,23.518,23.51,23.525,23.525,23.495,23.479,23.586,23.487,23.51,23.518,23.518,23.51,23.533,23.548,23.548,23.548,23.548,23.541,23.533,23.541,23.533,23.586,23.586,23.556,23.594,23.556,23.594,23.564,23.533,23.556,23.602,23.548,23.586,23.594,23.579,23.617,23.586,23.594,23.609,23.602,23.64,23.602,23.602,23.586,23.625,23.617,23.625,23.609,23.617,23.625,23.632,23.64,23.655,23.655,23.678,23.678,23.701,23.709,23.716,23.716,23.709,23.693,23.671,23.678,23.671,23.655,23.671,23.693,23.716,23.709,23.709,23.724,23.693,23.701,23.709,23.739,23.739,23.77,23.785,23.808,23.8,23.808,23.8,23.8,23.785,23.8,23.816,23.846,23.831,23.838,23.846,23.823,23.823,23.823,23.861,23.869,23.869,23.846,23.861,23.861,23.846,23.854,23.846,23.854,23.854,23.869,23.884,23.899,23.922,23.938,23.96,23.96,23.968,23.96,23.96,23.968,23.968,23.976,23.983,23.976,23.976,23.968,23.953,23.96,23.945,23.93,23.945,23.938,23.991,23.991,23.991,24.006,23.998,23.983,23.991,23.991,23.983,23.991,23.983,23.991,24.006,23.991,24.014,24.052,24.059,24.044,24.059,24.052,24.052,24.067,24.09,24.082,24.09,24.09,24.12,24.128,24.151,24.173,24.166,24.189,24.181,24.173,24.196,24.219,24.234,24.31,24.432,24.394,24.507,24.553,25.69,25.997,26.116,26.704,26.66,26.889,26.941,26.956,26.971,26.682,26.146,26.101,26.057,26.027,26.034,26.027,26.012,26.004,25.997,25.96,25.945,25.922,25.9,25.877,25.818,25.788,25.728,25.72,25.698,25.698,25.675,25.69,25.743,25.713,25.72,25.832,25.788,25.907,25.989,26.072,26.131,26.213,26.333,26.57,26.6,26.793,27.052,27.185,27.111,27.738,29.175,28.214,27.774,27.569,27.546,27.082,27.089,27.015,27.03,27.111,27.067,27.156,27.244,27.451,27.517,27.546,27.738,27.87,27.943,28.002,28.053,28.002,28.016,27.994,27.943,27.921,27.928,27.906,27.958,28.024,28.119,28.126,28.331,28.513,28.659,28.783,28.761,28.783,27.804,27.561,27.745,27.877,27.987,28.528,29.385,29.479,29.334,29.58,29.724,29.746,29.804,29.869,29.832,29.854,29.976,29.775,29.717,29.269,29.146,29.132,29.088,29.132,29.132,29.218,29.218,29.334,29.443,29.421,29.782,29.955,30.722,31.235,32.022,33.047,34.548,35.414,35.544,35.592,35.708,35.749,35.756,35.947,35.947,36.001,36.09,36.144,36.185,36.178,36.172,36.172,36.151,36.131,36.097,36.063,36.022,35.988,35.974,35.954,35.947,35.926,35.913,35.872,35.865,35.831,35.817,35.79,35.77,35.776,35.749,35.742,35.742,35.742,35.763,35.79,35.797,35.804,35.81,35.79,35.701,35.653,35.551,35.503,35.435,35.373,35.298,35.277,35.256,35.181,35.202,35.208,35.215,35.27,35.291,35.352,35.428,35.476,35.482,35.558,35.544,35.551,35.558,35.558,35.503,35.51,35.373,35.325,35.318,34.52,33.564,32.198,30.843,30.436,29.854,29.45,29.262,28.943,28.761,28.754,28.732,28.747,28.819,29.059,29.168,29.991,30.543,31.036,31.965,32.984,32.998,32.781,32.297,31.965,31.121,30.221,29.407,28.914,28.87,30.163,30.07,29.768,29.537,29.53,29.378,29.139,28.892,28.79,28.681,28.652,28.448,28.36,28.273,28.09,28.038,27.928,27.862,27.804,27.818,27.458,27.37,27.303,27.097,27.089,26.815,26.652,26.355,25.832,25.758,25.323,25.24,25.067,25.021,25.021,25.021,25.021,25.195,25.247,25.533,25.765,25.915,26.087,26.087,26.109,26.101,26.124,26.116,26.131,26.139,26.154,26.154,26.161,26.213,26.243,26.251,26.258,26.183,26.198,26.101,25.952,25.818,25.735,25.645,25.608,25.548,25.563,25.548,25.54,25.54,25.42,25.21,24.954,24.893,24.719,24.651,24.651,24.606,24.613,24.591,24.598,24.583,24.56,24.591,24.538,24.568,24.553,24.492,24.485,24.454,24.454,24.462,24.439,24.439,24.447,24.454,24.439,24.439,24.424,24.416,24.409,24.401,24.379,24.356,24.363,24.341,24.325,24.31,24.325,24.287,24.295,24.31,24.287,24.28,24.295,24.295,24.257,24.249,24.249,24.242,24.234,24.227,24.227,24.204,24.181,24.181,24.151,24.158,24.173,24.12,24.189,24.151,24.181,24.135,24.135,24.166,24.166,24.158,24.151,24.135,24.128,24.12,24.113,24.113,24.097,24.09,24.09,24.082,24.082,24.052,24.059,24.052,24.052,24.044,24.044,24.037,24.029,24.014,23.991,23.983,23.983,23.968,23.968,23.968,23.976,23.983,23.968,23.991,23.945,23.922,23.922,23.899,23.892,23.877,23.861,23.869,23.861,23.831,23.846,23.838,23.838,23.854,23.854,23.854,23.823,23.793,23.838,23.808,23.808,23.816,23.823,23.861,23.854,23.854,23.8,23.785,23.77,23.793,23.838,23.793,23.793,23.755,23.785,23.793,23.724,23.755,23.732,23.739,23.724,23.716,23.716,23.701,23.701,23.709,23.701,23.732,23.739,23.739,23.732,23.701,23.701,23.701,23.709,23.701,23.693,23.686,23.739,23.693,23.709,23.709,23.709,23.709,23.732,23.663,23.671,23.648,23.701
,23.495,23.51,23.502,23.495,23.502,23.495,23.51,23.51,23.525,23.51,23.495,23.502,23.502,23.518,23.533,23.502,23.502,23.502,23.518,23.556,23.548,23.556,23.548,23.533,23.525,23.541,23.548,23.533,23.586,23.602,23.594,23.571,23.594,23.564,23.548,23.625,23.548,23.564,23.586,23.632,23.625,23.594,23.609,23.617,23.594,23.617,23.586,23.602,23.602,23.609,23.594,23.617,23.586,23.609,23.625,23.632,23.64,23.648,23.648,23.671,23.663,23.671,23.701,23.709,23.693,23.724,23.709,23.686,23.701,23.678,23.655,23.663,23.686,23.686,23.716,23.716,23.739,23.747,23.709,23.693,23.732,23.732,23.77,23.777,23.816,23.8,23.808,23.808,23.816,23.808,23.8,23.808,23.831,23.793,23.854,23.869,23.854,23.816,23.838,23.846,23.838,23.854,23.861,23.877,23.892,23.877,23.846,23.846,23.854,23.854,23.869,23.884,23.922,23.922,23.938,23.93,23.953,23.953,23.96,23.953,23.96,23.953,23.968,23.968,23.983,23.983,23.976,23.968,23.945,23.945,23.93,23.93,23.938,23.945,23.945,23.983,23.983,23.991,24.006,23.991,23.991,23.998,23.983,23.983,23.976,23.983,23.991,24.021,24.006,24.037,24.059,24.059,24.059,24.052,24.059,24.075,24.067,24.105,24.105,24.105,24.128,24.143,24.166,24.189,24.211,24.211,24.211,24.211,24.227,24.242,24.249,24.318,24.47,24.47,24.659,25.892,26.146,26.585,26.778,26.815,26.904,26.926,26.889,26.919,26.66,26.191,26.094,26.064,26.027,26.027,26.034,26.034,26.034,26.012,25.967,25.982,25.967,25.922,25.907,25.87,25.832,25.832,25.765,25.728,25.69,25.683,25.705,25.705,25.713,25.728,25.743,25.78,25.877,25.907,26.004,26.139,26.213,26.318,26.437,26.63,26.808,27.037,27.067,27.458,27.502,28.513,29.789,28.273,27.76,27.738,27.738,27.185,27,27.015,27.037,27.045,27.17,27.244,27.281,27.429,27.495,27.591,27.671,27.73,27.899,27.95,27.921,27.965,27.928,27.892,27.936,27.892,27.877,27.862,27.884,27.928,27.972,28.163,28.419,28.528,28.725,28.754,28.732,28.703,27.561,27.561,27.649,27.811,27.906,28.674,29.211,29.24,29.211,29.284,29.436,29.696,29.832,29.861,29.933,29.948,30.027,29.926,30.012,29.854,29.645,29.313,29.124,29.146,29.139,29.124,29.124,29.153,29.161,29.168,29.356,29.573,29.753,29.84,30.149,30.701,31.54,32.886,34.486,35.222,35.565,35.681,35.756,35.79,35.872,35.988,36.042,36.131,36.138,36.172,36.151,36.138,36.117,36.09,36.063,36.042,36.008,35.974,35.96,35.96,35.933,35.92,35.892,35.892,35.886,35.838,35.804,35.79,35.756,35.763,35.715,35.722,35.708,35.729,35.749,35.756,35.776,35.776,35.763,35.729,35.653,35.633,35.537,35.448,35.4,35.352,35.284,35.256,35.202,35.202,35.202,35.208,35.215,35.256,35.277,35.366,35.387,35.455,35.462,35.489,35.517,35.476,35.482,35.496,35.441,35.366,35.291,34.403,33.306,31.76,30.751,30.221,29.71,29.623,29.255,29.001,28.921,28.608,28.608,28.659,28.754,28.805,29.008,29.247,30.027,30.429,31.079,32.043,33.166,33.194,33.194,32.816,32.444,31.739,30.908,29.811,28.943,28.797,29.226,30.171,30.113,29.667,29.544,29.298,29.182,29.037,28.834,28.747,28.608,28.543,28.389,28.243,28.163,27.994,27.965,27.965,27.87,27.745,27.679,27.51,27.311,27.259,27.126,27.015,27.015,26.763,26.385,26.042,25.69,25.473,25.187,25.052,24.984,24.984,25.014,25.036,25.059,25.029,25.405,25.555,25.743,25.989,26.027,26.064,26.079,26.094,26.087,26.109,26.101,26.101,26.154,26.183,26.176,26.206,26.243,26.206,26.228,26.109,26.057,25.9,25.818,25.803,25.705,25.578,25.578,25.593,25.593,25.555,25.495,25.428,25.413,25.308,25.119,24.954,24.803,24.765,24.636,24.621,24.644,24.636,24.583,24.576,24.56,24.598,24.591,24.545,24.507,24.485,24.462,24.454,24.454,24.462,24.462,24.47,24.462,24.447,24.447,24.432,24.416,24.409,24.386,24.379,24.379,24.379,24.379,24.356,24.333,24.325,24.31,24.295,24.318,24.287,24.295,24.295,24.287,24.257,24.272,24.219,24.249,24.265,24.272,24.272,24.227,24.227,24.196,24.181,24.181,24.166,24.105,24.181,24.12,24.113,24.151,24.166,24.211,24.166,24.166,24.151,24.151,24.143,24.128,24.113,24.113,24.12,24.09,24.067,24.059,24.052,24.059,24.059,24.067,24.052,24.044,24.052,24.037,24.014,24.014,23.983,23.991,23.976,23.968,23.968,23.968,23.976,23.976,24.014,23.96,23.93,23.945,23.922,23.915,23.899,23.884,23.869,23.877,23.884,23.854,23.854,23.846,23.846,23.846,23.854,23.861,23.861,23.831,23.846,23.793,23.808,23.831,23.831,23.838,23.869,23.861,23.808,23.823,23.831,23.831,23.777,23.785,23.816,23.785,23.793,23.77,23.739,23.747,23.716,23.732,23.739,23.709,23.686,23.716,23.709,23.701,23.701,23.724,23.709,23.716,23.716,23.701,23.701,23.709,23.709,23.693,23.709,23.709,23.701,23.739,23.739,23.716,23.716,23.732,23.693,23.709,23.648,23.617,23.655
,23.518,23.502,23.502,23.495,23.472,23.472,23.502,23.51,23.495,23.502,23.518,23.502,23.51,23.502,23.502,23.51,23.51,23.51,23.525,23.533,23.533,23.548,23.541,23.533,23.533,23.533,23.541,23.564,23.586,23.609,23.609,23.602,23.571,23.564,23.541,23.579,23.594,23.571,23.625,23.617,23.625,23.609,23.602,23.609,23.632,23.617,23.609,23.594,23.632,23.609,23.632,23.617,23.594,23.632,23.617,23.625,23.632,23.64,23.64,23.655,23.655,23.671,23.693,23.693,23.693,23.716,23.693,23.678,23.701,23.671,23.671,23.671,23.678,23.709,23.716,23.724,23.739,23.709,23.716,23.724,23.747,23.755,23.785,23.816,23.8,23.808,23.793,23.793,23.8,23.808,23.816,23.808,23.861,23.808,23.838,23.823,23.823,23.838,23.816,23.816,23.877,23.846,23.861,23.861,23.869,23.869,23.861,23.846,23.838,23.869,23.869,23.907,23.922,23.938,23.945,23.945,23.953,23.953,23.945,23.945,23.945,23.953,23.96,23.976,23.976,23.983,23.968,23.968,23.96,23.945,23.953,23.93,23.945,23.953,23.96,23.983,23.983,23.991,23.991,23.998,23.998,23.991,23.976,23.976,23.983,23.998,24.006,24.014,24.044,24.052,24.052,24.075,24.082,24.082,24.067,24.09,24.075,24.105,24.12,24.113,24.12,24.158,24.166,24.173,24.204,24.219,24.249,24.303,24.28,24.287,24.454,24.348,24.56,25.247,26.146,26.377,26.518,26.637,26.719,26.793,26.845,26.704,26.704,26.563,26.228,26.087,26.094,26.079,26.042,26.064,26.034,26.042,26.042,26.012,25.975,25.975,25.93,25.892,25.877,25.862,25.832,25.795,25.743,25.743,25.713,25.705,25.69,25.713,25.743,25.75,25.847,25.907,25.967,26.034,26.221,26.236,26.303,26.414,26.504,26.83,27.008,27.141,27.348,27.62,28.302,29.861,29.334,28.287,27.664,27.546,27.126,27.023,26.978,27.023,27,27.074,27.156,27.266,27.333,27.414,27.524,27.502,27.649,27.774,27.906,27.855,27.892,27.892,27.855,27.811,27.789,27.76,27.811,27.804,27.884,27.884,28.068,28.243,28.265,28.492,28.586,28.652,28.63,28.543,27.451,27.502,27.605,27.767,27.98,28.426,28.95,28.994,29.168,29.182,29.233,29.623,29.703,29.804,29.825,30.063,30.099,30.142,30.185,30.02,29.998,29.94,29.667,29.226,29.161,29.139,29.139,29.102,29.095,29.102,29.153,29.197,29.327,29.472,29.522,29.652,29.847,30.579,31.2,32.767,34.299,35.38,35.647,35.735,35.851,35.96,36.022,36.069,36.104,36.124,36.124,36.11,36.097,36.097,36.056,36.022,36.015,35.94,35.926,35.913,35.899,35.899,35.886,35.872,35.892,35.845,35.81,35.797,35.756,35.715,35.701,35.701,35.708,35.722,35.749,35.749,35.77,35.729,35.742,35.701,35.66,35.64,35.496,35.462,35.373,35.304,35.298,35.25,35.215,35.202,35.202,35.181,35.202,35.236,35.284,35.311,35.339,35.4,35.4,35.428,35.414,35.414,35.387,34.947,34.734,33.445,32.163,31.043,30.249,29.746,29.544,28.95,28.877,28.805,28.776,28.557,28.579,28.535,28.572,28.696,28.986,29.037,29.71,30.106,30.429,31.093,32.191,33.299,33.431,33.564,33.152,32.788,32.085,31.491,30.336,29.544,28.841,28.819,29.479,30.027,29.847,29.595,29.407,29.175,29.03,28.928,28.848,28.717,28.601,28.338,28.316,28.155,28.119,28.016,27.884,27.899,27.804,27.642,27.546,27.532,27.311,27.229,27.141,27.097,26.838,26.667,26.198,25.93,25.713,25.645,25.255,25.067,24.976,24.938,24.984,24.976,25.014,25.112,25.277,25.57,25.847,25.93,25.967,26.012,26.027,26.042,26.064,26.072,26.094,26.131,26.131,26.116,26.191,26.169,26.206,26.191,26.161,26.131,26.064,25.952,25.907,25.735,25.72,25.63,25.623,25.623,25.6,25.608,25.6,25.51,25.42,25.45,25.33,25.262,25.127,24.893,24.674,24.666,24.651,24.666,24.651,24.613,24.591,24.621,24.568,24.553,24.515,24.492,24.47,24.462,24.462,24.47,24.462,24.477,24.47,24.462,24.447,24.432,24.416,24.401,24.394,24.386,24.386,24.386,24.386,24.371,24.363,24.333,24.318,24.318,24.272,24.287,24.303,24.272,24.287,24.272,24.272,24.257,24.257,24.249,24.257,24.227,24.234,24.219,24.196,24.219,24.173,24.189,24.158,24.151,24.128,24.181,24.166,24.173,24.196,24.189,24.204,24.181,24.151,24.135,24.135,24.143,24.12,24.12,24.075,24.082,24.067,24.075,24.037,24.082,24.067,24.029,24.052,24.052,24.052,24.021,24.006,24.006,23.983,23.983,23.968,23.968,23.968,23.976,23.983,23.968,23.968,23.938,23.945,23.922,23.907,23.892,23.892,23.884,23.869,23.877,23.861,23.831,23.846,23.831,23.854,23.861,23.869,23.877,23.838,23.808,23.808,23.808,23.816,23.808,23.823,23.854,23.846,23.8,23.838,23.808,23.823,23.808,23.808,23.793,23.77,23.747,23.755,23.747,23.732,23.724,23.724,23.709,23.724,23.724,23.701,23.693,23.693,23.693,23.724,23.724,23.716,23.724,23.747,23.701,23.716,23.701,23.686,23.671,23.701,23.716,23.732,23.747,23.732,23.724,23.709,23.701,23.678,23.663,23.617,23.579
,23.518,23.51,23.495,23.479,23.479,23.487,23.479,23.502,23.502,23.502,23.502,23.51,23.518,23.541,23.51,23.518,23.533,23.495,23.518,23.502,23.541,23.533,23.541,23.525,23.533,23.525,23.548,23.564,23.594,23.586,23.602,23.579,23.579,23.564,23.571,23.579,23.594,23.579,23.617,23.625,23.625,23.632,23.625,23.609,23.625,23.609,23.609,23.609,23.625,23.579,23.602,23.617,23.625,23.609,23.632,23.64,23.632,23.617,23.632,23.625,23.671,23.671,23.709,23.693,23.686,23.701,23.671,23.686,23.693,23.671,23.678,23.686,23.686,23.693,23.732,23.709,23.724,23.716,23.724,23.732,23.732,23.739,23.77,23.777,23.777,23.8,23.785,23.8,23.8,23.816,23.823,23.823,23.816,23.831,23.8,23.831,23.838,23.846,23.816,23.846,23.831,23.838,23.831,23.838,23.838,23.854,23.869,23.838,23.854,23.861,23.861,23.915,23.93,23.938,23.93,23.93,23.938,23.907,23.93,23.907,23.899,23.93,23.945,23.96,23.968,23.976,23.968,23.968,23.96,23.968,23.96,23.945,23.953,23.96,23.968,23.976,23.983,23.991,23.983,23.998,23.998,23.976,23.983,23.976,23.96,23.976,24.006,23.998,24.021,24.052,24.067,24.075,24.097,24.09,24.082,24.097,24.067,24.09,24.097,24.12,24.143,24.158,24.173,24.189,24.204,24.242,24.303,24.295,24.348,24.303,24.538,24.712,25.9,26.034,26.362,26.481,26.548,26.622,26.689,26.712,26.63,26.622,26.422,26.131,26.072,26.131,26.101,26.101,26.094,26.079,26.049,26.042,26.042,26.012,25.997,25.93,25.9,25.877,25.87,25.825,25.803,25.803,25.75,25.698,25.705,25.705,25.698,25.728,25.75,25.773,25.877,25.922,25.885,26.094,26.318,26.414,26.437,26.526,26.83,26.971,27.097,27.318,27.524,27.818,29.457,30.041,28.572,27.826,27.591,27.384,27.082,27.052,26.963,27.008,27.023,27.141,27.141,27.17,27.252,27.377,27.502,27.569,27.583,27.686,27.811,27.826,27.826,27.804,27.811,27.796,27.767,27.723,27.767,27.76,27.811,27.87,27.98,28.119,28.302,28.316,28.484,28.492,28.608,28.375,27.37,27.407,27.502,27.613,27.855,28.024,28.87,28.885,28.907,29.161,29.262,29.276,29.327,29.602,29.818,29.991,30.3,30.228,30.221,30.228,30.149,30.113,30.099,29.955,29.269,29.153,29.132,29.11,29.088,29.073,29.066,29.023,29.052,29.132,29.189,29.421,29.501,29.508,30.07,30.264,30.986,32.662,33.863,34.996,35.667,35.845,35.892,36.015,36.076,36.083,36.09,36.104,36.083,36.035,35.947,35.926,35.954,35.879,35.886,35.899,35.879,35.879,35.879,35.858,35.892,35.824,35.824,35.77,35.729,35.701,35.674,35.674,35.66,35.701,35.715,35.708,35.729,35.735,35.694,35.688,35.626,35.537,35.53,35.441,35.352,35.318,35.263,35.222,35.215,35.174,35.154,35.167,35.174,35.195,35.243,35.298,35.298,35.325,35.373,35.284,35.332,35.256,34.182,32.725,31.64,30.507,30.278,29.566,29.284,28.834,28.768,28.601,28.513,28.55,28.513,28.448,28.55,28.543,28.557,28.703,29.493,29.976,30.034,30.328,31.136,32.17,32.83,33.682,33.689,33.271,33.033,32.69,31.993,31.235,29.94,29.102,28.696,28.776,29.688,29.926,29.854,29.595,29.276,29.161,29.015,28.986,28.761,28.652,28.419,28.338,28.192,28.199,28.104,27.98,27.936,27.84,27.796,27.664,27.524,27.421,27.318,27.259,27.193,27.037,26.919,26.704,26.548,26.154,25.907,25.788,25.225,25.157,24.954,24.946,24.976,24.946,24.984,25.006,25.24,25.473,25.54,25.803,25.877,25.952,25.967,25.967,25.997,26.034,26.027,26.049,26.079,26.101,26.139,26.124,26.139,26.146,26.124,26.101,26.049,25.989,25.885,25.795,25.698,25.705,25.683,25.653,25.66,25.66,25.653,25.578,25.533,25.518,25.39,25.3,25.368,25.165,25.255,25.172,24.765,24.651,24.689,24.666,24.598,24.606,24.583,24.568,24.515,24.515,24.485,24.462,24.462,24.477,24.477,24.477,24.485,24.462,24.462,24.447,24.416,24.401,24.386,24.386,24.386,24.394,24.394,24.386,24.356,24.341,24.333,24.303,24.265,24.28,24.31,24.303,24.295,24.318,24.28,24.28,24.249,24.257,24.242,24.249,24.234,24.227,24.234,24.234,24.196,24.196,24.173,24.143,24.158,24.166,24.181,24.181,24.196,24.181,24.173,24.173,24.143,24.143,24.128,24.135,24.113,24.113,24.097,24.082,24.067,24.044,24.059,24.067,24.021,24.059,24.059,24.067,24.052,24.029,24.037,24.006,23.998,23.976,23.968,23.968,23.96,23.968,23.976,23.96,23.93,23.922,23.922,23.907,23.907,23.907,23.892,23.884,23.877,23.869,23.884,23.861,23.823,23.846,23.854,23.869,23.877,23.869,23.869,23.854,23.831,23.793,23.8,23.816,23.823,23.877,23.816,23.793,23.816,23.793,23.8,23.808,23.808,23.777,23.755,23.747,23.747,23.739,23.755,23.747,23.732,23.671,23.709,23.732,23.701,23.732,23.686,23.724,23.693,23.701,23.716,23.709,23.709,23.716,23.716,23.716,23.709,23.678,23.671,23.724,23.716,23.739,23.716,23.724,23.701,23.678,23.686,23.594,23.686,23.663
,23.495,23.495,23.502,23.495,23.495,23.487,23.487,23.495,23.495,23.502,23.479,23.518,23.518,23.51,23.525,23.502,23.518,23.51,23.51,23.541,23.525,23.525,23.525,23.541,23.525,23.541,23.548,23.556,23.571,23.602,23.602,23.602,23.609,23.579,23.579,23.586,23.579,23.594,23.609,23.625,23.632,23.632,23.632,23.617,23.632,23.617,23.609,23.579,23.609,23.609,23.632,23.602,23.625,23.655,23.678,23.632,23.64,23.617,23.64,23.655,23.686,23.686,23.701,23.693,23.678,23.693,23.693,23.678,23.693,23.693,23.686,23.686,23.701,23.709,23.716,23.724,23.724,23.732,23.724,23.747,23.732,23.755,23.77,23.777,23.785,23.777,23.785,23.793,23.793,23.823,23.831,23.823,23.816,23.8,23.808,23.838,23.831,23.8,23.854,23.823,23.838,23.816,23.823,23.816,23.823,23.846,23.831,23.846,23.861,23.877,23.884,23.915,23.922,23.945,23.945,23.945,23.922,23.93,23.907,23.915,23.915,23.93,23.938,23.96,23.968,23.968,23.983,23.976,23.968,23.96,23.953,23.953,23.953,23.953,23.96,23.976,23.976,23.991,23.991,23.991,23.998,23.998,23.998,23.968,23.96,23.96,23.998,24.006,24.052,24.044,24.067,24.059,24.09,24.097,24.105,24.105,24.12,24.113,24.128,24.12,24.151,24.151,24.173,24.219,24.234,24.28,24.303,24.325,24.348,24.538,25.6,26.004,26.094,26.325,26.355,26.444,26.496,26.563,26.548,26.466,26.437,26.399,26.183,26.169,26.101,26.079,26.109,26.094,26.087,26.079,26.072,26.057,26.027,25.997,25.96,25.915,25.9,25.877,25.855,25.84,25.795,25.788,25.758,25.713,25.69,25.683,25.69,25.705,25.743,25.803,25.847,26.012,26.154,26.28,26.318,26.459,26.556,26.622,26.793,27.104,27.141,27.303,27.701,29.218,30.235,29.753,28.287,27.804,27.524,27.193,26.934,26.978,26.986,27,27,27.067,27.17,27.185,27.237,27.384,27.414,27.583,27.576,27.605,27.738,27.752,27.767,27.76,27.789,27.708,27.738,27.708,27.752,27.76,27.818,27.855,27.914,28.046,28.229,28.316,28.353,28.44,28.499,28.148,27.384,27.443,27.554,27.532,27.928,28.608,28.885,28.776,28.892,29.008,29.081,29.182,29.262,29.515,29.623,29.84,30.336,30.379,30.422,30.314,30.178,30.242,30.192,30.12,30.142,29.912,29.349,29.204,29.139,29.081,29.073,29.044,29.008,28.986,28.986,28.972,29.037,29.197,29.182,29.407,29.955,30.185,30.908,31.746,32.957,34.216,35.428,35.995,36.029,36.056,36.076,36.076,36.049,36.035,35.974,35.879,35.851,35.858,35.858,35.851,35.851,35.886,35.851,35.831,35.865,35.831,35.797,35.776,35.735,35.694,35.66,35.66,35.66,35.66,35.667,35.701,35.708,35.694,35.681,35.653,35.606,35.524,35.476,35.352,35.304,35.284,35.256,35.208,35.085,35.126,35.133,35.126,35.154,35.154,35.195,35.222,35.215,35.256,35.284,35.078,33.863,32.479,30.943,30.407,29.746,29.262,29.132,28.725,28.637,28.448,28.477,28.499,28.477,28.455,28.44,28.455,28.506,28.681,28.841,29.465,29.732,30.027,30.135,31.285,32.55,32.844,33.138,33.71,33.668,33.383,32.844,32.536,31.894,30.679,29.775,29.015,28.521,28.732,29.796,29.688,29.602,29.602,29.189,29.139,28.957,28.907,28.717,28.513,28.353,28.316,28.214,28.119,28.016,28.024,27.892,27.811,27.789,27.642,27.554,27.399,27.362,27.2,27.133,27.008,26.934,26.667,26.526,26.004,25.952,25.578,25.285,25.24,25.059,24.961,24.923,24.969,24.969,24.984,25.134,25.398,25.533,25.683,25.832,25.9,25.93,25.922,25.952,26.004,25.989,26.012,26.019,26.019,26.042,26.087,26.101,26.109,26.109,26.087,26.049,25.982,25.93,25.84,25.698,25.698,25.713,25.72,25.698,25.72,25.668,25.653,25.585,25.623,25.488,25.473,25.42,25.413,25.285,24.901,25.006,24.727,24.697,24.666,24.666,24.613,24.576,24.583,24.545,24.515,24.485,24.47,24.47,24.485,24.485,24.47,24.477,24.47,24.462,24.439,24.439,24.409,24.386,24.379,24.394,24.401,24.401,24.394,24.379,24.363,24.348,24.318,24.333,24.287,24.287,24.28,24.295,24.287,24.28,24.272,24.287,24.265,24.249,24.234,24.234,24.249,24.249,24.234,24.227,24.204,24.151,24.158,24.158,24.158,24.173,24.181,24.181,24.196,24.181,24.166,24.158,24.143,24.143,24.143,24.135,24.128,24.12,24.082,24.067,24.082,24.029,24.059,24.037,24.029,24.075,24.052,24.044,24.044,24.044,24.021,24.006,23.991,23.983,23.96,23.96,23.968,23.953,23.953,23.938,23.93,23.915,23.922,23.907,23.899,23.892,23.892,23.892,23.907,23.861,23.877,23.869,23.846,23.877,23.869,23.907,23.869,23.846,23.869,23.793,23.831,23.823,23.846,23.877,23.831,23.831,23.808,23.8,23.823,23.808,23.816,23.816,23.777,23.793,23.785,23.762,23.724,23.793,23.793,23.709,23.724,23.686,23.747,23.716,23.762,23.709,23.701,23.724,23.709,23.701,23.709,23.716,23.724,23.716,23.716,23.693,23.716,23.693,23.693,23.716,23.709,23.732,23.693,23.716,23.686,23.693,23.693,23.655,23.686
,23.472,23.487,23.487,23.51,23.51,23.502,23.51,23.51,23.502,23.495,23.51,23.533,23.51,23.518,23.518,23.502,23.541,23.502,23.518,23.518,23.51,23.518,23.533,23.533,23.541,23.548,23.556,23.556,23.571,23.579,23.586,23.579,23.564,23.586,23.579,23.571,23.594,23.602,23.617,23.617,23.617,23.617,23.609,23.625,23.632,23.632,23.617,23.602,23.571,23.617,23.625,23.617,23.64,23.617,23.602,23.632,23.617,23.64,23.648,23.655,23.686,23.686,23.701,23.701,23.655,23.625,23.655,23.678,23.693,23.693,23.686,23.671,23.686,23.701,23.732,23.716,23.724,23.709,23.724,23.739,23.747,23.755,23.777,23.755,23.77,23.777,23.777,23.785,23.777,23.8,23.793,23.808,23.816,23.793,23.8,23.808,23.755,23.823,23.808,23.8,23.823,23.823,23.816,23.823,23.838,23.846,23.846,23.854,23.861,23.877,23.892,23.892,23.93,23.922,23.938,23.938,23.922,23.938,23.907,23.922,23.907,23.93,23.945,23.96,23.976,23.976,23.968,23.991,23.953,23.976,23.976,23.968,23.96,23.968,23.96,23.96,23.976,23.983,23.991,23.998,23.991,23.998,23.991,23.983,23.998,23.976,23.998,24.029,24.052,24.067,24.082,24.09,24.075,24.113,24.12,24.12,24.12,24.113,24.12,24.12,24.135,24.181,24.211,24.234,24.227,24.492,24.401,24.613,24.908,25.735,25.997,26.094,26.236,26.221,26.37,26.407,26.452,26.437,26.481,26.459,26.325,26.198,26.169,26.176,26.183,26.154,26.124,26.094,26.094,26.072,26.079,26.057,26.042,25.975,25.93,25.9,25.87,25.855,25.825,25.818,25.78,25.75,25.698,25.713,25.683,25.69,25.705,25.743,25.758,25.847,25.982,26.027,26.109,26.273,26.34,26.496,26.608,26.882,27.045,27.193,27.355,27.723,28.338,29.991,30.407,29.522,28.258,27.686,27.679,26.949,26.949,26.963,26.949,26.978,27.008,27.06,27.111,27.178,27.237,27.296,27.384,27.473,27.554,27.583,27.554,27.627,27.627,27.694,27.657,27.657,27.649,27.664,27.686,27.701,27.789,27.848,27.936,28.002,28.126,28.243,28.28,28.309,28.36,27.436,27.362,27.407,27.532,27.591,27.848,28.543,28.747,28.674,28.703,28.819,29.03,29.211,29.153,29.407,29.659,29.905,30.235,30.45,30.507,30.336,30.257,30.214,30.228,30.242,30.278,30.199,29.861,29.825,29.247,29.327,29.11,29.088,29.023,28.936,28.979,28.907,28.892,28.928,28.914,28.965,29.226,29.327,29.501,30.084,30.371,31.143,32.007,33.271,34.424,35.476,35.933,36.049,36.001,35.913,35.886,35.845,35.838,35.824,35.817,35.817,35.81,35.81,35.845,35.804,35.817,35.831,35.79,35.735,35.722,35.667,35.653,35.647,35.633,35.633,35.667,35.633,35.66,35.667,35.647,35.606,35.558,35.489,35.387,35.359,35.332,35.222,35.195,35.167,35.112,35.105,35.03,35.078,35.092,35.099,35.14,35.154,35.112,34.527,33.005,31.972,31,30.091,29.428,29.168,29.059,28.637,28.601,28.448,28.419,28.397,28.397,28.36,28.389,28.448,28.44,28.513,28.674,29.132,29.667,29.933,30.034,30.879,32.212,32.879,33.047,33.124,33.438,33.814,33.654,33.466,32.928,32.36,31.633,30.55,29.24,28.877,28.586,28.921,29.832,29.912,29.544,29.385,29.146,29.052,29.153,28.87,28.666,28.433,28.309,28.28,28.192,28.104,28.097,27.928,27.848,27.789,27.679,27.613,27.517,27.436,27.259,27.193,27.133,26.986,26.875,26.697,26.608,26.362,25.915,25.758,25.368,25.225,25.089,25.029,24.954,24.893,24.923,24.923,25.021,25.353,25.495,25.653,25.765,25.84,25.9,25.885,25.93,25.967,25.967,25.975,25.975,25.997,26.027,26.042,26.087,26.079,26.064,26.064,25.982,25.922,25.9,25.803,25.75,25.72,25.728,25.78,25.728,25.713,25.773,25.705,25.69,25.66,25.525,25.518,25.435,25.428,25.413,25.308,25.383,25.029,24.916,24.742,24.682,24.636,24.629,24.56,24.553,24.553,24.492,24.485,24.507,24.492,24.477,24.492,24.507,24.477,24.454,24.462,24.432,24.409,24.394,24.394,24.386,24.401,24.401,24.394,24.371,24.356,24.341,24.333,24.318,24.287,24.31,24.303,24.31,24.295,24.287,24.272,24.28,24.249,24.257,24.234,24.234,24.219,24.227,24.227,24.219,24.204,24.196,24.173,24.189,24.181,24.181,24.204,24.189,24.173,24.173,24.166,24.166,24.151,24.135,24.128,24.143,24.143,24.105,24.09,24.082,24.09,24.075,24.059,24.067,24.044,24.09,24.052,24.044,24.059,24.037,24.037,23.998,23.991,23.968,23.968,23.938,23.945,23.953,23.945,23.93,23.922,23.915,23.922,23.907,23.899,23.884,23.877,23.877,23.861,23.877,23.846,23.861,23.854,23.861,23.877,23.892,23.877,23.861,23.884,23.808,23.838,23.793,23.823,23.808,23.8,23.831,23.823,23.8,23.8,23.846,23.823,23.8,23.816,23.816,23.8,23.793,23.739,23.762,23.808,23.732,23.77,23.709,23.739,23.724,23.762,23.777,23.732,23.709,23.701,23.709,23.709,23.732,23.739,23.724,23.716,23.716,23.709,23.724,23.716,23.716,23.709,23.716,23.686,23.693,23.671,23.655,23.686,23.655,23.671
,23.456,23.456,23.479,23.502,23.502,23.51,23.518,23.518,23.502,23.51,23.502,23.51,23.502,23.525,23.502,23.518,23.495,23.518,23.518,23.502,23.51,23.518,23.541,23.533,23.541,23.541,23.548,23.548,23.548,23.564,23.571,23.564,23.571,23.548,23.571,23.586,23.579,23.586,23.609,23.609,23.602,23.617,23.609,23.625,23.609,23.617,23.632,23.594,23.617,23.632,23.617,23.632,23.648,23.648,23.609,23.625,23.625,23.609,23.64,23.648,23.663,23.663,23.716,23.678,23.655,23.678,23.655,23.686,23.686,23.693,23.678,23.678,23.686,23.701,23.709,23.686,23.716,23.716,23.724,23.755,23.732,23.747,23.77,23.762,23.785,23.785,23.793,23.77,23.8,23.8,23.77,23.785,23.793,23.785,23.8,23.8,23.816,23.846,23.831,23.831,23.823,23.808,23.823,23.831,23.838,23.854,23.854,23.854,23.869,23.869,23.892,23.915,23.922,23.922,23.938,23.93,23.938,23.945,23.907,23.922,23.907,23.922,23.938,23.953,23.968,23.976,23.968,23.96,23.983,23.968,23.968,23.96,23.96,23.953,23.968,23.945,23.945,23.968,23.96,23.983,23.998,24.006,23.983,23.976,23.998,23.998,24.006,23.991,24.029,24.044,24.052,24.075,24.09,24.097,24.113,24.105,24.135,24.143,24.143,24.158,24.158,24.189,24.234,24.295,24.341,24.432,24.523,24.908,25.825,26.019,26.116,26.124,26.221,26.273,26.347,26.362,26.377,26.407,26.399,26.31,26.243,26.191,26.191,26.169,26.176,26.146,26.139,26.101,26.087,26.072,26.049,26.049,25.997,25.967,25.915,25.885,25.862,25.855,25.81,25.78,25.743,25.728,25.72,25.698,25.683,25.683,25.705,25.758,25.862,25.967,26.019,26.079,26.161,26.392,26.556,26.608,26.778,27.045,27.141,27.362,27.664,27.855,29.522,30.35,30.393,29.342,27.848,27.517,27.34,26.941,26.867,26.875,26.934,26.956,26.978,27.045,27.097,27.156,27.229,27.266,27.362,27.451,27.495,27.539,27.524,27.554,27.561,27.569,27.561,27.517,27.554,27.642,27.664,27.679,27.716,27.84,27.884,27.987,28.112,28.221,28.199,28.236,28.243,27.325,27.348,27.443,27.524,27.576,28.002,28.367,28.557,28.637,28.601,28.608,28.754,29.03,29.24,29.342,29.522,29.854,30.221,30.436,30.328,30.271,30.199,30.249,30.199,30.214,30.235,30.336,30.178,30.099,29.782,29.667,29.255,29.11,29.102,28.979,28.907,28.899,28.863,28.848,28.848,28.827,28.848,29.168,29.11,29.334,29.457,29.544,30.048,30.357,31.022,32.134,33.341,34.582,35.558,35.865,35.81,35.81,35.77,35.756,35.77,35.776,35.756,35.858,35.776,35.776,35.77,35.79,35.749,35.729,35.708,35.681,35.64,35.619,35.599,35.612,35.558,35.592,35.626,35.619,35.606,35.606,35.51,35.448,35.352,35.298,35.243,35.188,35.119,35.051,35.037,34.982,35.03,35.03,35.009,35.057,35.064,33.932,32.318,31.328,30.558,29.818,29.566,29.197,28.914,28.601,28.579,28.419,28.47,28.382,28.353,28.367,28.375,28.36,28.426,28.426,28.521,29.044,29.472,29.595,29.631,30.005,30.708,32.508,33.369,33.215,33.229,33.334,33.599,33.786,33.71,33.438,32.977,32.078,31.285,30.206,29.146,28.382,28.36,29.095,29.703,29.652,29.443,29.226,29.161,29.102,28.834,28.747,28.564,28.375,28.331,28.236,28.155,28.112,28.038,27.943,27.892,27.76,27.679,27.554,27.532,27.399,27.348,27.222,27.074,26.949,26.8,26.704,26.704,26.489,26.295,26.042,25.525,25.292,25.089,25.014,24.908,24.893,24.878,24.916,25.089,25.021,25.232,25.6,25.765,25.728,25.825,25.832,25.885,25.892,25.922,25.922,25.945,25.952,25.96,25.989,26.019,26.004,26.034,25.997,25.975,25.907,25.87,25.832,25.832,25.743,25.765,25.803,25.773,25.803,25.803,25.795,25.788,25.743,25.593,25.54,25.548,25.51,25.48,25.435,25.308,25.27,25.27,25.082,24.931,24.833,24.689,24.644,24.613,24.576,24.515,24.5,24.523,24.5,24.5,24.507,24.5,24.492,24.477,24.447,24.439,24.416,24.394,24.401,24.394,24.401,24.401,24.394,24.394,24.356,24.363,24.341,24.333,24.333,24.303,24.325,24.31,24.31,24.287,24.28,24.265,24.28,24.249,24.242,24.249,24.227,24.234,24.227,24.211,24.211,24.189,24.189,24.189,24.189,24.173,24.196,24.181,24.181,24.173,24.158,24.151,24.143,24.143,24.128,24.128,24.113,24.09,24.067,24.075,24.09,24.052,24.067,24.082,24.09,24.067,24.075,24.059,24.052,24.029,24.029,24.029,23.991,23.998,23.96,23.983,23.953,23.953,23.915,23.915,23.907,23.922,23.915,23.907,23.899,23.892,23.854,23.877,23.869,23.869,23.884,23.877,23.899,23.861,23.861,23.907,23.899,23.877,23.877,23.838,23.838,23.816,23.816,23.846,23.816,23.831,23.854,23.8,23.793,23.823,23.823,23.8,23.816,23.831,23.816,23.793,23.793,23.777,23.747,23.732,23.724,23.762,23.709,23.762,23.777,23.747,23.709,23.701,23.724,23.709,23.701,23.709,23.724,23.716,23.724,23.732,23.739,23.671,23.716,23.716,23.716,23.709,23.701,23.693,23.686,23.671,23.678,23.663,23.671
,23.449,23.449,23.479,23.487,23.533,23.541,23.51,23.51,23.495,23.502,23.51,23.502,23.518,23.495,23.502,23.502,23.525,23.51,23.51,23.525,23.51,23.556,23.548,23.533,23.541,23.533,23.556,23.564,23.579,23.586,23.564,23.579,23.564,23.541,23.541,23.579,23.594,23.586,23.602,23.609,23.602,23.617,23.602,23.625,23.625,23.632,23.632,23.625,23.617,23.602,23.64,23.648,23.648,23.586,23.64,23.701,23.64,23.64,23.64,23.655,23.671,23.693,23.678,23.648,23.678,23.663,23.663,23.686,23.693,23.686,23.686,23.686,23.678,23.686,23.701,23.693,23.709,23.716,23.747,23.755,23.762,23.755,23.755,23.755,23.785,23.793,23.785,23.793,23.793,23.793,23.793,23.793,23.8,23.793,23.808,23.846,23.846,23.846,23.846,23.831,23.793,23.8,23.854,23.846,23.838,23.854,23.877,23.877,23.884,23.899,23.899,23.915,23.922,23.93,23.938,23.945,23.938,23.968,23.945,23.96,23.945,23.93,23.953,23.96,23.968,23.976,23.976,23.968,23.976,24.021,23.968,23.968,23.945,23.953,23.96,23.953,23.96,23.953,23.968,23.976,23.991,23.998,24.006,24.006,24.014,24.006,24.029,24.014,24.037,24.052,24.052,24.075,24.082,24.105,24.12,24.113,24.143,24.151,24.158,24.173,24.219,24.211,24.242,24.303,24.576,24.583,25.743,25.937,26.139,26.176,26.169,26.251,26.265,26.288,26.295,26.333,26.355,26.333,26.288,26.265,26.221,26.176,26.161,26.183,26.176,26.161,26.131,26.087,26.079,26.057,26.034,26.027,26.042,25.945,25.915,25.9,25.862,25.832,25.773,25.765,25.743,25.72,25.698,25.69,25.69,25.698,25.75,25.773,25.937,25.989,25.945,26.109,26.355,26.221,26.474,26.66,26.926,27.156,27.362,27.62,27.958,29.24,30.343,30.457,30.393,28.367,27.804,27.627,27.502,26.815,26.889,26.838,26.889,26.897,26.978,27.023,27.074,27.17,27.2,27.266,27.377,27.421,27.48,27.532,27.51,27.51,27.48,27.473,27.48,27.495,27.546,27.591,27.642,27.664,27.723,27.752,27.789,27.928,28.075,28.126,28.163,28.119,28.155,27.303,27.289,27.414,27.561,27.657,28.016,28.346,28.477,28.55,28.55,28.55,28.688,29.015,29.008,29.015,29.566,29.854,30.185,30.249,30.414,30.307,30.142,30.149,30.127,30.293,30.336,30.393,30.307,30.221,30.199,29.897,29.652,29.421,29.363,29.168,28.972,28.928,28.863,28.841,28.827,28.812,28.761,28.783,28.877,28.928,29.037,29.327,29.414,29.616,30.142,30.235,30.979,31.391,32.62,33.626,34.596,35.667,35.708,35.729,35.735,35.735,35.742,35.763,35.735,35.756,35.763,35.749,35.735,35.722,35.708,35.681,35.647,35.619,35.592,35.578,35.571,35.585,35.606,35.551,35.544,35.53,35.455,35.441,35.346,35.291,35.222,35.112,35.037,35.044,35.002,34.961,34.961,34.886,34.313,33.431,32.282,31.207,30.35,30.271,29.717,29.255,29.008,28.848,28.557,28.594,28.426,28.389,28.382,28.367,28.36,28.367,28.36,28.404,28.506,28.63,29.197,29.189,29.58,29.638,29.912,30.206,31.548,33.341,33.536,33.494,33.619,33.459,33.87,33.911,33.64,33.39,32.472,31.633,30.579,29.659,28.797,28.521,28.294,29.313,29.667,29.58,29.595,29.24,28.848,28.95,28.783,28.543,28.433,28.375,28.273,28.221,28.134,28.053,27.943,27.818,27.789,27.723,27.627,27.539,27.48,27.414,27.237,27.141,27.133,26.875,26.778,26.749,26.682,26.548,26.258,26.236,25.578,25.435,25.27,25.089,24.961,24.901,24.908,24.886,24.938,24.991,25.3,25.54,25.668,25.668,25.765,25.765,25.87,25.862,25.877,25.9,25.9,25.915,25.937,25.96,25.96,25.982,25.952,25.922,25.907,25.907,25.855,25.803,25.803,25.803,25.847,25.84,25.847,25.907,25.84,25.855,25.825,25.78,25.713,25.593,25.578,25.548,25.548,25.66,25.563,25.413,25.435,25.285,25.165,25.104,24.976,25.044,24.697,24.629,24.553,24.576,24.538,24.515,24.538,24.515,24.507,24.523,24.5,24.477,24.447,24.432,24.416,24.409,24.416,24.409,24.409,24.409,24.386,24.379,24.363,24.356,24.341,24.341,24.341,24.31,24.341,24.318,24.303,24.265,24.272,24.28,24.257,24.249,24.234,24.211,24.234,24.227,24.196,24.242,24.204,24.211,24.204,24.189,24.181,24.196,24.189,24.181,24.181,24.166,24.151,24.143,24.151,24.135,24.113,24.12,24.105,24.082,24.097,24.09,24.097,24.09,24.09,24.067,24.075,24.09,24.067,24.067,24.044,24.037,24.014,24.006,23.991,23.998,23.968,23.968,23.953,23.938,23.93,23.915,23.915,23.922,23.93,23.907,23.892,23.823,23.831,23.869,23.861,23.877,23.869,23.869,23.869,23.877,23.892,23.884,23.907,23.907,23.861,23.861,23.869,23.838,23.816,23.808,23.854,23.838,23.831,23.8,23.8,23.8,23.816,23.816,23.823,23.861,23.861,23.823,23.755,23.732,23.739,23.724,23.709,23.755,23.777,23.716,23.785,23.709,23.755,23.716,23.686,23.709,23.709,23.709,23.716,23.716,23.716,23.739,23.739,23.732,23.724,23.716,23.701,23.693,23.709,23.655,23.686,23.693,23.663,23.671
,23.441,23.472,23.479,23.51,23.541,23.541,23.51,23.51,23.495,23.495,23.487,23.487,23.502,23.502,23.502,23.502,23.518,23.518,23.525,23.541,23.525,23.556,23.556,23.541,23.533,23.533,23.556,23.579,23.579,23.571,23.579,23.564,23.533,23.525,23.541,23.548,23.579,23.586,23.617,23.602,23.602,23.609,23.602,23.579,23.625,23.648,23.625,23.632,23.663,23.632,23.64,23.64,23.625,23.64,23.663,23.64,23.663,23.625,23.678,23.655,23.663,23.663,23.671,23.663,23.64,23.663,23.663,23.671,23.671,23.686,23.686,23.686,23.678,23.655,23.701,23.671,23.701,23.701,23.739,23.755,23.762,23.755,23.77,23.747,23.793,23.777,23.8,23.793,23.785,23.793,23.777,23.785,23.785,23.793,23.816,23.846,23.854,23.846,23.854,23.816,23.846,23.838,23.838,23.823,23.861,23.869,23.877,23.884,23.892,23.907,23.899,23.915,23.907,23.938,23.938,23.93,23.96,23.922,23.953,23.938,23.93,23.945,23.96,23.968,23.96,23.968,23.96,23.945,23.96,23.96,23.953,23.968,23.96,23.96,23.991,23.968,23.938,23.96,23.96,23.991,23.983,23.991,24.006,24.014,24.006,24.021,24.029,24.014,24.052,24.052,24.052,24.075,24.075,24.09,24.12,24.128,24.143,24.166,24.181,24.211,24.219,24.219,24.409,24.492,24.999,25.495,26.094,26.161,26.109,26.236,26.183,26.251,26.265,26.28,26.303,26.318,26.303,26.288,26.251,26.236,26.191,26.169,26.169,26.161,26.146,26.131,26.094,26.079,26.072,26.034,26.012,26.004,25.96,25.945,25.892,25.862,25.818,25.803,25.773,25.728,25.735,25.713,25.713,25.705,25.705,25.743,25.803,25.847,26.004,26.027,26.116,26.28,26.288,26.533,26.749,26.852,27.104,27.207,27.517,27.892,28.564,30.02,30.414,30.45,30.242,28.353,27.598,27.421,26.815,26.719,26.771,26.808,26.875,26.852,26.949,26.993,27.06,27.097,27.178,27.222,27.325,27.407,27.443,27.451,27.465,27.451,27.421,27.429,27.407,27.421,27.473,27.569,27.532,27.598,27.679,27.782,27.892,27.98,28.053,28.104,28.134,28.177,27.517,27.222,27.237,27.348,27.51,27.554,27.994,28.382,28.389,28.375,28.462,28.477,28.564,28.841,29.11,29.24,29.262,29.551,30.005,30.142,30.199,30.149,29.919,29.955,30.12,30.228,30.414,30.572,30.371,30.379,30.106,29.976,29.89,29.623,29.53,29.53,29.334,29.11,28.914,28.856,28.819,28.761,28.761,28.768,28.739,28.841,28.899,28.907,28.936,28.994,29.378,29.501,29.775,29.768,30.529,31.2,31.249,32.564,33.772,34.775,35.667,35.694,35.708,35.729,35.715,35.715,35.715,35.701,35.708,35.674,35.688,35.653,35.619,35.592,35.558,35.524,35.517,35.537,35.496,35.503,35.53,35.469,35.441,35.291,35.181,35.078,35.071,35.03,35.009,34.996,34.975,34.638,34.161,32.957,31.887,31.086,30.486,29.905,29.688,29.327,29.132,28.965,28.921,28.601,28.448,28.448,28.404,28.389,28.367,28.375,28.375,28.382,28.375,28.419,28.994,29.059,29.175,29.414,29.551,29.933,30.293,30.886,32.381,33.529,33.619,33.606,33.703,33.96,33.932,33.953,33.571,32.984,32.261,31.292,30.221,29.146,28.623,28.214,28.199,29.479,29.595,29.226,29.204,29.001,28.936,28.79,28.615,28.492,28.448,28.324,28.28,28.126,28.119,27.972,27.906,27.767,27.745,27.649,27.598,27.502,27.495,27.421,27.252,27.133,26.978,26.889,26.793,26.734,26.667,26.645,26.362,26.206,25.615,25.443,25.405,25.112,25.067,24.954,24.893,24.893,24.901,24.961,25.006,25.39,25.593,25.63,25.69,25.743,25.78,25.81,25.855,25.885,25.877,25.892,25.915,25.922,25.915,25.945,25.892,25.862,25.847,25.825,25.81,25.803,25.803,25.78,25.84,25.847,25.922,25.907,25.907,25.892,25.855,25.825,25.818,25.795,25.735,25.653,25.645,25.638,25.623,25.593,25.443,25.383,25.315,25.195,25.323,25.119,25.044,24.772,24.81,24.629,24.553,24.53,24.523,24.523,24.538,24.538,24.492,24.477,24.47,24.439,24.447,24.424,24.424,24.409,24.409,24.401,24.401,24.386,24.371,24.348,24.348,24.341,24.348,24.303,24.341,24.356,24.325,24.272,24.272,24.272,24.257,24.249,24.249,24.227,24.227,24.219,24.219,24.242,24.219,24.219,24.204,24.204,24.204,24.196,24.196,24.173,24.166,24.158,24.151,24.151,24.128,24.113,24.128,24.113,24.12,24.12,24.135,24.097,24.097,24.105,24.097,24.082,24.082,24.082,24.067,24.067,24.037,24.021,24.006,23.991,23.983,23.983,23.968,23.953,23.945,23.938,23.945,23.93,23.922,23.922,23.915,23.922,23.877,23.869,23.823,23.846,23.869,23.838,23.854,23.869,23.861,23.846,23.861,23.907,23.877,23.877,23.892,23.869,23.831,23.838,23.846,23.831,23.838,23.838,23.8,23.823,23.77,23.793,23.808,23.808,23.816,23.816,23.793,23.793,23.785,23.762,23.755,23.755,23.732,23.732,23.732,23.739,23.716,23.747,23.709,23.709,23.716,23.716,23.716,23.709,23.709,23.701,23.716,23.716,23.732,23.739,23.724,23.724,23.701,23.693,23.678,23.686,23.648,23.693,23.686,23.678
,23.472,23.479,23.464,23.525,23.495,23.495,23.495,23.487,23.479,23.479,23.495,23.495,23.502,23.502,23.502,23.51,23.533,23.518,23.541,23.541,23.533,23.548,23.525,23.525,23.548,23.564,23.541,23.571,23.579,23.571,23.586,23.556,23.541,23.525,23.525,23.548,23.564,23.594,23.625,23.602,23.609,23.594,23.594,23.617,23.609,23.617,23.632,23.625,23.625,23.648,23.64,23.648,23.655,23.663,23.655,23.663,23.671,23.64,23.663,23.663,23.671,23.663,23.678,23.663,23.663,23.655,23.655,23.678,23.701,23.678,23.693,23.693,23.693,23.686,23.686,23.709,23.701,23.709,23.724,23.739,23.747,23.755,23.739,23.777,23.793,23.785,23.816,23.793,23.777,23.785,23.785,23.8,23.8,23.808,23.846,23.861,23.846,23.854,23.846,23.838,23.838,23.846,23.854,23.838,23.869,23.877,23.869,23.884,23.884,23.907,23.907,23.907,23.907,23.915,23.922,23.945,23.96,23.968,23.968,23.953,23.968,23.968,23.953,23.96,23.953,23.953,23.968,23.96,23.983,23.96,23.938,23.938,23.953,23.968,23.998,23.976,23.976,23.976,23.96,23.983,23.976,23.991,23.991,24.006,23.991,24.029,24.029,24.037,24.052,24.052,24.059,24.075,24.105,24.09,24.113,24.135,24.166,24.181,24.204,24.249,24.272,24.659,24.772,25.33,25.915,26.265,26.288,26.28,26.273,26.288,26.303,26.303,26.28,26.288,26.288,26.288,26.265,26.273,26.228,26.198,26.198,26.161,26.146,26.154,26.116,26.101,26.064,26.042,26.019,26.049,25.982,25.989,25.937,25.907,25.885,25.87,25.825,25.773,25.728,25.72,25.728,25.72,25.728,25.735,25.735,25.78,25.825,25.907,25.997,26.161,26.236,26.347,26.511,26.518,26.763,26.941,27.274,27.407,27.532,28.199,29.313,30.321,30.393,30.436,29.457,28.177,27.421,26.808,26.734,26.689,26.741,26.793,26.808,26.838,26.875,27.023,27.045,27.119,27.148,27.222,27.244,27.377,27.436,27.451,27.436,27.414,27.407,27.37,27.362,27.399,27.421,27.488,27.517,27.627,27.708,27.796,27.855,27.921,28.002,28.009,28.068,28.082,27.421,27.178,27.2,27.325,27.576,27.789,27.796,28.155,28.433,28.389,28.404,28.492,28.572,28.666,29.015,29.305,29.378,29.796,30.056,30.07,30.027,29.912,29.753,29.775,29.854,30.12,30.393,30.715,30.572,30.772,30.572,30.264,30.084,29.991,30.034,29.89,29.703,29.573,29.327,28.921,28.877,28.812,28.776,28.783,28.71,28.761,28.79,28.805,28.87,28.812,28.863,29.001,29.247,29.486,29.551,29.696,30.091,30.615,31.015,31.916,32.886,33.884,34.672,35.393,35.674,35.688,35.701,35.66,35.653,35.626,35.653,35.64,35.578,35.53,35.503,35.496,35.476,35.482,35.489,35.476,35.421,35.414,35.352,35.215,35.071,35.064,35.057,35.051,34.617,33.918,33.047,32.275,31.377,30.872,30.285,29.998,29.89,29.926,29.566,29.291,29.052,28.957,28.776,28.528,28.455,28.389,28.367,28.382,28.484,28.411,28.79,28.725,28.717,29.175,29.168,29.204,29.189,29.537,29.89,29.976,30.307,31.079,33.271,33.689,33.96,33.995,33.995,34.036,33.988,33.932,33.397,32.725,31.958,30.936,29.645,29.03,28.389,28.221,28.199,29.847,29.537,29.313,29.023,28.907,28.797,28.732,28.557,28.455,28.309,28.185,28.192,28.09,28.031,27.936,27.914,27.804,27.679,27.62,27.561,27.502,27.473,27.399,27.259,27.074,27.037,26.904,26.823,26.726,26.712,26.645,26.437,25.87,25.713,25.555,25.51,25.338,25.074,24.969,24.916,24.908,24.908,24.984,25.142,25.353,25.383,25.503,25.638,25.69,25.735,25.795,25.825,25.855,25.855,25.862,25.885,25.9,25.892,25.892,25.885,25.862,25.832,25.818,25.795,25.803,25.788,25.803,25.825,25.847,25.892,25.952,25.93,25.937,25.885,25.87,25.847,25.84,25.803,25.75,25.713,25.758,25.705,25.743,25.645,25.645,25.51,25.495,25.3,25.247,25.247,25.345,25.112,25.089,25.127,24.931,24.576,24.568,24.553,24.545,24.538,24.523,24.485,24.47,24.47,24.454,24.447,24.439,24.416,24.424,24.424,24.394,24.379,24.363,24.356,24.363,24.363,24.341,24.333,24.341,24.318,24.31,24.31,24.295,24.28,24.265,24.265,24.249,24.249,24.234,24.242,24.242,24.227,24.211,24.219,24.189,24.211,24.211,24.196,24.173,24.173,24.151,24.166,24.151,24.158,24.158,24.12,24.128,24.135,24.128,24.128,24.113,24.105,24.09,24.09,24.09,24.082,24.075,24.067,24.067,24.021,24.021,24.029,24.021,24.006,23.991,23.983,23.976,23.968,23.953,23.953,23.953,23.93,23.96,23.915,23.945,23.922,23.846,23.854,23.869,23.892,23.915,23.861,23.854,23.892,23.884,23.899,23.877,23.892,23.884,23.877,23.877,23.846,23.823,23.823,23.831,23.854,23.838,23.823,23.823,23.8,23.8,23.8,23.808,23.808,23.8,23.808,23.777,23.777,23.747,23.785,23.762,23.793,23.739,23.724,23.755,23.77,23.709,23.701,23.724,23.709,23.716,23.701,23.701,23.709,23.716,23.732,23.732,23.701,23.739,23.724,23.693,23.709,23.693,23.693,23.732,23.716,23.655,23.678,23.693
,23.456,23.487,23.472,23.495,23.541,23.487,23.495,23.479,23.456,23.472,23.479,23.479,23.502,23.495,23.502,23.502,23.518,23.533,23.525,23.541,23.541,23.525,23.548,23.564,23.548,23.548,23.564,23.586,23.579,23.586,23.579,23.571,23.533,23.525,23.541,23.548,23.564,23.586,23.594,23.625,23.602,23.594,23.609,23.594,23.586,23.617,23.609,23.625,23.625,23.648,23.64,23.602,23.655,23.64,23.632,23.671,23.671,23.686,23.671,23.671,23.678,23.686,23.701,23.678,23.663,23.686,23.671,23.671,23.686,23.678,23.686,23.709,23.724,23.709,23.671,23.693,23.686,23.686,23.739,23.724,23.747,23.739,23.755,23.77,23.8,23.793,23.816,23.793,23.777,23.785,23.793,23.793,23.8,23.823,23.846,23.823,23.854,23.854,23.846,23.838,23.838,23.838,23.846,23.869,23.861,23.869,23.877,23.884,23.892,23.877,23.907,23.938,23.915,23.907,23.945,23.945,23.945,23.945,23.96,23.976,23.953,23.953,23.968,23.953,23.953,23.938,23.953,23.945,23.96,23.96,23.93,23.968,23.96,23.983,23.991,23.991,23.998,23.991,23.983,23.976,23.998,24.006,23.998,24.014,24.021,24.021,24.044,24.052,24.059,24.067,24.075,24.097,24.097,24.097,24.12,24.135,24.181,24.242,24.333,24.341,24.659,24.901,25.937,26.176,26.318,26.407,26.333,26.37,26.333,26.303,26.333,26.34,26.295,26.303,26.288,26.273,26.251,26.236,26.221,26.206,26.183,26.169,26.139,26.116,26.109,26.072,26.042,26.034,25.989,25.975,25.967,25.96,25.922,25.907,25.877,25.847,25.795,25.773,25.743,25.72,25.698,25.728,25.72,25.735,25.743,25.773,25.96,25.952,26.042,26.251,26.325,26.407,26.645,26.741,26.622,27.03,27.244,27.384,27.782,29.204,30.321,30.414,30.407,30.429,29.291,27.686,27.222,26.749,26.674,26.697,26.704,26.756,26.771,26.808,26.83,26.882,26.993,27.067,27.097,27.156,27.237,27.34,27.399,27.414,27.399,27.384,27.377,27.34,27.333,27.348,27.392,27.451,27.561,27.627,27.657,27.782,27.87,27.928,27.958,27.958,28.009,27.914,27.244,27.156,27.163,27.384,27.443,27.591,27.694,28.243,28.404,28.36,28.367,28.397,28.666,28.768,28.848,29.247,29.457,29.551,29.926,29.905,29.811,29.724,29.609,29.674,29.804,29.768,30.041,30.822,30.822,30.886,30.801,30.565,30.228,30.056,29.976,29.969,29.811,29.76,29.667,29.313,29.124,28.877,28.805,28.812,28.761,28.696,28.747,28.71,28.761,28.827,28.805,28.877,28.899,28.943,29.088,29.03,29.305,29.616,29.919,30.4,30.608,31.093,31.937,32.655,33.411,34.251,35.325,35.421,35.53,35.606,35.612,35.633,35.482,35.482,35.476,35.448,35.455,35.414,35.441,35.393,35.414,35.25,35.263,35.03,34.886,34.589,33.626,32.991,32.872,31.753,31.228,30.743,30.493,30.02,29.926,29.818,29.696,29.24,29.197,29.052,28.95,28.71,28.637,28.557,28.462,28.477,28.484,28.71,28.768,28.805,28.943,29.088,29.153,29.269,29.342,29.508,29.631,29.659,29.818,29.969,30.099,31.696,33.675,33.96,33.953,34.043,34.043,34.029,33.724,33.299,32.774,32.282,31.654,30.507,29.356,28.44,28.192,28.038,28.346,29.45,29.349,29.182,29.059,28.986,28.856,28.696,28.557,28.419,28.309,28.258,28.17,28.075,28.009,27.972,27.833,27.708,27.613,27.613,27.554,27.488,27.421,27.34,27.259,27.037,26.978,26.889,26.778,26.726,26.645,26.608,26.481,25.96,25.937,25.563,25.375,25.262,25.052,24.961,24.931,24.901,24.931,24.886,25.104,25.285,25.353,25.548,25.57,25.638,25.675,25.728,25.728,25.795,25.832,25.855,25.847,25.87,25.892,25.87,25.84,25.825,25.803,25.78,25.765,25.758,25.788,25.81,25.847,25.87,25.922,25.975,25.982,25.945,25.93,25.892,25.877,25.832,25.855,25.87,25.758,25.78,25.795,25.788,25.728,25.63,25.57,25.518,25.413,25.465,25.398,25.458,25.315,25.315,25.413,25.39,25.353,24.621,24.613,24.568,24.53,24.56,24.53,24.545,24.485,24.47,24.454,24.462,24.439,24.447,24.439,24.409,24.416,24.379,24.363,24.341,24.363,24.325,24.333,24.394,24.348,24.318,24.333,24.31,24.287,24.28,24.28,24.249,24.265,24.257,24.249,24.242,24.234,24.227,24.242,24.234,24.227,24.219,24.204,24.189,24.211,24.173,24.166,24.166,24.158,24.143,24.151,24.143,24.135,24.135,24.12,24.128,24.128,24.113,24.105,24.09,24.082,24.075,24.075,24.067,24.052,24.09,24.029,24.021,23.991,24.014,23.976,23.983,23.983,23.968,23.968,23.953,23.96,23.899,23.922,23.907,23.922,23.892,23.892,23.861,23.854,23.831,23.854,23.838,23.831,23.869,23.922,23.93,23.907,23.884,23.877,23.846,23.838,23.838,23.831,23.846,23.846,23.838,23.816,23.808,23.793,23.793,23.793,23.77,23.785,23.8,23.785,23.8,23.793,23.785,23.755,23.77,23.747,23.777,23.762,23.762,23.724,23.716,23.77,23.709,23.709,23.701,23.701,23.701,23.701,23.709,23.724,23.724,23.762,23.747,23.747,23.701,23.686,23.709,23.671,23.701,23.671,23.709,23.739,23.709
,23.495,23.495,23.518,23.525,23.51,23.479,23.456,23.456,23.449,23.441,23.479,23.472,23.502,23.495,23.51,23.479,23.502,23.502,23.525,23.518,23.541,23.556,23.564,23.564,23.579,23.564,23.564,23.556,23.541,23.586,23.541,23.564,23.556,23.541,23.556,23.564,23.579,23.594,23.594,23.609,23.609,23.602,23.602,23.586,23.609,23.594,23.602,23.594,23.571,23.663,23.648,23.648,23.655,23.632,23.655,23.671,23.632,23.671,23.648,23.655,23.686,23.693,23.701,23.686,23.686,23.678,23.686,23.671,23.686,23.678,23.693,23.701,23.701,23.716,23.709,23.686,23.686,23.709,23.701,23.716,23.709,23.732,23.739,23.777,23.77,23.793,23.793,23.785,23.785,23.777,23.762,23.785,23.8,23.823,23.831,23.846,23.854,23.846,23.846,23.838,23.846,23.854,23.854,23.869,23.892,23.884,23.884,23.884,23.892,23.869,23.877,23.953,23.953,23.938,23.938,23.945,23.96,23.953,23.968,23.953,23.96,23.96,23.945,23.96,23.945,23.953,23.945,23.945,23.945,23.96,23.938,23.96,23.968,23.976,23.998,24.014,23.998,23.998,23.998,23.991,23.983,24.006,24.014,24.006,24.021,24.037,24.059,24.075,24.082,24.09,24.09,24.166,24.151,24.181,24.158,24.219,24.303,24.28,24.371,24.704,25.57,25.975,26.154,26.444,26.459,26.511,26.429,26.504,26.452,26.407,26.37,26.333,26.325,26.288,26.288,26.265,26.236,26.206,26.206,26.183,26.176,26.161,26.124,26.109,26.087,26.057,26.019,25.989,25.982,25.967,25.915,25.922,25.9,25.87,25.832,25.818,25.788,25.758,25.75,25.72,25.735,25.728,25.72,25.743,25.78,25.78,25.907,26.042,26.169,26.183,26.303,26.385,26.63,26.645,26.897,27.178,27.244,27.488,28.433,29.861,30.379,30.4,30.414,30.45,29.139,27.679,26.815,26.645,26.615,26.689,26.689,26.741,26.734,26.786,26.823,26.889,26.934,27.06,27.089,27.141,27.163,27.222,27.281,27.377,27.37,27.37,27.355,27.318,27.311,27.311,27.348,27.399,27.429,27.583,27.635,27.701,27.752,27.877,27.906,27.95,27.958,27.855,27.17,27.126,27.259,27.348,27.517,27.583,27.95,28.287,28.331,28.382,28.353,28.484,28.586,28.601,28.754,29.197,29.37,29.602,29.623,29.688,29.508,29.602,29.501,29.631,29.746,29.919,30.12,30.843,30.822,30.915,30.886,30.879,30.629,30.643,30.249,29.948,29.832,29.76,29.782,29.71,29.631,29.247,29.349,29.168,29.044,28.819,28.797,28.797,28.754,28.776,28.797,28.812,28.827,28.863,28.914,28.957,29.037,29.255,29.334,29.399,29.811,30.084,30.586,30.636,30.979,31.47,31.909,33.18,33.696,34.334,34.906,35.298,35.414,35.318,35.352,35.236,35.092,34.782,34.562,34.507,34.451,34.209,33.557,33.201,32.275,32.043,31.441,31.299,31.121,30.429,30.321,30.099,30.091,30.012,29.732,29.76,29.573,29.262,29.146,29.001,28.957,28.834,28.652,28.608,28.63,28.63,28.856,28.899,29.066,29.081,29.073,29.168,29.37,29.363,29.392,29.428,29.508,29.609,29.703,29.854,30.293,32.571,33.731,34.015,34.029,34.036,34.057,33.995,33.682,33.383,32.522,31.986,30.95,30.048,29.291,28.353,28.097,27.994,28.615,29.349,29.363,29.175,28.957,28.841,28.696,28.586,28.397,28.353,28.236,28.155,28.053,28.068,27.965,27.958,27.752,27.679,27.657,27.576,27.539,27.502,27.451,27.296,27.303,27.097,27.015,26.815,26.793,26.719,26.63,26.563,26.541,26.019,25.907,25.765,25.593,25.51,25.014,24.954,24.923,24.901,24.878,24.923,24.976,25.059,25.232,25.277,25.51,25.615,25.593,25.6,25.743,25.765,25.818,25.803,25.81,25.832,25.885,25.855,25.825,25.803,25.758,25.758,25.758,25.758,25.765,25.788,25.87,25.907,25.952,25.975,25.989,25.967,25.967,25.967,25.922,25.915,25.885,25.862,25.84,25.825,25.818,25.862,25.788,25.743,25.735,25.63,25.57,25.54,25.54,25.458,25.413,25.368,25.495,25.533,25.54,25.563,25.6,24.954,24.583,24.576,24.56,24.538,24.515,24.462,24.492,24.462,24.477,24.454,24.462,24.424,24.409,24.401,24.401,24.386,24.371,24.371,24.386,24.341,24.348,24.356,24.325,24.318,24.303,24.295,24.287,24.272,24.272,24.257,24.257,24.249,24.242,24.227,24.234,24.249,24.249,24.249,24.211,24.196,24.181,24.166,24.166,24.166,24.166,24.151,24.143,24.113,24.151,24.143,24.143,24.143,24.135,24.09,24.113,24.097,24.097,24.067,24.059,24.059,24.067,24.037,24.021,24.029,23.991,23.991,24.006,23.998,23.983,23.976,23.953,23.96,23.96,23.953,23.968,23.922,23.915,23.892,23.877,23.884,23.877,23.854,23.854,23.854,23.823,23.884,23.869,23.968,23.869,23.884,23.861,23.869,23.831,23.831,23.831,23.831,23.823,23.831,23.823,23.816,23.808,23.808,23.793,23.777,23.777,23.777,23.77,23.777,23.77,23.785,23.785,23.777,23.762,23.762,23.77,23.709,23.724,23.701,23.724,23.716,23.739,23.709,23.709,23.701,23.709,23.701,23.716,23.732,23.709,23.724,23.678,23.709,23.724,23.686,23.693,23.686,23.716,23.716,23.701,23.739
,23.502,23.541,23.518,23.495,23.502,23.456,23.464,23.479,23.464,23.456,23.479,23.479,23.51,23.487,23.502,23.518,23.495,23.518,23.502,23.541,23.533,23.541,23.586,23.571,23.571,23.571,23.571,23.533,23.579,23.571,23.579,23.571,23.564,23.571,23.564,23.579,23.586,23.586,23.594,23.602,23.586,23.571,23.579,23.586,23.594,23.586,23.579,23.571,23.571,23.609,23.64,23.625,23.655,23.655,23.648,23.648,23.655,23.671,23.64,23.693,23.686,23.693,23.693,23.701,23.678,23.686,23.678,23.671,23.693,23.686,23.701,23.701,23.709,23.732,23.716,23.701,23.701,23.678,23.671,23.701,23.716,23.716,23.747,23.755,23.762,23.785,23.793,23.8,23.77,23.777,23.777,23.8,23.785,23.816,23.838,23.838,23.861,23.838,23.838,23.854,23.838,23.854,23.877,23.877,23.869,23.884,23.877,23.877,23.892,23.907,23.884,23.907,23.907,23.922,23.953,23.976,23.976,23.983,23.945,23.953,23.96,23.968,23.953,23.968,23.953,23.945,23.953,23.96,23.976,23.93,23.945,23.953,23.96,23.998,23.998,24.014,24.014,23.998,23.998,24.014,24.021,24.029,24.021,24.006,24.059,24.059,24.075,24.097,24.113,24.105,24.12,24.135,24.189,24.211,24.227,24.219,24.341,24.439,25.134,26.012,26.221,26.258,26.615,26.585,26.6,26.563,26.578,26.556,26.459,26.444,26.385,26.37,26.333,26.318,26.273,26.273,26.236,26.221,26.206,26.191,26.176,26.146,26.116,26.094,26.049,26.034,25.989,25.967,25.96,25.922,25.892,25.877,25.855,25.862,25.818,25.803,25.788,25.758,25.743,25.743,25.735,25.735,25.75,25.758,25.765,25.825,25.87,25.997,26.101,26.28,26.303,26.429,26.615,26.934,27.126,27.244,27.465,27.921,29.334,30.271,30.379,30.414,30.443,30.328,28.36,27.289,26.697,26.585,26.63,26.593,26.637,26.704,26.726,26.756,26.793,26.867,26.926,26.949,27.052,27.133,27.148,27.185,27.296,27.311,27.311,27.333,27.311,27.303,27.303,27.318,27.325,27.37,27.473,27.554,27.583,27.679,27.738,27.811,27.818,27.848,27.921,27.774,27.104,27.156,27.289,27.421,27.48,27.738,28.104,28.287,28.338,28.324,28.36,28.404,28.513,28.601,28.841,28.928,29.313,29.436,29.472,29.465,29.515,29.414,29.399,29.58,29.703,29.674,30.012,30.786,30.858,30.929,30.822,30.879,30.786,30.765,30.679,30.192,29.926,29.883,29.854,29.825,29.696,29.652,29.688,29.349,29.226,29.023,29.015,28.856,28.812,28.805,28.805,28.841,28.819,28.834,28.834,28.914,28.95,29.059,29.015,29.313,29.32,29.356,29.428,29.869,29.919,30.048,30.127,31.007,31.057,31.114,31.703,32.205,32.613,32.578,32.536,32.487,32.374,32.268,32.226,32.163,31.902,31.59,31.484,31.477,31.192,30.729,30.929,30.271,30.228,30.178,30.127,29.94,29.789,29.84,29.71,29.53,29.356,29.197,29.233,29.037,28.87,28.848,28.783,28.797,28.812,28.936,29.24,29.015,29.392,29.363,29.399,29.356,29.349,29.37,29.399,29.443,29.385,29.479,29.515,29.696,30.829,33.383,33.897,34.002,34.029,34.022,34.057,33.717,33.271,32.809,32.451,31.668,30.758,29.472,29.102,28.28,27.95,27.98,29.059,29.378,29.298,29.168,28.87,28.739,28.703,28.535,28.411,28.389,28.177,28.082,28.082,27.98,27.936,27.811,27.774,27.671,27.62,27.561,27.495,27.48,27.355,27.274,27.274,27.126,27,26.86,26.763,26.749,26.608,26.563,26.533,26.318,26.034,25.645,25.608,25.315,25.089,25.021,24.938,24.908,24.886,24.901,24.901,25.014,25.149,25.33,25.435,25.495,25.585,25.593,25.683,25.728,25.75,25.78,25.803,25.818,25.818,25.818,25.818,25.84,25.728,25.735,25.728,25.75,25.758,25.788,25.87,25.855,25.945,25.982,26.004,25.989,25.982,25.967,25.93,25.915,25.915,25.915,25.892,25.87,25.847,25.862,25.818,25.795,25.78,25.705,25.638,25.57,25.623,25.585,25.563,25.54,25.563,25.615,25.698,25.705,25.922,25.84,25.84,25.368,24.84,24.636,24.545,24.56,24.492,24.485,24.47,24.492,24.47,24.462,24.454,24.432,24.416,24.424,24.416,24.394,24.363,24.371,24.363,24.371,24.356,24.348,24.341,24.318,24.295,24.28,24.287,24.265,24.28,24.227,24.249,24.249,24.257,24.265,24.249,24.257,24.219,24.249,24.173,24.189,24.173,24.166,24.173,24.151,24.143,24.143,24.12,24.135,24.135,24.128,24.105,24.075,24.067,24.082,24.075,24.075,24.067,24.059,24.044,24.044,24.044,24.037,24.014,24.029,24.006,23.998,24.006,23.991,23.983,23.96,23.953,23.96,23.922,23.922,23.907,23.907,23.884,23.899,23.854,23.846,23.854,23.846,23.877,23.892,23.907,23.884,23.93,23.861,23.823,23.838,23.816,23.838,23.816,23.846,23.831,23.8,23.831,23.823,23.808,23.816,23.838,23.785,23.777,23.785,23.77,23.793,23.8,23.8,23.8,23.8,23.8,23.785,23.747,23.732,23.732,23.739,23.747,23.732,23.686,23.693,23.709,23.693,23.701,23.709,23.732,23.709,23.709,23.678,23.716,23.701,23.701,23.686,23.732,23.701,23.671,23.755,23.747,23.762
,23.487,23.525,23.518,23.502,23.495,23.472,23.472,23.479,23.449,23.441,23.487,23.464,23.464,23.495,23.525,23.502,23.51,23.502,23.548,23.564,23.579,23.571,23.579,23.571,23.564,23.548,23.571,23.564,23.556,23.579,23.564,23.571,23.579,23.579,23.586,23.586,23.594,23.579,23.579,23.586,23.579,23.594,23.586,23.579,23.579,23.579,23.579,23.609,23.609,23.632,23.648,23.64,23.648,23.64,23.655,23.686,23.64,23.632,23.663,23.64,23.671,23.678,23.686,23.701,23.701,23.686,23.678,23.686,23.709,23.678,23.716,23.693,23.709,23.732,23.732,23.701,23.693,23.663,23.686,23.709,23.686,23.709,23.724,23.747,23.77,23.785,23.777,23.8,23.793,23.785,23.785,23.8,23.808,23.808,23.816,23.831,23.846,23.838,23.838,23.846,23.846,23.846,23.854,23.869,23.877,23.877,23.884,23.884,23.892,23.892,23.884,23.899,23.93,23.938,23.953,23.968,23.983,23.983,23.976,23.96,23.968,23.968,23.976,23.968,23.953,23.96,23.968,23.968,23.976,23.945,23.945,23.96,23.976,24.014,24.014,24.014,24.006,24.006,24.014,24.021,24.021,24.029,24.037,24.044,24.067,24.097,24.097,24.113,24.135,24.151,24.128,24.272,24.234,24.303,24.394,24.515,25.149,25.653,26.087,26.273,26.452,26.57,26.645,26.682,26.689,26.674,26.63,26.593,26.533,26.511,26.422,26.414,26.37,26.333,26.303,26.288,26.236,26.213,26.206,26.191,26.169,26.139,26.101,26.057,26.042,26.012,25.945,25.967,25.922,25.907,25.892,25.87,25.832,25.825,25.81,25.788,25.765,25.75,25.765,25.75,25.758,25.758,25.765,25.758,25.773,25.847,25.87,26.191,26.198,26.265,26.511,26.489,26.786,26.786,27.082,27.252,27.576,28.63,30.099,30.364,30.357,30.386,30.264,29.976,28.389,27.133,26.563,26.548,26.57,26.608,26.622,26.674,26.712,26.712,26.771,26.786,26.889,26.949,27.037,27.052,27.111,27.163,27.215,27.237,27.259,27.296,27.311,27.289,27.266,27.296,27.34,27.348,27.473,27.539,27.591,27.627,27.708,27.738,27.73,27.789,27.679,27.229,27.097,27.126,27.259,27.407,27.407,27.664,27.738,28.221,28.294,28.316,28.346,28.367,28.411,28.601,28.761,28.921,29.342,29.407,29.421,29.385,29.327,29.334,29.385,29.443,29.544,29.609,29.84,30.393,30.693,30.879,30.9,30.9,30.95,30.893,30.808,30.686,30.6,30.701,30.729,29.796,29.724,29.703,29.587,29.587,29.486,29.349,29.349,29.255,28.972,28.928,29.001,28.834,28.877,28.877,28.863,28.892,29.001,29.023,29.153,29.153,29.262,29.298,29.334,29.37,29.356,29.443,29.558,29.616,29.696,30.012,30.192,30.457,30.465,30.522,30.629,30.686,30.729,30.679,30.708,30.751,30.572,30.507,30.357,30.407,30.328,30.278,30.171,30.206,30.127,30.084,29.955,29.876,29.739,29.753,29.631,29.566,29.414,29.175,29.088,29.023,29.001,28.986,29.095,29.052,29.153,29.175,29.342,29.327,29.537,29.551,29.414,29.378,29.349,29.342,29.262,29.168,29.342,29.262,29.407,29.825,31.555,33.473,33.8,33.835,33.925,33.911,33.564,33.48,33.11,32.437,32.015,30.936,30.192,29.153,28.564,28.009,27.965,27.84,29.153,29.211,29.182,29.008,28.87,28.783,28.594,28.484,28.338,28.28,28.134,28.031,27.994,27.936,27.877,27.811,27.73,27.613,27.561,27.546,27.451,27.436,27.303,27.259,27.185,27.133,26.971,26.912,26.793,26.674,26.593,26.533,26.496,26.414,26.079,25.885,25.548,25.353,25.157,25.044,24.969,24.878,24.825,24.84,24.893,24.984,25.082,25.255,25.33,25.488,25.518,25.548,25.638,25.675,25.705,25.743,25.773,25.78,25.81,25.825,25.81,25.75,25.735,25.72,25.705,25.735,25.758,25.795,25.855,25.922,25.967,25.975,26.004,25.997,25.997,25.982,25.975,25.93,25.922,25.9,25.885,25.9,25.87,25.87,25.862,25.847,25.825,25.743,25.675,25.66,25.645,25.63,25.653,25.653,25.638,25.675,25.75,25.758,25.907,25.922,25.855,25.818,25.735,25.202,24.712,24.644,24.553,24.53,24.53,24.485,24.583,24.515,24.47,24.454,24.439,24.409,24.409,24.401,24.371,24.379,24.379,24.386,24.379,24.363,24.333,24.341,24.333,24.303,24.257,24.287,24.257,24.242,24.249,24.249,24.249,24.265,24.257,24.249,24.219,24.196,24.204,24.196,24.173,24.181,24.158,24.151,24.128,24.158,24.12,24.128,24.128,24.12,24.097,24.105,24.105,24.059,24.059,24.082,24.082,24.075,24.052,24.059,24.044,24.021,24.021,23.968,24.006,23.991,23.998,23.991,23.976,23.968,23.938,23.938,23.892,23.938,23.945,23.899,23.892,23.884,23.854,23.854,23.854,23.877,23.869,23.854,23.877,23.884,23.877,23.93,23.846,23.838,23.854,23.846,23.846,23.838,23.854,23.808,23.816,23.8,23.8,23.846,23.777,23.785,23.777,23.77,23.816,23.8,23.8,23.808,23.8,23.777,23.755,23.724,23.739,23.732,23.732,23.77,23.678,23.709,23.693,23.716,23.709,23.709,23.693,23.686,23.709,23.709,23.648,23.663,23.671,23.724,23.655,23.777,23.709,23.739,23.686,23.724,23.724,23.747
,23.449,23.479,23.487,23.548,23.472,23.495,23.479,23.479,23.472,23.472,23.456,23.495,23.502,23.51,23.487,23.51,23.518,23.518,23.541,23.541,23.556,23.571,23.571,23.579,23.579,23.564,23.548,23.533,23.548,23.571,23.548,23.564,23.548,23.571,23.579,23.586,23.594,23.556,23.579,23.571,23.541,23.579,23.579,23.586,23.579,23.579,23.564,23.617,23.625,23.617,23.64,23.655,23.663,23.663,23.663,23.655,23.663,23.663,23.632,23.655,23.663,23.671,23.671,23.693,23.686,23.678,23.686,23.686,23.686,23.686,23.686,23.709,23.709,23.716,23.716,23.709,23.709,23.693,23.693,23.663,23.701,23.701,23.724,23.739,23.762,23.777,23.793,23.793,23.793,23.785,23.793,23.785,23.816,23.816,23.823,23.823,23.846,23.846,23.846,23.846,23.846,23.861,23.869,23.877,23.884,23.884,23.884,23.884,23.892,23.907,23.892,23.884,23.915,23.93,23.968,23.976,23.991,23.998,23.998,23.96,23.968,23.991,23.96,23.991,23.976,23.976,23.983,23.991,23.983,23.976,23.968,23.983,23.983,24.006,24.021,24.021,24.014,24.014,24.014,24.029,24.037,24.044,24.059,24.067,24.075,24.105,24.143,24.143,24.158,24.189,24.219,24.348,24.363,24.401,25.165,25.997,26.087,26.347,26.414,26.704,26.749,26.756,26.712,26.726,26.726,26.763,26.689,26.645,26.585,26.541,26.489,26.466,26.399,26.385,26.377,26.303,26.251,26.236,26.213,26.198,26.176,26.116,26.109,26.034,25.989,25.989,25.952,25.915,25.87,25.9,25.87,25.832,25.818,25.795,25.78,25.75,25.765,25.765,25.758,25.765,25.758,25.758,25.765,25.773,25.803,25.847,25.975,26.146,26.176,26.399,26.578,26.667,26.867,26.978,27.156,27.554,28.185,29.551,30.206,30.321,30.393,30.414,30.429,30.113,27.906,26.912,26.504,26.518,26.533,26.548,26.556,26.608,26.689,26.719,26.726,26.8,26.852,26.949,27.015,27.03,27.067,27.126,27.17,27.215,27.2,27.237,27.229,27.259,27.237,27.266,27.325,27.355,27.407,27.51,27.539,27.591,27.649,27.62,27.789,27.767,27.384,27.133,27.067,27.126,27.215,27.392,27.458,27.796,28.046,28.229,28.338,28.382,28.316,28.397,28.477,28.645,28.674,28.986,29.132,29.233,29.342,29.269,29.269,29.291,29.37,29.414,29.558,29.811,30.02,30.457,30.736,30.808,30.943,30.936,30.922,30.908,30.9,30.751,30.779,30.893,30.836,30.422,29.905,29.811,29.796,29.674,29.544,29.501,29.428,29.486,29.421,29.255,29.095,29.088,29.102,28.986,28.979,29.052,29.008,29.088,29.124,29.182,29.24,29.298,29.327,29.284,29.262,29.276,29.255,29.284,29.363,29.356,29.443,29.645,29.645,29.717,29.732,29.847,29.869,29.948,30.012,29.991,30.113,30.206,30.206,30.228,30.199,30.199,30.214,30.149,30.12,30.063,29.962,29.876,29.905,29.789,29.667,29.537,29.407,29.276,29.211,29.175,29.218,29.139,29.211,29.276,29.342,29.631,29.667,29.688,29.681,29.573,29.493,29.342,29.356,29.044,29.037,28.921,29.153,29.175,29.305,30.077,32.395,33.501,33.752,33.891,33.87,33.682,33.48,33.222,32.578,32.212,31.519,30.929,29.804,28.972,28.17,27.943,27.716,27.899,29.139,29.11,29.001,29.044,28.776,28.739,28.63,28.492,28.367,28.251,28.243,28.031,27.95,27.936,27.877,27.774,27.708,27.671,27.539,27.517,27.443,27.399,27.348,27.193,27.185,27.052,26.963,26.897,26.741,26.712,26.6,26.541,26.533,26.429,26.198,25.952,25.585,25.473,25.27,25.052,25.006,24.923,24.855,24.825,24.825,24.81,24.886,25.134,25.18,25.323,25.465,25.465,25.593,25.638,25.66,25.72,25.75,25.78,25.78,25.788,25.765,25.735,25.72,25.72,25.728,25.713,25.735,25.81,25.855,25.907,25.96,25.982,25.982,26.012,26.019,26.012,25.975,25.945,25.93,25.93,25.915,25.93,25.9,25.892,25.885,25.855,25.93,25.847,25.803,25.75,25.803,25.72,25.69,25.675,25.653,25.705,25.743,25.87,25.832,25.877,25.885,25.84,25.758,25.698,25.683,25.202,24.772,24.765,24.56,24.568,24.523,24.5,24.492,24.5,24.477,24.454,24.439,24.401,24.394,24.401,24.371,24.379,24.371,24.371,24.348,24.356,24.31,24.31,24.287,24.28,24.295,24.234,24.242,24.249,24.265,24.249,24.249,24.242,24.234,24.234,24.219,24.196,24.173,24.173,24.151,24.151,24.143,24.128,24.143,24.173,24.143,24.135,24.113,24.082,24.067,24.067,24.044,24.075,24.044,24.052,24.052,24.059,24.037,24.029,24.014,24.006,23.998,24.014,23.998,23.991,23.983,23.938,23.93,23.945,23.938,23.938,23.915,23.907,23.884,23.869,23.869,23.877,23.869,23.884,23.892,23.884,23.884,23.869,23.869,23.892,23.861,23.861,23.877,23.831,23.846,23.854,23.808,23.831,23.808,23.808,23.861,23.846,23.785,23.793,23.793,23.777,23.777,23.823,23.808,23.8,23.808,23.77,23.739,23.762,23.724,23.747,23.747,23.739,23.716,23.716,23.724,23.716,23.732,23.777,23.739,23.678,23.686,23.739,23.648,23.632,23.655,23.671,23.724,23.732,23.709,23.732,23.701,23.747,23.693,23.739
,23.441,23.441,23.472,23.472,23.487,23.464,23.464,23.472,23.487,23.464,23.456,23.502,23.487,23.518,23.51,23.51,23.518,23.541,23.533,23.556,23.564,23.564,23.564,23.564,23.541,23.525,23.525,23.525,23.518,23.548,23.548,23.548,23.564,23.579,23.586,23.586,23.571,23.564,23.556,23.579,23.556,23.571,23.556,23.564,23.556,23.564,23.586,23.609,23.632,23.632,23.655,23.648,23.663,23.671,23.663,23.671,23.655,23.64,23.632,23.655,23.655,23.655,23.693,23.693,23.686,23.678,23.709,23.663,23.701,23.686,23.701,23.716,23.716,23.732,23.716,23.701,23.716,23.678,23.671,23.716,23.686,23.716,23.724,23.747,23.762,23.785,23.8,23.793,23.808,23.793,23.808,23.793,23.823,23.808,23.823,23.823,23.831,23.838,23.831,23.838,23.838,23.846,23.854,23.861,23.877,23.877,23.877,23.899,23.869,23.861,23.892,23.892,23.907,23.93,23.96,23.983,23.983,23.998,23.991,23.983,23.968,23.976,23.968,23.983,23.976,23.998,23.983,23.991,23.998,23.991,23.983,23.991,23.998,24.014,24.021,24.021,24.014,24.021,24.021,24.044,24.052,24.09,24.082,24.113,24.075,24.135,24.158,24.249,24.242,24.318,24.363,24.576,25.338,26.139,26.318,26.265,26.452,26.585,26.734,26.8,26.83,26.823,26.86,26.882,26.875,26.83,26.815,26.682,26.667,26.608,26.548,26.518,26.437,26.444,26.37,26.347,26.273,26.273,26.228,26.206,26.169,26.154,26.094,26.027,25.975,25.952,25.877,25.847,25.862,25.855,25.825,25.803,25.81,25.773,25.75,25.735,25.743,25.743,25.735,25.765,25.758,25.765,25.773,25.795,25.818,25.907,26.139,26.183,26.243,26.399,26.63,26.689,26.897,27.126,27.259,27.701,28.848,30.077,30.307,30.357,30.357,30.4,30.249,29.276,27.185,26.526,26.504,26.504,26.526,26.526,26.541,26.585,26.6,26.652,26.749,26.719,26.83,26.912,26.963,27.008,27.037,27.089,27.089,27.119,27.156,27.207,27.2,27.2,27.222,27.266,27.259,27.362,27.414,27.473,27.532,27.546,27.576,27.561,27.561,27.429,27.215,27.097,27.06,27.17,27.281,27.421,27.62,27.804,28.031,28.185,28.404,28.309,28.302,28.324,28.426,28.55,28.63,28.776,29.023,29.095,29.153,29.153,29.168,29.247,29.284,29.334,29.58,29.623,29.883,30.264,30.593,30.793,30.9,30.929,30.936,30.886,30.843,30.822,30.808,30.822,30.893,30.586,29.926,29.854,29.854,29.905,29.84,29.811,29.753,29.696,29.638,29.631,29.522,29.342,29.522,29.363,29.443,29.168,29.247,29.161,29.204,29.218,29.269,29.284,29.247,29.298,29.262,29.269,29.24,29.255,29.313,29.313,29.327,29.356,29.414,29.392,29.587,29.558,29.688,29.732,29.84,29.905,29.998,30.077,30.106,30.178,30.192,30.221,30.228,30.192,30.142,30.077,30.012,29.926,29.818,29.768,29.638,29.522,29.457,29.392,29.32,29.276,29.349,29.313,29.443,29.688,29.861,29.71,29.688,29.703,29.667,29.479,29.508,29.399,29.161,28.972,28.841,28.921,28.885,29.132,29.276,30.965,32.809,33.424,33.48,33.619,33.585,33.271,33.397,32.844,32.099,31.866,30.908,30.321,29.414,28.812,28.104,27.98,27.84,27.994,29.11,29.088,29.008,28.921,28.652,28.645,28.543,28.404,28.462,28.338,28.163,28.009,27.95,27.899,27.818,27.767,27.679,27.613,27.488,27.473,27.399,27.355,27.303,27.178,27.126,27.045,26.986,26.941,26.786,26.63,26.615,26.518,26.496,26.466,26.474,25.728,25.653,25.525,25.285,25.067,24.984,24.984,24.871,24.803,24.81,24.84,24.825,25.021,25.097,25.277,25.39,25.465,25.518,25.593,25.638,25.728,25.72,25.758,25.788,25.728,25.75,25.728,25.705,25.69,25.698,25.698,25.735,25.75,25.818,25.855,25.907,25.967,26.012,26.012,26.004,25.989,25.982,25.952,25.937,25.967,25.93,25.93,25.937,25.945,25.945,25.96,25.937,25.892,25.87,25.803,25.758,25.788,25.743,25.705,25.705,25.72,25.728,25.758,25.855,25.862,25.847,25.758,25.758,25.743,25.72,25.578,25.533,25.097,25.006,24.803,24.727,24.651,24.545,24.5,24.507,24.47,24.454,24.454,24.416,24.432,24.409,24.386,24.379,24.363,24.363,24.333,24.333,24.318,24.31,24.249,24.272,24.295,24.257,24.234,24.242,24.242,24.242,24.227,24.227,24.227,24.219,24.211,24.166,24.166,24.166,24.143,24.151,24.135,24.158,24.12,24.135,24.105,24.09,24.09,24.082,24.075,24.075,24.059,24.075,24.052,24.067,24.059,24.029,24.014,24.021,24.006,24.014,24.029,23.991,23.983,23.998,23.922,23.96,23.938,23.945,23.907,23.922,23.899,23.892,23.877,23.877,23.869,23.884,23.892,23.892,23.877,23.861,23.877,23.869,23.884,23.892,23.892,23.877,23.877,23.838,23.846,23.831,23.831,23.831,23.846,23.816,23.831,23.861,23.808,23.793,23.793,23.785,23.808,23.823,23.831,23.823,23.762,23.793,23.77,23.77,23.77,23.732,23.709,23.732,23.709,23.762,23.724,23.732,23.716,23.709,23.724,23.693,23.693,23.671,23.648,23.709,23.701,23.686,23.686,23.693,23.686,23.693,23.716,23.716,23.709
,23.433,23.456,23.464,23.479,23.487,23.472,23.456,23.472,23.456,23.456,23.487,23.456,23.449,23.51,23.502,23.51,23.518,23.51,23.533,23.556,23.556,23.564,23.525,23.541,23.533,23.533,23.541,23.541,23.525,23.556,23.548,23.556,23.564,23.564,23.564,23.571,23.579,23.541,23.533,23.564,23.571,23.571,23.586,23.586,23.586,23.571,23.586,23.579,23.64,23.64,23.655,23.64,23.663,23.671,23.686,23.678,23.701,23.632,23.64,23.693,23.655,23.686,23.724,23.686,23.678,23.678,23.678,23.663,23.686,23.686,23.693,23.709,23.701,23.709,23.732,23.701,23.701,23.686,23.671,23.686,23.686,23.693,23.709,23.755,23.762,23.777,23.785,23.8,23.785,23.793,23.793,23.8,23.808,23.808,23.831,23.823,23.823,23.838,23.831,23.846,23.838,23.846,23.854,23.861,23.854,23.869,23.869,23.884,23.899,23.884,23.899,23.922,23.93,23.922,23.945,23.968,23.991,23.998,23.991,23.983,23.983,23.976,23.976,23.983,23.991,24.006,24.006,24.006,23.998,23.968,23.998,24.014,24.029,24.021,24.044,24.014,24.014,24.014,24.044,24.059,24.082,24.082,24.12,24.097,24.113,24.181,24.348,24.356,24.371,24.803,25.63,26.355,26.37,26.392,26.444,26.518,26.749,26.793,26.867,26.912,26.815,26.941,26.993,26.941,26.941,26.875,26.889,26.8,26.726,26.652,26.593,26.526,26.541,26.481,26.422,26.37,26.355,26.273,26.236,26.213,26.161,26.064,26.057,25.967,25.96,25.907,25.877,25.847,25.832,25.825,25.803,25.803,25.743,25.75,25.705,25.728,25.705,25.72,25.743,25.735,25.758,25.758,25.788,25.788,25.81,26.064,26.213,26.251,26.347,26.452,26.57,26.815,27.03,27.237,27.605,28.397,29.551,30.214,30.271,30.371,30.328,30.357,30.357,29.11,27.126,26.466,26.459,26.474,26.481,26.496,26.511,26.556,26.6,26.645,26.726,26.741,26.771,26.889,26.904,26.986,27.037,27.06,27.089,27.104,27.148,27.133,27.148,27.193,27.193,27.207,27.229,27.296,27.399,27.443,27.495,27.51,27.524,27.502,27.51,27.392,27.2,27.097,27.045,27.03,27.222,27.362,27.414,27.635,27.914,28.177,28.506,28.353,28.28,28.287,28.455,28.535,28.739,28.892,28.936,29.03,29.102,29.102,29.117,29.189,29.11,29.233,29.24,29.218,29.739,30.12,30.436,30.651,30.858,30.858,30.879,30.851,30.808,30.793,30.793,30.772,30.808,30.708,29.804,29.782,29.854,29.962,29.919,30.293,30.285,29.926,29.948,29.768,29.717,29.724,29.645,29.667,29.732,29.602,29.623,29.616,29.587,29.486,29.544,29.566,29.407,29.45,29.32,29.269,29.291,29.276,29.284,29.298,29.313,29.334,29.356,29.45,29.465,29.537,29.566,29.696,29.782,29.876,29.948,30.07,30.127,30.135,30.199,30.221,30.249,30.257,30.163,30.12,30.034,29.969,29.912,29.796,29.652,29.631,29.522,29.544,29.595,29.667,29.753,30.127,30.063,30.091,29.883,30.056,29.71,29.76,29.659,29.465,29.313,29.088,28.856,28.754,28.819,28.623,28.623,29.11,29.883,31.795,32.823,33.068,33.278,33.264,33.068,32.928,32.809,32.494,32.022,31.235,30.715,29.912,29.11,28.645,28.112,27.752,27.591,27.95,29.037,29.008,28.957,28.696,28.586,28.572,28.316,28.309,28.324,28.236,28.097,27.928,27.943,27.789,27.738,27.679,27.657,27.613,27.502,27.377,27.348,27.303,27.259,27.207,27.082,27.023,26.978,26.912,26.83,26.622,26.6,26.511,26.504,26.504,26.288,26.004,25.967,25.57,25.292,25.112,24.999,24.954,24.863,24.818,24.803,24.803,24.84,24.946,25.014,25.157,25.308,25.428,25.473,25.533,25.608,25.653,25.698,25.743,25.743,25.758,25.72,25.713,25.705,25.698,25.698,25.705,25.728,25.713,25.765,25.855,25.907,25.975,25.989,25.997,26.004,26.004,25.982,25.967,25.96,25.945,25.982,25.982,25.952,25.982,25.967,26.004,25.989,25.922,25.967,25.9,25.915,25.915,25.862,25.795,25.735,25.75,25.735,25.788,25.795,25.795,25.818,25.825,25.78,25.72,25.698,25.69,25.66,25.638,25.428,25.435,25.3,24.946,24.697,24.523,24.53,24.477,24.477,24.432,24.447,24.439,24.424,24.409,24.401,24.371,24.363,24.341,24.333,24.31,24.31,24.287,24.295,24.257,24.234,24.242,24.242,24.242,24.234,24.234,24.234,24.219,24.204,24.204,24.181,24.173,24.166,24.151,24.158,24.173,24.143,24.166,24.135,24.135,24.105,24.059,24.075,24.105,24.097,24.052,24.044,24.082,24.067,24.067,24.059,24.037,24.021,24.029,24.006,24.014,24.037,23.991,23.991,23.976,23.938,23.922,23.922,23.945,23.922,23.915,23.899,23.884,23.884,23.892,23.899,23.892,23.899,23.899,23.892,23.907,23.877,23.953,23.892,23.869,23.884,23.877,23.869,23.877,23.816,23.831,23.846,23.861,23.823,23.808,23.793,23.785,23.8,23.762,23.777,23.793,23.823,23.785,23.8,23.777,23.732,23.777,23.709,23.732,23.732,23.755,23.732,23.739,23.732,23.739,23.739,23.709,23.732,23.724,23.686,23.747,23.64,23.617,23.663,23.655,23.724,23.724,23.693,23.701,23.701,23.693,23.732,23.678
,23.449,23.464,23.464,23.472,23.479,23.472,23.487,23.487,23.456,23.449,23.479,23.472,23.502,23.51,23.525,23.525,23.51,23.518,23.502,23.548,23.556,23.541,23.548,23.541,23.533,23.533,23.564,23.548,23.564,23.556,23.548,23.556,23.548,23.556,23.548,23.541,23.586,23.579,23.571,23.579,23.564,23.586,23.571,23.594,23.602,23.594,23.625,23.625,23.617,23.625,23.64,23.655,23.663,23.671,23.678,23.671,23.655,23.648,23.648,23.671,23.655,23.678,23.693,23.678,23.671,23.671,23.671,23.693,23.693,23.701,23.701,23.701,23.686,23.716,23.693,23.709,23.693,23.724,23.678,23.663,23.701,23.709,23.747,23.747,23.762,23.777,23.793,23.823,23.8,23.785,23.793,23.8,23.808,23.808,23.823,23.816,23.838,23.838,23.831,23.861,23.846,23.869,23.861,23.838,23.838,23.854,23.869,23.869,23.899,23.922,23.922,23.938,23.938,23.938,23.983,23.998,23.991,23.998,23.991,23.991,23.976,23.976,23.983,23.976,23.998,24.006,23.998,23.998,23.991,24.006,23.998,24.006,24.006,24.021,24.067,24.014,24.029,24.052,24.044,24.09,24.113,24.105,24.135,24.242,24.242,24.47,24.439,25.104,26.243,26.712,26.645,26.496,26.682,26.66,26.823,26.83,26.875,26.875,26.926,26.986,27.008,27.067,27.06,27.045,27,26.919,26.934,26.86,26.8,26.697,26.645,26.608,26.556,26.511,26.437,26.407,26.333,26.295,26.251,26.198,26.109,26.116,26.079,25.937,25.937,25.87,25.832,25.818,25.825,25.81,25.773,25.765,25.72,25.705,25.705,25.69,25.72,25.728,25.72,25.728,25.75,25.765,25.788,25.855,25.989,26.064,26.198,26.385,26.414,26.481,26.749,26.934,27.06,27.207,27.928,29.378,29.933,30.171,30.257,30.35,30.343,30.371,30.206,28.506,26.548,26.429,26.452,26.444,26.452,26.459,26.504,26.556,26.578,26.578,26.749,26.749,26.786,26.875,26.963,26.956,26.993,26.993,27.008,27.052,27.111,27.133,27.119,27.163,27.178,27.2,27.244,27.311,27.384,27.429,27.451,27.451,27.473,27.436,27.37,27.274,27.089,27.008,27,27.126,27.2,27.436,27.576,27.95,27.914,28.28,28.419,28.382,28.28,28.331,28.455,28.462,28.63,28.732,28.819,28.863,28.972,28.994,29.03,29.081,29.073,29.153,29.269,29.32,29.573,30.185,30.307,30.536,30.751,30.779,30.815,30.793,30.815,30.786,30.758,30.779,30.715,30.779,30.343,29.897,29.818,29.869,30.027,30.414,30.386,30.507,30.5,30.457,30.457,30.515,30.099,30.106,30.091,30.084,30.07,29.991,30.07,30.005,30.091,29.998,29.616,29.616,29.457,29.443,29.356,29.342,29.298,29.276,29.276,29.276,29.327,29.363,29.414,29.53,29.551,29.717,29.825,29.84,29.933,29.991,30.171,30.156,30.228,30.249,30.307,30.271,30.235,30.171,30.091,30.034,29.991,29.883,29.696,29.71,29.674,29.732,30.113,30.02,30.278,30.206,30.07,30.091,30.048,30.099,29.976,29.789,29.486,29.421,29.102,28.892,28.63,28.717,28.572,28.579,28.754,28.986,30.95,32.36,32.872,32.971,32.921,32.851,32.851,32.711,32.718,32.127,31.391,30.943,30.379,29.573,29.11,28.28,27.818,27.613,27.524,28.367,29.052,29.023,28.892,28.608,28.543,28.506,28.426,28.221,28.221,28.112,28.009,27.987,27.862,27.738,27.701,27.627,27.62,27.539,27.517,27.414,27.311,27.266,27.215,27.163,27.126,27.008,26.956,26.904,26.815,26.645,26.6,26.533,26.518,26.452,26.355,26.169,25.847,25.45,25.27,25.308,25.021,25.036,24.871,24.833,24.772,24.787,24.818,24.908,25.029,25.097,25.195,25.112,25.45,25.51,25.465,25.608,25.675,25.698,25.728,25.735,25.72,25.69,25.683,25.69,25.69,25.675,25.675,25.713,25.743,25.81,25.847,25.907,25.982,26.004,26.012,25.989,25.982,25.96,25.967,25.982,25.997,25.96,26.012,25.997,26.027,26.034,25.997,26.042,26.079,25.997,26.012,25.907,25.9,25.907,25.78,25.788,25.788,25.818,25.818,25.803,25.78,25.788,25.765,25.735,25.765,25.735,25.788,25.892,25.818,25.877,25.907,25.855,25.675,25.285,25.074,24.629,24.538,24.5,24.523,24.462,24.439,24.424,24.416,24.394,24.386,24.363,24.348,24.31,24.325,24.303,24.265,24.28,24.265,24.257,24.242,24.242,24.249,24.242,24.234,24.227,24.219,24.227,24.204,24.204,24.173,24.181,24.181,24.189,24.189,24.151,24.151,24.12,24.12,24.105,24.09,24.105,24.128,24.105,24.059,24.067,24.067,24.067,24.067,24.059,24.052,24.029,24.059,24.029,24.029,24.052,23.991,23.998,23.983,23.968,23.945,23.953,23.915,23.922,23.899,23.899,23.892,23.907,23.915,23.899,23.884,23.907,23.907,23.892,23.968,23.983,23.907,23.869,23.877,23.869,23.877,23.869,23.846,23.831,23.854,23.838,23.823,23.823,23.8,23.785,23.785,23.785,23.762,23.8,23.793,23.808,23.823,23.785,23.777,23.724,23.8,23.77,23.724,23.732,23.732,23.732,23.739,23.739,23.732,23.716,23.724,23.701,23.739,23.693,23.701,23.701,23.709,23.678,23.709,23.701,23.701,23.693,23.709,23.716,23.724,23.625
,23.472,23.495,23.487,23.479,23.464,23.495,23.472,23.441,23.464,23.464,23.464,23.495,23.518,23.51,23.51,23.51,23.495,23.51,23.518,23.518,23.548,23.541,23.533,23.548,23.548,23.525,23.571,23.564,23.579,23.564,23.564,23.564,23.548,23.571,23.571,23.564,23.556,23.579,23.571,23.602,23.586,23.594,23.594,23.602,23.579,23.594,23.617,23.617,23.632,23.64,23.632,23.64,23.655,23.663,23.671,23.671,23.678,23.64,23.655,23.632,23.663,23.663,23.686,23.686,23.693,23.686,23.693,23.701,23.701,23.693,23.709,23.701,23.709,23.701,23.701,23.716,23.709,23.709,23.678,23.678,23.701,23.701,23.716,23.755,23.755,23.777,23.808,23.793,23.793,23.793,23.793,23.8,23.816,23.808,23.816,23.816,23.838,23.838,23.854,23.869,23.846,23.854,23.861,23.838,23.854,23.854,23.854,23.854,23.861,23.892,23.938,23.938,23.945,23.96,23.976,23.983,23.991,23.998,23.983,23.983,23.983,23.96,23.991,24.014,23.983,24.006,24.006,24.021,24.006,23.991,23.998,24.006,24.037,24.029,24.037,24.075,24.075,24.052,24.075,24.12,24.113,24.196,24.166,24.173,24.84,25.36,26.637,26.875,26.852,26.815,26.889,26.763,26.875,26.963,26.919,26.949,26.971,27.074,27.03,27.045,27.097,27.141,27.156,27.089,27.03,27.015,26.978,26.845,26.808,26.741,26.645,26.6,26.511,26.489,26.444,26.37,26.288,26.251,26.236,26.169,26.139,26.049,25.952,25.989,25.855,25.847,25.81,25.818,25.795,25.773,25.765,25.735,25.713,25.69,25.713,25.698,25.713,25.728,25.72,25.72,25.743,25.743,25.795,25.87,25.907,26.101,26.243,26.429,26.496,26.504,26.771,26.86,27.119,27.421,28.877,29.775,30.127,30.3,30.271,30.321,30.314,30.063,29.955,27.76,26.481,26.407,26.429,26.422,26.429,26.489,26.504,26.548,26.563,26.615,26.615,26.726,26.8,26.845,26.934,26.941,26.978,26.978,27.008,27.037,27.067,27.104,27.133,27.156,27.163,27.185,27.229,27.311,27.34,27.392,27.429,27.414,27.421,27.421,27.37,27.141,26.941,26.926,26.986,27.097,27.193,27.355,27.465,27.796,28.324,28.397,28.543,28.645,28.287,28.294,28.316,28.44,28.623,28.586,28.841,28.87,28.936,28.907,28.972,28.986,29.008,29.117,29.182,29.189,29.414,30.163,30.249,30.536,30.686,30.636,30.736,30.708,30.729,30.743,30.736,30.679,30.743,30.686,30.615,29.674,29.638,29.659,29.811,30.221,30.429,30.579,30.615,30.708,30.693,30.679,30.893,31.107,30.958,30.572,30.221,30.077,30.12,30.135,30.221,30.171,30.12,30.242,29.905,29.818,29.768,29.566,29.587,29.421,29.349,29.342,29.428,29.486,29.472,29.551,29.558,29.645,29.717,29.883,29.998,30.084,30.127,30.171,30.249,30.278,30.321,30.307,30.307,30.206,30.178,30.127,30.041,30.113,30.235,30.214,30.214,30.228,30.171,30.185,30.307,30.278,30.264,30.149,30.185,30.063,29.789,29.703,29.342,29.073,28.95,28.601,28.528,28.572,28.521,28.586,28.892,29.883,31.54,32.29,32.416,32.739,32.697,32.816,32.725,32.332,32.036,31.739,31.114,30.736,29.847,29.515,28.885,28.28,27.642,27.48,27.465,28.492,29.044,29.023,28.645,28.557,28.324,28.382,28.331,28.207,28.148,28.082,28.024,27.958,27.796,27.701,27.649,27.649,27.539,27.488,27.451,27.318,27.333,27.259,27.222,27.156,27.052,27.023,26.956,26.889,26.852,26.608,26.57,26.526,26.489,26.504,26.414,26.37,26.079,25.653,25.368,25.27,25.127,24.938,24.938,24.833,24.803,24.787,24.803,24.848,24.984,24.961,25.097,25.157,25.323,25.465,25.45,25.555,25.653,25.675,25.698,25.705,25.69,25.698,25.675,25.69,25.668,25.638,25.668,25.69,25.698,25.758,25.78,25.975,25.96,25.997,25.982,25.982,25.967,25.967,25.96,26.012,25.975,25.982,25.997,26.049,26.057,26.057,26.072,26.049,26.072,26.079,26.042,26.049,25.885,25.832,25.825,25.795,25.803,25.818,25.81,25.803,25.803,25.765,25.765,25.758,25.728,25.758,25.75,25.855,25.892,25.96,26.027,25.922,25.735,25.57,25.465,25.067,24.893,24.682,24.545,24.507,24.454,24.462,24.424,24.439,24.416,24.401,24.348,24.325,24.325,24.318,24.303,24.28,24.28,24.272,24.272,24.257,24.249,24.242,24.242,24.234,24.219,24.227,24.181,24.173,24.227,24.189,24.151,24.158,24.151,24.173,24.158,24.135,24.128,24.128,24.135,24.113,24.113,24.097,24.067,24.113,24.09,24.059,24.067,24.09,24.059,24.067,24.052,24.075,24.059,24.075,24.021,24.006,23.976,23.945,23.938,23.945,23.922,23.915,23.938,23.93,23.922,23.938,23.907,23.899,23.915,23.915,23.915,23.922,23.899,23.899,23.899,23.877,23.869,23.861,23.854,23.861,23.861,23.838,23.831,23.831,23.831,23.823,23.823,23.846,23.808,23.8,23.755,23.777,23.785,23.8,23.785,23.77,23.747,23.755,23.732,23.724,23.747,23.732,23.732,23.739,23.732,23.762,23.716,23.693,23.686,23.678,23.663,23.693,23.701,23.671,23.678,23.663,23.693,23.747,23.716,23.709,23.709,23.709,23.724,23.686
,23.487,23.495,23.51,23.487,23.502,23.464,23.479,23.495,23.479,23.472,23.479,23.472,23.51,23.518,23.495,23.525,23.502,23.518,23.51,23.548,23.525,23.541,23.548,23.533,23.533,23.541,23.556,23.571,23.586,23.586,23.571,23.579,23.579,23.579,23.586,23.579,23.571,23.571,23.571,23.594,23.602,23.586,23.602,23.648,23.594,23.64,23.663,23.632,23.648,23.64,23.632,23.632,23.655,23.64,23.648,23.648,23.602,23.617,23.648,23.655,23.648,23.671,23.671,23.678,23.686,23.701,23.709,23.701,23.701,23.701,23.693,23.693,23.724,23.716,23.701,23.709,23.716,23.709,23.701,23.716,23.701,23.701,23.716,23.747,23.762,23.762,23.816,23.823,23.8,23.8,23.808,23.8,23.808,23.816,23.838,23.831,23.838,23.861,23.861,23.869,23.869,23.869,23.854,23.854,23.854,23.861,23.854,23.861,23.884,23.907,23.922,23.945,23.968,23.96,23.976,23.976,23.976,23.998,23.991,23.991,23.991,23.983,23.998,24.021,24.037,24.021,24.006,24.006,23.998,24.021,24.037,24.021,24.029,24.029,24.052,24.105,24.105,24.189,24.219,24.257,24.325,24.325,24.636,25.563,26.452,26.956,26.934,26.904,26.956,26.926,26.875,26.941,26.986,27.023,26.993,27.148,27.089,27.148,27.156,27.17,27.2,27.163,27.133,27.148,27.089,27.067,26.986,26.904,26.86,26.8,26.667,26.637,26.563,26.504,26.429,26.399,26.333,26.213,26.191,26.183,26.116,26.027,25.952,25.877,25.84,25.81,25.788,25.765,25.795,25.78,25.773,25.773,25.698,25.713,25.713,25.705,25.713,25.713,25.72,25.713,25.773,25.765,25.832,26.012,26.072,26.169,26.303,26.459,26.541,26.63,26.823,26.904,27.156,28.112,29.616,29.89,30.106,30.171,30.285,30.3,30.314,30.221,29.247,26.904,26.392,26.392,26.392,26.392,26.422,26.489,26.504,26.526,26.57,26.622,26.66,26.719,26.771,26.808,26.904,26.897,26.949,26.971,27,27.015,27.06,27.104,27.104,27.126,27.141,27.2,27.244,27.274,27.303,27.377,27.392,27.392,27.384,27.37,27.311,27.229,26.926,26.926,26.978,26.956,27.193,27.37,27.598,27.723,28.28,28.419,28.608,28.564,28.324,28.302,28.353,28.382,28.492,28.55,28.659,28.79,28.841,28.827,28.776,28.87,28.986,29.052,29.146,29.146,29.189,29.616,30.149,30.422,30.493,30.672,30.715,30.715,30.693,30.679,30.715,30.658,30.636,30.722,30.493,29.623,29.587,29.638,29.544,29.912,30.257,30.543,30.586,30.672,30.736,30.958,31.057,31.228,31.356,31.349,31.391,31.342,30.851,30.307,30.285,30.314,30.077,30.156,30.12,30.02,29.998,29.847,29.876,29.905,29.854,29.818,29.501,29.479,29.501,29.58,29.71,29.876,29.948,29.955,30.099,30.142,30.178,30.249,30.3,30.343,30.35,30.307,30.314,30.307,30.214,30.163,30.221,30.178,30.4,30.622,30.658,30.285,30.264,30.307,30.264,30.293,30.278,30.163,30.185,30.127,29.804,29.58,29.247,29.117,28.645,28.477,28.353,28.44,28.44,28.572,29.008,30.879,31.866,32.17,32.43,32.571,32.557,32.268,32.149,31.993,31.944,31.328,30.772,30.048,29.609,29.117,28.316,27.899,27.51,27.451,27.436,28.579,28.877,28.739,28.761,28.513,28.273,28.265,28.17,28.112,28.09,28.06,27.958,27.789,27.752,27.701,27.591,27.583,27.421,27.465,27.348,27.303,27.296,27.229,27.207,27.082,27.03,26.963,26.919,26.897,26.734,26.645,26.526,26.541,26.474,26.511,26.444,26.578,26.265,25.832,25.398,25.262,25.217,25.014,24.871,24.848,24.795,24.772,24.803,24.833,24.916,24.938,25.112,25.112,25.187,25.3,25.45,25.57,25.6,25.645,25.683,25.69,25.705,25.69,25.675,25.66,25.645,25.653,25.653,25.683,25.683,25.705,25.84,25.84,25.93,25.982,25.982,25.982,25.975,25.975,25.967,25.975,25.989,25.989,26.004,26.049,26.072,26.064,26.131,26.124,26.124,26.109,26.087,26.072,26.027,25.915,25.892,25.855,25.847,25.87,25.832,25.832,25.81,25.773,25.78,25.78,25.75,25.847,25.87,25.9,25.907,25.945,26.019,26.049,26.087,26.094,25.967,25.788,25.69,25.63,25.134,24.727,24.629,24.523,24.545,24.47,24.47,24.439,24.401,24.363,24.348,24.341,24.318,24.31,24.31,24.295,24.287,24.28,24.28,24.257,24.249,24.265,24.242,24.234,24.227,24.219,24.234,24.242,24.181,24.196,24.158,24.166,24.173,24.158,24.135,24.135,24.128,24.135,24.135,24.09,24.09,24.105,24.059,24.082,24.09,24.067,24.067,24.052,24.09,24.075,24.09,24.067,24.029,24.037,23.968,23.976,23.945,23.93,23.93,23.938,23.915,23.945,23.938,23.938,23.899,23.945,23.938,23.907,23.899,23.93,23.922,23.922,23.899,23.892,23.869,23.869,23.884,23.861,23.869,23.831,23.831,23.831,23.823,23.823,23.831,23.816,23.808,23.816,23.831,23.777,23.793,23.793,23.785,23.77,23.77,23.755,23.732,23.724,23.709,23.732,23.709,23.724,23.709,23.747,23.701,23.693,23.678,23.686,23.686,23.701,23.709,23.64,23.678,23.693,23.716,23.709,23.716,23.709,23.709,23.709,23.709,23.655
,23.449,23.487,23.51,23.51,23.495,23.495,23.495,23.487,23.487,23.487,23.495,23.502,23.51,23.518,23.502,23.495,23.51,23.525,23.51,23.533,23.541,23.548,23.525,23.525,23.502,23.541,23.541,23.571,23.579,23.586,23.586,23.586,23.564,23.579,23.586,23.586,23.571,23.586,23.564,23.609,23.586,23.594,23.594,23.594,23.617,23.625,23.648,23.64,23.648,23.64,23.64,23.648,23.648,23.648,23.632,23.617,23.609,23.609,23.617,23.617,23.648,23.655,23.671,23.686,23.686,23.709,23.709,23.724,23.701,23.693,23.701,23.693,23.701,23.724,23.716,23.709,23.709,23.709,23.709,23.701,23.709,23.709,23.716,23.739,23.755,23.762,23.77,23.8,23.816,23.823,23.808,23.808,23.831,23.823,23.831,23.846,23.861,23.869,23.884,23.892,23.892,23.861,23.877,23.884,23.869,23.877,23.854,23.854,23.892,23.907,23.93,23.945,23.938,23.96,23.96,23.983,23.991,23.998,23.991,23.983,23.983,24.006,24.029,24.014,24.014,24.021,24.006,24.006,24.021,24.006,24.021,24.052,24.052,24.075,24.113,24.128,24.234,24.249,24.249,24.371,24.47,25.518,26.228,27.008,27.082,27.111,27.015,27.015,26.993,27.015,27.052,27.052,27.097,27.119,27.126,27.222,27.237,27.215,27.237,27.237,27.237,27.229,27.207,27.17,27.119,27.023,26.963,26.897,26.823,26.719,26.689,26.585,26.504,26.414,26.34,26.273,26.213,26.169,26.139,26.072,26.072,25.967,25.937,25.87,25.81,25.81,25.765,25.78,25.765,25.758,25.735,25.728,25.705,25.713,25.713,25.705,25.713,25.72,25.713,25.72,25.75,25.803,25.877,25.975,26.109,26.221,26.251,26.362,26.608,26.667,26.875,27.045,27.642,29.168,29.825,30.091,30.163,30.178,30.206,30.228,30.091,30.02,28.477,26.526,26.385,26.385,26.385,26.385,26.422,26.422,26.504,26.526,26.563,26.622,26.652,26.749,26.771,26.793,26.838,26.919,26.919,26.949,26.986,27.015,27.052,27.074,27.089,27.111,27.126,27.156,27.163,27.266,27.318,27.34,27.362,27.362,27.362,27.303,27.289,27.111,26.889,26.949,26.993,26.971,27.163,27.392,27.605,27.613,27.906,28.375,28.513,28.703,28.287,28.302,28.309,28.353,28.419,28.448,28.506,28.645,28.666,28.666,28.827,28.79,28.783,29.001,29.044,29.081,29.284,29.558,29.71,30.321,30.407,30.522,30.522,30.608,30.658,30.6,30.693,30.708,30.693,30.651,30.386,29.573,29.544,29.392,29.522,29.486,29.948,30.084,30.579,30.643,30.729,30.958,31.079,31.15,31.313,31.377,31.363,31.399,31.128,30.836,30.793,30.629,30.665,30.522,30.336,30.242,29.991,29.962,29.933,29.94,29.94,29.883,29.782,29.768,29.811,29.854,29.89,29.962,30.02,30.12,30.192,30.163,30.214,30.293,30.465,30.336,30.336,30.285,30.336,30.242,30.228,30.242,30.228,30.257,30.629,30.758,30.665,30.558,30.436,30.336,30.357,30.35,30.235,30.135,30.171,29.768,29.558,29.001,28.936,28.586,28.448,28.338,28.309,28.324,28.375,28.484,29.991,31.349,31.993,32.142,32.198,32.233,32.036,32.099,31.93,31.838,31.59,31.121,30.636,30.056,29.595,28.608,28.221,27.591,27.414,27.384,27.407,28.499,28.666,28.79,28.615,28.28,28.251,28.155,28.126,28.046,28.046,28.024,27.921,27.811,27.701,27.657,27.591,27.436,27.451,27.392,27.362,27.355,27.237,27.252,27.141,27.111,27.008,26.963,26.897,26.815,26.652,26.608,26.548,26.496,26.489,26.452,26.459,26.489,26.303,26.034,25.518,25.225,25.104,24.976,24.901,24.818,24.818,24.81,24.772,24.81,24.825,24.848,25.067,25.157,25.217,25.285,25.285,25.495,25.555,25.638,25.66,25.675,25.668,25.675,25.653,25.645,25.623,25.638,25.623,25.653,25.668,25.645,25.765,25.847,25.952,25.907,25.96,25.945,25.952,25.945,25.952,25.952,25.96,25.967,26.004,26.012,26.072,26.109,26.154,26.183,26.154,26.161,26.109,26.019,26.072,26.079,25.967,25.997,25.997,25.937,25.922,25.877,25.862,25.803,25.81,25.795,25.795,25.832,25.847,25.93,25.952,26.042,26.064,26.064,26.101,26.072,26.116,26.146,26.012,26.072,25.803,25.6,25.45,24.871,24.742,24.47,24.636,24.56,24.401,24.394,24.341,24.348,24.341,24.325,24.325,24.31,24.318,24.303,24.303,24.28,24.272,24.272,24.257,24.257,24.242,24.249,24.234,24.189,24.219,24.211,24.196,24.143,24.173,24.158,24.143,24.097,24.128,24.12,24.128,24.128,24.09,24.105,24.082,24.105,24.105,24.09,24.097,24.044,24.029,24.082,24.097,24.067,24.044,24.006,23.983,23.968,23.945,23.922,23.922,23.922,23.938,23.968,23.938,23.922,23.953,23.884,23.899,23.922,23.884,23.907,23.907,23.922,23.907,23.899,23.884,23.869,23.861,23.854,23.846,23.831,23.838,23.816,23.831,23.816,23.831,23.785,23.785,23.785,23.816,23.77,23.793,23.793,23.793,23.8,23.785,23.777,23.793,23.777,23.701,23.709,23.716,23.755,23.747,23.739,23.732,23.693,23.701,23.671,23.663,23.693,23.686,23.686,23.686,23.663,23.671,23.686,23.701,23.709,23.709,23.693,23.648,23.678
,23.487,23.502,23.495,23.51,23.518,23.502,23.495,23.495,23.495,23.479,23.502,23.495,23.495,23.51,23.518,23.487,23.541,23.487,23.518,23.541,23.533,23.525,23.525,23.502,23.518,23.518,23.541,23.556,23.571,23.594,23.602,23.586,23.594,23.571,23.579,23.586,23.571,23.579,23.571,23.571,23.602,23.602,23.594,23.586,23.625,23.602,23.648,23.617,23.632,23.632,23.663,23.64,23.617,23.625,23.625,23.617,23.609,23.602,23.632,23.64,23.663,23.686,23.678,23.678,23.701,23.709,23.701,23.693,23.693,23.686,23.686,23.693,23.701,23.709,23.716,23.716,23.709,23.716,23.701,23.709,23.709,23.724,23.724,23.739,23.739,23.777,23.77,23.785,23.777,23.808,23.831,23.823,23.823,23.831,23.838,23.861,23.869,23.877,23.892,23.892,23.877,23.877,23.877,23.877,23.892,23.869,23.869,23.823,23.884,23.922,23.915,23.945,23.93,23.945,23.976,23.968,23.991,23.983,23.991,23.998,23.998,24.006,24.021,24.029,24.029,24.014,24.014,24.021,24.044,24.044,24.059,24.082,24.067,24.097,24.12,24.189,24.166,24.265,24.5,25.548,26.474,27.111,27.126,27.141,27.126,27.17,27.207,27.074,27.17,27.156,27.266,27.244,27.193,27.274,27.259,27.259,27.281,27.296,27.281,27.274,27.281,27.274,27.215,27.193,27.133,27.045,27.015,26.912,26.845,26.771,26.726,26.593,26.541,26.362,26.37,26.221,26.146,26.101,26.079,26.064,25.982,25.96,25.907,25.84,25.81,25.825,25.765,25.75,25.765,25.735,25.728,25.713,25.705,25.698,25.705,25.69,25.698,25.698,25.705,25.735,25.788,25.847,25.907,26.057,26.109,26.161,26.31,26.563,26.548,26.674,26.793,27.333,28.455,29.566,29.861,30.027,30.127,30.135,30.163,30.163,29.955,29.854,27.627,26.429,26.377,26.362,26.37,26.385,26.414,26.444,26.429,26.518,26.563,26.63,26.637,26.704,26.734,26.778,26.823,26.852,26.882,26.941,26.971,26.993,27.03,27.023,27.052,27.082,27.097,27.148,27.163,27.266,27.303,27.333,27.34,27.34,27.281,27.244,27.244,26.904,26.904,26.912,26.912,26.971,27.266,27.502,27.561,28.002,28.316,28.404,28.564,29.132,28.324,28.258,28.243,28.302,28.367,28.404,28.382,28.594,28.572,28.681,28.572,28.666,28.783,28.768,28.899,28.979,29.168,29.53,29.782,30.07,30.249,30.465,30.45,30.515,30.543,30.608,30.586,30.636,30.593,30.4,30.163,29.58,29.457,29.356,29.342,29.551,29.595,29.991,30.414,30.622,30.701,30.879,31.022,31.221,31.32,31.349,31.399,31.356,31.292,30.979,30.836,30.843,30.886,30.986,30.958,31.086,30.922,30.285,30.027,29.991,29.94,30.048,29.912,29.897,29.832,29.861,29.969,30.077,30.214,30.249,30.264,30.422,30.507,30.629,30.772,30.636,30.572,30.271,30.214,30.228,30.199,30.221,30.206,30.3,30.622,30.679,30.736,30.608,30.507,30.493,30.422,30.264,30.192,30.142,30.084,29.595,29.392,28.986,28.528,28.309,28.251,28.258,28.236,28.287,28.324,28.812,30.822,31.668,31.923,32.05,32.022,31.923,31.88,31.944,31.788,31.59,31.249,30.758,30.199,29.789,29.255,28.375,28.236,27.723,27.325,27.384,27.34,28.586,28.564,28.572,28.346,28.251,28.199,28.119,28.082,28.038,28.009,27.884,27.774,27.782,27.613,27.524,27.502,27.414,27.355,27.333,27.289,27.318,27.274,27.148,27.133,27.045,26.993,26.941,26.897,26.786,26.756,26.622,26.57,26.466,26.466,26.444,26.407,26.533,26.593,26.042,25.563,25.375,25.119,25.014,24.931,24.863,24.84,24.795,24.787,24.757,24.742,24.78,24.871,25.021,25.119,25.232,25.36,25.42,25.488,25.608,25.653,25.653,25.675,25.668,25.645,25.645,25.623,25.615,25.63,25.608,25.69,25.675,25.75,25.818,25.892,25.907,25.922,25.93,25.937,25.915,25.915,25.937,25.945,25.975,25.989,26.034,26.072,26.124,26.169,26.146,26.206,26.176,26.161,26.116,26.139,26.131,26.064,26.101,26.012,26.109,26.027,25.937,25.9,25.847,25.818,25.832,25.862,25.885,25.907,25.982,25.975,26.064,26.064,26.094,26.139,26.161,26.198,26.094,26.198,26.236,26.228,26.146,26.154,26.004,25.57,25.375,24.727,24.629,24.538,24.515,24.447,24.356,24.348,24.348,24.341,24.333,24.341,24.303,24.287,24.318,24.295,24.287,24.295,24.303,24.287,24.249,24.234,24.242,24.189,24.204,24.135,24.128,24.143,24.143,24.151,24.135,24.135,24.135,24.12,24.105,24.105,24.097,24.09,24.09,24.097,24.105,24.09,24.075,24.082,24.059,24.067,24.044,24.044,23.991,23.991,23.991,23.922,23.938,23.96,23.938,23.922,23.915,23.922,23.945,23.938,23.945,23.938,23.907,23.915,23.899,23.907,23.922,23.899,23.877,23.854,23.861,23.869,23.854,23.854,23.823,23.846,23.823,23.831,23.831,23.808,23.846,23.838,23.8,23.777,23.777,23.785,23.785,23.8,23.793,23.785,23.77,23.755,23.755,23.77,23.716,23.793,23.732,23.747,23.755,23.724,23.716,23.671,23.663,23.693,23.693,23.655,23.655,23.693,23.663,23.709,23.709,23.716,23.709,23.716,23.709,23.671,23.655
,23.479,23.472,23.479,23.502,23.502,23.502,23.502,23.502,23.495,23.495,23.502,23.479,23.495,23.518,23.533,23.495,23.51,23.533,23.525,23.525,23.541,23.525,23.525,23.502,23.51,23.518,23.541,23.548,23.571,23.586,23.586,23.541,23.579,23.594,23.617,23.586,23.579,23.632,23.579,23.579,23.586,23.586,23.564,23.586,23.586,23.625,23.632,23.548,23.625,23.64,23.625,23.632,23.625,23.632,23.625,23.617,23.609,23.609,23.617,23.64,23.671,23.678,23.655,23.663,23.686,23.701,23.701,23.701,23.686,23.678,23.701,23.693,23.701,23.709,23.701,23.693,23.701,23.709,23.716,23.716,23.724,23.724,23.724,23.724,23.755,23.755,23.777,23.785,23.808,23.838,23.823,23.823,23.838,23.846,23.854,23.892,23.869,23.892,23.846,23.877,23.892,23.861,23.877,23.877,23.877,23.899,23.892,23.869,23.899,23.907,23.93,23.907,23.938,23.953,23.968,23.976,23.976,23.976,23.976,23.983,23.983,24.014,24.021,24.029,24.029,24.021,24.014,24.014,24.044,24.082,24.105,24.09,24.135,24.204,24.166,24.28,24.454,25.21,26.474,27.193,27.325,27.215,27.193,27.244,27.333,27.311,27.303,27.325,27.495,27.583,27.473,27.502,27.348,27.325,27.399,27.362,27.325,27.34,27.325,27.303,27.303,27.289,27.252,27.17,27.119,27.067,26.912,26.904,26.838,26.726,26.645,26.578,26.511,26.318,26.213,26.183,26.116,26.064,26.042,26.012,25.975,25.93,25.892,25.81,25.803,25.765,25.765,25.758,25.743,25.735,25.713,25.705,25.698,25.683,25.683,25.683,25.683,25.705,25.705,25.735,25.803,25.877,25.922,25.982,26.101,26.146,26.444,26.504,26.578,26.778,27.362,28.016,28.972,29.861,29.94,30.02,30.056,30.063,30.07,30.063,30.084,29.132,26.838,26.355,26.34,26.34,26.37,26.385,26.414,26.422,26.481,26.541,26.541,26.578,26.57,26.674,26.667,26.726,26.771,26.823,26.838,26.912,26.941,26.978,27,27.03,26.993,27.067,27.089,27.126,27.193,27.222,27.289,27.289,27.303,27.303,27.259,27.148,26.986,26.889,26.83,26.838,26.86,26.838,27.17,27.252,27.532,27.723,27.95,28.404,28.717,28.688,28.273,28.134,28.177,28.251,28.251,28.192,28.36,28.404,28.433,28.448,28.455,28.506,28.601,28.659,28.717,28.674,28.805,29.059,29.457,30.07,30.228,30.321,30.422,30.479,30.515,30.465,30.586,30.507,30.422,30.221,30.214,29.587,29.298,29.269,29.269,29.255,29.378,29.436,29.667,30.163,30.55,30.622,30.765,30.915,31.015,31.32,31.377,31.313,31.292,31.107,30.958,30.936,30.886,30.929,30.986,31.079,30.979,30.493,30.027,29.962,30.027,30.142,30.077,30.077,30.171,30.199,30.3,30.321,30.271,30.3,30.5,30.686,30.729,30.822,30.872,30.95,30.693,30.084,30.056,30.041,30.063,30.127,30.228,30.558,30.693,30.686,30.651,30.636,30.536,30.414,30.386,30.314,30.206,30.077,29.76,29.515,29.008,28.601,28.36,28.177,28.192,28.097,28.17,28.141,28.294,29.696,31.043,31.626,31.788,31.838,31.923,31.873,31.732,31.59,31.406,31.221,30.643,30.257,29.962,29.53,28.914,28.513,27.811,27.34,27.303,27.296,27.296,28.506,28.492,28.448,28.36,28.163,28.112,28.075,28.002,27.98,27.862,27.774,27.716,27.671,27.62,27.473,27.465,27.289,27.289,27.274,27.229,27.222,27.193,27.148,27.074,27.037,27.023,26.904,26.949,26.83,26.682,26.57,26.518,26.504,26.466,26.429,26.496,26.437,26.452,26.385,25.862,25.285,25.157,25.157,25.059,24.931,24.863,24.818,24.81,24.765,24.772,24.742,24.848,24.954,25.112,25.074,25.3,25.353,25.488,25.57,25.6,25.608,25.675,25.66,25.653,25.638,25.623,25.623,25.593,25.623,25.66,25.638,25.705,25.84,25.87,25.87,25.87,25.907,25.907,25.922,25.922,25.922,25.937,25.96,25.967,25.997,26.064,26.109,26.183,26.191,26.221,26.228,26.236,26.176,26.198,26.198,26.139,26.146,26.109,26.131,26.087,26.057,25.989,25.922,25.885,25.862,25.9,25.922,25.952,25.93,26.049,26.079,26.094,26.116,26.146,26.161,26.213,26.265,26.176,26.258,26.236,26.169,26.258,26.154,26.206,25.937,25.915,25.285,25.142,24.818,24.704,24.371,24.363,24.356,24.363,24.371,24.356,24.31,24.31,24.318,24.318,24.325,24.325,24.303,24.295,24.28,24.249,24.234,24.181,24.173,24.181,24.166,24.189,24.151,24.105,24.113,24.143,24.128,24.135,24.135,24.105,24.105,24.105,24.105,24.082,24.097,24.09,24.075,24.059,24.037,24.052,24.029,24.021,23.991,23.968,24.006,23.945,23.96,23.945,23.938,23.96,23.93,23.922,23.922,23.945,23.938,23.922,23.907,23.907,23.884,23.915,23.892,23.922,23.846,23.816,23.785,23.823,23.869,23.846,23.846,23.816,23.8,23.823,23.831,23.831,23.816,23.816,23.816,23.785,23.785,23.762,23.785,23.793,23.777,23.777,23.762,23.762,23.747,23.724,23.732,23.747,23.747,23.732,23.716,23.739,23.732,23.709,23.716,23.663,23.693,23.671,23.663,23.693,23.671,23.709,23.716,23.701,23.701,23.709,23.701,23.632,23.648
,23.441,23.449,23.495,23.51,23.51,23.51,23.518,23.502,23.487,23.487,23.487,23.548,23.525,23.556,23.502,23.533,23.495,23.479,23.525,23.541,23.541,23.518,23.533,23.518,23.518,23.518,23.525,23.548,23.579,23.571,23.586,23.586,23.602,23.556,23.564,23.579,23.556,23.579,23.571,23.594,23.571,23.564,23.579,23.586,23.571,23.586,23.617,23.625,23.609,23.632,23.632,23.64,23.625,23.625,23.64,23.609,23.609,23.617,23.64,23.655,23.655,23.671,23.632,23.671,23.693,23.701,23.693,23.693,23.693,23.686,23.693,23.716,23.709,23.716,23.693,23.686,23.693,23.716,23.709,23.724,23.716,23.724,23.732,23.739,23.747,23.762,23.785,23.8,23.808,23.831,23.831,23.831,23.846,23.854,23.838,23.861,23.846,23.854,23.854,23.877,23.884,23.877,23.877,23.877,23.884,23.899,23.869,23.899,23.884,23.899,23.915,23.945,23.907,23.96,23.983,23.983,23.976,23.976,23.976,23.983,24.014,24.021,24.021,24.021,24.021,24.029,24.029,24.044,24.067,24.075,24.135,24.166,24.219,24.333,24.47,25.21,26.385,27.333,27.392,27.414,27.362,27.311,27.421,27.458,27.502,27.458,27.465,27.561,27.694,27.708,27.686,27.576,27.576,27.495,27.495,27.451,27.37,27.362,27.348,27.34,27.311,27.289,27.237,27.222,27.089,27.037,26.978,26.882,26.815,26.689,26.645,26.489,26.355,26.28,26.273,26.101,26.057,26.034,26.004,25.989,25.93,25.9,25.877,25.84,25.81,25.788,25.795,25.75,25.735,25.72,25.713,25.698,25.69,25.668,25.675,25.69,25.683,25.705,25.72,25.75,25.795,25.847,25.975,26.064,26.116,26.228,26.265,26.437,26.593,27.052,27.554,28.819,29.602,29.869,29.89,30.041,30.077,30.048,30.048,30.012,29.984,28.382,26.504,26.355,26.347,26.362,26.385,26.392,26.407,26.444,26.518,26.518,26.563,26.585,26.6,26.645,26.66,26.674,26.763,26.786,26.8,26.867,26.904,26.904,26.971,26.971,27.015,27.037,27.067,27.111,27.141,27.222,27.252,27.266,27.244,27.215,27.17,27.052,26.904,26.8,26.786,26.83,26.912,27.17,27.37,27.465,27.598,27.899,28.382,28.645,28.812,29.03,28.768,28.075,28.134,28.112,28.155,28.221,28.229,28.258,28.367,28.419,28.375,28.455,28.455,28.601,28.754,28.681,28.921,28.979,29.32,29.912,30.012,30.257,30.242,30.336,30.4,30.371,30.457,30.386,30.285,30.171,30.091,29.558,29.291,29.204,29.211,29.153,29.197,29.421,29.537,29.688,30.221,30.307,30.565,30.772,30.9,31.057,31.249,31.257,31.313,31.192,31.036,30.851,30.865,30.929,30.915,30.843,30.893,30.651,29.876,29.948,29.948,29.962,29.962,30.012,30.127,30.235,30.285,30.386,30.414,30.507,30.615,30.743,30.822,30.893,30.972,30.922,30.743,30.091,30.012,30.027,29.976,30.063,30.206,30.364,30.665,30.686,30.665,30.593,30.529,30.436,30.328,30.178,30.113,29.926,29.414,28.856,28.71,28.411,28.192,28.031,28.053,27.972,28.082,28.199,28.805,30.285,31.32,31.569,31.583,31.59,31.647,31.675,31.47,31.434,31.242,30.708,30.407,30.163,29.623,29.197,28.805,28.433,27.723,27.244,27.222,27.274,27.244,28.462,28.426,28.411,28.294,28.163,28.09,28.002,27.943,27.906,27.84,27.774,27.745,27.627,27.473,27.384,27.333,27.207,27.222,27.215,27.215,27.193,27.148,27.104,27.067,27.067,26.956,26.926,26.808,26.786,26.697,26.622,26.563,26.504,26.444,26.444,26.444,26.474,26.593,26.37,25.982,25.698,25.375,25.195,25.082,24.999,24.825,24.818,24.795,24.78,24.765,24.75,24.803,24.931,24.901,25.067,25.225,25.338,25.443,25.593,25.6,25.608,25.645,25.645,25.66,25.645,25.638,25.623,25.608,25.593,25.645,25.683,25.773,25.773,25.832,25.862,25.855,25.87,25.877,25.9,25.9,25.915,25.937,25.93,25.982,26.034,26.087,26.154,26.176,26.213,26.198,26.243,26.265,26.251,26.228,26.258,26.251,26.198,26.236,26.236,26.198,26.116,26.027,25.975,25.945,25.945,25.93,25.967,25.997,26.042,26.064,26.087,26.094,26.124,26.154,26.191,26.206,26.265,26.295,26.295,26.303,26.325,26.295,26.265,26.303,26.355,26.176,26.183,26.019,25.818,25.495,25.217,24.394,24.379,24.401,24.371,24.363,24.348,24.325,24.325,24.325,24.341,24.333,24.303,24.295,24.272,24.234,24.234,24.204,24.227,24.151,24.166,24.189,24.135,24.135,24.135,24.135,24.128,24.143,24.128,24.12,24.12,24.128,24.105,24.105,24.105,24.052,24.09,24.067,24.014,24.037,24.029,24.014,23.983,23.983,23.953,23.968,23.953,23.953,23.922,23.938,23.945,23.93,23.953,23.93,23.93,23.93,23.922,23.915,23.922,23.884,23.907,23.854,23.831,23.838,23.838,23.823,23.808,23.846,23.808,23.831,23.831,23.831,23.808,23.816,23.823,23.816,23.785,23.777,23.762,23.785,23.793,23.762,23.793,23.785,23.762,23.77,23.777,23.755,23.77,23.747,23.732,23.739,23.739,23.724,23.724,23.77,23.701,23.724,23.701,23.686,23.671,23.678,23.709,23.716,23.724,23.709,23.716,23.709,23.701,23.701,23.632
,23.541,23.441,23.495,23.495,23.502,23.51,23.51,23.502,23.487,23.479,23.502,23.51,23.51,23.525,23.502,23.51,23.502,23.525,23.51,23.533,23.533,23.533,23.533,23.51,23.502,23.525,23.525,23.564,23.571,23.579,23.579,23.579,23.579,23.556,23.579,23.586,23.571,23.564,23.586,23.579,23.556,23.571,23.564,23.564,23.602,23.602,23.586,23.586,23.632,23.617,23.617,23.632,23.625,23.617,23.594,23.632,23.655,23.648,23.64,23.64,23.663,23.632,23.671,23.686,23.686,23.693,23.678,23.678,23.671,23.693,23.709,23.724,23.724,23.693,23.686,23.678,23.686,23.701,23.716,23.724,23.732,23.716,23.724,23.747,23.762,23.777,23.793,23.8,23.808,23.838,23.823,23.831,23.838,23.846,23.892,23.861,23.846,23.884,23.846,23.854,23.869,23.869,23.884,23.884,23.884,23.907,23.877,23.899,23.884,23.884,23.899,23.93,23.938,23.96,23.968,23.983,23.968,24.006,23.953,23.968,23.991,24.006,24.037,24.044,24.052,24.052,24.044,24.067,24.09,24.135,24.135,24.325,24.523,25.24,26.347,27.333,27.488,27.407,27.414,27.495,27.436,27.443,27.532,27.517,27.671,27.701,27.767,27.716,27.73,27.738,27.723,27.686,27.649,27.561,27.517,27.495,27.488,27.399,27.384,27.348,27.296,27.237,27.163,27.17,27.104,27.023,26.912,26.882,26.726,26.637,26.593,26.526,26.295,26.258,26.176,26.079,26.034,26.012,25.989,25.952,25.915,25.87,25.832,25.818,25.765,25.743,25.728,25.72,25.728,25.713,25.698,25.683,25.645,25.63,25.645,25.668,25.675,25.69,25.713,25.743,25.885,25.922,25.96,26.019,26.131,26.258,26.34,26.563,26.6,27.06,28.002,29.385,29.674,29.804,29.905,29.955,29.984,30.027,29.998,29.984,29.479,27.591,26.459,26.362,26.407,26.37,26.392,26.414,26.444,26.496,26.526,26.533,26.556,26.578,26.57,26.608,26.63,26.66,26.704,26.741,26.763,26.823,26.838,26.882,26.919,26.949,26.993,27.037,27.045,27.097,27.163,27.185,27.2,27.215,27.2,27.178,27.126,26.926,26.815,26.756,26.845,26.86,27.023,27.163,27.237,27.51,27.796,27.884,28.016,28.557,28.834,28.943,28.747,28.031,28.038,28.038,28.104,28.053,28.082,28.082,28.229,28.251,28.382,28.331,28.353,28.411,28.484,28.382,28.645,28.827,29.276,29.486,29.969,30.07,30.278,30.206,30.235,30.364,30.249,30.249,30.271,30.156,29.602,29.457,29.284,29.11,29.124,29.088,29.088,29.095,29.291,29.443,29.623,29.825,30.214,30.407,30.393,30.622,31.086,31.235,31.271,31.214,30.993,30.915,30.815,30.779,30.751,30.586,30.572,30.636,30.012,29.616,29.732,29.732,29.854,29.811,29.926,30.127,30.278,30.386,30.486,30.55,30.736,30.872,30.922,31.015,31.015,30.993,30.171,29.984,29.919,29.969,30.02,30.142,30.422,30.486,30.629,30.629,30.629,30.529,30.558,30.543,30.393,30.127,29.976,29.421,28.899,28.703,28.324,28.177,28.141,27.928,27.972,27.943,28.09,28.192,29.667,30.865,31.47,31.42,31.526,31.526,31.519,31.399,31.313,31.264,30.893,30.479,30.465,29.919,29.724,28.783,28.528,27.914,27.488,27.215,27.207,27.163,27.37,28.367,28.404,28.338,28.207,28.229,28.031,27.972,27.921,27.884,27.818,27.76,27.671,27.443,27.34,27.259,27.222,27.229,27.163,27.17,27.156,27.119,27.119,27.082,27.074,27.023,26.934,26.912,26.786,26.771,26.697,26.6,26.57,26.504,26.429,26.444,26.452,26.481,26.518,26.674,25.96,25.84,25.563,25.262,25.165,25.134,24.916,24.833,24.78,24.727,24.787,24.75,24.78,24.855,24.916,25.052,25.165,25.315,25.375,25.473,25.6,25.6,25.63,25.645,25.683,25.653,25.63,25.6,25.608,25.623,25.668,25.698,25.765,25.765,25.795,25.847,25.825,25.862,25.84,25.862,25.9,25.907,25.9,25.93,26.012,26.042,26.057,26.169,26.191,26.221,26.265,26.288,26.34,26.295,26.318,26.303,26.295,26.273,26.243,26.236,26.198,26.094,26.034,26.019,26.004,26.004,26.004,26.004,26.042,26.072,26.072,26.094,26.109,26.109,26.161,26.176,26.273,26.295,26.295,26.303,26.362,26.37,26.355,26.385,26.399,26.414,26.407,26.392,26.355,26.362,26.333,25.668,25.308,24.863,24.636,24.53,24.401,24.416,24.348,24.356,24.318,24.341,24.363,24.333,24.325,24.265,24.257,24.227,24.219,24.227,24.204,24.135,24.166,24.166,24.158,24.143,24.143,24.135,24.158,24.166,24.135,24.128,24.113,24.105,24.105,24.097,24.082,24.082,24.052,24.067,24.044,23.998,24.006,23.998,23.96,23.983,23.953,23.968,23.96,23.968,23.991,23.953,23.953,23.93,23.93,23.938,23.915,23.922,23.915,23.907,23.899,23.884,23.854,23.884,23.823,23.861,23.831,23.831,23.808,23.823,23.838,23.823,23.816,23.808,23.831,23.816,23.77,23.785,23.77,23.77,23.762,23.77,23.762,23.777,23.77,23.762,23.755,23.762,23.755,23.747,23.755,23.739,23.724,23.709,23.724,23.732,23.747,23.755,23.716,23.693,23.686,23.709,23.709,23.724,23.716,23.724,23.716,23.724,23.716,23.701,23.655,23.625
,23.456,23.479,23.502,23.502,23.502,23.51,23.502,23.495,23.495,23.479,23.487,23.479,23.502,23.487,23.487,23.525,23.525,23.495,23.518,23.518,23.518,23.525,23.525,23.525,23.502,23.525,23.533,23.525,23.579,23.556,23.556,23.594,23.586,23.586,23.594,23.556,23.564,23.586,23.579,23.571,23.564,23.571,23.564,23.579,23.548,23.586,23.617,23.609,23.594,23.617,23.632,23.625,23.632,23.617,23.609,23.632,23.617,23.648,23.648,23.648,23.655,23.625,23.671,23.632,23.678,23.701,23.678,23.693,23.709,23.686,23.739,23.739,23.739,23.716,23.686,23.686,23.686,23.724,23.716,23.724,23.709,23.724,23.732,23.747,23.762,23.785,23.808,23.808,23.823,23.838,23.831,23.831,23.831,23.823,23.854,23.846,23.861,23.869,23.869,23.861,23.869,23.877,23.884,23.884,23.899,23.877,23.884,23.892,23.892,23.877,23.915,23.922,23.953,23.968,23.976,23.991,23.983,23.976,23.983,23.976,23.983,24.037,24.067,24.059,24.067,24.067,24.09,24.113,24.128,24.128,24.523,25.232,26.333,27.34,27.569,27.605,27.554,27.539,27.561,27.532,27.546,27.583,27.774,27.862,27.826,27.84,27.855,27.811,27.767,27.789,27.73,27.701,27.671,27.598,27.613,27.569,27.502,27.429,27.384,27.348,27.281,27.17,27.163,27.111,27.037,27,26.845,26.749,26.741,26.593,26.429,26.34,26.228,26.109,26.057,26.049,26.027,25.997,25.952,25.922,25.9,25.847,25.81,25.773,25.743,25.728,25.728,25.72,25.698,25.698,25.698,25.668,25.66,25.645,25.66,25.653,25.675,25.69,25.705,25.75,25.84,25.937,26.087,26.064,26.169,26.318,26.481,26.682,27.03,27.701,28.943,29.587,29.602,29.688,29.861,29.919,29.933,29.955,29.94,29.919,28.892,26.526,26.414,26.399,26.385,26.414,26.392,26.452,26.481,26.489,26.585,26.622,26.608,26.6,26.608,26.63,26.66,26.66,26.689,26.712,26.726,26.756,26.8,26.793,26.845,26.897,26.956,27.037,27.082,27.126,27.156,27.17,27.156,27.185,27.156,27.119,27.052,26.926,26.808,26.66,26.719,26.823,26.86,26.978,27.244,27.532,27.723,27.914,28.199,28.199,28.805,29.153,28.899,27.987,27.98,27.958,27.965,28.016,28.038,28.038,28.104,28.104,28.214,28.258,28.229,28.389,28.367,28.44,28.652,28.666,29.124,29.609,29.948,29.976,30.048,30.178,30.185,30.185,30.214,30.214,30.12,29.876,29.659,29.363,29.24,29.037,29.03,29.081,29.059,29.073,29.276,29.392,29.486,29.551,29.688,29.976,30.12,30.314,30.672,31.029,31.036,31.086,31.064,30.936,30.751,30.686,30.443,30.443,30.45,30.228,29.544,29.436,29.493,29.623,29.645,29.623,29.645,29.991,30.257,30.328,30.507,30.701,30.908,30.965,30.972,31.007,31.022,30.979,30.278,30.005,29.955,29.94,30.027,30.12,30.328,30.493,30.572,30.6,30.507,30.479,30.336,30.163,30.149,29.991,29.342,28.936,28.71,28.397,28.046,28.024,27.914,27.826,27.943,27.848,27.95,28.768,30.214,30.758,31.285,31.356,31.462,31.47,31.399,31.306,31.306,30.986,30.758,30.479,30.091,29.522,28.928,28.594,28.521,27.752,27.554,27.193,27.126,27.126,27.311,28.353,28.375,28.302,28.163,28.141,28.009,27.95,27.921,27.833,27.782,27.708,27.605,27.561,27.399,27.303,27.215,27.163,27.163,27.126,27.089,27.067,27.074,27.104,27.03,27,27,26.882,26.86,26.771,26.682,26.667,26.556,26.474,26.444,26.444,26.452,26.518,26.444,27.163,26.318,25.795,25.488,25.292,25.21,24.961,24.908,24.886,24.757,24.735,24.742,24.719,24.757,24.818,24.833,24.946,25.172,25.225,25.345,25.465,25.533,25.548,25.623,25.638,25.66,25.638,25.623,25.6,25.608,25.623,25.638,25.675,25.743,25.803,25.803,25.81,25.832,25.825,25.825,25.87,25.847,25.87,25.862,25.907,25.96,26.072,26.034,26.161,26.213,26.236,26.333,26.333,26.37,26.377,26.392,26.333,26.34,26.303,26.251,26.251,26.206,26.176,26.124,26.064,26.049,26.042,26.042,26.057,26.072,26.094,26.101,26.109,26.124,26.146,26.169,26.198,26.236,26.265,26.273,26.355,26.37,26.362,26.399,26.437,26.429,26.444,26.474,26.437,26.481,26.496,26.474,26.466,25.922,26.042,25.488,25.24,24.583,24.447,24.416,24.348,24.348,24.371,24.386,24.341,24.295,24.249,24.249,24.257,24.249,24.249,24.234,24.189,24.189,24.166,24.151,24.166,24.151,24.158,24.135,24.151,24.143,24.143,24.128,24.105,24.105,24.082,24.09,24.082,24.067,24.037,24.037,24.067,23.983,23.983,23.983,24.006,23.945,23.983,23.983,23.968,23.983,24.006,23.953,23.945,23.938,23.93,23.93,23.922,23.907,23.892,23.884,23.899,23.854,23.869,23.777,23.838,23.892,23.884,23.854,23.861,23.823,23.816,23.831,23.816,23.816,23.8,23.777,23.77,23.762,23.762,23.762,23.762,23.77,23.747,23.793,23.808,23.8,23.755,23.755,23.755,23.739,23.724,23.724,23.716,23.709,23.724,23.716,23.732,23.732,23.724,23.701,23.701,23.724,23.693,23.716,23.724,23.716,23.716,23.709,23.693,23.671,23.648
,23.472,23.51,23.487,23.495,23.51,23.502,23.495,23.502,23.495,23.487,23.487,23.487,23.495,23.533,23.533,23.495,23.502,23.525,23.502,23.533,23.533,23.525,23.525,23.502,23.525,23.533,23.556,23.556,23.564,23.541,23.556,23.541,23.602,23.556,23.594,23.564,23.564,23.571,23.571,23.564,23.564,23.571,23.586,23.586,23.602,23.594,23.594,23.602,23.617,23.609,23.625,23.625,23.625,23.625,23.632,23.648,23.648,23.655,23.671,23.648,23.648,23.648,23.663,23.678,23.663,23.686,23.686,23.701,23.678,23.693,23.747,23.732,23.739,23.724,23.686,23.701,23.732,23.716,23.732,23.724,23.739,23.732,23.747,23.747,23.762,23.8,23.808,23.816,23.831,23.823,23.823,23.838,23.831,23.831,23.838,23.861,23.877,23.877,23.869,23.861,23.877,23.877,23.877,23.892,23.884,23.892,23.869,23.846,23.884,23.884,23.899,23.945,23.968,23.976,23.991,23.983,23.983,23.998,23.983,24.037,24.029,24.059,24.059,24.12,24.128,24.135,24.181,24.409,24.477,25.292,26.34,27.289,27.613,27.605,27.679,27.613,27.627,27.657,27.723,27.73,27.767,27.818,27.877,27.892,27.892,27.906,27.921,27.87,27.833,27.796,27.796,27.723,27.716,27.635,27.62,27.576,27.488,27.443,27.37,27.311,27.244,27.17,27.126,27.06,26.963,27,26.852,26.793,26.771,26.504,26.452,26.251,26.161,26.139,26.072,26.057,26.004,25.982,25.975,25.892,25.862,25.855,25.788,25.758,25.75,25.728,25.728,25.69,25.69,25.683,25.66,25.653,25.638,25.653,25.653,25.66,25.668,25.683,25.713,25.788,25.81,25.915,26.042,26.116,26.191,26.34,26.563,26.712,27.348,28.652,29.153,29.631,29.659,29.753,29.897,29.861,29.919,29.71,29.753,29.544,27.569,26.563,26.414,26.422,26.422,26.444,26.444,26.474,26.6,26.578,26.593,26.63,26.622,26.622,26.615,26.63,26.66,26.674,26.697,26.712,26.719,26.786,26.793,26.845,26.845,26.86,26.904,26.978,27.074,27.104,27.133,27.148,27.156,27.126,27.141,27.104,27.06,26.763,26.704,26.712,26.667,26.889,26.993,27.089,27.274,27.532,27.76,27.796,27.921,28.492,28.972,29.117,28.928,27.958,27.899,27.884,27.928,27.914,27.972,28.016,28.038,28.031,28.038,28.199,28.236,28.199,28.265,28.251,28.506,28.841,28.928,29.443,29.739,29.811,29.991,30.048,30.099,30.113,30.056,29.94,30.027,29.696,29.587,29.211,29.073,29.03,28.921,28.979,28.986,29.03,29.081,29.226,29.428,29.551,29.739,29.905,30.034,30.321,30.615,30.808,31.05,31.036,30.843,30.836,30.651,30.45,30.429,30.228,30.113,29.443,29.356,29.291,29.342,29.421,29.544,29.659,29.595,29.926,30.221,30.386,30.701,30.786,30.915,30.972,30.986,31.022,30.979,30.5,30.02,29.976,29.969,29.991,29.976,30.192,30.285,30.379,30.543,30.457,30.465,30.364,30.264,30.091,29.847,29.313,29.182,28.907,28.309,28.214,28.002,27.884,27.701,27.789,27.877,27.804,28.119,29.645,30.472,31.029,31.192,31.306,31.37,31.221,31.271,31.114,31.228,30.751,30.615,30.135,30.02,29.378,28.783,28.477,28.024,27.576,27.421,27.148,26.986,27.03,27.126,28.265,28.251,28.243,28.126,28.009,27.914,27.921,27.899,27.796,27.789,27.642,27.51,27.421,27.355,27.244,27.193,27.163,27.126,27.097,27.082,27.06,27.015,27.023,26.986,26.978,26.919,26.889,26.852,26.8,26.712,26.66,26.526,26.481,26.414,26.414,26.414,26.481,26.459,26.622,26.63,25.75,25.638,25.323,25.24,25.044,24.871,24.855,24.825,24.742,24.735,24.735,24.727,24.78,24.787,24.938,25.074,25.202,25.3,25.345,25.435,25.585,25.585,25.638,25.638,25.638,25.6,25.63,25.6,25.638,25.645,25.705,25.773,25.788,25.81,25.825,25.818,25.818,25.818,25.818,25.81,25.847,25.81,25.832,25.892,25.922,26.049,26.079,26.206,26.258,26.333,26.355,26.37,26.407,26.399,26.362,26.34,26.333,26.295,26.31,26.206,26.206,26.139,26.109,26.101,26.087,26.094,26.094,26.109,26.116,26.131,26.124,26.161,26.183,26.191,26.221,26.236,26.265,26.31,26.318,26.355,26.407,26.422,26.459,26.444,26.452,26.474,26.466,26.533,26.518,26.489,26.585,26.533,26.459,26.541,26.124,25.915,25.735,24.568,24.363,24.424,24.363,24.379,24.341,24.31,24.287,24.287,24.234,24.227,24.257,24.242,24.219,24.196,24.189,24.173,24.158,24.166,24.166,24.143,24.158,24.158,24.166,24.143,24.113,24.097,24.067,24.082,24.075,24.075,24.052,24.037,23.998,24.021,23.998,23.991,23.976,23.976,23.983,23.968,23.968,23.976,23.983,23.998,23.93,23.93,23.93,23.922,23.922,23.915,23.899,23.915,23.892,23.899,23.899,23.892,23.831,23.884,23.854,23.861,23.823,23.808,23.831,23.808,23.808,23.823,23.8,23.762,23.755,23.747,23.762,23.762,23.755,23.747,23.755,23.785,23.747,23.77,23.793,23.77,23.732,23.755,23.716,23.724,23.716,23.709,23.724,23.724,23.732,23.739,23.739,23.739,23.724,23.732,23.716,23.724,23.724,23.732,23.724,23.732,23.709,23.701,23.686
,23.456,23.518,23.487,23.479,23.518,23.487,23.495,23.487,23.502,23.472,23.502,23.502,23.502,23.525,23.518,23.51,23.502,23.479,23.518,23.525,23.533,23.533,23.525,23.541,23.525,23.541,23.564,23.548,23.548,23.564,23.594,23.602,23.586,23.586,23.617,23.609,23.579,23.579,23.579,23.586,23.579,23.548,23.556,23.625,23.586,23.617,23.609,23.617,23.617,23.632,23.632,23.625,23.625,23.625,23.609,23.64,23.64,23.655,23.678,23.617,23.655,23.671,23.648,23.678,23.686,23.686,23.671,23.693,23.648,23.701,23.732,23.716,23.701,23.739,23.724,23.724,23.716,23.716,23.724,23.724,23.732,23.747,23.732,23.747,23.762,23.793,23.8,23.823,23.838,23.838,23.831,23.838,23.823,23.823,23.846,23.838,23.838,23.869,23.861,23.877,23.869,23.869,23.877,23.884,23.884,23.877,23.846,23.854,23.892,23.915,23.93,23.938,23.96,23.968,23.998,23.991,23.998,23.998,24.021,24.052,24.075,24.075,24.135,24.151,24.227,24.409,24.5,25.247,26.385,27.421,27.62,27.694,27.664,27.723,27.679,27.701,27.782,27.716,27.774,27.848,27.906,27.789,27.972,27.965,27.936,27.95,27.921,27.899,27.899,27.855,27.811,27.767,27.738,27.716,27.642,27.554,27.488,27.436,27.399,27.318,27.2,27.141,27.097,27.052,26.971,26.934,26.823,26.712,26.645,26.422,26.347,26.206,26.191,26.124,26.087,26.034,26.019,25.952,25.937,25.892,25.892,25.862,25.795,25.765,25.758,25.72,25.713,25.705,25.698,25.668,25.66,25.645,25.653,25.608,25.645,25.645,25.66,25.668,25.713,25.803,25.795,25.975,26.079,26.154,26.191,26.362,26.63,26.993,27.657,28.95,29.544,29.652,29.768,29.775,29.861,29.825,29.919,29.724,29.595,29.218,26.763,26.437,26.444,26.437,26.481,26.489,26.496,26.548,26.66,26.593,26.63,26.637,26.63,26.674,26.66,26.66,26.674,26.682,26.704,26.726,26.726,26.749,26.786,26.793,26.823,26.889,26.882,26.934,27.037,27.104,27.111,27.104,27.126,27.104,27.03,27.045,26.971,26.734,26.682,26.652,26.697,26.838,26.897,26.978,27.119,27.591,27.789,27.767,27.987,28.207,28.921,29.03,28.936,27.921,27.833,27.862,27.818,27.826,27.818,27.848,27.921,27.958,27.95,28.016,28.097,28.148,28.068,28.243,28.528,28.645,28.914,29.153,29.573,29.659,29.905,29.998,30.048,29.998,30.041,29.919,29.717,29.732,29.407,29.218,29.044,28.965,28.885,28.877,28.877,28.957,29.052,29.175,29.211,29.436,29.652,29.688,30.07,30.041,30.443,30.629,30.922,30.843,30.815,30.672,30.536,30.493,30.45,30.192,29.479,29.276,29.24,29.284,29.247,29.399,29.414,29.652,29.854,30.135,30.328,30.4,30.793,30.815,30.851,30.922,30.979,30.915,30.572,30.257,30.005,30.005,29.991,30.063,30.099,30.221,30.321,30.407,30.393,30.429,30.321,30.242,30.027,30.127,29.796,29.233,29.059,28.608,28.155,27.723,27.745,27.723,27.642,27.686,27.855,27.796,28.768,30.293,30.758,30.95,31.128,31.064,31.1,31.15,31.015,30.879,30.801,30.579,30.249,29.782,29.472,29.392,28.557,28.346,27.87,27.554,27.244,26.919,26.986,26.941,27.037,28.082,28.17,28.134,28.075,27.936,27.936,27.877,27.87,27.716,27.694,27.561,27.524,27.399,27.252,27.2,27.148,27.133,27.089,27.06,27.015,26.986,26.986,26.963,26.978,26.986,26.949,26.919,26.867,26.823,26.8,26.674,26.526,26.459,26.429,26.407,26.429,26.511,26.637,26.838,26.83,26.28,25.795,25.42,25.24,25.097,24.991,24.916,24.855,24.757,24.742,24.727,24.75,24.742,24.855,24.984,24.991,25.172,25.195,25.323,25.375,25.428,25.578,25.623,25.608,25.615,25.593,25.615,25.63,25.653,25.668,25.728,25.765,25.803,25.81,25.825,25.818,25.803,25.803,25.795,25.788,25.788,25.795,25.773,25.892,25.975,25.96,26.072,26.169,26.258,26.318,26.37,26.414,26.444,26.437,26.385,26.437,26.362,26.295,26.288,26.258,26.228,26.213,26.161,26.169,26.116,26.124,26.131,26.124,26.139,26.161,26.169,26.198,26.206,26.228,26.243,26.265,26.288,26.34,26.362,26.385,26.377,26.422,26.429,26.452,26.466,26.496,26.518,26.518,26.518,26.556,26.608,26.556,26.682,26.645,26.637,26.318,26.407,26.101,25.563,24.81,24.477,24.477,24.348,24.363,24.341,24.31,24.265,24.249,24.219,24.219,24.219,24.204,24.181,24.189,24.189,24.173,24.166,24.158,24.181,24.181,24.166,24.173,24.105,24.082,24.082,24.082,24.059,24.067,24.059,24.075,24.059,24.067,24.052,24.082,24.006,24.014,24.021,23.976,23.983,23.991,23.998,23.968,23.915,23.93,23.915,23.915,23.922,23.915,23.907,23.907,23.899,23.899,23.907,23.884,23.877,23.93,23.884,23.877,23.877,23.869,23.816,23.816,23.846,23.816,23.77,23.77,23.747,23.732,23.777,23.755,23.739,23.77,23.762,23.8,23.808,23.808,23.77,23.762,23.77,23.762,23.732,23.724,23.739,23.709,23.724,23.724,23.732,23.739,23.739,23.701,23.716,23.701,23.709,23.739,23.724,23.724,23.732,23.709,23.724,23.724,23.648
,23.479,23.472,23.472,23.495,23.525,23.541,23.495,23.479,23.456,23.449,23.472,23.495,23.479,23.525,23.456,23.502,23.479,23.502,23.541,23.533,23.541,23.533,23.533,23.571,23.571,23.548,23.564,23.556,23.564,23.564,23.586,23.586,23.586,23.602,23.548,23.579,23.602,23.594,23.571,23.564,23.594,23.556,23.586,23.594,23.617,23.594,23.602,23.602,23.632,23.609,23.632,23.609,23.632,23.625,23.617,23.648,23.648,23.655,23.655,23.648,23.678,23.655,23.671,23.648,23.655,23.671,23.663,23.693,23.701,23.716,23.732,23.716,23.716,23.701,23.747,23.732,23.739,23.724,23.732,23.739,23.716,23.747,23.732,23.739,23.793,23.785,23.823,23.823,23.823,23.838,23.831,23.831,23.831,23.816,23.831,23.823,23.846,23.861,23.869,23.877,23.869,23.861,23.884,23.861,23.892,23.877,23.869,23.877,23.869,23.922,23.915,23.96,23.96,23.968,23.991,24.006,24.014,24.037,24.052,24.059,24.105,24.135,24.257,24.401,24.47,25.36,26.399,27.311,27.716,27.767,27.76,27.76,27.73,27.767,27.745,27.848,27.738,27.906,27.958,27.972,27.928,27.972,27.98,27.98,28.009,27.987,27.95,27.928,27.914,27.892,27.855,27.782,27.76,27.723,27.657,27.561,27.51,27.451,27.37,27.318,27.185,27.126,27.119,27.03,26.949,26.875,26.838,26.682,26.459,26.355,26.228,26.191,26.124,26.131,26.064,26.042,26.027,25.989,25.93,25.892,25.877,25.862,25.825,25.765,25.765,25.728,25.735,25.728,25.735,25.683,25.66,25.63,25.63,25.623,25.63,25.638,25.675,25.69,25.698,25.765,25.9,25.982,26.057,26.154,26.273,26.28,26.897,27.384,28.87,29.189,29.537,29.724,29.76,29.796,29.818,29.847,29.883,29.775,29.508,28.265,26.452,26.437,26.452,26.504,26.496,26.548,26.6,26.6,26.667,26.674,26.674,26.682,26.697,26.734,26.712,26.704,26.697,26.697,26.697,26.726,26.763,26.763,26.778,26.793,26.83,26.845,26.882,26.993,27.008,27.045,27.074,27.082,27.097,27.06,27.074,26.986,26.978,26.719,26.66,26.674,26.652,26.786,26.852,27.008,27.348,27.473,27.554,27.84,27.906,28.214,28.608,29.175,29.03,27.87,27.84,27.745,27.767,27.84,27.752,27.848,27.752,27.789,27.884,27.928,27.943,27.987,28.031,28.17,28.324,28.346,28.564,28.645,29.298,29.392,29.623,29.84,29.933,29.948,29.897,29.89,29.76,29.566,29.45,29.175,29.059,28.907,28.848,28.819,28.856,28.928,28.943,29.197,29.247,29.45,29.544,29.696,29.94,30.077,30.328,30.558,30.722,30.593,30.665,30.493,30.364,30.307,30.142,29.955,29.443,29.168,29.226,29.168,29.356,29.436,29.566,29.667,29.854,30.171,30.436,30.472,30.729,30.736,30.879,30.779,30.822,30.543,30.099,30.02,29.998,30.02,30.02,30.12,30.192,30.257,30.307,30.336,30.407,30.35,30.127,29.854,30.113,29.327,29.182,29.081,28.389,28.09,27.906,27.826,27.686,27.591,27.649,27.62,27.649,28.375,29.602,30.414,30.715,30.9,30.958,31.015,31.029,30.936,30.793,30.679,30.472,30.5,29.89,29.811,29.407,28.827,28.506,28.199,27.532,27.348,27.089,26.889,26.763,26.867,27.015,28.046,28.09,28.097,28.002,28.024,27.943,27.884,27.804,27.789,27.708,27.583,27.48,27.355,27.311,27.237,27.133,27.089,27.06,27.045,26.986,26.986,26.956,26.941,26.949,26.956,26.926,26.912,26.882,26.808,26.756,26.741,26.6,26.518,26.459,26.422,26.422,26.526,26.645,26.704,26.83,26.667,25.713,25.563,25.262,25.089,25.021,24.976,24.84,24.78,24.719,24.742,24.712,24.757,24.765,24.938,25.021,25.097,25.225,25.262,25.315,25.473,25.54,25.6,25.548,25.623,25.6,25.578,25.645,25.638,25.698,25.705,25.78,25.832,25.84,25.832,25.818,25.825,25.795,25.795,25.78,25.78,25.795,25.818,25.847,25.96,25.975,26.094,26.146,26.288,26.295,26.355,26.414,26.414,26.429,26.422,26.362,26.31,26.31,26.318,26.265,26.243,26.251,26.213,26.198,26.198,26.169,26.169,26.176,26.169,26.183,26.198,26.221,26.243,26.236,26.28,26.288,26.31,26.303,26.34,26.355,26.355,26.414,26.437,26.474,26.489,26.489,26.511,26.548,26.615,26.608,26.652,26.66,26.763,26.749,26.749,26.674,26.578,26.734,26.31,25.952,25.525,25.112,24.538,24.409,24.394,24.363,24.333,24.287,24.28,24.249,24.234,24.234,24.196,24.181,24.181,24.204,24.181,24.173,24.196,24.219,24.151,24.158,24.135,24.097,24.075,24.067,24.059,24.082,24.082,24.029,24.082,24.067,24.059,24.059,24.014,24.006,23.983,23.968,23.983,23.983,23.991,23.968,23.938,23.945,23.915,23.922,23.915,23.922,23.922,23.915,23.907,23.899,23.884,23.892,23.899,23.869,23.907,23.877,23.861,23.846,23.846,23.831,23.808,23.816,23.77,23.777,23.854,23.755,23.739,23.747,23.755,23.785,23.793,23.785,23.808,23.793,23.785,23.762,23.777,23.762,23.739,23.716,23.739,23.716,23.732,23.732,23.732,23.724,23.709,23.709,23.709,23.732,23.701,23.732,23.732,23.732,23.732,23.732,23.709,23.709,23.701
,23.487,23.449,23.487,23.479,23.518,23.525,23.518,23.487,23.472,23.472,23.518,23.533,23.518,23.518,23.525,23.502,23.487,23.479,23.518,23.541,23.525,23.548,23.548,23.533,23.564,23.579,23.571,23.556,23.548,23.548,23.556,23.571,23.533,23.571,23.586,23.579,23.586,23.571,23.594,23.579,23.594,23.602,23.602,23.602,23.609,23.594,23.602,23.594,23.609,23.617,23.655,23.632,23.625,23.602,23.617,23.632,23.655,23.655,23.655,23.663,23.617,23.64,23.678,23.663,23.648,23.632,23.655,23.671,23.709,23.709,23.732,23.709,23.716,23.716,23.724,23.732,23.739,23.747,23.755,23.747,23.724,23.701,23.716,23.747,23.77,23.77,23.816,23.831,23.831,23.831,23.838,23.846,23.831,23.823,23.816,23.816,23.823,23.831,23.838,23.846,23.846,23.869,23.884,23.861,23.884,23.877,23.884,23.884,23.892,23.907,23.922,23.945,23.953,23.983,23.991,24.021,24.021,24.067,24.113,24.105,24.143,24.166,24.348,25.428,26.109,27.407,27.752,27.789,27.811,27.796,27.782,27.76,27.752,27.767,27.804,27.965,28.024,28.016,28.016,28.016,27.987,28.06,28.024,28.038,28.038,27.994,28.002,27.95,27.943,27.914,27.892,27.811,27.752,27.708,27.649,27.561,27.539,27.443,27.414,27.303,27.237,27.126,27.06,27,26.86,26.882,26.778,26.57,26.466,26.34,26.213,26.198,26.094,26.101,26.072,26.034,25.967,25.967,25.922,25.907,25.877,25.847,25.84,25.81,25.765,25.75,25.75,25.72,25.713,25.69,25.653,25.63,25.615,25.615,25.623,25.63,25.705,25.705,25.788,25.832,25.915,26.042,26.154,26.191,26.377,26.504,27.126,27.862,28.95,29.551,29.595,29.717,29.739,29.753,29.739,29.739,29.782,29.486,29.378,27.252,26.377,26.429,26.466,26.489,26.511,26.548,26.66,26.66,26.704,26.719,26.704,26.726,26.749,26.8,26.763,26.756,26.756,26.734,26.726,26.771,26.749,26.763,26.8,26.778,26.83,26.867,26.897,26.919,27,27.008,27.052,27.06,27.074,27.037,26.986,26.875,26.763,26.726,26.63,26.674,26.741,26.838,26.897,27.089,27.259,27.539,27.664,27.848,27.943,28.221,28.63,29.023,28.994,27.899,27.671,27.649,27.664,27.701,27.686,27.716,27.73,27.767,27.789,27.789,27.818,27.936,28.009,28.126,28.214,28.462,28.513,28.71,29.161,29.472,29.537,29.804,29.796,29.847,29.825,29.782,29.724,29.753,29.609,29.363,28.892,28.848,28.834,28.819,28.863,28.899,28.928,29.102,29.356,29.342,29.537,29.703,29.818,29.948,30.178,30.5,30.5,30.5,30.486,30.457,30.407,30.221,30.12,29.905,29.189,29.146,29.168,29.146,29.168,29.313,29.508,29.796,30.056,30.371,30.422,30.629,30.722,30.751,30.715,30.558,30.565,30.393,30.163,30.012,30.012,30.027,30.056,30.178,30.221,30.264,30.235,30.3,30.271,30.242,30.228,29.825,29.501,29.276,28.921,28.564,28.082,27.892,27.745,27.613,27.591,27.539,27.576,27.576,27.745,28.877,29.818,30.414,30.751,30.893,30.886,30.893,30.879,30.858,30.793,30.55,30.364,30.063,29.746,29.501,29.03,28.71,28.199,28.185,27.811,27.384,26.941,27,26.66,26.867,26.978,27.921,28.016,28.031,27.98,27.95,27.936,27.862,27.782,27.716,27.546,27.48,27.407,27.207,27.222,27.141,27.156,27.089,27.045,27.008,26.978,26.949,26.941,26.941,26.941,26.949,26.941,26.934,26.889,26.8,26.734,26.667,26.585,26.533,26.496,26.452,26.496,26.518,26.57,26.645,26.808,26.919,26.109,25.758,25.548,25.149,25.044,25.006,24.908,24.833,24.75,24.719,24.735,24.75,24.818,24.991,24.984,25.059,25.172,25.225,25.3,25.405,25.495,25.593,25.578,25.6,25.585,25.593,25.623,25.645,25.698,25.728,25.765,25.818,25.847,25.855,25.87,25.847,25.818,25.81,25.803,25.788,25.803,25.803,25.87,25.93,25.975,26.124,26.131,26.251,26.303,26.385,26.385,26.437,26.452,26.392,26.452,26.37,26.325,26.265,26.258,26.251,26.228,26.213,26.228,26.206,26.221,26.198,26.198,26.183,26.198,26.213,26.236,26.265,26.288,26.295,26.318,26.325,26.31,26.347,26.362,26.377,26.399,26.459,26.444,26.489,26.466,26.511,26.533,26.585,26.63,26.674,26.719,26.734,26.8,26.808,26.763,26.734,26.756,26.541,26.712,26.437,26.273,25.81,25.345,25.157,24.439,24.333,24.341,24.303,24.265,24.272,24.257,24.219,24.181,24.211,24.219,24.219,24.211,24.204,24.158,24.158,24.173,24.113,24.097,24.082,24.067,24.09,24.082,24.075,24.067,24.075,23.976,24.075,24.037,24.052,24.029,23.983,23.968,23.968,23.968,23.991,23.96,23.938,23.93,23.915,23.915,23.915,23.907,23.922,23.915,23.922,23.922,23.892,23.922,23.892,23.877,23.877,23.877,23.823,23.831,23.838,23.808,23.808,23.8,23.8,23.861,23.785,23.755,23.739,23.732,23.777,23.785,23.8,23.808,23.755,23.762,23.785,23.777,23.755,23.739,23.777,23.709,23.709,23.739,23.747,23.747,23.716,23.739,23.732,23.709,23.716,23.709,23.709,23.732,23.732,23.732,23.724,23.724,23.716,23.693,23.678
,23.533,23.502,23.495,23.51,23.533,23.518,23.502,23.479,23.502,23.487,23.525,23.487,23.525,23.533,23.518,23.487,23.525,23.525,23.533,23.564,23.564,23.533,23.564,23.533,23.556,23.564,23.564,23.564,23.579,23.541,23.564,23.556,23.556,23.571,23.541,23.571,23.571,23.571,23.579,23.586,23.602,23.609,23.602,23.594,23.594,23.594,23.594,23.594,23.594,23.609,23.617,23.625,23.617,23.617,23.617,23.617,23.632,23.64,23.663,23.678,23.632,23.678,23.678,23.655,23.663,23.64,23.663,23.655,23.709,23.693,23.693,23.724,23.693,23.716,23.716,23.724,23.732,23.739,23.732,23.732,23.739,23.716,23.671,23.701,23.716,23.777,23.816,23.808,23.816,23.838,23.838,23.838,23.838,23.831,23.823,23.823,23.823,23.831,23.846,23.861,23.854,23.861,23.877,23.877,23.884,23.884,23.869,23.892,23.892,23.922,23.922,23.953,23.96,23.998,24.021,24.029,24.113,24.128,24.189,24.189,24.363,24.712,26.004,27.06,27.664,27.804,27.796,27.818,27.826,27.826,27.818,27.804,27.774,27.826,27.958,28.075,28.046,28.082,28.126,28.148,28.068,28.075,28.09,28.068,28.068,28.031,28.038,27.958,27.943,27.943,27.921,27.848,27.804,27.694,27.649,27.583,27.458,27.384,27.392,27.252,27.178,27.089,27.052,26.926,26.778,26.749,26.712,26.578,26.37,26.288,26.258,26.087,26.079,26.094,26.064,26.012,25.967,25.945,25.922,25.9,25.877,25.862,25.847,25.795,25.758,25.758,25.765,25.728,25.713,25.69,25.66,25.623,25.593,25.593,25.608,25.615,25.66,25.743,25.795,25.862,25.975,25.997,26.161,26.206,26.362,26.904,27.465,28.87,29.226,29.558,29.659,29.638,29.732,29.76,29.739,29.724,29.645,29.544,28.71,26.645,26.303,26.414,26.511,26.481,26.541,26.6,26.652,26.741,26.778,26.763,26.8,26.83,26.778,26.83,26.8,26.778,26.763,26.8,26.763,26.8,26.778,26.778,26.815,26.815,26.845,26.867,26.867,26.941,26.956,27.015,27.023,27.015,27.037,27.06,26.971,26.904,26.793,26.652,26.622,26.652,26.682,26.734,26.867,26.934,27.207,27.598,27.716,27.738,27.943,28.207,28.601,29.044,28.965,27.906,27.569,27.62,27.627,27.561,27.598,27.642,27.576,27.664,27.657,27.73,27.767,27.855,27.862,27.95,28.082,28.404,28.455,28.674,28.732,29.139,29.421,29.659,29.76,29.775,29.696,29.739,29.753,29.753,29.385,29.247,28.928,28.812,28.812,28.812,28.848,28.848,28.936,29.088,29.218,29.515,29.551,29.739,29.861,29.969,30.135,30.285,30.4,30.4,30.443,30.465,30.35,30.214,30.041,29.854,29.117,29.124,29.095,29.117,29.226,29.479,29.652,29.948,30.192,30.3,30.407,30.515,30.586,30.636,30.579,30.529,30.293,30.135,30.07,30.012,30.012,30.056,30.106,30.178,30.206,30.228,30.285,30.257,30.257,30.149,29.796,29.645,29.218,29.168,28.579,28.316,27.95,27.701,27.554,27.561,27.517,27.554,27.532,27.554,28.375,29.465,29.976,30.565,30.665,30.672,30.815,30.836,30.772,30.693,30.515,30.228,30.149,29.818,29.522,29.392,28.747,28.367,28.236,27.936,27.569,27.17,26.956,26.793,26.63,26.667,26.66,27.686,28.031,28.016,27.994,27.95,27.87,27.84,27.796,27.657,27.517,27.436,27.384,27.259,27.215,27.104,27.097,27.06,27.015,26.963,26.963,26.926,26.926,26.934,26.949,26.941,26.956,26.941,26.897,26.823,26.808,26.697,26.652,26.57,26.556,26.511,26.511,26.496,26.541,26.6,26.823,27.03,26.28,25.997,25.675,25.217,25.059,25.067,24.916,24.848,24.795,24.727,24.735,24.742,24.78,24.81,24.863,24.999,25.097,25.18,25.277,25.368,25.443,25.548,25.503,25.57,25.585,25.593,25.638,25.653,25.735,25.728,25.84,25.855,25.862,25.847,25.818,25.825,25.847,25.825,25.795,25.788,25.78,25.803,25.87,25.937,25.967,26.094,26.146,26.228,26.347,26.37,26.437,26.466,26.466,26.452,26.422,26.377,26.347,26.265,26.28,26.273,26.243,26.243,26.236,26.243,26.236,26.243,26.236,26.198,26.221,26.228,26.213,26.273,26.31,26.318,26.333,26.325,26.318,26.355,26.355,26.34,26.452,26.437,26.466,26.496,26.504,26.533,26.548,26.637,26.637,26.749,26.712,26.741,26.838,26.934,26.904,26.926,26.897,26.941,26.912,26.904,26.712,26.704,26.407,25.87,25.405,24.659,24.416,24.318,24.318,24.295,24.295,24.227,24.219,24.234,24.219,24.227,24.227,24.189,24.158,24.181,24.158,24.113,24.097,24.105,24.067,24.082,24.09,24.059,24.067,24.059,24.075,24.059,24.044,24.021,24.021,24.006,23.983,23.96,23.983,23.96,23.976,23.953,23.945,23.915,23.915,23.93,23.915,23.907,23.915,23.922,23.915,23.938,23.892,23.884,23.884,23.869,23.861,23.854,23.808,23.854,23.793,23.785,23.808,23.8,23.838,23.816,23.777,23.762,23.755,23.762,23.77,23.838,23.816,23.785,23.777,23.762,23.785,23.747,23.755,23.755,23.732,23.701,23.739,23.716,23.716,23.739,23.732,23.724,23.709,23.701,23.724,23.716,23.724,23.747,23.739,23.716,23.716,23.693,23.686,23.693
,23.51,23.487,23.487,23.502,23.51,23.51,23.472,23.51,23.502,23.495,23.533,23.51,23.495,23.472,23.51,23.51,23.502,23.525,23.525,23.518,23.533,23.525,23.556,23.548,23.556,23.541,23.525,23.564,23.541,23.541,23.556,23.564,23.556,23.556,23.548,23.564,23.556,23.541,23.571,23.586,23.602,23.602,23.602,23.586,23.586,23.594,23.579,23.579,23.594,23.609,23.602,23.648,23.617,23.64,23.609,23.625,23.632,23.64,23.64,23.655,23.663,23.655,23.663,23.632,23.64,23.663,23.678,23.686,23.671,23.686,23.709,23.686,23.716,23.693,23.716,23.709,23.724,23.739,23.739,23.732,23.732,23.732,23.709,23.709,23.732,23.785,23.808,23.8,23.808,23.823,23.838,23.846,23.846,23.838,23.831,23.823,23.831,23.831,23.846,23.854,23.854,23.861,23.877,23.899,23.899,23.915,23.892,23.899,23.907,23.938,23.96,23.991,23.991,23.991,24.037,24.075,24.189,24.211,24.272,24.257,25.323,26.533,27.473,27.855,27.818,27.84,27.84,27.84,27.862,27.84,27.855,27.877,27.928,28.009,28.068,28.126,28.141,28.148,28.185,28.163,28.141,28.148,28.134,28.119,28.082,28.06,28.053,27.994,27.972,27.943,27.855,27.855,27.745,27.73,27.664,27.561,27.488,27.333,27.281,27.274,27.178,27.104,26.956,26.867,26.726,26.786,26.63,26.325,26.28,26.221,26.191,26.131,26.087,26.064,26.034,25.989,25.967,25.937,25.922,25.885,25.877,25.847,25.847,25.818,25.788,25.765,25.75,25.728,25.705,25.683,25.66,25.615,25.6,25.6,25.593,25.63,25.668,25.728,25.803,25.9,26.012,25.997,26.139,26.362,26.489,26.963,27.833,28.877,29.305,29.558,29.681,29.58,29.696,29.688,29.674,29.652,29.587,29.421,27.811,26.414,26.325,26.444,26.474,26.511,26.578,26.585,26.66,26.778,26.771,26.875,26.897,26.904,26.897,26.941,26.882,26.852,26.845,26.875,26.838,26.823,26.845,26.8,26.808,26.786,26.83,26.852,26.889,26.912,26.934,26.956,26.971,27.015,27.008,26.978,26.956,26.786,26.645,26.622,26.622,26.63,26.771,26.823,26.845,26.934,26.986,27.34,27.62,27.811,28.214,28.367,28.404,29.066,28.965,27.906,27.642,27.488,27.524,27.554,27.517,27.502,27.532,27.554,27.583,27.598,27.605,27.789,27.782,27.855,28.104,28.177,28.141,28.564,28.885,29.059,29.146,29.436,29.537,29.681,29.703,29.609,29.652,29.436,29.378,29.204,29.233,28.768,28.797,28.805,28.819,28.827,28.899,29.044,29.204,29.269,29.479,29.688,29.775,29.955,29.905,30.077,30.285,30.393,30.35,30.336,30.228,30.178,29.976,29.182,29.081,29.052,29.095,29.175,29.175,29.515,29.508,29.789,29.991,30.285,30.407,30.443,30.593,30.465,30.357,30.35,30.214,30.149,30.02,30.034,30.034,30.048,30.113,30.142,30.199,30.149,30.091,30.077,29.926,29.847,29.739,29.399,29.204,28.732,28.411,28.221,27.679,27.532,27.502,27.458,27.48,27.51,27.51,27.73,28.885,29.602,30.077,30.472,30.586,30.622,30.6,30.629,30.529,30.615,30.5,30.45,29.825,29.696,29.291,28.979,28.659,28.221,27.965,27.752,27.399,27.17,26.793,26.719,26.578,26.548,26.741,27.627,27.965,27.98,27.972,27.906,27.855,27.826,27.767,27.664,27.539,27.436,27.318,27.296,27.156,27.082,27.06,27.015,27.008,26.963,26.912,26.904,26.912,26.912,26.949,26.963,26.956,26.949,26.926,26.86,26.786,26.712,26.667,26.6,26.556,26.526,26.518,26.541,26.622,26.585,26.726,27.266,26.838,26.191,25.623,25.413,25.127,25.089,24.901,24.878,24.803,24.742,24.757,24.757,24.78,24.81,24.855,25.097,25.104,25.052,25.315,25.33,25.383,25.398,25.458,25.548,25.57,25.585,25.638,25.713,25.698,25.735,25.81,25.84,25.855,25.832,25.84,25.847,25.832,25.81,25.78,25.803,25.78,25.81,25.847,25.9,25.989,26.101,26.154,26.191,26.288,26.377,26.437,26.444,26.437,26.437,26.489,26.325,26.303,26.273,26.258,26.265,26.265,26.258,26.243,26.243,26.258,26.258,26.236,26.221,26.221,26.258,26.295,26.333,26.333,26.355,26.347,26.385,26.34,26.34,26.377,26.377,26.452,26.466,26.474,26.489,26.489,26.533,26.578,26.63,26.652,26.749,26.786,26.793,26.919,26.978,27.015,27,27.082,27.06,26.986,27.119,27.06,26.904,26.778,26.823,26.63,25.563,25.149,24.719,24.356,24.416,24.303,24.287,24.257,24.234,24.234,24.227,24.227,24.211,24.189,24.189,24.166,24.143,24.128,24.105,24.12,24.12,24.105,24.067,24.09,24.113,24.037,24.052,24.037,24.044,24.021,24.006,23.976,23.998,23.96,23.96,23.93,23.938,23.968,23.96,23.953,23.915,23.899,23.907,23.907,23.922,23.938,23.907,23.93,23.877,23.915,23.861,23.854,23.869,23.846,23.846,23.831,23.846,23.816,23.777,23.823,23.846,23.823,23.762,23.739,23.777,23.785,23.8,23.816,23.816,23.77,23.755,23.777,23.762,23.762,23.755,23.701,23.724,23.724,23.747,23.739,23.732,23.732,23.724,23.724,23.747,23.724,23.732,23.739,23.724,23.732,23.739,23.709,23.701,23.686,23.632
,23.541,23.525,23.518,23.487,23.51,23.502,23.495,23.518,23.502,23.518,23.533,23.518,23.495,23.525,23.495,23.518,23.525,23.502,23.502,23.548,23.548,23.533,23.548,23.541,23.548,23.548,23.533,23.533,23.541,23.556,23.594,23.548,23.564,23.556,23.564,23.556,23.556,23.564,23.556,23.609,23.594,23.602,23.602,23.594,23.586,23.586,23.617,23.571,23.602,23.602,23.609,23.617,23.625,23.609,23.632,23.625,23.602,23.632,23.648,23.625,23.663,23.663,23.648,23.648,23.648,23.64,23.64,23.64,23.671,23.686,23.686,23.671,23.709,23.747,23.693,23.709,23.724,23.724,23.724,23.755,23.739,23.716,23.732,23.716,23.732,23.739,23.793,23.785,23.816,23.823,23.816,23.838,23.838,23.823,23.838,23.831,23.823,23.838,23.846,23.854,23.861,23.877,23.877,23.892,23.892,23.907,23.907,23.899,23.938,23.968,23.983,24.029,24.037,24.09,24.113,24.158,24.166,24.265,24.78,25.885,27.296,27.774,27.84,27.862,27.936,27.958,27.914,27.848,27.899,27.921,27.958,28.016,28.038,28.104,28.141,28.163,28.177,28.214,28.221,28.207,28.192,28.185,28.163,28.126,28.119,28.06,28.046,28.016,27.95,27.921,27.833,27.804,27.767,27.686,27.627,27.613,27.51,27.274,27.237,27.178,27.104,26.934,26.956,26.778,26.763,26.682,26.57,26.295,26.28,26.206,26.146,26.109,26.087,26.049,26.004,25.989,25.937,25.922,25.892,25.877,25.862,25.847,25.84,25.825,25.788,25.758,25.758,25.72,25.683,25.66,25.63,25.615,25.6,25.6,25.608,25.675,25.72,25.75,25.907,25.96,26.042,26.131,26.221,26.414,26.697,27.34,28.848,29.161,29.284,29.414,29.537,29.638,29.638,29.659,29.652,29.573,29.587,28.921,27.074,26.362,26.325,26.385,26.452,26.548,26.556,26.6,26.8,26.823,26.867,26.904,26.934,26.971,26.978,26.963,26.956,26.986,26.978,26.956,26.882,26.845,26.867,26.845,26.838,26.8,26.815,26.838,26.867,26.897,26.919,26.926,26.949,26.934,26.934,26.919,26.882,26.793,26.578,26.578,26.57,26.63,26.734,26.726,27.008,27.097,27.303,27.407,27.605,27.811,28.287,28.477,28.87,29.124,28.747,27.855,27.421,27.407,27.436,27.429,27.429,27.465,27.495,27.451,27.473,27.48,27.605,27.723,27.73,27.745,27.811,28.068,28.134,28.506,28.681,28.848,28.885,29.073,29.349,29.501,29.616,29.558,29.515,29.399,29.24,29.11,29.066,28.79,28.754,28.761,28.768,28.797,28.819,28.95,29.102,29.269,29.385,29.414,29.58,29.811,29.933,29.991,30.041,30.127,30.285,30.199,30.221,30.178,29.854,29.363,29.052,29.052,29.073,29.168,29.211,29.465,29.573,29.659,30.214,30.206,30.357,30.429,30.343,30.364,30.264,30.214,30.113,30.07,30.027,30.02,30.027,30.063,30.099,30.127,30.135,30.12,30.034,29.861,29.883,29.818,29.327,29.204,28.928,28.448,27.848,27.745,27.488,27.458,27.377,27.421,27.414,27.488,27.502,28.499,29.218,29.94,30.249,30.422,30.422,30.472,30.558,30.457,30.414,30.429,29.998,29.905,29.724,29.544,29.291,28.623,28.419,28.265,27.921,27.774,27.215,26.956,26.712,26.622,26.548,26.548,26.541,27.561,27.884,27.921,27.877,27.84,27.848,27.782,27.657,27.554,27.443,27.348,27.296,27.244,27.082,27.045,27.037,26.986,26.956,26.934,26.889,26.889,26.904,26.904,26.934,26.963,26.978,26.963,26.934,26.882,26.823,26.749,26.682,26.645,26.57,26.526,26.511,26.526,26.526,26.57,26.726,26.926,27.119,26.019,25.698,25.36,25.232,25.052,24.976,24.848,24.84,24.765,24.75,24.765,24.765,24.803,24.878,24.946,25.029,24.991,25.195,25.277,25.353,25.428,25.465,25.54,25.54,25.578,25.585,25.623,25.705,25.743,25.788,25.832,25.847,25.832,25.84,25.847,25.832,25.832,25.818,25.735,25.758,25.75,25.773,25.87,25.975,25.997,26.146,26.213,26.318,26.34,26.399,26.429,26.459,26.459,26.399,26.325,26.355,26.28,26.288,26.28,26.265,26.251,26.28,26.265,26.258,26.265,26.265,26.228,26.251,26.251,26.295,26.318,26.318,26.347,26.34,26.362,26.355,26.377,26.407,26.407,26.466,26.496,26.459,26.511,26.511,26.541,26.585,26.637,26.734,26.815,26.845,26.815,26.941,27.008,27.097,27.074,27.126,27.207,27.185,27.281,27.111,27.17,26.963,26.852,26.756,26.481,26.027,25.277,24.53,24.56,24.386,24.401,24.303,24.28,24.265,24.242,24.234,24.204,24.166,24.189,24.173,24.135,24.135,24.113,24.105,24.113,24.113,24.12,24.097,24.113,24.052,24.059,24.021,24.044,24.014,24.006,23.983,23.991,23.96,23.945,23.991,23.953,23.96,23.953,23.945,23.953,23.907,23.915,23.907,23.998,23.953,23.899,23.892,23.899,23.869,23.884,23.846,23.831,23.816,23.854,23.854,23.808,23.831,23.816,23.808,23.785,23.808,23.762,23.739,23.747,23.77,23.8,23.77,23.808,23.777,23.755,23.777,23.777,23.777,23.747,23.793,23.739,23.716,23.716,23.701,23.716,23.716,23.732,23.739,23.739,23.732,23.716,23.739,23.724,23.716,23.724,23.716,23.686,23.686,23.64
,23.533,23.525,23.51,23.518,23.502,23.495,23.472,23.495,23.502,23.51,23.533,23.502,23.479,23.479,23.541,23.518,23.541,23.533,23.502,23.541,23.541,23.556,23.548,23.556,23.548,23.548,23.556,23.533,23.548,23.525,23.556,23.579,23.579,23.586,23.564,23.556,23.548,23.556,23.548,23.586,23.625,23.602,23.625,23.586,23.586,23.556,23.602,23.586,23.594,23.586,23.609,23.602,23.632,23.632,23.617,23.64,23.609,23.609,23.609,23.617,23.648,23.678,23.648,23.655,23.632,23.632,23.663,23.678,23.663,23.678,23.709,23.648,23.716,23.755,23.709,23.701,23.724,23.716,23.709,23.724,23.716,23.716,23.709,23.701,23.732,23.762,23.793,23.785,23.8,23.816,23.777,23.838,23.854,23.831,23.823,23.854,23.861,23.869,23.854,23.869,23.877,23.869,23.899,23.899,23.915,23.915,23.922,23.945,23.96,23.983,24.021,24.044,24.113,24.097,24.173,24.265,24.287,24.908,26.414,27.178,27.848,27.848,27.899,27.95,27.914,27.87,27.914,27.936,27.958,28.016,28.038,28.075,28.134,28.155,28.207,28.229,28.236,28.258,28.258,28.265,28.251,28.199,28.207,28.17,28.148,28.075,28.038,27.965,27.899,27.884,27.84,27.76,27.723,27.657,27.583,27.569,27.429,27.296,27.119,27.111,27.052,26.926,26.882,26.763,26.57,26.511,26.489,26.355,26.31,26.169,26.161,26.109,26.064,26.034,25.997,25.96,25.93,25.922,25.892,25.877,25.87,25.855,25.832,25.81,25.78,25.75,25.735,25.69,25.675,25.653,25.615,25.6,25.608,25.63,25.675,25.683,25.698,25.795,25.832,26.042,26.116,26.124,26.28,26.548,26.867,27.958,29.044,29.276,29.32,29.465,29.501,29.573,29.602,29.609,29.558,29.616,29.479,28.594,26.57,26.325,26.318,26.459,26.489,26.548,26.6,26.682,26.749,26.823,26.956,27.023,27.045,27.045,27.06,27.052,27.03,27.052,27.008,26.986,26.956,26.889,26.889,26.838,26.845,26.815,26.815,26.838,26.852,26.889,26.912,26.926,26.904,26.926,26.919,26.882,26.838,26.667,26.57,26.518,26.541,26.556,26.674,26.793,26.875,27.104,27.318,27.451,27.524,27.723,27.906,28.229,28.623,28.877,28.754,27.928,27.333,27.296,27.34,27.37,27.37,27.362,27.303,27.303,27.384,27.451,27.473,27.524,27.62,27.701,27.708,28.002,28.009,28.404,28.615,28.747,28.827,29.037,29.291,29.385,29.407,29.436,29.414,29.276,29.247,29.102,28.907,28.827,28.739,28.754,28.739,28.783,28.819,28.95,29.023,29.247,29.247,29.363,29.407,29.616,29.832,29.984,30.056,30.12,30.07,30.113,30.099,30.156,29.832,29.204,29.023,29.023,29.037,29.073,29.255,29.508,29.558,29.905,30.056,30.214,30.135,30.271,30.235,30.199,30.192,30.091,30.063,30.07,30.005,30.048,30.041,30.041,30.063,30.056,30.048,29.976,29.955,29.869,29.789,29.269,29.073,28.863,28.579,28.112,27.818,27.473,27.399,27.34,27.377,27.318,27.407,27.465,27.546,28.739,29.262,30.135,30.206,30.307,30.379,30.422,30.314,30.357,30.171,30.099,29.991,29.832,29.414,29.37,29.008,28.63,28.163,27.906,27.818,27.429,27.185,26.734,26.6,26.556,26.526,26.481,26.526,27.502,27.884,27.738,27.877,27.833,27.782,27.716,27.62,27.591,27.451,27.377,27.303,27.156,27.067,27.052,27.023,26.963,26.949,26.919,26.889,26.852,26.86,26.882,26.949,26.978,26.956,26.963,26.956,26.889,26.845,26.778,26.749,26.667,26.556,26.511,26.496,26.496,26.496,26.57,26.741,27.082,27.163,26.31,25.989,25.39,25.217,25.18,25.006,24.946,24.825,24.787,24.772,24.75,24.735,24.772,24.825,24.893,24.946,24.984,25.142,25.225,25.338,25.36,25.428,25.48,25.473,25.518,25.563,25.615,25.713,25.78,25.855,25.847,25.832,25.84,25.818,25.803,25.818,25.75,25.735,25.72,25.728,25.713,25.75,25.87,25.9,25.93,26.027,26.034,26.265,26.34,26.392,26.422,26.437,26.444,26.422,26.31,26.31,26.288,26.28,26.303,26.295,26.273,26.265,26.265,26.265,26.251,26.243,26.251,26.243,26.258,26.295,26.355,26.355,26.333,26.355,26.355,26.385,26.399,26.422,26.459,26.444,26.526,26.526,26.526,26.533,26.556,26.593,26.697,26.712,26.793,26.845,26.963,27.023,27.03,27.052,27.133,27.178,27.17,27.274,27.311,27.34,27.311,27.259,27.133,27.119,26.845,26.622,26.087,25.435,24.803,24.598,24.439,24.356,24.287,24.249,24.242,24.227,24.234,24.173,24.166,24.151,24.151,24.151,24.143,24.12,24.158,24.12,24.12,24.09,24.067,24.059,24.052,24.029,24.037,24.006,24.006,23.998,23.983,23.945,23.953,23.96,23.968,23.96,23.976,23.991,23.953,23.915,23.892,23.884,23.945,23.922,23.899,23.892,23.892,23.869,23.877,23.823,23.854,23.831,23.892,23.831,23.838,23.854,23.823,23.793,23.716,23.785,23.716,23.739,23.777,23.785,23.777,23.8,23.785,23.793,23.831,23.777,23.755,23.724,23.8,23.739,23.686,23.747,23.701,23.716,23.739,23.701,23.716,23.739,23.762,23.739,23.739,23.724,23.716,23.716,23.709,23.701,23.693,23.64,23.671
,23.548,23.518,23.518,23.525,23.487,23.487,23.502,23.487,23.472,23.487,23.487,23.464,23.51,23.518,23.533,23.518,23.533,23.51,23.502,23.533,23.548,23.548,23.564,23.548,23.533,23.525,23.51,23.556,23.525,23.556,23.541,23.548,23.579,23.571,23.548,23.556,23.541,23.556,23.548,23.548,23.579,23.586,23.609,23.579,23.594,23.594,23.579,23.564,23.594,23.579,23.602,23.594,23.617,23.64,23.632,23.625,23.602,23.594,23.64,23.617,23.632,23.671,23.663,23.655,23.632,23.648,23.648,23.648,23.655,23.678,23.693,23.678,23.716,23.686,23.724,23.724,23.716,23.709,23.716,23.724,23.724,23.724,23.724,23.716,23.724,23.747,23.777,23.777,23.793,23.8,23.8,23.816,23.777,23.831,23.877,23.838,23.861,23.869,23.877,23.854,23.869,23.884,23.877,23.907,23.907,23.938,23.93,23.953,23.983,24.006,24.021,24.075,24.166,24.211,24.196,24.272,25.33,26.689,27.207,27.833,27.892,27.906,27.899,27.958,27.921,27.98,27.98,27.98,28.016,28.038,28.104,28.155,28.192,28.243,28.331,28.294,28.28,28.28,28.294,28.309,28.294,28.258,28.236,28.163,28.141,28.075,28.024,27.987,27.921,27.884,27.826,27.76,27.686,27.635,27.613,27.539,27.252,27.193,27.074,27.052,27.008,26.919,26.771,26.8,26.593,26.333,26.295,26.236,26.236,26.154,26.087,26.064,26.057,26.012,26.004,25.975,25.93,25.915,25.9,25.877,25.862,25.84,25.818,25.818,25.765,25.735,25.713,25.69,25.653,25.63,25.6,25.645,25.585,25.608,25.668,25.713,25.735,25.803,25.885,26.064,26.116,26.139,26.258,26.511,27.451,28.805,29.211,29.24,29.385,29.421,29.472,29.508,29.58,29.58,29.443,29.501,29.001,27.414,26.273,26.288,26.288,26.407,26.496,26.489,26.556,26.689,26.912,26.912,26.926,27.074,27.097,27.089,27.104,27.089,27.074,27.104,27.037,27.023,27.015,26.941,26.941,26.897,26.867,26.838,26.808,26.845,26.845,26.838,26.845,26.882,26.904,26.882,26.867,26.852,26.712,26.608,26.533,26.518,26.526,26.563,26.704,26.808,26.882,26.941,27.281,27.399,27.451,27.671,27.936,27.994,28.666,28.776,28.768,27.928,27.281,27.303,27.281,27.252,27.237,27.303,27.259,27.303,27.252,27.311,27.237,27.362,27.443,27.473,27.664,27.767,27.811,28.024,28.36,28.601,28.768,28.921,28.936,29.197,29.269,29.385,29.327,29.175,29.218,28.994,28.863,28.776,28.725,28.71,28.703,28.732,28.768,28.87,29.03,29.124,29.189,29.24,29.298,29.37,29.573,29.919,29.962,29.991,30.056,30.07,30.113,30.027,29.832,29.443,29.015,29.008,29.037,29.11,29.081,29.399,29.645,29.703,29.919,30.099,30.142,30.156,30.135,30.149,30.149,30.091,30.07,30.034,30.012,30.012,30.012,30.02,30.034,30.027,29.998,29.854,29.825,29.732,29.414,29.226,28.972,28.696,27.95,27.928,27.517,27.348,27.384,27.281,27.289,27.303,27.318,27.37,27.928,28.986,29.436,29.933,30.091,30.206,30.278,30.278,30.257,30.221,29.998,29.876,29.623,29.457,29.305,29.284,28.637,28.214,27.884,27.671,27.561,27.429,27.237,26.704,26.556,26.481,26.466,26.444,26.444,27.414,27.583,27.701,27.782,27.76,27.723,27.671,27.657,27.569,27.407,27.325,27.178,27.104,27.082,27.023,26.986,26.956,26.919,26.897,26.86,26.852,26.845,26.875,26.904,26.956,26.971,26.963,26.971,26.912,26.86,26.749,26.704,26.637,26.556,26.489,26.466,26.481,26.496,26.518,26.504,26.971,27.377,26.749,26.161,25.81,25.277,25.202,25.074,24.969,24.893,24.795,24.795,24.742,24.757,24.818,24.855,24.886,24.938,24.976,25.082,25.195,25.345,25.3,25.33,25.368,25.443,25.51,25.518,25.555,25.713,25.75,25.75,25.795,25.818,25.825,25.81,25.795,25.765,25.735,25.735,25.705,25.705,25.713,25.735,25.825,25.87,25.952,25.967,26.124,26.243,26.34,26.377,26.407,26.444,26.399,26.399,26.34,26.333,26.295,26.31,26.303,26.28,26.273,26.288,26.273,26.28,26.265,26.251,26.243,26.243,26.251,26.265,26.288,26.318,26.362,26.355,26.355,26.385,26.429,26.444,26.481,26.533,26.511,26.548,26.533,26.578,26.556,26.593,26.712,26.741,26.793,26.852,26.986,27.052,27.119,27.097,27.119,27.392,27.318,27.377,27.436,27.392,27.436,27.333,27.281,27.148,27.052,26.845,26.63,26.392,25.78,25.225,24.492,24.348,24.371,24.287,24.219,24.196,24.196,24.166,24.158,24.158,24.158,24.151,24.158,24.158,24.166,24.135,24.135,24.097,24.082,24.075,24.052,24.044,24.037,24.014,24.029,24.014,23.976,23.976,23.976,23.968,23.953,23.983,23.976,23.983,23.953,23.938,23.96,23.922,23.998,23.968,23.892,23.93,23.854,23.846,23.877,23.899,23.869,23.823,23.831,23.808,23.846,23.823,23.816,23.8,23.793,23.8,23.739,23.762,23.77,23.8,23.77,23.793,23.755,23.793,23.755,23.777,23.77,23.747,23.732,23.709,23.732,23.739,23.716,23.709,23.709,23.732,23.716,23.716,23.724,23.724,23.739,23.709,23.709,23.701,23.693,23.686,23.693,23.678,23.686
,23.533,23.502,23.548,23.51,23.518,23.525,23.51,23.487,23.479,23.464,23.495,23.487,23.464,23.487,23.502,23.51,23.533,23.533,23.502,23.541,23.579,23.586,23.571,23.548,23.548,23.548,23.541,23.548,23.541,23.548,23.571,23.533,23.556,23.541,23.548,23.548,23.533,23.548,23.556,23.556,23.586,23.564,23.579,23.594,23.609,23.594,23.602,23.586,23.579,23.586,23.586,23.609,23.617,23.625,23.632,23.64,23.625,23.594,23.617,23.64,23.64,23.648,23.632,23.632,23.632,23.655,23.663,23.678,23.701,23.678,23.732,23.671,23.716,23.709,23.701,23.716,23.709,23.716,23.732,23.724,23.716,23.724,23.732,23.701,23.724,23.762,23.755,23.762,23.785,23.785,23.793,23.808,23.831,23.762,23.823,23.808,23.846,23.861,23.877,23.877,23.869,23.877,23.877,23.899,23.922,23.938,23.96,23.976,24.014,24.006,24.059,24.105,24.234,24.227,24.432,25.922,26.882,27.789,27.826,27.848,27.877,27.906,27.906,27.958,28.024,28.075,28.155,28.104,28.126,28.112,28.185,28.214,28.251,28.346,28.338,28.367,28.316,28.346,28.324,28.309,28.294,28.294,28.229,28.207,28.148,28.075,28.046,27.965,27.928,27.833,27.752,27.694,27.671,27.605,27.421,27.384,27.244,27.163,27.045,27.03,26.963,26.904,26.912,26.667,26.511,26.414,26.37,26.206,26.198,26.176,26.109,26.079,26.042,26.027,25.989,25.975,25.967,25.93,25.922,25.9,25.885,25.847,25.84,25.795,25.735,25.728,25.698,25.645,25.638,25.63,25.585,25.608,25.615,25.608,25.668,25.728,25.765,25.825,25.93,26.087,26.087,26.221,26.243,26.823,27.811,29.139,29.226,29.32,29.392,29.443,29.472,29.493,29.515,29.522,29.457,29.407,28.681,26.563,26.258,26.265,26.355,26.474,26.489,26.578,26.682,26.778,26.815,26.963,27.089,27.104,27.133,27.148,27.148,27.163,27.148,27.148,27.133,27.111,27.045,26.993,26.986,26.926,26.912,26.882,26.838,26.838,26.83,26.867,26.904,26.889,26.875,26.867,26.852,26.786,26.66,26.593,26.548,26.518,26.526,26.585,26.734,26.978,26.963,27.052,27.17,27.488,27.524,27.671,27.994,28.053,28.732,28.819,28.805,27.87,27.2,27.215,27.207,27.207,27.207,27.185,27.178,27.207,27.126,27.148,27.237,27.207,27.348,27.524,27.443,27.723,27.84,28.046,28.09,28.55,28.688,28.666,28.928,29.052,29.197,29.146,29.204,29.139,29.11,29.001,28.856,28.783,28.703,28.681,28.696,28.717,28.768,28.827,28.841,28.972,29.052,29.132,29.088,29.298,29.37,29.457,29.782,29.94,29.969,29.912,29.876,29.818,29.818,29.247,29.03,28.994,29.001,29.015,29.298,29.443,29.522,29.768,29.933,29.991,30.034,30.07,30.106,30.048,30.063,30.005,30.027,29.984,29.969,29.962,29.976,29.984,29.991,29.948,29.688,29.912,29.631,29.659,29.334,28.914,28.492,28.053,27.98,27.473,27.325,27.244,27.259,27.2,27.244,27.296,27.311,27.635,28.739,29.269,29.638,29.818,30.077,30.12,30.113,30.113,30.091,30.106,29.984,29.717,29.602,29.428,29.276,28.856,28.419,28.287,27.877,27.664,27.421,27.133,27,26.66,26.541,26.459,26.429,26.37,26.437,27.082,27.517,27.649,27.671,27.738,27.708,27.694,27.598,27.591,27.458,27.311,27.185,27.141,27.074,27.023,26.978,26.949,26.919,26.875,26.852,26.86,26.845,26.882,26.912,26.956,26.956,27.015,26.986,26.956,26.926,26.808,26.741,26.734,26.645,26.526,26.481,26.459,26.459,26.578,26.645,26.771,27.362,27.052,26.079,25.975,25.435,25.292,25.074,24.938,24.946,24.84,24.772,24.742,24.772,24.787,24.84,24.878,24.931,24.931,25.021,25.097,25.187,25.292,25.262,25.315,25.345,25.405,25.48,25.533,25.57,25.728,25.72,25.803,25.818,25.795,25.818,25.765,25.75,25.735,25.675,25.675,25.69,25.705,25.72,25.788,25.84,25.922,26.012,26.094,26.183,26.236,26.355,26.399,26.422,26.414,26.407,26.333,26.355,26.34,26.288,26.31,26.273,26.303,26.273,26.303,26.288,26.273,26.258,26.228,26.236,26.258,26.273,26.251,26.273,26.288,26.31,26.347,26.407,26.385,26.481,26.518,26.57,26.585,26.563,26.585,26.556,26.585,26.66,26.712,26.763,26.852,26.897,26.941,26.993,27.03,27.119,27.237,27.34,27.348,27.348,27.451,27.443,27.458,27.384,27.333,27.281,27.133,27.207,26.941,26.645,26.377,26.154,25.405,24.553,24.416,24.432,24.265,24.234,24.227,24.181,24.181,24.173,24.166,24.158,24.173,24.158,24.151,24.143,24.113,24.12,24.097,24.082,24.059,24.029,24.037,24.044,24.037,23.998,23.998,23.983,23.976,23.976,23.991,23.998,23.998,23.983,23.945,23.945,23.938,23.93,23.93,23.907,23.953,23.93,23.915,23.899,23.854,23.831,23.869,23.816,23.854,23.823,23.831,23.808,23.823,23.838,23.762,23.785,23.816,23.777,23.739,23.732,23.785,23.716,23.785,23.793,23.777,23.762,23.739,23.693,23.701,23.724,23.724,23.709,23.693,23.701,23.709,23.701,23.701,23.724,23.686,23.701,23.693,23.701,23.693,23.701,23.693,23.678,23.671,23.686,23.693
,23.495,23.525,23.487,23.479,23.487,23.487,23.464,23.495,23.495,23.472,23.495,23.456,23.479,23.495,23.487,23.495,23.541,23.533,23.541,23.541,23.548,23.556,23.571,23.564,23.525,23.525,23.487,23.518,23.548,23.502,23.548,23.502,23.502,23.518,23.525,23.525,23.518,23.564,23.571,23.556,23.571,23.579,23.571,23.571,23.586,23.556,23.579,23.586,23.602,23.594,23.548,23.602,23.579,23.632,23.632,23.632,23.625,23.625,23.609,23.617,23.617,23.655,23.64,23.648,23.663,23.671,23.671,23.678,23.701,23.678,23.693,23.693,23.693,23.701,23.693,23.693,23.701,23.701,23.716,23.724,23.716,23.724,23.709,23.747,23.762,23.77,23.77,23.785,23.77,23.762,23.77,23.785,23.823,23.793,23.823,23.861,23.823,23.861,23.861,23.877,23.877,23.877,23.877,23.907,23.93,23.968,23.983,24.006,24.006,24.014,24.166,24.356,24.272,24.697,26.057,27.074,27.583,27.796,27.855,27.87,27.877,27.921,27.943,27.972,28.141,28.221,28.155,28.258,28.214,28.185,28.207,28.28,28.316,28.331,28.367,28.389,28.367,28.353,28.331,28.309,28.302,28.28,28.251,28.192,28.163,28.053,28.002,27.98,27.921,27.804,27.694,27.671,27.583,27.443,27.421,27.289,27.222,27.126,27.06,27.008,26.919,26.882,26.615,26.526,26.288,26.265,26.206,26.183,26.176,26.131,26.101,26.057,26.042,26.019,25.989,25.967,25.945,25.96,25.907,25.907,25.877,25.832,25.847,25.773,25.713,25.69,25.675,25.645,25.645,25.615,25.593,25.608,25.593,25.6,25.675,25.698,25.795,25.87,25.945,26.027,26.124,26.295,26.533,27.163,28.659,29.161,29.262,29.385,29.356,29.436,29.465,29.457,29.486,29.465,29.493,29.305,28.477,26.347,26.28,26.31,26.34,26.399,26.452,26.533,26.66,26.778,26.926,26.993,27.067,27.133,27.2,27.185,27.259,27.207,27.229,27.207,27.193,27.178,27.089,27.023,27.03,26.971,26.963,26.875,26.852,26.889,26.845,26.867,26.867,26.845,26.86,26.838,26.808,26.734,26.667,26.526,26.511,26.466,26.496,26.518,26.66,26.867,26.963,26.978,27.222,27.311,27.554,27.804,27.877,28.09,28.543,28.856,28.834,27.811,27.133,27.082,27.126,27.03,27.015,27.097,27.06,27.06,27.074,27.06,27.089,27.111,27.237,27.266,27.443,27.488,27.605,27.994,28.016,28.126,28.637,28.623,28.717,28.943,29.073,29.073,29.124,29.11,28.972,28.965,28.834,28.717,28.688,28.681,28.652,28.666,28.652,28.725,28.841,28.841,28.914,28.936,29.139,29.276,29.305,29.378,29.522,29.753,29.861,29.825,29.991,29.883,29.334,29.052,28.979,28.972,28.979,29.015,29.226,29.45,29.645,29.674,29.89,29.847,29.897,30.005,29.962,30.012,29.948,29.94,29.948,29.955,29.912,29.905,29.89,29.897,29.717,29.696,29.399,29.493,29.501,28.768,28.688,28.659,28.009,27.884,27.348,27.252,27.266,27.111,27.156,27.163,27.178,27.274,27.384,28.28,28.754,29.349,29.739,29.926,29.948,30.091,29.998,29.991,29.955,29.825,29.58,29.537,29.407,29.313,28.717,28.389,28.411,27.818,27.576,27.473,27.296,27.148,26.808,26.496,26.459,26.347,26.347,26.325,26.318,27.193,27.488,27.546,27.642,27.679,27.657,27.657,27.598,27.51,27.348,27.289,27.156,27.119,27.037,27.023,26.986,26.941,26.904,26.852,26.852,26.815,26.838,26.904,26.941,26.926,26.971,27.008,26.993,26.963,26.941,26.904,26.8,26.645,26.608,26.504,26.511,26.474,26.474,26.489,26.474,26.556,27.082,27.414,26.295,26.094,25.503,25.3,25.112,25.044,24.893,24.833,24.81,24.787,24.742,24.75,24.78,24.848,24.878,24.893,24.976,25.082,25.142,25.134,25.225,25.3,25.308,25.33,25.36,25.473,25.548,25.63,25.743,25.788,25.795,25.795,25.765,25.728,25.69,25.683,25.653,25.645,25.66,25.698,25.758,25.825,25.847,25.922,25.952,26.146,26.116,26.31,26.318,26.37,26.385,26.414,26.407,26.377,26.347,26.333,26.303,26.295,26.31,26.31,26.31,26.31,26.295,26.273,26.251,26.258,26.251,26.243,26.251,26.243,26.273,26.28,26.31,26.318,26.347,26.392,26.422,26.526,26.578,26.57,26.585,26.578,26.63,26.637,26.674,26.712,26.778,26.793,26.867,26.919,26.956,27.082,27.111,27.259,27.362,27.244,27.407,27.421,27.443,27.436,27.414,27.399,27.355,27.281,27.156,27.119,26.778,26.704,26.533,26.012,25.398,24.568,24.348,24.318,24.227,24.173,24.219,24.173,24.189,24.173,24.196,24.181,24.143,24.158,24.12,24.135,24.105,24.097,24.075,24.067,24.059,24.021,24.029,24.029,24.014,24.006,23.998,23.983,23.991,23.983,23.983,23.976,23.976,23.976,23.922,23.915,23.953,23.976,23.907,23.938,23.907,23.907,23.915,23.846,23.823,23.808,23.854,23.838,23.816,23.8,23.8,23.8,23.838,23.823,23.762,23.8,23.808,23.816,23.808,23.831,23.793,23.808,23.793,23.785,23.732,23.709,23.693,23.701,23.678,23.693,23.701,23.686,23.678,23.701,23.693,23.701,23.709,23.678,23.693,23.686,23.678,23.678,23.686,23.671,23.678,23.701,23.686,23.663
,23.479,23.502,23.479,23.487,23.479,23.487,23.472,23.456,23.464,23.456,23.487,23.487,23.487,23.472,23.487,23.548,23.548,23.533,23.541,23.556,23.579,23.525,23.548,23.556,23.518,23.533,23.541,23.533,23.548,23.525,23.518,23.502,23.51,23.495,23.502,23.525,23.541,23.548,23.564,23.571,23.564,23.564,23.571,23.571,23.579,23.556,23.579,23.564,23.579,23.609,23.594,23.594,23.594,23.632,23.632,23.625,23.625,23.617,23.609,23.617,23.64,23.632,23.663,23.655,23.655,23.671,23.671,23.678,23.678,23.693,23.701,23.709,23.709,23.716,23.709,23.693,23.693,23.709,23.716,23.724,23.732,23.724,23.747,23.747,23.762,23.77,23.777,23.77,23.755,23.777,23.808,23.831,23.831,23.823,23.831,23.831,23.823,23.838,23.884,23.884,23.884,23.884,23.884,23.915,23.953,23.983,24.021,24.037,24.113,24.204,24.097,24.424,25.119,26.273,26.912,27.37,27.554,27.811,27.826,27.855,27.87,27.928,27.98,28.134,28.236,28.258,28.302,28.302,28.346,28.324,28.309,28.324,28.331,28.36,28.382,28.375,28.367,28.36,28.338,28.324,28.28,28.273,28.243,28.141,28.082,28.031,27.98,27.965,27.928,27.767,27.627,27.664,27.458,27.488,27.362,27.222,27.133,27.067,27.06,27.023,26.949,26.823,26.444,26.325,26.228,26.243,26.206,26.169,26.154,26.131,26.094,26.064,26.057,26.012,25.982,25.975,25.975,25.967,25.922,25.922,25.877,25.84,25.788,25.765,25.728,25.69,25.668,25.638,25.63,25.593,25.585,25.563,25.593,25.63,25.653,25.69,25.78,25.84,26.019,26.034,26.049,26.213,26.585,27.818,28.652,29.211,29.269,29.313,29.407,29.421,29.45,29.443,29.465,29.479,29.414,29.175,27.436,26.198,26.28,26.288,26.325,26.37,26.511,26.652,26.749,26.778,26.882,27.023,27.037,27.178,27.207,27.229,27.281,27.281,27.281,27.289,27.244,27.163,27.207,27.111,27.037,26.971,26.941,26.889,26.919,26.875,26.845,26.875,26.852,26.86,26.845,26.808,26.756,26.697,26.57,26.474,26.474,26.474,26.533,26.578,26.771,26.86,26.897,27.052,27.237,27.488,27.613,27.635,27.884,28.134,28.768,28.819,28.841,27.906,27.104,27.015,27.015,26.993,27.008,26.963,26.993,27.008,26.986,27.023,27.045,27.052,27.119,27.215,27.296,27.473,27.539,27.686,27.936,28.119,28.192,28.353,28.492,28.659,28.885,28.979,29.073,28.914,28.957,28.776,28.739,28.739,28.666,28.645,28.623,28.601,28.63,28.615,28.666,28.783,28.819,28.899,28.95,28.994,29.102,29.363,29.472,29.616,29.667,29.818,29.768,29.703,29.45,29.015,28.972,28.965,28.994,29.161,29.132,29.421,29.566,29.703,29.688,29.768,29.832,29.854,29.876,29.825,29.897,29.861,29.854,29.775,29.832,29.84,29.595,29.71,29.457,29.544,29.428,29.161,28.827,28.696,28.557,28.024,27.921,27.48,27.362,27.126,27.119,27.074,27.097,27.163,27.163,27.229,27.392,28.543,29.378,29.465,29.696,29.847,29.89,29.89,29.969,29.883,29.796,29.638,29.45,29.356,28.957,28.87,28.44,28.309,28.375,27.811,27.539,27.465,27.193,26.808,26.645,26.452,26.392,26.318,26.318,26.28,26.288,26.57,27.429,27.546,27.642,27.627,27.671,27.62,27.576,27.539,27.362,27.333,27.163,27.082,27.045,27.008,26.956,26.956,26.912,26.867,26.823,26.786,26.838,26.889,26.912,26.971,26.963,27.067,27,26.993,27.015,26.882,26.793,26.697,26.608,26.548,26.496,26.496,26.466,26.459,26.444,26.481,27.185,27.679,27.052,26.161,25.525,25.323,25.142,24.946,24.923,24.84,24.803,24.787,24.787,24.772,24.78,24.833,24.818,24.886,24.999,24.954,25.052,25.112,25.142,25.187,25.202,25.247,25.3,25.435,25.458,25.533,25.63,25.743,25.743,25.713,25.72,25.69,25.675,25.668,25.638,25.593,25.653,25.713,25.758,25.818,25.892,25.915,25.967,26.004,26.139,26.198,26.355,26.385,26.377,26.414,26.385,26.362,26.37,26.34,26.333,26.355,26.392,26.362,26.333,26.34,26.325,26.325,26.303,26.288,26.265,26.273,26.243,26.265,26.243,26.251,26.258,26.295,26.318,26.333,26.437,26.541,26.578,26.57,26.6,26.585,26.578,26.622,26.682,26.749,26.756,26.867,26.852,26.926,27,26.993,27.074,27.17,27.2,27.333,27.384,27.355,27.407,27.458,27.421,27.429,27.421,27.34,27.37,27.193,27.089,26.838,26.615,26.452,25.982,25.63,24.629,24.507,24.318,24.234,24.211,24.204,24.219,24.249,24.219,24.211,24.12,24.143,24.113,24.128,24.128,24.09,24.09,24.059,24.052,24.037,24.037,24.014,24.021,24.021,24.014,23.991,23.976,23.976,23.983,23.968,23.998,23.976,23.998,23.945,23.96,23.922,23.915,23.96,23.945,23.899,23.869,23.831,23.854,23.831,23.838,23.823,23.808,23.838,23.838,23.838,23.846,23.823,23.831,23.831,23.808,23.793,23.838,23.77,23.755,23.785,23.785,23.716,23.732,23.709,23.701,23.732,23.709,23.678,23.709,23.686,23.686,23.739,23.686,23.701,23.671,23.671,23.678,23.663,23.693,23.686,23.678,23.701,23.709,23.724,23.709,23.716
,23.525,23.502,23.479,23.479,23.479,23.472,23.487,23.495,23.472,23.495,23.502,23.479,23.464,23.502,23.495,23.502,23.571,23.533,23.51,23.533,23.533,23.556,23.502,23.556,23.487,23.495,23.525,23.533,23.541,23.495,23.487,23.487,23.479,23.487,23.502,23.525,23.548,23.571,23.579,23.579,23.617,23.548,23.556,23.548,23.571,23.556,23.586,23.564,23.571,23.625,23.579,23.617,23.617,23.64,23.648,23.648,23.64,23.625,23.617,23.625,23.617,23.655,23.655,23.671,23.671,23.678,23.671,23.678,23.678,23.693,23.716,23.716,23.716,23.724,23.709,23.693,23.701,23.701,23.709,23.716,23.724,23.739,23.716,23.724,23.724,23.762,23.785,23.777,23.8,23.8,23.8,23.793,23.816,23.831,23.831,23.823,23.831,23.877,23.861,23.884,23.899,23.892,23.899,23.915,23.983,24.006,24.052,24.173,24.272,24.287,24.371,25.368,26.518,27.266,27.517,27.657,27.796,27.818,27.833,27.877,27.892,27.943,28.031,28.214,28.258,28.346,28.338,28.346,28.382,28.36,28.353,28.36,28.367,28.397,28.404,28.375,28.375,28.346,28.316,28.309,28.287,28.243,28.236,28.141,28.053,28.082,27.95,27.906,27.774,27.738,27.532,27.502,27.473,27.37,27.37,27.185,27.119,27.03,27.03,26.867,26.667,26.548,26.392,26.318,26.236,26.236,26.198,26.176,26.146,26.131,26.101,26.064,26.049,26.019,25.997,25.975,25.975,25.952,25.915,25.915,25.915,25.847,25.788,25.758,25.728,25.683,25.66,25.615,25.6,25.593,25.578,25.578,25.608,25.645,25.69,25.728,25.795,25.93,26.042,26.109,26.28,26.385,26.993,28.28,28.805,29.161,29.24,29.356,29.392,29.414,29.414,29.443,29.421,29.472,29.378,28.848,26.489,26.228,26.258,26.28,26.325,26.407,26.481,26.697,26.734,26.734,26.875,27.015,27.148,27.185,27.207,27.303,27.325,27.34,27.311,27.318,27.289,27.281,27.237,27.133,27.06,26.993,26.978,26.926,26.904,26.904,26.889,26.882,26.86,26.852,26.852,26.8,26.712,26.608,26.6,26.496,26.496,26.437,26.504,26.585,26.704,26.867,26.949,27.008,27.296,27.37,27.451,27.774,27.994,28.411,28.768,28.943,28.819,27.862,26.986,26.941,26.934,26.934,26.867,26.882,26.912,26.904,26.897,26.897,26.993,27.052,27.104,27.178,27.244,27.392,27.421,27.635,27.782,27.943,28.075,28.287,28.316,28.615,28.747,28.739,28.848,28.79,28.819,28.819,28.688,28.63,28.615,28.601,28.572,28.586,28.492,28.557,28.543,28.703,28.703,28.812,28.863,28.907,29.247,29.334,29.32,29.544,29.609,29.645,29.58,29.537,29.175,28.994,28.986,28.965,28.957,29.008,29.284,29.407,29.428,29.667,29.703,29.717,29.674,29.768,29.796,29.775,29.732,29.746,29.775,29.825,29.537,29.652,29.573,29.631,29.638,29.378,29.081,28.827,28.674,28.316,28.046,27.95,27.671,27.229,27.089,27.023,27.015,27.037,27.067,27.148,27.133,27.259,28.185,28.594,29.436,29.638,29.681,29.739,29.811,29.796,29.912,29.768,29.789,29.472,29.385,29.11,29.11,28.776,28.615,28.346,27.796,27.708,27.48,27.244,27.126,26.815,26.548,26.504,26.37,26.295,26.28,26.28,26.318,26.934,27.377,27.569,27.62,27.635,27.635,27.591,27.524,27.539,27.333,27.244,27.119,27.089,27.052,27.03,26.978,26.941,26.956,26.867,26.823,26.808,26.86,26.867,26.941,27.015,27.03,27.023,27.06,27.141,27.037,26.926,26.815,26.8,26.682,26.585,26.548,26.504,26.496,26.489,26.518,26.496,26.852,27.362,27.193,26.228,25.818,25.383,25.292,25.165,24.931,24.855,24.772,24.78,24.757,24.772,24.78,24.81,24.848,24.863,24.931,24.954,24.976,25.067,25.157,25.104,25.165,25.187,25.323,25.345,25.443,25.465,25.608,25.638,25.72,25.683,25.69,25.653,25.593,25.645,25.578,25.66,25.638,25.668,25.72,25.832,25.862,25.922,26.042,26.131,26.169,26.176,26.325,26.377,26.399,26.392,26.399,26.385,26.37,26.392,26.37,26.407,26.422,26.392,26.392,26.385,26.385,26.333,26.318,26.295,26.295,26.265,26.273,26.295,26.251,26.258,26.295,26.273,26.347,26.37,26.474,26.496,26.563,26.593,26.615,26.622,26.63,26.667,26.712,26.719,26.756,26.815,26.86,26.934,26.971,27.067,27.17,27.148,27.207,27.244,27.37,27.384,27.421,27.436,27.473,27.458,27.443,27.495,27.348,27.362,27.207,27.097,26.852,26.689,26.459,26.198,25.615,24.735,24.318,24.47,24.424,24.242,24.272,24.219,24.173,24.181,24.166,24.128,24.128,24.113,24.105,24.113,24.105,24.075,24.052,24.052,24.044,24.037,24.029,24.029,24.014,23.998,23.991,23.983,23.983,23.976,23.983,23.976,23.93,23.976,23.938,23.938,23.976,23.945,23.915,23.922,23.907,23.884,23.869,23.838,23.831,23.846,23.831,23.831,23.854,23.816,23.823,23.808,23.831,23.846,23.823,23.838,23.755,23.777,23.724,23.755,23.77,23.739,23.747,23.724,23.701,23.747,23.724,23.716,23.709,23.724,23.724,23.724,23.709,23.716,23.701,23.671,23.671,23.678,23.678,23.678,23.663,23.709,23.693,23.678,23.678,23.671
,23.472,23.464,23.479,23.487,23.479,23.479,23.487,23.495,23.479,23.479,23.456,23.472,23.464,23.487,23.487,23.479,23.51,23.51,23.51,23.502,23.495,23.502,23.525,23.487,23.456,23.464,23.487,23.502,23.51,23.525,23.495,23.479,23.479,23.495,23.495,23.495,23.51,23.564,23.571,23.586,23.579,23.571,23.541,23.548,23.564,23.533,23.571,23.625,23.556,23.594,23.586,23.617,23.671,23.701,23.632,23.602,23.617,23.609,23.625,23.632,23.648,23.663,23.663,23.64,23.655,23.663,23.678,23.678,23.693,23.686,23.716,23.732,23.724,23.739,23.716,23.701,23.686,23.701,23.709,23.716,23.732,23.724,23.732,23.732,23.747,23.785,23.793,23.793,23.785,23.755,23.8,23.831,23.831,23.831,23.831,23.846,23.854,23.869,23.892,23.861,23.915,23.907,23.922,23.976,23.998,24.037,24.075,24.037,24.249,24.439,25.653,26.682,26.689,27.355,27.679,27.679,27.782,27.826,27.848,27.877,28.002,28.031,28.126,28.199,28.287,28.331,28.389,28.375,28.382,28.397,28.382,28.36,28.367,28.375,28.382,28.353,28.331,28.316,28.294,28.214,28.273,28.163,28.119,28.038,28.002,27.98,27.914,27.73,27.701,27.569,27.495,27.465,27.399,27.289,27.252,27.163,27.097,26.897,26.941,26.815,26.474,26.362,26.333,26.265,26.213,26.236,26.191,26.169,26.146,26.116,26.094,26.087,26.027,26.027,25.997,25.989,25.967,25.945,25.922,25.892,25.855,25.847,25.795,25.75,25.705,25.683,25.645,25.615,25.585,25.578,25.563,25.585,25.615,25.653,25.698,25.75,25.795,25.922,26.072,26.131,26.221,26.682,27.443,28.986,29.117,29.168,29.211,29.291,29.313,29.399,29.421,29.356,29.421,29.392,29.269,28.294,26.362,26.221,26.243,26.28,26.34,26.347,26.452,26.637,26.667,26.808,26.897,27.037,27.082,27.2,27.274,27.311,27.34,27.362,27.348,27.333,27.311,27.252,27.207,27.163,27.067,26.993,26.963,26.941,26.912,26.904,26.882,26.904,26.86,26.83,26.8,26.763,26.66,26.593,26.511,26.459,26.429,26.437,26.556,26.615,26.682,26.808,26.934,27.089,27.333,27.377,27.569,27.708,27.738,28.324,28.747,28.783,28.827,27.928,26.941,26.912,26.889,26.875,26.882,26.83,26.845,26.838,26.823,26.838,26.919,26.978,27.06,27.141,27.252,27.377,27.436,27.51,27.649,27.833,27.943,28.119,28.316,28.36,28.55,28.601,28.688,28.739,28.739,28.688,28.659,28.623,28.564,28.557,28.535,28.513,28.47,28.492,28.535,28.63,28.674,28.703,28.725,28.936,29.001,29.226,29.327,29.407,29.493,29.58,29.537,29.522,29.211,29.001,28.957,28.965,28.95,29.052,29.197,29.32,29.558,29.58,29.602,29.602,29.681,29.71,29.631,29.566,29.667,29.45,29.573,29.407,29.385,29.342,29.284,29.168,29.015,28.827,28.747,28.623,28.55,28.243,28.09,27.627,27.119,27.082,26.986,26.971,27,27.052,27.045,27.141,27.156,27.473,28.192,28.79,29.45,29.631,29.638,29.76,29.732,29.71,29.674,29.645,29.472,29.298,29.443,29.117,28.841,28.462,28.28,27.994,27.649,27.554,27.355,27.067,26.867,26.793,26.778,26.437,26.273,26.28,26.265,26.273,26.251,26.511,26.897,27.185,27.613,27.613,27.635,27.598,27.561,27.37,27.348,27.185,27.141,27.082,27.045,27.023,26.986,26.949,26.919,26.867,26.815,26.845,26.867,26.897,26.926,27.03,27.008,27.097,27.111,27.037,27.008,26.956,26.904,26.734,26.622,26.578,26.556,26.511,26.504,26.504,26.504,26.504,26.563,27.348,27.458,26.541,26.251,25.465,25.097,25.006,24.946,24.833,24.825,24.787,24.765,24.742,24.757,24.795,24.795,24.818,24.871,24.908,24.961,25.059,25.021,25.067,25.089,25.18,25.195,25.315,25.398,25.458,25.548,25.608,25.683,25.66,25.66,25.668,25.585,25.533,25.548,25.57,25.578,25.683,25.735,25.81,25.862,25.907,25.982,26.139,26.161,26.191,26.318,26.355,26.347,26.37,26.399,26.392,26.399,26.414,26.414,26.399,26.444,26.422,26.414,26.362,26.399,26.385,26.347,26.37,26.362,26.333,26.34,26.303,26.273,26.28,26.28,26.318,26.37,26.414,26.466,26.489,26.533,26.622,26.6,26.63,26.637,26.667,26.704,26.741,26.778,26.83,26.823,26.934,26.845,27.008,27.03,27.119,27.156,27.215,27.325,27.384,27.436,27.436,27.48,27.48,27.51,27.532,27.524,27.532,27.2,27.141,27.178,26.867,26.63,26.452,26.28,25.563,25.006,24.5,24.363,24.341,24.287,24.28,24.227,24.196,24.151,24.158,24.143,24.151,24.113,24.113,24.097,24.082,24.059,24.052,24.021,24.029,24.037,24.037,24.029,24.014,24.006,23.983,23.976,23.998,23.991,23.938,23.96,23.953,23.945,23.953,23.945,23.938,23.922,23.93,23.922,23.922,23.899,23.884,23.846,23.861,23.846,23.869,23.854,23.854,23.808,23.831,23.816,23.838,23.854,23.8,23.831,23.762,23.808,23.716,23.747,23.732,23.724,23.732,23.724,23.755,23.732,23.732,23.732,23.716,23.709,23.739,23.724,23.724,23.686,23.678,23.686,23.686,23.701,23.693,23.693,23.693,23.686,23.716,23.686,23.686
,23.495,23.518,23.525,23.502,23.51,23.495,23.502,23.487,23.495,23.479,23.502,23.487,23.456,23.51,23.51,23.51,23.479,23.479,23.502,23.518,23.487,23.525,23.487,23.533,23.518,23.487,23.51,23.502,23.525,23.502,23.502,23.495,23.51,23.487,23.525,23.51,23.502,23.533,23.579,23.548,23.579,23.556,23.564,23.556,23.556,23.579,23.586,23.602,23.556,23.617,23.648,23.648,23.678,23.625,23.632,23.678,23.663,23.625,23.625,23.632,23.648,23.64,23.64,23.663,23.671,23.663,23.671,23.663,23.693,23.686,23.701,23.709,23.701,23.755,23.709,23.693,23.709,23.701,23.716,23.732,23.732,23.747,23.739,23.739,23.747,23.8,23.808,23.8,23.793,23.777,23.808,23.831,23.838,23.838,23.846,23.854,23.846,23.877,23.869,23.899,23.945,23.96,23.96,23.983,24.029,24.113,24.234,24.249,24.613,25.847,26.66,26.889,27.289,27.591,27.598,27.701,27.811,27.811,27.855,27.928,27.958,28.112,28.185,28.28,28.302,28.382,28.419,28.448,28.419,28.411,28.389,28.375,28.375,28.367,28.316,28.287,28.28,28.251,28.192,28.17,28.148,28.126,28.024,27.994,27.943,27.884,27.694,27.605,27.613,27.524,27.532,27.451,27.303,27.244,27.185,27.067,27,26.793,26.8,26.504,26.422,26.385,26.318,26.258,26.236,26.228,26.191,26.154,26.146,26.116,26.124,26.109,26.049,26.027,26.012,25.989,25.967,25.945,25.922,25.892,25.862,25.825,25.803,25.735,25.713,25.653,25.623,25.593,25.57,25.563,25.578,25.578,25.638,25.66,25.69,25.773,25.84,25.952,26.146,26.161,26.295,27,28.521,29.008,29.11,29.161,29.168,29.269,29.32,29.37,29.399,29.356,29.298,29.175,29.059,27.502,26.101,26.176,26.243,26.318,26.347,26.392,26.504,26.585,26.756,26.882,26.949,27.074,27.148,27.244,27.281,27.318,27.348,27.355,27.333,27.318,27.303,27.266,27.252,27.163,27.111,27.023,26.986,26.934,26.912,26.897,26.875,26.86,26.838,26.823,26.763,26.712,26.66,26.533,26.444,26.444,26.444,26.481,26.474,26.622,26.645,26.719,27.06,27.133,27.281,27.34,27.451,27.524,27.914,28.046,28.717,28.827,28.79,28.024,26.897,26.889,26.882,26.867,26.83,26.786,26.771,26.741,26.756,26.815,26.86,26.919,26.978,26.971,27.097,27.148,27.274,27.429,27.546,27.613,27.826,28.031,28.104,28.375,28.426,28.492,28.55,28.623,28.666,28.594,28.601,28.572,28.528,28.411,28.492,28.426,28.433,28.44,28.462,28.586,28.608,28.637,28.761,28.827,28.986,29.117,29.313,29.327,29.45,29.515,29.457,29.465,29.132,29.037,28.965,28.979,28.979,29.03,29.102,29.421,29.486,29.515,29.53,29.501,29.493,29.53,29.558,29.284,29.32,29.218,29.262,29.197,29.146,29.132,28.928,29.088,28.841,28.783,28.477,28.47,27.899,27.752,27.281,27.222,27.119,26.971,26.934,26.963,26.971,27.045,27.119,27.067,27.222,28.207,28.623,28.95,29.436,29.493,29.645,29.602,29.623,29.71,29.696,29.334,29.342,29.081,29.037,28.776,28.601,28.324,28.185,27.789,27.716,27.627,27.244,27.141,26.889,26.734,26.548,26.333,26.251,26.213,26.273,26.198,26.251,26.867,27.023,27.399,27.591,27.591,27.62,27.546,27.517,27.399,27.296,27.215,27.148,27.097,27.037,27.015,26.978,26.963,26.904,26.867,26.8,26.83,26.897,26.926,26.993,27.023,27.089,27.126,27.104,27.133,27.067,26.978,26.919,26.86,26.622,26.593,26.556,26.518,26.496,26.496,26.459,26.511,26.734,27.473,27.694,27.133,26.251,25.803,25.45,25.029,24.946,24.863,24.81,24.78,24.765,24.75,24.765,24.75,24.727,24.803,24.825,24.855,24.901,24.916,25.006,25.006,25.104,25.142,25.187,25.262,25.323,25.39,25.473,25.548,25.6,25.623,25.608,25.593,25.563,25.503,25.495,25.51,25.51,25.608,25.69,25.773,25.84,25.892,25.967,26.072,26.146,26.258,26.318,26.355,26.362,26.37,26.392,26.392,26.407,26.407,26.444,26.444,26.474,26.481,26.459,26.422,26.399,26.429,26.422,26.37,26.347,26.347,26.325,26.31,26.295,26.288,26.288,26.347,26.362,26.407,26.444,26.496,26.578,26.608,26.63,26.652,26.652,26.689,26.719,26.756,26.8,26.823,26.86,26.867,26.934,26.978,26.986,27.089,27.148,27.17,27.281,27.34,27.377,27.429,27.465,27.517,27.517,27.532,27.502,27.355,27.281,27.289,27.104,26.971,26.637,26.541,26.541,26.094,25.315,25.044,24.568,24.295,24.28,24.242,24.219,24.173,24.189,24.173,24.158,24.151,24.135,24.128,24.067,24.09,24.021,24.037,24.059,24.067,24.052,24.037,24.021,24.014,24.006,23.983,23.991,24.014,23.983,23.998,23.983,23.991,23.938,23.96,23.96,23.938,23.945,23.915,23.899,23.93,23.907,23.877,23.869,23.869,23.869,23.846,23.869,23.838,23.816,23.831,23.808,23.838,23.838,23.831,23.755,23.816,23.747,23.724,23.747,23.724,23.732,23.747,23.747,23.739,23.732,23.762,23.709,23.732,23.732,23.739,23.724,23.701,23.693,23.701,23.693,23.701,23.693,23.693,23.701,23.701,23.686,23.747,23.648,23.701
,23.487,23.502,23.502,23.51,23.495,23.502,23.495,23.502,23.487,23.472,23.464,23.464,23.456,23.502,23.464,23.479,23.479,23.495,23.487,23.502,23.525,23.518,23.518,23.502,23.433,23.472,23.502,23.487,23.51,23.502,23.487,23.502,23.502,23.502,23.479,23.487,23.525,23.495,23.579,23.533,23.556,23.571,23.571,23.579,23.571,23.571,23.617,23.64,23.586,23.609,23.632,23.625,23.663,23.655,23.663,23.655,23.625,23.632,23.632,23.632,23.648,23.655,23.655,23.64,23.64,23.655,23.686,23.663,23.663,23.678,23.693,23.701,23.716,23.716,23.701,23.693,23.709,23.701,23.724,23.724,23.724,23.732,23.732,23.739,23.747,23.777,23.77,23.777,23.793,23.8,23.8,23.808,23.831,23.838,23.846,23.846,23.846,23.884,23.877,23.884,23.93,23.968,24.006,24.037,24.052,24.135,24.333,25.353,25.81,26.637,26.734,27.141,27.436,27.495,27.701,27.752,27.782,27.855,27.936,27.994,28.075,28.119,28.229,28.265,28.389,28.397,28.506,28.477,28.44,28.426,28.404,28.36,28.331,28.309,28.36,28.251,28.192,28.112,28.112,28.104,28.053,27.928,28.024,27.884,27.848,27.701,27.561,27.524,27.524,27.443,27.421,27.252,27.207,27.17,27.126,26.904,26.793,26.645,26.548,26.392,26.355,26.325,26.288,26.243,26.221,26.191,26.183,26.169,26.176,26.124,26.139,26.109,26.087,26.072,26.012,25.989,25.96,25.93,25.922,25.877,25.847,25.818,25.803,25.728,25.683,25.638,25.585,25.563,25.533,25.54,25.555,25.6,25.653,25.69,25.713,25.75,25.855,25.892,26.109,26.169,26.756,27.972,28.907,29.008,29.03,29.117,29.182,29.197,29.291,29.291,29.327,29.211,29.247,29.11,28.921,26.949,26.154,26.183,26.243,26.265,26.303,26.414,26.474,26.511,26.815,26.882,27.008,27.052,27.156,27.237,27.274,27.34,27.325,27.333,27.333,27.318,27.289,27.244,27.17,27.141,27.067,27.015,26.963,26.934,26.912,26.889,26.875,26.845,26.8,26.778,26.704,26.66,26.585,26.504,26.407,26.377,26.385,26.459,26.459,26.593,26.652,26.697,26.882,27.17,27.274,27.296,27.546,27.569,27.987,28.134,28.688,28.87,28.747,28.075,27.03,26.8,26.771,26.726,26.697,26.63,26.637,26.667,26.682,26.682,26.712,26.778,26.926,26.934,27.052,27.185,27.244,27.34,27.502,27.591,27.752,27.804,28.002,28.163,28.324,28.419,28.448,28.535,28.601,28.484,28.513,28.506,28.477,28.455,28.375,28.36,28.382,28.397,28.411,28.492,28.608,28.681,28.71,28.783,28.827,29.008,29.153,29.313,29.414,29.465,29.436,29.493,29.197,29.052,28.957,28.972,28.972,29.037,29.081,29.24,29.385,29.443,29.356,29.392,29.305,29.269,29.226,29.073,29.081,28.979,29.052,28.87,28.928,28.979,28.892,28.645,28.528,28.564,28.455,27.958,27.495,27.37,27.237,27.067,26.963,26.912,26.926,26.926,26.986,27.052,27.148,27.193,27.884,28.346,29.008,29.24,29.45,29.407,29.472,29.515,29.551,29.537,29.515,29.313,29.044,28.95,28.732,28.696,28.47,28.214,27.98,27.767,27.51,27.318,27.229,27.111,26.786,26.682,26.481,26.347,26.295,26.228,26.191,26.206,26.466,26.548,27.052,27.348,27.451,27.583,27.569,27.539,27.48,27.37,27.281,27.193,27.111,27.111,27.037,27.023,26.993,26.956,26.919,26.875,26.889,26.882,26.912,26.919,26.978,27.052,27.097,27.104,27.126,27.126,27.082,27.03,26.941,26.904,26.852,26.63,26.556,26.489,26.459,26.481,26.489,26.563,26.66,27.008,27.554,27.252,26.288,25.758,25.683,25.134,25.112,24.901,24.825,24.803,24.757,24.735,24.727,24.735,24.719,24.75,24.81,24.818,24.855,24.931,24.961,24.976,25.021,25.082,25.149,25.217,25.292,25.42,25.473,25.525,25.548,25.578,25.578,25.548,25.495,25.488,25.458,25.465,25.488,25.6,25.615,25.705,25.803,25.907,25.93,26.034,26.087,26.198,26.273,26.28,26.318,26.362,26.355,26.37,26.422,26.414,26.452,26.459,26.489,26.481,26.481,26.481,26.459,26.422,26.407,26.399,26.385,26.377,26.347,26.325,26.318,26.31,26.333,26.37,26.407,26.452,26.496,26.526,26.57,26.615,26.637,26.652,26.697,26.689,26.756,26.786,26.778,26.845,26.845,26.852,26.86,26.912,26.934,27.06,27.06,27.17,27.17,27.333,27.407,27.443,27.465,27.51,27.524,27.502,27.443,27.451,27.259,27.289,27.237,27.126,26.793,26.815,26.518,26.533,26.116,25.458,24.976,24.5,24.272,24.31,24.242,24.219,24.196,24.196,24.189,24.151,24.135,24.135,24.113,24.09,24.105,24.09,24.082,24.067,24.059,24.052,24.037,24.029,24.014,24.021,24.006,23.998,23.983,23.968,23.976,23.976,23.953,23.922,23.938,23.907,23.915,23.922,23.915,23.922,23.922,23.884,23.877,23.869,23.869,23.877,23.854,23.846,23.823,23.808,23.816,23.831,23.838,23.831,23.861,23.777,23.755,23.747,23.732,23.732,23.755,23.747,23.747,23.739,23.701,23.762,23.755,23.755,23.724,23.739,23.747,23.701,23.732,23.693,23.732,23.747,23.724,23.716,23.709,23.686,23.724,23.732,23.648,23.678
,23.479,23.518,23.556,23.533,23.502,23.464,23.464,23.472,23.487,23.479,23.479,23.472,23.479,23.449,23.464,23.464,23.479,23.51,23.502,23.51,23.502,23.502,23.51,23.479,23.51,23.495,23.502,23.487,23.487,23.487,23.51,23.518,23.502,23.51,23.495,23.472,23.464,23.479,23.487,23.541,23.564,23.579,23.594,23.586,23.609,23.602,23.617,23.602,23.602,23.609,23.609,23.64,23.64,23.64,23.663,23.648,23.617,23.655,23.632,23.655,23.655,23.648,23.64,23.655,23.64,23.663,23.64,23.663,23.663,23.655,23.686,23.693,23.693,23.709,23.678,23.716,23.686,23.709,23.739,23.739,23.732,23.755,23.732,23.762,23.762,23.793,23.8,23.793,23.793,23.8,23.816,23.823,23.823,23.831,23.838,23.846,23.838,23.869,23.869,23.915,23.945,23.968,24.029,24.059,24.029,24.386,25.27,25.87,26.161,26.667,26.875,27.266,27.561,27.62,27.627,27.745,27.826,27.877,27.899,27.972,28.046,28.155,28.273,28.36,28.389,28.484,28.543,28.521,28.492,28.455,28.389,28.367,28.316,28.28,28.207,28.17,28.119,28.068,28.016,27.994,27.972,27.892,27.767,27.671,27.576,27.657,27.473,27.488,27.48,27.355,27.244,27.141,27.074,27.037,26.949,26.875,26.719,26.57,26.422,26.37,26.347,26.28,26.258,26.236,26.198,26.198,26.183,26.161,26.139,26.124,26.131,26.101,26.072,26.057,26.027,25.989,25.96,25.915,25.885,25.855,25.84,25.81,25.773,25.72,25.63,25.623,25.578,25.555,25.503,25.533,25.555,25.593,25.63,25.705,25.773,25.9,25.96,25.997,26.012,26.362,27.067,28.783,29.015,28.95,29.023,29.095,29.132,29.175,29.211,29.269,29.211,29.168,29.081,29.117,28.214,26.243,26.064,26.154,26.213,26.243,26.303,26.452,26.489,26.689,26.845,26.897,26.986,27.067,27.111,27.193,27.259,27.296,27.318,27.333,27.333,27.303,27.274,27.215,27.17,27.126,27.06,27.015,26.956,26.926,26.904,26.875,26.86,26.83,26.778,26.726,26.689,26.652,26.533,26.518,26.407,26.385,26.385,26.429,26.452,26.593,26.585,26.726,26.971,27.111,27.296,27.414,27.576,27.591,28.134,28.251,28.783,28.732,28.717,28.17,26.882,26.726,26.645,26.63,26.66,26.578,26.578,26.556,26.645,26.615,26.682,26.815,26.815,26.904,26.941,27.008,27.215,27.259,27.303,27.48,27.664,27.73,27.87,28.002,28.163,28.199,28.273,28.346,28.477,28.47,28.492,28.462,28.44,28.389,28.338,28.309,28.324,28.331,28.382,28.513,28.594,28.63,28.688,28.79,28.965,29.03,29.146,29.153,29.32,29.298,29.327,29.161,29.066,28.979,28.994,28.972,28.965,29.044,29.066,29.247,29.276,29.334,29.356,29.298,29.146,29.081,29.001,29.03,28.965,28.95,28.688,28.615,28.652,28.579,28.623,28.192,28.126,28.331,28.185,27.782,27.443,27.318,27,26.978,26.882,26.86,26.83,26.912,26.904,27.045,27.074,27.141,28.163,28.513,28.79,29.095,29.226,29.378,29.392,29.428,29.414,29.407,29.327,29.073,29.037,28.936,28.659,28.652,28.316,27.965,27.694,27.561,27.399,27.377,27.104,26.852,26.763,26.689,26.496,26.377,26.228,26.109,26.161,26.221,26.362,26.37,26.904,27.392,27.488,27.502,27.561,27.561,27.502,27.436,27.281,27.244,27.156,27.126,27.074,27.037,27.023,26.956,26.926,26.882,26.875,26.897,26.912,26.986,27,27.089,27.097,27.119,27.119,27.126,27.089,27.067,26.963,26.852,26.682,26.63,26.593,26.496,26.474,26.489,26.504,26.541,26.541,27.156,27.458,27.554,27.06,26.295,25.563,25.134,24.954,24.886,24.833,24.787,24.757,24.697,24.704,24.697,24.712,24.735,24.765,24.81,24.825,24.878,24.901,24.923,24.984,25.021,25.082,25.149,25.21,25.308,25.338,25.518,25.533,25.525,25.54,25.51,25.435,25.413,25.435,25.458,25.443,25.533,25.533,25.645,25.758,25.87,25.945,26.049,26.116,26.169,26.243,26.288,26.31,26.325,26.333,26.392,26.407,26.429,26.459,26.474,26.474,26.489,26.466,26.466,26.459,26.437,26.444,26.414,26.399,26.355,26.355,26.347,26.325,26.34,26.362,26.392,26.385,26.437,26.496,26.518,26.585,26.615,26.645,26.652,26.667,26.704,26.749,26.771,26.793,26.823,26.823,26.852,26.904,26.897,26.934,26.978,27.052,27.03,27.156,27.296,27.348,27.429,27.48,27.502,27.517,27.51,27.407,27.377,27.311,27.237,27.193,27.17,27.008,26.608,26.963,26.437,26.422,26.079,25.375,24.871,24.394,24.341,24.348,24.265,24.227,24.189,24.189,24.173,24.151,24.151,24.113,24.09,24.105,24.09,24.09,24.09,24.059,24.052,24.029,24.044,24.021,24.014,24.006,23.991,23.991,23.983,23.96,23.938,23.922,23.93,23.938,23.96,23.922,23.915,23.938,23.907,23.877,23.884,23.846,23.823,23.877,23.831,23.869,23.861,23.846,23.861,23.831,23.823,23.793,23.785,23.77,23.777,23.755,23.777,23.831,23.747,23.77,23.747,23.755,23.732,23.762,23.693,23.77,23.739,23.755,23.77,23.762,23.724,23.747,23.693,23.777,23.755,23.724,23.724,23.724,23.724,23.762,23.709,23.701,23.716
,23.533,23.541,23.525,23.518,23.51,23.479,23.487,23.479,23.487,23.487,23.495,23.464,23.464,23.495,23.479,23.51,23.525,23.51,23.525,23.533,23.51,23.525,23.502,23.502,23.495,23.495,23.495,23.495,23.479,23.502,23.495,23.518,23.487,23.525,23.502,23.479,23.479,23.487,23.518,23.571,23.564,23.586,23.579,23.617,23.602,23.609,23.617,23.64,23.617,23.625,23.632,23.632,23.64,23.655,23.655,23.655,23.655,23.632,23.648,23.632,23.648,23.655,23.648,23.671,23.678,23.671,23.655,23.686,23.686,23.663,23.655,23.655,23.716,23.709,23.701,23.716,23.716,23.709,23.739,23.724,23.716,23.709,23.716,23.762,23.755,23.762,23.785,23.808,23.8,23.808,23.816,23.823,23.823,23.831,23.831,23.854,23.846,23.861,23.877,23.915,23.938,24.067,23.998,24.128,24.787,25.728,25.87,26.139,26.63,26.726,27.237,27.355,27.554,27.62,27.723,27.716,27.855,27.899,27.994,27.987,28.17,28.229,28.294,28.331,28.513,28.543,28.528,28.55,28.521,28.455,28.411,28.346,28.28,28.258,28.148,28.134,28.082,28.038,27.972,27.943,27.855,27.848,27.708,27.686,27.546,27.502,27.48,27.414,27.37,27.222,27.141,27.097,26.993,26.963,26.8,26.845,26.704,26.452,26.407,26.355,26.303,26.28,26.221,26.206,26.183,26.183,26.161,26.169,26.146,26.124,26.124,26.079,26.064,26.034,26.019,25.967,25.982,25.952,25.907,25.847,25.818,25.825,25.728,25.72,25.645,25.608,25.548,25.525,25.488,25.518,25.555,25.585,25.66,25.728,25.75,25.78,25.788,25.937,26.169,26.444,27.972,28.885,28.986,29.03,29.044,29.081,29.102,29.161,29.153,29.24,29.204,29.161,29.139,28.943,27.87,26.169,26.034,26.072,26.221,26.228,26.28,26.355,26.563,26.778,26.845,26.897,27,27.03,27.163,27.193,27.289,27.274,27.311,27.311,27.303,27.296,27.266,27.229,27.185,27.111,27.037,26.986,26.971,26.926,26.889,26.867,26.793,26.8,26.734,26.726,26.652,26.637,26.466,26.414,26.362,26.355,26.392,26.392,26.489,26.548,26.6,26.689,27.015,27.097,27.222,27.465,27.502,27.539,27.877,28.221,28.688,28.696,28.754,28.177,26.897,26.645,26.608,26.57,26.511,26.533,26.518,26.533,26.518,26.585,26.645,26.667,26.778,26.823,26.823,26.949,26.941,27.03,27.296,27.34,27.392,27.436,27.76,27.789,27.965,28.053,28.09,28.17,28.382,28.397,28.389,28.426,28.36,28.316,28.28,28.273,28.287,28.309,28.338,28.382,28.528,28.55,28.63,28.696,28.761,28.943,28.957,29.037,29.139,29.189,29.197,29.153,29.11,28.972,28.965,28.972,28.979,28.994,29.023,29.059,29.11,29.24,29.008,29.088,29.095,28.943,28.957,28.965,28.827,28.666,28.601,28.404,28.367,28.214,28.068,28.082,27.862,27.627,27.414,27.311,27.148,27.052,26.949,26.912,26.793,26.808,26.815,26.83,26.934,26.949,27.023,27.399,28.316,28.666,29.11,29.218,29.204,29.291,29.349,29.378,29.378,29.32,29.385,29.059,28.928,28.805,28.513,28.367,27.921,27.87,27.649,27.451,27.362,27.097,26.904,26.756,26.608,26.533,26.399,26.325,26.183,26.094,26.169,26.221,26.347,26.637,26.986,27.436,27.465,27.524,27.569,27.546,27.51,27.451,27.303,27.244,27.193,27.148,27.089,27.067,27.037,27,26.963,26.963,26.934,26.904,26.941,26.956,27.045,27.074,27.111,27.126,27.119,27.119,27.104,27.074,26.971,26.845,26.8,26.763,26.548,26.526,26.474,26.459,26.481,26.452,26.563,26.6,27.384,27.708,27.333,26.139,25.608,25.45,25.308,24.893,24.855,24.795,24.757,24.719,24.689,24.674,24.682,24.712,24.712,24.757,24.787,24.795,24.803,24.908,24.969,25.014,25.067,25.119,25.247,25.398,25.375,25.465,25.488,25.458,25.51,25.465,25.413,25.42,25.398,25.42,25.39,25.518,25.555,25.645,25.765,25.825,25.915,26.004,26.027,26.087,26.206,26.288,26.273,26.303,26.31,26.37,26.377,26.407,26.452,26.474,26.481,26.489,26.481,26.459,26.452,26.429,26.377,26.444,26.422,26.385,26.377,26.362,26.355,26.37,26.37,26.392,26.444,26.466,26.496,26.533,26.563,26.6,26.637,26.674,26.682,26.712,26.726,26.771,26.793,26.793,26.823,26.845,26.875,26.875,26.904,26.941,26.956,27.126,27.133,27.17,27.289,27.34,27.458,27.502,27.48,27.407,27.414,27.362,27.296,27.252,27.156,27.141,26.845,26.6,26.556,26.407,26.422,26.191,26.027,25.308,24.689,24.47,24.295,24.249,24.242,24.196,24.211,24.189,24.166,24.151,24.128,24.135,24.135,24.12,24.128,24.082,24.067,24.067,24.044,24.029,24.021,24.029,24.006,23.991,23.998,23.998,23.938,23.96,23.93,23.907,23.907,23.915,23.93,23.907,23.915,23.907,23.877,23.861,23.854,23.838,23.831,23.854,23.838,23.846,23.846,23.816,23.838,23.816,23.777,23.793,23.77,23.762,23.77,23.762,23.793,23.785,23.77,23.724,23.77,23.747,23.732,23.739,23.739,23.732,23.724,23.724,23.762,23.724,23.762,23.762,23.777,23.762,23.739,23.709,23.732,23.724,23.747,23.739,23.693,23.724
,23.525,23.533,23.556,23.502,23.548,23.472,23.449,23.495,23.51,23.51,23.495,23.472,23.495,23.479,23.51,23.518,23.51,23.487,23.495,23.495,23.502,23.518,23.495,23.502,23.502,23.487,23.487,23.487,23.51,23.495,23.502,23.479,23.51,23.51,23.495,23.502,23.495,23.502,23.495,23.556,23.579,23.586,23.571,23.617,23.602,23.625,23.594,23.609,23.617,23.609,23.632,23.594,23.617,23.632,23.625,23.617,23.632,23.632,23.64,23.617,23.632,23.625,23.632,23.625,23.655,23.625,23.671,23.648,23.648,23.655,23.64,23.655,23.655,23.709,23.709,23.709,23.709,23.709,23.755,23.709,23.686,23.701,23.724,23.724,23.77,23.777,23.793,23.8,23.808,23.816,23.808,23.8,23.831,23.831,23.846,23.854,23.869,23.869,23.899,23.899,23.953,24.097,24.082,24.893,25.518,26.139,26.049,26.511,26.682,26.993,27.193,27.443,27.488,27.583,27.679,27.708,27.862,27.899,27.965,28.016,28.06,28.243,28.324,28.426,28.535,28.557,28.572,28.557,28.455,28.44,28.346,28.251,28.214,28.119,28.141,28.068,27.958,27.98,27.906,27.804,27.826,27.76,27.664,27.642,27.554,27.436,27.436,27.311,27.237,27.119,27.074,27.015,26.934,26.756,26.808,26.615,26.489,26.407,26.407,26.333,26.295,26.251,26.198,26.183,26.191,26.161,26.146,26.124,26.116,26.094,26.064,26.057,26.027,26.027,26.004,25.982,25.93,25.9,25.877,25.862,25.832,25.765,25.743,25.668,25.585,25.563,25.533,25.495,25.488,25.473,25.473,25.555,25.653,25.713,25.765,25.803,26.019,26.049,26.318,27.215,28.732,28.856,28.965,28.95,29.03,29.044,29.073,29.146,29.146,29.146,29.168,29.153,29.146,28.856,27.052,26.087,26.019,26.109,26.206,26.228,26.273,26.355,26.444,26.645,26.808,26.949,26.978,27.082,27.148,27.185,27.222,27.252,27.289,27.289,27.303,27.281,27.237,27.229,27.148,27.067,26.993,26.963,26.941,26.889,26.897,26.83,26.8,26.756,26.734,26.674,26.645,26.466,26.407,26.385,26.362,26.362,26.347,26.385,26.414,26.459,26.763,26.615,26.963,27.141,27.237,27.399,27.37,27.561,27.782,28.141,28.666,28.688,28.747,28.251,26.615,26.548,26.504,26.504,26.474,26.466,26.422,26.481,26.474,26.496,26.548,26.608,26.667,26.704,26.778,26.838,26.897,27.089,27.111,27.266,27.436,27.51,27.554,27.613,27.862,27.965,28.148,28.126,28.229,28.28,28.338,28.309,28.265,28.243,28.214,28.236,28.251,28.258,28.353,28.382,28.448,28.499,28.564,28.688,28.703,28.797,28.877,28.972,29.066,29.066,29.102,29.073,29.001,28.986,28.95,28.921,28.921,28.972,28.965,29.023,28.972,29.044,29.037,28.856,28.972,28.754,28.761,28.608,28.521,28.484,28.426,28.134,28.024,28.002,27.87,27.76,27.649,27.436,27.311,27.355,27.03,26.823,26.808,26.786,26.749,26.778,26.734,26.793,26.823,27.008,27.037,27.972,28.404,28.812,29.088,29.124,29.189,29.24,29.262,29.269,29.32,29.211,29.015,28.936,28.87,28.674,28.397,28.229,27.671,27.605,27.524,27.458,27.222,26.956,26.926,26.682,26.556,26.355,26.37,26.169,26.087,26.072,26.079,26.072,26.101,26.704,27.193,27.289,27.502,27.561,27.576,27.517,27.51,27.436,27.355,27.229,27.185,27.163,27.097,27.089,27.067,27.052,27.015,26.963,26.956,26.919,26.934,27.03,27.03,27.097,27.111,27.119,27.148,27.126,27.104,27.037,26.993,26.83,26.8,26.652,26.57,26.511,26.489,26.429,26.459,26.422,26.466,26.548,27.17,27.694,27.598,26.608,25.832,25.585,25.074,24.871,24.946,24.787,24.704,24.697,24.674,24.659,24.659,24.689,24.704,24.712,24.75,24.735,24.818,24.863,24.938,24.969,25.014,25.074,25.074,25.195,25.27,25.443,25.435,25.39,25.413,25.42,25.39,25.39,25.368,25.368,25.383,25.413,25.473,25.615,25.698,25.892,25.9,25.945,25.997,26.087,26.169,26.228,26.243,26.295,26.28,26.31,26.355,26.399,26.444,26.474,26.481,26.481,26.466,26.444,26.414,26.399,26.392,26.362,26.392,26.377,26.392,26.385,26.385,26.385,26.414,26.466,26.444,26.481,26.511,26.541,26.548,26.608,26.63,26.674,26.682,26.719,26.719,26.741,26.778,26.8,26.793,26.83,26.838,26.882,26.882,26.912,26.934,26.971,27.126,27.141,27.244,27.414,27.407,27.392,27.473,27.451,27.377,27.318,27.215,27.126,27.097,26.897,26.941,26.615,26.504,26.407,26.466,26.392,26.221,25.698,25.127,24.757,24.325,24.31,24.272,24.227,24.234,24.227,24.173,24.151,24.151,24.128,24.135,24.128,24.105,24.097,24.075,24.029,24.044,24.044,24.029,24.021,24.014,24.006,23.983,23.976,23.945,23.93,23.915,23.93,23.915,23.915,23.907,23.93,23.907,23.899,23.869,23.861,23.838,23.808,23.846,23.823,23.831,23.846,23.838,23.846,23.831,23.808,23.816,23.8,23.785,23.808,23.777,23.777,23.755,23.8,23.793,23.739,23.747,23.777,23.755,23.755,23.762,23.777,23.77,23.785,23.709,23.732,23.755,23.739,23.716,23.724,23.724,23.755,23.739,23.724,23.716,23.724,23.716,23.693
,23.548,23.51,23.525,23.487,23.51,23.487,23.479,23.502,23.51,23.479,23.479,23.479,23.487,23.495,23.51,23.487,23.487,23.495,23.495,23.502,23.502,23.502,23.502,23.502,23.502,23.487,23.525,23.518,23.533,23.533,23.533,23.502,23.502,23.495,23.51,23.487,23.541,23.533,23.556,23.556,23.571,23.564,23.594,23.609,23.625,23.609,23.594,23.609,23.617,23.625,23.617,23.617,23.625,23.632,23.617,23.602,23.602,23.64,23.625,23.64,23.632,23.625,23.625,23.648,23.632,23.648,23.648,23.678,23.709,23.709,23.625,23.709,23.663,23.693,23.709,23.709,23.724,23.755,23.701,23.732,23.716,23.709,23.739,23.739,23.762,23.785,23.8,23.8,23.816,23.823,23.823,23.831,23.838,23.838,23.861,23.869,23.861,23.907,23.938,23.96,24.12,24.477,25.021,25.69,26.079,26.243,26.466,26.667,26.749,27.074,27.414,27.436,27.583,27.664,27.664,27.818,27.899,27.928,27.972,28.046,28.163,28.316,28.338,28.499,28.521,28.528,28.543,28.535,28.513,28.47,28.309,28.199,28.185,28.06,28.046,27.994,27.921,27.899,27.833,27.833,27.767,27.671,27.657,27.605,27.48,27.429,27.362,27.296,27.156,27.052,27.052,26.875,26.934,26.719,26.63,26.6,26.608,26.437,26.385,26.333,26.288,26.251,26.206,26.198,26.161,26.146,26.124,26.101,26.079,26.072,26.049,26.042,26.004,25.975,25.975,25.93,25.915,25.877,25.87,25.81,25.773,25.773,25.653,25.615,25.6,25.578,25.525,25.488,25.51,25.525,25.525,25.645,25.675,25.713,25.743,25.862,26.064,26.258,26.608,28.126,28.827,28.877,28.936,28.979,29.023,29.052,29.073,29.11,29.146,29.146,29.139,29.102,29.023,28.367,26.146,26.042,26.034,26.094,26.146,26.258,26.28,26.407,26.578,26.704,26.8,26.926,27.023,27.119,27.141,27.215,27.229,27.252,27.266,27.281,27.259,27.274,27.252,27.133,27.17,27.045,26.971,26.963,26.912,26.889,26.867,26.793,26.763,26.719,26.689,26.66,26.593,26.511,26.407,26.377,26.34,26.34,26.34,26.37,26.399,26.6,26.712,26.763,26.919,26.956,27.2,27.303,27.495,27.524,27.826,28.075,28.652,28.681,28.652,28.338,26.778,26.518,26.444,26.414,26.414,26.414,26.422,26.444,26.466,26.481,26.504,26.593,26.63,26.689,26.712,26.793,26.919,26.926,27.03,27.111,27.266,27.229,27.539,27.649,27.598,27.745,28.016,28.112,28.177,28.273,28.243,28.236,28.229,28.185,28.207,28.199,28.199,28.287,28.28,28.302,28.455,28.484,28.535,28.623,28.681,28.732,28.841,28.877,28.936,28.994,28.965,28.986,28.979,28.914,28.899,28.907,28.877,28.892,28.921,28.885,28.877,28.834,28.819,28.768,28.783,28.586,28.455,28.55,28.448,28.273,28.177,27.921,27.716,27.789,27.561,27.399,27.407,27.252,27.119,27.015,26.919,26.778,26.749,26.726,26.719,26.726,26.763,26.823,26.86,27.052,27.517,28.134,28.448,29.015,29.044,29.132,29.168,29.197,29.204,29.226,29.233,29.044,28.87,28.863,28.659,28.397,28.229,28.06,27.708,27.561,27.488,27.407,27.074,27.052,26.867,26.697,26.526,26.318,26.325,26.236,26.079,26.057,26.019,26.019,26.146,26.385,27.045,27.259,27.436,27.591,27.569,27.598,27.532,27.429,27.37,27.34,27.215,27.163,27.178,27.163,27.104,27.082,27.074,27.06,27,26.971,27.015,27.03,27.082,27.119,27.097,27.141,27.148,27.133,27.104,27.104,27.052,26.926,26.8,26.712,26.548,26.526,26.444,26.437,26.414,26.466,26.474,26.593,26.941,27.613,27.76,27.097,25.713,25.803,25.24,25.029,24.855,24.818,24.765,24.674,24.682,24.674,24.644,24.651,24.674,24.682,24.704,24.742,24.795,24.818,24.916,24.961,25.006,25.059,25.074,25.165,25.285,25.398,25.428,25.368,25.375,25.368,25.36,25.353,25.338,25.345,25.368,25.36,25.428,25.585,25.675,25.847,25.922,25.967,26.019,26.057,26.139,26.191,26.228,26.198,26.265,26.295,26.34,26.362,26.414,26.452,26.481,26.474,26.444,26.407,26.399,26.385,26.362,26.347,26.362,26.399,26.399,26.399,26.399,26.429,26.429,26.429,26.452,26.474,26.556,26.578,26.563,26.593,26.622,26.63,26.66,26.704,26.741,26.749,26.771,26.771,26.778,26.823,26.823,26.852,26.882,26.882,26.926,26.949,27,27.015,27.2,27.281,27.355,27.303,27.333,27.185,27.207,27.126,27.133,27.023,26.912,27.023,26.704,26.608,26.541,26.429,26.288,26.318,26.154,26.139,26.057,25.157,24.697,24.363,24.333,24.28,24.249,24.227,24.196,24.158,24.166,24.135,24.143,24.143,24.128,24.113,24.082,24.044,24.044,24.037,24.006,24.021,24.014,24.006,24.006,23.976,23.976,23.938,23.938,23.93,23.915,23.938,23.907,23.915,23.915,23.899,23.884,23.877,23.854,23.831,23.838,23.816,23.823,23.854,23.8,23.861,23.861,23.838,23.8,23.8,23.793,23.8,23.777,23.762,23.762,23.732,23.762,23.755,23.747,23.732,23.716,23.755,23.709,23.755,23.724,23.739,23.732,23.709,23.693,23.709,23.732,23.716,23.709,23.732,23.716,23.747,23.755,23.724,23.671,23.701
,23.571,23.487,23.502,23.495,23.479,23.479,23.495,23.51,23.487,23.472,23.479,23.51,23.472,23.518,23.502,23.487,23.495,23.479,23.479,23.518,23.502,23.525,23.51,23.51,23.518,23.502,23.548,23.502,23.495,23.541,23.518,23.541,23.518,23.548,23.518,23.533,23.525,23.533,23.541,23.579,23.602,23.594,23.571,23.579,23.586,23.602,23.586,23.609,23.617,23.625,23.625,23.617,23.602,23.594,23.602,23.609,23.617,23.625,23.625,23.617,23.625,23.632,23.625,23.678,23.648,23.655,23.678,23.701,23.678,23.678,23.701,23.686,23.701,23.709,23.701,23.709,23.709,23.724,23.716,23.747,23.724,23.747,23.732,23.755,23.777,23.777,23.785,23.8,23.808,23.816,23.831,23.838,23.869,23.846,23.877,23.907,23.938,24.029,24.12,24.044,24.439,25.473,25.608,25.645,25.982,26.452,26.593,26.682,26.978,27.252,27.421,27.627,27.649,27.62,27.723,27.796,27.84,27.84,28.024,28.163,28.287,28.353,28.404,28.477,28.55,28.528,28.521,28.484,28.492,28.375,28.207,28.104,28.09,28.031,27.98,27.928,27.921,27.855,27.833,27.818,27.752,27.686,27.502,27.554,27.451,27.377,27.207,27.178,27.222,27.089,26.934,26.83,26.756,26.719,26.734,26.518,26.444,26.392,26.347,26.325,26.265,26.243,26.191,26.169,26.116,26.131,26.109,26.094,26.064,26.072,26.049,26.027,25.989,25.96,25.945,25.93,25.892,25.877,25.795,25.788,25.728,25.675,25.623,25.608,25.57,25.518,25.54,25.495,25.488,25.54,25.57,25.563,25.668,25.675,25.788,25.825,25.907,26.6,27.34,28.572,28.805,28.907,28.907,28.95,29.001,29.03,29.081,29.088,29.124,29.132,29.124,29.081,29.023,28.009,26.116,26.042,26.042,26.131,26.228,26.258,26.318,26.385,26.578,26.719,26.756,26.971,27.067,27.104,27.17,27.193,27.237,27.252,27.289,27.266,27.229,27.229,27.2,27.163,27.126,26.971,26.956,26.919,26.889,26.875,26.823,26.786,26.763,26.689,26.63,26.615,26.496,26.496,26.385,26.347,26.355,26.333,26.34,26.377,26.444,26.578,26.689,26.867,26.926,27.06,27.252,27.34,27.51,27.635,27.708,28.273,28.71,28.725,28.659,28.367,26.904,26.466,26.481,26.362,26.31,26.325,26.37,26.399,26.362,26.437,26.452,26.578,26.578,26.615,26.652,26.682,26.741,26.889,27.037,27.074,27.193,27.237,27.296,27.532,27.627,27.767,27.987,27.884,27.994,28.112,28.112,28.17,28.141,28.17,28.148,28.163,28.134,28.207,28.258,28.265,28.367,28.426,28.44,28.499,28.601,28.659,28.739,28.79,28.819,28.805,28.907,28.921,28.899,28.921,28.863,28.812,28.877,28.856,28.87,28.827,28.79,28.586,28.666,28.666,28.44,28.484,28.389,28.346,28.273,28.075,27.804,27.627,27.62,27.686,27.407,27.222,27.163,27.2,26.845,26.823,26.808,26.726,26.719,26.712,26.697,26.704,26.726,26.845,27.023,27.296,28.024,28.477,28.623,29.008,29.037,29.052,29.102,29.161,29.117,29.073,29.117,28.936,28.812,28.674,28.367,28.331,28.185,28.09,27.554,27.502,27.289,27.2,27.074,26.889,26.749,26.556,26.496,26.385,26.169,26.154,26.042,26.057,26.042,26.004,26.154,26.355,26.926,27.252,27.524,27.569,27.598,27.605,27.546,27.51,27.421,27.384,27.355,27.296,27.229,27.185,27.148,27.111,27.119,27.074,27.045,27.008,27.06,27.074,27.097,27.126,27.126,27.133,27.141,27.163,27.126,27.052,27.008,26.971,26.756,26.734,26.622,26.504,26.444,26.392,26.377,26.385,26.452,26.481,26.815,27.51,27.745,27.443,26.183,25.54,25.3,24.923,24.863,24.787,24.697,24.659,24.674,24.651,24.606,24.666,24.666,24.666,24.704,24.697,24.75,24.84,24.878,24.923,24.999,24.991,25.021,25.097,25.292,25.315,25.338,25.353,25.338,25.36,25.3,25.277,25.308,25.308,25.338,25.368,25.458,25.503,25.585,25.773,25.9,25.952,26.004,26.034,26.042,26.146,26.169,26.221,26.243,26.273,26.303,26.347,26.437,26.452,26.452,26.452,26.429,26.377,26.355,26.34,26.333,26.333,26.347,26.37,26.377,26.399,26.422,26.407,26.429,26.489,26.481,26.481,26.548,26.593,26.585,26.63,26.63,26.622,26.682,26.719,26.719,26.756,26.756,26.786,26.778,26.808,26.823,26.86,26.86,26.882,26.941,26.919,26.978,27.03,27.074,27.133,27.133,27.222,27.148,27.141,27.06,27.052,27.074,27.052,27.133,26.941,26.838,26.645,26.548,26.511,26.437,26.422,26.206,26.176,26.019,25.93,25.78,24.871,24.416,24.348,24.265,24.257,24.227,24.151,24.166,24.166,24.166,24.135,24.143,24.143,24.105,24.067,24.052,24.029,24.037,24.014,24.014,23.998,23.998,23.991,23.953,23.968,23.93,23.968,23.922,23.945,23.907,23.884,23.899,23.922,23.884,23.884,23.861,23.861,23.854,23.831,23.838,23.831,23.838,23.823,23.831,23.877,23.846,23.846,23.808,23.8,23.808,23.762,23.777,23.777,23.823,23.777,23.785,23.762,23.777,23.8,23.793,23.716,23.716,23.739,23.732,23.709,23.701,23.701,23.701,23.709,23.701,23.716,23.77,23.77,23.732,23.732,23.686,23.663
,23.495,23.502,23.487,23.533,23.472,23.51,23.502,23.502,23.487,23.472,23.472,23.487,23.487,23.518,23.495,23.502,23.495,23.472,23.479,23.502,23.502,23.518,23.525,23.541,23.518,23.518,23.533,23.495,23.556,23.541,23.518,23.518,23.541,23.548,23.541,23.556,23.564,23.548,23.586,23.586,23.564,23.594,23.594,23.571,23.579,23.571,23.594,23.594,23.617,23.602,23.625,23.617,23.609,23.556,23.609,23.579,23.609,23.602,23.632,23.625,23.64,23.655,23.655,23.625,23.663,23.64,23.648,23.678,23.693,23.686,23.671,23.686,23.655,23.693,23.686,23.709,23.716,23.693,23.747,23.716,23.739,23.762,23.77,23.77,23.785,23.793,23.793,23.785,23.808,23.823,23.838,23.854,23.861,23.877,23.899,23.899,23.907,24.021,24.189,24.598,25.285,25.518,25.623,25.96,26.258,26.563,26.6,26.808,27.03,27.318,27.495,27.554,27.613,27.679,27.745,27.804,27.914,27.848,28.082,28.28,28.287,28.338,28.397,28.455,28.506,28.499,28.499,28.455,28.287,28.258,28.075,28.097,28.002,27.98,27.972,27.899,27.899,27.826,27.782,27.76,27.716,27.569,27.524,27.458,27.399,27.259,27.193,27.133,27.089,26.882,26.83,26.763,26.712,26.689,26.578,26.459,26.452,26.355,26.318,26.288,26.265,26.213,26.183,26.169,26.124,26.109,26.094,26.072,26.087,26.072,26.049,26.034,25.975,25.952,25.937,25.915,25.855,25.862,25.803,25.765,25.72,25.66,25.608,25.593,25.548,25.525,25.51,25.495,25.503,25.54,25.555,25.6,25.653,25.773,25.832,25.87,26.295,27.06,28.177,28.725,28.877,28.907,28.921,28.972,28.986,29.052,29.052,29.102,29.052,29.066,29.037,29.015,28.776,27.348,26.034,26.034,26.072,26.131,26.183,26.265,26.273,26.518,26.578,26.622,26.786,26.978,27.082,27.111,27.17,27.229,27.222,27.222,27.252,27.237,27.237,27.2,27.178,27.141,27.06,26.934,26.926,26.867,26.867,26.815,26.793,26.778,26.704,26.682,26.57,26.533,26.452,26.392,26.347,26.333,26.31,26.325,26.347,26.377,26.459,26.563,26.689,26.734,26.956,27.082,27.126,27.2,27.429,27.605,27.855,28.535,28.594,28.71,28.63,28.36,26.719,26.452,26.318,26.295,26.273,26.288,26.31,26.325,26.347,26.399,26.429,26.511,26.504,26.518,26.608,26.645,26.756,26.86,26.912,27,27.104,27.156,27.281,27.414,27.429,27.517,27.789,27.811,27.899,27.958,28.046,28.046,28.097,28.097,28.104,28.104,28.119,28.17,28.207,28.265,28.331,28.353,28.397,28.462,28.528,28.608,28.521,28.703,28.783,28.776,28.674,28.863,28.696,28.899,28.645,28.754,28.637,28.666,28.572,28.688,28.426,28.382,28.397,28.367,28.221,28.185,28.185,28.097,27.965,27.679,27.561,27.465,27.421,27.488,27.215,27.052,27.037,26.904,26.808,26.763,26.749,26.682,26.637,26.637,26.652,26.645,26.674,26.719,27.296,27.789,28.038,28.601,28.834,28.986,28.994,29.023,29.037,29.088,29.044,29.044,28.994,28.877,28.732,28.55,28.258,28.104,28.038,27.73,27.532,27.355,27.222,27.17,26.852,26.756,26.734,26.578,26.422,26.347,26.176,26.034,26.004,25.989,26.027,26.109,26.087,26.355,26.682,27.089,27.377,27.517,27.605,27.605,27.569,27.524,27.458,27.355,27.37,27.266,27.274,27.215,27.207,27.178,27.163,27.119,27.111,27.045,27.089,27.097,27.111,27.126,27.141,27.148,27.148,27.111,27.119,27.06,27.008,26.919,26.8,26.66,26.556,26.452,26.437,26.407,26.362,26.385,26.325,26.362,26.652,27.311,27.745,27.679,26.867,25.937,25.608,25.112,25.089,24.825,24.719,24.682,24.659,24.644,24.666,24.583,24.629,24.674,24.682,24.704,24.742,24.795,24.818,24.916,24.938,24.984,24.991,25.006,25.217,25.315,25.308,25.338,25.308,25.323,25.262,25.285,25.292,25.292,25.33,25.345,25.375,25.465,25.533,25.585,25.832,25.907,25.989,26.004,26.057,26.087,26.042,26.191,26.243,26.258,26.31,26.355,26.414,26.429,26.452,26.429,26.37,26.355,26.333,26.31,26.31,26.318,26.333,26.362,26.355,26.377,26.437,26.444,26.437,26.481,26.489,26.511,26.541,26.578,26.608,26.63,26.652,26.652,26.674,26.704,26.734,26.763,26.756,26.756,26.778,26.786,26.815,26.852,26.882,26.882,26.934,26.926,26.949,27.008,27.008,27.052,27.045,27.082,27.074,26.993,26.963,26.934,26.934,26.956,26.875,26.882,26.741,26.741,26.593,26.578,26.489,26.355,26.251,26.265,26.213,26.019,25.975,25.862,25.165,24.439,24.333,24.265,24.211,24.181,24.257,24.196,24.151,24.143,24.135,24.128,24.128,24.082,24.067,24.044,24.029,24.021,24.021,23.998,24.006,23.991,23.976,23.976,23.968,23.945,23.983,23.93,23.96,23.892,23.945,23.915,23.877,23.899,23.877,23.869,23.854,23.823,23.838,23.823,23.808,23.823,23.838,23.846,23.861,23.831,23.808,23.793,23.777,23.762,23.785,23.793,23.785,23.762,23.77,23.762,23.793,23.808,23.762,23.777,23.709,23.739,23.709,23.701,23.693,23.709,23.709,23.716,23.716,23.716,23.762,23.693,23.785,23.739,23.686,23.701
,23.518,23.495,23.479,23.51,23.51,23.487,23.502,23.495,23.495,23.472,23.502,23.495,23.51,23.502,23.495,23.495,23.495,23.502,23.502,23.51,23.548,23.533,23.533,23.51,23.495,23.51,23.525,23.518,23.518,23.533,23.51,23.518,23.541,23.533,23.556,23.571,23.541,23.556,23.548,23.586,23.579,23.594,23.586,23.586,23.586,23.586,23.594,23.609,23.594,23.609,23.609,23.625,23.617,23.586,23.594,23.609,23.579,23.625,23.609,23.625,23.64,23.64,23.663,23.678,23.671,23.686,23.678,23.678,23.709,23.693,23.663,23.655,23.671,23.678,23.732,23.739,23.716,23.747,23.747,23.755,23.777,23.785,23.777,23.785,23.793,23.777,23.8,23.785,23.808,23.838,23.854,23.869,23.907,23.899,23.93,23.968,24.014,24.037,24.379,25.24,25.48,25.675,25.945,26.049,26.518,26.541,26.838,26.823,27.082,27.259,27.399,27.517,27.657,27.701,27.796,27.782,27.95,28.141,28.221,28.258,28.338,28.353,28.448,28.389,28.47,28.397,28.433,28.353,28.243,28.112,28.09,28.024,27.98,27.928,27.899,27.87,27.848,27.804,27.782,27.738,27.694,27.598,27.473,27.458,27.34,27.185,27.133,27.052,26.897,26.83,26.778,26.645,26.637,26.548,26.541,26.452,26.414,26.37,26.325,26.273,26.265,26.213,26.176,26.154,26.124,26.109,26.087,26.079,26.079,26.042,26.049,25.989,25.96,25.945,25.862,25.84,25.832,25.788,25.758,25.705,25.66,25.63,25.593,25.593,25.548,25.518,25.533,25.465,25.51,25.578,25.585,25.615,25.675,25.728,25.915,26.109,26.466,27.465,28.499,28.834,28.972,28.957,28.979,29.015,29.023,29.03,29.066,29.059,29.066,29.001,28.979,28.797,28.455,26.578,25.975,25.989,26.064,26.146,26.139,26.198,26.34,26.459,26.652,26.719,26.823,27.037,27.06,27.119,27.156,27.207,27.207,27.222,27.237,27.207,27.207,27.185,27.148,27.126,27.06,26.956,26.934,26.852,26.845,26.823,26.763,26.741,26.637,26.645,26.526,26.518,26.452,26.37,26.325,26.318,26.318,26.333,26.377,26.385,26.437,26.526,26.712,26.741,26.889,27.015,27.207,27.311,27.333,27.532,27.649,28.448,28.608,28.63,28.623,28.462,26.986,26.355,26.273,26.243,26.221,26.236,26.236,26.273,26.333,26.362,26.399,26.429,26.489,26.518,26.533,26.556,26.667,26.793,26.83,26.882,26.978,27.237,27.259,27.281,27.407,27.421,27.62,27.774,27.804,27.818,27.972,27.95,28.016,28.024,28.068,28.082,28.097,28.148,28.148,28.243,28.251,28.346,28.265,28.411,28.448,28.477,28.586,28.579,28.666,28.666,28.688,28.586,28.579,28.615,28.645,28.579,28.579,28.455,28.47,28.506,28.397,28.324,28.273,28.258,28.126,28.046,27.921,27.723,27.598,27.635,27.546,27.399,27.244,27.141,27.097,27.052,26.949,26.815,26.771,26.712,26.645,26.645,26.556,26.63,26.637,26.674,26.674,27.067,27.259,27.855,28.477,28.666,28.841,28.863,28.957,29.001,29.015,28.972,28.907,28.834,28.87,28.637,28.528,28.236,27.936,28.134,28.06,27.51,27.421,27.2,27.037,27.008,26.882,26.697,26.674,26.556,26.362,26.124,26.109,26.057,25.952,25.989,25.967,26.131,26.094,26.221,26.615,27.156,27.348,27.554,27.605,27.613,27.569,27.576,27.546,27.473,27.421,27.414,27.37,27.362,27.266,27.252,27.17,27.156,27.082,27.097,27.089,27.111,27.126,27.111,27.133,27.133,27.126,27.148,27.141,27.045,26.926,26.912,26.734,26.637,26.548,26.474,26.444,26.355,26.333,26.333,26.31,26.303,26.541,26.941,27.855,27.723,27.074,26.049,25.93,25.082,24.901,24.787,24.712,24.651,24.644,24.613,24.583,24.576,24.591,24.613,24.644,24.666,24.719,24.765,24.833,24.893,24.916,24.961,24.984,25.202,25.232,25.292,25.285,25.338,25.315,25.292,25.277,25.27,25.285,25.285,25.308,25.338,25.398,25.428,25.435,25.533,25.668,25.855,25.9,25.945,26.019,25.989,26.116,26.101,26.198,26.258,26.31,26.355,26.414,26.429,26.452,26.399,26.377,26.362,26.31,26.295,26.28,26.288,26.325,26.333,26.362,26.385,26.399,26.392,26.422,26.481,26.489,26.533,26.563,26.585,26.637,26.652,26.66,26.697,26.682,26.719,26.756,26.771,26.763,26.8,26.8,26.808,26.823,26.852,26.86,26.889,26.889,26.897,26.956,26.971,26.978,26.986,26.978,26.993,27.015,26.934,26.919,26.904,26.86,26.875,26.845,26.808,26.726,26.704,26.652,26.578,26.466,26.63,26.682,26.504,26.399,26.265,26.273,25.96,25.803,25.24,24.462,24.394,24.249,24.219,24.211,24.189,24.173,24.158,24.158,24.135,24.113,24.09,24.067,24.044,24.029,24.014,24.021,24.014,24.014,24.014,23.983,23.983,23.968,23.96,23.953,23.945,23.945,23.93,23.892,23.899,23.884,23.892,23.884,23.877,23.861,23.831,23.838,23.808,23.823,23.831,23.838,23.823,23.846,23.831,23.838,23.777,23.793,23.785,23.785,23.8,23.785,23.77,23.785,23.793,23.785,23.755,23.747,23.777,23.724,23.755,23.724,23.709,23.701,23.709,23.724,23.724,23.709,23.716,23.693,23.709,23.686,23.739,23.686,23.655
,23.479,23.487,23.472,23.487,23.51,23.502,23.533,23.487,23.487,23.502,23.487,23.51,23.518,23.518,23.51,23.51,23.502,23.495,23.502,23.51,23.556,23.518,23.518,23.502,23.502,23.518,23.525,23.518,23.502,23.525,23.518,23.541,23.541,23.541,23.541,23.533,23.556,23.548,23.556,23.556,23.586,23.586,23.586,23.586,23.571,23.556,23.571,23.586,23.609,23.602,23.579,23.609,23.609,23.609,23.64,23.663,23.64,23.617,23.609,23.648,23.648,23.64,23.655,23.701,23.709,23.693,23.693,23.678,23.693,23.678,23.686,23.686,23.693,23.709,23.678,23.739,23.739,23.724,23.755,23.747,23.785,23.777,23.785,23.793,23.8,23.808,23.793,23.816,23.816,23.816,23.861,23.922,23.93,23.922,23.96,24.059,24.181,25.006,25.134,25.66,25.892,26.079,26.251,26.385,26.504,26.734,26.963,27.037,27.2,27.362,27.37,27.502,27.723,27.686,27.84,27.899,28.119,28.207,28.229,28.273,28.338,28.346,28.397,28.353,28.294,28.273,28.367,28.294,28.155,28.155,28.038,27.98,27.95,27.921,27.877,27.862,27.818,27.789,27.752,27.73,27.62,27.532,27.502,27.355,27.289,27.141,27.06,26.949,26.875,26.815,26.763,26.719,26.593,26.511,26.496,26.466,26.385,26.333,26.295,26.265,26.221,26.221,26.176,26.154,26.124,26.116,26.087,26.087,26.049,26.049,25.967,25.952,25.96,25.885,25.855,25.847,25.795,25.78,25.788,25.698,25.668,25.638,25.6,25.563,25.518,25.51,25.48,25.495,25.518,25.533,25.593,25.675,25.675,25.728,26.004,26.004,27.318,28.455,28.95,28.95,28.965,28.994,29.03,29.037,29.015,29.073,29.015,29.052,28.986,28.957,28.747,28.681,28.119,26.206,25.982,26.034,26.072,26.154,26.191,26.251,26.355,26.511,26.585,26.875,27.008,26.993,27.111,27.163,27.17,27.215,27.259,27.222,27.237,27.2,27.185,27.163,27.126,27.074,27.045,26.926,26.867,26.83,26.815,26.793,26.741,26.682,26.704,26.556,26.563,26.474,26.399,26.355,26.303,26.28,26.325,26.325,26.392,26.437,26.481,26.585,26.704,26.771,26.912,27.023,27.126,27.266,27.502,27.561,27.642,28.506,28.615,28.63,28.615,28.484,26.993,26.362,26.198,26.198,26.169,26.206,26.198,26.265,26.288,26.303,26.37,26.414,26.444,26.481,26.481,26.548,26.622,26.704,26.763,26.838,26.941,27.178,27.274,27.244,27.244,27.451,27.561,27.635,27.686,27.782,27.914,27.972,27.987,28.009,28.024,28.06,28.06,28.119,28.155,28.192,28.229,28.273,28.294,28.338,28.382,28.397,28.47,28.448,28.528,28.615,28.586,28.521,28.404,28.506,28.455,28.44,28.426,28.375,28.346,28.346,28.309,28.229,28.199,28.053,27.98,27.914,27.818,27.657,27.561,27.436,27.325,27.318,27.2,27.119,27.045,26.956,26.845,26.786,26.756,26.66,26.622,26.511,26.578,26.637,26.704,26.682,26.689,27.37,27.76,28.265,28.543,28.637,28.783,28.885,28.907,28.921,28.95,28.863,28.783,28.834,28.63,28.513,28.389,28.17,27.928,27.796,27.613,27.458,27.377,27.2,27.06,26.971,26.838,26.63,26.504,26.437,26.392,26.273,26.049,25.937,25.952,25.937,25.93,26.012,26.191,26.489,26.682,27.185,27.303,27.524,27.627,27.627,27.752,27.657,27.642,27.569,27.532,27.488,27.495,27.436,27.465,27.303,27.237,27.193,27.156,27.104,27.126,27.104,27.104,27.126,27.163,27.141,27.111,27.111,27.067,27.023,27.037,26.897,26.889,26.778,26.645,26.444,26.399,26.377,26.31,26.295,26.318,26.325,26.385,26.919,27.694,27.818,27.686,26.347,25.728,25.165,25.082,24.878,24.712,24.704,24.651,24.613,24.576,24.56,24.576,24.598,24.613,24.651,24.651,24.704,24.772,24.848,24.923,24.954,24.999,25.172,25.217,25.247,25.285,25.285,25.285,25.3,25.277,25.262,25.262,25.285,25.3,25.338,25.353,25.413,25.435,25.503,25.63,25.675,25.847,25.885,25.915,26.049,26.079,26.139,26.183,26.213,26.288,26.407,26.37,26.437,26.392,26.407,26.362,26.318,26.303,26.28,26.28,26.273,26.303,26.325,26.362,26.377,26.422,26.422,26.429,26.489,26.518,26.548,26.593,26.608,26.637,26.682,26.697,26.712,26.697,26.726,26.756,26.771,26.778,26.786,26.793,26.823,26.823,26.845,26.852,26.86,26.904,26.941,26.971,26.963,26.971,26.971,26.978,26.963,26.971,26.919,26.882,26.882,26.845,26.845,26.8,26.793,26.763,26.823,26.823,26.734,26.763,26.682,26.815,26.637,26.689,26.57,26.593,26.176,26.139,25.855,25.202,24.659,24.416,24.242,24.219,24.189,24.166,24.189,24.196,24.135,24.128,24.105,24.052,24.052,24.067,24.037,24.029,24.021,24.014,24.006,24.021,23.991,23.991,23.983,23.96,23.96,23.945,23.907,23.892,23.877,23.884,23.877,23.861,23.869,23.861,23.861,23.861,23.838,23.816,23.823,23.823,23.831,23.823,23.831,23.877,23.869,23.816,23.846,23.793,23.8,23.762,23.785,23.793,23.755,23.785,23.808,23.777,23.747,23.739,23.724,23.732,23.739,23.716,23.739,23.709,23.709,23.701,23.739,23.762,23.709,23.709,23.686,23.693,23.77
,23.464,23.449,23.479,23.441,23.487,23.464,23.495,23.487,23.502,23.502,23.502,23.51,23.51,23.51,23.487,23.502,23.487,23.502,23.502,23.487,23.502,23.518,23.487,23.479,23.487,23.518,23.525,23.533,23.525,23.518,23.518,23.518,23.541,23.548,23.556,23.556,23.586,23.541,23.541,23.548,23.556,23.586,23.571,23.594,23.571,23.571,23.594,23.579,23.594,23.632,23.609,23.609,23.609,23.617,23.594,23.625,23.602,23.64,23.617,23.609,23.625,23.671,23.648,23.678,23.663,23.671,23.693,23.663,23.701,23.701,23.693,23.678,23.693,23.716,23.739,23.739,23.739,23.732,23.724,23.747,23.739,23.777,23.793,23.785,23.808,23.808,23.808,23.823,23.823,23.846,23.869,23.915,23.953,23.998,23.96,24.097,25.104,25.525,25.548,25.945,25.93,26.206,26.198,26.474,26.726,26.852,26.912,27.082,27.178,27.222,27.318,27.443,27.576,27.738,27.774,27.921,28.06,28.141,28.163,28.294,28.265,28.229,28.265,28.294,28.243,28.163,28.214,28.155,28.141,28.075,28.046,27.994,27.936,27.884,27.848,27.811,27.745,27.738,27.694,27.635,27.605,27.451,27.473,27.325,27.244,27.148,26.993,26.926,26.86,26.756,26.712,26.615,26.518,26.489,26.399,26.399,26.385,26.31,26.288,26.258,26.191,26.221,26.169,26.154,26.146,26.109,26.087,26.064,26.034,26.012,25.989,25.892,25.922,25.847,25.81,25.803,25.75,25.735,25.69,25.668,25.6,25.6,25.563,25.555,25.51,25.48,25.48,25.465,25.525,25.525,25.638,25.638,25.69,25.832,26.049,26.756,27.848,28.797,28.914,28.957,29.001,29.001,29.008,29.001,29.037,29.044,29.052,29.044,28.899,28.863,28.856,28.688,27.745,25.93,25.952,26.004,26.019,26.116,26.236,26.295,26.37,26.444,26.622,26.823,26.845,27.045,27.111,27.148,27.178,27.193,27.207,27.193,27.185,27.193,27.141,27.163,27.111,27.052,26.978,26.904,26.845,26.8,26.786,26.712,26.741,26.66,26.593,26.518,26.452,26.399,26.318,26.295,26.288,26.303,26.31,26.355,26.385,26.407,26.474,26.57,26.734,26.8,26.912,27.06,27.237,27.34,27.465,27.51,27.642,28.55,28.615,28.608,28.564,28.557,26.949,26.325,26.191,26.161,26.146,26.131,26.183,26.228,26.288,26.295,26.318,26.355,26.399,26.422,26.437,26.57,26.548,26.682,26.756,26.823,26.815,26.963,27.222,27.259,27.252,27.318,27.377,27.465,27.723,27.73,27.826,27.884,27.892,27.958,27.98,27.994,28.038,28.082,28.119,28.155,28.185,28.199,28.17,28.28,28.309,28.389,28.426,28.426,28.419,28.375,28.324,28.221,28.258,28.214,28.185,28.199,28.28,28.229,28.273,28.258,28.236,28.199,27.892,27.95,27.796,27.723,27.613,27.429,27.333,27.266,27.244,27.067,27,26.956,26.949,26.838,26.712,26.712,26.66,26.563,26.526,26.474,26.518,26.533,26.615,26.593,26.83,27.664,28.141,28.375,28.433,28.674,28.761,28.805,28.848,28.841,28.856,28.834,28.725,28.696,28.572,28.557,28.177,28.031,27.921,27.605,27.517,27.333,27.244,27.067,26.978,26.815,26.682,26.526,26.489,26.37,26.251,26.161,26.042,25.997,25.877,25.847,25.877,26.012,26.169,26.31,26.496,26.867,27.289,27.458,27.613,27.649,27.738,27.782,27.694,27.694,27.679,27.627,27.517,27.443,27.407,27.318,27.266,27.229,27.207,27.126,27.126,27.119,27.119,27.104,27.141,27.104,27.111,27.089,27.067,27,26.993,26.897,26.838,26.674,26.548,26.474,26.362,26.318,26.288,26.265,26.288,26.347,26.34,26.63,27.671,27.833,27.73,26.63,25.855,25.247,25.112,24.908,24.697,24.704,24.659,24.636,24.591,24.576,24.576,24.568,24.606,24.621,24.621,24.682,24.674,24.719,24.878,24.954,25.104,25.149,25.202,25.202,25.247,25.285,25.277,25.262,25.277,25.255,25.24,25.262,25.285,25.315,25.375,25.413,25.473,25.495,25.578,25.668,25.75,25.78,25.877,25.93,25.96,26.161,26.169,26.236,26.28,26.303,26.392,26.399,26.385,26.362,26.325,26.303,26.288,26.265,26.258,26.288,26.31,26.273,26.34,26.333,26.392,26.414,26.474,26.481,26.526,26.556,26.57,26.615,26.667,26.689,26.712,26.719,26.726,26.771,26.771,26.786,26.771,26.763,26.756,26.763,26.808,26.823,26.83,26.86,26.889,26.912,26.934,26.949,26.956,26.963,26.949,26.956,26.941,26.912,26.86,26.83,26.83,26.823,26.8,26.786,26.786,26.815,26.838,26.912,26.815,26.956,26.867,26.845,26.919,26.734,26.637,26.399,26.251,26.288,25.608,25.33,24.991,24.538,24.242,24.227,24.189,24.143,24.151,24.143,24.105,24.097,24.059,24.059,24.037,24.021,24.044,24.044,24.029,24.021,24.006,24.006,23.983,23.991,23.953,23.953,23.93,23.915,23.892,23.877,23.877,23.861,23.838,23.846,23.854,23.8,23.793,23.838,23.861,23.808,23.816,23.823,23.8,23.808,23.793,23.8,23.823,23.8,23.785,23.777,23.762,23.739,23.747,23.755,23.77,23.693,23.747,23.716,23.732,23.709,23.724,23.732,23.732,23.747,23.732,23.724,23.762,23.77,23.755,23.686,23.716,23.678,23.678,23.709
,23.403,23.418,23.441,23.456,23.441,23.479,23.464,23.487,23.487,23.51,23.518,23.51,23.502,23.502,23.51,23.51,23.495,23.502,23.502,23.487,23.487,23.479,23.479,23.495,23.487,23.51,23.541,23.51,23.548,23.525,23.525,23.51,23.518,23.548,23.548,23.548,23.548,23.533,23.548,23.548,23.556,23.579,23.571,23.586,23.586,23.602,23.579,23.602,23.602,23.617,23.617,23.609,23.64,23.609,23.64,23.617,23.602,23.648,23.617,23.602,23.64,23.632,23.671,23.678,23.701,23.671,23.686,23.709,23.693,23.693,23.701,23.686,23.701,23.716,23.709,23.716,23.77,23.724,23.739,23.762,23.747,23.77,23.77,23.8,23.8,23.816,23.816,23.823,23.831,23.838,23.899,23.953,23.983,24.075,25.052,25.172,25.488,25.653,25.72,25.975,26.221,26.318,26.399,26.622,26.771,26.823,26.978,27.06,27.104,27.281,27.311,27.37,27.48,27.627,27.796,27.943,28.075,28.068,28.134,28.258,28.243,28.265,28.199,28.17,28.119,28.163,28.134,28.112,28.104,28.082,28.024,27.965,27.95,27.848,27.848,27.782,27.708,27.671,27.605,27.642,27.436,27.377,27.377,27.252,27.156,27.089,27.045,26.904,26.749,26.697,26.674,26.57,26.526,26.481,26.399,26.377,26.34,26.273,26.265,26.221,26.213,26.191,26.191,26.161,26.131,26.124,26.094,26.064,26.042,25.975,25.922,25.862,25.847,25.81,25.78,25.758,25.728,25.698,25.683,25.623,25.6,25.563,25.54,25.518,25.495,25.48,25.473,25.465,25.488,25.548,25.585,25.668,25.803,25.975,26.049,27.546,28.557,28.943,28.936,28.965,28.979,28.994,28.994,29.015,29.008,29.015,28.979,28.943,28.856,28.783,28.717,28.521,27.097,25.877,25.915,25.907,25.982,26.124,26.161,26.325,26.474,26.563,26.667,26.786,26.926,27.082,27.074,27.163,27.17,27.185,27.185,27.185,27.17,27.156,27.17,27.119,27.06,27.015,26.956,26.912,26.823,26.83,26.749,26.734,26.63,26.608,26.563,26.511,26.459,26.377,26.325,26.273,26.251,26.28,26.28,26.34,26.399,26.452,26.496,26.593,26.697,26.808,26.875,26.941,27.133,27.333,27.495,27.532,27.657,28.535,28.601,28.543,28.55,28.426,27.023,26.206,26.154,26.124,26.087,26.116,26.131,26.176,26.198,26.228,26.28,26.31,26.347,26.399,26.407,26.496,26.556,26.637,26.697,26.778,26.83,26.912,27.008,27.015,27.17,27.266,27.348,27.414,27.488,27.465,27.671,27.745,27.818,27.877,27.936,27.972,28.009,28.038,28.09,28.112,28.155,28.126,28.155,28.221,28.243,28.309,28.302,28.294,28.273,28.251,28.17,28.177,28.082,28.075,28.104,28.082,28.082,28.148,28.155,28.002,27.987,27.892,27.884,27.782,27.811,27.708,27.348,27.237,27.2,27.229,27.141,27.03,26.971,26.882,26.808,26.645,26.667,26.608,26.541,26.489,26.452,26.437,26.504,26.518,26.645,26.712,27.207,27.627,28.192,28.353,28.543,28.696,28.747,28.754,28.812,28.79,28.768,28.805,28.513,28.404,28.338,28.273,28.002,27.95,27.958,27.613,27.377,27.266,27.156,27.015,26.897,26.741,26.57,26.57,26.414,26.333,26.191,26.101,26.042,25.922,25.877,25.832,25.915,25.967,26.139,26.221,26.585,26.904,27.111,27.436,27.642,27.774,27.818,27.811,27.782,27.723,27.679,27.598,27.591,27.465,27.37,27.362,27.296,27.259,27.185,27.119,27.133,27.089,27.097,27.104,27.104,27.126,27.097,27.097,27.052,27.037,26.978,26.949,26.882,26.726,26.533,26.489,26.377,26.333,26.251,26.213,26.295,26.31,26.474,26.637,27.037,27.789,27.811,27.074,26.265,25.225,25.052,24.901,24.712,24.689,24.651,24.598,24.606,24.576,24.56,24.576,24.583,24.598,24.606,24.636,24.689,24.712,24.825,24.946,25.036,25.149,25.172,25.172,25.202,25.21,25.262,25.285,25.262,25.27,25.255,25.27,25.3,25.315,25.375,25.42,25.45,25.495,25.578,25.653,25.69,25.72,25.81,25.847,25.9,25.982,26.154,26.198,26.288,26.31,26.362,26.377,26.37,26.355,26.347,26.31,26.28,26.265,26.265,26.28,26.265,26.31,26.333,26.347,26.377,26.444,26.437,26.489,26.556,26.556,26.6,26.652,26.689,26.689,26.734,26.741,26.763,26.771,26.763,26.741,26.749,26.749,26.741,26.756,26.771,26.778,26.815,26.808,26.867,26.889,26.912,26.926,26.949,26.941,26.919,26.919,26.889,26.882,26.838,26.845,26.808,26.823,26.83,26.845,26.838,26.882,26.949,26.956,27.082,27.045,26.978,26.971,27.045,26.838,26.978,26.726,26.444,26.183,25.907,25.638,25.51,24.825,24.341,24.287,24.189,24.227,24.143,24.143,24.113,24.082,24.082,24.044,24.059,24.044,24.037,24.044,24.044,24.037,24.037,24.037,23.998,23.983,23.976,23.945,23.922,23.922,23.907,23.899,23.892,23.869,23.854,23.831,23.838,23.854,23.831,23.846,23.831,23.831,23.808,23.808,23.808,23.831,23.785,23.8,23.793,23.793,23.808,23.793,23.777,23.762,23.762,23.755,23.785,23.739,23.77,23.732,23.755,23.701,23.724,23.724,23.739,23.747,23.739,23.739,23.762,23.686,23.724,23.716,23.724,23.693,23.686,23.701
,23.403,23.387,23.433,23.433,23.441,23.449,23.456,23.456,23.472,23.495,23.495,23.495,23.495,23.502,23.487,23.495,23.51,23.479,23.487,23.502,23.472,23.464,23.456,23.479,23.472,23.51,23.541,23.533,23.548,23.541,23.525,23.548,23.541,23.564,23.556,23.548,23.548,23.556,23.556,23.548,23.564,23.556,23.564,23.594,23.586,23.586,23.579,23.586,23.625,23.594,23.609,23.632,23.64,23.625,23.625,23.632,23.625,23.602,23.609,23.625,23.64,23.64,23.663,23.693,23.678,23.701,23.709,23.655,23.671,23.686,23.678,23.686,23.693,23.693,23.701,23.716,23.755,23.747,23.739,23.732,23.755,23.762,23.777,23.793,23.816,23.816,23.831,23.854,23.838,23.922,23.998,24.075,24.059,24.833,25.172,25.405,25.803,25.75,25.93,26.109,26.206,26.37,26.622,26.778,26.771,26.86,26.941,27.023,27.156,27.178,27.318,27.392,27.502,27.546,27.745,27.95,28.031,28.075,28.119,28.126,28.17,28.09,28.097,28.046,28.06,28.082,28.097,28.06,28.031,28.046,27.972,27.943,27.928,27.862,27.833,27.73,27.627,27.591,27.613,27.561,27.443,27.325,27.244,27.2,27.097,26.978,26.882,26.815,26.749,26.674,26.712,26.541,26.489,26.452,26.399,26.362,26.303,26.243,26.243,26.206,26.169,26.176,26.154,26.161,26.139,26.124,26.087,26.072,26.004,25.975,25.892,25.847,25.825,25.788,25.773,25.765,25.713,25.668,25.6,25.6,25.548,25.54,25.54,25.525,25.495,25.48,25.48,25.48,25.555,25.54,25.608,25.6,25.862,26.057,26.778,28.324,28.797,28.943,28.928,28.972,28.957,28.965,28.979,28.965,28.95,28.928,28.892,28.827,28.79,28.747,28.71,28.287,26.444,25.87,25.9,25.997,26.034,26.034,26.161,26.318,26.414,26.548,26.778,26.823,26.904,27.045,27.126,27.17,27.156,27.185,27.185,27.185,27.185,27.104,27.067,27.089,27.015,27,26.978,26.897,26.793,26.749,26.682,26.615,26.585,26.578,26.526,26.466,26.429,26.362,26.318,26.258,26.251,26.273,26.303,26.325,26.385,26.422,26.489,26.585,26.66,26.712,26.867,27.03,27.281,27.37,27.303,27.458,27.701,28.55,28.586,28.557,28.564,28.375,27.178,26.191,26.101,26.057,26.057,26.072,26.101,26.139,26.154,26.213,26.243,26.28,26.28,26.377,26.399,26.466,26.526,26.637,26.652,26.726,26.786,26.838,26.986,27.074,27.229,27.281,27.333,27.384,27.384,27.407,27.51,27.591,27.664,27.811,27.84,27.877,27.943,27.987,28.038,28.024,28.038,28.097,28.141,28.199,28.236,28.221,28.207,28.258,28.17,28.177,28.112,28.082,27.987,27.943,27.906,28.009,27.943,27.921,27.958,27.862,27.774,27.774,27.767,27.605,27.392,27.266,27.222,27.185,27.156,27,26.956,26.889,26.86,26.704,26.63,26.608,26.57,26.548,26.474,26.437,26.452,26.466,26.518,26.548,26.763,27.325,27.546,27.987,28.338,28.433,28.623,28.666,28.703,28.739,28.732,28.732,28.666,28.608,28.397,28.411,28.273,28.038,27.884,27.987,27.598,27.414,27.289,27.259,27.148,27.097,26.867,26.585,26.578,26.474,26.407,26.228,26.183,26.109,25.967,25.952,25.915,25.862,25.855,25.952,26.057,26.124,26.31,26.741,26.971,27.517,27.598,27.745,27.796,27.804,27.796,27.782,27.708,27.613,27.51,27.524,27.436,27.34,27.274,27.244,27.215,27.126,27.111,27.074,27.074,27.082,27.097,27.104,27.104,27.082,27.067,27.03,26.978,26.934,26.875,26.778,26.548,26.452,26.437,26.303,26.191,26.213,26.191,26.28,26.385,26.452,26.867,27.664,27.804,27.436,26.318,25.54,25.308,24.878,24.923,24.719,24.689,24.651,24.598,24.576,24.583,24.545,24.576,24.553,24.56,24.621,24.629,24.697,24.855,24.871,25.006,25.082,25.142,25.165,25.172,25.21,25.225,25.285,25.262,25.255,25.27,25.277,25.315,25.323,25.375,25.383,25.443,25.488,25.518,25.57,25.585,25.608,25.728,25.818,25.922,25.9,26.116,26.198,26.251,26.303,26.34,26.377,26.333,26.355,26.318,26.28,26.28,26.288,26.28,26.265,26.288,26.303,26.31,26.325,26.37,26.399,26.474,26.504,26.489,26.593,26.63,26.667,26.697,26.689,26.704,26.763,26.741,26.749,26.741,26.763,26.741,26.726,26.712,26.719,26.741,26.763,26.756,26.8,26.838,26.867,26.875,26.919,26.912,26.919,26.926,26.912,26.882,26.889,26.86,26.845,26.83,26.815,26.83,26.852,26.867,26.882,26.904,26.993,27.06,27.296,27.133,27.148,27.089,27.133,27.037,26.615,26.385,26.489,26.452,25.982,25.907,25.285,25.142,24.31,24.31,24.242,24.135,24.128,24.151,24.097,24.128,24.059,24.067,24.021,24.029,24.052,24.044,24.044,24.052,24.029,24.021,23.998,23.983,23.968,23.938,23.93,23.922,23.922,23.892,23.899,23.831,23.816,23.816,23.8,23.846,23.823,23.808,23.838,23.8,23.816,23.8,23.77,23.77,23.785,23.793,23.762,23.793,23.785,23.77,23.77,23.77,23.77,23.724,23.762,23.747,23.77,23.724,23.693,23.701,23.739,23.716,23.747,23.739,23.755,23.724,23.716,23.709,23.693,23.724,23.686,23.716,23.648
,23.341,23.38,23.426,23.418,23.441,23.456,23.441,23.464,23.464,23.472,23.487,23.472,23.487,23.487,23.487,23.502,23.518,23.479,23.472,23.479,23.487,23.472,23.479,23.479,23.479,23.502,23.533,23.548,23.586,23.548,23.556,23.541,23.525,23.564,23.564,23.556,23.564,23.548,23.548,23.548,23.548,23.564,23.564,23.586,23.602,23.571,23.586,23.579,23.594,23.625,23.632,23.617,23.648,23.648,23.602,23.625,23.609,23.625,23.64,23.602,23.663,23.663,23.671,23.678,23.693,23.693,23.663,23.686,23.678,23.671,23.686,23.686,23.709,23.716,23.716,23.747,23.739,23.739,23.755,23.739,23.732,23.747,23.785,23.8,23.808,23.831,23.854,23.877,23.983,23.907,24.014,24.082,24.803,25.082,25.6,25.51,25.885,26.057,26.124,26.273,26.37,26.66,26.712,26.786,26.808,26.963,27.008,27.074,27.163,27.229,27.289,27.377,27.495,27.605,27.738,27.892,27.972,28.002,28.024,28.016,28.046,28.038,28.002,28.016,28.016,27.987,28.009,28.002,28.024,27.994,27.936,27.943,27.855,27.826,27.796,27.708,27.554,27.539,27.546,27.443,27.296,27.318,27.215,27.074,27.023,26.934,26.882,26.778,26.704,26.637,26.6,26.6,26.496,26.444,26.392,26.333,26.243,26.251,26.221,26.161,26.161,26.161,26.169,26.146,26.154,26.124,26.094,26.049,26.034,25.952,25.892,25.81,25.803,25.795,25.735,25.713,25.675,25.608,25.6,25.563,25.578,25.555,25.525,25.495,25.48,25.48,25.473,25.51,25.548,25.593,25.645,25.653,25.84,26.079,27.178,28.666,28.885,28.877,28.928,28.957,28.972,28.95,28.943,28.921,28.907,28.856,28.805,28.79,28.754,28.717,28.652,27.884,26.213,25.84,25.93,25.93,25.982,26.079,26.169,26.161,26.407,26.63,26.763,26.897,26.971,26.993,27.133,27.141,27.163,27.17,27.163,27.148,27.126,27.111,27.06,27.03,27.015,26.963,26.897,26.793,26.771,26.763,26.697,26.622,26.563,26.518,26.429,26.452,26.362,26.34,26.273,26.243,26.243,26.258,26.295,26.333,26.347,26.444,26.504,26.622,26.652,26.749,26.852,27.074,27.097,27.348,27.443,27.539,27.708,28.492,28.55,28.557,28.499,28.338,27.252,26.258,26.139,26.042,26.034,26.019,26.049,26.079,26.131,26.169,26.146,26.236,26.28,26.355,26.347,26.422,26.489,26.533,26.6,26.734,26.778,26.8,26.867,26.934,27.023,27.215,27.222,27.229,27.303,27.281,27.443,27.355,27.546,27.73,27.782,27.796,27.804,27.914,27.936,27.987,28.002,28.053,28.031,28.148,28.141,28.148,28.192,28.134,28.119,28.104,28.082,27.943,27.936,27.848,27.87,27.936,27.921,27.884,27.855,27.811,27.716,27.804,27.561,27.399,27.392,27.207,27.2,27.185,27.03,26.875,26.86,26.845,26.749,26.674,26.615,26.556,26.585,26.526,26.414,26.399,26.392,26.437,26.511,26.496,26.756,27.281,27.62,27.686,28.068,28.535,28.579,28.666,28.659,28.703,28.725,28.615,28.601,28.543,28.411,28.221,28.141,28.038,27.928,27.73,27.708,27.333,27.207,27.126,27.126,26.808,26.697,26.712,26.474,26.399,26.362,26.303,26.124,26.109,26.019,25.937,25.892,25.803,25.862,25.915,26.109,26.019,26.213,26.786,26.949,27.237,27.591,27.635,27.796,27.811,27.811,27.789,27.745,27.664,27.627,27.51,27.407,27.37,27.34,27.237,27.215,27.148,27.074,27.089,27.067,27.074,27.089,27.097,27.104,27.097,27.067,27.015,26.993,26.934,26.875,26.674,26.66,26.548,26.273,26.221,26.191,26.183,26.169,26.198,26.161,26.288,26.867,27.73,27.752,27.723,26.57,25.922,25.36,25.112,24.825,24.712,24.682,24.666,24.621,24.583,24.583,24.553,24.538,24.53,24.568,24.598,24.644,24.719,24.863,24.886,24.976,25.014,25.067,25.112,25.134,25.187,25.187,25.24,25.277,25.247,25.285,25.285,25.323,25.338,25.36,25.39,25.413,25.443,25.458,25.518,25.578,25.653,25.675,25.87,25.885,25.937,26.072,26.169,26.221,26.288,26.28,26.34,26.333,26.303,26.288,26.288,26.28,26.273,26.295,26.265,26.288,26.288,26.333,26.347,26.377,26.399,26.437,26.466,26.504,26.563,26.608,26.667,26.689,26.719,26.741,26.741,26.756,26.741,26.741,26.704,26.704,26.704,26.697,26.726,26.704,26.763,26.771,26.815,26.771,26.838,26.845,26.904,26.882,26.889,26.897,26.838,26.867,26.867,26.845,26.845,26.793,26.8,26.838,26.823,26.852,26.897,26.919,27.03,27.281,27.274,27.458,27.414,27.311,27.318,27.37,27.185,26.741,26.466,26.236,25.967,26.064,25.81,25.668,25.149,24.606,24.325,24.234,24.265,24.181,24.128,24.097,24.097,24.006,23.983,24.052,24.037,24.059,24.067,24.052,24.044,24.014,24.006,23.968,23.976,23.953,23.945,23.945,23.922,23.915,23.884,23.831,23.816,23.823,23.808,23.823,23.846,23.861,23.823,23.816,23.785,23.8,23.762,23.8,23.785,23.739,23.8,23.785,23.777,23.777,23.785,23.747,23.8,23.724,23.8,23.793,23.732,23.709,23.739,23.686,23.709,23.709,23.739,23.732,23.739,23.724,23.716,23.693,23.678,23.655,23.709,23.716,23.648
,23.403,23.395,23.426,23.433,23.449,23.464,23.449,23.464,23.464,23.456,23.464,23.472,23.479,23.479,23.525,23.525,23.525,23.502,23.533,23.502,23.51,23.479,23.495,23.502,23.487,23.502,23.525,23.541,23.564,23.548,23.548,23.564,23.541,23.548,23.548,23.548,23.556,23.556,23.548,23.541,23.564,23.579,23.579,23.579,23.571,23.594,23.586,23.594,23.594,23.602,23.617,23.617,23.64,23.617,23.632,23.617,23.594,23.655,23.632,23.632,23.663,23.655,23.671,23.678,23.709,23.701,23.663,23.671,23.663,23.693,23.709,23.709,23.716,23.701,23.716,23.739,23.747,23.755,23.755,23.747,23.732,23.77,23.777,23.816,23.808,23.846,23.861,23.869,23.915,23.922,24.105,24.825,25.052,25.578,25.66,25.832,25.855,26.206,26.288,26.466,26.474,26.704,26.763,26.815,26.897,27,27.052,27.06,27.141,27.17,27.229,27.37,27.451,27.539,27.657,27.811,27.899,27.994,27.936,27.965,27.98,27.987,27.994,27.98,27.987,27.95,27.921,27.943,27.899,27.914,27.914,27.818,27.774,27.752,27.591,27.576,27.407,27.443,27.348,27.303,27.259,27.244,27.148,27.082,26.986,26.941,26.815,26.741,26.741,26.667,26.608,26.481,26.452,26.385,26.377,26.31,26.273,26.236,26.183,26.198,26.183,26.169,26.161,26.131,26.101,26.116,26.087,26.049,25.989,25.937,25.847,25.803,25.795,25.78,25.75,25.705,25.645,25.608,25.593,25.555,25.533,25.518,25.488,25.488,25.458,25.465,25.495,25.503,25.548,25.6,25.675,25.758,26.057,26.34,28.119,28.841,28.834,28.907,28.914,28.943,28.95,28.936,28.899,28.885,28.856,28.754,28.754,28.703,28.688,28.696,28.338,27.104,25.855,25.892,25.885,26.004,26.034,26.079,26.146,26.251,26.437,26.608,26.86,26.875,26.971,27.074,27.119,27.163,27.156,27.17,27.148,27.141,27.126,27.089,27.03,27.03,26.978,26.956,26.823,26.8,26.726,26.682,26.645,26.563,26.518,26.511,26.452,26.392,26.347,26.31,26.251,26.251,26.221,26.251,26.265,26.258,26.325,26.429,26.422,26.615,26.674,26.793,26.993,27.015,27.06,27.185,27.348,27.517,27.818,28.448,28.659,28.55,28.557,28.506,27.252,26.169,26.057,26.019,26.019,25.989,26.012,26.079,26.087,26.131,26.169,26.169,26.258,26.265,26.251,26.355,26.407,26.533,26.608,26.637,26.756,26.778,26.852,26.919,27,27.023,27.193,27.178,27.215,27.252,27.289,27.303,27.421,27.627,27.723,27.745,27.833,27.855,27.892,27.906,27.928,27.972,28.038,28.119,28.104,28.06,28.09,28.09,28.06,28.009,27.921,27.862,27.767,27.76,27.774,27.76,27.723,27.789,27.745,27.73,27.635,27.517,27.414,27.407,27.229,27.052,27.052,26.912,26.941,26.83,26.778,26.734,26.66,26.637,26.578,26.526,26.444,26.422,26.399,26.392,26.407,26.407,26.504,26.541,27.178,27.495,27.84,28.134,28.331,28.462,28.543,28.608,28.666,28.637,28.623,28.615,28.513,28.338,28.28,28.155,28.002,27.921,27.649,27.583,27.348,27.185,27.178,27.037,27.015,26.734,26.615,26.593,26.496,26.392,26.288,26.273,26.176,26.101,26.057,25.945,25.877,25.855,25.862,25.885,25.975,26.087,26.116,26.756,26.682,27.259,27.613,27.671,27.649,27.774,27.811,27.848,27.738,27.752,27.613,27.539,27.451,27.414,27.362,27.311,27.215,27.156,27.089,27.089,27.082,27.074,27.089,27.104,27.097,27.097,27.074,27.037,26.963,26.926,26.845,26.771,26.652,26.578,26.333,26.169,26.191,26.139,26.139,26.154,26.28,26.191,26.399,27.613,27.554,27.701,27.215,26.116,25.48,25.149,24.855,24.818,24.689,24.666,24.613,24.598,24.576,24.545,24.515,24.538,24.553,24.583,24.629,24.719,24.787,24.84,24.931,24.976,25.036,25.104,25.134,25.195,25.202,25.24,25.232,25.27,25.315,25.315,25.315,25.33,25.375,25.383,25.413,25.42,25.458,25.48,25.495,25.6,25.675,25.765,25.825,25.9,26.124,26.139,26.221,26.28,26.28,26.303,26.303,26.303,26.295,26.295,26.288,26.303,26.273,26.28,26.303,26.295,26.318,26.37,26.37,26.422,26.474,26.489,26.548,26.622,26.652,26.667,26.704,26.726,26.8,26.749,26.697,26.749,26.741,26.726,26.712,26.734,26.719,26.734,26.749,26.771,26.778,26.793,26.815,26.845,26.867,26.867,26.882,26.875,26.875,26.83,26.838,26.823,26.838,26.808,26.771,26.808,26.808,26.823,26.838,26.852,26.875,27.119,27.48,27.465,27.657,27.598,27.451,27.443,27.03,27.052,26.845,26.57,26.422,26.333,26.243,26.027,25.832,25.698,25.134,24.833,24.341,24.204,24.181,24.143,24.113,24.09,24.075,24.021,24.044,24.021,24.059,24.059,24.052,24.037,24.029,23.998,23.991,23.983,23.968,23.96,23.96,23.915,23.915,23.884,23.861,23.838,23.816,23.823,23.823,23.831,23.831,23.816,23.823,23.816,23.816,23.777,23.785,23.793,23.808,23.724,23.785,23.77,23.777,23.777,23.762,23.739,23.793,23.739,23.755,23.747,23.739,23.732,23.693,23.724,23.739,23.678,23.716,23.701,23.724,23.686,23.663,23.663,23.678,23.655,23.678,23.655
,23.464,23.433,23.449,23.472,23.472,23.456,23.449,23.456,23.464,23.441,23.472,23.464,23.464,23.472,23.487,23.495,23.502,23.502,23.502,23.495,23.479,23.525,23.502,23.518,23.518,23.518,23.525,23.556,23.548,23.541,23.518,23.533,23.548,23.541,23.556,23.548,23.571,23.541,23.541,23.564,23.525,23.571,23.579,23.564,23.586,23.579,23.586,23.586,23.579,23.617,23.594,23.609,23.625,23.617,23.625,23.625,23.594,23.602,23.655,23.625,23.663,23.655,23.663,23.678,23.678,23.701,23.686,23.686,23.678,23.678,23.693,23.709,23.693,23.716,23.724,23.747,23.755,23.762,23.747,23.785,23.739,23.808,23.785,23.831,23.831,23.877,23.869,23.884,23.96,24.249,24.651,25.36,25.3,25.488,25.728,25.892,25.892,26.131,26.31,26.511,26.66,26.697,26.808,26.875,27,26.986,27.045,27.074,27.097,27.2,27.156,27.392,27.443,27.443,27.517,27.679,27.679,27.848,27.855,27.921,27.972,27.965,27.95,27.943,27.928,27.906,27.877,27.855,27.833,27.833,27.73,27.752,27.635,27.627,27.524,27.451,27.377,27.318,27.259,27.237,27.185,27.17,27.141,27.037,26.941,26.882,26.83,26.756,26.756,26.563,26.489,26.489,26.399,26.414,26.318,26.318,26.288,26.236,26.169,26.169,26.161,26.109,26.116,26.079,26.072,26.087,26.064,25.96,26.004,25.885,25.825,25.803,25.788,25.743,25.713,25.668,25.6,25.585,25.57,25.548,25.518,25.503,25.48,25.458,25.458,25.465,25.465,25.503,25.593,25.585,25.668,25.66,26.027,26.882,28.652,28.812,28.87,28.856,28.885,28.921,28.921,28.885,28.827,28.827,28.783,28.79,28.725,28.652,28.63,28.492,28.112,26.392,25.862,25.84,25.915,25.93,26.042,26.072,26.228,26.362,26.496,26.6,26.808,26.897,26.986,27.037,27.133,27.17,27.178,27.156,27.133,27.126,27.06,27.104,27.015,26.956,26.904,26.919,26.763,26.719,26.652,26.578,26.57,26.518,26.504,26.444,26.385,26.347,26.34,26.303,26.243,26.236,26.228,26.206,26.228,26.273,26.303,26.452,26.437,26.6,26.652,26.756,26.926,26.971,27.156,27.318,27.451,27.576,27.576,28.535,28.557,28.535,28.543,28.419,27.259,26.094,26.057,25.975,25.982,25.989,25.967,25.989,26.012,26.012,26.034,26.124,26.154,26.221,26.221,26.333,26.377,26.496,26.526,26.615,26.697,26.778,26.778,26.882,26.86,26.926,27.023,27.111,27.178,27.222,27.289,27.311,27.34,27.576,27.657,27.716,27.738,27.833,27.884,27.884,27.936,27.928,28.002,28.031,27.972,27.994,27.987,27.958,27.98,27.921,27.848,27.818,27.774,27.73,27.694,27.686,27.679,27.657,27.642,27.554,27.451,27.429,27.311,27.222,27.089,27.133,26.941,26.86,26.815,26.763,26.704,26.682,26.578,26.548,26.541,26.414,26.407,26.355,26.34,26.362,26.392,26.385,26.533,26.823,27.252,27.826,27.914,28.28,28.404,28.448,28.557,28.586,28.623,28.579,28.557,28.484,28.397,28.265,28.192,28.185,27.862,27.796,27.62,27.465,27.34,27.2,27.104,27.045,26.963,26.704,26.563,26.518,26.437,26.325,26.333,26.243,26.124,26.034,25.967,25.93,25.877,25.862,25.855,25.892,25.96,26.027,26.228,26.548,26.763,27.126,27.473,27.642,27.671,27.774,27.826,27.818,27.818,27.789,27.62,27.488,27.465,27.377,27.399,27.244,27.252,27.148,27.082,27.082,27.082,27.097,27.097,27.097,27.097,27.097,27.045,27.015,26.993,26.949,26.83,26.712,26.548,26.437,26.258,26.243,26.176,26.116,26.094,26.109,26.094,26.109,26.251,27.252,27.686,27.701,27.502,26.355,25.187,24.946,24.916,24.757,24.712,24.666,24.644,24.56,24.553,24.53,24.515,24.5,24.523,24.598,24.621,24.712,24.757,24.84,24.886,24.961,24.999,25.074,25.127,25.142,25.18,25.217,25.225,25.262,25.262,25.3,25.323,25.36,25.36,25.375,25.398,25.413,25.42,25.413,25.443,25.45,25.653,25.705,25.795,25.825,25.96,26.131,26.139,26.221,26.243,26.258,26.28,26.273,26.288,26.303,26.288,26.303,26.288,26.288,26.303,26.31,26.31,26.377,26.407,26.452,26.474,26.511,26.541,26.578,26.622,26.652,26.682,26.674,26.689,26.712,26.719,26.749,26.749,26.749,26.734,26.734,26.771,26.808,26.778,26.845,26.845,26.838,26.838,26.882,26.86,26.889,26.875,26.852,26.852,26.823,26.815,26.838,26.778,26.786,26.719,26.749,26.763,26.756,26.8,26.845,26.815,27.207,27.414,27.613,27.774,27.679,27.561,27.532,27.111,27.178,27.045,26.726,26.489,26.407,26.198,26.094,26.019,25.862,25.57,25.127,24.674,24.318,24.242,24.158,24.12,24.128,24.059,24.037,24.037,24.014,24.044,24.059,24.052,24.059,24.059,24.014,23.968,24.006,23.96,23.991,23.953,23.938,23.915,23.877,23.861,23.846,23.808,23.8,23.816,23.831,23.838,23.823,23.831,23.793,23.785,23.808,23.808,23.755,23.823,23.762,23.77,23.762,23.77,23.747,23.785,23.724,23.747,23.724,23.747,23.732,23.709,23.693,23.77,23.693,23.678,23.686,23.724,23.739,23.701,23.678,23.671,23.671,23.655,23.678,23.663,23.732
,23.441,23.433,23.479,23.472,23.464,23.472,23.456,23.441,23.464,23.449,23.456,23.464,23.464,23.464,23.464,23.472,23.472,23.495,23.487,23.502,23.525,23.525,23.518,23.541,23.525,23.533,23.541,23.518,23.556,23.548,23.525,23.541,23.495,23.541,23.548,23.541,23.548,23.541,23.548,23.556,23.548,23.571,23.594,23.579,23.586,23.571,23.586,23.586,23.579,23.594,23.609,23.602,23.625,23.632,23.625,23.625,23.625,23.617,23.625,23.632,23.655,23.655,23.663,23.686,23.663,23.671,23.701,23.701,23.678,23.693,23.716,23.732,23.739,23.716,23.747,23.755,23.77,23.77,23.755,23.716,23.8,23.77,23.823,23.831,23.846,23.922,23.915,24.029,24.401,24.976,25.044,25.54,25.623,25.66,25.78,26.101,26.236,26.385,26.392,26.57,26.637,26.689,26.8,26.867,26.971,27.008,27.045,27.045,27.097,27.104,27.296,27.318,27.421,27.392,27.524,27.657,27.671,27.738,27.87,27.848,27.906,27.921,27.914,27.914,27.914,27.84,27.848,27.745,27.782,27.598,27.694,27.561,27.561,27.591,27.399,27.333,27.333,27.229,27.222,27.237,27.126,27.111,27.06,27.008,26.875,26.875,26.815,26.756,26.6,26.585,26.474,26.385,26.355,26.362,26.273,26.265,26.206,26.176,26.169,26.131,26.116,26.094,26.087,26.064,26.057,26.049,26.057,26.034,25.982,25.825,25.765,25.788,25.758,25.69,25.653,25.653,25.6,25.563,25.555,25.51,25.51,25.473,25.42,25.428,25.42,25.45,25.48,25.518,25.563,25.668,25.773,25.87,26.228,27.738,28.805,28.841,28.863,28.863,28.892,28.885,28.892,28.856,28.797,28.747,28.754,28.717,28.63,28.586,28.521,28.397,27.987,25.818,25.818,25.81,25.877,25.96,26.087,26.101,26.109,26.295,26.377,26.518,26.749,26.912,27.111,27.097,27.126,27.178,27.156,27.156,27.141,27.111,27.111,27.067,27.015,26.993,26.867,26.845,26.704,26.667,26.63,26.556,26.556,26.496,26.407,26.407,26.377,26.325,26.295,26.265,26.213,26.191,26.191,26.213,26.213,26.258,26.288,26.414,26.452,26.548,26.726,26.808,26.823,26.949,27.03,27.259,27.392,27.488,27.583,28.506,28.535,28.564,28.499,28.404,27.229,26.109,26.079,25.975,25.952,25.96,25.922,25.945,25.967,25.975,25.997,26.049,26.094,26.176,26.213,26.303,26.37,26.459,26.518,26.585,26.608,26.645,26.712,26.771,26.815,26.793,26.897,27.06,26.978,27.148,27.111,27.229,27.34,27.458,27.598,27.649,27.701,27.796,27.826,27.848,27.877,27.899,27.906,27.936,27.936,27.899,27.884,27.928,27.87,27.796,27.62,27.627,27.561,27.613,27.664,27.62,27.635,27.598,27.591,27.458,27.377,27.281,27.104,27.06,26.941,26.926,26.875,26.808,26.749,26.712,26.637,26.622,26.556,26.563,26.533,26.429,26.37,26.325,26.333,26.325,26.392,26.474,26.489,26.978,27.76,27.95,27.994,28.294,28.287,28.448,28.492,28.564,28.543,28.521,28.44,28.346,28.273,28.243,28.09,27.943,27.752,27.613,27.517,27.414,27.244,27.119,27.067,26.86,26.852,26.622,26.556,26.437,26.407,26.295,26.273,26.236,26.109,26.019,25.982,25.915,25.877,25.855,25.855,25.907,25.945,25.93,26.072,26.206,26.674,26.719,27.311,27.627,27.642,27.738,27.76,27.84,27.811,27.73,27.635,27.591,27.495,27.473,27.407,27.325,27.252,27.163,27.104,27.089,27.089,27.089,27.097,27.089,27.067,27.074,27.067,27.008,26.993,26.949,26.852,26.749,26.697,26.504,26.31,26.213,26.161,26.079,26.087,26.072,26.124,26.094,26.116,26.689,27.657,27.738,27.694,26.726,25.818,25.623,24.923,24.871,24.727,24.644,24.629,24.545,24.538,24.515,24.507,24.53,24.515,24.553,24.621,24.689,24.727,24.787,24.878,24.908,24.954,25.059,25.082,25.127,25.165,25.172,25.21,25.24,25.27,25.3,25.315,25.353,25.375,25.383,25.39,25.39,25.398,25.435,25.405,25.435,25.608,25.66,25.743,25.847,25.87,26.124,26.087,26.213,26.206,26.258,26.265,26.258,26.288,26.295,26.28,26.288,26.303,26.288,26.318,26.325,26.325,26.392,26.437,26.437,26.466,26.504,26.511,26.548,26.593,26.652,26.652,26.674,26.682,26.719,26.726,26.749,26.756,26.756,26.778,26.778,26.808,26.86,26.875,26.889,26.889,26.926,26.882,26.897,26.897,26.889,26.875,26.845,26.83,26.815,26.823,26.852,26.793,26.771,26.712,26.712,26.719,26.719,26.741,26.8,26.8,26.875,27.193,27.745,27.987,27.943,27.767,27.716,27.613,27.465,26.926,26.904,26.726,26.556,26.399,26.213,26.057,25.945,25.93,25.668,25.54,24.999,24.234,24.219,24.135,24.135,24.097,24.037,24.037,24.044,24.059,24.059,24.075,24.044,24.014,24.037,23.968,23.953,23.983,23.968,23.953,23.945,23.93,23.892,23.884,23.861,23.854,23.854,23.823,23.838,23.854,23.846,23.816,23.816,23.816,23.793,23.755,23.777,23.739,23.77,23.77,23.77,23.747,23.77,23.747,23.693,23.739,23.716,23.747,23.77,23.739,23.762,23.755,23.693,23.739,23.716,23.732,23.732,23.716,23.678,23.663,23.648,23.625,23.648,23.693,23.701
,23.433,23.456,23.464,23.518,23.502,23.51,23.472,23.464,23.487,23.472,23.472,23.472,23.472,23.464,23.464,23.479,23.479,23.479,23.502,23.502,23.548,23.525,23.548,23.541,23.541,23.548,23.533,23.548,23.541,23.541,23.518,23.518,23.533,23.51,23.518,23.548,23.541,23.533,23.548,23.533,23.594,23.533,23.586,23.594,23.571,23.579,23.564,23.564,23.571,23.579,23.602,23.617,23.625,23.632,23.625,23.64,23.64,23.632,23.64,23.648,23.663,23.648,23.671,23.686,23.709,23.701,23.686,23.701,23.701,23.709,23.724,23.724,23.747,23.732,23.762,23.755,23.77,23.77,23.777,23.831,23.777,23.816,23.808,23.854,23.884,23.907,23.915,24.492,24.908,25.375,25.428,25.645,25.578,25.877,26.109,26.243,26.414,26.452,26.593,26.622,26.756,26.86,26.897,26.904,26.949,27,27.06,27.045,27.06,27.126,27.185,27.318,27.289,27.414,27.48,27.524,27.657,27.679,27.789,27.826,27.833,27.877,27.892,27.877,27.877,27.818,27.804,27.76,27.671,27.62,27.598,27.502,27.465,27.443,27.37,27.34,27.281,27.237,27.2,27.178,27.141,27.074,27.045,26.993,26.934,26.86,26.719,26.734,26.674,26.496,26.377,26.37,26.303,26.251,26.295,26.273,26.221,26.161,26.139,26.124,26.124,26.101,26.064,26.064,26.049,26.027,26.019,25.975,25.997,25.84,25.78,25.758,25.698,25.705,25.675,25.645,25.6,25.57,25.533,25.51,25.488,25.473,25.443,25.443,25.45,25.458,25.51,25.548,25.66,25.773,25.675,25.765,26.823,28.44,28.827,28.834,28.841,28.863,28.863,28.87,28.863,28.841,28.805,28.739,28.717,28.645,28.594,28.564,28.47,28.324,27.605,25.81,25.795,25.825,25.885,25.937,26.027,26.139,26.273,26.333,26.466,26.63,26.852,26.897,27.037,27.082,27.163,27.193,27.178,27.156,27.141,27.119,27.082,27.074,27.045,26.926,26.889,26.815,26.786,26.689,26.608,26.556,26.504,26.474,26.437,26.399,26.34,26.31,26.258,26.221,26.198,26.176,26.176,26.191,26.221,26.243,26.273,26.385,26.496,26.518,26.667,26.734,26.875,26.941,27.045,27.348,27.303,27.502,27.811,28.513,28.492,28.484,28.506,28.389,27.17,26.183,26.012,25.915,25.885,25.915,25.907,25.922,25.93,25.952,25.982,26.042,26.057,26.116,26.176,26.273,26.37,26.444,26.496,26.556,26.622,26.697,26.682,26.719,26.771,26.793,26.852,26.956,26.993,27.067,27.17,27.207,27.377,27.502,27.561,27.664,27.745,27.789,27.818,27.826,27.855,27.862,27.855,27.892,27.899,27.87,27.848,27.833,27.767,27.76,27.671,27.569,27.583,27.554,27.583,27.591,27.546,27.546,27.517,27.51,27.281,27.2,27.037,26.949,26.919,26.852,26.83,26.763,26.689,26.652,26.608,26.556,26.474,26.437,26.318,26.333,26.295,26.303,26.318,26.325,26.34,26.533,27.03,27.178,27.936,27.994,28.119,28.294,28.404,28.455,28.499,28.513,28.543,28.455,28.375,28.36,28.134,28.177,28.06,27.906,27.657,27.569,27.436,27.289,27.2,27.015,27.067,26.986,26.734,26.704,26.526,26.392,26.355,26.28,26.236,26.131,26.101,26.034,25.975,25.922,25.87,25.855,25.855,25.885,25.915,25.96,26.131,26.652,26.504,26.697,26.986,27.576,27.591,27.752,27.745,27.804,27.818,27.745,27.716,27.649,27.48,27.502,27.488,27.377,27.252,27.141,27.141,27.104,27.089,27.089,27.074,27.082,27.082,27.067,27.067,27.045,27.023,26.941,26.83,26.741,26.518,26.407,26.355,26.176,26.101,26.079,26.057,26.057,26.027,26.079,26.191,26.265,27.052,27.657,27.657,27.141,26.019,25.405,25.24,24.803,24.704,24.674,24.636,24.576,24.538,24.515,24.5,24.5,24.5,24.598,24.629,24.689,24.757,24.803,24.863,24.886,24.923,24.984,25.021,25.104,25.127,25.157,25.187,25.225,25.255,25.277,25.345,25.368,25.368,25.375,25.383,25.383,25.398,25.428,25.488,25.45,25.488,25.66,25.668,25.795,25.907,26.064,26.139,26.206,26.213,26.213,26.243,26.251,26.265,26.288,26.288,26.295,26.303,26.303,26.318,26.333,26.37,26.414,26.414,26.437,26.466,26.489,26.496,26.541,26.578,26.593,26.593,26.66,26.66,26.697,26.763,26.763,26.778,26.83,26.815,26.852,26.919,26.904,26.971,26.978,26.993,26.963,26.941,26.912,26.919,26.897,26.875,26.845,26.838,26.8,26.734,26.778,26.719,26.719,26.689,26.682,26.682,26.741,26.749,26.786,26.771,26.793,27.244,27.745,28.024,27.98,27.899,27.928,27.708,27.591,27.465,27.244,27.074,26.963,26.563,26.154,26.251,26.057,25.937,25.847,25.78,25.435,25.014,24.606,24.173,24.135,24.151,24.105,24.09,24.075,24.067,24.059,24.067,24.037,24.029,24.006,23.968,24.006,23.983,24.014,23.968,23.953,23.953,23.899,23.915,23.884,23.877,23.869,23.785,23.854,23.846,23.808,23.823,23.816,23.8,23.816,23.8,23.762,23.755,23.793,23.77,23.77,23.755,23.755,23.732,23.732,23.739,23.793,23.793,23.777,23.747,23.739,23.732,23.716,23.747,23.747,23.724,23.755,23.701,23.686,23.648,23.686,23.678,23.648,23.709,23.648
,23.479,23.51,23.51,23.518,23.495,23.472,23.464,23.464,23.472,23.479,23.495,23.479,23.479,23.464,23.464,23.472,23.464,23.479,23.487,23.51,23.556,23.533,23.571,23.556,23.533,23.541,23.525,23.541,23.525,23.51,23.525,23.487,23.495,23.518,23.518,23.525,23.548,23.556,23.541,23.548,23.533,23.617,23.586,23.586,23.571,23.579,23.541,23.556,23.556,23.579,23.586,23.594,23.64,23.632,23.632,23.64,23.648,23.655,23.648,23.655,23.648,23.663,23.617,23.693,23.701,23.671,23.686,23.686,23.686,23.716,23.693,23.732,23.739,23.762,23.732,23.762,23.755,23.785,23.77,23.793,23.77,23.823,23.877,23.907,23.899,23.922,24.439,25.165,25.308,25.375,25.488,25.533,25.705,26.012,26.079,26.295,26.481,26.556,26.593,26.697,26.852,26.904,26.852,26.934,26.926,26.919,26.956,26.971,27.023,27.045,27.148,27.156,27.289,27.185,27.407,27.576,27.642,27.642,27.73,27.76,27.811,27.818,27.796,27.782,27.767,27.745,27.745,27.723,27.598,27.576,27.524,27.443,27.473,27.421,27.348,27.281,27.244,27.215,27.185,27.156,27.097,27.082,27.03,26.971,26.912,26.823,26.793,26.682,26.541,26.459,26.422,26.333,26.295,26.258,26.243,26.206,26.154,26.176,26.131,26.109,26.101,26.087,26.057,26.042,26.019,26.012,25.989,25.96,25.847,25.81,25.773,25.75,25.72,25.683,25.63,25.6,25.563,25.548,25.518,25.473,25.48,25.465,25.435,25.45,25.465,25.495,25.51,25.563,25.6,25.705,25.69,26.087,26.897,28.63,28.79,28.827,28.827,28.819,28.812,28.841,28.79,28.797,28.754,28.717,28.696,28.594,28.477,28.521,28.433,28.119,26.645,25.743,25.773,25.788,25.907,25.975,26.124,26.139,26.243,26.362,26.526,26.622,26.749,26.949,27.111,27.119,27.148,27.17,27.178,27.156,27.126,27.119,27.089,27.06,26.963,26.963,26.852,26.815,26.741,26.637,26.541,26.511,26.452,26.377,26.37,26.303,26.295,26.251,26.221,26.206,26.169,26.161,26.169,26.183,26.213,26.236,26.303,26.34,26.414,26.452,26.563,26.734,26.838,27.045,27.2,27.252,27.311,27.495,27.613,28.484,28.477,28.419,28.433,28.389,27.156,26.131,26.087,25.982,25.832,25.862,25.87,25.885,25.9,25.93,25.96,26.004,26.027,26.109,26.183,26.243,26.295,26.377,26.444,26.533,26.578,26.6,26.667,26.689,26.726,26.749,26.875,26.823,26.978,26.956,27.133,27.178,27.215,27.399,27.51,27.532,27.598,27.745,27.774,27.789,27.818,27.811,27.826,27.782,27.804,27.774,27.76,27.782,27.738,27.635,27.576,27.554,27.502,27.473,27.495,27.495,27.532,27.502,27.473,27.311,27.229,27.17,27.133,26.993,26.815,26.793,26.778,26.674,26.667,26.585,26.489,26.452,26.385,26.31,26.258,26.221,26.258,26.273,26.303,26.347,26.466,26.563,27.163,27.716,27.84,27.958,28.09,28.28,28.324,28.44,28.455,28.499,28.353,28.346,28.338,28.185,27.884,27.965,27.818,27.701,27.473,27.384,27.274,27.2,27.111,26.912,26.956,26.83,26.756,26.526,26.422,26.362,26.288,26.258,26.161,26.116,26.034,25.952,25.96,25.915,25.855,25.862,25.847,25.862,25.877,25.945,25.997,26.221,26.191,26.867,27.148,27.421,27.524,27.694,27.745,27.774,27.782,27.767,27.708,27.671,27.591,27.539,27.502,27.377,27.34,27.266,27.17,27.089,27.097,27.097,27.082,27.082,27.097,27.074,27.067,27.015,27,26.993,26.941,26.689,26.541,26.399,26.303,26.139,26.101,26.064,26.042,26.019,26.027,26.064,26.079,26.176,26.912,27.605,27.649,27.642,26.094,25.375,25.232,24.901,24.704,24.704,24.613,24.568,24.538,24.523,24.507,24.523,24.545,24.523,24.598,24.674,24.712,24.787,24.833,24.863,24.916,24.976,24.999,25.059,25.082,25.142,25.187,25.18,25.247,25.255,25.292,25.33,25.353,25.368,25.375,25.375,25.375,25.42,25.405,25.48,25.51,25.608,25.668,25.75,25.81,26.004,26.154,26.183,26.198,26.206,26.228,26.251,26.258,26.28,26.295,26.273,26.288,26.31,26.325,26.318,26.37,26.325,26.399,26.392,26.429,26.444,26.481,26.518,26.511,26.548,26.615,26.622,26.674,26.734,26.771,26.771,26.808,26.823,26.86,26.919,26.949,26.978,26.986,27.03,27.015,26.978,26.978,26.949,26.926,26.912,26.852,26.845,26.786,26.786,26.749,26.793,26.689,26.66,26.652,26.66,26.674,26.689,26.712,26.741,26.741,26.897,27.318,27.848,28.075,28.053,28.09,28.024,27.848,27.738,27.311,27.259,26.875,26.875,26.474,26.422,26.265,26.176,26.027,25.937,25.907,25.758,25.578,25.458,24.583,24.189,24.394,24.113,24.075,24.097,24.082,24.044,24.014,24.052,24.021,24.021,23.991,23.968,23.96,23.991,23.991,23.976,23.945,23.945,23.915,23.907,23.892,23.884,23.831,23.846,23.831,23.8,23.823,23.816,23.816,23.808,23.793,23.808,23.777,23.77,23.793,23.77,23.793,23.755,23.739,23.739,23.732,23.77,23.762,23.785,23.777,23.755,23.709,23.709,23.732,23.724,23.716,23.701,23.701,23.663,23.709,23.671,23.678,23.701,23.671,23.663
,23.479,23.518,23.502,23.502,23.472,23.479,23.472,23.456,23.479,23.487,23.487,23.487,23.479,23.472,23.464,23.456,23.472,23.495,23.518,23.518,23.541,23.564,23.541,23.556,23.533,23.564,23.518,23.564,23.518,23.487,23.533,23.548,23.518,23.518,23.518,23.533,23.548,23.533,23.548,23.556,23.548,23.609,23.617,23.602,23.586,23.556,23.586,23.579,23.564,23.586,23.586,23.594,23.64,23.625,23.632,23.648,23.648,23.655,23.663,23.648,23.64,23.648,23.686,23.709,23.701,23.693,23.701,23.693,23.701,23.732,23.732,23.747,23.747,23.747,23.755,23.77,23.755,23.732,23.762,23.8,23.816,23.869,23.922,23.907,23.93,24.961,25.202,25.338,25.398,25.54,25.495,25.818,26.027,26.169,26.124,26.362,26.452,26.615,26.637,26.8,26.815,26.845,26.882,26.919,26.897,26.919,26.941,26.926,26.978,27.074,27.074,27.163,27.207,27.163,27.303,27.355,27.605,27.635,27.694,27.73,27.716,27.664,27.723,27.752,27.701,27.649,27.598,27.591,27.532,27.458,27.436,27.429,27.399,27.318,27.311,27.207,27.215,27.185,27.156,27.148,27.089,27.037,27,26.956,26.882,26.867,26.726,26.726,26.504,26.459,26.325,26.273,26.258,26.236,26.221,26.139,26.124,26.101,26.131,26.094,26.064,26.049,26.042,26.034,26.004,25.989,25.967,25.922,25.862,25.818,25.758,25.735,25.675,25.69,25.608,25.623,25.525,25.51,25.48,25.458,25.473,25.443,25.45,25.458,25.465,25.443,25.585,25.623,25.728,25.66,25.81,26.37,27.774,28.79,28.797,28.819,28.805,28.812,28.805,28.812,28.761,28.797,28.725,28.659,28.645,28.579,28.535,28.477,28.207,27.965,26.236,25.728,25.75,25.78,25.84,25.93,26.101,26.206,26.273,26.407,26.622,26.726,26.867,26.986,27.156,27.133,27.185,27.178,27.178,27.156,27.141,27.119,27.067,27.045,27,26.926,26.882,26.83,26.734,26.66,26.511,26.496,26.414,26.303,26.303,26.258,26.243,26.221,26.206,26.176,26.146,26.139,26.161,26.183,26.206,26.258,26.325,26.385,26.429,26.63,26.645,26.778,26.867,27.008,27.133,27.104,27.215,27.473,27.583,28.419,28.419,28.411,28.404,28.155,27.148,26.176,26.049,25.862,25.855,25.81,25.84,25.825,25.862,25.885,25.93,25.975,26.019,26.101,26.139,26.206,26.333,26.355,26.392,26.452,26.489,26.541,26.57,26.608,26.66,26.726,26.771,26.845,26.882,27.067,27.111,27.126,27.229,27.34,27.421,27.546,27.605,27.649,27.679,27.745,27.752,27.76,27.76,27.76,27.716,27.723,27.73,27.701,27.627,27.591,27.561,27.465,27.48,27.414,27.436,27.443,27.473,27.421,27.325,27.348,27.178,26.963,26.897,26.845,26.734,26.756,26.719,26.66,26.593,26.489,26.429,26.429,26.303,26.251,26.161,26.191,26.213,26.243,26.28,26.34,26.444,27,27.348,27.745,27.826,28.097,28.177,28.28,28.316,28.36,28.397,28.309,28.346,28.199,28.309,28.126,27.936,27.877,27.583,27.554,27.451,27.34,27.222,27.215,27.008,26.978,26.867,26.778,26.6,26.474,26.422,26.355,26.273,26.213,26.154,26.094,26.027,25.997,25.945,25.892,25.885,25.847,25.855,25.855,25.892,25.907,26.004,26.057,26.34,26.622,27,27.133,27.524,27.701,27.767,27.76,27.789,27.774,27.716,27.671,27.583,27.524,27.524,27.443,27.355,27.274,27.2,27.111,27.097,27.089,27.082,27.074,27.082,27.104,27.067,27.045,26.986,26.956,26.793,26.734,26.57,26.466,26.362,26.139,26.057,26.064,26.019,26.004,26.019,26.019,25.975,26.072,26.466,27.576,27.613,27.605,26.86,25.615,25.398,24.818,24.689,24.682,24.576,24.56,24.53,24.507,24.507,24.515,24.523,24.485,24.636,24.598,24.712,24.772,24.84,24.848,24.886,24.938,24.991,25.029,25.036,25.104,25.127,25.18,25.24,25.262,25.3,25.323,25.353,25.345,25.345,25.368,25.353,25.398,25.413,25.458,25.495,25.555,25.645,25.735,25.885,25.937,26.049,26.087,26.183,26.198,26.228,26.221,26.251,26.251,26.28,26.295,26.28,26.303,26.303,26.333,26.347,26.37,26.377,26.347,26.347,26.347,26.429,26.496,26.511,26.622,26.645,26.652,26.726,26.749,26.763,26.815,26.83,26.86,26.904,26.941,26.971,27.015,27.03,27.037,27.045,27.06,27.037,26.941,26.934,26.912,26.867,26.815,26.763,26.734,26.756,26.719,26.667,26.637,26.608,26.608,26.622,26.667,26.712,26.763,26.771,26.793,27.237,27.671,28.009,28.148,28.163,28.207,27.87,27.752,27.355,27.355,26.978,26.897,26.734,26.66,26.533,26.265,26.183,25.915,25.855,25.803,25.645,25.548,25.435,24.848,24.173,24.105,24.166,24.082,24.097,24.113,24.059,24.059,24.037,24.021,23.998,24.006,23.96,23.938,23.983,23.968,23.953,23.93,23.93,23.899,23.892,23.892,23.816,23.861,23.846,23.823,23.838,23.808,23.838,23.816,23.793,23.793,23.793,23.785,23.808,23.823,23.793,23.8,23.739,23.739,23.755,23.762,23.762,23.785,23.762,23.732,23.701,23.724,23.716,23.709,23.732,23.678,23.701,23.709,23.77,23.724,23.648,23.686,23.693,23.594
,23.487,23.518,23.479,23.495,23.502,23.449,23.441,23.441,23.487,23.479,23.495,23.495,23.487,23.495,23.472,23.487,23.487,23.518,23.525,23.525,23.548,23.533,23.533,23.548,23.525,23.541,23.556,23.533,23.525,23.525,23.548,23.556,23.548,23.571,23.502,23.541,23.525,23.533,23.571,23.602,23.609,23.632,23.617,23.609,23.586,23.571,23.571,23.579,23.594,23.579,23.632,23.602,23.64,23.617,23.632,23.625,23.648,23.648,23.663,23.632,23.64,23.686,23.701,23.663,23.709,23.671,23.716,23.693,23.678,23.724,23.755,23.739,23.739,23.747,23.739,23.777,23.739,23.785,23.8,23.892,23.899,23.816,23.96,24.189,24.257,24.931,25.21,25.323,25.443,25.48,25.758,25.989,25.952,26.027,26.265,26.504,26.548,26.704,26.697,26.771,26.86,26.86,26.875,26.838,26.83,26.778,26.823,26.838,26.934,26.867,27.067,27.082,27.104,27.141,27.333,27.473,27.429,27.561,27.569,27.613,27.649,27.642,27.613,27.627,27.649,27.62,27.561,27.465,27.421,27.451,27.37,27.333,27.318,27.237,27.281,27.215,27.207,27.185,27.178,27.126,27.097,27.03,26.978,26.919,26.83,26.823,26.63,26.541,26.377,26.31,26.28,26.265,26.221,26.161,26.154,26.161,26.109,26.101,26.079,26.049,26.049,26.034,26.019,26.012,25.982,25.989,25.922,25.915,25.87,25.818,25.78,25.743,25.675,25.653,25.638,25.563,25.525,25.48,25.488,25.48,25.458,25.473,25.465,25.473,25.51,25.555,25.623,25.645,25.773,25.975,26.019,26.749,28.404,28.623,28.739,28.79,28.79,28.768,28.761,28.739,28.747,28.71,28.652,28.666,28.601,28.572,28.462,28.426,28.024,27.833,26.139,25.713,25.758,25.773,25.825,25.892,26.004,26.154,26.303,26.489,26.556,26.726,26.867,27.015,27.111,27.163,27.2,27.185,27.185,27.163,27.141,27.104,27.06,27.015,26.956,26.926,26.889,26.845,26.712,26.518,26.481,26.377,26.385,26.288,26.258,26.206,26.191,26.183,26.146,26.161,26.131,26.139,26.131,26.154,26.221,26.28,26.303,26.355,26.333,26.399,26.674,26.763,26.912,27.008,27.111,27.392,27.222,27.561,28.251,28.367,28.382,28.375,28.331,28.265,27.097,26.072,25.989,25.87,25.832,25.78,25.818,25.818,25.832,25.862,25.892,25.967,25.982,26.087,26.169,26.213,26.258,26.347,26.385,26.422,26.489,26.496,26.504,26.608,26.637,26.704,26.756,26.786,26.897,26.956,27.023,27.163,27.303,27.311,27.37,27.451,27.583,27.627,27.671,27.686,27.694,27.701,27.701,27.701,27.694,27.627,27.62,27.613,27.517,27.546,27.443,27.348,27.37,27.377,27.377,27.414,27.399,27.377,27.34,27.178,27.089,26.912,26.8,26.815,26.689,26.674,26.608,26.511,26.422,26.437,26.422,26.318,26.236,26.176,26.131,26.176,26.154,26.295,26.273,26.377,26.875,27.178,27.554,27.767,27.899,28.009,28.207,28.28,28.324,28.353,28.36,28.265,28.199,28.185,27.943,27.921,27.877,27.811,27.524,27.458,27.237,27.281,27.126,27.052,27.015,26.956,26.882,26.726,26.526,26.563,26.355,26.34,26.28,26.251,26.154,26.064,26.012,25.975,25.945,25.885,25.862,25.84,25.832,25.84,25.885,25.907,25.997,26.042,26.273,26.466,26.793,27.119,27.185,27.613,27.745,27.752,27.774,27.782,27.767,27.716,27.635,27.561,27.51,27.473,27.377,27.259,27.207,27.119,27.097,27.089,27.126,27.097,27.097,27.104,27.089,27.06,26.993,26.86,26.852,26.615,26.533,26.377,26.377,26.221,26.049,26.019,25.975,25.997,25.945,26.019,25.982,26.012,26.429,27.443,27.583,27.561,27.377,25.862,25.548,25.104,24.78,24.651,24.606,24.583,24.538,24.53,24.507,24.5,24.485,24.553,24.606,24.651,24.712,24.772,24.803,24.855,24.848,24.893,24.969,24.991,25.029,25.067,25.082,25.142,25.18,25.225,25.285,25.285,25.323,25.338,25.323,25.36,25.338,25.375,25.405,25.443,25.51,25.525,25.63,25.705,25.795,25.922,26.079,26.124,26.169,26.198,26.198,26.243,26.243,26.243,26.251,26.295,26.28,26.295,26.28,26.288,26.325,26.31,26.34,26.243,26.31,26.385,26.429,26.481,26.541,26.6,26.682,26.697,26.741,26.763,26.808,26.823,26.867,26.904,26.919,26.956,27,27.037,27.052,27.052,27.052,27.037,27.023,26.986,26.963,26.904,26.808,26.786,26.697,26.719,26.667,26.637,26.615,26.63,26.63,26.585,26.585,26.63,26.704,26.734,26.771,26.845,27.156,27.613,28.141,28.338,28.433,28.229,28.294,27.936,27.804,27.377,27.281,27,26.726,26.585,26.385,26.183,26.161,26.019,25.87,25.825,25.862,25.78,25.593,25.338,24.818,24.507,24.173,24.105,24.12,24.082,24.029,24.044,24.029,24.052,24.021,23.983,24.029,23.998,23.922,23.96,23.907,23.907,23.892,23.884,23.869,23.899,23.884,23.823,23.831,23.823,23.854,23.823,23.816,23.816,23.8,23.816,23.808,23.8,23.808,23.785,23.793,23.762,23.793,23.739,23.77,23.777,23.77,23.747,23.732,23.709,23.709,23.701,23.686,23.701,23.732,23.709,23.686,23.709,23.716,23.77,23.709,23.686,23.655,23.648
,23.495,23.487,23.51,23.502,23.479,23.456,23.449,23.456,23.449,23.464,23.472,23.426,23.495,23.51,23.487,23.502,23.51,23.541,23.533,23.548,23.556,23.533,23.525,23.502,23.541,23.548,23.548,23.556,23.548,23.548,23.525,23.541,23.541,23.548,23.548,23.541,23.548,23.571,23.548,23.586,23.64,23.609,23.579,23.617,23.594,23.609,23.594,23.602,23.594,23.602,23.648,23.663,23.594,23.625,23.602,23.617,23.625,23.64,23.617,23.632,23.64,23.632,23.655,23.671,23.693,23.686,23.709,23.693,23.755,23.732,23.732,23.739,23.747,23.77,23.739,23.755,23.732,23.793,23.869,23.869,23.915,23.998,24.082,24.757,25.104,25.165,25.398,25.503,25.54,25.713,25.877,26.012,26.072,26.087,26.333,26.429,26.585,26.697,26.756,26.793,26.867,26.838,26.815,26.808,26.771,26.719,26.734,26.771,26.778,26.867,27.008,27.023,27.03,27.104,27.097,27.266,27.311,27.488,27.495,27.532,27.546,27.524,27.554,27.532,27.51,27.532,27.451,27.421,27.318,27.37,27.296,27.244,27.215,27.259,27.215,27.207,27.193,27.163,27.163,27.148,27.06,26.978,26.926,26.882,26.838,26.645,26.697,26.518,26.347,26.28,26.251,26.176,26.139,26.116,26.154,26.094,26.042,26.042,26.027,26.034,26.019,25.997,25.982,25.989,25.967,25.937,25.922,25.915,25.84,25.773,25.765,25.705,25.675,25.63,25.563,25.533,25.503,25.48,25.48,25.473,25.48,25.45,25.503,25.488,25.518,25.555,25.66,25.683,25.743,25.885,26.273,27.657,28.535,28.732,28.739,28.747,28.754,28.739,28.725,28.703,28.666,28.637,28.623,28.586,28.564,28.47,28.36,28.199,27.994,26.83,25.698,25.728,25.75,25.765,25.847,25.96,26.161,26.228,26.288,26.422,26.511,26.778,26.852,27.03,27.148,27.141,27.193,27.193,27.17,27.148,27.126,27.104,27.082,27.008,26.971,26.912,26.867,26.815,26.682,26.622,26.526,26.437,26.288,26.273,26.221,26.169,26.176,26.124,26.131,26.146,26.087,26.087,26.101,26.139,26.198,26.258,26.28,26.347,26.399,26.548,26.66,26.756,26.771,26.912,27.015,27.384,27.407,27.488,27.84,28.346,28.353,28.331,28.324,28.177,27.119,26.049,25.87,25.855,25.803,25.773,25.75,25.795,25.803,25.825,25.885,25.945,25.989,26.049,26.146,26.198,26.213,26.333,26.355,26.399,26.444,26.459,26.533,26.563,26.622,26.652,26.726,26.808,26.897,26.956,26.986,27.082,27.289,27.333,27.348,27.443,27.502,27.583,27.627,27.649,27.657,27.664,27.664,27.613,27.569,27.583,27.539,27.502,27.532,27.443,27.362,27.34,27.311,27.34,27.34,27.355,27.362,27.348,27.229,27.074,26.993,26.904,26.763,26.637,26.689,26.548,26.466,26.452,26.385,26.333,26.273,26.221,26.251,26.146,26.101,26.146,26.139,26.265,26.385,26.37,26.956,27.333,27.738,27.833,27.928,28.119,28.199,28.273,28.28,28.273,28.229,28.199,28.112,27.943,27.914,27.811,27.686,27.532,27.429,27.451,27.281,27.252,27.111,27.023,26.941,26.808,26.756,26.66,26.697,26.385,26.362,26.333,26.318,26.206,26.079,26.079,26.019,25.989,25.907,25.877,25.832,25.825,25.832,25.832,25.87,25.9,25.967,25.989,26.273,26.593,26.978,26.749,27.163,27.583,27.635,27.767,27.76,27.752,27.76,27.723,27.635,27.605,27.502,27.473,27.407,27.333,27.2,27.185,27.148,27.133,27.119,27.141,27.156,27.104,27.089,27.037,26.971,26.882,26.741,26.6,26.548,26.422,26.28,26.101,26.042,25.967,25.93,25.952,25.945,25.952,26.027,25.997,26.303,27.237,27.524,27.532,27.502,26.161,25.57,24.901,24.757,24.666,24.644,24.56,24.568,24.515,24.492,24.485,24.507,24.538,24.553,24.553,24.659,24.719,24.772,24.795,24.818,24.848,24.893,24.961,25.029,25.029,25.074,25.104,25.157,25.187,25.262,25.262,25.292,25.315,25.315,25.323,25.308,25.368,25.39,25.428,25.495,25.525,25.615,25.675,25.765,25.81,25.877,26.027,26.124,26.191,26.176,26.198,26.206,26.221,26.251,26.273,26.251,26.265,26.273,26.295,26.288,26.295,26.303,26.31,26.273,26.377,26.407,26.474,26.57,26.63,26.682,26.726,26.756,26.786,26.838,26.845,26.882,26.912,26.926,26.993,27.015,27.037,27.03,27.052,27.037,27.015,27,26.963,26.875,26.823,26.771,26.704,26.682,26.66,26.622,26.578,26.526,26.57,26.57,26.563,26.563,26.667,26.593,26.741,26.83,26.875,27.111,27.51,28.009,28.265,28.55,28.506,28.353,28.031,27.862,27.701,27.303,27.052,26.786,26.719,26.704,26.585,26.28,26.027,25.915,25.825,25.832,25.81,25.728,25.675,25.585,24.923,24.462,24.219,24.12,24.105,24.075,24.052,24.021,23.998,24.029,24.037,23.945,23.998,23.991,23.96,23.922,23.877,23.877,23.907,23.846,23.854,23.892,23.877,23.846,23.8,23.838,23.816,23.823,23.8,23.808,23.808,23.816,23.838,23.816,23.808,23.755,23.777,23.755,23.739,23.747,23.77,23.747,23.716,23.701,23.701,23.655,23.686,23.686,23.678,23.724,23.732,23.709,23.732,23.732,23.739,23.678,23.678,23.663,23.648
,23.464,23.479,23.51,23.487,23.472,23.464,23.464,23.464,23.456,23.433,23.433,23.426,23.472,23.51,23.518,23.487,23.541,23.533,23.541,23.556,23.541,23.541,23.541,23.548,23.525,23.548,23.556,23.548,23.564,23.525,23.548,23.518,23.556,23.571,23.556,23.548,23.556,23.564,23.564,23.609,23.556,23.586,23.579,23.609,23.594,23.602,23.625,23.609,23.609,23.632,23.609,23.609,23.625,23.625,23.617,23.625,23.609,23.617,23.617,23.625,23.64,23.655,23.686,23.671,23.686,23.709,23.693,23.716,23.716,23.747,23.77,23.732,23.755,23.785,23.762,23.747,23.831,23.816,23.899,23.915,24.052,24.059,24.432,25.112,25.18,25.413,25.383,25.405,25.585,25.623,25.96,26.019,26.221,26.191,26.333,26.548,26.63,26.726,26.771,26.793,26.83,26.823,26.756,26.778,26.749,26.704,26.682,26.704,26.689,26.749,26.934,27.015,27.023,27.067,27.119,27.178,27.436,27.436,27.495,27.429,27.502,27.465,27.495,27.473,27.473,27.429,27.325,27.355,27.303,27.281,27.229,27.237,27.215,27.215,27.207,27.2,27.193,27.178,27.126,27.082,27.015,26.971,26.934,26.867,26.689,26.608,26.556,26.429,26.303,26.258,26.191,26.161,26.161,26.064,26.034,26.049,26.042,26.027,26.004,25.982,25.967,25.967,25.967,25.967,25.975,25.93,25.892,25.877,25.81,25.795,25.765,25.728,25.63,25.638,25.54,25.488,25.488,25.465,25.48,25.503,25.503,25.518,25.525,25.578,25.518,25.57,25.683,25.788,25.885,26.116,27.03,28.177,28.674,28.71,28.747,28.739,28.732,28.696,28.681,28.601,28.594,28.608,28.572,28.521,28.521,28.484,28.353,28.28,27.936,26.533,25.698,25.698,25.758,25.81,25.87,25.997,26.116,26.206,26.355,26.608,26.608,26.741,26.897,27.089,27.148,27.2,27.222,27.2,27.2,27.178,27.133,27.097,27.067,27.015,27.015,26.897,26.867,26.8,26.726,26.615,26.437,26.385,26.333,26.28,26.198,26.176,26.139,26.109,26.079,26.064,26.064,26.064,26.124,26.124,26.183,26.265,26.318,26.414,26.377,26.556,26.667,26.734,26.86,26.978,27.067,27.355,27.576,27.488,27.87,28.192,28.273,28.331,28.287,28.294,27.17,26.079,25.937,25.87,25.788,25.773,25.765,25.758,25.788,25.832,25.885,25.937,26.019,26.019,26.079,26.146,26.243,26.265,26.318,26.377,26.392,26.429,26.466,26.548,26.63,26.704,26.741,26.852,26.889,26.934,27.023,27.097,27.185,27.296,27.34,27.421,27.443,27.554,27.598,27.605,27.642,27.62,27.627,27.576,27.502,27.51,27.495,27.473,27.465,27.384,27.362,27.303,27.274,27.266,27.215,27.244,27.126,27.215,27.111,27.06,26.897,26.741,26.719,26.66,26.548,26.526,26.422,26.422,26.37,26.273,26.206,26.176,26.146,26.109,26.124,26.161,26.176,26.161,26.34,26.533,27.111,27.252,27.598,27.921,28.031,28.097,28.221,28.236,28.236,28.214,28.177,28.082,27.972,27.943,27.87,27.789,27.591,27.539,27.348,27.399,27.2,27.119,27.037,26.941,26.919,26.83,26.697,26.563,26.437,26.377,26.325,26.303,26.295,26.213,26.094,26.012,26.004,25.952,25.915,25.87,25.855,25.825,25.81,25.825,25.832,25.885,25.952,26.042,26.161,26.198,26.652,26.956,27.311,27.561,27.708,27.716,27.76,27.767,27.796,27.76,27.701,27.613,27.524,27.502,27.421,27.348,27.266,27.2,27.156,27.163,27.141,27.126,27.156,27.133,27.089,27.008,27,26.912,26.771,26.541,26.526,26.437,26.318,26.049,26.034,25.975,25.952,25.877,25.922,25.915,25.967,26.049,26.019,26.444,27.414,27.51,27.451,26.875,25.773,24.954,24.818,24.697,24.651,24.598,24.545,24.507,24.485,24.47,24.485,24.53,24.568,24.598,24.613,24.689,24.704,24.75,24.78,24.855,24.901,24.916,24.954,24.999,25.067,25.104,25.127,25.18,25.217,25.255,25.277,25.3,25.315,25.308,25.33,25.338,25.375,25.42,25.503,25.563,25.63,25.675,25.75,25.832,25.862,25.982,26.116,26.109,26.139,26.183,26.191,26.191,26.213,26.221,26.243,26.273,26.303,26.265,26.295,26.28,26.251,26.28,26.28,26.347,26.452,26.526,26.615,26.674,26.719,26.741,26.778,26.793,26.867,26.867,26.889,26.926,26.956,26.971,27.037,27.052,27.03,27.045,27.015,26.971,26.978,26.897,26.823,26.8,26.726,26.667,26.608,26.578,26.556,26.533,26.504,26.511,26.533,26.481,26.504,26.563,26.652,26.712,26.756,26.867,27.133,27.583,28.075,28.477,28.645,28.586,28.572,28.324,27.95,27.752,27.635,27.708,27.569,26.838,26.608,26.689,26.243,26.161,25.892,25.825,25.855,25.832,25.803,25.803,25.69,25.435,25.134,24.432,24.227,24.105,24.082,24.12,24.052,24.029,24.075,24.052,23.976,23.983,23.96,23.945,23.953,23.907,23.892,23.877,23.854,23.854,23.838,23.854,23.861,23.869,23.831,23.816,23.831,23.808,23.8,23.823,23.808,23.831,23.854,23.808,23.785,23.777,23.724,23.793,23.777,23.755,23.755,23.716,23.724,23.678,23.663,23.732,23.716,23.693,23.755,23.732,23.716,23.716,23.716,23.678,23.678,23.701,23.663,23.648
,23.464,23.487,23.495,23.479,23.479,23.472,23.441,23.464,23.472,23.449,23.441,23.464,23.449,23.472,23.472,23.502,23.525,23.518,23.525,23.541,23.541,23.533,23.533,23.541,23.556,23.548,23.564,23.541,23.556,23.541,23.541,23.556,23.556,23.548,23.548,23.533,23.556,23.564,23.579,23.579,23.579,23.564,23.564,23.579,23.594,23.609,23.663,23.617,23.609,23.617,23.625,23.655,23.632,23.617,23.609,23.632,23.594,23.609,23.632,23.625,23.64,23.648,23.678,23.686,23.686,23.701,23.701,23.716,23.709,23.747,23.709,23.747,23.747,23.739,23.716,23.762,23.747,23.831,23.907,24.037,24.211,24.583,24.954,25.104,25.292,25.465,25.533,25.66,25.63,25.93,25.922,26.146,26.176,26.392,26.429,26.518,26.682,26.667,26.763,26.786,26.793,26.793,26.741,26.674,26.622,26.645,26.645,26.652,26.682,26.786,26.867,26.934,26.956,27.015,27.06,27.082,27.082,27.17,27.296,27.266,27.443,27.436,27.355,27.348,27.325,27.318,27.252,27.281,27.2,27.229,27.207,27.2,27.193,27.193,27.207,27.215,27.207,27.163,27.133,27.082,26.993,26.926,26.897,26.845,26.838,26.66,26.526,26.399,26.273,26.198,26.146,26.094,26.004,26.049,26.027,26.027,25.997,25.997,25.982,25.967,25.967,25.937,25.96,25.967,25.945,25.915,25.907,25.818,25.818,25.743,25.705,25.668,25.63,25.6,25.518,25.488,25.503,25.458,25.473,25.495,25.51,25.525,25.578,25.6,25.6,25.683,25.713,25.72,25.9,26.146,27.089,28.44,28.659,28.71,28.725,28.725,28.696,28.696,28.623,28.586,28.55,28.528,28.448,28.484,28.426,28.477,28.338,28.221,27.862,25.78,25.675,25.758,25.75,25.818,25.877,26.004,26.072,26.236,26.392,26.563,26.57,26.749,26.993,27.089,27.163,27.222,27.215,27.215,27.163,27.163,27.126,27.104,27.074,27,26.949,26.882,26.808,26.8,26.667,26.556,26.533,26.385,26.333,26.258,26.206,26.161,26.109,26.094,26.057,26.049,26.049,26.027,26.027,26.042,26.176,26.198,26.243,26.333,26.385,26.57,26.637,26.674,26.66,26.86,26.971,27.384,27.148,27.458,28.031,28.258,28.324,28.309,28.287,28.236,27.2,25.982,25.877,25.803,25.773,25.75,25.743,25.75,25.765,25.825,25.877,25.93,25.982,26.042,26.087,26.116,26.161,26.228,26.251,26.318,26.377,26.429,26.466,26.541,26.556,26.704,26.793,26.845,26.889,26.963,27.015,27.141,27.2,27.274,27.34,27.384,27.48,27.539,27.532,27.591,27.613,27.598,27.569,27.495,27.517,27.48,27.458,27.458,27.421,27.37,27.325,27.259,27.207,27.229,27.237,27.193,27.119,27.082,27.17,26.926,26.86,26.719,26.652,26.593,26.496,26.459,26.429,26.34,26.273,26.236,26.198,26.116,26.094,26.087,26.087,26.101,26.079,26.064,26.407,26.815,27.207,27.348,27.465,27.679,27.899,28.104,28.199,28.185,28.199,28.163,28.104,28.053,27.914,27.862,27.723,27.657,27.554,27.488,27.266,27.266,27.067,27.045,26.956,26.8,26.756,26.674,26.645,26.489,26.429,26.377,26.333,26.31,26.243,26.251,26.034,26.019,25.989,25.945,25.922,25.87,25.832,25.825,25.81,25.81,25.825,25.825,25.989,26.034,26.116,26.258,26.615,27.052,27.156,27.517,27.524,27.686,27.708,27.745,27.76,27.723,27.716,27.569,27.569,27.48,27.414,27.274,27.237,27.2,27.163,27.17,27.185,27.17,27.163,27.133,27.111,27.052,27.023,26.86,26.719,26.719,26.548,26.459,26.213,26.116,26.169,25.945,25.907,25.885,25.885,25.877,25.915,25.997,26.042,26.355,27.399,27.392,27.48,27.377,26.169,25.067,24.833,24.78,24.659,24.606,24.56,24.5,24.47,24.477,24.477,24.515,24.56,24.606,24.621,24.636,24.682,24.689,24.75,24.787,24.825,24.863,24.908,24.961,24.999,25.052,25.097,25.127,25.195,25.232,25.292,25.24,25.262,25.323,25.315,25.338,25.368,25.413,25.473,25.435,25.563,25.675,25.728,25.818,25.862,25.907,25.922,26.034,26.154,26.124,26.169,26.154,26.191,26.236,26.213,26.236,26.28,26.28,26.303,26.273,26.295,26.28,26.362,26.362,26.422,26.593,26.541,26.682,26.712,26.719,26.771,26.786,26.838,26.86,26.904,26.926,26.949,26.963,26.986,26.986,27.03,27.03,26.993,26.949,26.889,26.882,26.712,26.615,26.667,26.489,26.511,26.407,26.37,26.474,26.414,26.429,26.444,26.399,26.452,26.466,26.548,26.689,26.726,27.104,27.156,27.34,27.818,28.294,28.645,28.688,28.637,28.499,28.338,27.95,27.664,27.524,27.133,26.852,26.756,26.704,26.347,26.087,25.915,25.9,25.855,25.81,25.847,25.81,25.713,25.653,25.525,24.984,24.871,24.227,24.12,24.12,24.082,24.067,24.037,23.991,23.998,23.96,23.991,23.968,23.945,23.945,23.854,23.869,23.823,23.861,23.869,23.846,23.869,23.846,23.8,23.831,23.808,23.823,23.816,23.808,23.808,23.831,23.808,23.823,23.777,23.785,23.716,23.724,23.762,23.77,23.762,23.755,23.762,23.716,23.686,23.686,23.716,23.701,23.747,23.747,23.747,23.716,23.701,23.686,23.663,23.671,23.632,23.648
,23.464,23.479,23.472,23.472,23.456,23.464,23.464,23.472,23.472,23.479,23.464,23.464,23.456,23.479,23.502,23.518,23.495,23.518,23.518,23.571,23.556,23.518,23.541,23.541,23.548,23.556,23.533,23.51,23.533,23.525,23.541,23.541,23.541,23.541,23.525,23.525,23.548,23.571,23.564,23.571,23.579,23.571,23.556,23.564,23.594,23.602,23.617,23.609,23.64,23.617,23.625,23.609,23.625,23.64,23.64,23.64,23.632,23.64,23.64,23.632,23.655,23.686,23.678,23.709,23.693,23.755,23.724,23.739,23.755,23.724,23.755,23.747,23.739,23.762,23.739,23.755,23.808,23.938,24.006,24.523,24.931,25.165,25.195,25.255,25.285,25.428,25.578,25.608,25.892,25.922,26.027,26.109,26.385,26.437,26.563,26.585,26.697,26.734,26.756,26.786,26.756,26.719,26.719,26.645,26.615,26.593,26.637,26.622,26.726,26.682,26.823,26.867,26.912,26.919,26.941,27.03,27.067,27.133,27.163,27.178,27.2,27.281,27.237,27.222,27.229,27.185,27.289,27.163,27.178,27.215,27.178,27.178,27.17,27.185,27.185,27.185,27.178,27.185,27.089,27.008,26.963,26.897,26.867,26.83,26.8,26.474,26.385,26.325,26.176,26.154,26.101,26.057,26.049,25.997,26.012,25.989,25.982,25.975,25.967,25.96,25.952,25.952,25.945,25.945,25.9,25.96,25.922,25.87,25.773,25.713,25.675,25.63,25.608,25.548,25.525,25.495,25.488,25.488,25.473,25.525,25.54,25.555,25.593,25.63,25.653,25.69,25.773,26.004,26.161,26.318,27.877,28.572,28.681,28.688,28.71,28.717,28.696,28.696,28.55,28.535,28.492,28.499,28.484,28.367,28.426,28.346,28.243,28.177,27.023,25.683,25.72,25.698,25.765,25.87,25.945,25.937,26.087,26.28,26.444,26.66,26.734,26.926,27.045,27.082,27.163,27.185,27.222,27.229,27.237,27.178,27.133,27.082,27.03,27,26.941,26.86,26.83,26.793,26.689,26.578,26.459,26.414,26.37,26.206,26.176,26.124,26.064,26.064,26.034,26.027,26.027,26.027,26.064,26.109,26.124,26.206,26.236,26.288,26.355,26.466,26.563,26.704,26.823,26.845,26.897,27.333,27.362,27.51,28.068,28.302,28.316,28.309,28.316,28.243,27.2,25.997,25.832,25.825,25.78,25.758,25.735,25.743,25.758,25.795,25.84,25.9,25.96,25.975,26.079,26.027,26.124,26.191,26.243,26.31,26.333,26.407,26.429,26.489,26.622,26.57,26.823,26.867,26.882,26.963,26.993,27.06,27.2,27.2,27.296,27.37,27.436,27.458,27.554,27.546,27.546,27.554,27.524,27.458,27.436,27.421,27.429,27.429,27.392,27.37,27.289,27.126,27.148,27.163,27.104,27.104,27,27.008,26.941,26.808,26.741,26.652,26.608,26.593,26.496,26.496,26.325,26.295,26.228,26.154,26.116,26.109,26.079,26.057,26.049,26.057,26.087,26.198,26.57,27.089,27.407,27.399,27.627,27.936,27.958,28.06,28.119,28.126,28.126,28.038,28.016,27.98,27.87,27.804,27.745,27.576,27.473,27.348,27.222,27.252,27.03,27.045,26.838,26.786,26.704,26.652,26.622,26.526,26.452,26.385,26.318,26.303,26.258,26.124,26.154,26.131,26.042,25.93,25.9,25.877,25.855,25.825,25.795,25.803,25.818,25.87,25.975,26.131,26.101,26.206,26.333,26.667,26.941,27.407,27.605,27.701,27.723,27.752,27.738,27.745,27.686,27.591,27.561,27.488,27.429,27.333,27.237,27.237,27.148,27.2,27.148,27.141,27.156,27.133,27.067,27.119,27.008,26.86,26.845,26.63,26.548,26.347,26.422,26.303,25.997,25.952,25.915,25.862,25.87,25.862,25.892,25.945,25.967,26.251,27.318,27.488,27.488,27.488,26.347,25.698,25.044,24.674,24.674,24.576,24.507,24.507,24.477,24.462,24.485,24.5,24.538,24.568,24.591,24.621,24.644,24.659,24.704,24.742,24.78,24.863,24.916,24.954,24.984,25.036,25.052,25.112,25.157,25.217,25.217,25.225,25.292,25.285,25.323,25.323,25.383,25.368,25.383,25.525,25.555,25.668,25.698,25.765,25.803,25.81,25.915,26.042,26.072,26.087,26.124,26.161,26.191,26.221,26.28,26.273,26.295,26.295,26.303,26.303,26.31,26.325,26.355,26.422,26.489,26.57,26.652,26.66,26.734,26.719,26.763,26.815,26.823,26.852,26.882,26.934,26.934,26.949,26.963,26.986,26.971,27.037,26.912,26.8,26.86,26.741,26.615,26.526,26.533,26.422,26.414,26.385,26.34,26.31,26.347,26.31,26.362,26.362,26.392,26.429,26.563,26.645,26.704,26.771,27.082,27.325,27.877,28.273,28.739,28.812,28.688,28.521,28.338,28.126,27.73,27.664,27.48,27.185,26.8,26.719,26.444,26.183,25.937,25.892,25.825,25.803,25.81,25.788,25.818,25.675,25.675,25.555,25.247,25.255,24.356,24.135,24.082,24.082,24.052,24.037,23.983,24.006,23.976,23.968,23.976,23.938,23.953,23.854,23.838,23.823,23.846,23.846,23.861,23.793,23.823,23.861,23.823,23.838,23.854,23.816,23.838,23.808,23.846,23.808,23.747,23.777,23.709,23.693,23.732,23.709,23.762,23.716,23.747,23.747,23.701,23.724,23.686,23.747,23.777,23.747,23.739,23.709,23.732,23.716,23.671,23.648,23.655,23.739
,23.472,23.479,23.472,23.464,23.464,23.472,23.479,23.495,23.479,23.487,23.472,23.441,23.464,23.479,23.487,23.472,23.51,23.495,23.518,23.51,23.51,23.502,23.533,23.51,23.541,23.533,23.571,23.556,23.556,23.556,23.533,23.541,23.533,23.533,23.548,23.518,23.541,23.533,23.571,23.571,23.556,23.548,23.556,23.579,23.586,23.594,23.602,23.632,23.655,23.602,23.609,23.617,23.625,23.632,23.632,23.632,23.655,23.625,23.64,23.655,23.663,23.663,23.701,23.693,23.755,23.716,23.724,23.724,23.709,23.701,23.747,23.785,23.777,23.785,23.785,23.732,23.846,23.869,24.325,24.848,24.999,25.044,25.036,25.247,25.3,25.36,25.548,25.675,25.81,26.087,26.131,26.31,26.399,26.429,26.518,26.652,26.704,26.726,26.741,26.756,26.726,26.667,26.645,26.615,26.66,26.608,26.585,26.548,26.637,26.652,26.763,26.786,26.815,26.838,26.867,26.986,26.934,26.978,27.008,27.126,27.104,27.163,27.17,27.156,27.156,27.148,27.045,27.074,27.126,27.133,27.148,27.156,27.156,27.163,27.156,27.163,27.156,27.067,27.023,26.986,26.919,26.86,26.852,26.749,26.533,26.414,26.34,26.206,26.131,26.109,26.027,26.012,26.004,25.997,25.975,25.967,25.945,25.952,25.945,25.937,25.945,25.937,25.96,25.945,25.945,25.885,25.892,25.832,25.728,25.69,25.645,25.623,25.563,25.518,25.503,25.503,25.48,25.495,25.488,25.518,25.555,25.585,25.608,25.638,25.683,25.698,25.698,25.847,26.116,26.808,28.375,28.557,28.594,28.63,28.645,28.666,28.623,28.645,28.586,28.506,28.462,28.44,28.36,28.375,28.28,28.251,28.287,28.068,26.652,25.638,25.675,25.698,25.788,25.9,25.915,26.019,26.213,26.265,26.466,26.719,26.771,26.934,27.023,27.141,27.148,27.2,27.222,27.229,27.207,27.163,27.133,27.097,27.03,26.978,26.904,26.882,26.763,26.734,26.66,26.541,26.452,26.407,26.28,26.236,26.169,26.109,26.049,26.027,26.019,26.004,26.004,26.019,26.027,26.064,26.109,26.176,26.213,26.325,26.318,26.496,26.6,26.63,26.704,26.86,27,27.392,27.384,27.48,28.287,28.338,28.316,28.309,28.243,28.221,27.252,26.228,25.855,25.788,25.75,25.735,25.735,25.735,25.758,25.803,25.818,25.885,25.915,25.93,26.004,26.049,26.101,26.161,26.273,26.243,26.273,26.318,26.385,26.556,26.66,26.741,26.8,26.845,26.919,26.934,27.037,27.074,27.119,27.207,27.289,27.37,27.407,27.488,27.495,27.51,27.532,27.473,27.421,27.414,27.407,27.407,27.399,27.399,27.348,27.318,27.237,27.082,27.097,27.037,26.963,26.963,26.919,26.867,26.756,26.756,26.637,26.622,26.6,26.518,26.444,26.414,26.392,26.243,26.161,26.087,26.042,26.034,26.019,26.034,26.057,26.049,25.997,26.228,26.889,27.244,27.348,27.613,27.591,27.862,27.965,28.024,28.097,28.068,28.068,28.016,27.972,27.921,27.826,27.745,27.613,27.495,27.34,27.266,27.126,27.06,27.015,26.867,26.86,26.808,26.674,26.622,26.674,26.511,26.474,26.429,26.377,26.303,26.265,26.206,26.131,26.064,25.989,25.937,25.892,25.885,25.855,25.825,25.81,25.818,25.818,25.862,25.975,26.087,26.258,26.161,26.236,26.741,27.074,27.377,27.392,27.635,27.664,27.723,27.73,27.716,27.679,27.605,27.576,27.524,27.362,27.311,27.259,27.185,27.185,27.2,27.17,27.193,27.148,27.163,27.126,27.045,26.963,26.919,26.823,26.719,26.637,26.459,26.377,26.31,26.161,25.982,25.885,25.832,25.84,25.81,25.81,25.862,25.862,26.042,26.422,27.414,27.429,27.436,26.845,25.593,25.036,24.833,24.651,24.56,24.538,24.507,24.477,24.47,24.447,24.5,24.5,24.553,24.56,24.576,24.613,24.644,24.666,24.727,24.75,24.81,24.863,24.916,24.946,24.976,25.036,25.097,25.127,25.165,25.195,25.24,25.277,25.277,25.3,25.308,25.345,25.33,25.435,25.465,25.555,25.585,25.675,25.705,25.75,25.788,25.877,25.989,25.967,26.049,26.101,26.161,26.213,26.251,26.251,26.295,26.31,26.31,26.325,26.303,26.333,26.355,26.437,26.452,26.504,26.578,26.615,26.674,26.712,26.734,26.749,26.771,26.823,26.838,26.86,26.912,26.897,26.912,26.926,26.941,26.904,26.934,26.86,26.838,26.771,26.652,26.548,26.533,26.444,26.392,26.295,26.325,26.303,26.295,26.273,26.303,26.325,26.31,26.347,26.392,26.429,26.652,26.541,26.615,27.023,27.355,27.95,28.112,28.776,28.783,28.674,28.513,28.404,28.082,27.914,27.48,27.495,27.2,27.008,26.778,26.57,26.333,25.982,25.96,25.907,25.803,25.773,25.818,25.758,25.743,25.563,25.563,25.488,25.39,24.825,24.379,24.12,24.082,24.067,24.037,24.029,23.998,23.96,23.96,23.998,23.96,23.892,23.877,23.846,23.823,23.838,23.838,23.854,23.838,23.861,23.831,23.846,23.838,23.838,23.816,23.823,23.846,23.838,23.777,23.762,23.732,23.732,23.709,23.739,23.762,23.777,23.755,23.732,23.724,23.709,23.716,23.701,23.724,23.747,23.739,23.808,23.724,23.709,23.678,23.678,23.663,23.617,23.716
,23.472,23.472,23.449,23.464,23.464,23.449,23.495,23.487,23.502,23.479,23.479,23.472,23.479,23.502,23.502,23.502,23.495,23.495,23.495,23.502,23.487,23.51,23.479,23.51,23.525,23.518,23.518,23.541,23.548,23.571,23.541,23.533,23.556,23.518,23.525,23.518,23.518,23.533,23.564,23.548,23.564,23.556,23.579,23.571,23.564,23.586,23.594,23.602,23.594,23.579,23.594,23.632,23.609,23.625,23.663,23.648,23.663,23.678,23.655,23.648,23.663,23.671,23.709,23.701,23.739,23.732,23.732,23.739,23.739,23.716,23.747,23.77,23.808,23.785,23.77,23.808,23.922,24.219,24.56,24.886,24.825,25.104,25.315,25.308,25.39,25.518,25.593,25.78,25.773,25.915,26.206,26.221,26.333,26.377,26.593,26.66,26.719,26.734,26.712,26.719,26.667,26.667,26.652,26.6,26.57,26.593,26.593,26.608,26.593,26.6,26.689,26.763,26.8,26.838,26.852,26.852,26.889,26.963,26.956,26.919,27.052,27.074,27.052,26.986,27.008,26.993,27.074,27.015,27.023,27.089,27.104,27.141,27.141,27.141,27.133,27.126,27.126,27.06,27.037,26.956,26.875,26.882,26.823,26.749,26.556,26.325,26.251,26.139,26.087,26.049,26.004,25.975,25.967,25.967,25.952,25.937,25.93,25.93,25.93,25.93,25.945,25.945,25.922,25.93,25.922,25.877,25.795,25.788,25.72,25.668,25.615,25.57,25.555,25.51,25.503,25.495,25.495,25.495,25.503,25.51,25.525,25.563,25.615,25.638,25.713,25.765,25.847,26.191,26.377,27.877,28.236,28.513,28.55,28.586,28.586,28.623,28.652,28.594,28.521,28.484,28.426,28.389,28.375,28.338,28.243,28.199,28.119,28.112,25.915,25.623,25.69,25.698,25.81,25.773,25.855,25.975,26.161,26.295,26.459,26.749,26.897,26.963,27.074,27.163,27.178,27.222,27.237,27.207,27.185,27.185,27.119,27.074,27.03,26.956,26.904,26.897,26.763,26.734,26.652,26.548,26.459,26.385,26.31,26.221,26.154,26.131,26.072,26.019,26.012,25.982,25.997,25.997,26.012,26.087,26.139,26.183,26.206,26.273,26.37,26.466,26.541,26.637,26.793,27.023,26.956,27.325,27.488,27.495,28.126,28.346,28.346,28.324,28.265,28.265,27.274,25.975,25.81,25.758,25.743,25.713,25.705,25.705,25.735,25.758,25.825,25.832,25.885,25.93,25.967,26.012,26.057,26.109,26.139,26.213,26.265,26.444,26.481,26.548,26.637,26.689,26.756,26.83,26.926,26.963,27.023,27.067,27.082,27.111,27.244,27.384,27.451,27.414,27.443,27.465,27.429,27.436,27.399,27.384,27.355,27.362,27.37,27.355,27.311,27.311,27.163,27.067,27.104,26.926,26.86,26.808,26.823,26.771,26.756,26.645,26.622,26.563,26.511,26.474,26.414,26.318,26.251,26.169,26.131,26.064,26.027,26.042,25.952,25.952,25.967,26.064,26.213,26.362,27.03,27.296,27.473,27.664,27.782,27.892,27.958,28.016,28.038,28.016,27.958,27.914,27.899,27.833,27.723,27.635,27.51,27.333,27.237,27.133,27.074,27,26.912,26.867,26.749,26.756,26.697,26.608,26.608,26.511,26.489,26.429,26.377,26.318,26.251,26.206,26.176,26.072,26.004,25.952,25.907,25.877,25.847,25.825,25.825,25.818,25.84,25.862,25.967,26.034,26.161,26.355,26.265,26.682,26.934,26.926,27.37,27.37,27.686,27.701,27.686,27.708,27.679,27.657,27.598,27.399,27.407,27.318,27.259,27.222,27.193,27.178,27.178,27.163,27.178,27.126,27.089,27.052,26.978,26.83,26.823,26.66,26.608,26.511,26.429,26.057,26.049,25.975,25.93,25.803,25.758,25.803,25.795,25.81,25.862,26.042,26.318,27.348,27.377,27.51,26.8,25.638,25.285,24.84,24.651,24.606,24.545,24.5,24.477,24.477,24.492,24.477,24.507,24.5,24.538,24.576,24.583,24.629,24.682,24.697,24.78,24.78,24.84,24.893,24.938,24.946,25.029,25.044,25.104,25.157,25.18,25.262,25.247,25.3,25.292,25.315,25.315,25.353,25.413,25.435,25.488,25.548,25.63,25.675,25.735,25.735,25.803,25.922,25.945,26.034,26.101,26.183,26.213,26.273,26.295,26.31,26.333,26.34,26.333,26.34,26.34,26.333,26.392,26.444,26.37,26.563,26.6,26.622,26.682,26.726,26.749,26.756,26.778,26.793,26.852,26.815,26.86,26.897,26.897,26.867,26.86,26.845,26.852,26.734,26.8,26.593,26.489,26.437,26.422,26.318,26.243,26.228,26.221,26.221,26.213,26.251,26.258,26.28,26.355,26.407,26.496,26.585,26.637,26.845,27.008,27.325,27.627,28.148,28.841,28.87,28.797,28.623,28.426,28.346,28.236,27.877,27.899,27.429,27.311,26.697,26.385,26.303,26.243,25.93,25.847,25.825,25.713,25.713,25.72,25.765,25.69,25.66,25.458,25.375,25.405,25.134,24.128,24.12,24.097,24.037,24.037,24.006,23.991,23.968,23.968,23.945,23.899,23.892,23.861,23.823,23.816,23.816,23.861,23.838,23.846,23.846,23.846,23.846,23.831,23.808,23.823,23.793,23.793,23.777,23.762,23.831,23.762,23.739,23.762,23.739,23.739,23.716,23.724,23.709,23.701,23.716,23.716,23.739,23.747,23.732,23.732,23.732,23.709,23.739,23.671,23.678,23.678,23.739
,23.472,23.479,23.464,23.464,23.456,23.487,23.479,23.495,23.495,23.51,23.502,23.495,23.487,23.502,23.495,23.518,23.487,23.479,23.51,23.479,23.487,23.495,23.479,23.487,23.472,23.518,23.533,23.533,23.548,23.533,23.548,23.533,23.525,23.541,23.541,23.518,23.502,23.541,23.51,23.556,23.556,23.564,23.579,23.564,23.594,23.594,23.571,23.556,23.594,23.586,23.586,23.617,23.609,23.648,23.609,23.671,23.648,23.655,23.693,23.663,23.663,23.671,23.716,23.724,23.724,23.732,23.64,23.716,23.724,23.732,23.785,23.785,23.793,23.892,23.907,23.93,24.105,24.598,24.954,25.044,25.142,25.097,25.315,25.405,25.473,25.63,25.668,25.825,25.885,26.072,26.079,26.265,26.399,26.496,26.541,26.578,26.682,26.712,26.704,26.682,26.674,26.622,26.585,26.585,26.578,26.563,26.585,26.593,26.57,26.593,26.652,26.66,26.689,26.697,26.726,26.793,26.793,26.83,26.897,26.867,26.852,26.912,26.971,26.934,26.971,26.956,26.971,27.03,27.015,27.067,27.126,27.089,27.104,27.111,27.104,27.074,27.067,26.963,26.949,26.897,26.83,26.778,26.719,26.556,26.392,26.362,26.176,26.124,26.049,26.027,25.975,25.952,25.922,25.93,25.93,25.922,25.9,25.907,25.915,25.9,25.922,25.9,25.907,25.892,25.862,25.877,25.788,25.75,25.713,25.698,25.608,25.563,25.533,25.503,25.488,25.495,25.48,25.495,25.503,25.51,25.555,25.555,25.608,25.675,25.705,25.862,25.9,26.154,26.993,28.038,28.455,28.389,28.499,28.543,28.557,28.601,28.594,28.528,28.528,28.462,28.411,28.367,28.367,28.258,28.163,28.207,28.148,27.943,25.75,25.6,25.668,25.615,25.6,25.795,25.922,26.116,26.265,26.444,26.57,26.734,26.919,27.015,27.089,27.17,27.193,27.215,27.222,27.229,27.193,27.133,27.082,27.015,27.008,26.941,26.875,26.793,26.771,26.726,26.622,26.533,26.481,26.355,26.288,26.221,26.176,26.094,26.042,26.027,26.004,25.975,25.975,25.989,25.997,26.072,26.109,26.169,26.228,26.28,26.325,26.541,26.489,26.526,26.83,26.986,27.015,27.333,27.392,27.539,28.294,28.331,28.338,28.324,28.243,28.236,27.325,25.945,25.81,25.758,25.728,25.713,25.69,25.705,25.72,25.75,25.795,25.795,25.847,25.885,25.93,26.019,26.004,26.079,26.146,26.221,26.221,26.325,26.414,26.556,26.637,26.63,26.712,26.882,26.897,26.934,26.971,27.03,27.06,27.185,27.237,27.296,27.325,27.421,27.407,27.421,27.399,27.37,27.355,27.34,27.348,27.318,27.303,27.318,27.266,27.163,27.119,27.008,26.867,26.882,26.778,26.734,26.763,26.63,26.63,26.585,26.548,26.541,26.496,26.437,26.422,26.347,26.228,26.154,26.116,26.057,26.004,25.975,25.877,25.952,25.945,25.93,25.922,26.459,27.104,27.296,27.583,27.73,27.818,27.884,27.958,27.965,27.98,27.958,27.914,27.862,27.804,27.826,27.627,27.561,27.436,27.318,27.193,27.156,27.03,26.897,26.845,26.815,26.793,26.763,26.712,26.712,26.608,26.504,26.496,26.444,26.385,26.318,26.251,26.228,26.154,26.116,26.012,25.967,25.945,25.877,25.847,25.84,25.832,25.84,25.862,25.862,25.945,26.049,26.169,26.169,26.645,26.786,26.838,27.163,27.289,27.436,27.635,27.627,27.686,27.649,27.62,27.62,27.546,27.502,27.458,27.34,27.266,27.222,27.207,27.185,27.17,27.178,27.178,27.148,27.104,27.037,26.971,26.823,26.786,26.719,26.652,26.6,26.429,26.139,26.034,25.96,25.877,25.818,25.78,25.728,25.765,25.795,25.84,25.75,26.176,27.148,27.414,27.384,27.362,26.362,25.473,24.931,24.659,24.591,24.53,24.507,24.485,24.477,24.47,24.462,24.5,24.492,24.523,24.523,24.568,24.606,24.629,24.674,24.742,24.78,24.81,24.878,24.923,24.931,24.931,25.036,25.082,25.059,25.119,25.21,25.247,25.27,25.277,25.285,25.292,25.323,25.36,25.435,25.45,25.525,25.578,25.608,25.653,25.75,25.78,25.877,25.96,25.997,26.101,26.139,26.213,26.273,26.288,26.318,26.34,26.34,26.362,26.362,26.362,26.377,26.392,26.437,26.422,26.548,26.6,26.622,26.682,26.682,26.734,26.749,26.771,26.771,26.793,26.83,26.83,26.867,26.83,26.83,26.845,26.815,26.637,26.667,26.593,26.489,26.399,26.273,26.273,26.251,26.198,26.161,26.176,26.176,26.213,26.251,26.236,26.221,26.31,26.362,26.578,26.526,26.697,26.889,27.082,27.311,27.694,28.038,28.761,28.907,28.834,28.725,28.63,28.36,28.06,28.024,27.686,27.237,26.993,26.719,26.407,26.303,26.183,25.989,25.847,25.832,25.593,25.653,25.698,25.683,25.713,25.66,25.608,25.69,25.533,25.338,24.999,24.5,24.242,24.09,24.029,24.044,23.976,23.991,23.96,23.938,23.907,23.884,23.877,23.846,23.846,23.831,23.816,23.854,23.831,23.854,23.846,23.838,23.808,23.808,23.793,23.793,23.823,23.793,23.793,23.762,23.762,23.739,23.739,23.739,23.701,23.762,23.716,23.686,23.701,23.693,23.693,23.739,23.747,23.755,23.747,23.755,23.747,23.701,23.8,23.709,23.709,23.701
,23.441,23.495,23.479,23.464,23.456,23.479,23.479,23.487,23.487,23.487,23.495,23.502,23.51,23.518,23.502,23.502,23.51,23.479,23.464,23.464,23.487,23.464,23.472,23.472,23.472,23.502,23.518,23.556,23.556,23.564,23.556,23.541,23.525,23.541,23.533,23.525,23.487,23.525,23.533,23.548,23.571,23.571,23.602,23.594,23.556,23.533,23.564,23.556,23.564,23.609,23.564,23.594,23.609,23.602,23.625,23.632,23.617,23.602,23.617,23.686,23.648,23.625,23.693,23.709,23.747,23.701,23.686,23.709,23.686,23.755,23.793,23.846,23.861,23.892,23.991,24.052,24.598,24.825,24.825,25.074,25.172,25.3,25.375,25.405,25.585,25.6,25.78,25.765,25.825,25.922,26.251,26.288,26.407,26.518,26.533,26.593,26.645,26.645,26.667,26.66,26.637,26.585,26.593,26.556,26.533,26.578,26.585,26.585,26.563,26.541,26.556,26.57,26.6,26.645,26.652,26.689,26.763,26.793,26.778,26.808,26.838,26.867,26.889,26.904,26.882,26.904,26.963,27.008,27.03,27.067,27.104,27.074,27.104,27.097,27.074,27.045,27,26.919,26.897,26.852,26.771,26.697,26.652,26.459,26.333,26.265,26.116,26.057,25.997,25.967,25.96,25.922,25.915,25.9,25.885,25.87,25.87,25.862,25.87,25.877,25.877,25.87,25.885,25.885,25.862,25.87,25.75,25.705,25.66,25.63,25.615,25.57,25.525,25.503,25.488,25.488,25.488,25.488,25.503,25.503,25.518,25.54,25.608,25.653,25.743,25.855,25.997,26.206,27.392,28.192,28.353,28.448,28.44,28.513,28.477,28.572,28.535,28.535,28.477,28.44,28.404,28.375,28.302,28.258,28.185,28.192,28.053,27.289,25.698,25.615,25.63,25.638,25.713,25.803,25.93,26.206,26.303,26.34,26.608,26.852,26.926,27.03,27.119,27.17,27.193,27.222,27.229,27.215,27.178,27.126,27.082,27.037,26.993,26.919,26.86,26.8,26.704,26.697,26.637,26.459,26.377,26.318,26.251,26.228,26.139,26.101,26.079,25.997,26.004,25.967,25.952,25.989,26.027,26.087,26.094,26.176,26.206,26.265,26.347,26.444,26.548,26.645,26.823,27.067,27.185,27.325,27.384,27.429,28.338,28.331,28.36,28.338,28.287,28.134,27.532,25.832,25.758,25.743,25.713,25.66,25.683,25.683,25.653,25.728,25.773,25.825,25.818,25.87,25.922,25.922,26.019,26.079,26.116,26.169,26.213,26.31,26.496,26.556,26.63,26.682,26.778,26.8,26.86,26.956,26.963,27.03,27.097,27.111,27.215,27.266,27.348,27.392,27.399,27.392,27.355,27.333,27.333,27.325,27.311,27.303,27.244,27.274,27.185,27.126,27.067,26.889,26.912,26.778,26.756,26.667,26.66,26.66,26.593,26.563,26.533,26.489,26.481,26.407,26.37,26.228,26.221,26.146,26.079,26.049,25.96,25.915,25.847,25.922,26.042,26.146,26.429,26.563,26.971,27.362,27.554,27.686,27.833,27.877,27.892,27.906,27.914,27.87,27.855,27.774,27.745,27.627,27.539,27.443,27.274,27.207,27.111,27.067,26.949,26.845,26.852,26.808,26.8,26.726,26.712,26.66,26.593,26.57,26.481,26.452,26.377,26.347,26.273,26.221,26.161,26.087,26.057,25.975,25.945,25.885,25.87,25.862,25.877,25.877,25.9,25.997,25.915,26.042,26.101,26.183,26.466,26.741,26.815,26.83,27.133,27.488,27.502,27.591,27.635,27.635,27.657,27.598,27.598,27.546,27.458,27.37,27.259,27.244,27.215,27.193,27.178,27.163,27.119,27.119,27.089,27.045,26.963,26.889,26.741,26.704,26.652,26.466,26.355,26.213,26.057,25.96,25.788,25.758,25.713,25.72,25.713,25.72,25.735,25.803,25.922,27.17,27.311,27.348,27.34,26.429,25.548,25.052,24.757,24.576,24.545,24.507,24.477,24.477,24.447,24.454,24.432,24.462,24.485,24.5,24.515,24.591,24.583,24.613,24.651,24.697,24.787,24.84,24.871,24.908,24.938,24.976,25.059,25.119,25.157,25.195,25.202,25.232,25.247,25.262,25.27,25.308,25.33,25.413,25.383,25.458,25.518,25.555,25.653,25.728,25.803,25.892,25.937,25.997,26.087,26.161,26.183,26.251,26.295,26.318,26.34,26.347,26.355,26.355,26.407,26.377,26.422,26.452,26.496,26.533,26.593,26.622,26.637,26.697,26.704,26.712,26.734,26.734,26.756,26.83,26.8,26.815,26.815,26.719,26.719,26.719,26.518,26.504,26.504,26.273,26.228,26.251,26.213,26.169,26.139,26.116,26.131,26.124,26.161,26.146,26.183,26.228,26.34,26.347,26.392,26.407,26.652,26.875,26.889,27.318,27.502,28.346,28.601,28.856,28.863,28.819,28.579,28.688,28.06,28.031,27.899,27.679,27.451,26.926,26.622,26.251,25.982,26.087,25.892,25.63,25.593,25.63,25.555,25.548,25.675,25.653,25.66,25.578,25.465,25.323,25.308,24.871,24.666,24.143,24.067,24.067,23.991,23.983,23.915,23.93,23.915,23.892,23.884,23.869,23.846,23.854,23.838,23.823,23.816,23.846,23.816,23.823,23.816,23.777,23.808,23.846,23.831,23.793,23.816,23.793,23.777,23.762,23.77,23.755,23.709,23.732,23.701,23.709,23.693,23.709,23.709,23.732,23.739,23.747,23.724,23.732,23.777,23.716,23.732,23.724,23.64,23.701
,23.464,23.41,23.449,23.472,23.479,23.479,23.479,23.472,23.464,23.464,23.472,23.479,23.487,23.533,23.518,23.51,23.495,23.472,23.472,23.479,23.433,23.495,23.495,23.464,23.487,23.495,23.502,23.533,23.556,23.571,23.525,23.533,23.541,23.541,23.541,23.541,23.518,23.541,23.495,23.541,23.579,23.586,23.556,23.586,23.548,23.502,23.525,23.525,23.525,23.594,23.571,23.602,23.602,23.602,23.64,23.617,23.632,23.655,23.594,23.64,23.602,23.648,23.686,23.716,23.716,23.709,23.709,23.709,23.724,23.739,23.77,23.945,23.861,23.899,24.006,24.682,24.848,24.961,24.961,25.187,25.232,25.323,25.458,25.488,25.593,25.735,25.765,25.862,26.034,26.094,26.191,26.213,26.392,26.444,26.526,26.578,26.637,26.645,26.66,26.622,26.593,26.548,26.556,26.563,26.563,26.548,26.556,26.533,26.556,26.504,26.511,26.474,26.57,26.563,26.637,26.645,26.674,26.652,26.719,26.712,26.749,26.808,26.823,26.845,26.845,26.889,26.926,26.978,27,27.03,27.03,27.037,27.052,27.052,27.023,27.015,26.971,26.889,26.83,26.8,26.637,26.63,26.533,26.288,26.243,26.087,26.079,26.027,25.997,25.952,25.945,25.907,25.907,25.9,25.885,25.877,25.855,25.84,25.825,25.825,25.832,25.855,25.847,25.84,25.81,25.788,25.758,25.705,25.645,25.608,25.585,25.54,25.518,25.488,25.488,25.488,25.495,25.495,25.518,25.518,25.548,25.593,25.6,25.668,25.75,25.87,26.049,26.593,28.141,28.243,28.258,28.309,28.375,28.419,28.448,28.492,28.499,28.477,28.462,28.448,28.404,28.324,28.316,28.273,28.09,28.06,27.921,26.012,25.608,25.585,25.608,25.615,25.623,25.773,25.765,26.094,26.258,26.437,26.429,26.83,26.912,27.015,27.097,27.178,27.178,27.215,27.215,27.193,27.178,27.111,27.074,27.037,26.949,26.882,26.875,26.793,26.726,26.674,26.608,26.556,26.34,26.288,26.273,26.206,26.161,26.116,26.019,25.989,25.997,25.975,25.96,26.012,26.004,26.101,26.139,26.183,26.236,26.295,26.355,26.466,26.466,26.541,26.823,26.926,27.126,27.296,27.37,27.436,28.338,28.375,28.338,28.36,28.316,28.221,27.635,26.049,25.735,25.705,25.675,25.66,25.645,25.645,25.653,25.683,25.75,25.765,25.818,25.847,25.915,25.952,25.982,26.094,26.146,26.191,26.265,26.385,26.489,26.556,26.608,26.637,26.712,26.793,26.83,26.882,26.926,27.037,27.06,27.141,27.259,27.266,27.311,27.384,27.333,27.348,27.325,27.318,27.303,27.274,27.296,27.274,27.266,27.222,27.097,27.06,26.949,26.845,26.83,26.741,26.726,26.667,26.63,26.637,26.57,26.563,26.518,26.459,26.437,26.392,26.31,26.243,26.139,26.064,26.012,26.034,25.877,25.877,25.93,25.997,25.982,26.146,26.333,27,27.207,27.576,27.605,27.642,27.738,27.818,27.826,27.818,27.811,27.738,27.745,27.716,27.716,27.635,27.473,27.37,27.244,27.023,27.015,26.941,26.882,26.86,26.815,26.763,26.771,26.749,26.704,26.66,26.585,26.541,26.474,26.459,26.414,26.362,26.295,26.258,26.191,26.131,26.057,26.027,25.93,25.915,25.892,25.9,25.885,25.9,25.937,25.982,26.034,26.079,26.183,26.176,26.689,26.645,26.838,26.993,27.215,27.252,27.458,27.51,27.583,27.613,27.627,27.598,27.598,27.561,27.436,27.34,27.311,27.252,27.215,27.178,27.17,27.148,27.126,27.119,27.097,27.089,27.023,26.845,26.771,26.652,26.712,26.518,26.228,26.094,26.012,25.96,25.825,25.758,25.72,25.698,25.69,25.72,25.735,25.78,25.735,26.852,27.259,27.392,27.325,27.126,25.57,25.428,24.893,24.568,24.568,24.507,24.485,24.432,24.439,24.439,24.424,24.424,24.485,24.515,24.515,24.56,24.56,24.583,24.659,24.666,24.735,24.795,24.787,24.886,24.916,24.984,24.999,25.052,25.127,25.119,25.21,25.232,25.217,25.232,25.232,25.262,25.323,25.383,25.42,25.428,25.518,25.533,25.593,25.653,25.81,25.862,25.9,25.967,26.124,26.161,26.206,26.243,26.273,26.325,26.34,26.34,26.347,26.347,26.385,26.385,26.385,26.407,26.422,26.511,26.585,26.585,26.63,26.645,26.674,26.697,26.719,26.719,26.719,26.734,26.763,26.712,26.734,26.734,26.689,26.563,26.347,26.265,26.236,26.139,26.213,26.146,26.034,26.094,26.101,26.101,26.109,26.094,26.124,26.124,26.183,26.273,26.303,26.414,26.526,26.459,26.726,26.749,26.838,27.281,27.598,27.782,28.557,28.783,28.899,28.848,28.725,28.579,28.185,28.031,27.884,27.488,27.067,26.652,26.57,26.496,26.057,25.989,25.952,25.638,25.675,25.518,25.555,25.518,25.555,25.623,25.585,25.555,25.458,25.368,25.353,25.262,25.089,24.704,24.28,24.12,23.983,23.998,23.938,23.945,23.922,23.922,23.884,23.899,23.877,23.838,23.854,23.838,23.823,23.816,23.808,23.861,23.724,23.808,23.8,23.8,23.816,23.793,23.777,23.793,23.8,23.77,23.762,23.755,23.747,23.693,23.709,23.686,23.678,23.686,23.701,23.724,23.716,23.709,23.701,23.701,23.716,23.8,23.724,23.709,23.739,23.716
,23.464,23.395,23.456,23.502,23.479,23.487,23.472,23.479,23.464,23.464,23.456,23.472,23.456,23.472,23.479,23.525,23.456,23.487,23.464,23.51,23.441,23.487,23.479,23.472,23.487,23.487,23.525,23.518,23.548,23.556,23.548,23.548,23.556,23.541,23.548,23.541,23.533,23.541,23.487,23.548,23.571,23.579,23.586,23.564,23.533,23.51,23.533,23.556,23.571,23.579,23.586,23.594,23.586,23.602,23.617,23.632,23.602,23.564,23.586,23.609,23.602,23.625,23.655,23.655,23.678,23.709,23.709,23.709,23.739,23.77,23.854,23.884,23.922,24.044,24.477,24.787,24.825,24.923,25.052,25.195,25.315,25.398,25.495,25.54,25.563,25.728,25.78,25.795,25.922,26.109,26.183,26.288,26.399,26.481,26.511,26.541,26.6,26.6,26.622,26.6,26.585,26.556,26.556,26.556,26.541,26.541,26.533,26.533,26.496,26.496,26.504,26.437,26.511,26.496,26.578,26.6,26.593,26.615,26.652,26.66,26.704,26.704,26.726,26.808,26.808,26.83,26.912,26.963,26.986,26.993,27.023,27.023,27.037,26.986,27.023,26.926,26.815,26.815,26.778,26.667,26.548,26.37,26.333,26.37,26.161,26.109,26.079,26.004,25.982,25.96,25.937,25.922,25.9,25.877,25.862,25.847,25.825,25.81,25.803,25.795,25.795,25.81,25.795,25.832,25.75,25.765,25.75,25.683,25.653,25.585,25.548,25.518,25.503,25.48,25.48,25.48,25.488,25.495,25.473,25.51,25.563,25.578,25.615,25.615,25.69,25.803,26.131,27.274,28.17,28.229,28.302,28.287,28.36,28.338,28.389,28.47,28.44,28.426,28.433,28.397,28.367,28.346,28.28,28.214,28.097,28.134,27.598,25.892,25.615,25.593,25.608,25.66,25.638,25.877,25.788,25.982,26.34,26.563,26.593,26.8,26.986,27.089,27.156,27.193,27.178,27.2,27.185,27.17,27.148,27.111,27.045,27,26.949,26.86,26.778,26.726,26.704,26.637,26.578,26.399,26.31,26.28,26.221,26.183,26.101,26.087,26.012,25.975,25.96,25.967,25.96,26.004,26.034,26.087,26.169,26.161,26.198,26.213,26.303,26.407,26.481,26.734,26.808,26.941,26.956,27.082,27.407,27.443,28.324,28.367,28.331,28.338,28.273,28.302,27.642,26.206,25.795,25.675,25.645,25.645,25.593,25.623,25.683,25.705,25.728,25.758,25.795,25.818,25.907,25.9,25.989,26.079,26.161,26.191,26.28,26.377,26.474,26.526,26.622,26.674,26.719,26.749,26.86,26.926,26.963,27,27.06,27.237,27.222,27.274,27.318,27.333,27.325,27.318,27.289,27.281,27.281,27.296,27.266,27.207,27.237,27.163,27.141,27.082,26.956,26.86,26.793,26.712,26.697,26.637,26.622,26.578,26.548,26.526,26.474,26.437,26.392,26.347,26.288,26.161,26.101,26.019,25.982,25.892,25.937,25.87,25.93,25.75,26.057,26.236,26.674,26.734,27,27.561,27.561,27.671,27.767,27.774,27.782,27.76,27.782,27.716,27.701,27.642,27.642,27.613,27.48,27.377,27.163,26.978,26.949,26.978,26.904,26.845,26.8,26.778,26.741,26.712,26.689,26.622,26.622,26.518,26.504,26.459,26.392,26.37,26.31,26.273,26.176,26.206,26.072,25.989,26.027,25.952,25.96,25.945,25.937,25.997,25.96,26.019,26.049,26.101,26.169,26.422,26.518,26.548,26.734,26.86,27.052,27.193,27.421,27.488,27.561,27.546,27.569,27.591,27.554,27.473,27.421,27.355,27.296,27.274,27.237,27.185,27.17,27.141,27.111,27.119,27.089,27.067,27.015,26.912,26.726,26.712,26.548,26.526,26.355,26.161,26.042,25.915,25.907,25.818,25.735,25.698,25.66,25.668,25.675,25.743,25.72,25.989,27.266,27.244,27.289,27.2,26.325,25.54,25.067,24.735,24.53,24.515,24.462,24.447,24.432,24.401,24.386,24.416,24.409,24.454,24.485,24.538,24.568,24.576,24.613,24.666,24.636,24.75,24.712,24.878,24.871,24.946,25.014,25.044,25.059,25.112,25.142,25.195,25.172,25.172,25.202,25.21,25.277,25.277,25.338,25.428,25.465,25.518,25.66,25.69,25.765,25.818,25.937,25.982,26.101,26.116,26.183,26.228,26.265,26.265,26.295,26.325,26.333,26.347,26.362,26.399,26.414,26.437,26.504,26.466,26.511,26.526,26.608,26.637,26.652,26.652,26.66,26.689,26.652,26.689,26.63,26.563,26.593,26.489,26.57,26.325,26.28,26.139,26.154,26.049,26.101,26.004,26.049,25.96,26.004,26.064,26.057,26.072,26.094,26.146,26.191,26.243,26.34,26.377,26.466,26.637,26.756,26.786,26.978,27.333,27.384,27.789,28.492,28.732,28.885,28.79,28.645,28.367,28.185,28.068,27.987,27.657,27.111,27.178,26.8,26.429,26.146,25.945,25.825,25.885,25.847,25.495,25.458,25.473,25.51,25.518,25.555,25.54,25.48,25.458,25.353,25.315,25.036,24.916,24.287,24.257,24.021,24.029,24.006,23.953,23.899,23.899,23.892,23.907,23.869,23.854,23.854,23.854,23.823,23.823,23.808,23.793,23.823,23.861,23.846,23.816,23.785,23.8,23.755,23.793,23.755,23.755,23.739,23.732,23.869,23.732,23.724,23.678,23.678,23.686,23.671,23.709,23.709,23.716,23.709,23.701,23.686,23.678,23.686,23.617,23.678,23.693
,23.449,23.426,23.479,23.502,23.487,23.518,23.502,23.479,23.472,23.456,23.449,23.441,23.449,23.456,23.464,23.487,23.502,23.495,23.502,23.472,23.51,23.502,23.51,23.533,23.548,23.479,23.502,23.541,23.548,23.548,23.548,23.548,23.571,23.564,23.548,23.579,23.548,23.548,23.602,23.571,23.571,23.579,23.548,23.533,23.533,23.495,23.533,23.525,23.564,23.586,23.579,23.609,23.564,23.571,23.609,23.579,23.609,23.586,23.609,23.609,23.617,23.625,23.693,23.663,23.686,23.701,23.724,23.724,23.762,23.808,23.785,23.93,24.067,24.591,24.636,24.901,24.931,24.999,25.021,25.21,25.285,25.413,25.51,25.54,25.645,25.758,25.832,25.945,25.982,26.079,26.206,26.34,26.355,26.407,26.489,26.541,26.6,26.63,26.585,26.6,26.585,26.556,26.548,26.541,26.526,26.533,26.496,26.481,26.481,26.429,26.429,26.429,26.459,26.429,26.481,26.526,26.533,26.563,26.593,26.615,26.622,26.667,26.712,26.726,26.749,26.808,26.86,26.919,26.919,26.963,26.993,26.941,26.963,26.956,26.889,26.852,26.756,26.749,26.712,26.518,26.437,26.407,26.333,26.124,26.064,26.049,26.019,26.004,25.952,25.952,25.907,25.915,25.885,25.832,25.84,25.825,25.803,25.803,25.788,25.78,25.765,25.758,25.765,25.773,25.758,25.728,25.758,25.675,25.615,25.57,25.518,25.518,25.488,25.48,25.488,25.495,25.503,25.518,25.533,25.54,25.623,25.57,25.63,25.743,25.743,26.139,26.504,27.671,28.192,28.258,28.236,28.265,28.324,28.36,28.346,28.419,28.404,28.426,28.382,28.382,28.353,28.324,28.273,28.199,28.104,28.104,27.252,25.69,25.555,25.615,25.6,25.683,25.743,25.915,25.945,26.228,26.31,26.437,26.541,26.83,26.986,27.156,27.119,27.178,27.207,27.2,27.178,27.163,27.119,27.067,27.067,27.023,26.949,26.904,26.823,26.712,26.637,26.585,26.444,26.452,26.333,26.258,26.228,26.169,26.087,26.057,25.997,25.982,25.982,25.96,25.967,25.96,26.034,26.072,26.064,26.161,26.228,26.31,26.37,26.444,26.533,26.652,26.8,27,27.266,27.252,27.274,27.561,28.273,28.382,28.375,28.324,28.236,28.192,27.664,26.027,25.75,25.675,25.638,25.623,25.638,25.615,25.683,25.675,25.713,25.75,25.81,25.818,25.87,25.975,26.019,26.161,26.146,26.221,26.265,26.385,26.481,26.563,26.63,26.674,26.712,26.786,26.823,26.919,26.956,27.03,27.067,27.222,27.163,27.289,27.311,27.318,27.303,27.296,27.274,27.266,27.274,27.289,27.237,27.229,27.207,27.178,27.097,27.03,26.83,26.793,26.734,26.667,26.66,26.674,26.593,26.548,26.496,26.466,26.429,26.37,26.37,26.273,26.265,26.183,26.027,25.96,25.96,25.885,25.862,25.877,25.877,26.012,26.027,26.288,27.178,27.281,27.465,27.532,27.591,27.679,27.708,27.723,27.73,27.752,27.686,27.694,27.679,27.627,27.524,27.392,27.222,27.104,27.037,26.986,26.956,26.912,26.86,26.823,26.756,26.756,26.697,26.689,26.682,26.615,26.6,26.556,26.511,26.466,26.429,26.399,26.377,26.318,26.325,26.221,26.169,26.094,26.057,26.004,25.989,25.997,25.989,26.012,26.042,26.101,26.139,26.146,26.355,26.444,26.541,26.585,26.741,26.756,26.949,27.126,27.34,27.421,27.495,27.517,27.532,27.583,27.554,27.495,27.392,27.384,27.325,27.252,27.215,27.185,27.163,27.141,27.119,27.119,27.097,27.111,27.03,26.971,26.823,26.734,26.697,26.466,26.407,26.146,26.019,25.989,25.885,25.773,25.728,25.72,25.66,25.615,25.653,25.683,25.645,25.945,27.089,27.325,27.421,27.296,26.526,25.645,24.954,24.697,24.523,24.523,24.454,24.447,24.432,24.409,24.409,24.401,24.416,24.447,24.5,24.523,24.545,24.568,24.576,24.576,24.659,24.712,24.712,24.803,24.84,24.886,24.923,25.029,25.044,25.104,25.104,25.134,25.172,25.119,25.18,25.187,25.262,25.285,25.39,25.428,25.45,25.51,25.563,25.668,25.78,25.765,25.952,26.027,26.042,26.146,26.169,26.213,26.243,26.288,26.303,26.318,26.333,26.34,26.37,26.399,26.407,26.459,26.452,26.511,26.533,26.526,26.578,26.615,26.593,26.6,26.615,26.57,26.57,26.6,26.556,26.518,26.422,26.362,26.31,26.183,26.109,26.116,26.131,26.004,25.982,25.937,25.989,25.945,26.004,26.042,26.027,26.072,26.116,26.139,26.198,26.295,26.385,26.466,26.504,26.637,26.771,26.904,27.193,27.281,27.627,27.855,28.258,28.688,28.841,28.79,28.761,28.572,28.36,28.075,28.046,27.635,27.325,27.443,26.667,26.541,26.273,26.146,25.795,25.847,25.57,25.488,25.503,25.45,25.45,25.458,25.495,25.48,25.488,25.435,25.398,25.36,25.315,25.127,24.863,24.651,24.196,23.968,23.968,23.915,23.93,23.96,23.899,23.884,23.877,23.846,23.854,23.838,23.831,23.831,23.816,23.861,23.854,23.823,23.831,23.838,23.793,23.785,23.785,23.785,23.762,23.755,23.777,23.793,23.747,23.709,23.678,23.678,23.671,23.678,23.686,23.678,23.701,23.701,23.709,23.709,23.709,23.678,23.686,23.678,23.671,23.693
,23.441,23.495,23.502,23.487,23.556,23.51,23.533,23.464,23.472,23.456,23.449,23.426,23.426,23.418,23.456,23.456,23.495,23.502,23.464,23.487,23.456,23.502,23.464,23.464,23.487,23.479,23.502,23.525,23.525,23.541,23.548,23.533,23.548,23.541,23.548,23.556,23.556,23.548,23.541,23.556,23.571,23.571,23.548,23.541,23.533,23.525,23.541,23.533,23.556,23.602,23.579,23.579,23.594,23.609,23.586,23.602,23.602,23.609,23.609,23.617,23.625,23.632,23.678,23.693,23.701,23.716,23.716,23.777,23.793,23.739,23.854,24.006,24.507,24.644,24.818,24.916,24.976,25.021,25.134,25.262,25.383,25.428,25.428,25.548,25.615,25.765,25.818,25.87,25.952,26.087,26.228,26.31,26.392,26.414,26.474,26.541,26.563,26.585,26.585,26.563,26.556,26.533,26.518,26.511,26.511,26.518,26.504,26.474,26.496,26.422,26.407,26.355,26.414,26.444,26.429,26.481,26.459,26.481,26.511,26.563,26.593,26.637,26.667,26.704,26.719,26.771,26.8,26.912,26.875,26.926,26.941,26.949,26.882,26.867,26.815,26.823,26.763,26.593,26.511,26.474,26.265,26.273,26.303,26.213,26.079,26.034,25.997,25.975,25.922,25.915,25.9,25.885,25.855,25.847,25.832,25.81,25.795,25.78,25.773,25.765,25.75,25.743,25.713,25.728,25.713,25.705,25.63,25.623,25.555,25.563,25.488,25.495,25.488,25.488,25.495,25.503,25.51,25.533,25.533,25.54,25.6,25.638,25.713,25.72,25.81,26.101,26.652,28.075,28.199,28.177,28.236,28.258,28.294,28.287,28.28,28.338,28.375,28.353,28.28,28.382,28.302,28.229,28.236,28.126,28.075,27.906,26.533,25.63,25.495,25.57,25.57,25.623,25.698,25.818,25.945,26.191,26.258,26.615,26.682,26.8,26.897,27.111,27.141,27.207,27.185,27.193,27.193,27.133,27.126,27.119,27.037,26.986,26.934,26.867,26.763,26.697,26.63,26.578,26.474,26.318,26.273,26.213,26.154,26.087,26.057,26.027,26.012,25.982,25.967,25.93,25.945,25.967,25.997,26.049,26.079,26.139,26.154,26.221,26.362,26.496,26.533,26.622,26.645,26.941,26.897,27.133,27.17,27.694,28.309,28.411,28.353,28.316,28.236,28.199,27.965,26.064,25.713,25.66,25.615,25.623,25.6,25.645,25.653,25.675,25.705,25.75,25.773,25.825,25.937,25.997,26.042,26.139,26.183,26.288,26.273,26.34,26.489,26.518,26.556,26.615,26.704,26.8,26.852,26.919,26.978,27.015,27.074,27.156,27.244,27.266,27.266,27.303,27.281,27.274,27.259,27.274,27.259,27.266,27.281,27.207,27.207,27.156,27.067,26.978,26.845,26.8,26.771,26.674,26.622,26.585,26.556,26.511,26.496,26.407,26.355,26.303,26.265,26.251,26.236,26.176,26.042,25.93,25.87,25.832,25.84,25.832,25.937,25.818,26.198,26.585,27.185,27.362,27.465,27.532,27.583,27.627,27.686,27.671,27.657,27.671,27.569,27.679,27.532,27.546,27.429,27.311,27.133,27.089,26.978,26.934,26.912,26.875,26.86,26.8,26.778,26.734,26.689,26.66,26.652,26.593,26.563,26.533,26.496,26.474,26.429,26.444,26.392,26.333,26.333,26.273,26.198,26.101,26.124,26.042,26.072,26.079,26.012,26.049,26.079,26.101,26.139,26.154,26.355,26.496,26.526,26.608,26.66,26.8,26.771,27.06,27.06,27.392,27.451,27.495,27.532,27.48,27.451,27.465,27.407,27.355,27.311,27.252,27.207,27.178,27.17,27.141,27.126,27.126,27.111,27.097,27.045,26.949,26.756,26.674,26.6,26.459,26.459,26.094,25.967,25.945,25.877,25.847,25.69,25.675,25.63,25.578,25.585,25.63,25.608,25.765,26.8,27.133,27.17,27.333,27.133,25.765,25.24,24.689,24.659,24.454,24.462,24.416,24.439,24.394,24.394,24.394,24.409,24.447,24.477,24.507,24.53,24.545,24.583,24.621,24.606,24.621,24.712,24.765,24.825,24.855,24.946,25.029,25.006,25.044,25.082,25.052,25.097,25.142,25.149,25.195,25.247,25.315,25.383,25.375,25.405,25.48,25.57,25.6,25.645,25.735,25.818,25.9,26.064,26.116,26.176,26.198,26.243,26.28,26.28,26.31,26.333,26.347,26.362,26.385,26.399,26.452,26.466,26.518,26.526,26.518,26.518,26.563,26.563,26.57,26.556,26.533,26.489,26.511,26.504,26.437,26.303,26.176,26.176,26.131,26.087,26.072,25.96,25.937,25.915,25.945,25.937,25.93,25.93,26.004,26.012,26.049,26.094,26.206,26.228,26.355,26.399,26.489,26.511,26.57,26.749,27.074,27.148,27.207,27.554,27.87,28.404,28.783,28.863,28.943,28.848,28.492,28.258,28.104,27.789,27.752,27.237,26.8,26.749,26.615,26.131,25.862,25.892,25.668,25.563,25.54,25.473,25.405,25.428,25.435,25.42,25.488,25.465,25.42,25.413,25.39,25.33,25.195,25.119,25.21,24.394,24.166,24.09,23.938,23.938,23.93,23.922,23.922,23.899,23.861,23.861,23.838,23.831,23.838,23.816,23.854,23.8,23.808,23.816,23.793,23.747,23.785,23.777,23.777,23.777,23.785,23.747,23.762,23.709,23.693,23.678,23.663,23.686,23.701,23.686,23.686,23.701,23.701,23.693,23.716,23.716,23.678,23.617,23.632,23.648,23.678
,23.472,23.464,23.518,23.472,23.487,23.487,23.495,23.495,23.472,23.464,23.433,23.449,23.418,23.426,23.41,23.441,23.487,23.487,23.495,23.495,23.495,23.495,23.51,23.495,23.533,23.556,23.541,23.548,23.533,23.548,23.571,23.564,23.541,23.564,23.556,23.571,23.548,23.571,23.548,23.564,23.548,23.571,23.564,23.541,23.541,23.533,23.533,23.556,23.602,23.594,23.571,23.609,23.625,23.609,23.617,23.609,23.617,23.602,23.609,23.625,23.64,23.632,23.663,23.678,23.701,23.724,23.747,23.77,23.816,23.877,24.075,24.553,24.689,24.772,24.848,24.961,24.976,25.067,25.134,25.255,25.345,25.45,25.495,25.563,25.608,25.735,25.743,25.862,25.997,26.087,26.236,26.303,26.355,26.422,26.481,26.526,26.548,26.563,26.548,26.556,26.526,26.518,26.511,26.496,26.489,26.489,26.481,26.466,26.429,26.392,26.399,26.347,26.333,26.377,26.407,26.429,26.429,26.452,26.466,26.496,26.511,26.622,26.645,26.667,26.689,26.741,26.771,26.838,26.904,26.912,26.86,26.838,26.771,26.808,26.741,26.712,26.615,26.504,26.422,26.377,26.28,26.236,26.154,26.094,26.079,26.012,25.997,25.945,25.922,25.885,25.877,25.862,25.847,25.803,25.788,25.78,25.773,25.773,25.735,25.735,25.713,25.698,25.69,25.683,25.683,25.653,25.608,25.563,25.548,25.503,25.495,25.465,25.443,25.458,25.488,25.503,25.518,25.533,25.563,25.578,25.6,25.63,25.72,25.78,25.803,26.474,27.274,28.09,28.17,28.17,28.185,28.243,28.251,28.258,28.243,28.265,28.229,28.229,28.309,28.273,28.258,28.273,28.141,28.097,28.068,27.613,25.915,25.6,25.518,25.563,25.6,25.698,25.72,25.87,25.937,26.236,26.452,26.563,26.689,26.941,26.897,27.06,27.178,27.207,27.215,27.215,27.2,27.156,27.133,27.06,27.06,26.963,26.934,26.845,26.793,26.741,26.6,26.489,26.377,26.34,26.265,26.221,26.131,26.109,26.027,26.004,25.96,25.93,25.922,25.915,25.915,25.93,25.937,25.967,26.027,26.139,26.169,26.258,26.385,26.422,26.533,26.615,26.689,26.763,27.052,27.17,27.207,27.723,28.397,28.353,28.367,28.309,28.287,28.243,27.994,26.094,25.758,25.675,25.638,25.6,25.585,25.615,25.615,25.66,25.698,25.713,25.765,25.825,25.885,26.004,26.064,26.131,26.176,26.228,26.288,26.325,26.377,26.496,26.556,26.6,26.652,26.741,26.838,26.919,26.978,27,27.119,27.185,27.252,27.259,27.252,27.274,27.274,27.222,27.244,27.266,27.259,27.266,27.237,27.222,27.193,27.148,27.089,26.971,26.934,26.771,26.712,26.674,26.615,26.578,26.518,26.459,26.444,26.34,26.273,26.28,26.236,26.213,26.131,26.027,25.945,25.922,25.84,25.81,25.773,25.773,25.765,25.877,26.325,26.926,27.2,27.303,27.465,27.524,27.576,27.62,27.635,27.686,27.671,27.613,27.524,27.399,27.348,27.399,27.318,27.17,27.015,26.993,26.941,26.949,26.889,26.86,26.808,26.778,26.734,26.719,26.682,26.667,26.63,26.615,26.585,26.533,26.511,26.489,26.474,26.466,26.459,26.422,26.399,26.228,26.28,26.303,26.139,26.139,26.124,26.109,26.146,26.169,26.169,26.213,26.236,26.228,26.303,26.489,26.57,26.615,26.674,26.689,26.845,27,27.156,27.296,27.407,27.451,27.473,27.465,27.443,27.429,27.37,27.37,27.296,27.252,27.215,27.185,27.156,27.148,27.133,27.133,27.119,27.097,27.089,27.008,26.875,26.734,26.622,26.362,26.362,26.154,26.161,25.989,25.907,25.765,25.728,25.668,25.563,25.548,25.57,25.593,25.593,25.683,25.997,27.156,27.193,27.163,27.185,26.034,25.149,25.021,24.697,24.53,24.515,24.462,24.416,24.432,24.386,24.409,24.432,24.424,24.462,24.492,24.492,24.523,24.553,24.568,24.598,24.606,24.697,24.765,24.803,24.84,24.886,24.976,25.036,25.029,25.059,25.044,25.074,25.119,25.157,25.18,25.232,25.285,25.292,25.338,25.413,25.503,25.488,25.57,25.698,25.72,25.78,25.989,26.072,26.064,26.139,26.213,26.243,26.273,26.295,26.31,26.325,26.355,26.362,26.377,26.414,26.429,26.444,26.496,26.466,26.518,26.556,26.518,26.541,26.526,26.526,26.474,26.452,26.429,26.414,26.437,26.333,26.318,26.124,26.109,25.982,26.049,25.9,25.892,25.877,25.922,25.915,25.877,25.967,25.997,26.012,26.064,26.101,26.176,26.303,26.347,26.504,26.6,26.541,26.66,26.926,26.904,27.104,27.193,27.502,27.377,28.155,28.521,28.936,28.819,28.863,28.761,28.521,28.104,27.833,27.664,27.443,26.793,26.6,26.496,26.318,25.989,26.191,25.69,25.533,25.488,25.465,25.42,25.345,25.36,25.36,25.383,25.45,25.465,25.428,25.383,25.39,25.39,25.277,24.893,24.772,24.325,24.181,23.998,23.945,23.915,23.907,23.907,23.892,23.846,23.869,23.854,23.831,23.854,23.869,23.808,23.8,23.8,23.8,23.785,23.793,23.808,23.777,23.762,23.755,23.762,23.762,23.755,23.747,23.732,23.663,23.693,23.678,23.724,23.716,23.693,23.755,23.724,23.739,23.701,23.678,23.709,23.686,23.678,23.663,23.678
,23.51,23.479,23.518,23.502,23.479,23.487,23.479,23.51,23.487,23.479,23.449,23.418,23.403,23.426,23.464,23.441,23.472,23.51,23.51,23.525,23.579,23.487,23.479,23.502,23.502,23.51,23.525,23.541,23.571,23.541,23.548,23.541,23.586,23.533,23.541,23.579,23.586,23.564,23.579,23.579,23.556,23.571,23.571,23.556,23.564,23.564,23.548,23.571,23.594,23.579,23.571,23.586,23.594,23.586,23.617,23.625,23.625,23.625,23.617,23.64,23.648,23.663,23.663,23.716,23.724,23.777,23.823,23.846,23.953,24.113,24.416,24.644,24.697,24.772,24.886,24.938,25.021,25.119,25.157,25.262,25.3,25.345,25.51,25.54,25.585,25.705,25.832,25.93,26.019,26.057,26.258,26.325,26.399,26.407,26.489,26.496,26.541,26.556,26.511,26.548,26.504,26.466,26.466,26.459,26.466,26.459,26.481,26.466,26.392,26.37,26.325,26.318,26.31,26.37,26.392,26.399,26.429,26.466,26.466,26.489,26.511,26.608,26.615,26.667,26.712,26.749,26.815,26.845,26.86,26.867,26.845,26.823,26.778,26.674,26.704,26.548,26.548,26.481,26.429,26.31,26.251,26.161,26.131,26.019,26.057,25.982,25.982,25.907,25.9,25.862,25.84,25.847,25.825,25.78,25.795,25.75,25.75,25.743,25.728,25.668,25.668,25.653,25.645,25.668,25.66,25.623,25.608,25.54,25.503,25.488,25.45,25.45,25.458,25.465,25.48,25.495,25.533,25.54,25.555,25.615,25.623,25.728,25.81,25.765,26.042,26.689,28.046,28.126,28.141,28.192,28.192,28.185,28.199,28.199,28.229,28.199,28.221,28.199,28.265,28.199,28.177,28.177,28.046,28.082,28.031,27.06,25.705,25.57,25.488,25.57,25.6,25.608,25.758,25.825,25.989,26.087,26.31,26.37,26.771,26.875,27.015,27.074,27.178,27.222,27.207,27.222,27.222,27.163,27.111,27.06,27.015,26.949,26.919,26.867,26.815,26.689,26.645,26.489,26.355,26.31,26.28,26.169,26.087,26.079,25.982,25.96,25.96,25.9,25.892,25.885,25.885,25.877,25.945,25.937,25.997,26.042,26.176,26.198,26.243,26.481,26.578,26.615,26.734,26.919,27.023,27.119,27.252,27.921,28.411,28.382,28.382,28.287,28.192,28.236,28.038,26.236,25.735,25.69,25.645,25.608,25.623,25.653,25.63,25.668,25.69,25.72,25.78,25.84,25.9,26.004,26.064,26.079,26.146,26.191,26.258,26.333,26.422,26.422,26.615,26.66,26.726,26.86,26.838,26.912,26.993,27.052,27.178,27.178,27.222,27.244,27.252,27.193,27.252,27.244,27.244,27.229,27.252,27.244,27.244,27.215,27.17,27.126,27.023,27.045,26.912,26.763,26.697,26.637,26.585,26.533,26.474,26.429,26.414,26.37,26.288,26.236,26.198,26.131,26.079,26.072,26.057,25.937,25.803,25.743,25.735,25.75,25.735,26.064,26.622,26.934,27.178,27.37,27.458,27.495,27.576,27.613,27.598,27.642,27.576,27.576,27.554,27.362,27.377,27.207,27.111,27.074,27.03,27.045,26.963,26.904,26.875,26.845,26.815,26.771,26.741,26.719,26.682,26.645,26.622,26.6,26.585,26.556,26.526,26.511,26.496,26.459,26.496,26.452,26.444,26.437,26.295,26.288,26.221,26.243,26.206,26.183,26.213,26.213,26.206,26.243,26.265,26.347,26.407,26.504,26.526,26.608,26.66,26.667,26.919,27.089,27.082,27.274,27.384,27.429,27.458,27.458,27.414,27.384,27.362,27.348,27.311,27.259,27.222,27.178,27.17,27.141,27.126,27.148,27.133,27.126,27.163,27.037,26.86,26.808,26.541,26.57,26.452,26.28,26.116,25.997,25.93,25.885,25.765,25.705,25.578,25.518,25.488,25.518,25.51,25.623,26.012,27.104,27.17,27.2,27.178,26.414,25.36,24.878,24.613,24.629,24.485,24.485,24.447,24.424,24.447,24.432,24.424,24.439,24.454,24.477,24.477,24.523,24.568,24.598,24.636,24.666,24.735,24.75,24.727,24.81,24.863,24.923,24.976,25.029,25.052,25.052,25.074,25.097,25.157,25.195,25.24,25.262,25.3,25.27,25.383,25.458,25.503,25.593,25.668,25.788,25.795,25.9,26.079,26.124,26.131,26.213,26.265,26.243,26.333,26.318,26.34,26.34,26.362,26.377,26.399,26.407,26.466,26.474,26.496,26.511,26.518,26.533,26.504,26.496,26.466,26.422,26.407,26.377,26.392,26.213,26.183,26.101,26.101,25.997,25.997,25.922,25.862,25.847,25.84,25.84,25.832,25.862,25.989,25.96,26.034,26.124,26.183,26.325,26.31,26.362,26.518,26.6,26.682,26.719,26.852,27.067,27.148,27.126,27.281,27.51,27.987,28.455,28.87,28.965,28.921,28.768,28.812,28.163,27.921,27.51,27.62,26.8,26.697,26.563,26.585,26.109,25.862,25.803,25.615,25.458,25.45,25.458,25.368,25.323,25.292,25.202,25.413,25.458,25.435,25.473,25.428,25.405,25.383,25.308,24.954,24.855,24.75,24.576,23.976,23.983,23.915,23.945,23.915,23.877,23.846,23.869,23.884,23.892,23.861,23.8,23.808,23.808,23.816,23.785,23.808,23.785,23.785,23.793,23.755,23.793,23.755,23.747,23.732,23.732,23.732,23.709,23.724,23.747,23.716,23.732,23.747,23.724,23.732,23.716,23.732,23.709,23.678,23.693,23.701,23.709
,23.502,23.472,23.502,23.487,23.487,23.487,23.479,23.456,23.51,23.456,23.472,23.433,23.41,23.441,23.464,23.495,23.51,23.51,23.502,23.556,23.502,23.571,23.525,23.472,23.533,23.502,23.564,23.533,23.556,23.548,23.541,23.525,23.586,23.548,23.571,23.579,23.579,23.586,23.586,23.586,23.564,23.571,23.564,23.556,23.564,23.564,23.564,23.586,23.579,23.586,23.602,23.617,23.625,23.655,23.632,23.648,23.609,23.609,23.625,23.625,23.663,23.693,23.716,23.755,23.77,23.846,23.808,23.938,23.922,24.257,24.591,24.75,24.787,24.855,24.969,24.916,24.961,25.134,25.18,25.262,25.36,25.45,25.473,25.57,25.653,25.698,25.788,25.81,25.989,26.176,26.176,26.258,26.333,26.452,26.489,26.511,26.518,26.526,26.496,26.511,26.444,26.459,26.452,26.444,26.437,26.429,26.429,26.414,26.362,26.37,26.31,26.325,26.295,26.318,26.34,26.37,26.399,26.422,26.444,26.526,26.481,26.556,26.63,26.637,26.704,26.749,26.786,26.786,26.793,26.815,26.741,26.771,26.726,26.697,26.637,26.511,26.459,26.392,26.325,26.243,26.183,26.176,26.079,26.072,25.945,25.982,25.885,25.885,25.855,25.855,25.847,25.81,25.773,25.765,25.728,25.728,25.728,25.675,25.69,25.668,25.63,25.623,25.623,25.63,25.63,25.608,25.563,25.51,25.48,25.45,25.443,25.435,25.458,25.45,25.473,25.51,25.54,25.563,25.6,25.653,25.638,25.72,25.728,25.84,26.019,27.097,28.06,28.09,28.097,28.126,28.148,28.163,28.17,28.185,28.185,28.177,28.155,28.148,28.148,28.126,28.104,28.104,28.038,28.097,27.965,26.474,25.6,25.518,25.495,25.495,25.525,25.645,25.72,25.825,25.982,26.161,26.541,26.593,26.786,26.926,27.008,27.074,27.156,27.215,27.215,27.229,27.193,27.163,27.119,27.052,26.956,26.919,26.875,26.823,26.6,26.608,26.556,26.399,26.414,26.325,26.265,26.213,26.109,26.034,25.96,25.907,25.915,25.877,25.847,25.855,25.84,25.885,25.9,25.96,25.989,26.064,26.176,26.243,26.206,26.444,26.511,26.541,26.778,26.793,27.008,27.097,27.443,28.119,28.367,28.411,28.353,28.331,28.258,28.236,27.936,26.333,25.832,25.653,25.645,25.608,25.6,25.615,25.63,25.63,25.668,25.728,25.765,25.84,25.87,25.989,26.027,26.079,26.124,26.161,26.28,26.392,26.437,26.481,26.585,26.593,26.704,26.845,26.838,26.912,26.963,27.037,27.097,27.156,27.222,27.222,27.2,27.237,27.185,27.207,27.229,27.237,27.229,27.229,27.215,27.185,27.111,27.074,27.067,26.897,26.778,26.697,26.63,26.563,26.533,26.504,26.407,26.422,26.34,26.28,26.191,26.161,26.146,26.101,26.057,25.937,25.915,25.81,25.75,25.713,25.713,25.735,25.937,26.511,26.608,27.03,27.289,27.348,27.407,27.51,27.576,27.546,27.532,27.598,27.546,27.495,27.303,27.244,27.185,27.111,27.133,27.015,26.934,26.919,26.926,26.897,26.867,26.83,26.793,26.771,26.749,26.712,26.682,26.645,26.63,26.608,26.593,26.563,26.6,26.57,26.548,26.6,26.541,26.541,26.548,26.444,26.362,26.28,26.31,26.265,26.251,26.28,26.228,26.258,26.258,26.288,26.318,26.377,26.392,26.489,26.57,26.608,26.674,26.749,26.815,26.852,27.06,27.148,27.348,27.414,27.429,27.407,27.392,27.377,27.348,27.34,27.296,27.266,27.222,27.178,27.178,27.148,27.133,27.126,27.119,27.126,27.067,27.067,26.993,26.689,26.622,26.615,26.325,26.228,26.101,25.997,25.885,25.818,25.668,25.608,25.548,25.503,25.495,25.51,25.525,25.66,25.668,26.778,27.148,27.089,27.17,27.082,25.518,24.976,24.765,24.568,24.53,24.523,24.454,24.424,24.416,24.409,24.401,24.424,24.447,24.462,24.515,24.507,24.515,24.576,24.553,24.576,24.682,24.712,24.75,24.795,24.871,24.916,24.931,24.969,24.999,25.021,25.074,25.104,25.149,25.195,25.232,25.255,25.247,25.292,25.285,25.375,25.398,25.638,25.675,25.72,25.773,25.922,26.027,26.116,26.169,26.183,26.198,26.303,26.318,26.31,26.325,26.31,26.355,26.362,26.37,26.407,26.422,26.481,26.489,26.496,26.489,26.511,26.481,26.489,26.437,26.392,26.37,26.303,26.295,26.206,26.183,26.057,26.012,25.93,25.922,25.862,25.803,25.84,25.803,25.81,25.855,25.885,25.855,25.982,26.064,26.139,26.161,26.228,26.31,26.615,26.682,26.712,26.741,26.726,26.875,27.015,27.126,27.259,27.436,27.561,27.833,28.273,28.812,28.95,28.863,28.659,28.79,28.258,28.148,27.826,27.222,27.222,26.771,26.593,26.154,26.019,25.81,25.795,25.638,25.495,25.45,25.39,25.24,25.232,25.232,25.247,25.262,25.398,25.39,25.465,25.465,25.42,25.458,25.368,25.262,25.187,25.006,24.651,24.021,24.014,23.991,23.915,23.953,23.907,23.899,23.869,23.869,23.892,23.823,23.869,23.823,23.816,23.808,23.808,23.793,23.793,23.777,23.793,23.747,23.732,23.777,23.77,23.777,23.693,23.747,23.755,23.732,23.755,23.755,23.755,23.739,23.747,23.732,23.755,23.709,23.686,23.709,23.693,23.678,23.709
,23.495,23.518,23.495,23.472,23.472,23.449,23.479,23.464,23.449,23.456,23.472,23.433,23.441,23.456,23.487,23.502,23.495,23.479,23.533,23.533,23.548,23.564,23.564,23.541,23.541,23.571,23.518,23.518,23.548,23.594,23.571,23.556,23.541,23.556,23.625,23.586,23.579,23.579,23.594,23.602,23.594,23.564,23.571,23.571,23.571,23.564,23.571,23.586,23.594,23.594,23.617,23.617,23.632,23.655,23.632,23.64,23.625,23.602,23.625,23.632,23.64,23.693,23.739,23.77,23.777,23.823,23.899,24.044,24.249,24.538,24.735,24.795,24.855,24.901,24.946,25.021,25.036,25.134,25.021,25.217,25.292,25.405,25.48,25.548,25.653,25.713,25.765,25.803,26.079,26.109,26.213,26.273,26.362,26.429,26.504,26.496,26.496,26.496,26.459,26.459,26.444,26.399,26.414,26.444,26.429,26.407,26.407,26.333,26.31,26.318,26.295,26.265,26.28,26.318,26.318,26.347,26.362,26.414,26.399,26.444,26.533,26.563,26.6,26.615,26.674,26.712,26.778,26.793,26.778,26.763,26.763,26.704,26.674,26.637,26.556,26.466,26.399,26.362,26.273,26.236,26.124,26.109,26.027,25.982,25.96,25.915,25.87,25.877,25.832,25.832,25.788,25.78,25.75,25.743,25.72,25.705,25.69,25.653,25.645,25.623,25.6,25.593,25.6,25.6,25.578,25.555,25.503,25.503,25.458,25.428,25.413,25.428,25.428,25.458,25.443,25.495,25.51,25.57,25.66,25.698,25.683,25.788,25.818,25.84,26.325,27.686,28.024,28.024,28.068,28.06,28.075,28.097,28.155,28.134,28.112,28.134,28.119,28.119,28.104,28.09,28.082,28.053,28.038,28.002,27.906,26.303,25.495,25.458,25.488,25.548,25.63,25.713,25.75,25.862,25.967,26.355,26.355,26.652,26.749,26.986,27.015,27.067,27.163,27.244,27.237,27.229,27.185,27.17,27.097,27.03,27.097,26.926,26.875,26.83,26.786,26.652,26.474,26.437,26.355,26.265,26.251,26.176,26.094,25.952,25.952,25.87,25.84,25.832,25.825,25.825,25.832,25.847,25.885,25.952,25.967,25.989,26.169,26.288,26.31,26.407,26.578,26.6,26.667,26.934,26.934,27.052,27.296,27.943,28.419,28.404,28.338,28.302,28.243,28.221,28.148,26.355,25.855,25.675,25.645,25.6,25.623,25.6,25.608,25.63,25.668,25.705,25.78,25.81,25.862,25.885,25.967,26.019,26.079,26.139,26.325,26.399,26.466,26.526,26.563,26.682,26.674,26.756,26.845,26.919,26.971,26.993,27.111,27.148,27.148,27.2,27.185,27.2,27.17,27.193,27.2,27.222,27.207,27.215,27.185,27.17,27.119,27.023,26.986,26.875,26.756,26.674,26.563,26.556,26.504,26.437,26.407,26.333,26.273,26.206,26.116,26.116,26.049,25.967,26.004,25.967,25.832,25.728,25.72,25.728,25.653,25.72,25.967,26.823,26.897,27.266,27.281,27.348,27.421,27.429,27.488,27.48,27.48,27.495,27.318,27.296,27.229,27.148,27.111,27.023,27.037,26.904,26.889,26.889,26.86,26.852,26.83,26.823,26.8,26.786,26.741,26.726,26.704,26.66,26.637,26.622,26.615,26.6,26.615,26.615,26.622,26.593,26.585,26.615,26.563,26.496,26.414,26.377,26.333,26.295,26.265,26.295,26.28,26.258,26.303,26.347,26.34,26.377,26.407,26.459,26.541,26.622,26.608,26.645,26.793,26.926,27.06,27.259,27.362,27.377,27.37,27.384,27.37,27.348,27.296,27.303,27.281,27.259,27.237,27.185,27.163,27.133,27.126,27.119,27.111,27.141,27.089,27,26.867,26.852,26.682,26.622,26.444,26.295,26.079,25.982,25.885,25.847,25.69,25.608,25.548,25.51,25.495,25.51,25.488,25.525,25.608,26.63,27.133,27.163,27.163,27.052,25.743,25.006,24.757,24.56,24.636,24.545,24.485,24.47,24.439,24.409,24.424,24.439,24.439,24.447,24.454,24.492,24.53,24.507,24.545,24.553,24.629,24.674,24.674,24.795,24.803,24.901,24.878,24.969,25.006,25.044,25.082,25.082,25.089,25.195,25.165,25.195,25.24,25.255,25.27,25.345,25.473,25.54,25.638,25.713,25.705,25.9,25.922,26.087,26.161,26.243,26.251,26.258,26.31,26.31,26.28,26.318,26.295,26.34,26.347,26.362,26.414,26.459,26.474,26.459,26.466,26.466,26.437,26.407,26.392,26.347,26.288,26.265,26.213,26.176,26.079,25.96,25.93,25.832,25.832,25.78,25.773,25.78,25.758,25.765,25.803,25.81,25.915,26.057,26.087,26.198,26.236,26.34,26.511,26.57,26.697,26.763,26.852,26.875,26.83,27.023,27.266,27.229,27.517,27.554,27.906,28.068,28.674,28.957,28.885,28.797,28.747,28.17,28.141,27.473,27.252,27.037,26.674,26.593,26.28,26.019,25.877,25.795,25.638,25.465,25.36,25.345,25.247,25.187,25.157,25.157,25.24,25.285,25.308,25.45,25.473,25.443,25.428,25.405,25.345,25.3,25.165,24.991,24.621,24.424,24.105,24.044,23.976,23.938,23.922,23.907,23.869,23.854,23.838,23.816,23.816,23.808,23.823,23.793,23.808,23.739,23.823,23.762,23.701,23.793,23.762,23.77,23.747,23.747,23.716,23.755,23.724,23.755,23.747,23.732,23.732,23.732,23.724,23.724,23.686,23.693,23.693,23.693,23.709,23.701
,23.441,23.464,23.464,23.472,23.464,23.456,23.449,23.472,23.426,23.472,23.456,23.456,23.456,23.479,23.433,23.502,23.51,23.495,23.479,23.51,23.571,23.586,23.525,23.541,23.525,23.456,23.51,23.51,23.495,23.525,23.525,23.541,23.533,23.541,23.564,23.586,23.571,23.594,23.602,23.579,23.594,23.579,23.579,23.556,23.541,23.586,23.586,23.564,23.617,23.609,23.617,23.602,23.609,23.648,23.625,23.64,23.632,23.571,23.632,23.586,23.663,23.724,23.755,23.8,23.838,23.93,24.014,24.265,24.523,24.629,24.735,24.742,24.871,24.893,24.961,25.089,25.089,25.059,25.232,25.262,25.33,25.405,25.443,25.563,25.638,25.698,25.743,25.847,26.027,26.101,26.183,26.198,26.288,26.362,26.466,26.489,26.466,26.459,26.377,26.437,26.385,26.385,26.385,26.377,26.414,26.399,26.362,26.333,26.318,26.295,26.303,26.303,26.295,26.318,26.303,26.34,26.37,26.362,26.392,26.489,26.518,26.474,26.518,26.615,26.622,26.66,26.734,26.763,26.756,26.756,26.682,26.637,26.608,26.556,26.533,26.437,26.295,26.325,26.213,26.176,26.057,26.012,25.989,25.967,25.96,25.93,25.825,25.818,25.803,25.788,25.78,25.773,25.758,25.705,25.713,25.675,25.683,25.638,25.608,25.6,25.57,25.548,25.555,25.51,25.525,25.503,25.48,25.45,25.435,25.42,25.428,25.435,25.458,25.45,25.48,25.51,25.518,25.563,25.66,25.683,25.743,25.818,25.847,26.176,26.845,27.826,28.009,27.994,28.002,28.046,28.031,28.046,28.06,28.053,28.075,28.068,28.068,28.068,28.053,28.06,28.068,28.031,28.016,27.921,27.561,25.758,25.428,25.443,25.465,25.548,25.548,25.69,25.788,25.952,26.034,26.176,26.437,26.63,26.682,26.926,27.023,27.17,27.207,27.237,27.244,27.237,27.193,27.156,27.097,27.045,26.978,26.904,26.867,26.815,26.719,26.511,26.474,26.474,26.347,26.265,26.228,26.139,26.019,25.952,25.87,25.855,25.81,25.818,25.788,25.803,25.81,25.84,25.87,25.915,25.945,26.087,26.161,26.228,26.318,26.399,26.466,26.615,26.734,26.926,27.008,27.119,27.421,28.265,28.404,28.397,28.331,28.338,28.294,28.243,28.185,26.444,25.765,25.623,25.638,25.585,25.57,25.578,25.6,25.615,25.653,25.705,25.735,25.818,25.862,25.862,25.982,26.027,26.027,26.087,26.198,26.325,26.481,26.526,26.593,26.637,26.667,26.749,26.823,26.83,26.934,26.956,27.037,27.089,27.111,27.133,27.111,27.148,27.156,27.17,27.207,27.2,27.207,27.2,27.17,27.156,27.06,27.052,26.926,26.845,26.712,26.563,26.511,26.474,26.474,26.399,26.362,26.303,26.183,26.161,26.072,26.012,25.982,25.847,25.855,25.795,25.728,25.72,25.675,25.653,25.638,25.803,26.146,26.904,27.097,27.074,27.289,27.333,27.392,27.318,27.333,27.362,27.348,27.355,27.259,27.17,27.148,27.06,27.008,27.037,27.015,26.867,26.882,26.86,26.86,26.838,26.845,26.8,26.786,26.771,26.734,26.726,26.697,26.667,26.645,26.63,26.63,26.622,26.63,26.63,26.63,26.652,26.63,26.645,26.548,26.504,26.526,26.392,26.399,26.355,26.325,26.325,26.318,26.333,26.347,26.37,26.377,26.377,26.414,26.452,26.459,26.578,26.645,26.667,26.83,26.919,27.015,27.178,27.318,27.34,27.318,27.325,27.289,27.266,27.281,27.281,27.274,27.252,27.229,27.185,27.148,27.133,27.119,27.104,27.133,27.067,27.03,26.978,26.949,26.8,26.615,26.541,26.459,26.318,26.124,26.109,26.087,25.818,25.668,25.585,25.525,25.495,25.473,25.48,25.503,25.57,25.705,26.206,27.067,27.163,27.082,27.185,26.719,25.3,24.923,24.666,24.636,24.568,24.485,24.447,24.409,24.401,24.409,24.416,24.416,24.432,24.439,24.492,24.454,24.492,24.507,24.515,24.553,24.682,24.659,24.712,24.78,24.833,24.923,24.969,24.961,24.961,25.036,25.067,25.104,25.074,25.089,25.172,25.195,25.232,25.24,25.353,25.443,25.495,25.578,25.63,25.683,25.818,25.937,25.96,26.101,26.213,26.183,26.221,26.288,26.273,26.295,26.295,26.31,26.295,26.34,26.362,26.392,26.414,26.452,26.444,26.414,26.414,26.355,26.347,26.37,26.325,26.273,26.236,26.154,26.079,25.937,25.877,25.862,25.832,25.795,25.72,25.743,25.795,25.773,25.788,25.81,25.795,25.952,25.952,26.198,26.198,26.288,26.34,26.526,26.6,26.734,26.749,26.786,27.008,26.993,26.949,27.148,27.392,27.274,27.554,27.767,28.265,28.521,28.761,28.783,28.637,28.543,28.214,28.155,27.928,27.694,27.148,26.57,26.704,26.444,26.042,26.161,25.825,25.675,25.413,25.36,25.285,25.225,25.157,25.142,25.18,25.127,25.172,25.39,25.435,25.42,25.45,25.458,25.413,25.368,25.262,25.195,25.24,25.014,24.742,24.181,24.075,24.014,23.938,23.922,23.915,23.884,23.861,23.823,23.816,23.808,23.8,23.808,23.808,23.838,23.838,23.747,23.785,23.755,23.8,23.701,23.671,23.686,23.716,23.755,23.739,23.755,23.762,23.755,23.755,23.732,23.724,23.724,23.701,23.693,23.693,23.693,23.693,23.693,23.678
,23.433,23.449,23.464,23.449,23.456,23.433,23.418,23.441,23.456,23.472,23.472,23.426,23.472,23.487,23.479,23.472,23.487,23.51,23.525,23.525,23.525,23.541,23.541,23.556,23.541,23.502,23.533,23.502,23.495,23.51,23.541,23.548,23.525,23.533,23.548,23.556,23.556,23.586,23.579,23.579,23.579,23.571,23.579,23.579,23.602,23.556,23.571,23.579,23.594,23.625,23.632,23.617,23.602,23.64,23.586,23.564,23.632,23.625,23.556,23.602,23.663,23.724,23.762,23.861,23.854,23.892,23.953,24.394,24.553,24.651,24.757,24.795,24.765,24.878,24.984,25.036,25.112,25.187,25.247,25.262,25.315,25.428,25.428,25.593,25.615,25.683,25.75,25.84,25.967,25.982,26.109,26.206,26.243,26.399,26.452,26.452,26.429,26.377,26.385,26.362,26.385,26.31,26.392,26.392,26.392,26.37,26.333,26.303,26.31,26.31,26.288,26.31,26.303,26.318,26.333,26.34,26.355,26.392,26.392,26.407,26.474,26.459,26.489,26.496,26.593,26.697,26.712,26.734,26.719,26.697,26.667,26.637,26.615,26.548,26.496,26.377,26.34,26.243,26.161,26.124,26.004,26.019,25.989,25.967,25.9,25.847,25.855,25.81,25.765,25.773,25.765,25.735,25.735,25.713,25.69,25.638,25.623,25.615,25.593,25.585,25.563,25.51,25.503,25.48,25.458,25.45,25.413,25.42,25.458,25.443,25.435,25.458,25.443,25.473,25.488,25.503,25.57,25.615,25.638,25.735,25.788,25.87,25.862,26.221,26.986,27.833,27.965,27.95,27.965,28.002,27.98,28.024,28.002,27.987,28.038,28.046,28.016,28.031,28.031,28.031,28.002,28.009,28.002,27.95,26.978,25.48,25.435,25.443,25.48,25.555,25.57,25.743,25.788,25.885,26.034,26.258,26.407,26.719,26.808,26.978,27.06,27.185,27.229,27.244,27.252,27.222,27.178,27.111,27.082,27.052,27,26.889,26.852,26.778,26.682,26.556,26.474,26.37,26.318,26.236,26.131,26.087,26.049,25.922,25.847,25.847,25.803,25.78,25.78,25.803,25.803,25.84,25.862,25.922,25.945,26.034,26.131,26.243,26.28,26.355,26.429,26.533,26.712,26.838,27.015,27.111,27.355,28.273,28.389,28.455,28.353,28.309,28.309,28.265,28.185,26.645,25.855,25.638,25.585,25.548,25.555,25.57,25.585,25.608,25.63,25.675,25.713,25.773,25.84,25.862,25.945,25.982,26.049,26.169,26.191,26.37,26.466,26.526,26.585,26.63,26.704,26.756,26.793,26.845,26.963,26.986,27.06,27.03,27.097,27.097,27.111,27.126,27.156,27.156,27.185,27.207,27.215,27.185,27.126,27.097,27.097,26.956,26.882,26.8,26.6,26.511,26.474,26.459,26.414,26.377,26.318,26.221,26.206,26.101,25.989,25.989,25.975,25.915,25.832,25.773,25.735,25.69,25.69,25.683,25.683,25.855,26.593,26.889,27.097,27.163,27.229,27.318,27.325,27.34,27.348,27.348,27.303,27.244,27.163,27.119,27.097,27.067,26.986,26.934,26.904,26.926,26.852,26.83,26.815,26.815,26.8,26.786,26.763,26.763,26.734,26.734,26.734,26.689,26.689,26.674,26.667,26.652,26.682,26.674,26.704,26.667,26.66,26.697,26.645,26.563,26.489,26.452,26.429,26.407,26.377,26.377,26.385,26.377,26.392,26.399,26.399,26.407,26.407,26.437,26.459,26.474,26.578,26.674,26.645,26.993,27.089,27.281,27.185,27.325,27.311,27.266,27.252,27.252,27.259,27.244,27.259,27.252,27.237,27.2,27.156,27.156,27.133,27.133,27.126,27.074,27.008,26.986,26.934,26.875,26.756,26.518,26.422,26.347,26.064,26.057,26.042,25.937,25.69,25.585,25.533,25.503,25.473,25.465,25.488,25.533,25.555,25.593,26.912,27.274,27.274,27.082,26.889,25.488,24.954,24.719,24.621,24.568,24.477,24.462,24.454,24.409,24.409,24.394,24.394,24.424,24.409,24.439,24.462,24.477,24.492,24.515,24.576,24.629,24.674,24.674,24.727,24.757,24.825,24.863,24.916,24.969,25.006,25.059,25.021,25.074,25.082,25.157,25.187,25.217,25.232,25.375,25.39,25.45,25.6,25.638,25.668,25.69,25.743,25.9,25.982,26.064,26.169,26.176,26.251,26.258,26.28,26.273,26.288,26.295,26.303,26.362,26.392,26.385,26.414,26.377,26.37,26.407,26.325,26.295,26.325,26.28,26.221,26.183,26.064,26.064,26.004,25.832,25.803,25.795,25.735,25.758,25.735,25.75,25.728,25.728,25.803,25.87,25.945,26.004,26.183,26.28,26.295,26.399,26.726,26.823,26.882,26.904,26.993,27.008,26.963,27.2,27.281,27.384,27.539,27.811,27.657,28.119,28.63,28.696,28.725,28.717,28.674,28.207,28.104,27.789,27.488,26.934,27.067,26.437,26.37,26.161,25.9,25.66,25.72,25.443,25.353,25.232,25.225,25.195,25.142,25.149,25.149,25.157,25.202,25.42,25.39,25.48,25.45,25.413,25.413,25.323,25.375,25.195,25.059,24.999,24.893,24.47,24.12,23.953,23.938,23.915,23.854,23.854,23.838,23.808,23.808,23.8,23.816,23.8,23.8,23.8,23.777,23.739,23.739,23.755,23.838,23.777,23.709,23.785,23.785,23.793,23.777,23.747,23.777,23.762,23.747,23.724,23.732,23.709,23.671,23.686,23.678,23.693,23.655,23.602
,23.41,23.456,23.449,23.456,23.456,23.433,23.433,23.418,23.426,23.472,23.464,23.487,23.464,23.479,23.502,23.495,23.487,23.518,23.51,23.533,23.51,23.533,23.541,23.525,23.533,23.518,23.487,23.525,23.548,23.502,23.525,23.495,23.541,23.525,23.533,23.556,23.548,23.564,23.548,23.548,23.571,23.586,23.586,23.594,23.564,23.579,23.579,23.594,23.594,23.602,23.617,23.617,23.609,23.625,23.609,23.632,23.594,23.632,23.632,23.64,23.686,23.755,23.823,23.884,23.976,24.242,24.401,24.576,24.591,24.651,24.689,24.78,24.833,24.923,25.104,25.052,25.165,25.21,25.225,25.27,25.33,25.39,25.473,25.555,25.608,25.675,25.75,25.847,25.96,26.064,26.183,26.206,26.295,26.399,26.385,26.385,26.414,26.362,26.355,26.318,26.318,26.362,26.347,26.377,26.37,26.333,26.31,26.325,26.28,26.295,26.31,26.318,26.333,26.333,26.355,26.347,26.34,26.355,26.37,26.385,26.422,26.474,26.474,26.526,26.459,26.645,26.682,26.697,26.712,26.689,26.645,26.6,26.57,26.526,26.452,26.407,26.295,26.206,26.131,26.004,26.012,25.989,25.922,25.87,25.847,25.84,25.825,25.788,25.75,25.75,25.75,25.713,25.72,25.728,25.698,25.66,25.608,25.6,25.578,25.548,25.503,25.51,25.473,25.435,25.428,25.435,25.413,25.428,25.45,25.465,25.465,25.45,25.465,25.465,25.488,25.518,25.54,25.563,25.675,25.818,25.855,25.862,25.9,26.771,27.716,27.826,27.796,27.811,27.877,27.884,27.936,27.958,27.943,27.906,27.987,27.987,27.972,27.98,27.958,27.994,28.016,28.046,28.009,27.826,26.8,25.465,25.443,25.45,25.45,25.555,25.698,25.758,25.78,25.922,25.952,26.28,26.377,26.541,26.771,27,27.067,27.193,27.229,27.229,27.266,27.185,27.185,27.148,27.067,27.104,27.037,26.941,26.86,26.756,26.615,26.489,26.504,26.377,26.288,26.198,26.109,26.146,25.937,25.9,25.87,25.81,25.78,25.758,25.765,25.758,25.795,25.84,25.847,25.907,25.937,26.034,26.079,26.206,26.333,26.362,26.422,26.489,26.741,26.823,27.008,27.193,27.392,28.346,28.47,28.375,28.419,28.367,28.294,28.316,28.207,26.63,25.683,25.585,25.548,25.548,25.548,25.57,25.563,25.608,25.623,25.66,25.698,25.705,25.788,25.818,25.907,25.989,26.012,26.124,26.221,26.347,26.429,26.504,26.548,26.645,26.712,26.8,26.8,26.934,26.926,26.963,27,27,27.06,27.089,27.089,27.119,27.141,27.156,27.185,27.207,27.185,27.163,27.148,27.089,27.037,27.008,26.838,26.719,26.511,26.496,26.444,26.399,26.377,26.347,26.213,26.213,26.146,26.057,25.982,25.975,25.907,25.788,25.728,25.728,25.698,25.675,25.683,25.698,25.69,26.28,26.615,27.015,27.104,27.156,27.17,27.318,27.325,27.289,27.311,27.281,27.229,27.222,27.163,27.089,27.023,26.993,26.941,26.897,26.875,26.86,26.815,26.815,26.8,26.793,26.8,26.786,26.771,26.763,26.749,26.734,26.726,26.726,26.719,26.771,26.712,26.734,26.726,26.712,26.741,26.771,26.734,26.682,26.689,26.645,26.533,26.504,26.459,26.444,26.414,26.399,26.385,26.392,26.385,26.399,26.399,26.399,26.414,26.437,26.459,26.504,26.556,26.652,26.778,26.786,26.971,27.141,27.289,27.303,27.289,27.266,27.2,27.207,27.222,27.222,27.229,27.244,27.207,27.185,27.156,27.148,27.133,27.133,27.119,27.067,27.037,26.971,26.926,26.875,26.763,26.622,26.578,26.318,26.198,26.116,25.892,25.818,25.728,25.615,25.51,25.495,25.45,25.45,25.465,25.51,25.578,25.563,26.466,27.163,27.111,27.141,27.178,25.937,24.908,24.772,24.689,24.568,24.485,24.47,24.424,24.409,24.386,24.394,24.348,24.409,24.416,24.424,24.462,24.485,24.47,24.545,24.538,24.621,24.629,24.666,24.697,24.772,24.81,24.871,24.908,24.938,24.938,24.991,25.029,25.074,25.074,25.127,25.134,25.18,25.27,25.308,25.345,25.42,25.45,25.608,25.638,25.638,25.825,25.945,25.96,26.087,26.101,26.176,26.124,26.206,26.251,26.243,26.273,26.288,26.295,26.295,26.362,26.37,26.392,26.362,26.325,26.325,26.273,26.295,26.258,26.258,26.169,26.116,26.109,25.945,25.967,25.855,25.78,25.758,25.735,25.713,25.713,25.675,25.72,25.765,25.818,25.847,25.982,26.124,26.198,26.288,26.407,26.578,26.712,26.845,26.897,26.971,27.023,27.089,27.2,27.266,27.266,27.348,27.598,27.642,27.914,28.163,28.448,28.696,28.696,28.666,28.433,28.207,28.192,27.789,27.259,27.03,26.689,26.489,26.34,26.101,25.818,25.69,25.6,25.375,25.338,25.308,25.21,25.18,25.157,25.134,25.157,25.149,25.225,25.285,25.428,25.42,25.473,25.458,25.473,25.39,25.465,25.202,25.292,25.097,25.134,24.644,24.265,24.075,23.983,23.953,23.915,23.884,23.831,23.838,23.808,23.808,23.808,23.823,23.823,23.8,23.793,23.8,23.8,23.8,23.838,23.77,23.808,23.762,23.785,23.8,23.755,23.762,23.732,23.732,23.755,23.755,23.724,23.701,23.709,23.693,23.686,23.693,23.678,23.671
,23.433,23.449,23.449,23.464,23.441,23.433,23.433,23.449,23.441,23.456,23.472,23.472,23.464,23.472,23.449,23.464,23.487,23.51,23.495,23.502,23.502,23.533,23.502,23.525,23.525,23.502,23.502,23.518,23.518,23.51,23.518,23.525,23.533,23.51,23.525,23.518,23.541,23.541,23.541,23.556,23.579,23.564,23.556,23.586,23.602,23.617,23.602,23.617,23.586,23.609,23.609,23.617,23.609,23.625,23.655,23.602,23.579,23.655,23.602,23.617,23.678,23.892,23.907,24.037,24.439,24.409,24.53,24.621,24.576,24.666,24.772,24.848,24.908,24.916,24.999,25.052,25.172,25.225,25.247,25.27,25.33,25.405,25.488,25.503,25.57,25.63,25.743,25.847,25.967,26.012,26.161,26.265,26.265,26.295,26.407,26.355,26.355,26.303,26.288,26.303,26.28,26.333,26.325,26.347,26.34,26.333,26.333,26.34,26.333,26.333,26.347,26.347,26.362,26.34,26.362,26.355,26.34,26.355,26.347,26.362,26.258,26.303,26.392,26.474,26.511,26.615,26.593,26.689,26.704,26.674,26.63,26.57,26.556,26.504,26.444,26.362,26.251,26.124,26.079,26.027,25.967,25.93,25.945,25.862,25.81,25.825,25.773,25.75,25.735,25.713,25.713,25.713,25.683,25.675,25.653,25.6,25.6,25.555,25.57,25.54,25.465,25.458,25.458,25.42,25.42,25.42,25.428,25.473,25.488,25.495,25.458,25.495,25.488,25.51,25.525,25.533,25.57,25.66,25.675,25.803,25.9,25.915,25.989,26.941,27.686,27.767,27.76,27.804,27.796,27.899,27.826,27.892,27.914,27.862,27.921,27.921,27.921,27.892,27.921,27.928,27.84,27.95,27.862,27.488,25.825,25.45,25.435,25.48,25.503,25.555,25.653,25.728,25.847,25.892,26.034,26.422,26.429,26.763,26.793,26.956,27.126,27.2,27.207,27.237,27.207,27.2,27.185,27.104,27.067,27.037,27.023,26.941,26.845,26.682,26.563,26.481,26.429,26.347,26.295,26.295,26.094,26.027,25.96,25.855,25.847,25.795,25.743,25.72,25.735,25.765,25.788,25.818,25.862,25.892,25.922,25.989,26.064,26.146,26.258,26.37,26.429,26.533,26.682,26.838,26.963,27.215,27.421,28.382,28.484,28.492,28.404,28.338,28.375,28.273,28.163,26.548,25.765,25.57,25.525,25.518,25.54,25.525,25.563,25.6,25.615,25.645,25.675,25.728,25.758,25.803,25.795,25.982,25.982,26.072,26.198,26.303,26.251,26.437,26.578,26.682,26.719,26.778,26.845,26.882,26.926,26.963,26.963,26.971,27.06,27.03,27.074,27.111,27.119,27.163,27.185,27.178,27.178,27.185,27.111,27.133,27.052,26.949,26.771,26.674,26.496,26.377,26.429,26.333,26.362,26.34,26.198,26.139,26.109,26.027,25.967,25.892,25.803,25.758,25.735,25.713,25.713,25.705,25.758,25.72,25.698,26.526,26.875,26.993,27.097,27.141,27.207,27.2,27.237,27.281,27.244,27.2,27.178,27.178,27.104,27.015,26.978,26.949,26.912,26.867,26.852,26.83,26.808,26.793,26.793,26.786,26.786,26.786,26.778,26.8,26.778,26.8,26.808,26.793,26.786,26.741,26.763,26.756,26.734,26.8,26.793,26.749,26.763,26.749,26.704,26.622,26.622,26.526,26.504,26.459,26.414,26.392,26.392,26.385,26.399,26.392,26.37,26.392,26.407,26.429,26.474,26.518,26.615,26.63,26.667,26.756,27,27.111,27.244,27.229,27.259,27.2,27.215,27.215,27.229,27.237,27.237,27.207,27.229,27.185,27.156,27.141,27.133,27.126,27.111,27.067,27.023,27.015,26.926,26.852,26.689,26.585,26.622,26.28,26.154,26.027,25.892,25.773,25.645,25.653,25.495,25.458,25.413,25.435,25.413,25.435,25.465,25.615,26.034,27.06,27.06,27.067,27.052,25.967,25.525,24.886,24.757,24.697,24.477,24.454,24.416,24.394,24.341,24.363,24.333,24.333,24.424,24.416,24.47,24.462,24.507,24.47,24.553,24.583,24.591,24.644,24.704,24.75,24.757,24.863,24.938,24.901,24.923,24.961,25.006,25.021,25.044,25.104,25.097,25.142,25.27,25.262,25.368,25.398,25.465,25.503,25.63,25.615,25.81,25.773,25.84,26.064,26.012,26.101,26.139,26.176,26.198,26.236,26.243,26.28,26.295,26.355,26.34,26.347,26.37,26.318,26.273,26.295,26.243,26.243,26.183,26.198,26.109,26.087,26.019,25.952,25.885,25.818,25.803,25.743,25.72,25.735,25.653,25.66,25.705,25.773,25.75,25.915,26.057,26.131,26.236,26.385,26.645,26.838,26.949,26.934,27.023,27.111,27.119,27.156,27.229,27.207,27.274,27.458,27.613,27.855,28.009,27.987,28.557,28.63,28.659,28.506,28.492,28.192,28.134,27.517,27.362,27.111,26.689,26.756,26.437,26.027,25.84,25.81,25.66,25.57,25.308,25.27,25.18,25.142,25.134,25.134,25.119,25.112,25.232,25.33,25.345,25.435,25.473,25.503,25.458,25.473,25.503,25.435,25.232,25.165,25.308,24.961,24.689,24.113,24.052,24.029,23.983,23.899,23.93,23.823,23.831,23.838,23.816,23.854,23.846,23.816,23.747,23.816,23.755,23.823,23.816,23.846,23.808,23.823,23.785,23.808,23.793,23.8,23.785,23.8,23.762,23.762,23.739,23.724,23.709,23.693,23.686,23.632,23.686,23.648
,23.472,23.456,23.472,23.464,23.441,23.433,23.433,23.426,23.433,23.449,23.456,23.456,23.464,23.449,23.464,23.479,23.502,23.51,23.51,23.525,23.518,23.518,23.502,23.518,23.479,23.487,23.518,23.541,23.518,23.564,23.525,23.541,23.518,23.518,23.51,23.525,23.525,23.533,23.518,23.541,23.548,23.579,23.556,23.594,23.617,23.594,23.594,23.602,23.609,23.617,23.617,23.632,23.609,23.625,23.671,23.655,23.671,23.625,23.64,23.602,23.739,23.938,24.029,24.12,24.386,24.477,24.568,24.651,24.674,24.742,24.78,24.84,24.893,24.931,24.984,24.999,25.18,25.195,25.195,25.277,25.338,25.428,25.473,25.525,25.54,25.615,25.832,25.87,25.93,26.057,26.109,26.236,26.265,26.318,26.318,26.318,26.295,26.273,26.28,26.265,26.288,26.288,26.288,26.303,26.362,26.362,26.31,26.34,26.355,26.362,26.377,26.37,26.385,26.37,26.37,26.34,26.318,26.318,26.243,26.258,26.228,26.303,26.325,26.429,26.481,26.57,26.645,26.682,26.697,26.689,26.637,26.57,26.511,26.444,26.347,26.176,26.079,26.116,26.019,26.004,25.967,25.922,25.84,25.81,25.78,25.765,25.743,25.728,25.683,25.72,25.705,25.675,25.653,25.638,25.593,25.563,25.533,25.525,25.525,25.473,25.518,25.45,25.435,25.428,25.413,25.428,25.435,25.48,25.48,25.48,25.495,25.495,25.518,25.503,25.518,25.563,25.563,25.608,25.638,25.743,25.892,26.027,26.064,27.576,27.649,27.701,27.752,27.738,27.767,27.782,27.774,27.774,27.782,27.848,27.818,27.87,27.87,27.884,27.87,27.826,27.752,27.818,27.811,27.37,25.683,25.443,25.45,25.443,25.518,25.54,25.668,25.69,25.773,25.975,26.004,26.198,26.466,26.496,26.8,27.008,27.015,27.193,27.178,27.2,27.2,27.185,27.163,27.148,27.141,27.008,26.919,26.8,26.8,26.793,26.593,26.466,26.444,26.37,26.265,26.072,26.019,25.997,25.877,25.825,25.788,25.78,25.743,25.728,25.728,25.743,25.78,25.78,25.832,25.877,25.945,26.042,26.057,26.176,26.288,26.377,26.474,26.6,26.689,26.763,27.104,27.104,27.583,28.433,28.521,28.492,28.44,28.462,28.382,28.185,28.17,26.615,25.698,25.563,25.525,25.525,25.525,25.533,25.57,25.578,25.585,25.623,25.638,25.69,25.735,25.728,25.818,25.93,26.027,26.057,26.213,26.295,26.347,26.399,26.6,26.63,26.8,26.793,26.808,26.875,26.852,26.926,26.934,26.949,27.045,27.052,27.052,27.097,27.111,27.126,27.141,27.156,27.156,27.126,27.082,27.023,27.045,26.956,26.756,26.712,26.489,26.392,26.444,26.407,26.31,26.243,26.198,26.176,26.049,26.012,25.855,25.855,25.832,25.735,25.698,25.735,25.705,25.72,25.698,25.72,25.997,26.645,26.875,27.06,27.104,27.141,27.163,27.215,27.207,27.237,27.207,27.17,27.185,27.111,27.06,27.015,26.956,26.897,26.875,26.867,26.845,26.808,26.8,26.793,26.793,26.786,26.793,26.786,26.793,26.778,26.845,26.83,26.867,26.882,26.845,26.867,26.845,26.845,26.8,26.83,26.793,26.815,26.823,26.749,26.704,26.674,26.637,26.57,26.511,26.459,26.422,26.414,26.385,26.377,26.377,26.355,26.37,26.37,26.392,26.422,26.459,26.541,26.563,26.556,26.734,26.778,26.949,27.074,27.237,27.215,27.229,27.193,27.178,27.17,27.193,27.207,27.244,27.178,27.178,27.178,27.148,27.148,27.119,27.126,27.089,27.089,27.037,27.015,26.919,26.889,26.726,26.66,26.593,26.288,26.206,26.027,25.96,25.81,25.758,25.63,25.495,25.465,25.398,25.383,25.405,25.443,25.51,25.743,25.728,26.934,27.074,27.037,27.045,26.481,25.285,25.006,24.765,24.606,24.568,24.47,24.424,24.371,24.348,24.318,24.341,24.333,24.371,24.394,24.462,24.492,24.515,24.538,24.538,24.576,24.598,24.636,24.682,24.704,24.787,24.818,24.916,24.878,24.901,24.946,24.984,24.991,25.036,25.097,25.097,25.172,25.217,25.225,25.292,25.353,25.39,25.495,25.54,25.548,25.623,25.705,25.832,25.922,26.079,26.124,26.101,26.109,26.169,26.206,26.228,26.265,26.295,26.31,26.333,26.347,26.325,26.325,26.273,26.28,26.213,26.221,26.191,26.176,26.154,26.057,25.982,25.877,25.832,25.803,25.78,25.713,25.713,25.69,25.668,25.675,25.683,25.765,25.735,25.84,26.004,26.28,26.273,26.429,26.481,26.875,27.067,27.023,27.126,27.185,27.215,27.244,27.259,27.333,27.384,27.495,27.62,27.635,27.694,27.752,28.608,28.645,28.63,28.55,28.258,28.177,28.126,28.009,27.259,27.052,26.875,26.422,26.228,26.034,25.855,25.78,25.638,25.443,25.473,25.262,25.24,25.165,25.082,25.097,25.112,25.119,25.18,25.232,25.353,25.443,25.473,25.503,25.51,25.48,25.488,25.458,25.48,25.503,25.308,25.225,24.984,25.014,24.765,24.211,24.029,23.938,23.869,23.877,23.854,23.838,23.816,23.808,23.846,23.793,23.785,23.785,23.808,23.831,23.823,23.869,23.77,23.823,23.823,23.808,23.823,23.785,23.777,23.8,23.77,23.762,23.739,23.716,23.732,23.671,23.678,23.648,23.663,23.655
,23.479,23.456,23.464,23.479,23.472,23.456,23.456,23.433,23.433,23.433,23.441,23.449,23.449,23.449,23.449,23.449,23.464,23.472,23.51,23.495,23.479,23.564,23.495,23.487,23.472,23.502,23.525,23.502,23.525,23.541,23.525,23.541,23.533,23.502,23.518,23.51,23.518,23.518,23.525,23.541,23.541,23.579,23.571,23.594,23.602,23.602,23.617,23.609,23.609,23.617,23.625,23.625,23.64,23.648,23.686,23.671,23.648,23.686,23.701,23.762,24.006,24.059,24.227,24.325,24.485,24.507,24.644,24.651,24.75,24.765,24.81,24.863,24.878,24.931,24.969,25.044,25.157,25.142,25.217,25.27,25.338,25.345,25.435,25.495,25.608,25.66,25.713,25.885,25.967,26.064,26.131,26.131,26.213,26.265,26.258,26.258,26.258,26.213,26.273,26.243,26.236,26.258,26.28,26.288,26.303,26.325,26.37,26.37,26.377,26.392,26.399,26.414,26.399,26.377,26.362,26.325,26.273,26.206,26.221,26.198,26.221,26.221,26.362,26.362,26.496,26.585,26.63,26.682,26.689,26.652,26.652,26.548,26.474,26.459,26.385,26.198,26.124,25.989,26.004,25.96,25.892,25.855,25.832,25.773,25.75,25.72,25.713,25.683,25.683,25.638,25.653,25.653,25.63,25.608,25.585,25.548,25.473,25.473,25.443,25.428,25.48,25.443,25.42,25.42,25.428,25.443,25.45,25.488,25.503,25.503,25.518,25.495,25.51,25.518,25.548,25.548,25.615,25.66,25.81,25.952,25.87,26.034,26.867,27.605,27.635,27.649,27.679,27.701,27.723,27.723,27.73,27.752,27.76,27.796,27.804,27.811,27.804,27.782,27.745,27.811,27.752,27.738,27.664,26.652,25.593,25.443,25.488,25.473,25.503,25.578,25.66,25.69,25.9,26.027,25.997,26.377,26.437,26.682,26.882,27.052,27.067,27.163,27.178,27.193,27.185,27.193,27.178,27.141,27.148,27.082,26.993,26.986,26.756,26.741,26.496,26.518,26.385,26.288,26.116,26.057,25.997,25.952,25.9,25.825,25.773,25.758,25.735,25.735,25.72,25.728,25.743,25.765,25.803,25.855,25.952,26.004,26.057,26.161,26.198,26.414,26.466,26.608,26.667,26.778,27.037,27.178,27.62,28.572,28.557,28.543,28.47,28.462,28.411,28.36,28.068,26.6,25.69,25.585,25.525,25.51,25.48,25.503,25.503,25.533,25.555,25.585,25.645,25.675,25.668,25.773,25.765,25.96,25.945,26.072,26.198,26.333,26.414,26.496,26.548,26.667,26.66,26.815,26.815,26.771,26.83,26.845,26.867,26.963,26.993,27.045,27.015,27.03,27.089,27.119,27.133,27.148,27.104,27.097,27.067,27.023,26.875,26.845,26.66,26.585,26.489,26.399,26.325,26.303,26.228,26.221,26.101,26.057,26.034,25.96,25.84,25.795,25.795,25.698,25.66,25.66,25.69,25.623,25.81,25.885,26.511,26.704,26.808,26.949,27.023,27,27,27.104,27.156,27.111,27.126,27.119,27.097,27.052,27.008,26.956,26.912,26.889,26.867,26.823,26.815,26.793,26.793,26.793,26.786,26.808,26.823,26.808,26.83,26.86,26.852,26.889,26.912,26.926,26.904,26.882,26.889,26.912,26.897,26.897,26.875,26.838,26.845,26.756,26.734,26.645,26.585,26.541,26.511,26.466,26.414,26.377,26.377,26.347,26.347,26.325,26.347,26.347,26.377,26.422,26.452,26.526,26.593,26.719,26.726,26.83,27.089,27.148,27.207,27.163,27.2,27.193,27.163,27.185,27.148,27.156,27.237,27.207,27.17,27.163,27.148,27.126,27.119,27.119,27.104,27.089,27.082,27.008,26.897,26.808,26.704,26.622,26.593,26.414,26.146,26.087,26.079,25.989,25.72,25.675,25.48,25.443,25.42,25.383,25.383,25.405,25.42,25.465,25.63,26.815,27,27,26.986,26.926,25.765,25.036,24.795,24.765,24.613,24.507,24.379,24.325,24.303,24.325,24.363,24.341,24.363,24.416,24.447,24.439,24.477,24.523,24.53,24.56,24.576,24.666,24.689,24.704,24.765,24.818,24.871,24.855,24.901,24.938,24.916,24.969,25.029,25.089,25.067,25.104,25.225,25.225,25.27,25.255,25.383,25.443,25.488,25.57,25.66,25.66,25.668,25.952,25.847,26.019,26.057,26.109,26.146,26.176,26.228,26.243,26.28,26.303,26.295,26.31,26.325,26.288,26.265,26.228,26.183,26.191,26.154,26.042,26.072,25.997,25.862,25.862,25.81,25.773,25.773,25.705,25.683,25.668,25.653,25.653,25.66,25.675,25.892,25.93,26.057,26.243,26.251,26.556,26.66,26.949,27.097,27.119,27.185,27.237,27.296,27.303,27.289,27.348,27.296,27.591,27.554,27.591,27.657,27.84,28.119,28.586,28.645,28.608,28.572,28.375,28.163,27.76,27.281,26.889,26.875,26.778,26.318,26.101,25.84,25.615,25.503,25.42,25.345,25.33,25.24,25.104,25.089,25.097,25.082,25.112,25.142,25.119,25.338,25.398,25.42,25.443,25.51,25.495,25.495,25.488,25.495,25.488,25.443,25.27,25.127,25.119,24.931,24.485,24.128,24.044,23.953,23.945,23.892,23.861,23.831,23.831,23.877,23.716,23.732,23.739,23.8,23.8,23.762,23.793,23.823,23.793,23.816,23.762,23.808,23.816,23.823,23.785,23.785,23.755,23.785,23.747,23.724,23.678,23.686,23.671,23.655,23.648
,23.487,23.495,23.479,23.479,23.464,23.472,23.449,23.433,23.426,23.418,23.426,23.426,23.426,23.449,23.472,23.464,23.495,23.464,23.479,23.502,23.479,23.495,23.479,23.464,23.472,23.495,23.571,23.525,23.533,23.579,23.51,23.541,23.518,23.51,23.51,23.51,23.518,23.533,23.525,23.564,23.556,23.594,23.594,23.602,23.617,23.609,23.609,23.609,23.594,23.609,23.609,23.609,23.632,23.632,23.617,23.709,23.678,23.663,23.747,23.777,23.877,24.097,24.386,24.439,24.53,24.523,24.666,24.719,24.735,24.803,24.855,24.871,24.901,24.954,24.999,25.067,25.104,25.217,25.18,25.262,25.285,25.36,25.42,25.488,25.563,25.585,25.78,25.877,25.997,26.012,26.124,26.183,26.198,26.221,26.251,26.236,26.228,26.258,26.221,26.228,26.221,26.243,26.265,26.288,26.355,26.34,26.377,26.399,26.414,26.414,26.414,26.414,26.392,26.37,26.303,26.273,26.258,26.191,26.169,26.124,26.116,26.146,26.273,26.37,26.481,26.593,26.608,26.645,26.674,26.689,26.645,26.57,26.518,26.399,26.251,26.161,26.057,26.042,25.885,25.885,25.825,25.803,25.788,25.765,25.735,25.705,25.683,25.668,25.653,25.645,25.6,25.608,25.6,25.585,25.555,25.525,25.465,25.443,25.435,25.428,25.428,25.413,25.435,25.443,25.443,25.465,25.48,25.503,25.488,25.518,25.51,25.495,25.518,25.518,25.533,25.548,25.608,25.623,25.81,25.915,26.087,26.109,27.215,27.62,27.627,27.657,27.664,27.664,27.686,27.694,27.708,27.73,27.738,27.752,27.767,27.811,27.826,27.774,27.76,27.789,27.745,27.694,27.694,26.31,25.458,25.45,25.473,25.495,25.503,25.578,25.6,25.683,25.75,26.079,26.191,26.303,26.362,26.763,26.919,27.052,27.023,27.133,27.163,27.207,27.207,27.207,27.156,27.141,27.133,27.015,26.971,26.889,26.771,26.667,26.518,26.429,26.318,26.236,26.213,26.094,25.967,25.907,25.862,25.795,25.78,25.773,25.728,25.728,25.705,25.705,25.713,25.758,25.773,25.862,25.9,25.997,26.079,26.154,26.221,26.422,26.422,26.526,26.615,26.726,27.045,27.2,27.826,28.572,28.579,28.535,28.55,28.499,28.265,28.353,28.053,26.697,25.705,25.585,25.54,25.495,25.495,25.503,25.45,25.533,25.548,25.563,25.593,25.63,25.698,25.765,25.84,25.93,25.9,26.027,26.176,26.385,26.466,26.474,26.563,26.615,26.734,26.734,26.763,26.763,26.823,26.83,26.815,26.919,26.993,26.978,27.052,27.052,27.089,27.104,27.089,27.052,27.06,26.993,26.986,26.889,26.823,26.734,26.637,26.459,26.347,26.325,26.295,26.236,26.221,26.169,26.169,26.079,25.967,25.9,25.862,25.81,25.713,25.653,25.69,25.668,25.675,25.668,25.862,25.915,26.585,26.793,26.956,27.03,27.037,27.052,27.06,27.074,27.126,27.082,27.082,27.097,27.008,27.008,26.993,26.978,26.897,26.897,26.845,26.823,26.8,26.8,26.786,26.83,26.845,26.838,26.845,26.823,26.875,26.919,26.912,26.949,26.971,26.963,26.934,26.956,26.963,26.963,26.956,26.971,26.904,26.889,26.897,26.793,26.704,26.689,26.615,26.563,26.496,26.466,26.385,26.377,26.37,26.333,26.325,26.318,26.318,26.347,26.385,26.422,26.466,26.526,26.57,26.66,26.852,26.712,27.023,27.119,27.185,27.163,27.163,27.156,27.148,27.156,27.163,27.178,27.2,27.178,27.185,27.156,27.148,27.133,27.119,27.119,27.089,27.089,27.06,26.956,26.926,26.815,26.712,26.615,26.63,26.228,26.362,26.034,25.96,25.862,25.743,25.743,25.548,25.473,25.405,25.39,25.383,25.353,25.443,25.48,25.653,26.399,26.956,26.993,27.023,26.993,26.228,25.142,24.81,24.712,24.644,24.447,24.394,24.363,24.31,24.295,24.318,24.379,24.333,24.363,24.424,24.432,24.447,24.485,24.515,24.523,24.576,24.621,24.651,24.697,24.81,24.795,24.825,24.848,24.863,24.886,24.923,24.961,25.014,25.014,25.112,25.149,25.225,25.21,25.292,25.292,25.368,25.45,25.488,25.563,25.608,25.675,25.668,25.788,25.915,25.989,26.027,26.094,26.124,26.161,26.221,26.228,26.251,26.273,26.295,26.303,26.295,26.258,26.243,26.198,26.183,26.124,26.109,26.057,26.004,25.922,25.907,25.855,25.795,25.75,25.75,25.698,25.66,25.645,25.653,25.66,25.675,25.855,25.862,25.989,26.198,26.385,26.474,26.556,26.86,27.03,27.126,27.215,27.274,27.289,27.325,27.333,27.281,27.399,27.399,27.532,27.613,27.649,27.73,27.752,28.112,28.579,28.608,28.579,28.499,28.426,28.273,27.811,27.178,27.215,26.941,26.57,26.243,26.169,26.057,25.892,25.623,25.315,25.277,25.225,25.112,25.142,25.089,25.089,25.074,25.082,25.067,25.119,25.285,25.368,25.42,25.413,25.488,25.488,25.525,25.473,25.488,25.488,25.383,25.24,25.39,25.225,24.954,25.014,24.439,24.553,24.143,23.983,23.938,23.907,23.877,23.838,23.808,23.816,23.8,23.77,23.793,23.793,23.785,23.831,23.8,23.816,23.823,23.808,23.777,23.755,23.777,23.8,23.8,23.762,23.747,23.747,23.709,23.701,23.655,23.671,23.663,23.648
,23.464,23.456,23.487,23.502,23.479,23.464,23.472,23.449,23.433,23.433,23.41,23.418,23.433,23.426,23.464,23.479,23.495,23.487,23.487,23.533,23.487,23.502,23.487,23.487,23.487,23.495,23.495,23.51,23.518,23.571,23.495,23.548,23.525,23.525,23.518,23.518,23.51,23.556,23.533,23.548,23.586,23.556,23.617,23.609,23.586,23.594,23.594,23.602,23.617,23.602,23.602,23.602,23.625,23.609,23.663,23.686,23.663,23.755,23.8,23.64,24.067,24.242,24.439,24.5,24.523,24.598,24.674,24.742,24.757,24.848,24.871,24.871,24.916,24.923,24.938,25.059,25.142,25.157,25.217,25.24,25.3,25.345,25.428,25.48,25.525,25.645,25.788,25.825,25.93,26.019,26.116,26.161,26.198,26.198,26.213,26.139,26.169,26.213,26.191,26.213,26.221,26.236,26.251,26.295,26.28,26.362,26.399,26.422,26.429,26.422,26.407,26.414,26.355,26.318,26.273,26.191,26.198,26.124,26.131,26.101,26.094,26.116,26.124,26.31,26.407,26.511,26.541,26.622,26.637,26.622,26.518,26.407,26.37,26.362,26.198,26.087,26.012,25.907,25.832,25.855,25.773,25.773,25.735,25.675,25.668,25.683,25.668,25.66,25.608,25.585,25.593,25.57,25.54,25.533,25.525,25.503,25.458,25.45,25.413,25.405,25.39,25.413,25.413,25.443,25.465,25.503,25.51,25.503,25.503,25.51,25.503,25.503,25.51,25.525,25.525,25.555,25.593,25.728,25.803,25.855,26.094,26.734,27.465,27.539,27.561,27.598,27.613,27.649,27.649,27.657,27.671,27.664,27.664,27.694,27.686,27.811,27.738,27.76,27.745,27.738,27.694,27.642,27.554,25.907,25.533,25.488,25.48,25.495,25.54,25.578,25.683,25.623,25.758,25.982,26.146,26.221,26.771,26.845,26.904,27.015,27.067,27.126,27.163,27.2,27.193,27.207,27.178,27.148,27.111,27.052,26.956,26.815,26.622,26.556,26.466,26.37,26.37,26.206,26.109,26.087,25.93,25.87,25.855,25.795,25.773,25.735,25.713,25.69,25.668,25.675,25.675,25.743,25.78,25.743,25.915,26.019,26.087,26.146,26.146,26.31,26.355,26.593,26.608,26.778,26.956,27.266,27.738,28.615,28.579,28.55,28.528,28.499,28.484,28.44,28.016,26.578,25.675,25.638,25.525,25.48,25.488,25.48,25.48,25.48,25.51,25.518,25.563,25.623,25.683,25.75,25.84,25.915,26.019,26.161,26.139,26.288,26.37,26.489,26.57,26.66,26.622,26.697,26.712,26.749,26.756,26.83,26.786,26.912,26.956,26.963,27.045,27.045,27.067,27.074,27.067,27.008,26.993,27.037,26.971,26.8,26.778,26.719,26.637,26.481,26.34,26.288,26.28,26.243,26.198,26.154,26.094,26.079,25.937,25.9,25.825,25.698,25.66,25.623,25.66,25.645,25.63,25.683,25.847,26.392,26.615,26.823,26.926,26.971,27.015,27.045,27.045,27.06,27.052,27.023,27.037,27.03,27.023,27.023,26.912,26.897,26.875,26.852,26.86,26.83,26.83,26.845,26.823,26.823,26.838,26.897,26.926,26.919,26.919,26.956,26.956,27.008,26.993,26.993,27.015,27,27.03,27,26.971,26.986,26.926,26.912,26.808,26.808,26.719,26.66,26.585,26.548,26.481,26.481,26.392,26.377,26.34,26.325,26.295,26.31,26.318,26.347,26.392,26.422,26.474,26.496,26.556,26.637,26.771,26.978,27.045,27.119,27.133,27.148,27.148,27.119,27.133,27.133,27.097,27.178,27.178,27.185,27.178,27.163,27.148,27.141,27.133,27.119,27.089,27.104,27.06,27.015,26.993,26.793,26.778,26.622,26.541,26.422,26.154,26.094,26.101,25.862,25.78,25.623,25.563,25.473,25.413,25.405,25.368,25.383,25.413,25.428,25.525,25.892,26.8,26.941,26.949,27,26.66,25.353,24.871,24.682,24.598,24.485,24.432,24.341,24.318,24.303,24.333,24.363,24.379,24.386,24.401,24.424,24.454,24.477,24.53,24.53,24.598,24.606,24.666,24.697,24.765,24.78,24.81,24.855,24.833,24.871,24.931,24.938,24.969,25.036,25.074,25.082,25.187,25.172,25.21,25.277,25.308,25.338,25.45,25.548,25.6,25.645,25.69,25.788,25.832,25.945,25.989,26.019,26.124,26.131,26.176,26.221,26.236,26.228,26.251,26.243,26.251,26.236,26.221,26.183,26.124,26.124,26.042,25.96,25.975,25.885,25.87,25.81,25.803,25.743,25.735,25.66,25.638,25.63,25.623,25.638,25.653,25.728,25.945,25.975,26.28,26.377,26.407,26.637,26.882,27.052,27.126,27.207,27.318,27.34,27.355,27.348,27.37,27.517,27.517,27.62,27.649,27.657,27.694,27.73,28.236,28.36,28.528,28.55,28.397,28.375,28.265,27.598,27.554,27.067,26.815,26.489,26.154,26.072,25.989,25.75,25.578,25.518,25.405,25.217,25.225,25.089,25.074,25.059,25.059,25.044,25.052,25.029,25.127,25.3,25.353,25.338,25.518,25.495,25.495,25.525,25.488,25.503,25.458,25.473,25.375,25.323,25.157,25.074,24.772,24.704,24.568,24.075,24.052,23.907,23.93,23.846,23.869,23.846,23.785,23.793,23.785,23.793,23.777,23.823,23.816,23.808,23.8,23.777,23.762,23.8,23.755,23.747,23.755,23.747,23.739,23.709,23.671,23.663,23.678,23.648,23.655,23.648
,23.502,23.487,23.472,23.487,23.487,23.479,23.472,23.456,23.464,23.441,23.426,23.41,23.441,23.464,23.472,23.479,23.51,23.495,23.495,23.525,23.502,23.51,23.502,23.51,23.502,23.495,23.502,23.487,23.502,23.502,23.548,23.541,23.518,23.518,23.518,23.495,23.502,23.51,23.518,23.548,23.548,23.586,23.625,23.571,23.564,23.594,23.571,23.602,23.586,23.594,23.617,23.594,23.632,23.64,23.625,23.724,23.648,23.747,23.892,24.196,24.219,24.432,24.47,24.538,24.621,24.666,24.727,24.75,24.78,24.848,24.886,24.901,24.931,24.938,24.938,24.969,25.172,25.187,25.202,25.232,25.262,25.338,25.36,25.48,25.548,25.57,25.803,25.855,25.96,26.012,26.064,26.087,26.169,26.176,26.154,26.221,26.236,26.198,26.191,26.213,26.198,26.251,26.303,26.295,26.37,26.392,26.407,26.444,26.429,26.444,26.407,26.355,26.347,26.288,26.273,26.139,26.079,26.049,26.027,25.997,26.019,26.042,26.094,26.228,26.392,26.429,26.578,26.556,26.526,26.548,26.489,26.347,26.399,26.265,26.183,25.915,25.855,25.93,25.743,25.713,25.735,25.698,25.69,25.653,25.645,25.623,25.615,25.6,25.563,25.57,25.533,25.533,25.488,25.51,25.48,25.443,25.443,25.42,25.39,25.383,25.405,25.413,25.465,25.465,25.488,25.51,25.518,25.518,25.51,25.51,25.503,25.495,25.503,25.51,25.533,25.6,25.645,25.788,25.825,25.803,26.109,26.645,27.51,27.495,27.532,27.561,27.561,27.539,27.583,27.598,27.635,27.627,27.613,27.642,27.664,27.723,27.745,27.774,27.745,27.708,27.583,27.598,27.355,25.6,25.443,25.443,25.45,25.473,25.488,25.593,25.66,25.87,25.922,26.072,26.206,26.34,26.622,26.912,26.993,27.015,27.082,27.126,27.163,27.2,27.178,27.163,27.148,27.17,27.097,27.074,27.03,27.015,26.793,26.556,26.511,26.318,26.154,26.146,26.049,26.019,25.93,25.87,25.818,25.788,25.743,25.743,25.683,25.675,25.675,25.653,25.705,25.705,25.773,25.825,25.855,25.907,25.967,26.116,26.206,26.265,26.489,26.481,26.615,26.712,26.956,27.384,27.972,28.594,28.594,28.572,28.477,28.455,28.492,28.382,28.141,26.593,25.675,25.623,25.563,25.51,25.473,25.473,25.435,25.45,25.473,25.503,25.57,25.63,25.713,25.743,25.832,25.93,26.019,26.049,26.176,26.303,26.333,26.481,26.548,26.63,26.66,26.652,26.712,26.749,26.763,26.838,26.882,26.926,26.978,26.978,27.008,27.03,27.052,27.045,27.067,27.03,26.978,26.926,26.815,26.8,26.719,26.689,26.622,26.355,26.318,26.273,26.236,26.206,26.169,26.116,26.057,26.034,25.93,25.87,25.803,25.735,25.638,25.623,25.608,25.63,25.63,25.668,25.93,26.615,26.771,26.793,26.815,26.941,26.993,27,27.008,27.023,27.03,26.941,26.978,26.971,26.919,26.897,26.912,26.882,26.875,26.875,26.852,26.875,26.852,26.867,26.852,26.875,26.926,26.949,26.949,26.978,27.015,27,27.03,27.037,27.06,27.023,27.037,27.03,27.03,27.037,27.008,26.993,26.941,26.912,26.838,26.786,26.741,26.645,26.57,26.466,26.466,26.429,26.385,26.429,26.37,26.355,26.333,26.318,26.34,26.355,26.385,26.414,26.481,26.526,26.66,26.622,26.889,26.926,26.993,27.082,27.104,27.104,27.133,27.133,27.133,27.097,27.126,27.156,27.156,27.193,27.193,27.17,27.17,27.163,27.148,27.133,27.141,27.119,27.045,26.978,26.978,26.852,26.726,26.585,26.533,26.437,26.221,26.012,25.967,25.877,25.855,25.548,25.6,25.465,25.405,25.405,25.36,25.345,25.428,25.443,25.465,25.765,26.86,26.963,26.934,26.83,26.437,25.735,24.886,24.886,24.606,24.485,24.409,24.348,24.379,24.325,24.341,24.341,24.341,24.386,24.401,24.416,24.424,24.462,24.485,24.53,24.591,24.621,24.659,24.689,24.742,24.78,24.795,24.818,24.833,24.863,24.908,24.893,24.923,24.984,25.036,25.059,25.142,25.202,25.217,25.277,25.315,25.345,25.435,25.458,25.54,25.6,25.66,25.713,25.795,25.9,25.96,25.989,26.116,26.109,26.146,26.191,26.206,26.206,26.228,26.243,26.198,26.213,26.191,26.101,26.101,26.101,25.982,25.975,25.892,25.885,25.818,25.84,25.788,25.758,25.713,25.638,25.638,25.608,25.593,25.555,25.63,25.728,25.915,26.019,26.191,26.452,26.466,26.459,26.897,27.03,27.274,27.318,27.333,27.377,27.399,27.414,27.458,27.495,27.377,27.539,27.657,27.679,27.701,27.76,27.767,28.28,28.477,28.397,28.397,28.346,28.28,27.73,27.392,27.207,26.897,26.741,26.303,26.154,26.027,25.825,25.443,25.398,25.247,25.24,25.21,25.067,25.104,25.074,25.029,25.036,24.984,25.059,25.104,25.285,25.255,25.323,25.39,25.48,25.465,25.473,25.48,25.503,25.48,25.465,25.42,25.323,25.225,25.127,25.134,24.946,25.014,24.583,24.249,24.075,23.945,24.021,23.884,23.808,23.785,23.777,23.793,23.8,23.785,23.8,23.823,23.793,23.8,23.793,23.762,23.77,23.747,23.732,23.755,23.747,23.709,23.693,23.678,23.663,23.663,23.678,23.648,23.663
,23.449,23.479,23.472,23.472,23.479,23.495,23.472,23.464,23.495,23.449,23.426,23.433,23.441,23.518,23.472,23.518,23.51,23.479,23.533,23.525,23.533,23.525,23.51,23.502,23.495,23.479,23.502,23.487,23.51,23.479,23.495,23.472,23.487,23.479,23.487,23.525,23.51,23.51,23.518,23.602,23.564,23.556,23.579,23.571,23.586,23.571,23.586,23.579,23.586,23.594,23.617,23.632,23.609,23.617,23.671,23.663,23.671,23.816,24.006,24.249,24.204,24.401,24.5,24.591,24.598,24.697,24.742,24.787,24.803,24.818,24.84,24.931,24.901,24.946,24.984,25.021,25.119,25.157,25.187,25.217,25.27,25.323,25.435,25.473,25.555,25.623,25.683,25.788,25.907,25.967,26.079,26.087,26.154,26.139,26.154,26.139,26.176,26.131,26.161,26.176,26.228,26.28,26.333,26.325,26.362,26.385,26.414,26.437,26.422,26.422,26.385,26.34,26.243,26.146,26.154,26.101,26.042,25.982,25.989,25.945,25.975,26.019,26.198,26.318,26.362,26.399,26.437,26.526,26.578,26.504,26.459,26.34,26.28,26.139,25.997,25.892,25.72,25.78,25.675,25.675,25.668,25.683,25.63,25.645,25.608,25.6,25.615,25.585,25.563,25.518,25.495,25.488,25.465,25.473,25.45,25.458,25.413,25.443,25.413,25.42,25.42,25.413,25.473,25.473,25.495,25.495,25.518,25.503,25.51,25.503,25.488,25.48,25.503,25.54,25.548,25.668,25.743,25.735,25.75,25.885,26.437,27.421,27.48,27.48,27.488,27.488,27.488,27.517,27.539,27.554,27.583,27.583,27.598,27.62,27.679,27.716,27.716,27.716,27.686,27.686,27.642,27.583,27.303,25.458,25.443,25.435,25.458,25.458,25.495,25.578,25.72,25.795,25.982,26.087,26.228,26.444,26.481,26.8,26.978,27.03,27.119,27.17,27.2,27.207,27.207,27.178,27.133,27.141,27.074,26.971,26.956,26.786,26.704,26.556,26.496,26.362,26.169,26.161,26.064,25.989,25.907,25.855,25.81,25.788,25.758,25.735,25.683,25.645,25.645,25.66,25.675,25.705,25.75,25.795,25.847,25.855,25.93,26.049,26.124,26.139,26.347,26.504,26.504,26.622,27.023,27.399,27.833,28.645,28.608,28.601,28.506,28.477,28.375,28.309,27.972,26.481,25.675,25.533,25.54,25.495,25.473,25.458,25.435,25.458,25.48,25.503,25.54,25.608,25.705,25.735,25.855,25.877,25.982,25.997,26.206,26.265,26.37,26.437,26.541,26.57,26.6,26.645,26.734,26.763,26.808,26.875,26.934,26.934,26.963,27,27,27.052,27.067,27.015,27.052,26.986,26.949,26.919,26.838,26.756,26.697,26.66,26.526,26.399,26.221,26.273,26.213,26.206,26.079,26.094,26.064,25.915,25.892,25.803,25.78,25.743,25.615,25.6,25.578,25.593,25.578,25.78,25.997,26.608,26.8,26.852,26.852,26.882,26.941,26.971,26.963,26.949,26.934,26.971,26.912,26.86,26.882,26.926,26.919,26.882,26.882,26.882,26.889,26.882,26.904,26.882,26.904,26.875,26.956,27.008,27.03,27.037,27.074,27.089,27.089,27.089,27.097,27.045,27.074,27.074,27.082,27.067,27.03,27,26.963,26.875,26.823,26.763,26.719,26.674,26.622,26.541,26.474,26.422,26.459,26.414,26.377,26.385,26.362,26.355,26.362,26.377,26.407,26.422,26.437,26.489,26.504,26.548,26.793,26.941,26.956,27.037,27.082,27.052,27.119,27.111,27.074,27.119,27.141,27.133,27.17,27.207,27.2,27.2,27.193,27.178,27.141,27.156,27.141,27.119,27.052,27.008,26.956,26.852,26.674,26.719,26.474,26.333,26.273,26.228,25.915,25.847,25.795,25.698,25.57,25.443,25.413,25.383,25.338,25.398,25.42,25.413,25.45,25.51,26.608,26.852,26.904,26.845,26.689,25.997,25.149,24.886,24.674,24.568,24.454,24.379,24.363,24.348,24.303,24.341,24.371,24.371,24.386,24.401,24.454,24.454,24.5,24.553,24.583,24.651,24.659,24.674,24.727,24.757,24.795,24.795,24.81,24.848,24.871,24.871,24.908,24.984,25.006,25.052,25.112,25.172,25.172,25.202,25.308,25.277,25.39,25.465,25.495,25.555,25.66,25.758,25.78,25.862,25.907,25.982,26.019,26.064,26.079,26.146,26.161,26.183,26.198,26.198,26.198,26.146,26.109,26.101,26.049,26.027,25.952,25.945,25.907,25.862,25.832,25.765,25.728,25.75,25.63,25.608,25.585,25.57,25.533,25.593,25.615,25.795,25.93,26.101,26.183,26.31,26.585,26.771,27.015,27.222,27.37,27.377,27.429,27.429,27.502,27.451,27.48,27.532,27.539,27.62,27.635,27.694,27.701,27.716,28.229,28.389,28.411,28.346,28.353,28.258,28.068,27.561,27.333,27.325,27,26.741,26.273,26.213,25.997,25.555,25.54,25.638,25.255,25.247,25.195,25.067,25.067,25.044,25.029,25.014,25.021,25.059,25.036,25.059,25.202,25.262,25.345,25.398,25.42,25.488,25.428,25.473,25.495,25.495,25.435,25.42,25.36,25.225,25.082,25.006,25.052,24.863,24.863,24.568,24.006,23.899,23.877,23.838,23.816,23.785,23.793,23.8,23.8,23.816,23.823,23.816,23.8,23.777,23.755,23.755,23.77,23.747,23.755,23.724,23.701,23.686,23.663,23.671,23.671,23.693,23.739,23.693
,23.487,23.441,23.472,23.464,23.472,23.479,23.487,23.472,23.479,23.464,23.51,23.464,23.495,23.51,23.449,23.51,23.51,23.541,23.502,23.533,23.548,23.556,23.533,23.518,23.502,23.495,23.495,23.495,23.487,23.518,23.502,23.479,23.51,23.518,23.51,23.51,23.51,23.518,23.533,23.541,23.564,23.571,23.564,23.571,23.579,23.571,23.571,23.571,23.579,23.586,23.632,23.648,23.671,23.648,23.716,23.701,23.693,23.785,24.295,24.333,24.432,24.492,24.492,24.689,24.666,24.735,24.772,24.818,24.795,24.818,24.848,24.886,24.938,24.961,24.984,24.991,25.112,25.134,25.165,25.217,25.277,25.315,25.375,25.525,25.54,25.563,25.608,25.803,25.66,25.945,26.019,26.049,26.109,26.116,26.131,26.116,26.109,26.146,26.169,26.191,26.221,26.288,26.303,26.325,26.362,26.377,26.385,26.399,26.414,26.422,26.399,26.34,26.206,26.124,26.079,26.049,26.012,25.952,25.922,25.93,26.004,26.004,26.146,26.258,26.273,26.347,26.429,26.444,26.452,26.407,26.295,26.288,26.161,26.049,25.915,25.847,25.728,25.713,25.66,25.683,25.653,25.623,25.63,25.585,25.585,25.585,25.563,25.54,25.518,25.503,25.48,25.473,25.458,25.435,25.435,25.428,25.428,25.398,25.413,25.435,25.428,25.458,25.495,25.51,25.54,25.518,25.518,25.495,25.51,25.503,25.48,25.443,25.525,25.525,25.63,25.593,25.683,25.892,25.84,26.042,26.934,27.451,27.443,27.451,27.443,27.451,27.443,27.48,27.451,27.524,27.546,27.546,27.561,27.613,27.613,27.686,27.694,27.694,27.708,27.679,27.679,27.642,26.28,25.39,25.428,25.435,25.458,25.488,25.503,25.608,25.653,25.735,26.064,26.176,26.325,26.556,26.808,26.882,27.023,27.045,27.119,27.17,27.2,27.178,27.2,27.141,27.119,27.104,27.082,26.986,26.919,26.941,26.823,26.6,26.518,26.429,26.28,26.161,26.034,25.945,25.915,25.832,25.795,25.788,25.728,25.735,25.698,25.668,25.66,25.653,25.675,25.683,25.735,25.795,25.84,25.907,25.93,26.027,26.087,26.213,26.288,26.518,26.667,26.667,26.926,27.348,28.09,28.63,28.623,28.579,28.528,28.455,28.382,28.338,28.024,26.452,25.63,25.54,25.51,25.488,25.458,25.465,25.45,25.458,25.488,25.518,25.51,25.653,25.668,25.735,25.825,25.975,25.975,26.034,26.131,26.191,26.303,26.362,26.541,26.563,26.615,26.667,26.689,26.763,26.793,26.875,26.912,26.949,26.978,26.993,27.008,27.023,27.03,27.015,27.037,26.949,26.949,26.86,26.8,26.749,26.704,26.637,26.355,26.28,26.288,26.243,26.221,26.146,26.079,26.034,25.937,25.892,25.84,25.832,25.72,25.63,25.615,25.563,25.57,25.578,25.57,25.683,26.608,26.697,26.749,26.763,26.845,26.889,26.897,26.934,26.941,26.912,26.912,26.838,26.852,26.838,26.852,26.86,26.889,26.882,26.889,26.897,26.897,26.912,26.934,26.926,26.941,26.912,26.978,27.03,27.082,27.097,27.133,27.141,27.141,27.126,27.119,27.119,27.126,27.104,27.097,27.082,27.052,27.023,26.949,26.875,26.852,26.786,26.726,26.689,26.585,26.563,26.474,26.452,26.452,26.444,26.392,26.392,26.385,26.377,26.355,26.377,26.422,26.422,26.481,26.518,26.541,26.563,26.771,26.897,26.986,26.986,27.045,27.082,27.06,27.089,27.089,27.082,27.097,27.111,27.148,27.141,27.222,27.215,27.207,27.207,27.178,27.178,27.141,27.111,27.045,27.023,27.015,26.949,26.83,26.6,26.496,26.303,26.28,26.072,26.027,25.855,25.795,25.66,25.54,25.473,25.443,25.36,25.375,25.36,25.383,25.443,25.465,25.48,25.915,26.667,26.823,26.808,26.778,26.593,25.308,25.097,24.75,24.538,24.454,24.416,24.386,24.333,24.318,24.356,24.356,24.356,24.363,24.394,24.462,24.485,24.523,24.523,24.538,24.606,24.666,24.666,24.712,24.704,24.735,24.765,24.78,24.818,24.833,24.871,24.923,24.961,24.991,25.059,25.089,25.119,25.165,25.21,25.255,25.262,25.375,25.428,25.48,25.54,25.63,25.69,25.788,25.788,25.877,25.952,26.019,26.042,26.049,26.101,26.124,26.161,26.154,26.183,26.139,26.139,26.109,26.042,26.027,26.019,25.937,25.87,25.862,25.818,25.758,25.765,25.765,25.615,25.623,25.57,25.555,25.555,25.54,25.548,25.63,25.885,25.885,26.154,26.273,26.437,26.526,26.904,26.993,27.207,27.436,27.392,27.458,27.502,27.51,27.517,27.539,27.532,27.561,27.613,27.664,27.686,27.716,27.943,28.009,28.346,28.346,28.353,28.294,28.214,28.082,27.664,27.488,27.141,26.8,26.608,26.333,26.169,25.997,25.683,25.54,25.42,25.375,25.21,25.157,25.097,25.074,25.074,25.074,24.984,25.006,25.044,24.991,25.082,25.157,25.217,25.323,25.308,25.368,25.45,25.39,25.48,25.465,25.465,25.443,25.458,25.428,25.345,25.277,25.255,25.149,24.969,24.961,24.727,24.545,23.93,23.854,23.892,23.838,23.823,23.816,23.816,23.831,23.823,23.808,23.808,23.793,23.777,23.755,23.77,23.762,23.732,23.739,23.732,23.732,23.701,23.686,23.678,23.686,23.655,23.709,23.648
,23.456,23.495,23.441,23.472,23.472,23.464,23.479,23.487,23.487,23.479,23.479,23.495,23.418,23.51,23.495,23.487,23.533,23.525,23.51,23.518,23.548,23.548,23.533,23.533,23.548,23.502,23.525,23.518,23.51,23.525,23.525,23.518,23.533,23.533,23.51,23.525,23.502,23.518,23.525,23.556,23.541,23.556,23.564,23.571,23.586,23.632,23.586,23.594,23.594,23.609,23.632,23.678,23.678,23.686,23.739,23.854,23.953,24.31,24.439,24.447,24.462,24.576,24.613,24.568,24.704,24.735,24.787,24.765,24.795,24.825,24.848,24.931,24.954,24.984,25.021,25.044,25.059,25.082,25.104,25.195,25.225,25.292,25.42,25.495,25.555,25.615,25.623,25.698,25.877,25.937,26.027,26.027,26.094,26.109,26.094,26.079,26.131,26.176,26.183,26.213,26.236,26.28,26.318,26.362,26.362,26.347,26.347,26.377,26.37,26.377,26.333,26.28,26.236,26.072,25.982,25.96,25.96,25.945,25.9,25.907,25.915,26.004,26.131,26.198,26.221,26.28,26.318,26.385,26.333,26.295,26.094,26.258,26.191,25.847,25.847,25.84,25.72,25.653,25.63,25.615,25.623,25.623,25.6,25.585,25.563,25.578,25.548,25.533,25.503,25.473,25.465,25.473,25.428,25.428,25.42,25.42,25.413,25.45,25.45,25.398,25.48,25.51,25.518,25.518,25.503,25.518,25.51,25.525,25.503,25.48,25.488,25.48,25.525,25.563,25.638,25.668,25.825,25.818,26.101,26.191,27.111,27.451,27.436,27.443,27.414,27.414,27.421,27.421,27.443,27.458,27.502,27.517,27.539,27.583,27.605,27.657,27.686,27.671,27.694,27.649,27.598,27.458,26.28,25.375,25.405,25.435,25.428,25.488,25.518,25.6,25.66,25.78,25.93,26.221,26.474,26.459,26.645,26.897,27.082,27.097,27.133,27.163,27.193,27.215,27.178,27.156,27.133,27.104,27.082,27.037,26.963,26.83,26.674,26.489,26.392,26.288,26.31,26.169,26.042,25.989,25.9,25.825,25.81,25.788,25.773,25.728,25.66,25.668,25.66,25.645,25.668,25.713,25.75,25.803,25.862,25.922,25.982,26.072,26.116,26.258,26.392,26.481,26.726,26.749,26.815,27.414,28.484,28.615,28.594,28.586,28.499,28.462,28.426,28.28,27.98,26.466,25.638,25.54,25.495,25.488,25.45,25.443,25.45,25.465,25.488,25.503,25.533,25.645,25.653,25.758,25.758,25.892,25.967,26.094,26.101,26.183,26.251,26.385,26.496,26.504,26.637,26.674,26.734,26.771,26.823,26.845,26.919,26.934,26.993,26.993,26.993,27.008,26.986,27.023,27,26.941,26.934,26.919,26.808,26.712,26.667,26.585,26.474,26.399,26.295,26.236,26.183,26.101,26.004,25.96,25.982,25.862,25.78,25.75,25.705,25.63,25.578,25.563,25.548,25.578,25.615,26.131,26.481,26.726,26.719,26.815,26.845,26.867,26.86,26.889,26.889,26.875,26.86,26.838,26.83,26.823,26.845,26.882,26.882,26.897,26.904,26.912,26.934,26.956,26.963,27,27.008,27.008,27.067,27.082,27.148,27.17,27.17,27.2,27.163,27.17,27.156,27.156,27.156,27.141,27.126,27.111,27.082,27.015,27.015,26.882,26.86,26.8,26.756,26.689,26.593,26.518,26.474,26.459,26.444,26.481,26.444,26.399,26.392,26.377,26.392,26.37,26.422,26.414,26.466,26.489,26.533,26.667,26.697,26.949,26.963,26.971,27.023,27.052,27.067,27.052,27.074,27.097,27.126,27.163,27.2,27.185,27.2,27.237,27.229,27.244,27.193,27.17,27.126,27.111,27.097,27.045,26.993,26.912,26.823,26.578,26.548,26.518,26.139,26.251,26.101,25.945,25.81,25.75,25.698,25.525,25.458,25.405,25.405,25.398,25.368,25.398,25.473,25.518,25.698,26.429,26.808,26.8,26.756,26.667,25.765,24.969,25.052,24.659,24.538,24.424,24.386,24.341,24.356,24.363,24.348,24.371,24.371,24.424,24.401,24.462,24.523,24.56,24.583,24.598,24.651,24.674,24.727,24.727,24.742,24.78,24.765,24.81,24.855,24.863,24.893,24.969,24.984,25.044,25.074,25.119,25.149,25.18,25.21,25.292,25.285,25.405,25.42,25.533,25.63,25.705,25.765,25.795,25.862,25.915,25.989,26.027,26.034,26.057,26.101,26.131,26.124,26.161,26.169,26.109,26.034,26.019,25.975,25.96,25.922,25.885,25.84,25.803,25.743,25.698,25.675,25.585,25.63,25.563,25.563,25.548,25.555,25.593,25.638,25.803,25.945,26.191,26.027,26.347,26.815,27.074,27.207,27.348,27.399,27.443,27.502,27.546,27.539,27.569,27.539,27.554,27.576,27.598,27.635,27.694,27.73,27.774,28.016,28.287,28.36,28.302,28.375,28.353,28.28,27.76,27.384,27.052,26.83,26.6,26.385,26.198,26.131,25.997,25.69,25.608,25.315,25.255,25.225,25.187,25.082,25.097,25.036,25.036,24.984,25.021,25.036,25.089,25.119,25.187,25.3,25.323,25.285,25.443,25.405,25.428,25.435,25.458,25.473,25.473,25.375,25.42,25.338,25.323,25.217,25.127,24.976,24.825,24.757,24.287,23.93,23.869,23.823,23.838,23.808,23.823,23.823,23.831,23.816,23.8,23.777,23.762,23.755,23.747,23.747,23.755,23.762,23.747,23.739,23.716,23.709,23.709,23.686,23.701,23.724,23.648
,23.502,23.495,23.456,23.464,23.449,23.464,23.502,23.502,23.479,23.449,23.487,23.433,23.395,23.487,23.472,23.495,23.502,23.479,23.487,23.548,23.533,23.533,23.548,23.533,23.518,23.518,23.51,23.518,23.51,23.51,23.525,23.541,23.617,23.533,23.548,23.525,23.518,23.518,23.541,23.541,23.548,23.556,23.556,23.579,23.586,23.609,23.602,23.594,23.594,23.648,23.648,23.663,23.693,23.686,23.739,23.892,24.044,24.287,24.432,24.538,24.659,24.629,24.613,24.651,24.719,24.727,24.75,24.78,24.787,24.81,24.848,24.886,24.916,24.923,24.991,25.006,25.059,25.074,25.074,25.127,25.225,25.27,25.323,25.458,25.51,25.608,25.63,25.788,25.758,25.9,25.945,26.019,26.034,26.049,26.072,26.049,26.101,26.146,26.183,26.206,26.251,26.333,26.273,26.303,26.318,26.303,26.325,26.34,26.377,26.34,26.362,26.236,26.131,26.019,25.989,25.952,25.885,25.892,25.87,25.877,25.885,25.96,26.034,26.116,26.124,26.236,26.258,26.303,26.221,26.221,26.124,26.034,25.862,25.832,25.765,25.758,25.668,25.63,25.645,25.608,25.623,25.6,25.578,25.563,25.555,25.548,25.525,25.495,25.465,25.45,25.42,25.428,25.42,25.398,25.428,25.42,25.443,25.473,25.473,25.488,25.435,25.57,25.54,25.525,25.54,25.495,25.473,25.473,25.45,25.465,25.465,25.488,25.51,25.593,25.615,25.713,25.788,25.832,25.982,26.786,27.458,27.414,27.384,27.414,27.399,27.384,27.384,27.414,27.414,27.443,27.465,27.495,27.517,27.569,27.605,27.649,27.642,27.686,27.671,27.627,27.561,27.348,26.124,25.413,25.383,25.42,25.443,25.458,25.518,25.555,25.803,25.855,25.922,26.094,26.258,26.697,26.689,26.808,26.978,27.089,27.178,27.207,27.185,27.185,27.193,27.17,27.141,27.119,27.074,26.978,26.845,26.897,26.66,26.541,26.466,26.385,26.183,26.109,25.997,25.915,25.84,25.818,25.795,25.765,25.743,25.713,25.66,25.638,25.645,25.645,25.675,25.72,25.765,25.81,25.877,25.937,25.96,26.042,26.072,26.288,26.429,26.593,26.712,26.815,27,27.458,28.397,28.608,28.564,28.535,28.513,28.426,28.411,28.338,27.899,26.615,25.982,25.48,25.48,25.458,25.45,25.45,25.473,25.45,25.488,25.503,25.578,25.63,25.645,25.72,25.825,25.922,26.027,26.012,26.072,26.191,26.333,26.422,26.429,26.578,26.645,26.712,26.756,26.8,26.845,26.86,26.904,26.963,26.978,27.015,27.037,27.023,27.008,27.015,26.949,26.926,26.897,26.83,26.815,26.712,26.667,26.518,26.444,26.303,26.243,26.109,26.057,26.049,26.004,25.885,25.877,25.728,25.705,25.683,25.615,25.615,25.578,25.54,25.585,25.608,25.653,26.042,26.429,26.66,26.756,26.793,26.838,26.83,26.86,26.867,26.867,26.867,26.845,26.852,26.815,26.83,26.845,26.882,26.897,26.904,26.956,26.971,26.956,26.963,27.008,27.074,27.045,27.119,27.141,27.06,27.178,27.207,27.185,27.229,27.215,27.193,27.185,27.17,27.163,27.17,27.163,27.141,27.082,27.06,27,26.926,26.919,26.845,26.771,26.667,26.622,26.563,26.481,26.496,26.459,26.437,26.444,26.399,26.392,26.377,26.392,26.392,26.377,26.422,26.429,26.526,26.66,26.578,26.793,26.904,26.963,27.008,27.008,27.03,27.06,27.052,27.097,27.074,27.097,27.141,27.207,27.133,27.229,27.215,27.2,27.229,27.215,27.17,27.141,27.119,27.082,27.037,26.978,26.941,26.838,26.63,26.563,26.466,26.362,26.027,26.012,25.877,25.773,25.803,25.638,25.533,25.48,25.428,25.405,25.368,25.405,25.39,25.413,25.45,25.503,26.585,26.778,26.808,26.749,26.786,26.258,25.27,24.954,24.712,24.53,24.477,24.386,24.371,24.363,24.341,24.341,24.386,24.379,24.409,24.454,24.439,24.507,24.492,24.492,24.629,24.629,24.682,24.704,24.712,24.719,24.712,24.742,24.803,24.863,24.825,24.908,24.938,24.976,25.029,25.067,25.097,25.119,25.157,25.172,25.217,25.323,25.323,25.503,25.488,25.585,25.705,25.698,25.788,25.773,25.982,25.989,26.004,26.027,26.042,26.042,26.079,26.101,26.094,26.087,26.012,26.019,25.967,25.945,25.937,25.847,25.862,25.825,25.795,25.713,25.66,25.608,25.593,25.608,25.563,25.555,25.555,25.495,25.578,25.608,25.593,25.9,25.982,26.265,26.377,26.86,26.875,27.237,27.296,27.473,27.532,27.561,27.605,27.569,27.598,27.583,27.598,27.605,27.627,27.642,27.708,27.73,27.745,27.906,28.258,28.309,28.331,28.273,28.236,28.287,27.642,27.414,27.266,26.963,26.593,26.548,26.295,26.087,25.825,25.54,25.465,25.27,25.345,25.24,25.232,25.165,25.097,24.991,24.999,24.991,25.021,25.006,25.021,25.104,25.157,25.172,25.247,25.277,25.33,25.405,25.435,25.45,25.465,25.45,25.473,25.473,25.51,25.405,25.42,25.39,25.247,25.082,25.052,24.803,24.644,24.523,24.211,23.899,23.907,23.854,23.838,23.854,23.823,23.823,23.793,23.777,23.762,23.755,23.762,23.739,23.755,23.793,23.724,23.747,23.732,23.709,23.701,23.693,23.693,23.678,23.732
,23.479,23.502,23.449,23.464,23.472,23.487,23.502,23.487,23.487,23.472,23.441,23.456,23.456,23.426,23.487,23.487,23.495,23.495,23.525,23.518,23.518,23.556,23.556,23.525,23.564,23.525,23.525,23.525,23.533,23.518,23.548,23.533,23.625,23.648,23.525,23.571,23.518,23.518,23.533,23.556,23.571,23.564,23.579,23.617,23.617,23.64,23.564,23.586,23.579,23.648,23.64,23.671,23.663,23.747,23.8,24.037,24.204,24.439,24.553,24.568,24.621,24.666,24.689,24.689,24.727,24.719,24.742,24.772,24.84,24.803,24.84,24.901,24.886,24.961,24.991,24.999,25.014,25.059,25.059,25.157,25.225,25.255,25.33,25.503,25.548,25.593,25.645,25.66,25.818,25.832,25.945,25.975,25.997,25.967,26.027,26.064,26.139,26.169,26.176,26.198,26.213,26.243,26.288,26.288,26.295,26.295,26.295,26.295,26.28,26.303,26.295,26.169,26.116,26.034,25.87,25.847,25.84,25.825,25.832,25.862,25.915,25.892,25.967,26.094,26.064,26.101,26.146,26.087,26.057,25.892,26.019,25.84,25.982,25.765,25.72,25.653,25.623,25.653,25.63,25.608,25.6,25.608,25.57,25.563,25.548,25.533,25.51,25.458,25.443,25.42,25.413,25.413,25.398,25.42,25.435,25.443,25.465,25.458,25.503,25.488,25.51,25.548,25.555,25.51,25.473,25.495,25.465,25.443,25.435,25.458,25.435,25.488,25.51,25.593,25.645,25.788,25.728,25.9,26.198,27.193,27.348,27.377,27.377,27.355,27.362,27.377,27.384,27.399,27.414,27.421,27.443,27.51,27.502,27.569,27.598,27.635,27.649,27.664,27.642,27.671,27.605,27.045,25.435,25.413,25.42,25.428,25.428,25.465,25.548,25.608,25.668,25.952,26.042,26.131,26.385,26.57,26.66,26.83,26.956,27.089,27.119,27.185,27.222,27.207,27.193,27.163,27.133,27.082,27.074,26.978,26.897,26.875,26.63,26.489,26.407,26.392,26.28,26.057,26.049,25.892,25.87,25.788,25.765,25.758,25.713,25.713,25.653,25.653,25.623,25.645,25.668,25.728,25.75,25.84,25.832,25.922,25.989,26.042,26.109,26.303,26.422,26.496,26.563,26.756,26.882,27.48,28.477,28.637,28.564,28.543,28.506,28.484,28.455,28.397,27.892,26.712,25.72,25.495,25.548,25.48,25.458,25.45,25.465,25.458,25.48,25.48,25.555,25.638,25.683,25.765,25.862,25.907,25.975,26.012,26.094,26.183,26.355,26.459,26.496,26.622,26.63,26.741,26.793,26.823,26.838,26.875,26.912,26.956,26.978,26.993,26.978,26.978,27,26.993,26.949,26.956,26.912,26.86,26.823,26.667,26.689,26.541,26.511,26.429,26.191,26.087,26.027,26.034,25.975,25.795,25.758,25.78,25.645,25.608,25.593,25.563,25.548,25.563,25.54,25.593,25.788,26.318,26.615,26.704,26.756,26.793,26.808,26.823,26.852,26.852,26.852,26.852,26.852,26.845,26.845,26.86,26.852,26.882,26.889,26.949,26.949,27.023,27.008,27.074,27.067,27.141,27.156,27.229,27.237,27.237,27.252,27.244,27.237,27.229,27.229,27.222,27.215,27.2,27.193,27.185,27.193,27.17,27.141,27.082,27.067,27.023,26.956,26.845,26.8,26.704,26.615,26.511,26.474,26.496,26.452,26.437,26.437,26.422,26.392,26.385,26.377,26.392,26.399,26.407,26.414,26.481,26.548,26.578,26.867,26.919,26.941,26.963,27.015,27.045,27.067,27.089,27.097,27.097,27.104,27.119,27.17,27.156,27.2,27.207,27.2,27.215,27.207,27.17,27.156,27.111,27.104,27.008,26.941,26.897,26.83,26.63,26.585,26.511,26.355,26.131,26.206,25.937,25.967,25.788,25.72,25.518,25.473,25.405,25.39,25.33,25.33,25.345,25.36,25.375,25.398,26.585,26.763,26.741,26.734,26.867,26.585,25.443,25.157,24.961,24.545,24.394,24.454,24.363,24.371,24.363,24.356,24.371,24.386,24.432,24.462,24.432,24.477,24.485,24.477,24.659,24.621,24.659,24.682,24.697,24.719,24.719,24.75,24.765,24.787,24.84,24.863,24.946,24.961,25.036,25.044,25.082,25.104,25.119,25.127,25.195,25.247,25.405,25.473,25.488,25.585,25.638,25.72,25.758,25.825,25.922,25.937,25.982,26.019,26.004,26.027,25.982,26.004,26.042,25.982,25.967,25.937,25.907,25.907,25.892,25.84,25.818,25.788,25.773,25.69,25.608,25.623,25.585,25.585,25.57,25.555,25.54,25.533,25.533,25.533,25.66,26.034,26.169,26.258,26.541,27.008,27.17,27.17,27.429,27.62,27.686,27.694,27.664,27.642,27.627,27.613,27.649,27.613,27.657,27.671,27.708,27.745,27.767,27.972,28.243,28.367,28.258,28.243,28.287,28.28,27.936,27.281,26.956,27.008,26.637,26.399,26.288,26.116,25.743,25.63,25.623,25.443,25.435,25.308,25.187,25.165,25.044,25.059,24.954,24.999,24.991,25.052,25.059,25.036,25.119,25.089,25.157,25.18,25.36,25.375,25.398,25.428,25.435,25.435,25.45,25.473,25.503,25.48,25.548,25.405,25.3,25.18,25.134,25.029,24.976,24.916,24.598,24.295,23.915,23.869,23.869,23.861,23.838,23.816,23.793,23.777,23.762,23.747,23.755,23.762,23.77,23.777,23.755,23.747,23.739,23.716,23.701,23.693,23.701,23.678,23.709
,23.449,23.441,23.464,23.487,23.472,23.464,23.479,23.487,23.479,23.487,23.456,23.441,23.433,23.495,23.502,23.495,23.487,23.479,23.479,23.479,23.51,23.533,23.556,23.594,23.556,23.533,23.533,23.556,23.541,23.548,23.533,23.541,23.602,23.556,23.556,23.525,23.518,23.533,23.564,23.533,23.571,23.594,23.579,23.617,23.609,23.594,23.586,23.609,23.602,23.586,23.648,23.716,23.686,23.785,23.93,24.31,24.371,24.394,24.53,24.591,24.613,24.629,24.719,24.727,24.719,24.735,24.712,24.75,24.795,24.833,24.803,24.863,24.901,24.901,24.954,24.969,24.999,25.044,25.044,25.142,25.172,25.262,25.292,25.375,25.533,25.578,25.623,25.758,25.803,25.892,25.922,25.937,25.967,25.989,26.034,26.034,26.057,26.146,26.154,26.191,26.198,26.251,26.243,26.265,26.251,26.243,26.258,26.258,26.28,26.243,26.288,26.154,26.064,25.989,25.915,25.825,25.78,25.75,25.758,25.788,25.832,25.877,25.937,26.012,26.004,26.019,26.064,26.027,25.975,25.997,25.773,25.773,25.743,25.645,25.63,25.6,25.623,25.593,25.593,25.593,25.608,25.57,25.57,25.533,25.54,25.518,25.488,25.443,25.42,25.405,25.398,25.398,25.405,25.428,25.465,25.45,25.465,25.473,25.488,25.495,25.563,25.54,25.563,25.488,25.48,25.443,25.443,25.443,25.435,25.443,25.45,25.465,25.533,25.615,25.675,25.735,25.81,25.907,26.377,27.274,27.355,27.311,27.333,27.348,27.348,27.348,27.377,27.348,27.384,27.399,27.443,27.473,27.51,27.546,27.598,27.613,27.642,27.649,27.613,27.635,27.429,26.474,25.405,25.39,25.405,25.428,25.428,25.503,25.548,25.57,25.705,25.967,25.952,26.079,26.251,26.712,26.808,27.008,27.045,27.119,27.156,27.207,27.207,27.215,27.2,27.185,27.17,27.126,27.06,27.023,26.978,26.889,26.6,26.466,26.399,26.206,26.094,26.109,26.042,25.9,25.803,25.788,25.765,25.705,25.713,25.705,25.638,25.63,25.615,25.615,25.638,25.675,25.758,25.788,25.825,25.862,25.967,26.019,26.176,26.333,26.444,26.533,26.481,26.786,26.934,27.539,28.564,28.601,28.601,28.572,28.499,28.47,28.389,28.419,28.148,26.749,25.6,25.525,25.495,25.51,25.473,25.465,25.465,25.488,25.503,25.503,25.555,25.615,25.683,25.765,25.892,25.93,25.982,26.049,26.079,26.116,26.34,26.414,26.496,26.556,26.682,26.741,26.808,26.823,26.86,26.897,26.919,26.949,26.978,26.978,26.986,26.986,26.978,26.978,26.949,26.919,26.904,26.838,26.756,26.66,26.622,26.541,26.444,26.258,26.101,26.012,25.997,25.937,25.915,25.803,25.78,25.675,25.638,25.585,25.57,25.54,25.533,25.608,25.683,25.608,26.28,26.518,26.63,26.719,26.749,26.793,26.793,26.823,26.838,26.852,26.86,26.882,26.86,26.926,26.882,26.86,26.875,26.904,26.904,26.971,27.03,27.052,27.074,27.133,27.178,27.185,27.215,27.252,27.252,27.281,27.281,27.281,27.266,27.281,27.259,27.244,27.229,27.229,27.207,27.2,27.207,27.17,27.17,27.133,27.111,27.015,26.971,26.867,26.8,26.756,26.637,26.541,26.481,26.474,26.429,26.422,26.437,26.399,26.399,26.392,26.385,26.347,26.37,26.399,26.444,26.489,26.585,26.615,26.86,26.941,26.978,27.008,27.023,27.06,27.067,27.074,27.089,27.119,27.089,27.133,27.111,27.141,27.163,27.185,27.178,27.185,27.148,27.185,27.163,27.141,27.097,27.052,26.986,26.934,26.8,26.704,26.615,26.511,26.273,26.169,26.079,25.975,25.803,25.743,25.66,25.593,25.48,25.435,25.368,25.315,25.323,25.338,25.33,25.368,25.413,26.094,26.719,26.726,26.763,26.808,26.734,25.72,25.067,24.719,24.636,24.538,24.439,24.401,24.371,24.363,24.348,24.371,24.371,24.394,24.416,24.416,24.477,24.53,24.545,24.576,24.606,24.666,24.689,24.697,24.712,24.727,24.742,24.772,24.825,24.825,24.863,24.946,24.969,24.999,25.052,25.074,25.097,25.104,25.18,25.172,25.323,25.413,25.443,25.473,25.51,25.668,25.63,25.728,25.78,25.832,25.945,25.945,25.975,25.989,25.96,25.967,25.945,26.004,25.922,25.945,25.945,25.855,25.855,25.84,25.855,25.765,25.788,25.705,25.72,25.668,25.623,25.57,25.563,25.548,25.525,25.488,25.555,25.548,25.525,25.75,25.877,25.907,26.251,26.28,27.015,27.163,27.399,27.561,27.627,27.657,27.73,27.694,27.686,27.671,27.642,27.664,27.642,27.664,27.708,27.723,27.716,27.774,28.024,28.024,28.338,28.309,28.324,28.097,28.207,27.679,27.119,27.185,26.815,26.749,26.526,26.139,26.019,25.862,25.585,25.525,25.383,25.36,25.383,25.27,25.172,25.127,25.067,25.006,24.961,24.984,24.984,25.044,25.067,25.089,25.157,25.18,25.232,25.225,25.338,25.398,25.398,25.42,25.458,25.495,25.465,25.473,25.503,25.42,25.45,25.368,25.292,25.127,25.157,25.074,24.886,25.044,24.893,24.598,23.892,23.884,23.861,23.869,23.793,23.831,23.755,23.77,23.747,23.755,23.762,23.777,23.739,23.747,23.793,23.724,23.732,23.709,23.747,23.686,23.686,23.709
,23.41,23.479,23.487,23.479,23.472,23.472,23.479,23.487,23.479,23.487,23.495,23.495,23.456,23.487,23.487,23.464,23.495,23.479,23.472,23.502,23.518,23.548,23.541,23.556,23.564,23.449,23.564,23.541,23.518,23.525,23.51,23.548,23.556,23.541,23.602,23.564,23.525,23.525,23.571,23.579,23.579,23.579,23.594,23.586,23.602,23.609,23.617,23.632,23.701,23.648,23.648,23.785,23.976,24.067,24.272,24.31,24.447,24.477,24.53,24.621,24.659,24.666,24.735,24.75,24.75,24.75,24.742,24.742,24.78,24.795,24.833,24.855,24.893,24.886,24.938,24.984,25.014,25.029,25.036,25.149,25.165,25.247,25.33,25.435,25.465,25.585,25.713,25.66,25.818,25.862,25.847,25.937,25.93,25.907,26.027,25.997,26.034,26.154,26.154,26.183,26.176,26.191,26.221,26.221,26.213,26.228,26.221,26.236,26.191,26.176,26.228,26.064,25.87,25.87,25.81,25.75,25.735,25.743,25.773,25.758,25.78,25.832,25.892,25.892,25.975,25.907,25.892,25.877,25.975,25.75,25.788,25.615,25.66,25.57,25.608,25.548,25.563,25.585,25.585,25.608,25.578,25.548,25.548,25.518,25.488,25.458,25.435,25.42,25.39,25.383,25.383,25.398,25.405,25.435,25.443,25.458,25.503,25.503,25.495,25.51,25.518,25.54,25.465,25.48,25.443,25.42,25.428,25.42,25.428,25.435,25.443,25.458,25.555,25.668,25.66,25.728,25.93,26.407,27.133,27.37,27.318,27.303,27.296,27.318,27.325,27.348,27.333,27.362,27.392,27.421,27.436,27.473,27.502,27.524,27.546,27.627,27.642,27.657,27.532,27.576,27.451,25.668,25.42,25.413,25.405,25.42,25.443,25.458,25.54,25.6,25.877,25.855,26.072,26.183,26.34,26.741,26.86,26.912,27.06,27.082,27.141,27.207,27.215,27.222,27.215,27.2,27.148,27.082,27.045,27.03,26.897,26.741,26.563,26.481,26.355,26.198,26.101,26.057,25.937,25.862,25.803,25.758,25.758,25.69,25.683,25.653,25.645,25.623,25.615,25.615,25.63,25.66,25.705,25.75,25.795,25.855,26.012,25.952,26.213,26.265,26.392,26.496,26.845,26.786,26.978,27.62,28.615,28.615,28.615,28.572,28.557,28.521,28.44,28.375,28.046,26.719,25.645,25.51,25.503,25.48,25.465,25.465,25.465,25.488,25.48,25.533,25.57,25.675,25.705,25.825,25.87,25.937,25.982,26.019,26.079,26.139,26.303,26.489,26.533,26.593,26.682,26.734,26.793,26.838,26.875,26.904,26.926,26.956,26.978,26.993,26.993,26.978,26.949,26.941,26.926,26.919,26.882,26.793,26.741,26.697,26.608,26.511,26.169,26.213,26.072,25.982,26.012,25.9,25.825,25.743,25.705,25.683,25.585,25.555,25.548,25.555,25.608,25.623,25.623,25.773,26.258,26.496,26.674,26.719,26.756,26.771,26.793,26.8,26.852,26.845,26.882,26.882,26.897,26.889,26.875,26.904,26.889,26.963,26.971,27.015,27.045,27.126,27.111,27.2,27.222,27.229,27.244,27.274,27.303,27.296,27.311,27.303,27.289,27.311,27.281,27.244,27.244,27.244,27.215,27.2,27.193,27.193,27.163,27.156,27.126,27.03,26.926,26.912,26.763,26.712,26.667,26.57,26.481,26.474,26.452,26.437,26.414,26.422,26.399,26.37,26.34,26.377,26.37,26.355,26.407,26.466,26.57,26.622,26.808,26.949,26.956,27.008,27.023,27.03,27.067,27.082,27.089,27.097,27.097,27.089,27.097,27.126,27.141,27.148,27.148,27.156,27.156,27.156,27.178,27.133,27.097,27.067,26.993,26.867,26.793,26.786,26.645,26.452,26.377,26.139,26.049,25.84,26.057,25.75,25.6,25.653,25.428,25.398,25.315,25.3,25.285,25.285,25.33,25.33,25.345,25.75,26.674,26.756,26.793,26.838,26.808,26.042,25.021,24.878,24.644,24.545,24.492,24.379,24.371,24.363,24.348,24.356,24.401,24.379,24.409,24.432,24.432,24.485,24.5,24.553,24.629,24.629,24.674,24.712,24.719,24.735,24.765,24.78,24.803,24.833,24.81,24.938,24.938,25.006,25.006,25.067,25.067,25.089,25.149,25.225,25.315,25.42,25.458,25.473,25.488,25.495,25.713,25.728,25.75,25.795,25.81,25.87,25.862,25.915,25.877,25.892,25.922,25.9,25.877,25.885,25.862,25.847,25.855,25.728,25.765,25.713,25.735,25.683,25.645,25.6,25.6,25.555,25.518,25.503,25.518,25.525,25.54,25.54,25.578,25.728,25.69,25.9,26.399,26.704,26.852,27.141,27.414,27.657,27.664,27.708,27.738,27.745,27.745,27.701,27.708,27.671,27.708,27.686,27.708,27.752,27.73,27.855,27.928,28.09,28.214,28.28,28.192,28.243,28.053,27.686,27.51,27.362,26.956,26.726,26.674,26.34,26.012,25.638,25.66,25.57,25.518,25.345,25.323,25.277,25.21,25.187,25.067,24.984,24.984,24.976,24.999,24.976,24.991,25.059,25.104,25.104,25.202,25.292,25.24,25.33,25.383,25.443,25.443,25.48,25.473,25.48,25.518,25.495,25.443,25.428,25.353,25.383,25.232,25.187,25.157,25.187,24.991,24.56,24.143,23.915,23.869,23.869,23.816,23.808,23.777,23.777,23.747,23.747,23.762,23.777,23.755,23.762,23.755,23.724,23.732,23.716,23.701,23.671,23.724,23.678
,23.441,23.441,23.487,23.456,23.502,23.479,23.479,23.479,23.502,23.495,23.502,23.487,23.51,23.479,23.495,23.495,23.502,23.495,23.472,23.502,23.518,23.541,23.548,23.556,23.525,23.456,23.571,23.51,23.571,23.533,23.525,23.541,23.556,23.541,23.541,23.571,23.548,23.533,23.556,23.594,23.579,23.602,23.594,23.594,23.617,23.617,23.625,23.632,23.686,23.701,23.671,24.067,24.12,24.219,24.363,24.477,24.523,24.56,24.598,24.636,24.621,24.704,24.735,24.735,24.75,24.735,24.719,24.765,24.757,24.78,24.81,24.803,24.833,24.908,24.938,24.908,25.006,25.044,25.029,25.134,25.195,25.277,25.3,25.435,25.51,25.57,25.578,25.63,25.66,25.773,25.81,25.87,25.915,25.937,25.975,25.989,25.989,26.101,26.064,26.139,26.161,26.176,26.191,26.213,26.198,26.198,26.183,26.176,26.161,26.109,26.027,25.945,25.81,25.788,25.735,25.675,25.683,25.683,25.683,25.683,25.758,25.75,25.788,25.818,25.818,25.81,25.87,25.713,25.668,25.668,25.57,25.563,25.518,25.518,25.503,25.495,25.533,25.548,25.563,25.585,25.585,25.525,25.533,25.51,25.45,25.428,25.42,25.398,25.383,25.383,25.383,25.398,25.428,25.443,25.465,25.488,25.495,25.495,25.503,25.503,25.548,25.48,25.503,25.473,25.42,25.428,25.458,25.428,25.428,25.435,25.458,25.51,25.578,25.638,25.773,25.788,25.825,26.481,27.34,27.325,27.333,27.318,27.289,27.281,27.296,27.303,27.34,27.37,27.325,27.421,27.429,27.465,27.51,27.546,27.598,27.583,27.62,27.627,27.664,27.458,27.178,25.495,25.42,25.375,25.405,25.413,25.443,25.465,25.533,25.548,25.832,25.989,25.937,26.161,26.481,26.697,26.838,26.949,27.052,27.133,27.207,27.2,27.229,27.229,27.222,27.193,27.178,27.074,27.015,27.008,26.86,26.793,26.556,26.414,26.228,26.236,26.124,26.034,25.93,25.84,25.78,25.758,25.735,25.668,25.645,25.638,25.63,25.653,25.615,25.593,25.593,25.63,25.69,25.728,25.818,25.855,25.9,26.049,26.146,26.273,26.347,26.511,26.645,26.778,26.867,27.752,28.652,28.63,28.637,28.615,28.521,28.499,28.44,28.36,28.082,26.771,25.713,25.518,25.495,25.473,25.473,25.45,25.503,25.488,25.525,25.54,25.578,25.66,25.705,25.78,25.855,25.922,25.967,25.997,26.146,26.228,26.362,26.407,26.548,26.593,26.652,26.734,26.823,26.852,26.882,26.897,26.919,26.941,26.963,26.963,26.978,26.956,26.934,26.926,26.882,26.882,26.845,26.8,26.756,26.704,26.6,26.459,26.303,26.139,25.96,25.952,25.862,25.885,25.78,25.698,25.653,25.66,25.57,25.548,25.54,25.548,25.555,25.66,25.555,25.907,26.437,26.578,26.689,26.734,26.734,26.756,26.771,26.808,26.852,26.838,26.875,26.897,26.934,26.882,26.904,26.934,26.971,26.963,27.104,27.045,27.156,27.185,27.193,27.215,27.252,27.274,27.281,27.296,27.325,27.311,27.362,27.311,27.34,27.311,27.289,27.289,27.266,27.266,27.266,27.237,27.207,27.207,27.185,27.178,27.089,27.074,27.037,26.926,26.778,26.786,26.63,26.608,26.563,26.496,26.466,26.444,26.414,26.422,26.392,26.347,26.347,26.34,26.347,26.377,26.414,26.444,26.541,26.66,26.734,26.867,26.926,26.956,27.008,27.037,27.06,27.074,27.067,27.052,27.067,27.074,27.082,27.097,27.119,27.126,27.119,27.126,27.133,27.141,27.156,27.141,27.119,27.104,26.993,26.941,26.875,26.778,26.726,26.66,26.422,26.258,26.169,25.967,25.945,25.72,25.66,25.54,25.443,25.375,25.315,25.285,25.277,25.277,25.3,25.338,25.623,25.51,26.57,26.674,26.667,26.674,26.734,26.414,25.323,24.946,24.742,24.591,24.507,24.439,24.371,24.348,24.356,24.348,24.356,24.371,24.394,24.432,24.454,24.507,24.553,24.56,24.591,24.644,24.666,24.697,24.727,24.757,24.75,24.772,24.803,24.742,24.81,24.84,24.878,24.976,25.036,25.006,25.089,25.119,25.149,25.21,25.292,25.428,25.443,25.488,25.495,25.6,25.675,25.72,25.75,25.758,25.832,25.788,25.788,25.832,25.832,25.855,25.84,25.81,25.847,25.832,25.788,25.788,25.743,25.72,25.66,25.69,25.69,25.615,25.683,25.63,25.585,25.48,25.518,25.525,25.48,25.518,25.533,25.555,25.623,25.735,25.765,25.825,26.362,26.541,26.978,27.259,27.554,27.701,27.716,27.833,27.811,27.804,27.796,27.752,27.723,27.73,27.686,27.716,27.716,27.796,27.774,27.789,27.804,28.009,28.214,28.28,28.28,28.243,28.236,27.877,27.576,27.399,26.845,26.882,26.481,26.094,26.034,25.758,25.578,25.593,25.45,25.42,25.375,25.285,25.217,25.172,25.036,24.999,24.984,24.961,24.954,24.976,25.014,25.044,25.104,25.097,25.157,25.187,25.285,25.3,25.353,25.405,25.42,25.465,25.465,25.473,25.525,25.533,25.458,25.465,25.428,25.353,25.323,25.353,25.134,25.089,25.036,25.052,24.644,23.968,23.899,23.877,23.877,23.777,23.755,23.77,23.77,23.785,23.755,23.747,23.777,23.747,23.831,23.747,23.755,23.724,23.732,23.739,23.693,23.671
,23.433,23.464,23.464,23.479,23.487,23.479,23.464,23.495,23.472,23.472,23.479,23.456,23.449,23.502,23.479,23.502,23.495,23.502,23.51,23.51,23.51,23.525,23.541,23.548,23.533,23.548,23.579,23.541,23.541,23.525,23.518,23.525,23.541,23.571,23.564,23.564,23.556,23.564,23.571,23.586,23.586,23.571,23.586,23.602,23.625,23.655,23.663,23.709,23.755,23.808,23.747,23.976,24.173,24.272,24.325,24.545,24.576,24.591,24.666,24.651,24.659,24.704,24.727,24.727,24.727,24.735,24.719,24.742,24.735,24.712,24.81,24.795,24.818,24.878,24.908,24.969,24.991,24.999,25.036,25.157,25.18,25.277,25.315,25.405,25.48,25.503,25.623,25.63,25.638,25.645,25.803,25.825,25.885,25.922,25.96,25.952,25.952,26.019,26.109,26.131,26.094,26.139,26.169,26.198,26.198,26.176,26.146,26.146,26.101,26.072,25.945,25.877,25.758,25.728,25.705,25.69,25.653,25.623,25.653,25.645,25.69,25.735,25.705,25.75,25.698,25.75,25.6,25.593,25.555,25.518,25.495,25.518,25.473,25.48,25.458,25.488,25.518,25.518,25.54,25.533,25.503,25.473,25.503,25.435,25.435,25.42,25.405,25.39,25.383,25.398,25.383,25.398,25.435,25.465,25.518,25.495,25.503,25.495,25.495,25.503,25.473,25.473,25.458,25.405,25.458,25.458,25.443,25.428,25.48,25.458,25.473,25.51,25.578,25.66,25.78,25.862,26.094,26.518,27.34,27.303,27.311,27.311,27.281,27.289,27.266,27.289,27.296,27.289,27.34,27.348,27.429,27.458,27.502,27.546,27.576,27.598,27.649,27.605,27.495,27.48,26.712,25.383,25.338,25.353,25.398,25.45,25.45,25.503,25.488,25.578,25.705,25.922,26.183,26.116,26.548,26.652,26.778,26.993,27.111,27.163,27.2,27.229,27.237,27.229,27.215,27.207,27.17,27.126,27.126,27.037,26.986,26.904,26.556,26.399,26.325,26.221,26.116,25.989,25.87,25.847,25.788,25.735,25.713,25.645,25.63,25.645,25.615,25.623,25.615,25.578,25.608,25.63,25.675,25.713,25.795,25.825,25.862,26.027,26.079,26.303,26.273,26.362,26.608,26.697,27.089,27.48,28.725,28.674,28.659,28.594,28.528,28.513,28.448,28.353,28.112,26.622,25.63,25.51,25.488,25.495,25.45,25.435,25.473,25.525,25.525,25.578,25.57,25.615,25.645,25.743,25.84,25.84,25.96,26.042,26.146,26.273,26.355,26.444,26.548,26.578,26.674,26.726,26.823,26.86,26.882,26.919,26.912,26.941,26.949,26.963,26.941,26.971,26.956,26.897,26.882,26.86,26.838,26.786,26.749,26.667,26.526,26.474,26.474,26.124,25.93,25.982,25.885,25.81,25.773,25.728,25.668,25.638,25.533,25.51,25.51,25.503,25.645,25.72,25.758,25.788,26.154,26.667,26.697,26.719,26.734,26.771,26.756,26.734,26.778,26.786,26.845,26.919,26.912,26.926,26.934,26.986,27.008,27.037,27.133,27.141,27.156,27.229,27.252,27.289,27.296,27.325,27.303,27.333,27.355,27.355,27.377,27.377,27.37,27.37,27.325,27.318,27.311,27.281,27.289,27.244,27.259,27.207,27.207,27.156,27.133,27.052,27.045,26.934,26.808,26.749,26.667,26.548,26.556,26.548,26.466,26.459,26.437,26.414,26.407,26.37,26.325,26.355,26.347,26.362,26.429,26.504,26.533,26.637,26.719,26.778,26.904,26.978,26.978,27.015,27.03,27.052,27.052,27.06,27.052,27.06,27.067,27.097,27.082,27.111,27.089,27.104,27.126,27.141,27.141,27.148,27.126,27.097,27.067,26.963,26.926,26.838,26.652,26.645,26.34,26.288,26.303,26.109,25.877,25.713,25.645,25.533,25.428,25.383,25.338,25.24,25.277,25.262,25.292,25.3,25.375,25.69,26.385,26.66,26.682,26.712,26.6,26.622,25.683,25.142,24.78,24.666,24.53,24.5,24.432,24.394,24.356,24.341,24.356,24.363,24.409,24.416,24.409,24.507,24.507,24.568,24.591,24.636,24.666,24.697,24.727,24.727,24.765,24.765,24.825,24.78,24.825,24.833,24.923,24.961,24.999,25.036,25.074,25.104,25.187,25.24,25.353,25.383,25.45,25.48,25.525,25.6,25.66,25.69,25.735,25.743,25.728,25.78,25.758,25.788,25.795,25.773,25.803,25.758,25.773,25.795,25.81,25.788,25.788,25.653,25.66,25.615,25.653,25.6,25.555,25.555,25.548,25.525,25.473,25.45,25.488,25.525,25.54,25.563,25.615,25.585,25.705,26.161,26.079,26.57,26.815,27.126,27.348,27.635,27.767,27.811,27.833,27.848,27.84,27.811,27.789,27.76,27.738,27.752,27.745,27.796,27.752,27.826,27.906,28.002,28.185,28.258,28.229,28.119,28.046,27.517,27.407,27.193,26.808,26.786,26.83,26.258,26.087,25.84,25.96,25.585,25.503,25.443,25.398,25.323,25.232,25.187,25.119,25.036,25.029,25.006,24.969,25.021,24.991,24.999,25.097,25.104,25.149,25.165,25.202,25.292,25.285,25.36,25.443,25.465,25.45,25.503,25.518,25.48,25.518,25.473,25.428,25.42,25.36,25.3,25.24,25.195,25.119,25.006,24.765,24.439,23.991,23.892,23.915,23.869,23.785,23.854,23.762,23.777,23.724,23.777,23.732,23.823,23.808,23.793,23.724,23.762,23.724,23.716,23.64,23.655
,23.472,23.456,23.487,23.479,23.502,23.479,23.495,23.472,23.464,23.456,23.487,23.456,23.464,23.487,23.487,23.495,23.51,23.541,23.51,23.525,23.533,23.525,23.525,23.541,23.525,23.533,23.548,23.556,23.541,23.533,23.51,23.518,23.495,23.525,23.556,23.602,23.556,23.541,23.533,23.571,23.533,23.533,23.541,23.64,23.625,23.655,23.686,23.732,23.823,23.96,23.983,24.105,24.219,24.356,24.477,24.56,24.538,24.629,24.644,24.659,24.682,24.719,24.712,24.719,24.712,24.712,24.735,24.735,24.735,24.75,24.78,24.795,24.818,24.855,24.946,24.954,24.984,25.059,25.059,25.142,25.187,25.262,25.36,25.39,25.443,25.495,25.54,25.623,25.653,25.705,25.69,25.795,25.81,25.915,25.907,25.96,25.937,26.057,25.997,26.042,26.057,26.027,26.109,26.109,26.191,26.198,26.139,26.072,26.042,25.997,25.877,25.855,25.743,25.765,25.653,25.623,25.6,25.593,25.608,25.6,25.638,25.623,25.6,25.69,25.623,25.638,25.578,25.548,25.54,25.488,25.473,25.458,25.443,25.45,25.45,25.458,25.488,25.488,25.48,25.443,25.48,25.473,25.45,25.443,25.413,25.413,25.39,25.383,25.383,25.383,25.39,25.413,25.42,25.503,25.488,25.48,25.495,25.495,25.503,25.473,25.443,25.473,25.443,25.36,25.435,25.443,25.413,25.398,25.458,25.458,25.495,25.533,25.63,25.683,25.877,25.847,26.213,27.318,27.318,27.325,27.325,27.281,27.259,27.303,27.303,27.296,27.281,27.303,27.37,27.377,27.436,27.495,27.502,27.539,27.561,27.613,27.583,27.613,27.576,27.399,26.533,25.323,25.398,25.375,25.413,25.443,25.465,25.533,25.608,25.66,25.81,25.885,26.109,26.295,26.511,26.66,26.771,27.045,27.119,27.193,27.178,27.252,27.259,27.252,27.237,27.215,27.148,27.17,27.089,27.089,26.86,26.897,26.585,26.474,26.34,26.183,26.101,25.907,25.937,25.847,25.765,25.72,25.66,25.63,25.623,25.638,25.6,25.63,25.6,25.6,25.578,25.63,25.638,25.728,25.758,25.803,25.892,25.96,26.049,26.213,26.191,26.593,26.63,26.823,27.126,27.826,28.725,28.725,28.674,28.615,28.557,28.506,28.382,28.353,28.229,26.526,25.593,25.518,25.48,25.45,25.45,25.45,25.488,25.51,25.555,25.548,25.57,25.623,25.683,25.683,25.81,25.907,25.997,26.094,26.124,26.34,26.392,26.474,26.556,26.563,26.704,26.756,26.815,26.845,26.875,26.897,26.919,26.926,26.949,26.956,26.867,26.904,26.889,26.889,26.86,26.808,26.8,26.771,26.719,26.63,26.593,26.489,26.28,26.161,25.989,25.855,25.855,25.78,25.675,25.705,25.615,25.593,25.518,25.518,25.488,25.51,25.728,25.705,25.862,25.915,26.496,26.622,26.704,26.749,26.749,26.786,26.763,26.815,26.771,26.867,26.897,26.889,26.956,26.971,27,27,27.052,27.067,27.133,27.185,27.215,27.289,27.311,27.318,27.325,27.355,27.362,27.37,27.377,27.377,27.399,27.377,27.399,27.399,27.333,27.355,27.333,27.318,27.318,27.259,27.266,27.237,27.215,27.193,27.141,27.067,27.037,26.971,26.83,26.786,26.778,26.57,26.504,26.511,26.466,26.481,26.444,26.407,26.407,26.37,26.355,26.37,26.355,26.407,26.459,26.533,26.548,26.622,26.756,26.815,26.889,26.919,26.934,26.993,27,27.03,27.037,27.052,27.06,27.067,27.074,27.082,27.067,27.089,27.104,27.104,27.111,27.119,27.141,27.156,27.133,27.097,27.06,27,26.897,26.823,26.645,26.563,26.511,26.273,26.213,26.131,25.915,25.758,25.668,25.563,25.488,25.39,25.345,25.262,25.247,25.24,25.247,25.27,25.465,25.48,25.862,26.608,26.667,26.637,26.622,26.563,25.952,25.3,24.787,24.644,24.613,24.545,24.447,24.401,24.341,24.333,24.363,24.348,24.394,24.386,24.439,24.492,24.53,24.568,24.598,24.674,24.674,24.682,24.704,24.727,24.757,24.765,24.742,24.787,24.795,24.818,24.901,24.916,25.014,25.044,25.082,25.119,25.202,25.315,25.36,25.398,25.443,25.51,25.54,25.563,25.6,25.698,25.72,25.72,25.75,25.735,25.735,25.735,25.75,25.743,25.705,25.728,25.75,25.758,25.75,25.758,25.63,25.608,25.615,25.608,25.6,25.585,25.54,25.473,25.495,25.458,25.465,25.48,25.488,25.495,25.51,25.57,25.6,25.653,25.795,26.087,26.101,26.734,26.949,27.399,27.539,27.723,27.804,27.877,27.884,27.862,27.87,27.862,27.811,27.752,27.752,27.76,27.73,27.76,27.745,27.804,27.892,27.855,28.17,28.185,28.309,28.214,28.141,27.745,27.37,27.252,27.023,26.682,26.474,26.206,26.049,25.907,25.645,25.615,25.57,25.465,25.338,25.375,25.27,25.232,25.157,25.059,25.006,25.021,24.984,25.006,25.006,25.021,25.074,25.104,25.112,25.134,25.187,25.255,25.255,25.255,25.383,25.405,25.405,25.473,25.533,25.518,25.465,25.458,25.428,25.39,25.36,25.36,25.172,25.165,25.127,25.119,24.818,24.886,24.394,24.196,24.029,23.869,23.915,23.892,23.777,23.793,23.808,23.777,23.77,23.831,23.762,23.808,23.762,23.747,23.747,23.655,23.709,23.678
,23.479,23.456,23.418,23.487,23.518,23.441,23.479,23.464,23.418,23.441,23.441,23.418,23.464,23.449,23.487,23.472,23.487,23.518,23.525,23.495,23.533,23.525,23.525,23.541,23.525,23.564,23.571,23.571,23.548,23.548,23.541,23.518,23.518,23.525,23.51,23.541,23.548,23.548,23.541,23.533,23.548,23.556,23.548,23.586,23.625,23.648,23.709,23.739,23.793,23.922,24.113,24.158,24.242,24.325,24.47,24.523,24.583,24.621,24.651,24.666,24.674,24.689,24.689,24.735,24.666,24.689,24.727,24.712,24.735,24.765,24.772,24.818,24.84,24.863,24.901,24.946,24.984,25.021,25.006,25.089,25.157,25.21,25.345,25.353,25.465,25.465,25.518,25.608,25.585,25.653,25.72,25.728,25.803,25.728,25.75,25.892,25.907,25.96,25.982,25.997,25.997,26.072,26.072,25.96,26.109,26.146,26.072,26.049,26.004,25.93,25.892,25.788,25.713,25.66,25.6,25.578,25.548,25.533,25.54,25.548,25.585,25.563,25.593,25.623,25.533,25.503,25.555,25.495,25.458,25.443,25.443,25.42,25.428,25.435,25.443,25.428,25.465,25.435,25.45,25.473,25.458,25.443,25.413,25.428,25.39,25.398,25.398,25.383,25.398,25.398,25.405,25.42,25.428,25.458,25.495,25.51,25.488,25.48,25.458,25.435,25.45,25.42,25.398,25.413,25.39,25.413,25.45,25.42,25.443,25.495,25.555,25.585,25.66,25.728,25.825,25.937,26.726,27.281,27.311,27.303,27.289,27.281,27.266,27.289,27.289,27.303,27.296,27.318,27.377,27.377,27.407,27.458,27.495,27.51,27.554,27.598,27.539,27.598,27.598,27.318,25.78,25.315,25.345,25.353,25.405,25.428,25.45,25.548,25.6,25.533,25.713,25.982,26.094,26.392,26.667,26.778,26.726,26.971,27.052,27.17,27.229,27.244,27.244,27.244,27.252,27.222,27.193,27.156,27.045,26.897,26.882,26.786,26.541,26.392,26.243,26.213,26.034,25.937,25.84,25.758,25.705,25.713,25.638,25.623,25.608,25.593,25.585,25.578,25.585,25.608,25.585,25.645,25.653,25.69,25.758,25.818,25.9,25.997,26.094,26.191,26.295,26.362,26.704,26.667,27.089,27.811,28.797,28.71,28.652,28.557,28.535,28.513,28.433,28.346,27.862,26.481,25.555,25.503,25.488,25.45,25.443,25.443,25.48,25.488,25.518,25.533,25.563,25.608,25.645,25.698,25.728,25.915,25.945,26.072,26.169,26.221,26.318,26.511,26.548,26.608,26.689,26.741,26.778,26.815,26.845,26.882,26.912,26.919,26.934,26.949,26.941,26.889,26.867,26.86,26.83,26.793,26.771,26.697,26.637,26.563,26.414,26.452,26.169,26.094,25.96,25.765,25.78,25.75,25.63,25.608,25.638,25.525,25.54,25.503,25.488,25.495,25.51,25.765,25.81,25.989,26.548,26.57,26.689,26.741,26.763,26.756,26.815,26.845,26.8,26.919,26.956,26.978,27.008,27.023,27.015,27.052,27.06,27.141,27.156,27.207,27.281,27.318,27.333,27.377,27.362,27.37,27.384,27.384,27.407,27.399,27.436,27.421,27.407,27.399,27.377,27.355,27.34,27.348,27.34,27.325,27.296,27.266,27.229,27.2,27.119,27.126,26.986,26.934,26.882,26.719,26.734,26.6,26.533,26.496,26.459,26.452,26.452,26.407,26.422,26.37,26.362,26.347,26.347,26.414,26.466,26.518,26.622,26.667,26.689,26.734,26.845,26.875,26.934,26.978,26.993,27.015,27.037,27.045,27.06,27.074,27.074,27.067,27.074,27.082,27.089,27.104,27.126,27.133,27.133,27.126,27.119,27.111,27.06,27.008,26.897,26.83,26.704,26.57,26.437,26.325,26.251,26.116,25.9,25.832,25.78,25.6,25.465,25.36,25.345,25.247,25.255,25.225,25.24,25.255,25.262,25.36,25.72,26.563,26.6,26.585,26.548,26.533,26.444,25.285,24.765,24.621,24.56,24.485,24.439,24.401,24.356,24.356,24.356,24.356,24.379,24.371,24.462,24.485,24.507,24.538,24.576,24.621,24.651,24.651,24.697,24.712,24.719,24.712,24.757,24.765,24.818,24.863,24.938,24.991,25.014,25.021,25.089,25.104,25.187,25.262,25.27,25.323,25.413,25.465,25.525,25.593,25.623,25.653,25.705,25.713,25.705,25.72,25.713,25.698,25.713,25.728,25.735,25.69,25.705,25.698,25.705,25.675,25.668,25.683,25.563,25.533,25.548,25.548,25.533,25.473,25.428,25.428,25.443,25.465,25.495,25.503,25.51,25.533,25.6,25.638,25.675,26.228,26.34,26.786,27.008,27.48,27.178,27.679,27.649,27.884,27.936,27.936,27.914,27.892,27.848,27.84,27.789,27.782,27.745,27.76,27.76,27.804,27.862,27.98,28.082,28.148,28.221,28.199,28.126,27.76,27.436,27.126,26.808,26.637,26.258,26.064,25.96,25.795,25.78,25.638,25.555,25.57,25.465,25.368,25.338,25.187,25.112,25.074,25.029,25.021,24.991,25.006,24.999,25.044,25.006,25.029,25.104,25.097,25.172,25.202,25.24,25.292,25.315,25.33,25.39,25.45,25.383,25.39,25.45,25.413,25.405,25.39,25.368,25.338,25.277,25.21,25.074,25.082,24.976,24.893,24.682,24.447,24.219,23.877,23.968,23.785,23.785,23.823,23.793,23.762,23.755,23.77,23.724,23.755,23.777,23.739,23.709,23.755,23.655,23.693
,23.449,23.433,23.41,23.541,23.456,23.487,23.495,23.456,23.418,23.433,23.441,23.441,23.449,23.464,23.464,23.472,23.487,23.525,23.51,23.533,23.533,23.541,23.533,23.541,23.548,23.533,23.556,23.541,23.564,23.541,23.548,23.525,23.487,23.533,23.579,23.51,23.541,23.548,23.541,23.564,23.564,23.541,23.594,23.556,23.602,23.701,23.732,23.808,23.838,23.968,24.181,24.219,24.333,24.439,24.485,24.583,24.606,24.613,24.644,24.644,24.644,24.629,24.636,24.621,24.651,24.666,24.644,24.712,24.735,24.742,24.787,24.803,24.833,24.855,24.886,24.946,24.991,25.014,25.036,25.142,25.157,25.21,25.277,25.315,25.36,25.473,25.488,25.54,25.533,25.585,25.698,25.72,25.728,25.705,25.847,25.87,25.84,25.937,25.96,25.937,25.96,26.027,25.989,26.034,25.982,26.012,25.997,25.982,25.982,25.892,25.87,25.788,25.645,25.653,25.548,25.54,25.503,25.495,25.51,25.488,25.518,25.533,25.548,25.488,25.465,25.473,25.443,25.435,25.405,25.375,25.398,25.405,25.405,25.405,25.405,25.428,25.435,25.48,25.465,25.458,25.45,25.435,25.405,25.428,25.398,25.398,25.383,25.39,25.398,25.413,25.405,25.443,25.458,25.465,25.495,25.51,25.488,25.473,25.45,25.443,25.405,25.398,25.405,25.398,25.413,25.413,25.443,25.413,25.473,25.503,25.54,25.608,25.675,25.638,25.825,26.251,27.237,27.303,27.296,27.296,27.266,27.259,27.207,27.244,27.244,27.274,27.289,27.325,27.348,27.384,27.451,27.458,27.524,27.554,27.576,27.554,27.517,27.583,27.348,27.052,25.615,25.315,25.368,25.405,25.383,25.368,25.443,25.548,25.525,25.765,25.96,25.945,26.034,26.288,26.667,26.712,26.875,27.015,27.097,27.126,27.193,27.244,27.274,27.252,27.244,27.215,27.207,27.126,26.993,26.963,26.845,26.741,26.481,26.437,26.303,26.206,26.034,25.922,25.84,25.795,25.653,25.615,25.6,25.593,25.585,25.585,25.563,25.578,25.57,25.578,25.6,25.63,25.638,25.653,25.72,25.803,25.892,26.042,26.101,26.146,26.288,26.422,26.518,26.712,27.052,27.98,28.725,28.717,28.674,28.601,28.564,28.477,28.404,28.316,28.09,26.429,25.533,25.488,25.465,25.45,25.443,25.458,25.465,25.473,25.51,25.518,25.555,25.615,25.653,25.683,25.795,25.937,25.907,26.012,26.221,26.303,26.325,26.511,26.548,26.556,26.667,26.741,26.771,26.83,26.852,26.86,26.875,26.889,26.919,26.897,26.867,26.875,26.852,26.815,26.8,26.763,26.756,26.66,26.593,26.548,26.489,26.31,26.273,26.124,25.855,25.758,25.66,25.735,25.6,25.6,25.578,25.525,25.488,25.473,25.48,25.503,25.503,25.728,26.027,26.466,26.511,26.63,26.704,26.756,26.778,26.838,26.838,26.83,26.897,26.889,26.904,26.978,27,27.045,27.067,27.097,27.104,27.2,27.193,27.266,27.362,27.362,27.407,27.384,27.392,27.414,27.414,27.429,27.421,27.451,27.451,27.443,27.451,27.429,27.384,27.377,27.355,27.348,27.34,27.296,27.289,27.289,27.237,27.207,27.17,27.082,26.993,26.956,26.926,26.823,26.689,26.63,26.541,26.518,26.466,26.444,26.452,26.422,26.392,26.362,26.347,26.37,26.37,26.444,26.459,26.459,26.548,26.63,26.682,26.771,26.815,26.867,26.904,26.949,26.993,27,27.052,27.045,27.052,27.045,27.06,27.067,27.074,27.074,27.089,27.082,27.104,27.148,27.148,27.119,27.119,27.111,27.06,26.971,26.941,26.845,26.771,26.6,26.585,26.303,26.243,26.087,25.975,25.728,25.758,25.593,25.465,25.39,25.368,25.292,25.262,25.232,25.225,25.24,25.225,25.3,25.375,26.578,26.57,26.57,26.556,26.541,26.481,25.608,25.044,24.636,24.591,24.477,24.432,24.416,24.371,24.363,24.333,24.333,24.333,24.371,24.432,24.477,24.492,24.477,24.583,24.598,24.666,24.644,24.689,24.719,24.704,24.727,24.772,24.803,24.833,24.855,24.848,24.938,25.036,25.044,25.104,25.149,25.187,25.24,25.285,25.338,25.443,25.45,25.48,25.518,25.615,25.615,25.683,25.698,25.72,25.675,25.683,25.72,25.683,25.705,25.713,25.705,25.713,25.668,25.668,25.653,25.585,25.585,25.54,25.495,25.54,25.54,25.54,25.458,25.428,25.405,25.428,25.473,25.473,25.465,25.518,25.548,25.623,25.675,25.952,26.042,26.101,26.489,26.993,27.141,27.274,27.723,27.884,27.928,27.914,27.936,27.906,27.921,27.884,27.833,27.811,27.789,27.752,27.774,27.804,27.804,27.899,27.987,28.09,28.112,28.104,28.009,27.877,27.524,27.576,27.289,27.126,26.578,26.518,26.191,26.034,26.004,25.728,25.653,25.593,25.6,25.473,25.405,25.33,25.27,25.097,25.089,25.074,25.021,25.006,24.991,24.999,24.991,25.021,25.044,25.036,25.104,25.165,25.195,25.202,25.255,25.27,25.338,25.308,25.338,25.458,25.368,25.383,25.345,25.338,25.277,25.225,25.21,25.232,25.157,25.165,25.059,25.059,24.727,24.75,24.682,24.219,24.189,24.158,23.991,23.816,23.747,23.846,23.762,23.716,23.77,23.77,23.777,23.724,23.709,23.686,23.686,23.724,23.64
,23.487,23.441,23.449,23.479,23.548,23.472,23.464,23.495,23.433,23.479,23.441,23.441,23.449,23.456,23.449,23.502,23.51,23.518,23.525,23.525,23.525,23.541,23.533,23.518,23.525,23.564,23.564,23.556,23.564,23.548,23.548,23.533,23.533,23.541,23.495,23.518,23.518,23.548,23.533,23.556,23.556,23.525,23.571,23.579,23.548,23.594,23.678,23.846,23.991,24.067,24.075,24.31,24.341,24.454,24.5,24.538,24.568,24.598,24.629,24.598,24.583,24.606,24.576,24.591,24.583,24.636,24.621,24.689,24.727,24.75,24.765,24.803,24.818,24.848,24.901,24.984,25.014,25.014,25.082,25.134,25.157,25.172,25.262,25.315,25.33,25.435,25.48,25.548,25.54,25.57,25.6,25.608,25.63,25.75,25.75,25.825,25.832,25.907,25.885,25.93,25.945,25.997,25.982,26.004,25.975,26.004,26.004,25.967,25.915,25.945,25.84,25.743,25.645,25.593,25.548,25.518,25.458,25.458,25.45,25.45,25.443,25.45,25.465,25.383,25.413,25.405,25.405,25.383,25.323,25.353,25.338,25.338,25.368,25.383,25.383,25.413,25.443,25.465,25.443,25.458,25.443,25.42,25.413,25.405,25.383,25.383,25.375,25.398,25.413,25.413,25.428,25.428,25.465,25.458,25.473,25.488,25.488,25.458,25.435,25.428,25.413,25.398,25.383,25.383,25.39,25.398,25.443,25.435,25.48,25.533,25.54,25.615,25.69,25.818,26.079,26.667,27.17,27.274,27.303,27.274,27.215,27.237,27.222,27.222,27.259,27.274,27.296,27.34,27.355,27.392,27.451,27.51,27.517,27.546,27.554,27.576,27.576,27.569,27.495,26.926,25.615,25.338,25.338,25.338,25.39,25.413,25.488,25.555,25.593,25.645,25.93,26.057,26.101,26.407,26.615,26.704,26.867,27.03,27.015,27.141,27.222,27.237,27.266,27.274,27.259,27.252,27.215,27.097,27.045,27,26.949,26.815,26.749,26.392,26.34,26.213,26.094,25.937,25.885,25.735,25.638,25.608,25.578,25.563,25.57,25.555,25.548,25.555,25.563,25.578,25.593,25.615,25.638,25.668,25.69,25.832,25.892,25.989,26.034,26.221,26.288,26.563,26.518,26.66,27.06,28.009,28.754,28.71,28.659,28.586,28.535,28.462,28.411,28.273,28.082,26.355,25.563,25.495,25.465,25.435,25.443,25.435,25.458,25.458,25.488,25.51,25.555,25.585,25.638,25.713,25.773,25.997,26.034,26.101,26.191,26.288,26.392,26.474,26.593,26.637,26.682,26.719,26.749,26.815,26.83,26.852,26.882,26.86,26.852,26.897,26.86,26.823,26.793,26.786,26.771,26.734,26.697,26.63,26.6,26.481,26.385,26.251,26.072,26.027,25.758,25.765,25.683,25.645,25.585,25.57,25.555,25.503,25.495,25.473,25.48,25.533,25.495,25.72,26.37,26.452,26.526,26.6,26.704,26.786,26.808,26.845,26.889,26.845,26.971,26.919,26.956,26.986,27.03,27.082,27.104,27.133,27.17,27.2,27.281,27.333,27.451,27.451,27.458,27.473,27.436,27.421,27.443,27.429,27.48,27.436,27.473,27.443,27.458,27.421,27.407,27.399,27.384,27.355,27.34,27.318,27.318,27.289,27.244,27.222,27.185,27.141,26.993,26.912,26.889,26.749,26.593,26.563,26.496,26.481,26.444,26.444,26.444,26.437,26.414,26.37,26.347,26.362,26.37,26.399,26.429,26.504,26.526,26.637,26.719,26.786,26.815,26.852,26.889,26.919,26.956,27.023,27.052,27.045,27.037,27.06,27.067,27.067,27.074,27.074,27.104,27.089,27.104,27.119,27.141,27.163,27.156,27.111,27.052,26.978,26.86,26.934,26.704,26.593,26.608,26.414,26.295,26.191,25.997,25.907,25.683,25.57,25.51,25.45,25.353,25.292,25.247,25.217,25.217,25.225,25.24,25.262,25.383,26.28,26.533,26.526,26.541,26.504,26.533,25.81,25.036,24.81,24.666,24.523,24.447,24.409,24.386,24.356,24.341,24.318,24.341,24.341,24.394,24.485,24.492,24.538,24.553,24.598,24.629,24.651,24.666,24.697,24.735,24.727,24.757,24.787,24.833,24.855,24.886,24.938,25.014,25.006,25.127,25.134,25.149,25.217,25.262,25.36,25.413,25.428,25.465,25.518,25.54,25.63,25.6,25.645,25.683,25.69,25.69,25.698,25.683,25.675,25.683,25.683,25.653,25.675,25.66,25.623,25.593,25.563,25.57,25.495,25.51,25.54,25.473,25.39,25.42,25.413,25.405,25.443,25.458,25.45,25.488,25.503,25.563,25.585,26.019,26.139,26.131,26.83,27.37,27.237,27.539,27.818,27.884,27.98,27.921,27.972,27.943,27.936,27.914,27.87,27.848,27.811,27.789,27.767,27.804,27.833,27.906,28.031,28.068,28.112,28.104,28.119,28.031,27.796,27.377,27.119,27.178,26.83,26.57,26.228,26.087,25.922,25.705,25.668,25.623,25.645,25.548,25.405,25.36,25.277,25.18,25.18,25.052,25.044,25.014,25.021,24.999,24.984,24.991,24.969,25.036,25.082,25.097,25.097,25.157,25.247,25.255,25.277,25.345,25.383,25.36,25.285,25.375,25.315,25.33,25.277,25.225,25.172,25.134,25.157,25.142,25.036,24.999,24.961,24.901,24.727,24.636,24.621,24.075,24.135,23.739,23.884,23.732,23.747,23.716,23.755,23.739,23.747,23.709,23.701,23.701,23.77,23.693,23.648
,23.449,23.479,23.441,23.464,23.472,23.495,23.564,23.426,23.449,23.41,23.472,23.464,23.449,23.441,23.456,23.456,23.472,23.495,23.533,23.533,23.533,23.533,23.533,23.533,23.518,23.525,23.541,23.548,23.571,23.556,23.548,23.564,23.518,23.495,23.479,23.533,23.533,23.533,23.556,23.541,23.571,23.541,23.564,23.579,23.64,23.671,23.823,23.884,23.96,24.143,24.173,24.28,24.363,24.394,24.5,24.538,24.56,24.598,24.606,24.56,24.545,24.523,24.56,24.56,24.56,24.621,24.621,24.682,24.704,24.712,24.742,24.772,24.84,24.863,24.901,24.946,24.984,25.029,25.082,25.112,25.18,25.255,25.247,25.262,25.33,25.383,25.458,25.495,25.518,25.548,25.593,25.608,25.6,25.653,25.653,25.743,25.803,25.818,25.825,25.862,25.9,25.945,25.922,25.975,25.96,25.952,25.96,25.907,25.87,25.847,25.765,25.69,25.638,25.585,25.48,25.488,25.428,25.398,25.39,25.368,25.398,25.42,25.36,25.345,25.315,25.375,25.308,25.308,25.315,25.345,25.277,25.292,25.33,25.338,25.405,25.405,25.435,25.45,25.443,25.443,25.398,25.405,25.398,25.383,25.39,25.398,25.39,25.398,25.413,25.428,25.458,25.435,25.465,25.473,25.495,25.488,25.473,25.458,25.435,25.413,25.398,25.383,25.368,25.39,25.398,25.42,25.443,25.473,25.488,25.608,25.57,25.698,25.795,25.75,26.347,27.185,27.215,27.222,27.266,27.193,27.207,27.207,27.163,27.215,27.244,27.252,27.311,27.34,27.37,27.377,27.436,27.473,27.524,27.539,27.561,27.569,27.546,27.569,27.355,26.228,25.338,25.308,25.315,25.353,25.36,25.383,25.495,25.548,25.653,25.795,25.937,26.042,26.064,26.414,26.66,26.667,26.793,26.897,27.06,27.17,27.215,27.252,27.266,27.274,27.311,27.229,27.2,27.156,27.067,27.015,26.83,26.689,26.63,26.437,26.213,26.139,25.975,25.907,25.832,25.735,25.638,25.593,25.57,25.555,25.555,25.548,25.548,25.563,25.578,25.57,25.585,25.585,25.615,25.683,25.69,25.72,25.9,25.982,26.064,26.183,26.355,26.452,26.511,26.57,27.067,28.09,28.688,28.688,28.645,28.608,28.579,28.477,28.433,28.382,28.06,26.183,25.525,25.488,25.45,25.458,25.443,25.458,25.443,25.465,25.488,25.51,25.54,25.57,25.645,25.713,25.795,25.87,25.975,26.116,26.206,26.333,26.466,26.511,26.645,26.667,26.674,26.674,26.778,26.763,26.808,26.852,26.845,26.852,26.852,26.845,26.815,26.815,26.771,26.756,26.719,26.704,26.615,26.652,26.556,26.392,26.303,26.258,26.124,25.967,25.705,25.698,25.615,25.593,25.54,25.533,25.518,25.465,25.473,25.465,25.48,25.51,25.578,25.945,26.392,26.444,26.526,26.652,26.719,26.763,26.838,26.882,26.934,26.963,27.008,27.015,27.023,27.052,27.082,27.104,27.126,27.148,27.2,27.237,27.274,27.348,27.384,27.48,27.51,27.488,27.443,27.451,27.451,27.488,27.465,27.502,27.495,27.48,27.495,27.451,27.429,27.399,27.384,27.392,27.37,27.355,27.333,27.296,27.281,27.222,27.207,27.045,27.015,26.956,26.867,26.689,26.615,26.548,26.496,26.474,26.444,26.437,26.444,26.437,26.407,26.407,26.34,26.377,26.347,26.355,26.429,26.474,26.556,26.63,26.697,26.771,26.808,26.852,26.882,26.897,26.956,27.015,27.03,27.045,27.052,27.052,27.052,27.074,27.089,27.111,27.089,27.089,27.104,27.148,27.156,27.17,27.178,27.104,27.082,26.986,26.949,26.934,26.786,26.749,26.548,26.437,26.228,26.072,26.094,25.975,25.803,25.563,25.458,25.435,25.33,25.292,25.247,25.202,25.187,25.202,25.232,25.27,25.338,26.265,26.556,26.563,26.511,26.496,26.466,26.236,25.225,24.795,24.568,24.538,24.47,24.439,24.394,24.363,24.341,24.333,24.348,24.371,24.371,24.394,24.447,24.507,24.56,24.56,24.598,24.644,24.674,24.682,24.674,24.735,24.772,24.795,24.795,24.848,24.886,24.931,25.014,25.082,25.097,25.134,25.172,25.217,25.285,25.315,25.353,25.413,25.45,25.48,25.488,25.57,25.638,25.66,25.72,25.675,25.668,25.675,25.66,25.668,25.653,25.69,25.675,25.69,25.623,25.653,25.578,25.518,25.518,25.51,25.458,25.45,25.405,25.405,25.398,25.435,25.398,25.42,25.443,25.458,25.48,25.495,25.6,25.593,25.675,25.915,26.146,26.674,26.66,27.082,27.414,27.855,27.95,27.972,28.009,28.002,27.965,27.972,27.943,27.914,27.884,27.848,27.84,27.782,27.752,27.877,27.936,27.972,28.016,28.068,28.126,28.075,27.994,27.752,27.399,27.495,27.17,26.763,26.518,26.101,26.094,26.042,25.803,25.713,25.675,25.563,25.555,25.495,25.405,25.315,25.247,25.134,25.052,25.052,25.014,24.999,24.999,25.006,24.984,24.961,24.991,25.021,25.014,25.074,25.119,25.24,25.247,25.277,25.323,25.315,25.338,25.323,25.33,25.285,25.217,25.232,25.165,25.142,25.112,25.029,25.029,25.006,25.021,24.825,24.795,24.742,24.553,24.591,24.143,24.295,23.976,23.846,23.816,23.747,23.755,23.739,23.732,23.762,23.724,23.686,23.686,23.64,23.617,23.632
,23.502,23.456,23.449,23.456,23.449,23.464,23.51,23.518,23.464,23.456,23.456,23.449,23.449,23.464,23.449,23.456,23.525,23.495,23.518,23.533,23.51,23.51,23.487,23.525,23.533,23.525,23.51,23.548,23.556,23.564,23.548,23.548,23.525,23.51,23.525,23.548,23.533,23.541,23.548,23.556,23.548,23.556,23.541,23.571,23.617,23.632,23.732,23.899,24.029,24.052,24.135,24.348,24.439,24.47,24.462,24.53,24.591,24.538,24.53,24.515,24.492,24.477,24.523,24.507,24.56,24.545,24.553,24.606,24.666,24.682,24.727,24.697,24.712,24.78,24.916,24.954,24.969,25.036,25.082,25.149,25.18,25.202,25.247,25.247,25.338,25.375,25.443,25.42,25.503,25.533,25.578,25.585,25.6,25.645,25.69,25.698,25.75,25.795,25.81,25.818,25.818,25.862,25.945,25.922,25.915,25.892,25.892,25.885,25.825,25.78,25.758,25.608,25.578,25.525,25.48,25.42,25.345,25.368,25.368,25.308,25.345,25.3,25.247,25.292,25.27,25.27,25.27,25.232,25.225,25.24,25.232,25.24,25.345,25.308,25.345,25.368,25.383,25.398,25.39,25.398,25.398,25.398,25.39,25.39,25.375,25.375,25.383,25.375,25.405,25.435,25.443,25.465,25.465,25.48,25.48,25.48,25.465,25.443,25.428,25.428,25.39,25.375,25.39,25.398,25.405,25.413,25.458,25.495,25.585,25.615,25.623,25.728,25.915,26.161,26.652,27.222,27.237,27.229,27.237,27.17,27.17,27.17,27.156,27.17,27.178,27.244,27.266,27.333,27.355,27.399,27.443,27.488,27.524,27.532,27.569,27.546,27.554,27.524,27.17,25.862,25.36,25.308,25.277,25.292,25.292,25.375,25.495,25.615,25.728,25.81,25.967,26.004,26.377,26.422,26.726,26.808,26.941,26.971,27.074,27.141,27.244,27.303,27.281,27.289,27.289,27.259,27.237,27.178,27.074,26.986,26.882,26.674,26.518,26.6,26.295,26.273,26.087,25.937,25.795,25.69,25.615,25.563,25.563,25.54,25.518,25.548,25.533,25.548,25.555,25.57,25.563,25.585,25.608,25.66,25.698,25.758,25.84,25.945,26.004,26.251,26.347,26.459,26.504,26.919,27.148,28.148,28.681,28.688,28.63,28.601,28.572,28.499,28.404,28.353,28.068,26.213,25.533,25.473,25.458,25.45,25.443,25.45,25.45,25.45,25.45,25.45,25.533,25.585,25.653,25.668,25.728,25.847,25.9,26.064,26.228,26.295,26.459,26.548,26.563,26.682,26.726,26.719,26.763,26.771,26.763,26.815,26.815,26.83,26.815,26.815,26.793,26.778,26.741,26.726,26.734,26.667,26.652,26.518,26.489,26.407,26.355,26.169,26.191,25.877,25.735,25.638,25.593,25.585,25.518,25.503,25.45,25.443,25.435,25.443,25.495,25.518,25.563,25.758,26.347,26.518,26.637,26.6,26.763,26.756,26.926,26.867,26.956,26.949,26.986,26.993,27.037,27.074,27.126,27.141,27.156,27.17,27.178,27.259,27.296,27.414,27.465,27.488,27.532,27.517,27.502,27.48,27.48,27.488,27.488,27.495,27.51,27.495,27.488,27.473,27.458,27.407,27.407,27.392,27.362,27.384,27.333,27.311,27.259,27.244,27.2,27.082,27.037,27.089,26.83,26.763,26.652,26.526,26.481,26.466,26.444,26.422,26.414,26.407,26.407,26.399,26.362,26.362,26.347,26.325,26.399,26.437,26.541,26.6,26.66,26.734,26.778,26.793,26.852,26.949,26.971,26.993,27.03,27.037,27.052,27.052,27.067,27.082,27.082,27.097,27.097,27.111,27.119,27.141,27.163,27.163,27.148,27.141,27.089,27.015,26.963,26.86,26.756,26.674,26.637,26.518,26.399,26.146,26.243,26.072,25.847,25.63,25.495,25.51,25.353,25.292,25.21,25.18,25.165,25.157,25.217,25.315,25.36,25.855,26.496,26.541,26.504,26.511,26.444,26.399,25.518,25.006,24.651,24.583,24.507,24.447,24.371,24.356,24.348,24.303,24.31,24.318,24.363,24.401,24.462,24.507,24.523,24.583,24.651,24.682,24.651,24.697,24.719,24.75,24.772,24.787,24.833,24.825,24.901,24.923,25.014,25.082,25.157,25.187,25.172,25.225,25.285,25.308,25.375,25.42,25.45,25.48,25.488,25.578,25.608,25.623,25.645,25.653,25.668,25.653,25.653,25.638,25.675,25.638,25.668,25.653,25.623,25.615,25.578,25.495,25.458,25.48,25.42,25.428,25.398,25.413,25.42,25.398,25.42,25.413,25.435,25.45,25.48,25.488,25.578,25.72,25.705,26.109,26.228,26.556,26.986,27.348,27.701,27.782,27.943,28.038,28.016,28.016,28.016,28.002,27.972,27.928,27.921,27.877,27.87,27.804,27.76,27.826,27.87,27.972,28.068,28.046,28.082,28.082,27.965,27.804,27.561,27.694,27.045,26.637,26.66,26.265,26.154,25.937,25.818,25.743,25.735,25.653,25.48,25.503,25.39,25.503,25.33,25.172,25.157,25.052,25.036,25.006,25.006,25.014,24.999,24.969,24.976,24.984,24.999,25.052,25.067,25.195,25.172,25.277,25.262,25.33,25.345,25.353,25.33,25.24,25.21,25.187,25.097,25.052,25.119,25.014,24.984,24.938,24.878,24.833,24.803,24.727,24.56,24.56,24.394,24.363,24.249,24.105,23.884,23.755,23.816,23.77,23.732,23.693,23.732,23.701,23.739,23.701,23.686,23.655
,23.464,23.456,23.472,23.41,23.449,23.433,23.464,23.479,23.426,23.418,23.418,23.449,23.456,23.456,23.464,23.464,23.479,23.518,23.525,23.51,23.502,23.479,23.495,23.487,23.518,23.502,23.533,23.525,23.525,23.586,23.556,23.533,23.541,23.518,23.518,23.541,23.525,23.533,23.548,23.556,23.533,23.571,23.571,23.564,23.586,23.77,23.785,23.922,23.983,24.082,24.234,24.234,24.409,24.447,24.462,24.477,24.492,24.5,24.492,24.485,24.439,24.447,24.454,24.5,24.56,24.545,24.553,24.591,24.583,24.598,24.651,24.659,24.78,24.825,24.886,24.923,25.006,25.014,25.059,25.142,25.202,25.195,25.225,25.323,25.345,25.353,25.42,25.458,25.458,25.525,25.533,25.555,25.555,25.57,25.615,25.63,25.69,25.72,25.743,25.818,25.765,25.84,25.855,25.945,25.9,25.87,25.87,25.84,25.795,25.765,25.675,25.668,25.608,25.458,25.443,25.353,25.3,25.308,25.255,25.24,25.24,25.262,25.232,25.232,25.217,25.21,25.21,25.21,25.202,25.21,25.195,25.225,25.255,25.247,25.3,25.345,25.36,25.375,25.368,25.368,25.383,25.375,25.383,25.39,25.383,25.368,25.375,25.375,25.428,25.443,25.458,25.458,25.48,25.488,25.458,25.458,25.443,25.435,25.435,25.405,25.39,25.383,25.36,25.39,25.405,25.428,25.465,25.525,25.563,25.623,25.698,25.78,25.967,26.161,27.156,27.237,27.215,27.193,27.178,27.178,27.156,27.148,27.141,27.185,27.193,27.259,27.289,27.311,27.355,27.414,27.443,27.465,27.517,27.539,27.546,27.554,27.524,27.51,27.104,25.338,25.3,25.308,25.308,25.323,25.33,25.443,25.525,25.638,25.713,25.803,25.93,26.101,26.347,26.526,26.734,26.83,26.845,27.037,27.074,27.178,27.229,27.266,27.281,27.296,27.296,27.244,27.2,27.126,27.067,27.045,26.897,26.8,26.489,26.504,26.318,26.169,26.049,25.862,25.87,25.623,25.638,25.57,25.555,25.54,25.518,25.525,25.518,25.518,25.533,25.548,25.555,25.57,25.6,25.645,25.675,25.69,25.788,25.915,26.012,26.139,26.221,26.318,26.347,26.615,27.067,28.543,28.688,28.666,28.652,28.645,28.535,28.528,28.389,28.302,27.972,26.236,25.57,25.48,25.48,25.458,25.458,25.48,25.45,25.428,25.42,25.495,25.473,25.525,25.608,25.705,25.78,25.832,25.9,26.064,26.221,26.288,26.496,26.526,26.585,26.674,26.682,26.689,26.712,26.719,26.734,26.778,26.778,26.763,26.778,26.771,26.756,26.734,26.726,26.704,26.637,26.645,26.637,26.496,26.466,26.325,26.251,26.154,25.945,25.795,25.765,25.585,25.563,25.54,25.503,25.458,25.443,25.413,25.405,25.443,25.45,25.578,25.803,26.236,26.414,26.392,26.474,26.674,26.741,26.823,26.889,26.941,27.015,27.023,27.03,27.052,27.089,27.148,27.141,27.156,27.178,27.207,27.215,27.289,27.318,27.429,27.48,27.532,27.532,27.51,27.517,27.502,27.51,27.502,27.495,27.51,27.524,27.502,27.48,27.488,27.451,27.421,27.414,27.399,27.392,27.355,27.348,27.311,27.274,27.178,27.163,27.119,27.052,26.83,26.882,26.622,26.556,26.496,26.474,26.459,26.429,26.444,26.429,26.385,26.399,26.407,26.392,26.37,26.318,26.37,26.37,26.37,26.526,26.585,26.637,26.682,26.749,26.83,26.882,26.897,26.941,26.971,27.037,27.045,27.06,27.06,27.067,27.067,27.141,27.119,27.126,27.119,27.133,27.156,27.126,27.156,27.178,27.126,27.074,27.023,26.889,26.83,26.741,26.734,26.645,26.489,26.355,26.34,26.139,26.004,25.87,25.623,25.548,25.405,25.36,25.285,25.195,25.127,25.149,25.149,25.119,25.247,25.338,25.39,26.504,26.518,26.511,26.496,26.452,26.273,26.198,25.014,24.81,24.576,24.523,24.5,24.409,24.371,24.341,24.318,24.287,24.31,24.341,24.341,24.386,24.485,24.545,24.56,24.606,24.651,24.674,24.719,24.704,24.742,24.765,24.765,24.81,24.863,24.848,24.961,24.999,25.052,25.097,25.18,25.21,25.24,25.262,25.277,25.39,25.405,25.443,25.465,25.503,25.525,25.57,25.593,25.623,25.615,25.653,25.63,25.645,25.623,25.638,25.615,25.653,25.615,25.585,25.555,25.548,25.518,25.495,25.458,25.383,25.405,25.375,25.338,25.39,25.36,25.368,25.413,25.42,25.458,25.458,25.465,25.578,25.66,25.728,25.922,26.161,26.593,26.875,27.097,27.524,27.936,27.928,28.016,28.06,28.06,28.046,28.024,27.994,27.972,27.936,27.906,27.877,27.862,27.811,27.818,27.855,27.899,28.031,28.046,28.104,28.024,27.943,27.862,27.738,27.148,26.875,26.949,26.667,26.333,26.161,25.84,25.78,25.832,25.705,25.555,25.548,25.465,25.465,25.338,25.262,25.187,25.134,25.104,25.052,25.036,25.021,24.991,24.946,24.938,24.969,24.999,25.006,25.014,25.082,25.142,25.157,25.202,25.27,25.255,25.33,25.308,25.21,25.247,25.142,25.142,25.112,25.036,24.863,24.878,24.795,24.765,24.863,24.719,24.644,24.538,24.576,24.485,24.295,24.401,24.325,24.204,23.922,23.709,23.724,23.777,23.693,23.762,23.716,23.671,23.709,23.663,23.671,23.671
,23.41,23.456,23.418,23.426,23.441,23.449,23.464,23.479,23.418,23.479,23.472,23.472,23.495,23.456,23.479,23.441,23.518,23.51,23.51,23.518,23.487,23.479,23.495,23.518,23.502,23.525,23.502,23.533,23.556,23.556,23.541,23.564,23.541,23.548,23.556,23.541,23.548,23.541,23.548,23.541,23.548,23.533,23.564,23.655,23.671,23.77,23.823,23.907,23.976,24.166,24.189,24.242,24.242,24.462,24.485,24.447,24.47,24.454,24.447,24.416,24.401,24.416,24.454,24.47,24.507,24.485,24.515,24.576,24.568,24.613,24.644,24.682,24.735,24.795,24.871,24.916,24.946,24.984,25.074,25.127,25.104,25.165,25.21,25.308,25.33,25.323,25.383,25.39,25.473,25.488,25.518,25.51,25.533,25.54,25.533,25.615,25.683,25.675,25.72,25.72,25.75,25.788,25.832,25.87,25.847,25.81,25.758,25.773,25.69,25.615,25.578,25.503,25.405,25.398,25.345,25.292,25.262,25.247,25.202,25.202,25.195,25.21,25.202,25.195,25.18,25.172,25.18,25.187,25.172,25.187,25.202,25.195,25.232,25.27,25.315,25.345,25.33,25.33,25.345,25.353,25.368,25.368,25.375,25.375,25.368,25.375,25.375,25.383,25.398,25.428,25.45,25.465,25.473,25.48,25.458,25.428,25.443,25.428,25.42,25.383,25.375,25.39,25.383,25.405,25.42,25.435,25.473,25.548,25.615,25.728,25.803,25.885,26.183,26.682,27.207,27.252,27.229,27.17,27.163,27.148,27.133,27.126,27.141,27.193,27.237,27.266,27.289,27.333,27.355,27.377,27.436,27.465,27.502,27.532,27.532,27.495,27.517,27.488,26.689,25.383,25.3,25.285,25.27,25.315,25.36,25.375,25.503,25.675,25.743,25.87,25.93,26.206,26.28,26.578,26.682,26.934,26.934,27.067,27.133,27.17,27.274,27.311,27.325,27.311,27.296,27.289,27.244,27.126,27.133,27.045,26.867,26.615,26.511,26.407,26.377,26.28,25.982,26.027,25.847,25.683,25.63,25.615,25.54,25.54,25.525,25.525,25.51,25.503,25.503,25.525,25.54,25.555,25.585,25.653,25.735,25.78,25.803,25.892,25.982,26.064,26.206,26.347,26.37,26.622,27.023,28.251,28.681,28.659,28.623,28.615,28.535,28.492,28.462,28.455,27.804,26.288,25.563,25.465,25.48,25.443,25.45,25.443,25.435,25.42,25.435,25.435,25.458,25.578,25.615,25.728,25.773,25.862,25.96,26.064,26.228,26.362,26.303,26.6,26.563,26.652,26.674,26.682,26.704,26.697,26.719,26.756,26.763,26.756,26.778,26.734,26.719,26.704,26.719,26.682,26.674,26.637,26.57,26.452,26.37,26.34,26.243,26.183,25.937,25.9,25.645,25.578,25.555,25.495,25.443,25.45,25.443,25.39,25.375,25.383,25.45,25.525,25.593,26.399,26.429,26.526,26.615,26.66,26.756,26.867,26.889,26.971,27.037,27.037,27.111,27.082,27.126,27.185,27.185,27.207,27.2,27.215,27.252,27.296,27.362,27.429,27.465,27.524,27.532,27.539,27.546,27.517,27.51,27.524,27.532,27.51,27.532,27.488,27.495,27.48,27.488,27.429,27.399,27.392,27.37,27.37,27.348,27.303,27.237,27.193,27.156,27.074,27.015,26.904,26.786,26.689,26.57,26.474,26.474,26.437,26.444,26.399,26.399,26.422,26.452,26.385,26.355,26.362,26.31,26.303,26.347,26.399,26.422,26.578,26.622,26.645,26.697,26.778,26.86,26.919,26.963,26.978,27.023,27.015,27.067,27.082,27.104,27.119,27.082,27.141,27.141,27.17,27.141,27.156,27.17,27.178,27.17,27.148,27.067,27.045,26.993,26.889,26.741,26.674,26.637,26.511,26.377,26.265,26.094,26.101,25.93,25.728,25.51,25.413,25.315,25.262,25.195,25.134,25.134,25.142,25.172,25.33,25.165,25.405,26.265,26.526,26.511,26.481,26.429,26.392,26.273,25.089,24.916,24.757,24.545,24.477,24.447,24.386,24.348,24.333,24.318,24.356,24.356,24.363,24.432,24.485,24.5,24.568,24.598,24.636,24.666,24.704,24.735,24.719,24.772,24.742,24.825,24.871,24.923,24.916,25.014,25.014,25.119,25.157,25.202,25.217,25.27,25.27,25.338,25.375,25.435,25.473,25.495,25.548,25.585,25.623,25.638,25.638,25.6,25.615,25.645,25.66,25.615,25.593,25.585,25.585,25.608,25.57,25.548,25.54,25.45,25.45,25.398,25.308,25.368,25.383,25.368,25.345,25.39,25.375,25.398,25.413,25.428,25.488,25.57,25.645,25.743,26.079,26.385,26.593,26.919,27.133,27.458,27.833,27.943,28.038,28.112,28.09,28.075,28.046,28.038,28.009,27.95,27.928,27.833,27.84,27.818,27.826,27.84,27.943,28.016,28.119,28.024,28.009,27.877,27.884,27.517,27.229,26.845,26.697,26.585,26.325,26.273,26.079,25.803,25.75,25.758,25.585,25.51,25.48,25.42,25.383,25.232,25.187,25.104,25.097,25.074,25.059,25.067,24.984,24.991,24.961,24.984,24.976,25.014,25.029,25.036,25.119,25.142,25.217,25.262,25.255,25.323,25.27,25.225,25.134,25.104,25.059,24.916,24.938,24.666,24.765,24.651,24.659,24.53,24.485,24.56,24.47,24.47,24.424,24.477,24.401,24.128,24.135,23.846,23.808,23.777,23.808,23.716,23.709,23.724,23.693,23.709,23.663,23.693,23.701
,23.349,23.487,23.364,23.403,23.518,23.433,23.456,23.441,23.441,23.441,23.418,23.426,23.479,23.502,23.487,23.433,23.525,23.51,23.487,23.502,23.502,23.525,23.495,23.487,23.518,23.502,23.502,23.518,23.525,23.564,23.548,23.518,23.525,23.556,23.541,23.594,23.548,23.525,23.556,23.51,23.495,23.625,23.625,23.632,23.648,23.77,23.861,23.869,23.976,24.075,24.166,24.166,24.318,24.333,24.416,24.394,24.371,24.348,24.409,24.371,24.394,24.371,24.416,24.416,24.439,24.477,24.507,24.545,24.576,24.598,24.651,24.682,24.719,24.78,24.863,24.871,24.931,24.931,25.059,25.036,25.149,25.142,25.142,25.24,25.277,25.323,25.36,25.39,25.428,25.465,25.473,25.48,25.503,25.51,25.503,25.525,25.608,25.653,25.69,25.675,25.728,25.743,25.773,25.72,25.743,25.683,25.675,25.675,25.623,25.555,25.518,25.428,25.33,25.285,25.33,25.232,25.187,25.18,25.157,25.165,25.142,25.165,25.157,25.149,25.142,25.157,25.172,25.157,25.149,25.149,25.172,25.165,25.149,25.247,25.217,25.255,25.308,25.323,25.323,25.33,25.345,25.368,25.368,25.398,25.375,25.375,25.36,25.375,25.39,25.405,25.42,25.45,25.45,25.458,25.465,25.45,25.428,25.413,25.383,25.39,25.368,25.375,25.383,25.42,25.413,25.443,25.608,25.638,25.653,25.705,25.773,25.84,26.116,27.097,27.259,27.207,27.163,27.17,27.156,27.133,27.148,27.126,27.133,27.163,27.229,27.274,27.318,27.296,27.355,27.377,27.407,27.451,27.488,27.51,27.51,27.465,27.384,27.333,25.982,25.36,25.3,25.27,25.277,25.3,25.383,25.39,25.555,25.585,25.698,25.765,25.922,26.027,26.213,26.674,26.763,26.882,26.978,27.045,27.074,27.163,27.311,27.303,27.348,27.318,27.311,27.259,27.237,27.156,27.067,27.023,26.912,26.697,26.466,26.422,26.251,26.198,26.019,25.803,25.87,25.713,25.615,25.585,25.518,25.54,25.503,25.495,25.495,25.495,25.503,25.51,25.525,25.57,25.608,25.653,25.66,25.773,25.825,25.915,25.93,26.131,26.183,26.243,26.31,26.682,27.289,28.265,28.623,28.688,28.666,28.601,28.586,28.484,28.382,28.367,28.258,26.258,25.488,25.428,25.435,25.428,25.413,25.405,25.398,25.413,25.428,25.458,25.51,25.563,25.668,25.698,25.803,25.885,26.027,26.109,26.109,26.221,26.198,26.496,26.57,26.615,26.637,26.652,26.674,26.682,26.697,26.719,26.697,26.712,26.682,26.682,26.697,26.704,26.66,26.697,26.674,26.637,26.518,26.422,26.37,26.318,26.146,26.049,25.847,25.788,25.645,25.525,25.533,25.443,25.428,25.443,25.39,25.345,25.405,25.503,25.458,25.458,25.81,26.422,26.377,26.459,26.667,26.645,26.749,26.845,26.949,26.949,27.037,27.037,27.074,27.133,27.17,27.178,27.207,27.215,27.237,27.215,27.259,27.289,27.377,27.436,27.465,27.51,27.539,27.554,27.554,27.539,27.524,27.532,27.517,27.524,27.524,27.51,27.465,27.465,27.436,27.473,27.399,27.399,27.355,27.34,27.325,27.303,27.222,27.178,27.141,27.111,27.023,26.845,26.771,26.734,26.541,26.504,26.459,26.422,26.407,26.407,26.407,26.407,26.385,26.399,26.34,26.325,26.28,26.288,26.325,26.37,26.422,26.526,26.593,26.63,26.704,26.778,26.867,26.875,26.897,26.978,27.052,27.037,27.052,27.089,27.074,27.104,27.133,27.133,27.148,27.141,27.141,27.185,27.163,27.163,27.2,27.133,27.133,27.037,26.949,26.971,26.86,26.674,26.622,26.459,26.481,26.377,26.273,26.101,25.87,25.735,25.518,25.465,25.353,25.285,25.165,25.157,25.127,25.142,25.089,25.172,25.104,25.435,25.443,26.526,26.496,26.459,26.392,26.385,26.347,25.495,25.014,24.969,24.689,24.515,24.492,24.424,24.356,24.325,24.325,24.28,24.348,24.409,24.432,24.485,24.492,24.583,24.606,24.636,24.651,24.674,24.727,24.757,24.765,24.765,24.81,24.803,24.893,24.886,24.916,25.044,25.052,25.157,25.18,25.225,25.247,25.255,25.368,25.368,25.428,25.45,25.473,25.533,25.578,25.623,25.623,25.623,25.608,25.593,25.548,25.6,25.593,25.608,25.593,25.585,25.578,25.548,25.54,25.495,25.488,25.458,25.375,25.398,25.33,25.353,25.33,25.323,25.345,25.33,25.375,25.398,25.383,25.405,25.443,25.675,25.877,26.079,26.154,26.697,27.089,27.414,27.649,27.833,27.87,28.053,28.148,28.112,28.112,28.09,28.06,28.002,27.98,27.943,27.862,27.84,27.804,27.826,27.848,27.914,27.943,28.06,28.06,27.98,27.98,27.884,27.458,27.156,27.148,26.934,26.615,26.333,26.183,26.079,25.9,25.788,25.668,25.608,25.503,25.48,25.345,25.255,25.247,25.21,25.165,25.142,25.104,25.052,25.089,24.999,24.984,25.014,25.006,24.999,25.029,25.044,25.089,25.067,25.134,25.142,25.165,25.217,25.202,25.27,25.134,25.18,25.014,24.931,24.84,24.704,24.636,24.553,24.568,24.416,24.416,24.432,24.477,24.432,24.439,24.492,24.363,24.432,24.204,24.044,23.907,23.77,23.823,23.762,23.747,23.77,23.701,23.709,23.716,23.716,23.755,23.732
,23.257,23.349,23.433,23.464,23.472,23.456,23.449,23.449,23.433,23.441,23.456,23.441,23.487,23.456,23.464,23.487,23.449,23.472,23.502,23.479,23.51,23.525,23.487,23.51,23.502,23.502,23.525,23.518,23.51,23.525,23.548,23.525,23.51,23.541,23.548,23.556,23.541,23.525,23.541,23.564,23.533,23.525,23.632,23.625,23.747,23.8,23.846,23.861,24.075,24.097,24.135,24.249,24.211,24.303,24.325,24.394,24.287,24.348,24.318,24.333,24.348,24.341,24.363,24.424,24.409,24.47,24.5,24.538,24.568,24.613,24.674,24.682,24.75,24.765,24.848,24.84,24.931,24.871,24.901,25.036,24.999,25.157,25.112,25.18,25.232,25.292,25.345,25.323,25.353,25.398,25.413,25.435,25.465,25.435,25.48,25.51,25.555,25.608,25.645,25.668,25.66,25.683,25.683,25.698,25.675,25.593,25.6,25.6,25.473,25.458,25.383,25.428,25.292,25.202,25.187,25.165,25.112,25.142,25.112,25.127,25.149,25.149,25.149,25.149,25.142,25.127,25.112,25.142,25.134,25.134,25.149,25.134,25.165,25.18,25.217,25.292,25.308,25.308,25.308,25.323,25.323,25.368,25.375,25.375,25.36,25.375,25.375,25.375,25.383,25.405,25.413,25.435,25.458,25.443,25.458,25.45,25.39,25.383,25.428,25.368,25.39,25.398,25.398,25.42,25.465,25.518,25.57,25.653,25.795,25.945,25.967,26.004,26.422,27.303,27.237,27.148,27.178,27.156,27.133,27.141,27.133,27.133,27.148,27.178,27.229,27.274,27.318,27.333,27.348,27.355,27.436,27.451,27.488,27.495,27.524,27.532,27.473,27.052,25.81,25.277,25.3,25.27,25.285,25.308,25.353,25.42,25.495,25.623,25.877,25.892,26.049,26.31,26.318,26.548,26.726,26.963,26.978,27.045,27.148,27.237,27.178,27.325,27.34,27.333,27.318,27.289,27.237,27.089,27.052,27,26.749,26.712,26.518,26.318,26.146,26.057,25.997,25.892,25.728,25.713,25.578,25.555,25.503,25.488,25.495,25.473,25.48,25.495,25.488,25.518,25.518,25.578,25.6,25.608,25.653,25.72,25.81,25.855,26.019,26.154,26.072,26.183,26.399,26.815,27.348,28.572,28.688,28.674,28.615,28.645,28.608,28.572,28.455,28.397,27.774,26.049,25.503,25.488,25.413,25.405,25.39,25.405,25.42,25.405,25.435,25.45,25.518,25.525,25.653,25.705,25.788,25.855,26.109,26.116,26.251,26.37,26.444,26.518,26.526,26.593,26.622,26.645,26.667,26.667,26.682,26.689,26.682,26.689,26.682,26.674,26.674,26.682,26.66,26.66,26.652,26.563,26.556,26.37,26.273,26.28,26.109,25.87,25.788,25.795,25.645,25.48,25.465,25.48,25.435,25.413,25.398,25.405,25.398,25.39,25.428,25.66,26.124,26.213,26.399,26.504,26.645,26.704,26.8,26.852,26.978,27,27.045,27.074,27.111,27.126,27.215,27.229,27.222,27.252,27.266,27.259,27.303,27.34,27.384,27.414,27.436,27.517,27.546,27.546,27.554,27.561,27.539,27.546,27.524,27.532,27.524,27.488,27.502,27.488,27.443,27.458,27.429,27.392,27.37,27.355,27.303,27.259,27.193,27.185,27.141,27.082,26.882,26.845,26.712,26.652,26.504,26.504,26.437,26.429,26.399,26.414,26.407,26.422,26.377,26.399,26.295,26.303,26.273,26.288,26.288,26.385,26.437,26.489,26.593,26.63,26.674,26.712,26.763,26.815,26.83,26.934,27.037,27.082,27.067,27.067,27.097,27.111,27.126,27.156,27.17,27.141,27.148,27.185,27.163,27.17,27.178,27.126,27.133,27.067,26.993,26.919,26.86,26.674,26.585,26.518,26.37,26.236,26.027,25.922,25.84,25.623,25.518,25.398,25.308,25.285,25.21,25.104,25.119,25.074,25.082,25.112,25.059,25.119,25.42,26.474,26.466,26.452,26.392,26.407,26.37,25.967,25.082,24.735,24.727,24.568,24.53,24.462,24.409,24.325,24.325,24.303,24.394,24.363,24.394,24.454,24.394,24.56,24.621,24.606,24.629,24.689,24.712,24.742,24.742,24.75,24.84,24.818,24.893,24.886,24.954,24.961,25.059,25.172,25.172,25.195,25.217,25.247,25.338,25.39,25.375,25.45,25.48,25.54,25.615,25.63,25.623,25.6,25.593,25.578,25.638,25.6,25.585,25.6,25.57,25.57,25.57,25.555,25.533,25.54,25.443,25.48,25.435,25.368,25.368,25.345,25.277,25.27,25.27,25.323,25.3,25.375,25.413,25.45,25.458,25.563,25.563,25.989,26.303,26.8,26.719,27.348,27.539,27.848,27.855,27.884,28.119,28.031,28.112,28.097,28.075,28.002,27.987,27.921,27.884,27.84,27.818,27.826,27.84,27.87,28.031,28.075,28.155,28.075,27.972,27.892,27.524,27.436,27.222,26.786,26.674,26.37,26.146,25.997,25.922,25.795,25.743,25.675,25.54,25.48,25.45,25.345,25.277,25.21,25.157,25.119,25.067,25.097,25.074,25.036,24.999,25.006,25.006,25.036,25.052,25.082,25.097,25.089,25.097,25.089,25.195,25.225,25.097,25.127,25.089,24.976,24.916,24.825,24.712,24.636,24.591,24.56,24.485,24.424,24.333,24.379,24.409,24.485,24.492,24.401,24.447,24.401,24.006,23.945,23.877,23.831,23.846,23.747,23.77,23.739,23.678,23.716,23.716,23.724,23.716,23.739
,23.272,23.433,23.403,23.479,23.441,23.464,23.441,23.433,23.479,23.433,23.433,23.433,23.456,23.456,23.456,23.502,23.472,23.502,23.51,23.487,23.51,23.51,23.495,23.51,23.518,23.495,23.533,23.541,23.525,23.525,23.548,23.51,23.556,23.533,23.518,23.525,23.525,23.541,23.533,23.594,23.617,23.625,23.617,23.739,23.793,23.808,23.854,23.861,23.983,23.976,24.113,24.09,24.158,24.166,24.272,24.249,24.257,24.272,24.265,24.227,24.303,24.272,24.287,24.371,24.386,24.47,24.5,24.538,24.576,24.606,24.666,24.682,24.727,24.75,24.787,24.803,24.878,24.855,24.893,24.961,25.021,25.089,25.134,25.172,25.217,25.24,25.285,25.315,25.338,25.338,25.353,25.435,25.413,25.458,25.458,25.465,25.503,25.51,25.578,25.615,25.645,25.623,25.638,25.615,25.548,25.563,25.525,25.578,25.398,25.428,25.36,25.247,25.187,25.172,25.157,25.112,25.097,25.082,25.082,25.112,25.112,25.134,25.134,25.127,25.067,25.036,25.089,25.082,25.104,25.097,25.112,25.119,25.142,25.187,25.202,25.21,25.255,25.285,25.27,25.27,25.3,25.353,25.345,25.405,25.368,25.345,25.368,25.368,25.383,25.39,25.398,25.383,25.39,25.39,25.443,25.428,25.368,25.39,25.323,25.428,25.39,25.465,25.42,25.443,25.518,25.585,25.683,25.675,25.81,25.818,25.877,26.206,26.407,27.259,27.252,27.222,27.17,27.148,27.126,27.141,27.126,27.133,27.148,27.185,27.207,27.215,27.274,27.311,27.325,27.392,27.429,27.458,27.48,27.465,27.407,27.591,27.311,26.712,25.735,25.262,25.232,25.24,25.27,25.3,25.375,25.375,25.473,25.533,25.615,25.698,26.116,26.213,26.422,26.66,26.815,26.875,26.963,27.17,27.215,27.244,27.303,27.348,27.348,27.348,27.325,27.318,27.229,27.06,27.015,26.882,26.741,26.563,26.392,26.31,26.161,26.057,25.847,25.892,25.788,25.683,25.615,25.533,25.473,25.465,25.45,25.465,25.465,25.473,25.48,25.495,25.533,25.555,25.578,25.608,25.668,25.675,25.765,25.907,25.96,26.079,26.251,26.169,26.541,26.763,27.407,28.652,28.608,28.659,28.63,28.579,28.543,28.528,28.499,28.375,28.148,26.139,25.488,25.435,25.405,25.405,25.405,25.42,25.405,25.42,25.45,25.473,25.525,25.555,25.63,25.743,25.847,25.922,25.967,26.154,26.191,26.228,26.258,26.407,26.556,26.57,26.615,26.637,26.637,26.652,26.667,26.66,26.66,26.652,26.66,26.667,26.667,26.674,26.652,26.637,26.608,26.541,26.526,26.325,26.31,26.183,26.094,25.915,25.87,25.6,25.51,25.518,25.465,25.413,25.443,25.368,25.383,25.368,25.435,25.435,25.503,25.69,26.213,26.392,26.407,26.556,26.615,26.741,26.838,26.875,26.934,27.015,27.008,27.082,27.148,27.148,27.237,27.185,27.244,27.259,27.229,27.281,27.296,27.348,27.37,27.465,27.436,27.51,27.539,27.561,27.576,27.554,27.546,27.546,27.51,27.495,27.51,27.495,27.443,27.502,27.443,27.421,27.399,27.392,27.377,27.348,27.303,27.259,27.2,27.141,27.104,27.045,26.926,26.882,26.726,26.66,26.556,26.481,26.452,26.437,26.414,26.422,26.392,26.385,26.362,26.333,26.295,26.28,26.273,26.295,26.34,26.347,26.452,26.533,26.593,26.637,26.697,26.734,26.763,26.926,26.978,26.956,27.03,27.03,27.06,27.119,27.104,27.148,27.126,27.156,27.156,27.156,27.156,27.185,27.185,27.17,27.163,27.185,27.082,27.082,27.052,26.978,26.793,26.697,26.578,26.496,26.444,26.243,26.191,25.989,25.78,25.623,25.458,25.428,25.353,25.323,25.217,25.127,25.082,25.059,25.089,25.127,25.119,25.097,25.375,26.437,26.422,26.414,26.407,26.37,26.37,26.079,25.082,24.878,24.704,24.568,24.523,24.454,24.439,24.333,24.318,24.31,24.28,24.439,24.432,24.386,24.47,24.523,24.598,24.613,24.629,24.666,24.689,24.757,24.772,24.78,24.81,24.84,24.855,24.916,24.908,24.954,25.006,25.104,25.165,25.18,25.232,25.277,25.33,25.36,25.413,25.428,25.495,25.555,25.593,25.615,25.615,25.63,25.608,25.578,25.578,25.585,25.6,25.6,25.6,25.578,25.555,25.555,25.54,25.503,25.495,25.465,25.465,25.368,25.375,25.308,25.292,25.308,25.277,25.285,25.292,25.292,25.36,25.405,25.495,25.548,25.818,26.325,26.437,26.414,26.963,27.141,27.554,27.892,27.914,28.075,28.075,28.155,28.134,28.112,28.06,28.053,28.009,27.98,27.914,27.826,27.818,27.811,27.855,27.892,28.016,28.053,28.097,27.987,27.972,27.598,27.583,27.399,27.148,26.978,26.697,26.481,26.288,26.161,25.84,25.84,25.72,25.638,25.488,25.51,25.383,25.323,25.255,25.195,25.157,25.127,25.134,25.119,25.067,25.089,25.089,25.067,25.052,25.067,25.052,25.082,25.089,25.097,25.067,25.104,25.067,25.149,25.006,24.984,24.916,24.923,24.84,24.84,24.735,24.568,24.553,24.492,24.394,24.333,24.295,24.371,24.401,24.424,24.424,24.432,24.219,24.037,23.96,23.907,23.877,23.838,23.701,23.739,23.732,23.739,23.77,23.739,23.732,23.617,23.716,23.716
,23.38,23.41,23.426,23.441,23.433,23.464,23.464,23.456,23.449,23.449,23.464,23.449,23.449,23.472,23.464,23.533,23.464,23.518,23.518,23.487,23.518,23.518,23.518,23.525,23.51,23.502,23.518,23.533,23.533,23.525,23.548,23.533,23.548,23.495,23.586,23.518,23.51,23.541,23.541,23.548,23.602,23.594,23.617,23.739,23.747,23.823,23.8,23.861,23.877,23.915,23.998,24.029,24.044,24.113,24.135,24.211,24.181,24.189,24.265,24.272,24.31,24.272,24.325,24.371,24.409,24.447,24.477,24.523,24.545,24.613,24.659,24.682,24.735,24.742,24.75,24.787,24.825,24.833,24.901,24.984,24.976,25.112,25.134,25.165,25.195,25.24,25.247,25.3,25.3,25.315,25.292,25.33,25.375,25.413,25.42,25.45,25.465,25.48,25.555,25.615,25.593,25.578,25.608,25.548,25.51,25.465,25.398,25.458,25.42,25.315,25.202,25.24,25.127,25.134,25.067,25.059,25.014,25.036,25.059,25.044,25.082,25.074,25.119,25.112,25.119,25.059,25.082,25.052,25.074,25.067,25.089,25.104,25.127,25.165,25.18,25.202,25.202,25.255,25.285,25.285,25.262,25.285,25.36,25.383,25.345,25.353,25.36,25.345,25.375,25.368,25.36,25.368,25.345,25.36,25.398,25.42,25.39,25.413,25.45,25.338,25.435,25.473,25.473,25.503,25.57,25.608,25.683,25.713,25.825,25.989,25.967,26.213,27.244,27.289,27.266,27.178,27.148,27.148,27.126,27.119,27.148,27.141,27.133,27.178,27.185,27.2,27.259,27.244,27.325,27.384,27.421,27.443,27.48,27.48,27.421,27.495,27.266,26.407,25.27,25.27,25.225,25.27,25.277,25.345,25.345,25.42,25.57,25.593,25.75,26.042,26.079,26.28,26.429,26.712,26.852,26.978,26.993,27.178,27.2,27.259,27.303,27.325,27.348,27.362,27.333,27.266,27.281,27.252,27.06,26.897,26.778,26.593,26.437,26.198,26.124,26.034,25.937,25.877,25.66,25.608,25.578,25.518,25.435,25.435,25.42,25.45,25.45,25.465,25.488,25.488,25.54,25.548,25.563,25.63,25.63,25.668,25.758,25.937,25.952,26.064,26.116,26.251,26.526,26.771,27.384,28.608,28.652,28.652,28.659,28.579,28.579,28.47,28.433,28.346,27.716,26.109,25.518,25.458,25.405,25.405,25.39,25.405,25.435,25.45,25.465,25.495,25.518,25.555,25.63,25.705,25.832,25.967,26.139,26.161,26.228,26.347,26.325,26.504,26.526,26.615,26.608,26.622,26.622,26.63,26.63,26.622,26.637,26.622,26.645,26.645,26.652,26.66,26.637,26.645,26.6,26.511,26.489,26.333,26.288,26.213,26.027,25.847,25.907,25.63,25.555,25.465,25.428,25.435,25.428,25.42,25.413,25.42,25.383,25.57,25.75,26.049,26.206,26.34,26.466,26.608,26.556,26.726,26.771,26.875,26.926,27.074,27.097,27.097,27.178,27.215,27.215,27.244,27.252,27.244,27.252,27.274,27.311,27.348,27.355,27.48,27.488,27.539,27.569,27.569,27.569,27.546,27.546,27.524,27.524,27.524,27.495,27.488,27.51,27.465,27.465,27.465,27.451,27.384,27.399,27.355,27.34,27.252,27.207,27.163,27.111,27.082,26.919,26.926,26.682,26.615,26.541,26.526,26.466,26.489,26.407,26.407,26.385,26.385,26.34,26.318,26.273,26.28,26.265,26.288,26.347,26.362,26.437,26.504,26.608,26.63,26.674,26.756,26.786,26.882,26.919,26.963,27.023,27.045,27.067,27.082,27.104,27.163,27.178,27.156,27.148,27.17,27.163,27.17,27.2,27.2,27.207,27.178,27.119,27.097,27.045,26.949,26.875,26.815,26.719,26.585,26.481,26.318,26.258,26.064,25.952,25.705,25.488,25.518,25.36,25.323,25.217,25.112,25.074,25.059,25.059,25.052,25.014,25.247,25.157,26.414,26.407,26.392,26.377,26.362,26.385,26.273,25.862,24.901,24.727,24.629,24.553,24.492,24.416,24.379,24.318,24.341,24.31,24.325,24.401,24.409,24.432,24.507,24.56,24.598,24.644,24.644,24.689,24.727,24.75,24.765,24.81,24.825,24.863,24.893,24.923,24.991,25.029,25.074,25.142,25.195,25.255,25.255,25.3,25.353,25.435,25.435,25.473,25.51,25.533,25.593,25.608,25.6,25.623,25.6,25.615,25.615,25.608,25.63,25.548,25.578,25.57,25.563,25.54,25.525,25.495,25.458,25.405,25.368,25.338,25.353,25.277,25.292,25.255,25.285,25.285,25.338,25.39,25.39,25.428,25.51,25.495,25.915,26.169,26.355,27.089,27.355,27.532,27.738,27.95,28.097,28.126,28.185,28.192,28.141,28.09,28.075,28.038,27.95,27.914,27.84,27.818,27.833,27.855,27.833,28.09,28.082,28.068,28.016,27.994,27.994,27.723,27.48,27.111,26.867,26.763,26.399,26.303,26.042,25.945,25.832,25.593,25.533,25.51,25.45,25.42,25.375,25.308,25.225,25.195,25.149,25.142,25.097,25.119,25.089,25.082,25.052,25.089,25.074,25.089,25.074,25.097,25.074,25.059,25.052,25.021,25.006,24.916,24.916,24.893,24.863,24.795,24.735,24.644,24.629,24.47,24.462,24.424,24.386,24.523,24.416,24.576,24.56,24.477,24.454,24.265,24.075,23.998,23.899,23.938,23.793,23.884,23.701,23.785,23.709,23.701,23.755,23.755,23.755,23.709,23.732
,23.403,23.418,23.426,23.441,23.426,23.449,23.464,23.464,23.472,23.449,23.456,23.464,23.472,23.449,23.479,23.495,23.502,23.525,23.502,23.51,23.533,23.525,23.533,23.51,23.51,23.487,23.541,23.525,23.564,23.533,23.51,23.525,23.502,23.579,23.533,23.502,23.556,23.495,23.533,23.571,23.602,23.586,23.586,23.755,23.785,23.777,23.838,23.846,23.838,23.953,23.922,23.983,24.014,24.059,24.113,24.189,24.158,24.219,24.272,24.249,24.287,24.272,24.325,24.363,24.379,24.432,24.485,24.507,24.545,24.583,24.651,24.666,24.682,24.704,24.727,24.719,24.765,24.863,24.848,24.863,24.954,25.029,25.097,25.165,25.165,25.195,25.247,25.308,25.3,25.285,25.277,25.3,25.345,25.39,25.42,25.443,25.488,25.458,25.51,25.51,25.533,25.555,25.585,25.54,25.51,25.48,25.368,25.375,25.315,25.217,25.142,25.172,25.074,25.029,25.029,25.067,25.006,25.006,25.014,25.006,25.006,25.067,25.074,25.059,25.021,24.991,25.052,25.052,25.021,25.044,25.074,25.074,25.112,25.142,25.165,25.217,25.225,25.255,25.262,25.285,25.3,25.3,25.345,25.345,25.323,25.345,25.33,25.338,25.368,25.33,25.323,25.353,25.33,25.368,25.405,25.383,25.39,25.398,25.405,25.405,25.458,25.458,25.48,25.533,25.525,25.608,25.825,25.915,25.945,26.072,26.169,27.126,27.252,27.222,27.215,27.178,27.133,27.119,27.111,27.111,27.111,27.141,27.156,27.141,27.163,27.185,27.237,27.266,27.325,27.399,27.429,27.443,27.473,27.421,27.399,27.355,27.274,26.265,25.255,25.285,25.24,25.27,25.315,25.345,25.36,25.413,25.585,25.698,25.885,26.146,26.258,26.34,26.518,26.741,26.889,26.919,27.037,27.156,27.244,27.266,27.333,27.37,27.377,27.355,27.348,27.289,27.237,27.141,27.037,26.882,26.726,26.496,26.318,26.31,26.191,26.049,25.87,25.87,25.75,25.57,25.533,25.488,25.413,25.398,25.39,25.428,25.458,25.465,25.48,25.495,25.533,25.518,25.57,25.623,25.638,25.683,25.922,25.922,25.989,25.989,26.273,26.392,26.504,26.712,27.451,28.652,28.637,28.652,28.623,28.601,28.543,28.433,28.411,28.353,27.701,25.915,25.518,25.443,25.405,25.413,25.39,25.413,25.435,25.458,25.473,25.495,25.525,25.563,25.608,25.683,25.788,25.907,25.967,26.087,26.243,26.303,26.414,26.422,26.533,26.556,26.57,26.585,26.593,26.608,26.63,26.578,26.608,26.622,26.622,26.645,26.645,26.66,26.652,26.615,26.548,26.563,26.466,26.303,26.183,26.169,25.982,25.84,25.728,25.585,25.518,25.45,25.45,25.398,25.405,25.413,25.39,25.383,25.413,25.465,25.75,26.176,26.273,26.377,26.511,26.563,26.682,26.756,26.786,26.934,26.956,27,27.008,27.148,27.193,27.215,27.244,27.252,27.259,27.259,27.266,27.303,27.303,27.348,27.377,27.436,27.502,27.546,27.546,27.561,27.569,27.554,27.532,27.539,27.458,27.524,27.495,27.51,27.495,27.502,27.495,27.451,27.48,27.451,27.414,27.392,27.362,27.281,27.193,27.17,27.097,27,26.956,26.815,26.689,26.689,26.593,26.481,26.474,26.429,26.407,26.392,26.385,26.37,26.333,26.288,26.28,26.288,26.265,26.31,26.34,26.407,26.459,26.548,26.6,26.652,26.704,26.734,26.778,26.83,26.963,27.023,27.008,27.052,27.082,27.104,27.133,27.17,27.156,27.156,27.156,27.17,27.2,27.2,27.2,27.229,27.17,27.17,27.111,27.082,27.03,26.993,26.889,26.815,26.704,26.652,26.466,26.303,26.206,26.176,25.989,25.967,25.585,25.563,25.368,25.3,25.217,25.119,25.074,25.074,25.052,25.104,25.074,25.149,25.225,25.51,26.385,26.385,26.392,26.347,26.347,26.34,25.989,25.029,24.697,24.727,24.583,24.553,24.53,24.424,24.379,24.318,24.386,24.333,24.394,24.386,24.447,24.492,24.538,24.598,24.644,24.666,24.697,24.712,24.75,24.765,24.81,24.84,24.893,24.886,24.954,24.969,25.036,25.074,25.089,25.165,25.187,25.24,25.308,25.345,25.398,25.435,25.465,25.503,25.54,25.57,25.608,25.6,25.623,25.623,25.63,25.683,25.63,25.638,25.615,25.6,25.57,25.585,25.57,25.525,25.518,25.473,25.413,25.398,25.405,25.285,25.3,25.255,25.247,25.255,25.308,25.292,25.338,25.405,25.45,25.548,25.585,25.945,26.183,26.541,26.771,27.399,27.569,27.87,27.994,28.155,28.155,28.163,28.199,28.148,28.104,28.112,28.046,28.002,27.914,27.862,27.796,27.804,27.914,27.84,27.87,28.192,28.112,28.104,28.068,27.546,27.517,27.458,27.259,26.897,26.838,26.541,26.444,26.094,25.818,25.735,25.698,25.683,25.533,25.518,25.413,25.36,25.27,25.202,25.21,25.157,25.142,25.127,25.119,25.082,25.082,25.104,25.104,25.089,25.089,25.104,25.097,25.044,25.036,25.052,24.984,24.916,24.886,24.886,24.84,24.712,24.697,24.606,24.674,24.507,24.485,24.5,24.492,24.379,24.523,24.454,24.75,24.553,24.583,24.295,24.196,23.938,24.021,23.854,23.892,23.816,23.831,23.808,23.762,23.724,23.724,23.724,23.77,23.732,23.747,23.724
,23.387,23.426,23.426,23.433,23.403,23.456,23.456,23.433,23.472,23.472,23.426,23.464,23.449,23.441,23.456,23.487,23.502,23.487,23.533,23.472,23.525,23.518,23.502,23.518,23.525,23.556,23.556,23.564,23.548,23.533,23.541,23.525,23.533,23.502,23.502,23.487,23.479,23.51,23.556,23.564,23.579,23.579,23.609,23.625,23.693,23.732,23.793,23.793,23.8,23.861,23.869,23.93,23.953,23.983,24.075,24.075,24.12,24.151,24.211,24.272,24.265,24.287,24.303,24.31,24.401,24.432,24.47,24.492,24.523,24.576,24.613,24.651,24.659,24.674,24.689,24.712,24.75,24.712,24.787,24.931,24.923,25.059,25.052,25.074,25.149,25.172,25.172,25.255,25.255,25.277,25.285,25.27,25.353,25.368,25.413,25.413,25.413,25.45,25.443,25.473,25.518,25.488,25.473,25.443,25.443,25.428,25.345,25.315,25.217,25.142,25.142,25.082,25.052,24.976,24.976,24.969,24.969,24.946,24.969,24.954,24.991,24.984,24.991,25.006,25.006,25.021,25.021,25.014,25.006,25.014,25.052,25.052,25.089,25.142,25.157,25.187,25.202,25.232,25.232,25.27,25.285,25.323,25.308,25.3,25.323,25.308,25.308,25.33,25.36,25.262,25.308,25.323,25.323,25.338,25.345,25.368,25.39,25.45,25.42,25.428,25.435,25.473,25.488,25.51,25.615,25.578,25.788,25.855,25.832,26.101,26.489,27.215,27.222,27.207,27.185,27.156,27.126,27.104,27.097,27.104,27.111,27.126,27.119,27.133,27.133,27.141,27.17,27.244,27.281,27.355,27.421,27.458,27.443,27.414,27.451,27.348,27.03,26.116,25.285,25.247,25.24,25.277,25.285,25.3,25.383,25.458,25.548,25.623,25.698,25.728,26.31,26.452,26.444,26.667,26.904,26.867,26.978,27.193,27.237,27.311,27.362,27.384,27.384,27.362,27.325,27.274,27.185,27.067,26.963,26.941,26.622,26.474,26.31,26.087,26.079,25.907,25.877,25.653,25.623,25.555,25.488,25.39,25.405,25.353,25.338,25.375,25.398,25.428,25.428,25.45,25.495,25.533,25.548,25.585,25.63,25.683,25.683,25.773,25.915,26.064,26.169,26.422,26.459,26.63,27.502,28.579,28.608,28.608,28.572,28.513,28.506,28.448,28.433,28.404,27.62,25.855,25.51,25.435,25.398,25.413,25.405,25.428,25.45,25.45,25.473,25.495,25.518,25.563,25.585,25.653,25.705,25.855,26.019,26.206,26.303,26.31,26.385,26.429,26.511,26.541,26.548,26.556,26.541,26.533,26.563,26.578,26.585,26.585,26.608,26.63,26.637,26.66,26.637,26.585,26.578,26.541,26.422,26.273,26.161,26.012,25.975,25.84,25.66,25.54,25.465,25.45,25.428,25.428,25.353,25.405,25.383,25.465,25.42,25.518,25.6,26.191,26.027,26.37,26.444,26.563,26.622,26.704,26.756,26.934,26.986,27,27.067,27.141,27.185,27.215,27.229,27.244,27.244,27.237,27.259,27.259,27.289,27.318,27.384,27.377,27.502,27.517,27.576,27.561,27.554,27.539,27.532,27.502,27.502,27.502,27.51,27.48,27.465,27.458,27.458,27.421,27.451,27.443,27.429,27.377,27.355,27.318,27.215,27.126,27.089,27,26.934,26.749,26.719,26.637,26.511,26.548,26.466,26.429,26.414,26.399,26.37,26.37,26.355,26.273,26.265,26.273,26.273,26.273,26.325,26.362,26.452,26.593,26.593,26.689,26.719,26.808,26.808,26.823,26.949,26.986,26.993,27.067,27.097,27.111,27.148,27.156,27.163,27.17,27.17,27.185,27.2,27.229,27.215,27.229,27.17,27.178,27.126,27.074,27.037,26.971,26.86,26.83,26.578,26.593,26.407,26.385,26.109,26.094,25.952,25.758,25.698,25.54,25.368,25.3,25.149,25.142,25.067,25.074,25.036,25.029,25.052,25.036,25.202,25.308,26.377,26.385,26.377,26.377,26.318,26.347,26.228,25.149,24.742,24.697,24.598,24.53,24.553,24.447,24.303,24.356,24.371,24.333,24.371,24.416,24.447,24.53,24.553,24.583,24.576,24.674,24.727,24.712,24.75,24.78,24.765,24.84,24.81,24.901,24.931,24.969,24.976,25.052,25.059,25.142,25.187,25.262,25.262,25.323,25.368,25.39,25.443,25.51,25.548,25.578,25.578,25.608,25.615,25.623,25.63,25.645,25.638,25.623,25.63,25.615,25.54,25.54,25.548,25.525,25.495,25.473,25.428,25.398,25.323,25.292,25.292,25.292,25.255,25.247,25.247,25.27,25.315,25.3,25.375,25.473,25.548,25.937,26.422,26.608,27.148,27.355,27.274,27.62,28.002,28.141,28.141,28.17,28.199,28.207,28.163,28.097,28.009,28.009,27.958,27.848,27.811,27.811,27.848,27.782,28.134,28.126,28.163,28.068,27.943,27.73,27.488,27.642,27.141,27.06,26.86,26.399,26.28,26.28,25.892,25.825,25.705,25.593,25.518,25.503,25.48,25.36,25.285,25.27,25.217,25.195,25.247,25.142,25.134,25.127,25.104,25.142,25.112,25.112,25.104,25.097,25.044,25.059,25.021,24.991,24.946,24.908,24.78,24.855,24.735,24.689,24.53,24.583,24.56,24.545,24.53,24.515,24.47,24.485,24.576,24.742,24.916,24.598,24.348,24.151,24.151,24.029,23.816,23.846,23.793,23.816,23.762,23.8,23.701,23.663,23.671,23.709,23.716,23.701,23.693,23.709
,23.418,23.456,23.464,23.456,23.426,23.472,23.487,23.449,23.479,23.464,23.479,23.479,23.456,23.426,23.456,23.472,23.479,23.51,23.541,23.571,23.525,23.556,23.556,23.571,23.533,23.533,23.518,23.556,23.518,23.518,23.533,23.51,23.541,23.525,23.51,23.525,23.472,23.495,23.479,23.571,23.602,23.594,23.617,23.663,23.724,23.724,23.777,23.793,23.8,23.861,23.854,23.922,23.998,23.998,24.044,24.075,24.09,24.181,24.272,24.249,24.265,24.295,24.341,24.379,24.379,24.432,24.454,24.477,24.523,24.538,24.613,24.621,24.644,24.659,24.689,24.659,24.742,24.704,24.795,24.795,24.991,24.954,25.067,25.059,25.134,25.149,25.195,25.172,25.262,25.277,25.262,25.315,25.315,25.368,25.398,25.39,25.405,25.405,25.465,25.458,25.458,25.473,25.435,25.398,25.36,25.255,25.285,25.277,25.195,25.165,25.134,25.029,24.991,25.006,24.916,24.923,24.923,24.878,24.908,24.946,24.938,24.961,24.946,24.976,24.984,25.014,24.991,24.991,25.021,25.036,25.029,25.029,25.089,25.142,25.165,25.172,25.21,25.232,25.247,25.308,25.308,25.308,25.292,25.315,25.308,25.315,25.308,25.285,25.323,25.292,25.3,25.285,25.3,25.315,25.353,25.353,25.398,25.428,25.45,25.458,25.465,25.488,25.51,25.518,25.495,25.698,25.675,25.96,26.012,26.295,27.163,27.215,27.207,27.185,27.163,27.148,27.126,27.111,27.097,27.089,27.097,27.082,27.074,27.104,27.097,27.156,27.185,27.222,27.289,27.355,27.407,27.443,27.458,27.488,27.407,27.333,27.045,25.345,25.27,25.255,25.255,25.262,25.292,25.338,25.45,25.503,25.6,25.675,25.803,26.265,26.355,26.474,26.593,26.704,27,27.045,27.03,27.274,27.303,27.355,27.399,27.399,27.392,27.407,27.34,27.237,27.207,27.111,26.971,27.008,26.667,26.452,26.481,26.176,26.101,26.079,25.907,25.825,25.653,25.548,25.458,25.398,25.36,25.338,25.345,25.315,25.383,25.398,25.435,25.465,25.503,25.525,25.57,25.593,25.653,25.683,25.735,25.78,26.057,26.101,26.37,26.474,26.6,26.763,27.686,28.615,28.623,28.608,28.579,28.506,28.47,28.419,28.419,28.382,27.605,25.75,25.458,25.428,25.413,25.413,25.413,25.428,25.45,25.465,25.48,25.503,25.503,25.548,25.6,25.578,25.705,25.84,26.049,26.198,26.265,26.37,26.385,26.392,26.481,26.504,26.496,26.481,26.511,26.526,26.533,26.533,26.556,26.556,26.578,26.615,26.652,26.652,26.63,26.608,26.548,26.541,26.518,26.176,26.146,26.027,25.877,25.675,25.668,25.675,25.525,25.428,25.428,25.398,25.443,25.45,25.428,25.465,25.608,25.63,25.877,26.198,26.28,26.377,26.563,26.556,26.652,26.741,26.897,26.956,27.023,27.03,27.111,27.119,27.185,27.207,27.237,27.252,27.266,27.252,27.281,27.303,27.311,27.355,27.377,27.443,27.546,27.539,27.583,27.561,27.546,27.539,27.539,27.532,27.532,27.495,27.502,27.51,27.443,27.488,27.495,27.458,27.458,27.451,27.414,27.414,27.392,27.34,27.259,27.17,27.119,27.037,27.008,26.941,26.756,26.667,26.548,26.481,26.452,26.422,26.407,26.37,26.385,26.392,26.37,26.34,26.31,26.273,26.28,26.31,26.303,26.444,26.496,26.578,26.667,26.689,26.786,26.8,26.845,26.912,26.934,27.052,27.037,27.089,27.126,27.126,27.156,27.17,27.156,27.178,27.193,27.207,27.222,27.244,27.237,27.222,27.222,27.193,27.17,27.089,27.037,26.956,26.897,26.756,26.689,26.63,26.459,26.429,26.258,26.101,26.019,25.818,25.69,25.63,25.428,25.315,25.172,25.217,25.067,25.082,25.029,25.059,25.067,25.104,25.157,25.503,26.37,26.385,26.362,26.325,26.318,26.288,26.213,25.54,24.931,24.901,24.629,24.56,24.424,24.454,24.379,24.341,24.379,24.356,24.379,24.401,24.454,24.477,24.515,24.583,24.621,24.621,24.651,24.697,24.712,24.742,24.787,24.833,24.863,24.893,24.946,24.931,24.976,24.991,25.029,25.104,25.157,25.255,25.277,25.33,25.368,25.383,25.48,25.473,25.548,25.585,25.593,25.6,25.615,25.623,25.638,25.668,25.645,25.638,25.638,25.63,25.615,25.593,25.555,25.51,25.495,25.465,25.45,25.368,25.323,25.323,25.323,25.285,25.262,25.27,25.232,25.262,25.292,25.285,25.353,25.533,25.63,25.96,26.154,26.652,27.089,27.465,27.627,27.921,27.95,28.104,28.177,28.199,28.236,28.221,28.236,28.214,28.17,27.972,27.906,27.855,27.84,27.833,27.855,28.053,28.097,28.163,28.097,28.134,28.126,28.075,27.554,27.325,27.023,26.934,26.815,26.511,26.221,26.213,25.788,25.915,25.78,25.608,25.57,25.488,25.443,25.338,25.39,25.285,25.232,25.232,25.21,25.18,25.217,25.24,25.18,25.134,25.119,25.089,25.097,25.082,25.052,25.036,24.969,24.954,24.946,24.863,24.871,24.787,24.712,24.674,24.568,24.538,24.515,24.5,24.462,24.553,24.591,24.803,24.772,24.886,24.991,24.871,24.303,24.181,24.014,24.082,24.014,23.8,23.785,23.808,23.724,23.747,23.747,23.686,23.671,23.739,23.739,23.724,23.739,23.747
,23.472,23.441,23.456,23.449,23.418,23.456,23.426,23.449,23.464,23.464,23.487,23.472,23.441,23.418,23.433,23.456,23.472,23.479,23.456,23.525,23.518,23.564,23.533,23.564,23.525,23.518,23.525,23.541,23.548,23.518,23.51,23.487,23.533,23.502,23.456,23.479,23.495,23.564,23.556,23.586,23.571,23.586,23.625,23.678,23.648,23.709,23.755,23.777,23.777,23.808,23.854,23.93,23.899,23.998,24.075,24.067,24.09,24.211,24.204,24.227,24.265,24.287,24.31,24.363,24.371,24.416,24.462,24.47,24.5,24.56,24.583,24.583,24.606,24.629,24.651,24.666,24.689,24.757,24.78,24.78,24.893,24.923,24.976,25.052,25.067,25.119,25.18,25.195,25.202,25.21,25.292,25.292,25.315,25.383,25.413,25.383,25.375,25.383,25.405,25.435,25.443,25.405,25.39,25.36,25.308,25.353,25.172,25.217,25.149,25.112,25.014,25.014,24.961,24.931,24.954,24.886,24.863,24.84,24.908,24.893,24.893,24.931,24.923,24.946,24.946,24.961,24.991,24.991,25.006,25.014,25.014,25.029,25.097,25.142,25.142,25.149,25.195,25.217,25.232,25.3,25.3,25.308,25.308,25.292,25.323,25.33,25.292,25.255,25.247,25.27,25.315,25.308,25.315,25.315,25.33,25.338,25.383,25.428,25.435,25.435,25.48,25.51,25.488,25.608,25.698,25.832,25.84,26.087,26.034,26.697,27.266,27.237,27.193,27.193,27.156,27.126,27.126,27.104,27.089,27.067,27.082,27.06,27.074,27.06,27.119,27.141,27.193,27.237,27.296,27.333,27.399,27.421,27.451,27.414,27.362,27.407,26.867,25.42,25.255,25.27,25.247,25.247,25.285,25.353,25.375,25.57,25.608,25.788,25.75,25.96,26.452,26.437,26.541,26.749,26.971,26.904,27.104,27.111,27.333,27.311,27.414,27.436,27.429,27.384,27.348,27.281,27.17,27.067,26.971,26.838,26.585,26.489,26.444,26.243,26.176,25.945,25.915,25.683,25.638,25.518,25.435,25.413,25.368,25.368,25.345,25.345,25.39,25.375,25.405,25.435,25.473,25.518,25.54,25.593,25.653,25.69,25.773,25.728,25.847,26.034,26.34,26.355,26.6,26.712,27.583,28.623,28.623,28.615,28.586,28.506,28.506,28.433,28.404,28.389,27.605,25.683,25.45,25.48,25.48,25.435,25.428,25.428,25.45,25.458,25.473,25.525,25.525,25.57,25.608,25.615,25.69,25.922,26.049,26.154,26.191,26.265,26.318,26.422,26.414,26.444,26.459,26.429,26.489,26.459,26.459,26.481,26.504,26.541,26.541,26.608,26.63,26.63,26.615,26.6,26.518,26.474,26.347,26.251,26.094,25.967,25.87,25.75,25.555,25.57,25.533,25.435,25.405,25.405,25.435,25.383,25.51,25.525,25.698,25.75,26.004,26.116,26.392,26.407,26.526,26.615,26.652,26.808,26.875,26.956,27.023,27.03,27.067,27.133,27.156,27.2,27.229,27.222,27.252,27.259,27.266,27.303,27.303,27.384,27.392,27.488,27.524,27.546,27.539,27.546,27.532,27.524,27.517,27.51,27.524,27.473,27.458,27.488,27.488,27.451,27.458,27.458,27.458,27.443,27.436,27.399,27.34,27.333,27.222,27.141,27.067,27.008,26.993,26.763,26.741,26.652,26.533,26.511,26.459,26.422,26.407,26.392,26.399,26.37,26.355,26.347,26.318,26.295,26.303,26.325,26.318,26.429,26.526,26.615,26.63,26.749,26.712,26.8,26.8,26.971,26.926,26.971,27.111,27.082,27.126,27.148,27.156,27.2,27.193,27.193,27.207,27.178,27.222,27.229,27.229,27.244,27.222,27.222,27.141,27.06,27.045,26.978,26.875,26.83,26.793,26.704,26.466,26.414,26.258,26.109,25.945,25.87,25.638,25.563,25.398,25.375,25.225,25.165,25.149,25.089,25.082,25.067,25.052,25.112,25.127,25.24,25.967,26.333,26.347,26.325,26.265,26.31,26.154,25.818,25.119,24.825,24.719,24.576,24.53,24.454,24.439,24.394,24.409,24.379,24.394,24.401,24.439,24.454,24.485,24.598,24.576,24.659,24.666,24.682,24.712,24.757,24.772,24.803,24.848,24.863,24.878,24.908,24.931,24.961,25.021,25.074,25.112,25.195,25.24,25.33,25.308,25.368,25.398,25.503,25.563,25.578,25.593,25.6,25.623,25.63,25.63,25.638,25.66,25.66,25.653,25.653,25.623,25.578,25.555,25.548,25.51,25.465,25.443,25.413,25.36,25.315,25.292,25.285,25.27,25.255,25.247,25.232,25.27,25.27,25.353,25.36,25.435,25.952,26.183,26.541,26.786,27.252,27.613,27.686,27.782,28.104,28.148,28.185,28.229,28.17,28.185,28.199,28.016,27.943,27.98,27.87,27.848,27.848,27.892,28.075,28.104,28.046,28.119,28.134,28.09,27.767,27.62,27.465,27.362,27.163,26.867,26.697,26.429,26.004,25.877,25.803,25.735,25.638,25.548,25.48,25.405,25.368,25.27,25.285,25.255,25.285,25.368,25.217,25.202,25.165,25.187,25.134,25.134,25.127,25.089,25.059,25.029,25.006,24.961,24.916,24.901,24.871,24.84,24.765,24.682,24.704,24.568,24.553,24.538,24.545,24.56,24.576,24.576,24.591,24.855,24.901,24.855,24.257,24.166,24.09,23.991,23.877,23.808,23.8,23.8,23.777,23.762,23.732,23.716,23.655,23.671,23.693,23.724,23.762,23.739,23.747
,23.456,23.449,23.472,23.495,23.487,23.472,23.464,23.456,23.449,23.479,23.464,23.449,23.433,23.487,23.456,23.441,23.479,23.472,23.502,23.548,23.564,23.571,23.564,23.525,23.571,23.541,23.541,23.556,23.541,23.533,23.533,23.518,23.51,23.487,23.51,23.472,23.495,23.502,23.541,23.564,23.602,23.602,23.64,23.64,23.663,23.678,23.739,23.747,23.777,23.808,23.823,23.869,23.953,24.014,23.998,24.082,24.075,24.135,24.196,24.181,24.211,24.265,24.265,24.325,24.371,24.416,24.432,24.462,24.462,24.485,24.538,24.568,24.598,24.613,24.636,24.651,24.697,24.704,24.75,24.795,24.825,24.886,24.954,24.991,25.044,25.104,25.142,25.172,25.247,25.262,25.308,25.323,25.338,25.368,25.375,25.383,25.36,25.368,25.383,25.398,25.375,25.36,25.33,25.285,25.315,25.27,25.18,25.134,25.059,25.021,24.946,24.976,24.938,24.916,24.901,24.871,24.833,24.818,24.855,24.878,24.863,24.863,24.901,24.916,24.938,24.954,24.961,24.969,24.961,25.021,25.021,25.044,25.074,25.089,25.112,25.149,25.187,25.232,25.247,25.247,25.262,25.3,25.277,25.292,25.3,25.292,25.315,25.3,25.255,25.285,25.262,25.3,25.308,25.308,25.345,25.368,25.36,25.42,25.443,25.465,25.488,25.555,25.54,25.645,25.72,25.803,25.855,25.96,26.183,27.215,27.266,27.266,27.17,27.2,27.156,27.148,27.097,27.097,27.067,27.052,27.03,27.037,27.03,27.052,27.067,27.141,27.207,27.244,27.318,27.384,27.399,27.407,27.414,27.325,27.421,27.244,26.183,25.338,25.292,25.247,25.255,25.225,25.277,25.39,25.45,25.585,25.668,25.735,25.795,26.154,26.437,26.511,26.57,26.904,26.934,26.978,27.133,27.266,27.362,27.392,27.436,27.458,27.429,27.414,27.325,27.252,27.193,27.074,27.037,26.852,26.63,26.437,26.414,26.236,26.146,25.885,25.788,25.66,25.623,25.525,25.458,25.383,25.39,25.375,25.345,25.36,25.36,25.398,25.405,25.428,25.473,25.503,25.578,25.6,25.63,25.705,25.788,25.877,26.034,25.997,26.101,26.333,26.593,26.793,27.972,28.623,28.615,28.594,28.579,28.55,28.462,28.44,28.419,28.382,27.34,25.713,25.473,25.473,25.435,25.435,25.435,25.42,25.435,25.465,25.48,25.518,25.54,25.585,25.608,25.638,25.743,25.773,26.019,26.124,26.251,26.251,26.295,26.362,26.37,26.407,26.452,26.407,26.399,26.444,26.459,26.466,26.489,26.541,26.556,26.578,26.637,26.63,26.6,26.556,26.504,26.333,26.258,26.139,25.997,25.982,25.915,25.63,25.57,25.488,25.443,25.405,25.405,25.428,25.45,25.45,25.45,25.653,25.735,25.877,25.952,26.295,26.347,26.399,26.548,26.66,26.697,26.786,26.808,26.941,27.008,27.037,27.067,27.082,27.126,27.178,27.2,27.2,27.237,27.266,27.244,27.318,27.34,27.392,27.436,27.473,27.524,27.546,27.546,27.546,27.532,27.517,27.51,27.502,27.51,27.517,27.502,27.488,27.488,27.465,27.465,27.436,27.443,27.421,27.399,27.407,27.333,27.325,27.215,27.237,27.089,27.008,26.904,26.904,26.749,26.697,26.652,26.585,26.459,26.429,26.414,26.392,26.385,26.392,26.362,26.333,26.295,26.295,26.28,26.295,26.377,26.526,26.496,26.57,26.667,26.726,26.749,26.8,26.838,26.897,26.993,26.963,27.008,27.148,27.148,27.185,27.156,27.17,27.17,27.193,27.2,27.178,27.229,27.222,27.193,27.207,27.244,27.178,27.163,27.111,27.067,26.956,26.875,26.86,26.719,26.541,26.414,26.347,26.213,26.109,25.952,25.907,25.698,25.698,25.42,25.398,25.27,25.217,25.127,25.067,25.052,25.052,25.036,25.067,25.082,25.195,25.877,26.333,26.37,26.265,26.273,26.213,26.154,26.109,25.315,24.871,24.666,24.651,24.606,24.515,24.432,24.401,24.386,24.371,24.394,24.409,24.424,24.462,24.492,24.545,24.591,24.666,24.682,24.704,24.727,24.735,24.772,24.787,24.81,24.825,24.878,24.893,24.931,24.961,25.006,25.044,25.082,25.127,25.27,25.262,25.33,25.39,25.458,25.488,25.555,25.6,25.608,25.615,25.623,25.63,25.645,25.645,25.63,25.638,25.63,25.645,25.6,25.63,25.563,25.563,25.503,25.488,25.435,25.398,25.308,25.338,25.308,25.285,25.277,25.255,25.24,25.24,25.232,25.255,25.308,25.443,25.353,25.93,26.176,26.637,26.741,27.193,27.546,27.745,27.884,28.06,28.17,28.207,28.185,28.221,28.192,28.141,28.053,27.98,27.884,27.928,27.818,27.877,27.884,27.906,28.097,28.141,28.17,28.068,27.958,27.738,27.716,27.569,27.111,27.008,26.511,26.429,26.258,26.049,25.877,25.855,25.78,25.638,25.593,25.473,25.503,25.39,25.292,25.27,25.24,25.247,25.24,25.262,25.292,25.18,25.172,25.134,25.134,25.104,25.074,25.067,25.006,24.961,24.931,24.871,24.855,24.765,24.795,24.735,24.697,24.629,24.576,24.553,24.553,24.523,24.576,24.576,24.674,24.871,24.961,25.119,24.371,24.105,24.044,24.037,23.968,23.892,23.869,23.823,23.77,23.739,23.747,23.739,23.701,23.678,23.671,23.655,23.678,23.747,23.762,23.762
,23.418,23.441,23.479,23.487,23.441,23.433,23.456,23.441,23.441,23.456,23.472,23.426,23.441,23.433,23.426,23.433,23.479,23.472,23.525,23.502,23.594,23.518,23.564,23.502,23.602,23.518,23.533,23.502,23.533,23.502,23.518,23.472,23.51,23.533,23.495,23.51,23.449,23.51,23.525,23.579,23.594,23.586,23.632,23.648,23.663,23.671,23.747,23.671,23.793,23.8,23.846,23.892,23.96,23.998,24.029,24.067,24.105,24.113,24.135,24.189,24.219,24.204,24.31,24.31,24.363,24.386,24.416,24.447,24.454,24.47,24.492,24.545,24.553,24.598,24.621,24.613,24.659,24.704,24.75,24.78,24.84,24.871,24.893,25.029,25.006,25.074,25.157,25.187,25.232,25.262,25.285,25.3,25.368,25.338,25.33,25.338,25.368,25.375,25.353,25.405,25.323,25.285,25.277,25.232,25.217,25.165,25.089,25.044,25.036,24.991,24.976,24.908,24.908,24.84,24.818,24.848,24.818,24.818,24.78,24.871,24.803,24.833,24.878,24.893,24.908,24.946,24.931,24.984,24.984,24.999,25.014,25.044,25.052,25.082,25.134,25.149,25.18,25.195,25.217,25.262,25.277,25.285,25.3,25.315,25.308,25.292,25.3,25.292,25.285,25.277,25.285,25.255,25.277,25.315,25.33,25.368,25.36,25.435,25.443,25.48,25.525,25.563,25.653,25.638,25.69,25.862,25.9,26.161,26.243,27.244,27.259,27.259,27.2,27.193,27.156,27.119,27.126,27.089,27.06,27.03,27.023,27.03,27.037,27.052,27.133,27.119,27.215,27.274,27.318,27.37,27.392,27.392,27.407,27.392,27.303,27.089,25.57,25.308,25.277,25.277,25.255,25.27,25.36,25.39,25.405,25.555,25.66,25.81,25.818,26.079,26.362,26.504,26.652,26.897,26.971,27.008,27.17,27.274,27.325,27.414,27.429,27.48,27.465,27.384,27.377,27.274,27.178,27.119,26.882,26.815,26.697,26.541,26.251,26.124,26.154,25.81,25.78,25.668,25.548,25.525,25.45,25.435,25.39,25.345,25.345,25.345,25.36,25.39,25.398,25.435,25.473,25.525,25.578,25.593,25.713,25.735,25.81,25.818,25.945,26.139,26.221,26.392,26.474,27.023,27.987,28.623,28.623,28.608,28.586,28.521,28.47,28.433,28.419,28.331,27.576,25.645,25.525,25.488,25.39,25.443,25.435,25.435,25.443,25.48,25.495,25.518,25.563,25.6,25.593,25.668,25.765,25.96,25.975,26.094,26.183,26.258,26.333,26.288,26.392,26.362,26.37,26.362,26.392,26.399,26.407,26.422,26.481,26.518,26.585,26.593,26.63,26.615,26.593,26.518,26.385,26.355,26.221,26.116,26.004,25.952,25.803,25.653,25.593,25.518,25.428,25.42,25.42,25.405,25.428,25.495,25.473,25.675,25.615,25.69,26.027,26.094,26.273,26.392,26.556,26.726,26.734,26.8,26.934,26.978,26.986,27.03,27.067,27.097,27.119,27.17,27.163,27.207,27.222,27.252,27.274,27.34,27.348,27.421,27.429,27.465,27.502,27.51,27.532,27.532,27.502,27.517,27.502,27.495,27.517,27.517,27.517,27.51,27.48,27.48,27.465,27.407,27.443,27.421,27.407,27.384,27.348,27.266,27.17,27.148,27.17,26.986,26.86,26.771,26.734,26.712,26.556,26.526,26.444,26.429,26.407,26.392,26.385,26.377,26.34,26.34,26.318,26.28,26.288,26.295,26.31,26.362,26.496,26.518,26.645,26.682,26.778,26.815,26.897,26.919,26.941,27.008,27,27.089,27.163,27.163,27.2,27.2,27.2,27.2,27.215,27.178,27.2,27.215,27.185,27.207,27.207,27.178,27.17,27.104,27.045,27.015,26.912,26.808,26.667,26.66,26.518,26.496,26.198,26.101,26.064,25.9,25.608,25.638,25.473,25.36,25.277,25.18,25.149,25.089,25.059,25.044,25.036,25.067,25.097,25.149,25.323,26.288,26.28,26.288,26.228,26.191,26.161,26.109,25.608,24.878,24.742,24.636,24.576,24.53,24.462,24.439,24.401,24.371,24.401,24.401,24.416,24.416,24.5,24.538,24.56,24.606,24.666,24.704,24.735,24.772,24.81,24.81,24.825,24.84,24.855,24.878,24.886,24.976,24.938,25.052,25.134,25.112,25.187,25.277,25.33,25.315,25.428,25.503,25.57,25.6,25.608,25.623,25.63,25.66,25.638,25.638,25.638,25.653,25.63,25.653,25.63,25.653,25.54,25.585,25.503,25.518,25.465,25.443,25.398,25.323,25.262,25.277,25.27,25.24,25.232,25.232,25.247,25.315,25.277,25.345,25.488,25.93,26.221,26.541,26.815,27.067,27.303,27.767,27.855,28.112,28.163,28.155,28.163,28.177,28.155,28.046,28.016,27.936,27.914,27.906,27.855,27.943,28.06,28.104,28.134,28.148,28.163,28.053,27.936,27.789,27.686,27.473,27.362,26.971,26.8,26.504,26.399,26.109,25.93,25.877,25.63,25.615,25.585,25.375,25.398,25.345,25.33,25.285,25.255,25.27,25.24,25.277,25.262,25.187,25.202,25.134,25.097,25.082,25.082,25.029,24.984,24.961,24.886,24.84,24.803,24.787,24.719,24.735,24.591,24.591,24.576,24.568,24.545,24.576,24.621,24.689,24.878,24.833,25.149,24.938,24.341,24.211,24.014,23.93,23.915,23.938,23.884,23.808,23.747,23.777,23.762,23.724,23.709,23.716,23.716,23.724,23.724,23.77,23.701,23.671
,23.395,23.418,23.433,23.479,23.464,23.418,23.441,23.464,23.426,23.449,23.433,23.441,23.418,23.441,23.456,23.433,23.449,23.479,23.456,23.541,23.564,23.579,23.594,23.51,23.518,23.495,23.548,23.541,23.525,23.464,23.541,23.487,23.51,23.518,23.502,23.479,23.541,23.541,23.51,23.564,23.579,23.586,23.602,23.655,23.663,23.678,23.701,23.732,23.762,23.793,23.877,23.877,23.96,23.983,24.037,24.044,24.09,24.12,24.135,24.158,24.166,24.227,24.242,24.31,24.265,24.356,24.371,24.401,24.432,24.447,24.47,24.492,24.492,24.545,24.583,24.636,24.629,24.666,24.75,24.795,24.848,24.886,24.886,24.991,25.036,25.074,25.134,25.157,25.225,25.24,25.3,25.27,25.323,25.33,25.3,25.315,25.308,25.323,25.33,25.292,25.292,25.308,25.247,25.195,25.172,25.074,25.082,25.059,24.931,24.931,24.886,24.855,24.886,24.893,24.833,24.818,24.787,24.78,24.787,24.803,24.81,24.803,24.848,24.855,24.878,24.886,24.923,24.954,24.916,24.991,24.999,25.044,25.052,25.059,25.112,25.089,25.142,25.187,25.217,25.232,25.255,25.277,25.285,25.3,25.277,25.315,25.3,25.285,25.285,25.285,25.27,25.292,25.277,25.27,25.315,25.33,25.398,25.398,25.428,25.465,25.525,25.593,25.668,25.705,25.773,25.982,25.907,26.139,27.237,27.318,27.266,27.244,27.252,27.222,27.111,27.104,27.052,27.082,27.067,26.978,26.971,27.037,27,27.052,27.119,27.17,27.185,27.281,27.296,27.377,27.384,27.421,27.377,27.318,27.252,26.941,25.36,25.262,25.277,25.277,25.27,25.262,25.3,25.405,25.383,25.48,25.645,25.698,25.78,25.937,26.31,26.496,26.823,26.897,26.993,27.097,27.178,27.318,27.377,27.443,27.443,27.465,27.421,27.458,27.436,27.296,27.141,27.074,27.023,26.934,26.793,26.518,26.288,26.072,25.922,25.855,25.705,25.668,25.563,25.473,25.435,25.398,25.353,25.338,25.353,25.345,25.368,25.375,25.383,25.42,25.42,25.548,25.578,25.608,25.683,25.758,25.818,25.877,25.915,25.975,26.042,26.198,26.689,26.852,28.024,28.608,28.601,28.579,28.586,28.535,28.462,28.433,28.382,28.199,27.767,25.585,25.495,25.495,25.443,25.45,25.428,25.45,25.458,25.48,25.488,25.525,25.548,25.593,25.638,25.653,25.765,25.818,25.93,26.027,26.087,26.124,26.213,26.265,26.28,26.325,26.347,26.385,26.407,26.392,26.407,26.392,26.474,26.481,26.585,26.6,26.608,26.57,26.541,26.504,26.422,26.318,26.146,26.042,26.064,25.945,25.75,25.675,25.525,25.473,25.413,25.413,25.398,25.413,25.443,25.458,25.555,25.623,25.758,25.765,26.072,26.265,26.347,26.437,26.526,26.697,26.815,26.875,26.926,26.978,27.008,27.023,27.045,27.067,27.089,27.119,27.17,27.17,27.229,27.266,27.266,27.355,27.348,27.377,27.443,27.458,27.465,27.48,27.524,27.517,27.502,27.495,27.488,27.488,27.502,27.502,27.524,27.495,27.488,27.465,27.465,27.421,27.421,27.384,27.377,27.377,27.318,27.229,27.163,27.067,27.067,26.919,26.852,26.823,26.771,26.726,26.593,26.504,26.474,26.437,26.399,26.37,26.37,26.355,26.318,26.362,26.303,26.273,26.273,26.333,26.295,26.392,26.444,26.511,26.6,26.66,26.823,26.808,26.852,26.882,26.941,27,27.023,27.119,27.163,27.148,27.17,27.207,27.185,27.229,27.229,27.193,27.17,27.178,27.17,27.178,27.185,27.185,27.163,27.097,27.03,26.956,26.889,26.845,26.793,26.667,26.444,26.399,26.251,26.116,26.094,25.945,25.653,25.63,25.465,25.398,25.292,25.18,25.195,25.082,25.052,25.036,25.036,25.059,25.074,25.097,25.165,25.862,26.206,26.213,26.251,26.161,26.124,26.139,25.989,25.014,24.954,24.757,24.629,24.5,24.462,24.409,24.401,24.386,24.371,24.386,24.409,24.432,24.439,24.492,24.591,24.613,24.636,24.697,24.75,24.795,24.787,24.81,24.81,24.818,24.825,24.855,24.901,24.908,24.976,25.006,25.067,25.165,25.195,25.262,25.3,25.353,25.428,25.503,25.578,25.585,25.63,25.63,25.63,25.63,25.638,25.638,25.653,25.63,25.653,25.653,25.66,25.63,25.615,25.54,25.533,25.48,25.48,25.42,25.39,25.368,25.3,25.285,25.255,25.202,25.225,25.247,25.232,25.262,25.247,25.398,25.428,25.78,25.885,26.377,26.645,26.941,27.311,27.627,27.87,27.892,28.097,28.119,28.134,28.09,28.126,28.009,27.987,27.928,27.818,27.921,27.906,28.016,28.009,28.141,28.185,28.104,28.082,28.112,28.024,27.892,27.569,27.443,27.421,27.074,26.949,26.518,26.548,26.146,26.012,25.877,25.705,25.645,25.488,25.48,25.383,25.338,25.285,25.27,25.285,25.255,25.292,25.225,25.262,25.24,25.27,25.149,25.097,25.052,25.059,24.999,24.969,24.901,24.863,24.825,24.772,24.719,24.682,24.583,24.591,24.568,24.568,24.568,24.568,24.613,24.651,24.636,24.984,25.104,25.074,24.666,24.158,24.044,23.96,23.892,23.838,23.816,23.762,23.846,23.816,23.816,23.77,23.747,23.755,23.732,23.716,23.747,23.701,23.609,23.632,23.671
,23.426,23.449,23.495,23.464,23.456,23.418,23.441,23.433,23.449,23.441,23.441,23.456,23.472,23.464,23.487,23.479,23.51,23.487,23.533,23.571,23.548,23.571,23.579,23.548,23.525,23.541,23.541,23.541,23.502,23.518,23.51,23.487,23.51,23.495,23.502,23.51,23.495,23.518,23.487,23.533,23.564,23.571,23.602,23.625,23.632,23.678,23.693,23.732,23.762,23.808,23.861,23.899,23.953,23.976,23.998,24.029,24.059,24.044,24.105,24.158,24.181,24.189,24.242,24.257,24.31,24.265,24.341,24.371,24.416,24.432,24.447,24.477,24.5,24.545,24.568,24.591,24.621,24.629,24.689,24.772,24.803,24.878,24.878,24.954,25.014,25.052,25.134,25.187,25.202,25.24,25.225,25.27,25.323,25.308,25.3,25.292,25.277,25.277,25.255,25.255,25.24,25.232,25.165,25.134,25.157,25.082,24.984,24.923,24.908,24.908,24.871,24.855,24.855,24.833,24.855,24.795,24.78,24.75,24.757,24.795,24.765,24.787,24.795,24.787,24.855,24.893,24.946,24.938,24.961,24.991,24.991,25.029,25.044,25.067,25.097,25.119,25.142,25.157,25.165,25.202,25.247,25.247,25.277,25.27,25.285,25.285,25.3,25.3,25.285,25.277,25.247,25.277,25.24,25.232,25.292,25.36,25.413,25.405,25.45,25.495,25.495,25.585,25.638,25.735,25.825,25.877,25.885,26.429,27.252,27.281,27.259,27.244,27.244,27.141,27.082,27.067,27.104,26.978,27.045,26.949,26.949,27.008,27.008,27.008,27.104,27.156,27.215,27.281,27.318,27.348,27.407,27.384,27.377,27.377,27.2,26.66,25.428,25.33,25.285,25.292,25.255,25.285,25.39,25.405,25.51,25.51,25.608,25.735,25.758,26.116,26.474,26.608,26.622,27.037,27.037,27.074,27.133,27.274,27.355,27.407,27.458,27.473,27.502,27.451,27.407,27.296,27.325,27.148,26.897,26.838,26.585,26.474,26.295,26.146,25.975,25.78,25.728,25.645,25.54,25.45,25.435,25.36,25.36,25.315,25.323,25.323,25.315,25.368,25.39,25.405,25.503,25.525,25.548,25.585,25.623,25.72,25.728,25.922,25.945,26.049,26.146,26.31,26.548,26.956,28.06,28.579,28.594,28.579,28.557,28.564,28.477,28.419,28.382,28.236,27.015,25.758,25.495,25.473,25.473,25.42,25.465,25.458,25.473,25.503,25.488,25.518,25.548,25.593,25.638,25.75,25.803,25.9,25.9,26.034,26.094,26.146,26.183,26.228,26.28,26.288,26.34,26.34,26.34,26.422,26.347,26.459,26.422,26.474,26.593,26.615,26.593,26.563,26.504,26.504,26.355,26.28,26.243,26.079,26.049,25.907,25.803,25.705,25.525,25.465,25.398,25.398,25.405,25.42,25.45,25.48,25.54,25.653,25.945,25.915,26.094,26.221,26.399,26.474,26.6,26.682,26.734,26.86,26.867,26.963,26.986,27.015,27.023,27.06,27.074,27.119,27.133,27.17,27.252,27.289,27.318,27.34,27.355,27.384,27.407,27.458,27.473,27.48,27.502,27.532,27.502,27.51,27.48,27.48,27.502,27.495,27.48,27.48,27.473,27.443,27.421,27.392,27.392,27.392,27.37,27.355,27.325,27.303,27.163,27.089,27,26.956,26.852,26.793,26.756,26.719,26.6,26.481,26.466,26.429,26.385,26.347,26.333,26.318,26.318,26.31,26.273,26.258,26.258,26.288,26.295,26.34,26.526,26.511,26.652,26.734,26.8,26.83,26.86,26.889,26.941,27.03,27.023,27.133,27.097,27.141,27.148,27.17,27.2,27.229,27.244,27.222,27.193,27.185,27.178,27.185,27.185,27.178,27.163,27.156,27.074,27.015,26.875,26.793,26.771,26.697,26.563,26.377,26.183,26.176,26.139,25.952,25.6,25.578,25.51,25.458,25.195,25.172,25.089,25.059,25.036,25.036,25.036,25.044,25.074,25.097,25.262,25.63,26.169,26.198,26.183,26.191,26.101,26.258,25.885,25.548,25.059,24.742,24.735,24.515,24.477,24.424,24.379,24.356,24.371,24.348,24.394,24.439,24.424,24.507,24.5,24.621,24.674,24.682,24.719,24.795,24.787,24.81,24.818,24.81,24.848,24.878,24.908,24.931,24.961,24.976,25.059,25.142,25.217,25.247,25.292,25.428,25.368,25.473,25.585,25.593,25.63,25.638,25.638,25.645,25.645,25.653,25.645,25.66,25.675,25.66,25.645,25.653,25.623,25.585,25.533,25.51,25.48,25.503,25.428,25.39,25.323,25.292,25.255,25.255,25.217,25.225,25.262,25.232,25.27,25.27,25.555,25.758,26.273,26.444,26.608,26.941,27.598,27.738,27.877,28.024,28.06,28.082,28.119,28.126,28.112,27.987,27.943,27.928,27.928,27.906,27.914,28.068,28.134,28.17,28.177,28.185,28.141,28.075,27.994,27.833,27.877,27.524,27.392,27.023,26.786,26.674,26.429,26.28,26.064,25.907,25.668,25.638,25.615,25.473,25.458,25.353,25.338,25.292,25.27,25.277,25.255,25.285,25.18,25.217,25.187,25.172,25.142,25.059,24.999,24.976,24.931,24.795,24.787,24.712,24.712,24.629,24.568,24.56,24.538,24.53,24.583,24.56,24.568,24.636,24.613,24.946,25.202,25.195,24.893,24.31,24.113,24.037,23.922,23.869,23.877,23.854,23.816,23.823,23.831,23.8,23.816,23.755,23.755,23.732,23.739,23.716,23.709,23.686,23.709,23.709
,23.372,23.441,23.449,23.426,23.433,23.449,23.426,23.449,23.426,23.426,23.441,23.449,23.479,23.456,23.487,23.464,23.495,23.487,23.51,23.533,23.579,23.541,23.564,23.548,23.533,23.518,23.533,23.518,23.479,23.495,23.495,23.479,23.487,23.51,23.472,23.487,23.456,23.487,23.541,23.548,23.541,23.586,23.602,23.602,23.648,23.586,23.716,23.747,23.755,23.8,23.823,23.884,23.938,23.938,23.976,24.006,24.044,24.052,24.082,24.143,24.166,24.211,24.257,24.265,24.295,24.295,24.325,24.348,24.379,24.416,24.432,24.447,24.485,24.523,24.523,24.598,24.651,24.674,24.727,24.75,24.833,24.855,24.923,24.946,25.036,25.059,25.127,25.149,25.217,25.255,25.292,25.277,25.285,25.277,25.308,25.292,25.255,25.255,25.24,25.225,25.217,25.21,25.172,25.142,25.059,25.021,24.954,24.893,24.878,24.871,24.84,24.833,24.825,24.81,24.825,24.803,24.78,24.772,24.742,24.742,24.742,24.772,24.787,24.818,24.848,24.871,24.916,24.931,24.954,24.984,24.991,25.014,25.044,25.044,25.074,25.097,25.112,25.127,25.165,25.21,25.217,25.225,25.262,25.262,25.292,25.277,25.277,25.255,25.255,25.247,25.247,25.232,25.232,25.24,25.292,25.33,25.368,25.413,25.413,25.488,25.51,25.645,25.645,25.75,25.832,25.915,26.049,26.466,27.274,27.259,27.289,27.237,27.178,27.141,27.082,27.037,27.015,26.978,27,26.978,27,27.015,26.993,26.993,27.023,27.141,27.237,27.259,27.303,27.34,27.362,27.37,27.436,27.37,27.237,26.429,25.353,25.3,25.3,25.292,25.285,25.353,25.383,25.435,25.488,25.518,25.63,25.855,26.109,26.221,26.385,26.608,26.897,27.067,27.082,27.082,27.193,27.281,27.355,27.429,27.458,27.495,27.465,27.429,27.465,27.37,27.259,27.06,26.993,26.719,26.518,26.37,26.318,26.101,25.922,25.847,25.75,25.63,25.54,25.465,25.405,25.368,25.345,25.308,25.338,25.33,25.368,25.383,25.323,25.443,25.473,25.525,25.578,25.578,25.638,25.743,25.78,25.862,25.907,26.034,26.079,26.221,26.66,27.163,28.053,28.579,28.601,28.564,28.564,28.499,28.455,28.36,28.346,28.075,27.141,25.578,25.488,25.458,25.458,25.465,25.45,25.443,25.465,25.51,25.495,25.473,25.518,25.57,25.563,25.675,25.773,25.795,25.9,25.982,26.042,26.139,26.146,26.221,26.221,26.258,26.295,26.318,26.31,26.355,26.399,26.34,26.481,26.541,26.578,26.57,26.593,26.556,26.541,26.533,26.318,26.295,26.221,26.094,26.004,25.892,25.818,25.6,25.51,25.465,25.435,25.39,25.383,25.413,25.435,25.48,25.503,25.57,25.645,25.922,26.064,26.228,26.429,26.511,26.578,26.726,26.808,26.845,26.934,26.941,26.971,27.023,27.052,27.052,27.082,27.111,27.133,27.193,27.244,27.274,27.311,27.333,27.414,27.429,27.436,27.429,27.451,27.458,27.48,27.51,27.488,27.51,27.488,27.488,27.48,27.488,27.465,27.473,27.465,27.451,27.414,27.407,27.399,27.37,27.355,27.34,27.325,27.259,27.133,27.097,27.015,26.897,26.86,26.793,26.726,26.704,26.518,26.518,26.452,26.414,26.37,26.34,26.31,26.318,26.295,26.273,26.273,26.258,26.258,26.265,26.288,26.347,26.399,26.511,26.563,26.704,26.778,26.778,26.86,26.897,26.934,27.008,27.045,27.06,27.119,27.141,27.156,27.2,27.2,27.215,27.229,27.207,27.207,27.185,27.178,27.178,27.185,27.193,27.163,27.141,27.06,27.06,26.889,26.852,26.726,26.697,26.578,26.496,26.251,26.206,26.094,25.952,25.63,25.518,25.473,25.398,25.33,25.119,25.112,25.074,25.036,25.036,25.036,25.036,25.074,25.097,25.247,25.81,26.116,26.154,26.154,26.146,26.131,26.154,26.124,25.72,24.901,24.682,24.598,24.553,24.447,24.416,24.401,24.348,24.356,24.379,24.386,24.394,24.424,24.507,24.591,24.598,24.621,24.682,24.719,24.735,24.787,24.765,24.818,24.818,24.833,24.871,24.871,24.938,24.976,25.029,24.984,25.104,25.187,25.27,25.277,25.405,25.398,25.495,25.563,25.563,25.638,25.638,25.623,25.645,25.638,25.638,25.653,25.638,25.668,25.66,25.638,25.638,25.615,25.555,25.563,25.51,25.473,25.473,25.413,25.443,25.345,25.308,25.232,25.195,25.187,25.247,25.262,25.27,25.36,25.315,25.465,25.743,26.198,26.414,26.8,27.333,27.451,27.767,27.84,28.009,28.031,28.09,28.112,28.068,28.053,27.943,27.943,27.928,27.928,27.965,28.016,28.009,28.119,28.163,28.185,28.185,28.177,28.155,28.046,27.848,27.84,27.473,27.281,27.037,26.852,26.57,26.377,26.206,25.87,25.818,25.653,25.593,25.428,25.488,25.458,25.383,25.36,25.338,25.277,25.27,25.232,25.277,25.24,25.232,25.157,25.172,25.112,25.067,24.991,24.938,24.886,24.878,24.757,24.553,24.727,24.53,24.591,24.56,24.538,24.56,24.523,24.56,24.742,24.765,24.757,25.247,25.165,24.976,24.462,24.067,24.052,23.953,23.899,23.854,23.892,23.831,23.747,23.808,23.823,23.777,23.77,23.739,23.739,23.755,23.709,23.693,23.709,23.709,23.686,23.663
,23.38,23.472,23.464,23.441,23.433,23.433,23.449,23.456,23.449,23.449,23.441,23.441,23.472,23.487,23.487,23.502,23.487,23.502,23.525,23.564,23.548,23.525,23.51,23.525,23.541,23.533,23.533,23.518,23.518,23.495,23.502,23.487,23.502,23.51,23.502,23.51,23.464,23.487,23.502,23.556,23.556,23.579,23.594,23.648,23.686,23.678,23.739,23.762,23.755,23.793,23.854,23.884,23.93,23.922,23.953,23.983,24.006,24.052,24.067,24.097,24.151,24.189,24.219,24.257,24.272,24.295,24.303,24.348,24.341,24.416,24.447,24.447,24.462,24.5,24.553,24.56,24.651,24.674,24.719,24.742,24.787,24.825,24.878,24.984,25.014,25.067,25.112,25.134,25.18,25.232,25.292,25.285,25.27,25.24,25.277,25.285,25.24,25.225,25.217,25.202,25.202,25.187,25.149,25.089,25.044,24.969,24.931,24.893,24.855,24.84,24.818,24.81,24.81,24.795,24.81,24.787,24.78,24.765,24.727,24.735,24.742,24.757,24.78,24.765,24.833,24.863,24.901,24.923,24.916,24.969,24.991,25.021,25.044,25.052,25.074,25.074,25.097,25.119,25.149,25.187,25.232,25.21,25.225,25.255,25.262,25.262,25.255,25.247,25.255,25.247,25.247,25.247,25.255,25.27,25.292,25.315,25.36,25.428,25.45,25.488,25.533,25.63,25.743,25.743,25.855,25.982,26.34,27.148,27.266,27.252,27.237,27.222,27.17,27.17,27.133,27.037,27.03,27,26.956,26.949,26.993,26.993,27.015,27.023,27.082,27.082,27.215,27.244,27.311,27.355,27.377,27.348,27.311,27.303,27.126,26.295,25.323,25.277,25.285,25.262,25.3,25.338,25.383,25.45,25.465,25.57,25.698,25.728,26.049,26.072,26.481,26.919,26.926,27.03,27.067,27.119,27.244,27.274,27.348,27.407,27.443,27.488,27.473,27.443,27.37,27.311,27.229,27.111,27.052,26.897,26.518,26.437,26.228,26.079,25.855,25.795,25.638,25.615,25.54,25.428,25.375,25.338,25.345,25.33,25.3,25.33,25.368,25.383,25.375,25.443,25.45,25.495,25.548,25.563,25.585,25.69,25.773,25.885,25.945,26.087,26.034,26.206,26.437,27.037,28.046,28.55,28.557,28.557,28.521,28.528,28.419,28.375,28.28,28.134,27.008,25.668,25.48,25.48,25.458,25.465,25.465,25.495,25.473,25.458,25.48,25.48,25.54,25.563,25.608,25.653,25.75,25.773,25.922,26.012,26.057,26.116,26.131,26.176,26.191,26.236,26.265,26.273,26.347,26.355,26.444,26.459,26.511,26.533,26.526,26.563,26.57,26.578,26.511,26.489,26.347,26.288,26.236,26.079,25.982,25.945,25.81,25.675,25.593,25.473,25.405,25.39,25.42,25.39,25.443,25.488,25.533,25.638,25.735,25.743,26.049,26.213,26.333,26.511,26.585,26.66,26.786,26.808,26.912,26.956,26.971,27.015,27.037,27.052,27.089,27.097,27.141,27.2,27.252,27.296,27.311,27.318,27.348,27.377,27.414,27.421,27.443,27.465,27.495,27.488,27.495,27.517,27.48,27.48,27.458,27.458,27.473,27.473,27.465,27.429,27.414,27.421,27.377,27.362,27.348,27.311,27.311,27.215,27.193,27.052,26.993,26.971,26.875,26.823,26.756,26.66,26.6,26.548,26.452,26.414,26.362,26.333,26.31,26.325,26.288,26.273,26.273,26.251,26.221,26.265,26.288,26.34,26.399,26.533,26.541,26.615,26.749,26.823,26.838,26.875,26.941,26.993,27.023,27.03,27.119,27.111,27.141,27.163,27.215,27.207,27.215,27.2,27.207,27.185,27.178,27.178,27.178,27.163,27.097,27.163,27.089,27.074,26.919,26.838,26.889,26.719,26.533,26.333,26.265,26.109,26.109,25.885,25.615,25.623,25.488,25.42,25.323,25.097,25.067,25.067,25.044,25.036,25.014,25.014,25.021,25.036,25.104,25.345,26.109,26.116,26.154,26.154,26.161,26.131,26.101,25.9,25.255,24.795,24.735,24.553,24.5,24.47,24.409,24.371,24.356,24.386,24.379,24.401,24.439,24.492,24.621,24.644,24.682,24.704,24.697,24.735,24.787,24.772,24.833,24.833,24.833,24.848,24.916,24.938,24.938,24.984,25.036,25.112,25.134,25.187,25.27,25.3,25.353,25.503,25.548,25.585,25.593,25.638,25.638,25.638,25.638,25.653,25.66,25.66,25.668,25.653,25.675,25.645,25.615,25.578,25.525,25.518,25.51,25.495,25.435,25.39,25.383,25.368,25.315,25.232,25.202,25.225,25.225,25.285,25.285,25.36,25.638,25.683,26.087,26.31,26.489,27.119,27.215,27.436,27.884,27.943,27.994,28.031,28.082,28.097,28.097,27.994,27.921,27.928,27.914,27.936,27.972,28.06,28.126,28.155,28.192,28.192,28.155,28.155,28.031,27.855,27.774,27.429,27.281,27.082,26.726,26.712,26.228,26.154,25.922,25.788,25.675,25.578,25.563,25.48,25.368,25.345,25.33,25.338,25.262,25.277,25.285,25.292,25.24,25.187,25.18,25.149,25.119,25.036,24.969,24.916,24.78,24.727,24.689,24.682,24.674,24.576,24.583,24.56,24.523,24.576,24.56,24.545,24.576,24.697,25.18,25.398,25.21,24.242,24.173,24.151,24.044,23.93,23.861,23.869,23.831,23.8,23.793,23.823,23.777,23.785,23.793,23.709,23.724,23.732,23.747,23.724,23.747,23.701,23.701,23.716,

